CPU17 13.537402 93755 spotrf spotrf CPU -1 93795 40
CPU9 30.713946 93756 strsm strsm CUDA0 3.066640 93796 40
CPU11 34.643062 93757 strsm strsm CUDA2 3.194204 93797 40
CPU14 30.871234 93758 strsm strsm CUDA3 3.282012 93798 40
CPU3 30.353960 93759 strsm strsm CUDA0 3.247846 93799 40
CPU6 31.067218 93760 strsm strsm CUDA2 3.496635 93800 40
CPU19 30.362438 93761 strsm strsm CUDA1 3.260459 93801 40
CPU15 30.953471 93762 strsm strsm CUDA0 5.501360 93802 40
CPU10 33.091490 93763 strsm strsm CUDA2 28.007416 93803 40
CPU13 28.786144 93764 strsm strsm CUDA0 0.094228 93804 40
CPU7 30.878839 93765 strsm strsm CUDA2 9.455072 93805 40
CPU2 30.717471 93766 strsm strsm CUDA3 4.422798 93806 40
CPU18 30.416611 93767 strsm strsm CUDA1 3.833849 93807 40
CPU12 40.746135 93768 strsm strsm CUDA0 4.808913 93808 40
CPU1 30.285555 93769 strsm strsm CUDA2 0.172383 93809 40
CPU4 31.091659 93770 strsm strsm CUDA1 2.930875 93810 40
CPU8 30.253014 93771 strsm strsm CUDA3 2.693221 93811 40
CPU5 30.562149 93772 strsm strsm CUDA0 3.003851 93812 40
CPU0 30.911621 93773 strsm strsm CUDA2 0.211295 93813 40
CPU16 30.254612 93774 strsm strsm CUDA1 4.550729 93814 40
CPU17 30.796583 93775 strsm strsm CUDA3 2.852298 93815 40
CPU17 30.456229 93776 strsm strsm CUDA0 0.040513 93816 40
CPU16 30.199165 93777 strsm strsm CUDA2 2.668586 93817 40
CPU17 30.318032 93778 strsm strsm CUDA1 2.878486 93818 40
CPU17 30.611034 93779 strsm strsm CUDA3 0.061362 93819 40
CPU17 30.428507 93780 strsm strsm CUDA0 2.819472 93820 40
CPU13 30.668975 93781 strsm strsm CUDA2 0.294506 93821 40
CPU14 30.580983 93782 strsm strsm CUDA1 2.851779 93822 40
CPU16 30.350298 93783 strsm strsm CUDA0 3.023338 93823 40
CPU17 30.400527 93784 strsm strsm CUDA3 0.189584 93824 40
CPU17 30.526622 93785 strsm strsm CUDA2 2.872083 93825 40
CPU17 30.341434 93786 strsm strsm CUDA1 2.901748 93826 40
CPU17 30.589802 93787 strsm strsm CUDA0 3.078318 93827 40
CPU17 30.409289 93788 strsm strsm CUDA2 2.977842 93828 40
CPU11 30.266422 93789 strsm strsm CUDA3 0.063220 93829 40
CPU17 30.373931 93790 strsm strsm CUDA1 0.413818 93830 40
CPU17 30.577607 93791 strsm strsm CUDA0 2.935868 93831 40
CPU3 30.421614 93792 strsm strsm CUDA2 2.877238 93832 40
CPU17 30.508583 93793 strsm strsm CUDA3 0.871642 93833 40
CPU17 30.423204 93794 strsm strsm CUDA1 0.852695 93834 40
CPU17 30.632940 93795 strsm strsm CUDA2 2.857101 93835 40
CPU19 30.368609 93796 strsm strsm CUDA0 2.873643 93836 40
CPU7 30.676496 93797 strsm strsm CUDA3 2.975737 93837 40
CPU17 30.395022 93798 strsm strsm CUDA1 2.803717 93838 40
CPU17 30.644338 93799 strsm strsm CUDA2 2.972401 93839 40
CPU12 30.407523 93800 strsm strsm CUDA0 3.070540 93840 40
CPU15 30.113276 93801 strsm strsm CUDA3 3.137965 93841 40
CPU17 30.384890 93802 strsm strsm CUDA1 12.892377 93842 40
CPU17 30.636205 93803 strsm strsm CUDA2 3.072234 93843 40
CPU1 30.321191 93804 strsm strsm CUDA0 2.865986 93844 40
CPU9 27.153439 93807 ssyrk ssyrk CUDA0 0.919090 93847 40
CPU11 47.783122 93808 sgemm sgemm CUDA2 1.318618 93848 40
CPU13 49.562653 93809 sgemm sgemm CUDA3 0.964443 93849 40
CPU9 45.342525 93810 sgemm sgemm CUDA0 0.922855 93850 40
CPU6 44.621737 93811 sgemm sgemm CUDA2 1.042932 93851 40
CPU8 45.265226 93812 sgemm sgemm CUDA1 6.271301 93852 40
CPU15 44.829749 93813 sgemm sgemm CUDA0 7.610769 93853 40
CPU10 50.649439 93814 sgemm sgemm CUDA2 1.173292 93854 40
CPU9 44.969991 93815 sgemm sgemm CUDA0 1.290704 93855 40
CPU7 44.432943 93816 sgemm sgemm CUDA2 11.844283 93856 40
CPU2 45.025013 93817 sgemm sgemm CUDA3 1.220235 93857 40
CPU8 45.045379 93818 sgemm sgemm CUDA1 1.051486 93858 40
CPU12 50.820841 93819 sgemm sgemm CUDA0 1.048144 93859 40
CPU9 44.958631 93820 sgemm sgemm CUDA2 0.852272 93860 40
CPU4 44.642632 93821 sgemm sgemm CUDA1 1.157142 93861 40
CPU9 45.054825 93822 sgemm sgemm CUDA3 0.991468 93862 40
CPU9 45.340892 93823 sgemm sgemm CUDA0 0.995078 93863 40
CPU0 44.664890 93824 sgemm sgemm CUDA2 1.001369 93864 40
CPU9 45.211553 93825 sgemm sgemm CUDA1 1.190120 93865 40
CPU17 45.196363 93826 sgemm sgemm CUDA3 1.134189 93866 40
CPU17 45.009833 93827 sgemm sgemm CUDA0 3.774932 93867 40
CPU16 44.777971 93828 sgemm sgemm CUDA2 0.991126 93868 40
CPU17 44.820912 93829 sgemm sgemm CUDA1 1.160521 93869 40
CPU17 44.924864 93830 sgemm sgemm CUDA3 1.216949 93870 40
CPU17 44.846559 93831 sgemm sgemm CUDA0 0.103975 93871 40
CPU13 44.812578 93832 sgemm sgemm CUDA2 1.003957 93872 40
CPU14 44.623708 93833 sgemm sgemm CUDA1 0.066003 93873 40
CPU16 44.951354 93834 sgemm sgemm CUDA0 0.994044 93874 40
CPU17 44.666879 93835 sgemm sgemm CUDA3 12.844841 93875 40
CPU17 44.798738 93836 sgemm sgemm CUDA2 1.167954 93876 40
CPU17 44.663491 93837 sgemm sgemm CUDA1 10.534468 93877 40
CPU17 44.947911 93838 sgemm sgemm CUDA0 1.313125 93878 40
CPU12 44.869178 93839 sgemm sgemm CUDA2 0.316501 93879 40
CPU11 44.847358 93840 sgemm sgemm CUDA3 1.217418 93880 40
CPU19 44.634066 93841 sgemm sgemm CUDA1 0.121941 93881 40
CPU12 45.011900 93842 sgemm sgemm CUDA0 1.020966 93882 40
CPU4 45.033651 93843 sgemm sgemm CUDA2 12.294378 93883 40
CPU17 44.813195 93844 sgemm sgemm CUDA3 1.048923 93884 40
CPU17 44.867847 93845 sgemm sgemm CUDA1 1.046118 93885 40
CPU11 45.053399 93846 sgemm sgemm CUDA2 1.046833 93886 40
CPU19 44.725828 93847 sgemm sgemm CUDA0 1.001319 93887 40
CPU7 45.014581 93848 sgemm sgemm CUDA3 12.448427 93888 40
CPU17 44.710483 93849 sgemm sgemm CUDA1 1.213162 93889 40
CPU17 45.121491 93850 sgemm sgemm CUDA2 1.150023 93890 40
CPU10 44.777673 93851 sgemm sgemm CUDA0 1.323935 93891 40
CPU15 44.732293 93852 sgemm sgemm CUDA3 1.162409 93892 40
CPU2 45.079161 93853 sgemm sgemm CUDA1 1.007932 93893 40
CPU17 45.035186 93854 sgemm sgemm CUDA2 1.011760 93894 40
CPU1 45.216786 93855 sgemm sgemm CUDA0 1.215922 93895 40
CPU11 28.351417 93858 ssyrk ssyrk CUDA1 1.000189 93898 40
CPU11 74.042456 93859 sgemm sgemm CUDA3 0.999021 93899 40
CPU11 74.476208 93860 sgemm sgemm CUDA1 2.026601 93900 40
CPU11 74.367928 93861 sgemm sgemm CUDA2 1.168463 93901 40
CPU11 74.005715 93862 sgemm sgemm CUDA1 4.605039 93902 40
CPU18 45.049759 93863 sgemm sgemm CUDA2 1.079106 93903 40
CPU10 45.172899 93864 sgemm sgemm CUDA2 1.463027 93904 40
CPU4 44.900749 93865 sgemm sgemm CUDA0 1.221027 93905 40
CPU2 44.873298 93866 sgemm sgemm CUDA2 1.156582 93906 40
CPU0 45.062712 93867 sgemm sgemm CUDA3 0.993192 93907 40
CPU9 44.704589 93868 sgemm sgemm CUDA1 12.124664 93908 40
CPU12 45.178812 93869 sgemm sgemm CUDA0 1.051658 93909 40
CPU10 45.224395 93870 sgemm sgemm CUDA2 1.047741 93910 40
CPU8 44.894703 93871 sgemm sgemm CUDA1 1.046286 93911 40
CPU11 55.811258 93872 sgemm sgemm CUDA3 1.217181 93912 40
CPU11 44.963681 93873 sgemm sgemm CUDA0 0.990776 93913 40
CPU11 45.079741 93874 sgemm sgemm CUDA2 1.173908 93914 40
CPU11 44.798589 93875 sgemm sgemm CUDA1 1.164541 93915 40
CPU11 45.280381 93876 sgemm sgemm CUDA2 1.161837 93916 40
CPU17 45.214489 93877 sgemm sgemm CUDA0 0.045272 93917 40
CPU16 45.029909 93878 sgemm sgemm CUDA2 1.164079 93918 40
CPU17 44.945273 93879 sgemm sgemm CUDA1 1.193896 93919 40
CPU17 45.355232 93880 sgemm sgemm CUDA3 0.986492 93920 40
CPU17 44.758950 93881 sgemm sgemm CUDA0 1.308699 93921 40
CPU13 45.190297 93882 sgemm sgemm CUDA2 1.156738 93922 40
CPU14 45.022104 93883 sgemm sgemm CUDA1 1.157680 93923 40
CPU16 45.254428 93884 sgemm sgemm CUDA0 1.237708 93924 40
CPU17 45.074410 93885 sgemm sgemm CUDA3 1.163108 93925 40
CPU17 45.218239 93886 sgemm sgemm CUDA2 1.166275 93926 40
CPU17 44.876217 93887 sgemm sgemm CUDA1 1.001748 93927 40
CPU17 45.240037 93888 sgemm sgemm CUDA2 11.781952 93928 40
CPU17 45.112871 93889 sgemm sgemm CUDA2 1.175439 93929 40
CPU11 45.012030 93890 sgemm sgemm CUDA3 1.169558 93930 40
CPU17 44.957436 93891 sgemm sgemm CUDA1 1.008204 93931 40
CPU17 45.454135 93892 sgemm sgemm CUDA0 1.011381 93932 40
CPU8 44.757520 93893 sgemm sgemm CUDA2 1.018632 93933 40
CPU14 45.123381 93894 sgemm sgemm CUDA3 1.173723 93934 40
CPU15 44.812834 93895 sgemm sgemm CUDA1 1.170153 93935 40
CPU17 45.481541 93896 sgemm sgemm CUDA2 0.238049 93936 40
CPU18 44.979265 93897 sgemm sgemm CUDA0 1.048511 93937 40
CPU0 44.952743 93898 sgemm sgemm CUDA3 12.153827 93938 40
CPU17 45.099134 93899 sgemm sgemm CUDA1 1.000927 93939 40
CPU17 45.266826 93900 sgemm sgemm CUDA2 12.314885 93940 40
CPU12 45.602369 93901 sgemm sgemm CUDA0 12.689435 93941 40
CPU13 45.069028 93902 sgemm sgemm CUDA3 1.242734 93942 40
CPU17 45.188471 93903 sgemm sgemm CUDA1 1.175540 93943 40
CPU17 45.347916 93904 sgemm sgemm CUDA2 0.061786 93944 40
CPU1 44.812061 93905 sgemm sgemm CUDA0 1.185914 93945 40
CPU14 26.476633 93908 ssyrk ssyrk CUDA3 0.464917 93948 40
CPU14 44.988961 93909 sgemm sgemm CUDA3 0.065191 93949 40
CPU6 45.244518 93910 sgemm sgemm CUDA3 1.057976 93950 40
CPU14 44.924499 93911 sgemm sgemm CUDA1 0.048785 93951 40
CPU15 44.574240 93912 sgemm sgemm CUDA2 0.055581 93952 40
CPU10 45.081660 93913 sgemm sgemm CUDA2 1.072695 93953 40
CPU14 44.917149 93914 sgemm sgemm CUDA2 1.158557 93954 40
CPU7 45.195937 93915 sgemm sgemm CUDA2 1.221835 93955 40
CPU13 44.719541 93916 sgemm sgemm CUDA3 0.968850 93956 40
CPU14 45.024769 93917 sgemm sgemm CUDA3 0.069805 93957 40
CPU12 44.790361 93918 sgemm sgemm CUDA0 0.224712 93958 40
CPU14 45.075989 93919 sgemm sgemm CUDA2 1.000715 93959 40
CPU4 45.047532 93920 sgemm sgemm CUDA1 1.226632 93960 40
CPU13 44.914962 93921 sgemm sgemm CUDA3 1.171724 93961 40
CPU14 44.786206 93922 sgemm sgemm CUDA0 1.325374 93962 40
CPU0 45.195856 93923 sgemm sgemm CUDA2 1.199216 93963 40
CPU13 44.763288 93924 sgemm sgemm CUDA3 0.049400 93964 40
CPU17 45.244477 93925 sgemm sgemm CUDA2 1.514869 93965 40
CPU17 45.056408 93926 sgemm sgemm CUDA0 1.219025 93966 40
CPU16 44.790066 93927 sgemm sgemm CUDA2 0.980997 93967 40
CPU17 44.595491 93928 sgemm sgemm CUDA1 1.154346 93968 40
CPU16 44.901272 93929 sgemm sgemm CUDA3 1.048075 93969 40
CPU17 44.918103 93930 sgemm sgemm CUDA0 1.162861 93970 40
CPU13 44.884519 93931 sgemm sgemm CUDA2 0.988646 93971 40
CPU14 44.840018 93932 sgemm sgemm CUDA1 12.518791 93972 40
CPU15 44.831461 93933 sgemm sgemm CUDA0 1.163468 93973 40
CPU17 44.845347 93934 sgemm sgemm CUDA3 0.066533 93974 40
CPU17 44.936610 93935 sgemm sgemm CUDA2 1.002327 93975 40
CPU12 44.690863 93936 sgemm sgemm CUDA1 1.164343 93976 40
CPU13 44.949734 93937 sgemm sgemm CUDA2 1.002447 93977 40
CPU6 45.284483 93938 sgemm sgemm CUDA2 1.178858 93978 40
CPU11 44.875727 93939 sgemm sgemm CUDA3 1.231645 93979 40
CPU17 45.023688 93940 sgemm sgemm CUDA1 1.003372 93980 40
CPU12 45.194387 93941 sgemm sgemm CUDA0 1.169166 93981 40
CPU5 44.392757 93942 sgemm sgemm CUDA2 1.009837 93982 40
CPU17 44.913910 93943 sgemm sgemm CUDA0 1.018926 93983 40
CPU13 45.019923 93944 sgemm sgemm CUDA0 1.047629 93984 40
CPU17 45.044913 93945 sgemm sgemm CUDA2 0.999128 93985 40
CPU18 44.665217 93946 sgemm sgemm CUDA0 1.049872 93986 40
CPU3 44.980481 93947 sgemm sgemm CUDA3 1.172760 93987 40
CPU17 44.830543 93948 sgemm sgemm CUDA1 1.008759 93988 40
CPU16 45.163455 93949 sgemm sgemm CUDA2 12.989340 93989 40
CPU12 45.318451 93950 sgemm sgemm CUDA0 1.007026 93990 40
CPU14 45.024211 93951 sgemm sgemm CUDA3 1.004514 93991 40
CPU17 44.935968 93952 sgemm sgemm CUDA1 0.102590 93992 40
CPU17 45.142518 93953 sgemm sgemm CUDA2 1.006124 93993 40
CPU1 44.960178 93954 sgemm sgemm CUDA0 1.006196 93994 40
CPU3 26.289151 93957 ssyrk ssyrk CUDA1 0.486769 93997 40
CPU6 45.157208 93958 sgemm sgemm CUDA1 2.474619 93998 40
CPU3 45.283031 93959 sgemm sgemm CUDA1 1.216628 93999 40
CPU15 44.786459 93960 sgemm sgemm CUDA0 0.989078 94000 40
CPU10 45.137717 93961 sgemm sgemm CUDA1 1.222014 94001 40
CPU3 45.482330 93962 sgemm sgemm CUDA0 1.217314 94002 40
CPU7 45.164082 93963 sgemm sgemm CUDA3 0.872163 94003 40
CPU2 45.287225 93964 sgemm sgemm CUDA0 1.155429 94004 40
CPU18 45.241489 93965 sgemm sgemm CUDA3 1.403023 94005 40
CPU12 44.946128 93966 sgemm sgemm CUDA0 1.171914 94006 40
CPU3 44.931389 93967 sgemm sgemm CUDA3 0.990609 94007 40
CPU4 45.148447 93968 sgemm sgemm CUDA0 1.301135 94008 40
CPU3 45.134150 93969 sgemm sgemm CUDA3 1.158813 94009 40
CPU5 44.539372 93970 sgemm sgemm CUDA0 0.995958 94010 40
CPU0 45.132711 93971 sgemm sgemm CUDA3 1.158859 94011 40
CPU3 45.197096 93972 sgemm sgemm CUDA3 0.065310 94012 40
CPU17 45.368648 93973 sgemm sgemm CUDA0 0.989720 94013 40
CPU17 45.009286 93974 sgemm sgemm CUDA0 1.057713 94014 40
CPU16 45.116987 93975 sgemm sgemm CUDA1 1.158790 94015 40
CPU17 44.829097 93976 sgemm sgemm CUDA1 1.168562 94016 40
CPU17 45.181102 93977 sgemm sgemm CUDA3 1.161716 94017 40
CPU17 45.007737 93978 sgemm sgemm CUDA0 1.160802 94018 40
CPU13 45.269896 93979 sgemm sgemm CUDA1 1.163109 94019 40
CPU14 45.038236 93980 sgemm sgemm CUDA1 1.170692 94020 40
CPU16 44.978800 93981 sgemm sgemm CUDA0 1.014309 94021 40
CPU17 44.954903 93982 sgemm sgemm CUDA3 0.999048 94022 40
CPU17 45.141241 93983 sgemm sgemm CUDA3 1.244271 94023 40
CPU17 44.804084 93984 sgemm sgemm CUDA1 1.001426 94024 40
CPU17 45.188747 93985 sgemm sgemm CUDA0 0.999721 94025 40
CPU17 44.994561 93986 sgemm sgemm CUDA2 0.082421 94026 40
CPU9 44.774778 93987 sgemm sgemm CUDA3 1.173600 94027 40
CPU17 44.918622 93988 sgemm sgemm CUDA1 1.190628 94028 40
CPU17 45.125802 93989 sgemm sgemm CUDA0 1.015998 94029 40
CPU2 44.540524 93990 sgemm sgemm CUDA0 1.047622 94030 40
CPU17 45.478547 93991 sgemm sgemm CUDA0 0.893578 94031 40
CPU17 45.033979 93992 sgemm sgemm CUDA0 1.217041 94032 40
CPU17 45.137885 93993 sgemm sgemm CUDA2 1.011004 94033 40
CPU19 45.257134 93994 sgemm sgemm CUDA0 1.168533 94034 40
CPU1 44.161686 93995 sgemm sgemm CUDA3 1.034577 94035 40
CPU17 45.155304 93996 sgemm sgemm CUDA1 1.020321 94036 40
CPU9 44.709773 93997 sgemm sgemm CUDA2 3.956678 94037 40
CPU12 45.097006 93998 sgemm sgemm CUDA0 1.183059 94038 40
CPU15 45.066049 93999 sgemm sgemm CUDA3 1.175850 94039 40
CPU15 44.810252 94000 sgemm sgemm CUDA0 1.049514 94040 40
CPU17 45.261213 94001 sgemm sgemm CUDA2 1.178147 94041 40
CPU1 44.689752 94002 sgemm sgemm CUDA0 1.253098 94042 40
CPU6 27.103336 94005 ssyrk ssyrk CUDA2 0.173437 94045 40
CPU6 45.328276 94006 sgemm sgemm CUDA1 1.225326 94046 40
CPU5 44.899574 94007 sgemm sgemm CUDA2 0.989259 94047 40
CPU19 45.316933 94008 sgemm sgemm CUDA1 1.165245 94048 40
CPU6 45.209730 94009 sgemm sgemm CUDA2 0.325182 94049 40
CPU5 44.974879 94010 sgemm sgemm CUDA3 1.259886 94050 40
CPU6 44.958360 94011 sgemm sgemm CUDA0 2.012649 94051 40
CPU5 45.098642 94012 sgemm sgemm CUDA3 1.050098 94052 40
CPU12 44.937061 94013 sgemm sgemm CUDA0 1.221051 94053 40
CPU3 45.039654 94014 sgemm sgemm CUDA3 1.288414 94054 40
CPU4 45.386946 94015 sgemm sgemm CUDA0 3.030509 94055 40
CPU2 45.119886 94016 sgemm sgemm CUDA3 1.168181 94056 40
CPU6 44.758273 94017 sgemm sgemm CUDA0 1.336439 94057 40
CPU5 45.138993 94018 sgemm sgemm CUDA3 2.953762 94058 40
CPU1 44.715263 94019 sgemm sgemm CUDA3 1.221509 94059 40
CPU6 45.371765 94020 sgemm sgemm CUDA2 0.984682 94060 40
CPU14 44.732435 94021 sgemm sgemm CUDA0 1.219777 94061 40
CPU16 45.120716 94022 sgemm sgemm CUDA1 1.339384 94062 40
CPU17 44.824738 94023 sgemm sgemm CUDA1 1.104899 94063 40
CPU17 45.106187 94024 sgemm sgemm CUDA3 1.161334 94064 40
CPU17 44.813151 94025 sgemm sgemm CUDA0 0.053356 94065 40
CPU13 45.087682 94026 sgemm sgemm CUDA1 1.169471 94066 40
CPU14 44.833129 94027 sgemm sgemm CUDA2 1.167667 94067 40
CPU15 44.933854 94028 sgemm sgemm CUDA0 0.992685 94068 40
CPU3 45.244398 94029 sgemm sgemm CUDA2 0.068932 94069 40
CPU14 45.024176 94030 sgemm sgemm CUDA2 1.005823 94070 40
CPU17 44.792125 94031 sgemm sgemm CUDA1 1.000028 94071 40
CPU11 45.025268 94032 sgemm sgemm CUDA2 1.017877 94072 40
CPU17 45.297313 94033 sgemm sgemm CUDA2 1.182135 94073 40
CPU6 44.868548 94034 sgemm sgemm CUDA3 1.000090 94074 40
CPU17 44.878548 94035 sgemm sgemm CUDA1 1.004454 94075 40
CPU11 45.171916 94036 sgemm sgemm CUDA0 1.007108 94076 40
CPU3 45.116794 94037 sgemm sgemm CUDA0 1.226162 94077 40
CPU17 45.067942 94038 sgemm sgemm CUDA0 1.169246 94078 40
CPU17 45.005650 94039 sgemm sgemm CUDA0 1.288451 94079 40
CPU17 45.092006 94040 sgemm sgemm CUDA2 1.174771 94080 40
CPU18 44.866922 94041 sgemm sgemm CUDA0 1.000149 94081 40
CPU5 44.729673 94042 sgemm sgemm CUDA3 1.168981 94082 40
CPU3 44.943179 94043 sgemm sgemm CUDA2 1.011679 94083 40
CPU17 45.182727 94044 sgemm sgemm CUDA2 0.059517 94084 40
CPU1 45.158765 94045 sgemm sgemm CUDA0 0.989402 94085 40
CPU15 45.063492 94046 sgemm sgemm CUDA3 1.176724 94086 40
CPU17 45.180391 94047 sgemm sgemm CUDA0 1.269079 94087 40
CPU17 45.221955 94048 sgemm sgemm CUDA2 1.007253 94088 40
CPU1 44.684924 94049 sgemm sgemm CUDA0 1.245585 94089 40
CPU19 26.324402 94052 ssyrk ssyrk CUDA1 12.367300 94092 40
CPU15 44.786626 94053 sgemm sgemm CUDA0 10.951721 94093 40
CPU10 45.109526 94054 sgemm sgemm CUDA1 0.045476 94094 40
CPU19 44.976367 94055 sgemm sgemm CUDA0 1.214200 94095 40
CPU7 45.061289 94056 sgemm sgemm CUDA1 1.217644 94096 40
CPU1 45.430106 94057 sgemm sgemm CUDA0 0.356848 94097 40
CPU18 44.777806 94058 sgemm sgemm CUDA1 1.220098 94098 40
CPU12 44.992960 94059 sgemm sgemm CUDA0 13.452256 94099 40
CPU19 45.147427 94060 sgemm sgemm CUDA0 0.996089 94100 40
CPU4 44.743204 94061 sgemm sgemm CUDA0 7.880986 94101 40
CPU19 45.527103 94062 sgemm sgemm CUDA1 1.216680 94102 40
CPU5 45.101172 94063 sgemm sgemm CUDA0 1.056039 94103 40
CPU0 45.053598 94064 sgemm sgemm CUDA3 2.030882 94104 40
CPU19 45.165623 94065 sgemm sgemm CUDA3 11.597008 94105 40
CPU15 44.852567 94066 sgemm sgemm CUDA0 1.156148 94106 40
CPU17 44.929802 94067 sgemm sgemm CUDA0 2.710931 94107 40
CPU15 44.913363 94068 sgemm sgemm CUDA1 1.458237 94108 40
CPU17 44.894506 94069 sgemm sgemm CUDA1 0.993673 94109 40
CPU17 45.158528 94070 sgemm sgemm CUDA3 12.067285 94110 40
CPU17 44.857392 94071 sgemm sgemm CUDA0 1.253649 94111 40
CPU13 45.034752 94072 sgemm sgemm CUDA1 0.992480 94112 40
CPU14 44.728142 94073 sgemm sgemm CUDA0 1.163786 94113 40
CPU16 45.015819 94074 sgemm sgemm CUDA0 1.172623 94114 40
CPU17 44.900324 94075 sgemm sgemm CUDA2 1.000990 94115 40
CPU17 45.119085 94076 sgemm sgemm CUDA3 1.155165 94116 40
CPU17 44.854085 94077 sgemm sgemm CUDA3 1.009565 94117 40
CPU15 45.060407 94078 sgemm sgemm CUDA2 0.995056 94118 40
CPU17 44.880055 94079 sgemm sgemm CUDA2 1.176838 94119 40
CPU2 44.360236 94080 sgemm sgemm CUDA1 1.158070 94120 40
CPU3 45.303619 94081 sgemm sgemm CUDA1 0.985824 94121 40
CPU17 45.315955 94082 sgemm sgemm CUDA3 1.180353 94122 40
CPU1 44.970650 94083 sgemm sgemm CUDA0 0.999686 94123 40
CPU17 45.021110 94084 sgemm sgemm CUDA0 1.001319 94124 40
CPU17 45.099644 94085 sgemm sgemm CUDA0 1.213356 94125 40
CPU16 45.114733 94086 sgemm sgemm CUDA2 1.157804 94126 40
CPU19 44.895749 94087 sgemm sgemm CUDA2 1.008452 94127 40
CPU0 45.080636 94088 sgemm sgemm CUDA3 0.063953 94128 40
CPU17 45.138236 94089 sgemm sgemm CUDA2 1.011511 94129 40
CPU17 45.151798 94090 sgemm sgemm CUDA2 1.007078 94130 40
CPU12 44.847400 94091 sgemm sgemm CUDA0 1.015537 94131 40
CPU13 45.166958 94092 sgemm sgemm CUDA0 1.009173 94132 40
CPU13 45.079285 94093 sgemm sgemm CUDA0 1.178186 94133 40
CPU13 45.115671 94094 sgemm sgemm CUDA2 1.006472 94134 40
CPU6 45.329787 94095 sgemm sgemm CUDA0 1.208214 94135 40
CPU15 26.156359 94098 ssyrk ssyrk CUDA2 1.297987 94138 40
CPU19 45.096777 94099 sgemm sgemm CUDA1 12.352562 94139 40
CPU13 44.900410 94100 sgemm sgemm CUDA0 12.814704 94140 40
CPU14 44.963362 94101 sgemm sgemm CUDA1 0.904266 94141 40
CPU15 44.553986 94102 sgemm sgemm CUDA0 3.760516 94142 40
CPU15 44.950941 94103 sgemm sgemm CUDA1 1.358514 94143 40
CPU12 44.831137 94104 sgemm sgemm CUDA0 0.062563 94144 40
CPU14 45.027850 94105 sgemm sgemm CUDA0 0.110810 94145 40
CPU4 45.545835 94106 sgemm sgemm CUDA0 7.065681 94146 40
CPU13 45.224684 94107 sgemm sgemm CUDA1 1.207448 94147 40
CPU15 44.853655 94108 sgemm sgemm CUDA2 0.990362 94148 40
CPU0 45.705379 94109 sgemm sgemm CUDA2 1.226718 94149 40
CPU13 45.017129 94110 sgemm sgemm CUDA1 0.991336 94150 40
CPU17 45.072035 94111 sgemm sgemm CUDA2 1.160978 94151 40
CPU17 44.793479 94112 sgemm sgemm CUDA0 1.303182 94152 40
CPU16 44.960885 94113 sgemm sgemm CUDA1 1.164275 94153 40
CPU17 44.711735 94114 sgemm sgemm CUDA2 0.851777 94154 40
CPU17 45.041555 94115 sgemm sgemm CUDA1 1.416461 94155 40
CPU17 44.813218 94116 sgemm sgemm CUDA0 1.227091 94156 40
CPU13 44.902777 94117 sgemm sgemm CUDA1 1.005808 94157 40
CPU14 44.789902 94118 sgemm sgemm CUDA0 1.174379 94158 40
CPU15 44.820871 94119 sgemm sgemm CUDA0 1.168131 94159 40
CPU17 45.025255 94120 sgemm sgemm CUDA2 1.001298 94160 40
CPU13 45.048635 94121 sgemm sgemm CUDA2 1.165884 94161 40
CPU17 45.136493 94122 sgemm sgemm CUDA1 1.006786 94162 40
CPU17 44.995695 94123 sgemm sgemm CUDA2 1.169829 94163 40
CPU12 44.854359 94124 sgemm sgemm CUDA2 1.173354 94164 40
CPU0 44.702526 94125 sgemm sgemm CUDA1 1.174956 94165 40
CPU17 44.970908 94126 sgemm sgemm CUDA1 0.999800 94166 40
CPU17 45.069209 94127 sgemm sgemm CUDA0 1.003469 94167 40
CPU2 45.016910 94128 sgemm sgemm CUDA0 1.002051 94168 40
CPU17 44.998541 94129 sgemm sgemm CUDA0 1.166919 94169 40
CPU17 44.877002 94130 sgemm sgemm CUDA0 1.046488 94170 40
CPU17 45.172446 94131 sgemm sgemm CUDA2 1.181316 94171 40
CPU19 44.767315 94132 sgemm sgemm CUDA2 1.177086 94172 40
CPU7 45.140491 94133 sgemm sgemm CUDA1 1.176438 94173 40
CPU17 44.955219 94134 sgemm sgemm CUDA2 1.176774 94174 40
CPU17 44.987524 94135 sgemm sgemm CUDA2 1.174785 94175 40
CPU10 45.244301 94136 sgemm sgemm CUDA0 1.004837 94176 40
CPU15 45.943275 94137 sgemm sgemm CUDA0 0.116235 94177 40
CPU12 44.867277 94138 sgemm sgemm CUDA1 1.007686 94178 40
CPU0 45.203292 94139 sgemm sgemm CUDA2 1.170469 94179 40
CPU1 45.884782 94140 sgemm sgemm CUDA0 1.003369 94180 40
CPU10 26.324214 94143 ssyrk ssyrk CUDA1 0.843142 94183 40
CPU18 44.931530 94144 sgemm sgemm CUDA1 0.291415 94184 40
CPU10 45.071716 94145 sgemm sgemm CUDA1 0.043074 94185 40
CPU19 44.944145 94146 sgemm sgemm CUDA3 0.081337 94186 40
CPU10 45.284477 94147 sgemm sgemm CUDA3 1.195021 94187 40
CPU12 45.047089 94148 sgemm sgemm CUDA2 0.098492 94188 40
CPU10 45.168363 94149 sgemm sgemm CUDA3 1.049221 94189 40
CPU19 45.283801 94150 sgemm sgemm CUDA1 0.173759 94190 40
CPU10 45.278519 94151 sgemm sgemm CUDA1 1.307754 94191 40
CPU10 45.034883 94152 sgemm sgemm CUDA2 10.845413 94192 40
CPU18 45.282538 94153 sgemm sgemm CUDA2 0.996589 94193 40
CPU19 44.620978 94154 sgemm sgemm CUDA3 0.965134 94194 40
CPU10 45.286405 94155 sgemm sgemm CUDA2 1.053084 94195 40
CPU17 45.072590 94156 sgemm sgemm CUDA3 1.221387 94196 40
CPU16 45.083723 94157 sgemm sgemm CUDA2 12.842025 94197 40
CPU17 44.896035 94158 sgemm sgemm CUDA2 1.374471 94198 40
CPU17 45.708670 94159 sgemm sgemm CUDA1 1.157271 94199 40
CPU17 44.875255 94160 sgemm sgemm CUDA3 1.180182 94200 40
CPU13 45.249474 94161 sgemm sgemm CUDA1 0.996210 94201 40
CPU14 44.889368 94162 sgemm sgemm CUDA2 1.172374 94202 40
CPU16 45.197929 94163 sgemm sgemm CUDA3 0.997754 94203 40
CPU10 45.144293 94164 sgemm sgemm CUDA2 1.011526 94204 40
CPU10 45.949160 94165 sgemm sgemm CUDA3 0.987960 94205 40
CPU17 44.817788 94166 sgemm sgemm CUDA3 0.995707 94206 40
CPU8 44.748812 94167 sgemm sgemm CUDA2 1.178872 94207 40
CPU8 45.202210 94168 sgemm sgemm CUDA2 0.992023 94208 40
CPU4 44.993031 94169 sgemm sgemm CUDA1 0.997339 94209 40
CPU10 45.040023 94170 sgemm sgemm CUDA1 1.171686 94210 40
CPU14 45.727310 94171 sgemm sgemm CUDA3 1.002559 94211 40
CPU3 44.915238 94172 sgemm sgemm CUDA2 1.173257 94212 40
CPU17 45.591684 94173 sgemm sgemm CUDA3 5.736790 94213 40
CPU17 45.296113 94174 sgemm sgemm CUDA2 1.187271 94214 40
CPU0 45.064193 94175 sgemm sgemm CUDA2 1.184917 94215 40
CPU18 45.448684 94176 sgemm sgemm CUDA2 1.005672 94216 40
CPU7 44.969563 94177 sgemm sgemm CUDA1 1.178447 94217 40
CPU17 45.246175 94178 sgemm sgemm CUDA2 1.010174 94218 40
CPU17 45.710284 94179 sgemm sgemm CUDA3 1.003392 94219 40
CPU12 45.482943 94180 sgemm sgemm CUDA3 1.005679 94220 40
CPU15 46.032242 94181 sgemm sgemm CUDA3 0.088170 94221 40
CPU6 45.380560 94182 sgemm sgemm CUDA1 13.070085 94222 40
CPU2 44.942635 94183 sgemm sgemm CUDA2 1.269125 94223 40
CPU1 45.738391 94184 sgemm sgemm CUDA2 13.091039 94224 40
CPU13 27.037787 94187 ssyrk ssyrk CUDA0 1.364077 94227 40
CPU7 45.181512 94188 sgemm sgemm CUDA1 1.003596 94228 40
CPU2 45.100256 94189 sgemm sgemm CUDA0 3.989508 94229 40
CPU18 45.001909 94190 sgemm sgemm CUDA1 1.047316 94230 40
CPU12 44.957337 94191 sgemm sgemm CUDA2 1.049096 94231 40
CPU1 44.757817 94192 sgemm sgemm CUDA0 1.155045 94232 40
CPU3 45.029500 94193 sgemm sgemm CUDA0 11.863389 94233 40
CPU8 44.803984 94194 sgemm sgemm CUDA1 0.042464 94234 40
CPU5 44.949962 94195 sgemm sgemm CUDA2 1.226763 94235 40
CPU0 45.596425 94196 sgemm sgemm CUDA2 0.991224 94236 40
CPU16 44.913458 94197 sgemm sgemm CUDA2 1.161285 94237 40
CPU17 45.088665 94198 sgemm sgemm CUDA1 1.203394 94238 40
CPU17 44.904774 94199 sgemm sgemm CUDA0 12.833477 94239 40
CPU15 44.930950 94200 sgemm sgemm CUDA1 0.139152 94240 40
CPU17 45.007309 94201 sgemm sgemm CUDA2 0.996443 94241 40
CPU17 44.906826 94202 sgemm sgemm CUDA1 1.241769 94242 40
CPU6 45.197270 94203 sgemm sgemm CUDA3 0.217756 94243 40
CPU13 45.042610 94204 sgemm sgemm CUDA2 1.168491 94244 40
CPU14 44.949084 94205 sgemm sgemm CUDA0 1.184949 94245 40
CPU16 44.919885 94206 sgemm sgemm CUDA3 1.174537 94246 40
CPU17 46.169059 94207 sgemm sgemm CUDA2 1.010907 94247 40
CPU16 44.701927 94208 sgemm sgemm CUDA2 1.232404 94248 40
CPU2 44.998716 94209 sgemm sgemm CUDA3 1.173850 94249 40
CPU0 46.168091 94210 sgemm sgemm CUDA0 1.175448 94250 40
CPU12 45.401840 94211 sgemm sgemm CUDA2 1.172266 94251 40
CPU5 44.617262 94212 sgemm sgemm CUDA1 1.001101 94252 40
CPU16 45.414705 94213 sgemm sgemm CUDA2 1.354076 94253 40
CPU17 44.484208 94214 sgemm sgemm CUDA3 1.168835 94254 40
CPU3 44.926944 94215 sgemm sgemm CUDA0 1.244974 94255 40
CPU17 45.254918 94216 sgemm sgemm CUDA0 1.002134 94256 40
CPU17 45.538502 94217 sgemm sgemm CUDA2 1.010041 94257 40
CPU17 45.115257 94218 sgemm sgemm CUDA0 1.192645 94258 40
CPU19 45.800808 94219 sgemm sgemm CUDA2 1.169780 94259 40
CPU7 45.198927 94220 sgemm sgemm CUDA1 1.007816 94260 40
CPU14 45.484978 94221 sgemm sgemm CUDA2 1.173885 94261 40
CPU12 45.020250 94222 sgemm sgemm CUDA3 1.178383 94262 40
CPU12 45.806789 94223 sgemm sgemm CUDA3 12.245508 94263 40
CPU13 45.028292 94224 sgemm sgemm CUDA0 0.333056 94264 40
CPU17 45.256647 94225 sgemm sgemm CUDA0 1.175938 94265 40
CPU7 45.017814 94226 sgemm sgemm CUDA3 1.178605 94266 40
CPU0 46.565381 94227 sgemm sgemm CUDA2 1.171985 94267 40
CPU7 27.496311 94230 ssyrk ssyrk CUDA3 0.883844 94270 40
CPU7 45.292687 94231 sgemm sgemm CUDA3 1.058170 94271 40
CPU7 45.231204 94232 sgemm sgemm CUDA1 0.056440 94272 40
CPU12 44.985207 94233 sgemm sgemm CUDA3 0.981316 94273 40
CPU7 45.491399 94234 sgemm sgemm CUDA3 0.071239 94274 40
CPU4 44.992043 94235 sgemm sgemm CUDA1 0.965031 94275 40
CPU3 45.104367 94236 sgemm sgemm CUDA2 1.165425 94276 40
CPU1 44.756685 94237 sgemm sgemm CUDA2 8.700206 94277 40
CPU0 44.932494 94238 sgemm sgemm CUDA3 1.296426 94278 40
CPU2 45.081310 94239 sgemm sgemm CUDA2 1.018770 94279 40
CPU17 45.096482 94240 sgemm sgemm CUDA1 0.988253 94280 40
CPU17 44.888844 94241 sgemm sgemm CUDA3 1.236108 94281 40
CPU16 44.890352 94242 sgemm sgemm CUDA2 1.252786 94282 40
CPU17 45.710328 94243 sgemm sgemm CUDA2 1.008375 94283 40
CPU7 45.117509 94244 sgemm sgemm CUDA1 1.165598 94284 40
CPU16 45.223461 94245 sgemm sgemm CUDA3 1.165643 94285 40
CPU13 45.209435 94246 sgemm sgemm CUDA1 1.160801 94286 40
CPU14 44.964187 94247 sgemm sgemm CUDA2 1.157682 94287 40
CPU16 44.984429 94248 sgemm sgemm CUDA3 1.178260 94288 40
CPU12 45.996627 94249 sgemm sgemm CUDA2 0.367211 94289 40
CPU17 44.976799 94250 sgemm sgemm CUDA3 1.049498 94290 40
CPU17 45.767091 94251 sgemm sgemm CUDA3 1.171376 94291 40
CPU17 44.882151 94252 sgemm sgemm CUDA2 1.320829 94292 40
CPU17 45.383375 94253 sgemm sgemm CUDA2 1.005861 94293 40
CPU19 45.503091 94254 sgemm sgemm CUDA1 1.006574 94294 40
CPU17 45.700497 94255 sgemm sgemm CUDA2 1.003158 94295 40
CPU17 44.932512 94256 sgemm sgemm CUDA3 1.177086 94296 40
CPU1 44.915493 94257 sgemm sgemm CUDA2 1.020651 94297 40
CPU17 45.050973 94258 sgemm sgemm CUDA3 12.945147 94298 40
CPU12 46.008738 94259 sgemm sgemm CUDA2 1.173451 94299 40
CPU17 45.055125 94260 sgemm sgemm CUDA0 1.010120 94300 40
CPU18 45.673189 94261 sgemm sgemm CUDA2 1.174172 94301 40
CPU5 45.255303 94262 sgemm sgemm CUDA3 1.174938 94302 40
CPU16 45.802200 94263 sgemm sgemm CUDA1 1.008707 94303 40
CPU17 44.993667 94264 sgemm sgemm CUDA3 1.245427 94304 40
CPU12 45.908103 94265 sgemm sgemm CUDA3 1.009740 94305 40
CPU14 45.115149 94266 sgemm sgemm CUDA0 1.172534 94306 40
CPU1 44.813254 94267 sgemm sgemm CUDA0 1.006098 94307 40
CPU17 45.278331 94268 sgemm sgemm CUDA3 1.173413 94308 40
CPU8 45.226301 94269 sgemm sgemm CUDA2 1.169493 94309 40
CPU2 27.024471 94272 ssyrk ssyrk CUDA0 1.762838 94312 40
CPU1 45.072620 94273 sgemm sgemm CUDA3 0.955960 94313 40
CPU12 44.948513 94274 sgemm sgemm CUDA0 11.794682 94314 40
CPU1 45.260185 94275 sgemm sgemm CUDA0 10.947680 94315 40
CPU2 44.897170 94276 sgemm sgemm CUDA0 0.056507 94316 40
CPU2 45.311076 94277 sgemm sgemm CUDA2 1.430721 94317 40
CPU1 45.160117 94278 sgemm sgemm CUDA3 11.812396 94318 40
CPU0 45.709060 94279 sgemm sgemm CUDA2 1.261723 94319 40
CPU2 45.322167 94280 sgemm sgemm CUDA2 1.209503 94320 40
CPU17 45.038000 94281 sgemm sgemm CUDA0 0.205057 94321 40
CPU17 44.869161 94282 sgemm sgemm CUDA3 1.121710 94322 40
CPU13 44.849893 94283 sgemm sgemm CUDA2 1.169730 94323 40
CPU19 45.754873 94284 sgemm sgemm CUDA2 12.395604 94324 40
CPU17 44.999262 94285 sgemm sgemm CUDA3 0.991989 94325 40
CPU18 44.875874 94286 sgemm sgemm CUDA3 1.167944 94326 40
CPU13 44.714959 94287 sgemm sgemm CUDA2 1.172799 94327 40
CPU14 44.805310 94288 sgemm sgemm CUDA0 1.011725 94328 40
CPU15 44.698440 94289 sgemm sgemm CUDA3 1.158448 94329 40
CPU17 45.426184 94290 sgemm sgemm CUDA2 1.392373 94330 40
CPU12 44.882086 94291 sgemm sgemm CUDA2 1.232622 94331 40
CPU17 45.717213 94292 sgemm sgemm CUDA3 1.180677 94332 40
CPU14 45.170617 94293 sgemm sgemm CUDA0 1.170682 94333 40
CPU17 45.345897 94294 sgemm sgemm CUDA0 1.003390 94334 40
CPU18 45.107785 94295 sgemm sgemm CUDA0 1.174307 94335 40
CPU17 45.583973 94296 sgemm sgemm CUDA2 1.155705 94336 40
CPU17 45.016932 94297 sgemm sgemm CUDA3 1.174832 94337 40
CPU3 44.971820 94298 sgemm sgemm CUDA0 1.261120 94338 40
CPU10 45.008732 94299 sgemm sgemm CUDA0 1.185661 94339 40
CPU15 45.791444 94300 sgemm sgemm CUDA2 1.008865 94340 40
CPU17 44.906869 94301 sgemm sgemm CUDA0 1.317410 94341 40
CPU19 45.622254 94302 sgemm sgemm CUDA0 1.011009 94342 40
CPU7 45.155512 94303 sgemm sgemm CUDA3 1.005950 94343 40
CPU17 45.962567 94304 sgemm sgemm CUDA2 1.008914 94344 40
CPU17 45.056880 94305 sgemm sgemm CUDA3 1.174837 94345 40
CPU6 45.683332 94306 sgemm sgemm CUDA3 1.005339 94346 40
CPU15 44.742074 94307 sgemm sgemm CUDA0 1.176901 94347 40
CPU17 45.835737 94308 sgemm sgemm CUDA0 1.171826 94348 40
CPU1 45.183175 94309 sgemm sgemm CUDA3 1.170342 94349 40
CPU1 45.400338 94310 sgemm sgemm CUDA2 0.059291 94350 40
CPU18 26.307639 94313 ssyrk ssyrk CUDA3 0.629914 94353 40
CPU12 44.990247 94314 sgemm sgemm CUDA3 1.171007 94354 40
CPU18 44.836925 94315 sgemm sgemm CUDA3 1.153827 94355 40
CPU1 45.081646 94316 sgemm sgemm CUDA1 0.056971 94356 40
CPU18 45.066343 94317 sgemm sgemm CUDA1 1.315404 94357 40
CPU5 44.899931 94318 sgemm sgemm CUDA3 4.869913 94358 40
CPU0 45.370967 94319 sgemm sgemm CUDA1 0.902739 94359 40
CPU18 44.933406 94320 sgemm sgemm CUDA3 0.988461 94360 40
CPU17 45.183997 94321 sgemm sgemm CUDA1 1.203529 94361 40
CPU17 45.215162 94322 sgemm sgemm CUDA3 1.172335 94362 40
CPU16 44.936488 94323 sgemm sgemm CUDA1 1.157854 94363 40
CPU15 44.872923 94324 sgemm sgemm CUDA1 1.240760 94364 40
CPU17 45.238379 94325 sgemm sgemm CUDA1 1.006790 94365 40
CPU17 45.053879 94326 sgemm sgemm CUDA3 1.175026 94366 40
CPU13 45.022967 94327 sgemm sgemm CUDA3 1.007369 94367 40
CPU14 45.007750 94328 sgemm sgemm CUDA1 1.013489 94368 40
CPU16 45.070936 94329 sgemm sgemm CUDA3 0.758580 94369 40
CPU17 45.484861 94330 sgemm sgemm CUDA1 0.996009 94370 40
CPU11 45.044989 94331 sgemm sgemm CUDA3 1.014935 94371 40
CPU11 45.690599 94332 sgemm sgemm CUDA3 1.262058 94372 40
CPU10 45.230784 94333 sgemm sgemm CUDA3 1.008252 94373 40
CPU17 45.072472 94334 sgemm sgemm CUDA0 1.161231 94374 40
CPU6 45.143598 94335 sgemm sgemm CUDA1 1.182309 94375 40
CPU17 46.083846 94336 sgemm sgemm CUDA1 1.016865 94376 40
CPU10 45.124265 94337 sgemm sgemm CUDA3 1.176455 94377 40
CPU2 45.126657 94338 sgemm sgemm CUDA0 1.029611 94378 40
CPU17 45.039039 94339 sgemm sgemm CUDA0 0.087805 94379 40
CPU17 46.057052 94340 sgemm sgemm CUDA0 0.376338 94380 40
CPU17 45.212835 94341 sgemm sgemm CUDA0 1.004815 94381 40
CPU19 45.185042 94342 sgemm sgemm CUDA0 1.003854 94382 40
CPU7 46.104548 94343 sgemm sgemm CUDA1 1.249900 94383 40
CPU9 44.650155 94344 sgemm sgemm CUDA0 12.134306 94384 40
CPU19 45.554599 94345 sgemm sgemm CUDA3 1.173672 94385 40
CPU10 45.848024 94346 sgemm sgemm CUDA0 1.004623 94386 40
CPU15 44.814777 94347 sgemm sgemm CUDA0 1.171242 94387 40
CPU17 45.768507 94348 sgemm sgemm CUDA1 0.996095 94388 40
CPU17 45.023639 94349 sgemm sgemm CUDA3 1.001450 94389 40
CPU1 45.062589 94350 sgemm sgemm CUDA0 1.008624 94390 40
CPU12 26.639747 94353 ssyrk ssyrk CUDA3 0.638292 94393 40
CPU12 44.882938 94354 sgemm sgemm CUDA0 0.987396 94394 40
CPU12 44.912879 94355 sgemm sgemm CUDA0 0.072679 94395 40
CPU12 45.040193 94356 sgemm sgemm CUDA2 0.071847 94396 40
CPU12 45.067497 94357 sgemm sgemm CUDA3 1.163127 94397 40
CPU12 44.943498 94358 sgemm sgemm CUDA2 12.940377 94398 40
CPU12 45.045778 94359 sgemm sgemm CUDA0 0.155583 94399 40
CPU12 45.190512 94360 sgemm sgemm CUDA2 1.383570 94400 40
CPU14 45.547890 94361 sgemm sgemm CUDA0 1.011060 94401 40
CPU14 45.049378 94362 sgemm sgemm CUDA3 1.250602 94402 40
CPU14 45.787402 94363 sgemm sgemm CUDA2 1.178639 94403 40
CPU19 44.901003 94364 sgemm sgemm CUDA3 1.174407 94404 40
CPU14 45.705777 94365 sgemm sgemm CUDA0 1.013272 94405 40
CPU13 44.894784 94366 sgemm sgemm CUDA3 1.220649 94406 40
CPU14 44.876642 94367 sgemm sgemm CUDA2 0.269706 94407 40
CPU16 44.963307 94368 sgemm sgemm CUDA2 0.093340 94408 40
CPU17 45.408038 94369 sgemm sgemm CUDA0 1.386390 94409 40
CPU12 44.846949 94370 sgemm sgemm CUDA2 0.998869 94410 40
CPU17 45.889198 94371 sgemm sgemm CUDA0 1.168862 94411 40
CPU17 44.907948 94372 sgemm sgemm CUDA3 1.006536 94412 40
CPU17 44.904007 94373 sgemm sgemm CUDA0 0.085510 94413 40
CPU0 44.777000 94374 sgemm sgemm CUDA0 12.373451 94414 40
CPU17 45.817101 94375 sgemm sgemm CUDA2 1.255504 94415 40
CPU17 45.180034 94376 sgemm sgemm CUDA3 1.004639 94416 40
CPU3 45.022441 94377 sgemm sgemm CUDA0 1.289124 94417 40
CPU17 44.906167 94378 sgemm sgemm CUDA3 1.003673 94418 40
CPU17 46.223587 94379 sgemm sgemm CUDA2 1.172893 94419 40
CPU17 45.062990 94380 sgemm sgemm CUDA0 16.232069 94420 40
CPU19 44.991305 94381 sgemm sgemm CUDA2 1.006291 94421 40
CPU4 45.946425 94382 sgemm sgemm CUDA3 1.170373 94422 40
CPU10 45.121041 94383 sgemm sgemm CUDA0 1.175013 94423 40
CPU0 45.068838 94384 sgemm sgemm CUDA3 1.179226 94424 40
CPU1 45.382315 94385 sgemm sgemm CUDA3 1.007600 94425 40
CPU15 44.778797 94386 sgemm sgemm CUDA3 1.000834 94426 40
CPU12 46.089579 94387 sgemm sgemm CUDA0 0.048746 94427 40
CPU17 44.985104 94388 sgemm sgemm CUDA3 0.995257 94428 40
CPU1 45.287408 94389 sgemm sgemm CUDA2 1.168936 94429 40
CPU1 26.630854 94392 ssyrk ssyrk CUDA2 0.548852 94432 40
CPU3 45.114391 94393 sgemm sgemm CUDA2 1.052409 94433 40
CPU1 45.108264 94394 sgemm sgemm CUDA2 0.068981 94434 40
CPU5 44.890614 94395 sgemm sgemm CUDA3 0.064642 94435 40
CPU0 45.243803 94396 sgemm sgemm CUDA3 12.518869 94436 40
CPU1 45.224542 94397 sgemm sgemm CUDA0 0.995096 94437 40
CPU17 45.076997 94398 sgemm sgemm CUDA0 1.010626 94438 40
CPU17 45.477458 94399 sgemm sgemm CUDA3 0.055588 94439 40
CPU16 44.907092 94400 sgemm sgemm CUDA3 1.202141 94440 40
CPU15 44.808091 94401 sgemm sgemm CUDA2 1.174552 94441 40
CPU13 45.090216 94402 sgemm sgemm CUDA0 1.013004 94442 40
CPU17 45.436297 94403 sgemm sgemm CUDA0 1.000970 94443 40
CPU13 44.878784 94404 sgemm sgemm CUDA3 12.718409 94444 40
CPU14 44.921938 94405 sgemm sgemm CUDA0 1.009831 94445 40
CPU16 45.010585 94406 sgemm sgemm CUDA2 0.128440 94446 40
CPU17 45.915068 94407 sgemm sgemm CUDA0 1.002735 94447 40
CPU17 44.904730 94408 sgemm sgemm CUDA3 1.178759 94448 40
CPU17 45.889760 94409 sgemm sgemm CUDA0 1.168772 94449 40
CPU17 44.917117 94410 sgemm sgemm CUDA3 1.007917 94450 40
CPU17 45.659324 94411 sgemm sgemm CUDA0 6.925564 94451 40
CPU8 45.772587 94412 sgemm sgemm CUDA0 1.004643 94452 40
CPU17 46.030441 94413 sgemm sgemm CUDA2 1.314355 94453 40
CPU17 45.225215 94414 sgemm sgemm CUDA2 1.175595 94454 40
CPU3 45.435242 94415 sgemm sgemm CUDA2 1.167839 94455 40
CPU17 45.000739 94416 sgemm sgemm CUDA0 1.174378 94456 40
CPU17 46.117432 94417 sgemm sgemm CUDA2 1.175597 94457 40
CPU17 45.105795 94418 sgemm sgemm CUDA0 0.147569 94458 40
CPU19 45.019283 94419 sgemm sgemm CUDA2 1.006611 94459 40
CPU7 45.909898 94420 sgemm sgemm CUDA2 0.201348 94460 40
CPU9 44.659697 94421 sgemm sgemm CUDA0 1.005032 94461 40
CPU8 44.851453 94422 sgemm sgemm CUDA2 1.161098 94462 40
CPU0 45.564976 94423 sgemm sgemm CUDA0 1.167747 94463 40
CPU14 44.965005 94424 sgemm sgemm CUDA0 6.299665 94464 40
CPU1 44.824509 94425 sgemm sgemm CUDA0 2.450084 94465 40
CPU12 45.120403 94426 sgemm sgemm CUDA3 1.167145 94466 40
CPU1 45.828523 94427 sgemm sgemm CUDA3 1.166648 94467 40
CPU4 27.133299 94430 ssyrk ssyrk CUDA2 0.583259 94470 40
CPU4 45.150208 94431 sgemm sgemm CUDA2 1.163156 94471 40
CPU2 45.092042 94432 sgemm sgemm CUDA2 0.150210 94472 40
CPU1 45.219377 94433 sgemm sgemm CUDA1 0.319477 94473 40
CPU2 45.227200 94434 sgemm sgemm CUDA0 1.177621 94474 40
CPU4 45.208958 94435 sgemm sgemm CUDA1 0.065528 94475 40
CPU12 44.941649 94436 sgemm sgemm CUDA0 0.088691 94476 40
CPU13 45.003040 94437 sgemm sgemm CUDA1 0.998239 94477 40
CPU12 44.783584 94438 sgemm sgemm CUDA1 1.229443 94478 40
CPU14 45.053353 94439 sgemm sgemm CUDA0 1.005054 94479 40
CPU16 45.268507 94440 sgemm sgemm CUDA0 1.013011 94480 40
CPU13 44.822644 94441 sgemm sgemm CUDA1 1.050477 94481 40
CPU14 44.871963 94442 sgemm sgemm CUDA2 0.999302 94482 40
CPU16 44.798224 94443 sgemm sgemm CUDA2 0.909104 94483 40
CPU17 45.810157 94444 sgemm sgemm CUDA1 1.004112 94484 40
CPU17 44.866210 94445 sgemm sgemm CUDA0 1.007972 94485 40
CPU17 45.669282 94446 sgemm sgemm CUDA0 1.013536 94486 40
CPU17 45.124511 94447 sgemm sgemm CUDA2 1.018469 94487 40
CPU17 45.377918 94448 sgemm sgemm CUDA0 0.130124 94488 40
CPU4 45.370261 94449 sgemm sgemm CUDA1 1.285230 94489 40
CPU12 45.737283 94450 sgemm sgemm CUDA1 1.178924 94490 40
CPU17 44.980817 94451 sgemm sgemm CUDA2 12.186643 94491 40
CPU1 45.478972 94452 sgemm sgemm CUDA0 1.008375 94492 40
CPU17 45.079746 94453 sgemm sgemm CUDA2 1.000072 94493 40
CPU17 46.415746 94454 sgemm sgemm CUDA1 0.067431 94494 40
CPU17 44.962660 94455 sgemm sgemm CUDA0 0.997531 94495 40
CPU19 45.293849 94456 sgemm sgemm CUDA0 1.186359 94496 40
CPU7 46.025660 94457 sgemm sgemm CUDA2 0.999889 94497 40
CPU9 44.826071 94458 sgemm sgemm CUDA0 1.002067 94498 40
CPU13 45.150908 94459 sgemm sgemm CUDA1 1.170272 94499 40
CPU3 45.534651 94460 sgemm sgemm CUDA0 0.997535 94500 40
CPU15 44.656648 94461 sgemm sgemm CUDA0 1.001505 94501 40
CPU17 45.874041 94462 sgemm sgemm CUDA1 1.160922 94502 40
CPU17 45.007478 94463 sgemm sgemm CUDA0 1.000121 94503 40
CPU1 45.980907 94464 sgemm sgemm CUDA2 1.219928 94504 40
CPU8 26.176512 94467 ssyrk ssyrk CUDA2 0.580670 94507 40
CPU5 45.016747 94468 sgemm sgemm CUDA2 0.196842 94508 40
CPU6 45.354393 94469 sgemm sgemm CUDA1 0.988774 94509 40
CPU16 44.880213 94470 sgemm sgemm CUDA2 1.277885 94510 40
CPU2 45.676836 94471 sgemm sgemm CUDA1 1.165404 94511 40
CPU17 45.571696 94472 sgemm sgemm CUDA1 1.167825 94512 40
CPU16 45.063717 94473 sgemm sgemm CUDA3 1.283109 94513 40
CPU17 45.372545 94474 sgemm sgemm CUDA3 0.723982 94514 40
CPU13 45.135310 94475 sgemm sgemm CUDA1 0.996764 94515 40
CPU14 45.752778 94476 sgemm sgemm CUDA3 1.176553 94516 40
CPU13 45.185681 94477 sgemm sgemm CUDA3 1.278431 94517 40
CPU14 45.171372 94478 sgemm sgemm CUDA1 1.253922 94518 40
CPU16 45.257231 94479 sgemm sgemm CUDA2 0.085520 94519 40
CPU17 45.999030 94480 sgemm sgemm CUDA1 0.978316 94520 40
CPU17 45.025565 94481 sgemm sgemm CUDA2 1.145009 94521 40
CPU17 45.648730 94482 sgemm sgemm CUDA1 1.012809 94522 40
CPU12 45.145323 94483 sgemm sgemm CUDA3 1.148319 94523 40
CPU17 45.580341 94484 sgemm sgemm CUDA2 0.216945 94524 40
CPU5 44.662943 94485 sgemm sgemm CUDA1 1.160099 94525 40
CPU13 45.408109 94486 sgemm sgemm CUDA2 1.315693 94526 40
CPU17 45.166090 94487 sgemm sgemm CUDA2 1.272270 94527 40
CPU3 45.258497 94488 sgemm sgemm CUDA3 1.178745 94528 40
CPU17 45.166442 94489 sgemm sgemm CUDA2 1.007894 94529 40
CPU17 46.159940 94490 sgemm sgemm CUDA3 1.179382 94530 40
CPU17 45.310768 94491 sgemm sgemm CUDA2 12.440098 94531 40
CPU19 45.486283 94492 sgemm sgemm CUDA2 1.165535 94532 40
CPU3 45.906226 94493 sgemm sgemm CUDA2 1.167755 94533 40
CPU17 46.163964 94494 sgemm sgemm CUDA1 0.994778 94534 40
CPU17 45.202039 94495 sgemm sgemm CUDA1 1.167165 94535 40
CPU8 45.219361 94496 sgemm sgemm CUDA3 1.163081 94536 40
CPU13 45.175844 94497 sgemm sgemm CUDA3 1.159264 94537 40
CPU17 46.086037 94498 sgemm sgemm CUDA1 1.165178 94538 40
CPU17 45.101214 94499 sgemm sgemm CUDA2 1.112221 94539 40
CPU1 45.383955 94500 sgemm sgemm CUDA3 1.000725 94540 40
CPU5 26.944919 94503 ssyrk ssyrk CUDA3 0.581035 94543 40
CPU9 45.069254 94504 sgemm sgemm CUDA2 0.157620 94544 40
CPU5 45.125708 94505 sgemm sgemm CUDA0 1.389313 94545 40
CPU14 45.064611 94506 sgemm sgemm CUDA2 0.179415 94546 40
CPU16 45.449103 94507 sgemm sgemm CUDA0 1.176904 94547 40
CPU16 44.990656 94508 sgemm sgemm CUDA3 12.946140 94548 40
CPU17 45.572402 94509 sgemm sgemm CUDA3 1.005840 94549 40
CPU17 44.923664 94510 sgemm sgemm CUDA0 1.212362 94550 40
CPU17 45.464633 94511 sgemm sgemm CUDA3 12.157575 94551 40
CPU13 44.937471 94512 sgemm sgemm CUDA3 0.083182 94552 40
CPU14 44.904769 94513 sgemm sgemm CUDA0 1.935957 94553 40
CPU16 44.793106 94514 sgemm sgemm CUDA2 0.991650 94554 40
CPU17 45.886489 94515 sgemm sgemm CUDA0 1.175641 94555 40
CPU17 45.099450 94516 sgemm sgemm CUDA0 1.002510 94556 40
CPU17 45.180283 94517 sgemm sgemm CUDA0 1.011285 94557 40
CPU15 44.926440 94518 sgemm sgemm CUDA0 1.267800 94558 40
CPU17 45.379101 94519 sgemm sgemm CUDA0 13.081534 94559 40
CPU19 44.856120 94520 sgemm sgemm CUDA3 1.008545 94560 40
CPU17 45.348235 94521 sgemm sgemm CUDA2 1.180405 94561 40
CPU10 45.361143 94522 sgemm sgemm CUDA2 1.050225 94562 40
CPU3 45.415706 94523 sgemm sgemm CUDA3 1.005503 94563 40
CPU17 45.040321 94524 sgemm sgemm CUDA2 1.173813 94564 40
CPU17 45.297810 94525 sgemm sgemm CUDA3 1.181480 94565 40
CPU14 45.228789 94526 sgemm sgemm CUDA0 1.176792 94566 40
CPU18 45.189628 94527 sgemm sgemm CUDA0 1.003192 94567 40
CPU7 46.023081 94528 sgemm sgemm CUDA2 1.169681 94568 40
CPU2 44.676250 94529 sgemm sgemm CUDA0 0.997992 94569 40
CPU0 45.514587 94530 sgemm sgemm CUDA3 0.990076 94570 40
CPU11 45.774523 94531 sgemm sgemm CUDA3 1.002935 94571 40
CPU15 44.674234 94532 sgemm sgemm CUDA2 1.009188 94572 40
CPU1 44.992273 94533 sgemm sgemm CUDA0 12.652488 94573 40
CPU17 45.193033 94534 sgemm sgemm CUDA0 0.982474 94574 40
CPU9 45.401697 94535 sgemm sgemm CUDA3 1.174377 94575 40
CPU0 27.381537 94538 ssyrk ssyrk CUDA1 0.777071 94578 40
CPU8 44.904096 94539 sgemm sgemm CUDA3 1.003717 94579 40
CPU17 45.207079 94540 sgemm sgemm CUDA1 0.192977 94580 40
CPU15 44.919598 94541 sgemm sgemm CUDA1 1.237437 94581 40
CPU15 44.935368 94542 sgemm sgemm CUDA3 1.218129 94582 40
CPU17 45.976773 94543 sgemm sgemm CUDA3 1.005829 94583 40
CPU13 45.218745 94544 sgemm sgemm CUDA1 0.999387 94584 40
CPU16 45.225865 94545 sgemm sgemm CUDA3 0.997953 94585 40
CPU13 45.042095 94546 sgemm sgemm CUDA3 1.012908 94586 40
CPU14 44.965630 94547 sgemm sgemm CUDA2 1.170521 94587 40
CPU16 44.869546 94548 sgemm sgemm CUDA3 1.004021 94588 40
CPU17 46.112479 94549 sgemm sgemm CUDA1 1.184919 94589 40
CPU17 44.923924 94550 sgemm sgemm CUDA3 0.986888 94590 40
CPU17 45.980727 94551 sgemm sgemm CUDA3 1.005148 94591 40
CPU14 45.127500 94552 sgemm sgemm CUDA3 1.177078 94592 40
CPU17 45.534931 94553 sgemm sgemm CUDA2 1.175376 94593 40
CPU10 44.852861 94554 sgemm sgemm CUDA1 0.150640 94594 40
CPU17 45.707954 94555 sgemm sgemm CUDA1 1.007173 94595 40
CPU17 45.258280 94556 sgemm sgemm CUDA2 1.173226 94596 40
CPU3 45.337036 94557 sgemm sgemm CUDA3 1.005853 94597 40
CPU11 45.367896 94558 sgemm sgemm CUDA2 1.237562 94598 40
CPU17 45.473897 94559 sgemm sgemm CUDA3 1.008037 94599 40
CPU11 44.837168 94560 sgemm sgemm CUDA2 1.167802 94600 40
CPU19 45.566495 94561 sgemm sgemm CUDA2 0.998588 94601 40
CPU7 46.060360 94562 sgemm sgemm CUDA2 12.477668 94602 40
CPU6 45.390858 94563 sgemm sgemm CUDA2 1.005716 94603 40
CPU1 44.880727 94564 sgemm sgemm CUDA1 0.994187 94604 40
CPU5 45.576214 94565 sgemm sgemm CUDA3 1.173854 94605 40
CPU15 44.810177 94566 sgemm sgemm CUDA2 0.084364 94606 40
CPU17 45.547264 94567 sgemm sgemm CUDA1 1.167058 94607 40
CPU17 45.018751 94568 sgemm sgemm CUDA1 0.988395 94608 40
CPU7 45.420028 94569 sgemm sgemm CUDA3 0.055513 94609 40
CPU16 25.537611 94572 ssyrk ssyrk CUDA0 8.809929 94612 40
CPU17 46.116870 94573 sgemm sgemm CUDA0 1.169379 94613 40
CPU15 44.671090 94574 sgemm sgemm CUDA0 1.229359 94614 40
CPU13 45.137034 94575 sgemm sgemm CUDA0 0.090418 94615 40
CPU9 45.710433 94576 sgemm sgemm CUDA2 1.050422 94616 40
CPU15 44.859503 94577 sgemm sgemm CUDA0 1.000066 94617 40
CPU17 45.114063 94578 sgemm sgemm CUDA0 1.169805 94618 40
CPU13 44.885766 94579 sgemm sgemm CUDA1 1.218031 94619 40
CPU14 44.832276 94580 sgemm sgemm CUDA0 0.675046 94620 40
CPU15 44.798271 94581 sgemm sgemm CUDA3 1.176034 94621 40
CPU17 45.063304 94582 sgemm sgemm CUDA0 1.001433 94622 40
CPU17 45.527429 94583 sgemm sgemm CUDA0 0.091980 94623 40
CPU13 44.929429 94584 sgemm sgemm CUDA0 1.164964 94624 40
CPU14 45.898408 94585 sgemm sgemm CUDA2 1.176670 94625 40
CPU17 44.834435 94586 sgemm sgemm CUDA0 1.009056 94626 40
CPU11 44.781974 94587 sgemm sgemm CUDA1 1.008914 94627 40
CPU17 44.891359 94588 sgemm sgemm CUDA1 13.080208 94628 40
CPU14 45.431809 94589 sgemm sgemm CUDA1 1.007401 94629 40
CPU3 45.925410 94590 sgemm sgemm CUDA3 1.001050 94630 40
CPU2 45.009701 94591 sgemm sgemm CUDA2 1.169133 94631 40
CPU17 44.935597 94592 sgemm sgemm CUDA0 1.177102 94632 40
CPU14 45.546922 94593 sgemm sgemm CUDA0 1.165632 94633 40
CPU18 45.128358 94594 sgemm sgemm CUDA0 1.165254 94634 40
CPU6 45.391389 94595 sgemm sgemm CUDA1 1.001998 94635 40
CPU17 44.855374 94596 sgemm sgemm CUDA0 0.981735 94636 40
CPU17 45.533449 94597 sgemm sgemm CUDA1 0.997868 94637 40
CPU4 46.093964 94598 sgemm sgemm CUDA0 0.998963 94638 40
CPU14 46.038844 94599 sgemm sgemm CUDA2 1.167244 94639 40
CPU17 44.831003 94600 sgemm sgemm CUDA1 0.193303 94640 40
CPU1 44.839002 94601 sgemm sgemm CUDA1 0.996189 94641 40
CPU2 45.443760 94602 sgemm sgemm CUDA3 1.166498 94642 40
CPU17 26.870653 94605 ssyrk ssyrk CUDA1 0.825974 94645 40
CPU17 45.256451 94606 sgemm sgemm CUDA3 1.050429 94646 40
CPU14 45.166178 94607 sgemm sgemm CUDA0 0.113406 94647 40
CPU17 45.104212 94608 sgemm sgemm CUDA1 0.125522 94648 40
CPU13 46.057927 94609 sgemm sgemm CUDA0 12.890905 94649 40
CPU17 45.381329 94610 sgemm sgemm CUDA0 0.175788 94650 40
CPU13 45.497023 94611 sgemm sgemm CUDA3 1.228525 94651 40
CPU14 44.933750 94612 sgemm sgemm CUDA0 1.845968 94652 40
CPU16 45.122800 94613 sgemm sgemm CUDA3 1.222216 94653 40
CPU11 45.104089 94614 sgemm sgemm CUDA1 0.109022 94654 40
CPU11 45.516122 94615 sgemm sgemm CUDA0 1.051793 94655 40
CPU12 44.878230 94616 sgemm sgemm CUDA0 12.486292 94656 40
CPU16 45.994822 94617 sgemm sgemm CUDA0 1.590416 94657 40
CPU17 45.389423 94618 sgemm sgemm CUDA0 1.218456 94658 40
CPU5 44.733127 94619 sgemm sgemm CUDA3 1.176755 94659 40
CPU17 44.994489 94620 sgemm sgemm CUDA2 1.169638 94660 40
CPU17 45.309274 94621 sgemm sgemm CUDA1 1.009057 94661 40
CPU0 45.320008 94622 sgemm sgemm CUDA3 1.001319 94662 40
CPU10 45.528359 94623 sgemm sgemm CUDA0 1.266343 94663 40
CPU15 44.814100 94624 sgemm sgemm CUDA3 1.169123 94664 40
CPU1 44.864057 94625 sgemm sgemm CUDA0 1.167649 94665 40
CPU19 45.549598 94626 sgemm sgemm CUDA2 1.172693 94666 40
CPU7 45.399771 94627 sgemm sgemm CUDA2 0.998936 94667 40
CPU11 45.050502 94628 sgemm sgemm CUDA3 1.171915 94668 40
CPU10 45.660681 94629 sgemm sgemm CUDA1 1.166025 94669 40
CPU9 45.883961 94630 sgemm sgemm CUDA2 0.995479 94670 40
CPU5 44.659818 94631 sgemm sgemm CUDA2 1.166069 94671 40
CPU17 45.045931 94632 sgemm sgemm CUDA2 1.006919 94672 40
CPU17 45.229385 94633 sgemm sgemm CUDA0 0.999742 94673 40
CPU5 45.355338 94634 sgemm sgemm CUDA1 1.167284 94674 40
CPU17 25.317402 94637 ssyrk ssyrk CUDA1 0.573738 94677 40
CPU16 44.996481 94638 sgemm sgemm CUDA0 1.220083 94678 40
CPU12 44.979082 94639 sgemm sgemm CUDA1 1.063825 94679 40
CPU17 46.312205 94640 sgemm sgemm CUDA0 1.265843 94680 40
CPU17 45.156008 94641 sgemm sgemm CUDA3 0.057433 94681 40
CPU19 45.039044 94642 sgemm sgemm CUDA1 0.084861 94682 40
CPU13 45.029254 94643 sgemm sgemm CUDA0 1.221316 94683 40
CPU16 45.097868 94644 sgemm sgemm CUDA3 1.176158 94684 40
CPU17 44.940898 94645 sgemm sgemm CUDA3 1.164438 94685 40
CPU16 45.743332 94646 sgemm sgemm CUDA0 1.184190 94686 40
CPU17 44.847649 94647 sgemm sgemm CUDA1 1.169911 94687 40
CPU14 45.970621 94648 sgemm sgemm CUDA3 1.176571 94688 40
CPU17 44.973727 94649 sgemm sgemm CUDA0 12.575176 94689 40
CPU4 44.368454 94650 sgemm sgemm CUDA1 1.171562 94690 40
CPU12 45.670537 94651 sgemm sgemm CUDA1 1.176031 94691 40
CPU8 45.037671 94652 sgemm sgemm CUDA1 0.993516 94692 40
CPU3 45.010514 94653 sgemm sgemm CUDA3 1.174988 94693 40
CPU17 45.804536 94654 sgemm sgemm CUDA3 0.998874 94694 40
CPU9 45.552740 94655 sgemm sgemm CUDA0 1.002946 94695 40
CPU3 45.384096 94656 sgemm sgemm CUDA1 1.170671 94696 40
CPU19 45.479883 94657 sgemm sgemm CUDA3 1.000239 94697 40
CPU3 45.584068 94658 sgemm sgemm CUDA3 1.172721 94698 40
CPU8 45.062472 94659 sgemm sgemm CUDA3 0.998302 94699 40
CPU17 45.659527 94660 sgemm sgemm CUDA0 0.994324 94700 40
CPU6 46.180382 94661 sgemm sgemm CUDA0 1.443610 94701 40
CPU8 44.740048 94662 sgemm sgemm CUDA3 12.825834 94702 40
CPU17 44.849446 94663 sgemm sgemm CUDA2 0.991641 94703 40
CPU17 45.306209 94664 sgemm sgemm CUDA1 0.132389 94704 40
CPU1 45.474007 94665 sgemm sgemm CUDA1 1.165963 94705 40
CPU16 25.123404 94668 ssyrk ssyrk CUDA0 0.832664 94708 40
CPU16 45.314288 94669 sgemm sgemm CUDA2 1.224378 94709 40
CPU16 46.097892 94670 sgemm sgemm CUDA2 1.187494 94710 40
CPU17 45.074123 94671 sgemm sgemm CUDA0 1.223941 94711 40
CPU7 44.943859 94672 sgemm sgemm CUDA2 0.216960 94712 40
CPU14 44.946496 94673 sgemm sgemm CUDA1 12.362751 94713 40
CPU16 44.932998 94674 sgemm sgemm CUDA2 1.252345 94714 40
CPU15 44.904213 94675 sgemm sgemm CUDA0 1.394905 94715 40
CPU17 46.128758 94676 sgemm sgemm CUDA1 1.008269 94716 40
CPU17 45.201698 94677 sgemm sgemm CUDA0 1.014187 94717 40
CPU17 46.008735 94678 sgemm sgemm CUDA2 1.175855 94718 40
CPU16 44.895215 94679 sgemm sgemm CUDA2 1.167540 94719 40
CPU7 44.678969 94680 sgemm sgemm CUDA3 1.175299 94720 40
CPU4 45.111130 94681 sgemm sgemm CUDA2 1.169624 94721 40
CPU12 45.844694 94682 sgemm sgemm CUDA2 0.975544 94722 40
CPU2 44.920918 94683 sgemm sgemm CUDA2 1.166608 94723 40
CPU8 45.002766 94684 sgemm sgemm CUDA2 0.996672 94724 40
CPU8 45.426487 94685 sgemm sgemm CUDA3 1.168272 94725 40
CPU17 45.550926 94686 sgemm sgemm CUDA1 0.999980 94726 40
CPU19 45.554735 94687 sgemm sgemm CUDA3 1.001132 94727 40
CPU7 45.474069 94688 sgemm sgemm CUDA1 1.168896 94728 40
CPU17 45.229428 94689 sgemm sgemm CUDA3 0.989407 94729 40
CPU6 44.922092 94690 sgemm sgemm CUDA0 1.167334 94730 40
CPU12 45.312966 94691 sgemm sgemm CUDA2 1.220584 94731 40
CPU15 45.759958 94692 sgemm sgemm CUDA2 1.168262 94732 40
CPU17 45.111366 94693 sgemm sgemm CUDA2 1.168018 94733 40
CPU8 44.797369 94694 sgemm sgemm CUDA0 0.996018 94734 40
CPU1 45.046043 94695 sgemm sgemm CUDA1 1.163463 94735 40
CPU17 25.022096 94698 ssyrk ssyrk CUDA2 0.777007 94738 40
CPU17 45.530355 94699 sgemm sgemm CUDA2 1.231560 94739 40
CPU11 44.729170 94700 sgemm sgemm CUDA1 1.229469 94740 40
CPU11 44.848909 94701 sgemm sgemm CUDA3 1.172361 94741 40
CPU14 44.574093 94702 sgemm sgemm CUDA3 1.365974 94742 40
CPU16 44.891500 94703 sgemm sgemm CUDA3 1.011360 94743 40
CPU17 44.925780 94704 sgemm sgemm CUDA1 1.219708 94744 40
CPU3 45.063682 94705 sgemm sgemm CUDA1 1.308851 94745 40
CPU2 45.953784 94706 sgemm sgemm CUDA3 1.171547 94746 40
CPU15 45.393189 94707 sgemm sgemm CUDA1 1.174775 94747 40
CPU17 45.036012 94708 sgemm sgemm CUDA2 0.057428 94748 40
CPU18 44.802157 94709 sgemm sgemm CUDA1 1.167241 94749 40
CPU3 46.283482 94710 sgemm sgemm CUDA1 1.156091 94750 40
CPU17 45.028615 94711 sgemm sgemm CUDA3 0.998966 94751 40
CPU5 45.112220 94712 sgemm sgemm CUDA2 0.998705 94752 40
CPU4 45.177661 94713 sgemm sgemm CUDA3 1.211146 94753 40
CPU17 44.883973 94714 sgemm sgemm CUDA1 0.991754 94754 40
CPU17 45.514245 94715 sgemm sgemm CUDA1 1.163990 94755 40
CPU19 45.511953 94716 sgemm sgemm CUDA3 1.166342 94756 40
CPU7 45.518300 94717 sgemm sgemm CUDA2 1.372912 94757 40
CPU17 44.876691 94718 sgemm sgemm CUDA3 1.254661 94758 40
CPU11 45.117476 94719 sgemm sgemm CUDA1 1.167662 94759 40
CPU2 45.302089 94720 sgemm sgemm CUDA2 0.988414 94760 40
CPU3 44.963627 94721 sgemm sgemm CUDA2 1.001766 94761 40
CPU17 45.111980 94722 sgemm sgemm CUDA2 1.163511 94762 40
CPU17 45.620595 94723 sgemm sgemm CUDA1 0.114568 94763 40
CPU1 45.131296 94724 sgemm sgemm CUDA1 0.991128 94764 40
CPU17 25.302719 94727 ssyrk ssyrk CUDA2 0.913272 94767 40
CPU13 45.201144 94728 sgemm sgemm CUDA3 1.217502 94768 40
CPU18 45.054142 94729 sgemm sgemm CUDA1 1.009647 94769 40
CPU4 45.149536 94730 sgemm sgemm CUDA3 1.228056 94770 40
CPU16 45.422773 94731 sgemm sgemm CUDA2 13.009365 94771 40
CPU17 45.587978 94732 sgemm sgemm CUDA1 0.142255 94772 40
CPU3 44.805723 94733 sgemm sgemm CUDA1 1.176083 94773 40
CPU17 45.128530 94734 sgemm sgemm CUDA0 1.051570 94774 40
CPU16 45.996014 94735 sgemm sgemm CUDA1 1.182688 94775 40
CPU17 44.912764 94736 sgemm sgemm CUDA0 1.173755 94776 40
CPU2 44.761138 94737 sgemm sgemm CUDA3 1.006175 94777 40
CPU17 45.373605 94738 sgemm sgemm CUDA0 0.997748 94778 40
CPU3 44.933114 94739 sgemm sgemm CUDA0 1.000171 94779 40
CPU1 45.054407 94740 sgemm sgemm CUDA0 0.997459 94780 40
CPU17 45.948022 94741 sgemm sgemm CUDA0 1.167851 94781 40
CPU6 45.462788 94742 sgemm sgemm CUDA2 1.170624 94782 40
CPU17 45.046796 94743 sgemm sgemm CUDA1 1.165390 94783 40
CPU19 45.600126 94744 sgemm sgemm CUDA3 1.317509 94784 40
CPU7 45.448488 94745 sgemm sgemm CUDA3 0.276322 94785 40
CPU7 45.083890 94746 sgemm sgemm CUDA3 1.163810 94786 40
CPU17 44.986179 94747 sgemm sgemm CUDA0 1.263124 94787 40
CPU10 45.435834 94748 sgemm sgemm CUDA2 0.985041 94788 40
CPU15 45.942450 94749 sgemm sgemm CUDA1 0.993483 94789 40
CPU17 45.152284 94750 sgemm sgemm CUDA2 1.165307 94790 40
CPU17 45.127489 94751 sgemm sgemm CUDA0 0.991489 94791 40
CPU8 45.295456 94752 sgemm sgemm CUDA1 1.159228 94792 40
CPU17 25.066142 94755 ssyrk ssyrk CUDA1 0.570326 94795 40
CPU1 45.061021 94756 sgemm sgemm CUDA3 0.059510 94796 40
CPU13 45.114115 94757 sgemm sgemm CUDA3 12.368826 94797 40
CPU16 45.113312 94758 sgemm sgemm CUDA0 1.011996 94798 40
CPU7 46.009129 94759 sgemm sgemm CUDA0 1.179842 94799 40
CPU12 46.047660 94760 sgemm sgemm CUDA1 0.998676 94800 40
CPU14 44.916142 94761 sgemm sgemm CUDA0 1.431522 94801 40
CPU17 46.725228 94762 sgemm sgemm CUDA1 1.118665 94802 40
CPU0 45.798097 94763 sgemm sgemm CUDA0 0.079887 94803 40
CPU3 44.275993 94764 sgemm sgemm CUDA1 1.163929 94804 40
CPU17 45.069072 94765 sgemm sgemm CUDA0 1.167940 94805 40
CPU10 45.129245 94766 sgemm sgemm CUDA3 13.169588 94806 40
CPU9 45.449530 94767 sgemm sgemm CUDA0 1.170853 94807 40
CPU3 44.936275 94768 sgemm sgemm CUDA1 0.998742 94808 40
CPU17 44.973665 94769 sgemm sgemm CUDA0 1.170455 94809 40
CPU17 45.042418 94770 sgemm sgemm CUDA1 1.003720 94810 40
CPU19 45.572171 94771 sgemm sgemm CUDA3 12.857615 94811 40
CPU5 45.370041 94772 sgemm sgemm CUDA1 0.994282 94812 40
CPU17 45.080247 94773 sgemm sgemm CUDA0 0.129798 94813 40
CPU14 45.077762 94774 sgemm sgemm CUDA0 0.215643 94814 40
CPU12 45.370835 94775 sgemm sgemm CUDA3 1.166600 94815 40
CPU15 45.698129 94776 sgemm sgemm CUDA1 1.170117 94816 40
CPU17 44.949138 94777 sgemm sgemm CUDA0 0.997992 94817 40
CPU19 45.091661 94778 sgemm sgemm CUDA1 0.049254 94818 40
CPU1 45.576034 94779 sgemm sgemm CUDA3 0.997472 94819 40
CPU13 25.385590 94782 ssyrk ssyrk CUDA2 4.335759 94822 40
CPU10 45.002549 94783 sgemm sgemm CUDA3 1.005327 94823 40
CPU16 45.217868 94784 sgemm sgemm CUDA3 1.222379 94824 40
CPU17 45.146685 94785 sgemm sgemm CUDA1 1.181185 94825 40
CPU17 46.569836 94786 sgemm sgemm CUDA1 0.096048 94826 40
CPU17 44.905535 94787 sgemm sgemm CUDA1 1.156790 94827 40
CPU13 46.020540 94788 sgemm sgemm CUDA1 0.998609 94828 40
CPU17 44.741399 94789 sgemm sgemm CUDA2 1.008588 94829 40
CPU11 44.868508 94790 sgemm sgemm CUDA3 1.168630 94830 40
CPU17 44.715115 94791 sgemm sgemm CUDA3 0.085307 94831 40
CPU17 45.397446 94792 sgemm sgemm CUDA2 1.001046 94832 40
CPU0 45.247286 94793 sgemm sgemm CUDA3 1.171862 94833 40
CPU17 45.953463 94794 sgemm sgemm CUDA1 1.157273 94834 40
CPU13 45.025401 94795 sgemm sgemm CUDA3 1.164286 94835 40
CPU17 45.351510 94796 sgemm sgemm CUDA2 0.995083 94836 40
CPU18 45.213692 94797 sgemm sgemm CUDA3 1.001537 94837 40
CPU9 45.290465 94798 sgemm sgemm CUDA2 1.258328 94838 40
CPU17 44.987358 94799 sgemm sgemm CUDA2 1.164523 94839 40
CPU17 45.276220 94800 sgemm sgemm CUDA2 1.164391 94840 40
CPU12 45.381451 94801 sgemm sgemm CUDA2 1.356300 94841 40
CPU6 45.233874 94802 sgemm sgemm CUDA1 0.993398 94842 40
CPU1 45.323237 94803 sgemm sgemm CUDA2 1.250953 94843 40
CPU17 45.607136 94804 sgemm sgemm CUDA3 0.951269 94844 40
CPU7 45.484279 94805 sgemm sgemm CUDA1 0.997563 94845 40
CPU14 24.975996 94808 ssyrk ssyrk CUDA3 0.585959 94848 40
CPU15 44.864932 94809 sgemm sgemm CUDA2 1.182184 94849 40
CPU17 45.017330 94810 sgemm sgemm CUDA2 10.933954 94850 40
CPU11 45.688240 94811 sgemm sgemm CUDA0 0.988290 94851 40
CPU17 44.918941 94812 sgemm sgemm CUDA0 12.383705 94852 40
CPU17 45.769820 94813 sgemm sgemm CUDA1 1.187816 94853 40
CPU19 45.629352 94814 sgemm sgemm CUDA0 0.984130 94854 40
CPU11 44.706771 94815 sgemm sgemm CUDA1 0.994197 94855 40
CPU17 44.966041 94816 sgemm sgemm CUDA0 0.998973 94856 40
CPU1 44.807396 94817 sgemm sgemm CUDA0 1.004584 94857 40
CPU8 44.975896 94818 sgemm sgemm CUDA0 1.002119 94858 40
CPU14 45.941195 94819 sgemm sgemm CUDA1 1.005102 94859 40
CPU13 45.054665 94820 sgemm sgemm CUDA1 1.170091 94860 40
CPU15 44.974453 94821 sgemm sgemm CUDA0 12.549742 94861 40
CPU19 45.440243 94822 sgemm sgemm CUDA0 0.995895 94862 40
CPU3 45.660336 94823 sgemm sgemm CUDA3 0.994044 94863 40
CPU17 45.148067 94824 sgemm sgemm CUDA3 0.086028 94864 40
CPU14 45.717608 94825 sgemm sgemm CUDA0 1.277549 94865 40
CPU11 45.137909 94826 sgemm sgemm CUDA2 0.994716 94866 40
CPU13 45.976967 94827 sgemm sgemm CUDA1 0.997509 94867 40
CPU17 45.048206 94828 sgemm sgemm CUDA2 1.245044 94868 40
CPU14 45.603241 94829 sgemm sgemm CUDA0 1.219172 94869 40
CPU1 45.576601 94830 sgemm sgemm CUDA0 0.997980 94870 40
CPU16 25.174095 94833 ssyrk ssyrk CPU -1 94873 40
CPU17 45.763396 94834 sgemm sgemm CUDA3 1.173186 94874 40
CPU6 45.605502 94835 sgemm sgemm CUDA3 1.002570 94875 40
CPU17 45.038652 94836 sgemm sgemm CUDA0 1.052278 94876 40
CPU17 46.377236 94837 sgemm sgemm CUDA0 0.997270 94877 40
CPU4 45.553852 94838 sgemm sgemm CUDA2 1.165430 94878 40
CPU11 44.869025 94839 sgemm sgemm CUDA3 1.001116 94879 40
CPU17 44.923414 94840 sgemm sgemm CUDA3 0.988027 94880 40
CPU14 45.423256 94841 sgemm sgemm CUDA3 1.163032 94881 40
CPU6 45.040622 94842 sgemm sgemm CUDA2 0.118247 94882 40
CPU16 45.122903 94843 sgemm sgemm CUDA2 1.164482 94883 40
CPU17 44.706746 94844 sgemm sgemm CUDA2 0.072007 94884 40
CPU17 45.071585 94845 sgemm sgemm CUDA2 0.109268 94885 40
CPU19 45.620773 94846 sgemm sgemm CUDA0 12.569994 94886 40
CPU7 44.994757 94847 sgemm sgemm CUDA0 1.161373 94887 40
CPU17 45.101180 94848 sgemm sgemm CUDA2 1.169527 94888 40
CPU17 45.061181 94849 sgemm sgemm CUDA0 1.163412 94889 40
CPU12 45.574497 94850 sgemm sgemm CUDA0 0.992283 94890 40
CPU15 45.904561 94851 sgemm sgemm CUDA0 1.001177 94891 40
CPU17 44.846209 94852 sgemm sgemm CUDA3 1.167123 94892 40
CPU17 45.111339 94853 sgemm sgemm CUDA0 0.999365 94893 40
CPU1 46.451863 94854 sgemm sgemm CUDA2 0.998260 94894 40
CPU17 25.108037 94857 ssyrk ssyrk CPU -1 94897 40
CPU12 44.919556 94858 sgemm sgemm CUDA1 0.154527 94898 40
CPU7 45.854328 94859 sgemm sgemm CUDA3 1.004249 94899 40
CPU17 44.768711 94860 sgemm sgemm CUDA3 1.002762 94900 40
CPU17 45.912771 94861 sgemm sgemm CUDA1 1.230904 94901 40
CPU10 45.142799 94862 sgemm sgemm CUDA1 1.168943 94902 40
CPU17 45.702709 94863 sgemm sgemm CUDA3 1.166672 94903 40
CPU17 44.931498 94864 sgemm sgemm CUDA0 0.998158 94904 40
CPU3 44.966971 94865 sgemm sgemm CUDA3 0.997147 94905 40
CPU5 45.028822 94866 sgemm sgemm CUDA1 1.159507 94906 40
CPU14 45.025584 94867 sgemm sgemm CUDA0 12.577180 94907 40
CPU2 44.943062 94868 sgemm sgemm CUDA1 1.000142 94908 40
CPU19 45.538255 94869 sgemm sgemm CUDA3 0.999672 94909 40
CPU7 45.147672 94870 sgemm sgemm CUDA0 13.290255 94910 40
CPU6 45.195882 94871 sgemm sgemm CUDA0 0.998767 94911 40
CPU2 45.022844 94872 sgemm sgemm CUDA0 1.168336 94912 40
CPU12 46.000241 94873 sgemm sgemm CUDA1 1.266863 94913 40
CPU15 44.740248 94874 sgemm sgemm CUDA1 0.995762 94914 40
CPU6 45.324116 94875 sgemm sgemm CUDA3 0.999338 94915 40
CPU11 44.853240 94876 sgemm sgemm CUDA1 1.159423 94916 40
CPU5 46.266516 94877 sgemm sgemm CUDA3 0.994750 94917 40
CPU17 24.949479 94880 ssyrk ssyrk CPU -1 94920 40
CPU17 45.803493 94881 sgemm sgemm CUDA1 1.004204 94921 40
CPU0 46.090058 94882 sgemm sgemm CUDA1 0.089802 94922 40
CPU17 44.854240 94883 sgemm sgemm CUDA1 1.006597 94923 40
CPU18 44.690634 94884 sgemm sgemm CUDA3 1.300421 94924 40
CPU17 45.836572 94885 sgemm sgemm CUDA0 1.159751 94925 40
CPU17 45.044028 94886 sgemm sgemm CUDA3 0.996578 94926 40
CPU2 44.973236 94887 sgemm sgemm CUDA0 1.167464 94927 40
CPU11 44.741766 94888 sgemm sgemm CUDA1 12.168151 94928 40
CPU3 45.269681 94889 sgemm sgemm CUDA3 1.164417 94929 40
CPU17 45.074678 94890 sgemm sgemm CUDA0 1.162887 94930 40
CPU19 45.538788 94891 sgemm sgemm CUDA0 0.996349 94931 40
CPU2 44.799872 94892 sgemm sgemm CUDA0 0.996586 94932 40
CPU17 45.025757 94893 sgemm sgemm CUDA3 0.997986 94933 40
CPU17 45.162537 94894 sgemm sgemm CUDA1 1.165269 94934 40
CPU12 45.852663 94895 sgemm sgemm CUDA1 0.998828 94935 40
CPU15 44.837750 94896 sgemm sgemm CUDA1 1.164929 94936 40
CPU17 45.129527 94897 sgemm sgemm CUDA3 1.154877 94937 40
CPU17 45.168978 94898 sgemm sgemm CUDA2 9.259993 94938 40
CPU1 45.793407 94899 sgemm sgemm CUDA0 0.993636 94939 40
CPU17 25.119680 94902 ssyrk ssyrk CPU -1 94942 40
CPU16 44.721555 94903 sgemm sgemm CUDA3 0.991634 94943 40
CPU17 44.866363 94904 sgemm sgemm CUDA1 1.229049 94944 40
CPU11 44.591267 94905 sgemm sgemm CUDA3 0.082199 94945 40
CPU10 45.199086 94906 sgemm sgemm CUDA3 0.995809 94946 40
CPU8 45.081086 94907 sgemm sgemm CUDA0 1.164864 94947 40
CPU3 45.135048 94908 sgemm sgemm CUDA1 0.055356 94948 40
CPU0 45.532497 94909 sgemm sgemm CUDA0 0.994017 94949 40
CPU14 45.093467 94910 sgemm sgemm CUDA1 1.191818 94950 40
CPU17 45.125766 94911 sgemm sgemm CUDA1 1.000923 94951 40
CPU19 45.079732 94912 sgemm sgemm CUDA3 1.223346 94952 40
CPU0 45.347444 94913 sgemm sgemm CUDA0 1.171124 94953 40
CPU17 45.405046 94914 sgemm sgemm CUDA0 1.168884 94954 40
CPU12 45.132878 94915 sgemm sgemm CUDA3 0.999534 94955 40
CPU10 44.985650 94916 sgemm sgemm CUDA1 1.394154 94956 40
CPU15 45.259962 94917 sgemm sgemm CUDA3 1.164264 94957 40
CPU6 45.254947 94918 sgemm sgemm CUDA3 0.944190 94958 40
CPU17 45.239852 94919 sgemm sgemm CUDA3 1.002655 94959 40
CPU1 45.909432 94920 sgemm sgemm CUDA1 0.971884 94960 40
CPU17 25.390759 94923 ssyrk ssyrk CPU -1 94963 40
CPU12 45.164118 94924 sgemm sgemm CUDA1 1.163331 94964 40
CPU9 44.772650 94925 sgemm sgemm CUDA3 0.997450 94965 40
CPU6 45.456235 94926 sgemm sgemm CUDA0 1.169608 94966 40
CPU12 44.939342 94927 sgemm sgemm CUDA3 0.997646 94967 40
CPU5 44.784135 94928 sgemm sgemm CUDA1 1.170053 94968 40
CPU17 44.958007 94929 sgemm sgemm CUDA3 1.167478 94969 40
CPU17 45.151970 94930 sgemm sgemm CUDA2 0.276972 94970 40
CPU7 45.267595 94931 sgemm sgemm CUDA2 1.162513 94971 40
CPU19 45.126414 94932 sgemm sgemm CUDA3 1.163467 94972 40
CPU7 45.095429 94933 sgemm sgemm CUDA0 1.169887 94973 40
CPU15 45.097834 94934 sgemm sgemm CUDA2 1.014416 94974 40
CPU3 44.972024 94935 sgemm sgemm CUDA0 0.996058 94975 40
CPU12 44.991819 94936 sgemm sgemm CUDA1 1.228262 94976 40
CPU15 44.910523 94937 sgemm sgemm CUDA2 1.092270 94977 40
CPU17 45.180158 94938 sgemm sgemm CUDA3 12.190927 94978 40
CPU8 45.260676 94939 sgemm sgemm CUDA1 0.167243 94979 40
CPU8 46.033472 94940 sgemm sgemm CUDA2 1.157809 94980 40
CPU17 25.294242 94943 ssyrk ssyrk CPU -1 94983 40
CPU0 45.313961 94944 sgemm sgemm CUDA0 1.169033 94984 40
CPU10 44.888912 94945 sgemm sgemm CUDA0 1.167105 94985 40
CPU17 45.112725 94946 sgemm sgemm CUDA0 0.989418 94986 40
CPU3 44.899392 94947 sgemm sgemm CUDA1 0.077176 94987 40
CPU16 44.785600 94948 sgemm sgemm CUDA1 1.165273 94988 40
CPU10 45.333381 94949 sgemm sgemm CUDA0 1.154114 94989 40
CPU5 45.121502 94950 sgemm sgemm CUDA0 0.996788 94990 40
CPU18 45.119885 94951 sgemm sgemm CUDA0 0.996681 94991 40
CPU4 45.058626 94952 sgemm sgemm CUDA1 0.997966 94992 40
CPU0 45.379721 94953 sgemm sgemm CUDA2 0.122768 94993 40
CPU17 45.166480 94954 sgemm sgemm CUDA2 1.229633 94994 40
CPU12 44.976190 94955 sgemm sgemm CUDA1 1.149767 94995 40
CPU15 44.794764 94956 sgemm sgemm CUDA0 1.232678 94996 40
CPU3 45.386439 94957 sgemm sgemm CUDA0 0.990328 94997 40
CPU17 45.307490 94958 sgemm sgemm CUDA0 0.994816 94998 40
CPU1 45.798320 94959 sgemm sgemm CUDA2 1.165065 94999 40
CPU11 24.917508 94962 ssyrk ssyrk CPU -1 95002 40
CPU17 45.257968 94963 sgemm sgemm CUDA3 1.167373 95003 40
CPU17 45.266720 94964 sgemm sgemm CUDA3 1.175006 95004 40
CPU1 44.764812 94965 sgemm sgemm CUDA1 0.989915 95005 40
CPU17 45.068846 94966 sgemm sgemm CUDA0 1.308369 95006 40
CPU17 45.158260 94967 sgemm sgemm CUDA3 1.167674 95007 40
CPU17 45.260073 94968 sgemm sgemm CUDA3 1.166397 95008 40
CPU19 45.382768 94969 sgemm sgemm CUDA3 1.157718 95009 40
CPU5 44.351639 94970 sgemm sgemm CUDA0 1.163232 95010 40
CPU9 44.720968 94971 sgemm sgemm CUDA3 1.168455 95011 40
CPU17 45.295671 94972 sgemm sgemm CUDA1 0.999274 95012 40
CPU6 44.972381 94973 sgemm sgemm CUDA1 1.157481 95013 40
CPU15 45.018943 94974 sgemm sgemm CUDA3 1.171598 95014 40
CPU12 45.333053 94975 sgemm sgemm CUDA3 1.220267 95015 40
CPU17 45.403072 94976 sgemm sgemm CUDA3 0.999843 95016 40
CPU9 45.907259 94977 sgemm sgemm CUDA0 0.993067 95017 40
CPU0 25.611260 94980 ssyrk ssyrk CPU -1 95020 40
CPU17 45.024309 94981 sgemm sgemm CUDA3 1.161689 95021 40
CPU3 44.919684 94982 sgemm sgemm CUDA2 1.172228 95022 40
CPU17 45.023518 94983 sgemm sgemm CUDA2 0.070212 95023 40
CPU17 44.987363 94984 sgemm sgemm CUDA1 0.130555 95024 40
CPU17 44.999347 94985 sgemm sgemm CUDA3 1.167921 95025 40
CPU19 44.996370 94986 sgemm sgemm CUDA2 12.616858 95026 40
CPU7 45.161650 94987 sgemm sgemm CUDA2 0.095113 95027 40
CPU16 44.983087 94988 sgemm sgemm CUDA0 1.001132 95028 40
CPU17 45.073071 94989 sgemm sgemm CUDA1 1.166935 95029 40
CPU12 44.897476 94990 sgemm sgemm CUDA3 1.001389 95030 40
CPU0 45.367043 94991 sgemm sgemm CUDA1 1.234964 95031 40
CPU7 45.367362 94992 sgemm sgemm CUDA2 0.944812 95032 40
CPU17 45.138946 94993 sgemm sgemm CUDA2 0.993076 95033 40
CPU0 46.233043 94994 sgemm sgemm CUDA2 0.980493 95034 40
CPU17 25.231165 94997 ssyrk ssyrk CPU14 98.967642 95037 40
CPU0 45.101874 94998 sgemm sgemm CUDA1 0.997313 95038 40
CPU8 45.019002 94999 sgemm sgemm CUDA3 1.052837 95039 40
CPU13 45.098225 95000 sgemm sgemm CUDA2 1.174546 95040 40
CPU10 45.129734 95001 sgemm sgemm CUDA3 1.219459 95041 40
CPU19 45.237068 95002 sgemm sgemm CUDA3 0.094038 95042 40
CPU3 44.956968 95003 sgemm sgemm CUDA3 0.998368 95043 40
CPU17 45.242543 95004 sgemm sgemm CUDA1 1.166406 95044 40
CPU6 45.349017 95005 sgemm sgemm CUDA1 1.135177 95045 40
CPU10 45.178767 95006 sgemm sgemm CUDA1 0.092196 95046 40
CPU14 45.299870 95007 sgemm sgemm CUDA2 0.996524 95047 40
CPU13 45.330997 95008 sgemm sgemm CUDA0 0.099387 95048 40
CPU10 45.369672 95009 sgemm sgemm CUDA1 1.161468 95049 40
CPU1 45.706801 95010 sgemm sgemm CUDA1 1.239885 95050 40
CPU3 25.090822 95013 ssyrk ssyrk CPU32 98.078959 95053 40
CPU17 45.096970 95014 sgemm sgemm CUDA3 1.293854 95054 40
CPU11 44.840845 95015 sgemm sgemm CUDA0 1.218502 95055 40
CPU17 45.081805 95016 sgemm sgemm CUDA3 1.291230 95056 40
CPU19 45.001579 95017 sgemm sgemm CUDA0 1.219448 95057 40
CPU1 44.891806 95018 sgemm sgemm CUDA1 0.991654 95058 40
CPU17 45.391567 95019 sgemm sgemm CUDA3 1.162738 95059 40
CPU10 45.222863 95020 sgemm sgemm CUDA2 0.990236 95060 40
CPU12 44.979526 95021 sgemm sgemm CUDA2 1.160074 95061 40
CPU4 44.962300 95022 sgemm sgemm CUDA0 0.993880 95062 40
CPU17 45.079444 95023 sgemm sgemm CUDA2 0.062425 95063 40
CPU17 45.141468 95024 sgemm sgemm CUDA1 0.910942 95064 40
CPU1 45.882975 95025 sgemm sgemm CUDA0 0.997218 95065 40
CPU17 25.349120 95028 ssyrk ssyrk CPU -1 95068 40
CPU3 45.050966 95029 sgemm sgemm CUDA0 1.251198 95069 40
CPU17 45.223966 95030 sgemm sgemm CUDA3 1.173941 95070 40
CPU19 45.200131 95031 sgemm sgemm CUDA2 0.137686 95071 40
CPU0 45.088752 95032 sgemm sgemm CUDA0 1.152030 95072 40
CPU17 45.636726 95033 sgemm sgemm CUDA2 0.985061 95073 40
CPU2 44.815261 95034 sgemm sgemm CUDA3 1.168558 95074 40
CPU11 44.892143 95035 sgemm sgemm CUDA0 0.992559 95075 40
CPU15 45.108421 95036 sgemm sgemm CUDA1 1.237979 95076 40
CPU1 44.870871 95037 sgemm sgemm CUDA3 1.159552 95077 40
CPU17 45.131022 95038 sgemm sgemm CUDA0 0.992273 95078 40
CPU1 45.436687 95039 sgemm sgemm CUDA2 1.164422 95079 40
CPU15 24.691697 95042 ssyrk ssyrk CPU14 93.807994 95082 40
CPU17 45.107958 95043 sgemm sgemm CUDA3 1.171403 95083 40
CPU19 44.958722 95044 sgemm sgemm CUDA3 0.712144 95084 40
CPU9 44.747280 95045 sgemm sgemm CUDA2 0.989529 95085 40
CPU5 45.339661 95046 sgemm sgemm CUDA0 1.163962 95086 40
CPU17 45.095712 95047 sgemm sgemm CUDA2 1.053174 95087 40
CPU12 45.052508 95048 sgemm sgemm CUDA1 0.097486 95088 40
CPU15 45.105699 95049 sgemm sgemm CUDA2 2.345721 95089 40
CPU17 44.796818 95050 sgemm sgemm CUDA0 1.164145 95090 40
CPU17 45.055772 95051 sgemm sgemm CUDA0 1.224252 95091 40
CPU4 46.016519 95052 sgemm sgemm CUDA3 0.993801 95092 40
CPU17 25.354359 95055 ssyrk ssyrk CPU28 97.917305 95095 40
CPU18 45.046848 95056 sgemm sgemm CUDA0 0.997475 95096 40
CPU7 44.870351 95057 sgemm sgemm CUDA0 1.158075 95097 40
CPU17 45.091625 95058 sgemm sgemm CUDA1 1.171335 95098 40
CPU17 45.307552 95059 sgemm sgemm CUDA1 0.995845 95099 40
CPU9 44.865301 95060 sgemm sgemm CUDA3 0.991871 95100 40
CPU15 45.368861 95061 sgemm sgemm CUDA3 0.161865 95101 40
CPU12 45.238301 95062 sgemm sgemm CUDA2 0.944105 95102 40
CPU0 45.004179 95063 sgemm sgemm CUDA0 1.163311 95103 40
CPU0 45.775330 95064 sgemm sgemm CUDA1 1.165178 95104 40
CPU19 25.357381 95067 ssyrk ssyrk CPU -1 95107 40
CPU7 45.145353 95068 sgemm sgemm CUDA3 1.248163 95108 40
CPU17 44.980551 95069 sgemm sgemm CUDA3 0.997517 95109 40
CPU6 45.150149 95070 sgemm sgemm CUDA0 1.340548 95110 40
CPU12 44.986447 95071 sgemm sgemm CUDA2 0.154836 95111 40
CPU6 45.015236 95072 sgemm sgemm CUDA0 0.069204 95112 40
CPU17 44.949459 95073 sgemm sgemm CUDA3 0.053481 95113 40
CPU3 44.929056 95074 sgemm sgemm CUDA0 1.163662 95114 40
CPU6 45.185842 95075 sgemm sgemm CUDA0 1.157577 95115 40
CPU7 25.126116 95078 ssyrk ssyrk CPU13 97.929393 95118 40
CPU17 45.177721 95079 sgemm sgemm CUDA2 0.992363 95119 40
CPU17 45.182362 95080 sgemm sgemm CUDA3 1.248489 95120 40
CPU0 45.370215 95081 sgemm sgemm CUDA0 11.728200 95121 40
CPU15 45.193071 95082 sgemm sgemm CUDA1 1.294582 95122 40
CPU5 45.047406 95083 sgemm sgemm CUDA1 1.115335 95123 40
CPU17 45.389963 95084 sgemm sgemm CUDA2 1.109453 95124 40
CPU1 44.779931 95085 sgemm sgemm CUDA2 1.361893 95125 40
CPU13 25.232424 95088 ssyrk ssyrk CPU13 91.046177 95128 40
CPU14 45.148770 95089 sgemm sgemm CUDA2 1.163415 95129 40
CPU12 45.104768 95090 sgemm sgemm CUDA0 1.165864 95130 40
CPU15 45.161170 95091 sgemm sgemm CUDA2 1.165839 95131 40
CPU17 45.260918 95092 sgemm sgemm CUDA0 0.080126 95132 40
CPU17 45.245202 95093 sgemm sgemm CUDA3 0.980942 95133 40
CPU1 45.223660 95094 sgemm sgemm CUDA3 1.050476 95134 40
CPU12 25.388401 95097 ssyrk ssyrk CPU29 97.953448 95137 40
CPU4 45.114396 95098 sgemm sgemm CUDA1 1.167171 95138 40
CPU15 45.268307 95099 sgemm sgemm CUDA3 0.087961 95139 40
CPU17 45.044161 95100 sgemm sgemm CUDA2 0.943964 95140 40
CPU17 45.364662 95101 sgemm sgemm CUDA2 1.187444 95141 40
CPU0 45.678824 95102 sgemm sgemm CUDA1 0.084541 95142 40
CPU12 25.157254 95105 ssyrk ssyrk CPU -1 95145 40
CPU13 45.152463 95106 sgemm sgemm CUDA3 1.424874 95146 40
CPU17 45.084036 95107 sgemm sgemm CUDA3 0.079635 95147 40
CPU15 45.170811 95108 sgemm sgemm CUDA3 0.075093 95148 40
CPU1 44.943342 95109 sgemm sgemm CUDA0 0.997406 95149 40
CPU15 24.973833 95112 ssyrk ssyrk CPU20 97.201735 95152 40
CPU16 45.012791 95113 sgemm sgemm CUDA1 0.112676 95153 40
CPU17 45.670592 95114 sgemm sgemm CUDA2 0.986632 95154 40
CPU1 45.072203 95115 sgemm sgemm CUDA2 1.175079 95155 40
CPU0 25.480988 95118 ssyrk ssyrk CPU29 97.815096 95158 40
CPU11 45.110059 95119 sgemm sgemm CUDA0 1.005121 95159 40
CPU1 45.048308 95120 sgemm sgemm CUDA2 1.212723 95160 40
CPU17 25.217012 95123 ssyrk ssyrk CPU30 97.827281 95163 40
CPU9 45.128525 95124 sgemm sgemm CUDA3 0.946142 95164 40
CPU1 25.019587 95127 ssyrk ssyrk CPU35 97.761706 95167 40
CPU9 13.748272 95130 spotrf spotrf CPU -1 95170 40
CPU11 45.361372 95131 strsm strsm CUDA3 3.016048 95171 40
CPU13 30.591291 95132 strsm strsm CUDA3 5.958131 95172 40
CPU9 29.991945 95133 strsm strsm CUDA3 0.096175 95173 40
CPU6 30.348953 95134 strsm strsm CUDA2 3.092899 95174 40
CPU8 30.092793 95135 strsm strsm CUDA2 0.087598 95175 40
CPU15 30.062000 95136 strsm strsm CUDA3 3.015806 95176 40
CPU10 34.019998 95137 strsm strsm CUDA2 2.955924 95177 40
CPU9 30.196229 95138 strsm strsm CUDA2 2.975809 95178 40
CPU7 30.262381 95139 strsm strsm CUDA2 2.740855 95179 40
CPU2 30.257074 95140 strsm strsm CUDA3 2.916964 95180 40
CPU8 30.054929 95141 strsm strsm CUDA0 0.104444 95181 40
CPU12 30.612565 95142 strsm strsm CUDA0 2.884046 95182 40
CPU9 29.978142 95143 strsm strsm CUDA2 9.964587 95183 40
CPU4 30.279544 95144 strsm strsm CUDA1 0.051012 95184 40
CPU8 29.947736 95145 strsm strsm CUDA3 1.997236 95185 40
CPU9 30.266660 95146 strsm strsm CUDA0 2.828322 95186 40
CPU0 30.151433 95147 strsm strsm CUDA2 2.822445 95187 40
CPU9 30.319361 95148 strsm strsm CUDA1 14.213162 95188 40
CPU17 30.721600 95149 strsm strsm CUDA3 2.841011 95189 40
CPU17 30.572357 95150 strsm strsm CUDA0 0.047660 95190 40
CPU16 30.280681 95151 strsm strsm CUDA2 2.771579 95191 40
CPU17 30.419687 95152 strsm strsm CUDA2 2.781086 95192 40
CPU16 30.197212 95153 strsm strsm CUDA3 2.731792 95193 40
CPU17 30.566007 95154 strsm strsm CUDA0 2.987791 95194 40
CPU13 30.888666 95155 strsm strsm CUDA2 2.633196 95195 40
CPU14 30.568981 95156 strsm strsm CUDA1 2.851584 95196 40
CPU16 30.429707 95157 strsm strsm CUDA0 2.822354 95197 40
CPU17 30.501386 95158 strsm strsm CUDA3 2.814006 95198 40
CPU17 30.661043 95159 strsm strsm CPU10 98.908277 95199 40
CPU17 30.468433 95160 strsm strsm CPU -1 95200 40
CPU16 30.303646 95161 strsm strsm CPU20 92.222983 95201 40
CPU12 30.605305 95162 strsm strsm CPU -1 95202 40
CPU11 30.206853 95163 strsm strsm CPU16 100.171518 95203 40
CPU19 30.549024 95164 strsm strsm CPU17 84.268157 95204 40
CPU12 30.805005 95165 strsm strsm CPU12 83.532951 95205 40
CPU4 30.687509 95166 strsm strsm CPU -1 95206 40
CPU12 30.717864 95167 strsm strsm CPU35 96.425821 95207 40
CPU3 30.329970 95168 strsm strsm CPU23 98.382591 95208 40
CPU11 30.295980 95169 strsm strsm CPU -1 95209 40
CPU19 30.519969 95170 strsm strsm CPU -1 95210 40
CPU7 30.537584 95171 strsm strsm CPU -1 95211 40
CPU17 30.491617 95172 strsm strsm CPU18 71.808555 95212 40
CPU17 30.708595 95173 strsm strsm CPU -1 95213 40
CPU10 30.521402 95174 strsm strsm CPU24 113.235671 95214 40
CPU15 30.075547 95175 strsm strsm CPU21 86.685028 95215 40
CPU2 30.414832 95176 strsm strsm CPU -1 95216 40
CPU17 30.669447 95177 strsm strsm CPU -1 95217 40
CPU1 30.329690 95178 strsm strsm CPU13 99.895143 95218 40
CPU11 41.755673 95181 ssyrk ssyrk CUDA1 0.842527 95221 40
CPU11 73.793881 95182 sgemm sgemm CUDA3 1.230019 95222 40
CPU19 45.381559 95183 sgemm sgemm CUDA3 0.999169 95223 40
CPU11 73.818333 95184 sgemm sgemm CUDA2 1.006908 95224 40
CPU11 74.829260 95185 sgemm sgemm CUDA1 0.993279 95225 40
CPU18 44.941429 95186 sgemm sgemm CUDA2 1.224810 95226 40
CPU10 45.123845 95187 sgemm sgemm CUDA2 1.221762 95227 40
CPU4 44.644029 95188 sgemm sgemm CUDA0 1.057802 95228 40
CPU2 44.644517 95189 sgemm sgemm CUDA2 0.996163 95229 40
CPU0 45.180911 95190 sgemm sgemm CUDA3 1.228849 95230 40
CPU9 44.720644 95191 sgemm sgemm CUDA1 1.155025 95231 40
CPU12 45.130143 95192 sgemm sgemm CUDA0 1.169081 95232 40
CPU10 45.410774 95193 sgemm sgemm CUDA2 1.049856 95233 40
CPU8 45.055204 95194 sgemm sgemm CUDA1 0.104877 95234 40
CPU11 45.174448 95195 sgemm sgemm CUDA3 0.913241 95235 40
CPU11 44.915130 95196 sgemm sgemm CUDA0 1.222689 95236 40
CPU11 45.379079 95197 sgemm sgemm CUDA2 1.159483 95237 40
CPU10 44.919945 95198 sgemm sgemm CUDA1 0.101319 95238 40
CPU5 44.628892 95199 sgemm sgemm CUDA3 1.229116 95239 40
CPU17 45.181878 95200 sgemm sgemm CUDA0 0.070747 95240 40
CPU16 45.092840 95201 sgemm sgemm CUDA2 1.154407 95241 40
CPU17 45.015123 95202 sgemm sgemm CUDA2 1.163291 95242 40
CPU16 45.162476 95203 sgemm sgemm CUDA3 0.991139 95243 40
CPU17 45.242643 95204 sgemm sgemm CUDA0 0.995976 95244 40
CPU13 45.479252 95205 sgemm sgemm CUDA2 0.991141 95245 40
CPU14 45.036686 95206 sgemm sgemm CUDA1 0.062037 95246 40
CPU16 45.146840 95207 sgemm sgemm CUDA0 0.994118 95247 40
CPU17 45.055716 95208 sgemm sgemm CUDA3 1.167033 95248 40
CPU15 45.165328 95209 sgemm sgemm CUDA2 0.235932 95249 40
CPU13 45.010220 95210 sgemm sgemm CUDA1 1.253398 95250 40
CPU16 45.096956 95211 sgemm sgemm CUDA2 0.168360 95251 40
CPU17 45.025406 95212 sgemm sgemm CUDA2 1.219242 95252 40
CPU7 45.006532 95213 sgemm sgemm CUDA3 1.248893 95253 40
CPU16 44.895150 95214 sgemm sgemm CUDA1 1.182980 95254 40
CPU3 44.730642 95215 sgemm sgemm CUDA0 1.058742 95255 40
CPU4 44.684120 95216 sgemm sgemm CUDA2 0.996155 95256 40
CPU12 45.084425 95217 sgemm sgemm CUDA3 12.500078 95257 40
CPU8 44.972721 95218 sgemm sgemm CUDA1 1.019629 95258 40
CPU17 45.196268 95219 sgemm sgemm CUDA2 1.181549 95259 40
CPU19 45.305570 95220 sgemm sgemm CUDA0 1.249001 95260 40
CPU8 44.704986 95221 sgemm sgemm CUDA3 1.009341 95261 40
CPU8 44.896896 95222 sgemm sgemm CUDA1 1.007234 95262 40
CPU5 44.566125 95223 sgemm sgemm CUDA2 1.182380 95263 40
CPU10 45.116800 95224 sgemm sgemm CUDA0 1.245263 95264 40
CPU13 45.078142 95225 sgemm sgemm CUDA3 1.321550 95265 40
CPU17 44.974784 95226 sgemm sgemm CUDA1 1.176777 95266 40
CPU12 45.286077 95227 sgemm sgemm CUDA2 1.178157 95267 40
CPU1 44.804335 95228 sgemm sgemm CUDA0 1.200417 95268 40
CPU13 25.053615 95231 ssyrk ssyrk CUDA3 3.554921 95271 40
CPU9 44.834824 95232 sgemm sgemm CUDA3 0.117882 95272 40
CPU6 45.078856 95233 sgemm sgemm CUDA3 1.228724 95273 40
CPU8 44.803198 95234 sgemm sgemm CUDA1 1.224382 95274 40
CPU15 44.674473 95235 sgemm sgemm CUDA2 1.168080 95275 40
CPU10 45.031098 95236 sgemm sgemm CUDA2 0.988182 95276 40
CPU9 45.120053 95237 sgemm sgemm CUDA2 1.148887 95277 40
CPU7 45.110188 95238 sgemm sgemm CUDA2 0.800051 95278 40
CPU13 44.774446 95239 sgemm sgemm CUDA3 0.987209 95279 40
CPU8 44.895605 95240 sgemm sgemm CUDA1 1.031766 95280 40
CPU12 44.807725 95241 sgemm sgemm CUDA3 1.158454 95281 40
CPU9 45.154095 95242 sgemm sgemm CUDA2 1.172724 95282 40
CPU3 45.256325 95243 sgemm sgemm CUDA1 1.161990 95283 40
CPU8 44.770978 95244 sgemm sgemm CUDA3 0.063836 95284 40
CPU2 44.987843 95245 sgemm sgemm CUDA0 1.229168 95285 40
CPU0 45.108066 95246 sgemm sgemm CUDA2 0.059369 95286 40
CPU3 45.051504 95247 sgemm sgemm CUDA3 0.077758 95287 40
CPU17 45.032773 95248 sgemm sgemm CUDA2 1.162444 95288 40
CPU15 44.679391 95249 sgemm sgemm CUDA0 0.043681 95289 40
CPU14 45.296518 95250 sgemm sgemm CUDA2 1.011476 95290 40
CPU17 44.780059 95251 sgemm sgemm CUDA1 1.247514 95291 40
CPU16 44.891097 95252 sgemm sgemm CUDA3 0.993708 95292 40
CPU17 44.946787 95253 sgemm sgemm CUDA0 0.995294 95293 40
CPU13 45.000910 95254 sgemm sgemm CUDA2 1.158757 95294 40
CPU14 44.769624 95255 sgemm sgemm CUDA1 1.168043 95295 40
CPU15 44.827255 95256 sgemm sgemm CUDA0 1.169242 95296 40
CPU17 45.031608 95257 sgemm sgemm CUDA3 0.996648 95297 40
CPU15 44.834878 95258 sgemm sgemm CUDA2 1.167207 95298 40
CPU12 44.678775 95259 sgemm sgemm CUDA1 0.741092 95299 40
CPU13 45.072132 95260 sgemm sgemm CUDA2 1.179667 95300 40
CPU6 45.266442 95261 sgemm sgemm CUDA2 1.006342 95301 40
CPU11 44.852791 95262 sgemm sgemm CUDA3 1.002225 95302 40
CPU0 45.399086 95263 sgemm sgemm CUDA1 5.637093 95303 40
CPU12 45.334663 95264 sgemm sgemm CUDA0 0.998596 95304 40
CPU4 45.102432 95265 sgemm sgemm CUDA2 1.171140 95305 40
CPU17 45.068040 95266 sgemm sgemm CUDA0 1.050080 95306 40
CPU13 44.906544 95267 sgemm sgemm CUDA0 1.168417 95307 40
CPU17 45.121783 95268 sgemm sgemm CUDA2 1.161810 95308 40
CPU18 44.835014 95269 sgemm sgemm CUDA0 1.005912 95309 40
CPU3 44.925601 95270 sgemm sgemm CUDA3 12.563252 95310 40
CPU6 45.322399 95271 sgemm sgemm CUDA1 1.176327 95311 40
CPU16 45.140020 95272 sgemm sgemm CUDA2 1.178220 95312 40
CPU5 45.121523 95273 sgemm sgemm CUDA0 12.912774 95313 40
CPU14 45.035511 95274 sgemm sgemm CUDA3 1.295812 95314 40
CPU2 45.286518 95275 sgemm sgemm CUDA1 1.220840 95315 40
CPU13 45.127842 95276 sgemm sgemm CUDA2 1.172338 95316 40
CPU1 45.068502 95277 sgemm sgemm CUDA0 1.005213 95317 40
CPU9 25.126273 95280 ssyrk ssyrk CUDA3 0.936509 95320 40
CPU6 44.879023 95281 sgemm sgemm CUDA1 0.996309 95321 40
CPU8 44.462720 95282 sgemm sgemm CUDA1 1.160635 95322 40
CPU14 44.483826 95283 sgemm sgemm CUDA3 0.994867 95323 40
CPU18 44.875896 95284 sgemm sgemm CUDA1 1.266508 95324 40
CPU9 44.880531 95285 sgemm sgemm CUDA0 1.729055 95325 40
CPU7 45.158284 95286 sgemm sgemm CUDA3 2.791110 95326 40
CPU2 45.260253 95287 sgemm sgemm CUDA3 0.995773 95327 40
CPU8 44.787202 95288 sgemm sgemm CUDA0 1.280967 95328 40
CPU12 44.999260 95289 sgemm sgemm CUDA0 1.216384 95329 40
CPU1 44.839963 95290 sgemm sgemm CUDA3 1.163928 95330 40
CPU3 44.938968 95291 sgemm sgemm CUDA1 0.994163 95331 40
CPU4 45.172538 95292 sgemm sgemm CUDA3 1.282943 95332 40
CPU4 44.833105 95293 sgemm sgemm CUDA0 1.163989 95333 40
CPU0 45.134422 95294 sgemm sgemm CUDA1 1.125495 95334 40
CPU1 45.028004 95295 sgemm sgemm CUDA3 1.166678 95335 40
CPU16 44.970697 95296 sgemm sgemm CUDA3 0.989388 95336 40
CPU15 44.767433 95297 sgemm sgemm CUDA0 1.000625 95337 40
CPU13 45.249463 95298 sgemm sgemm CUDA1 1.137778 95338 40
CPU17 44.914770 95299 sgemm sgemm CUDA1 0.997383 95339 40
CPU17 45.093290 95300 sgemm sgemm CUDA3 1.164375 95340 40
CPU17 45.031438 95301 sgemm sgemm CUDA0 0.994609 95341 40
CPU13 45.043663 95302 sgemm sgemm CUDA1 0.997938 95342 40
CPU14 44.830603 95303 sgemm sgemm CUDA1 1.168125 95343 40
CPU16 44.980244 95304 sgemm sgemm CUDA0 1.166126 95344 40
CPU17 44.986799 95305 sgemm sgemm CUDA3 1.171884 95345 40
CPU18 44.974373 95306 sgemm sgemm CUDA3 0.447272 95346 40
CPU17 44.788338 95307 sgemm sgemm CUDA1 0.997066 95347 40
CPU17 45.317699 95308 sgemm sgemm CUDA0 12.197907 95348 40
CPU12 45.278407 95309 sgemm sgemm CUDA2 1.054637 95349 40
CPU9 44.849729 95310 sgemm sgemm CUDA3 1.221031 95350 40
CPU5 44.992651 95311 sgemm sgemm CUDA1 1.011571 95351 40
CPU16 45.094857 95312 sgemm sgemm CUDA0 1.019821 95352 40
CPU4 44.968336 95313 sgemm sgemm CUDA0 0.094479 95353 40
CPU17 45.056963 95314 sgemm sgemm CUDA0 1.166441 95354 40
CPU17 44.998759 95315 sgemm sgemm CUDA0 7.801516 95355 40
CPU16 45.208115 95316 sgemm sgemm CUDA2 0.985874 95356 40
CPU18 45.009576 95317 sgemm sgemm CUDA0 1.219221 95357 40
CPU1 44.743334 95318 sgemm sgemm CUDA3 1.176795 95358 40
CPU17 45.135445 95319 sgemm sgemm CUDA1 0.067383 95359 40
CPU9 44.605524 95320 sgemm sgemm CUDA2 4.630705 95360 40
CPU12 44.975231 95321 sgemm sgemm CUDA0 1.008287 95361 40
CPU15 45.111420 95322 sgemm sgemm CUDA3 1.002241 95362 40
CPU15 44.796386 95323 sgemm sgemm CUDA0 1.177068 95363 40
CPU17 45.208638 95324 sgemm sgemm CUDA2 1.002919 95364 40
CPU7 45.012569 95325 sgemm sgemm CUDA0 1.008668 95365 40
CPU6 25.919724 95328 ssyrk ssyrk CUDA0 1.002348 95368 40
CPU6 45.407589 95329 sgemm sgemm CUDA1 0.986522 95369 40
CPU5 44.921369 95330 sgemm sgemm CUDA2 1.178851 95370 40
CPU19 45.345095 95331 sgemm sgemm CUDA1 1.411595 95371 40
CPU6 45.265604 95332 sgemm sgemm CUDA2 1.211921 95372 40
CPU5 44.989499 95333 sgemm sgemm CUDA1 3.711469 95373 40
CPU6 45.281003 95334 sgemm sgemm CUDA3 1.159490 95374 40
CPU5 45.183156 95335 sgemm sgemm CUDA0 0.845879 95375 40
CPU12 45.057899 95336 sgemm sgemm CUDA0 0.988201 95376 40
CPU3 44.583100 95337 sgemm sgemm CUDA3 8.294084 95377 40
CPU3 45.115615 95338 sgemm sgemm CUDA0 1.156880 95378 40
CPU2 45.095035 95339 sgemm sgemm CUDA3 1.065326 95379 40
CPU7 44.877989 95340 sgemm sgemm CUDA0 1.159268 95380 40
CPU5 44.910959 95341 sgemm sgemm CUDA3 1.160729 95381 40
CPU2 45.320617 95342 sgemm sgemm CUDA3 1.002384 95382 40
CPU6 45.301515 95343 sgemm sgemm CUDA2 1.311418 95383 40
CPU14 44.860710 95344 sgemm sgemm CUDA0 1.157263 95384 40
CPU13 45.257846 95345 sgemm sgemm CUDA1 0.993413 95385 40
CPU17 44.830032 95346 sgemm sgemm CUDA1 0.996882 95386 40
CPU17 45.099470 95347 sgemm sgemm CUDA3 0.994375 95387 40
CPU17 44.936831 95348 sgemm sgemm CUDA0 1.174153 95388 40
CPU13 45.041026 95349 sgemm sgemm CUDA1 1.001953 95389 40
CPU14 44.927543 95350 sgemm sgemm CUDA2 0.998806 95390 40
CPU15 44.895223 95351 sgemm sgemm CUDA0 0.999923 95391 40
CPU3 45.093488 95352 sgemm sgemm CUDA3 1.298736 95392 40
CPU14 45.089937 95353 sgemm sgemm CUDA2 1.003952 95393 40
CPU17 45.268249 95354 sgemm sgemm CUDA1 1.054565 95394 40
CPU11 44.950365 95355 sgemm sgemm CUDA2 1.001508 95395 40
CPU13 44.924289 95356 sgemm sgemm CUDA2 1.232997 95396 40
CPU6 44.579732 95357 sgemm sgemm CUDA3 1.309891 95397 40
CPU17 45.079850 95358 sgemm sgemm CUDA1 1.174597 95398 40
CPU11 45.202525 95359 sgemm sgemm CUDA0 1.066603 95399 40
CPU4 45.139756 95360 sgemm sgemm CUDA0 1.004418 95400 40
CPU17 45.114005 95361 sgemm sgemm CUDA0 0.058500 95401 40
CPU17 44.788958 95362 sgemm sgemm CUDA0 1.025432 95402 40
CPU17 45.237967 95363 sgemm sgemm CUDA2 1.003654 95403 40
CPU18 44.968720 95364 sgemm sgemm CUDA0 1.168935 95404 40
CPU5 44.650677 95365 sgemm sgemm CUDA3 1.174939 95405 40
CPU3 45.061189 95366 sgemm sgemm CUDA1 1.318250 95406 40
CPU12 45.211073 95367 sgemm sgemm CUDA2 1.001622 95407 40
CPU1 45.140290 95368 sgemm sgemm CUDA0 1.178293 95408 40
CPU14 45.172911 95369 sgemm sgemm CUDA3 1.002763 95409 40
CPU17 45.053747 95370 sgemm sgemm CUDA0 1.221215 95410 40
CPU4 44.985101 95371 sgemm sgemm CUDA2 1.006071 95411 40
CPU3 44.913529 95372 sgemm sgemm CUDA0 1.014361 95412 40
CPU8 24.827683 95375 ssyrk ssyrk CUDA1 0.793110 95415 40
CPU15 45.084591 95376 sgemm sgemm CUDA2 1.059485 95416 40
CPU10 45.288138 95377 sgemm sgemm CUDA1 1.160585 95417 40
CPU9 45.020770 95378 sgemm sgemm CUDA2 0.039216 95418 40
CPU7 44.944131 95379 sgemm sgemm CUDA1 0.989861 95419 40
CPU1 45.081365 95380 sgemm sgemm CUDA1 1.171009 95420 40
CPU8 44.657205 95381 sgemm sgemm CUDA1 0.221502 95421 40
CPU12 45.093995 95382 sgemm sgemm CUDA0 1.245320 95422 40
CPU3 44.832618 95383 sgemm sgemm CUDA0 5.747290 95423 40
CPU4 44.736265 95384 sgemm sgemm CUDA0 1.431888 95424 40
CPU8 44.550622 95385 sgemm sgemm CUDA2 7.226348 95425 40
CPU8 44.878244 95386 sgemm sgemm CUDA0 1.052627 95426 40
CPU0 45.118659 95387 sgemm sgemm CUDA1 1.158435 95427 40
CPU6 44.956537 95388 sgemm sgemm CUDA0 1.164452 95428 40
CPU15 45.158095 95389 sgemm sgemm CUDA0 0.991398 95429 40
CPU17 45.206797 95390 sgemm sgemm CUDA0 0.994906 95430 40
CPU15 45.098845 95391 sgemm sgemm CUDA1 0.994359 95431 40
CPU17 44.986780 95392 sgemm sgemm CUDA1 0.997118 95432 40
CPU17 45.314000 95393 sgemm sgemm CUDA3 1.189989 95433 40
CPU17 45.036748 95394 sgemm sgemm CUDA0 0.998165 95434 40
CPU13 45.353076 95395 sgemm sgemm CUDA1 0.092133 95435 40
CPU14 44.938902 95396 sgemm sgemm CUDA0 1.156852 95436 40
CPU16 45.120567 95397 sgemm sgemm CUDA0 9.415131 95437 40
CPU17 44.952812 95398 sgemm sgemm CUDA3 0.101955 95438 40
CPU17 45.353873 95399 sgemm sgemm CUDA3 1.171973 95439 40
CPU17 45.081352 95400 sgemm sgemm CUDA3 1.222579 95440 40
CPU15 45.102159 95401 sgemm sgemm CUDA2 1.174906 95441 40
CPU10 45.141147 95402 sgemm sgemm CUDA2 1.217920 95442 40
CPU2 44.576758 95403 sgemm sgemm CUDA1 1.174284 95443 40
CPU3 45.046518 95404 sgemm sgemm CUDA1 7.916363 95444 40
CPU17 45.149378 95405 sgemm sgemm CUDA0 1.222327 95445 40
CPU1 44.875670 95406 sgemm sgemm CUDA0 0.993821 95446 40
CPU17 45.202009 95407 sgemm sgemm CUDA0 1.169187 95447 40
CPU17 45.344706 95408 sgemm sgemm CUDA0 12.415216 95448 40
CPU16 45.207240 95409 sgemm sgemm CUDA2 1.145804 95449 40
CPU19 44.993212 95410 sgemm sgemm CUDA2 1.005046 95450 40
CPU0 44.945727 95411 sgemm sgemm CUDA3 1.179609 95451 40
CPU17 45.025319 95412 sgemm sgemm CUDA1 1.238034 95452 40
CPU17 45.258757 95413 sgemm sgemm CUDA2 1.008835 95453 40
CPU12 45.044403 95414 sgemm sgemm CUDA0 1.005703 95454 40
CPU13 45.350043 95415 sgemm sgemm CUDA0 1.856804 95455 40
CPU13 45.227738 95416 sgemm sgemm CUDA0 1.009989 95456 40
CPU13 45.247445 95417 sgemm sgemm CUDA2 13.976581 95457 40
CPU6 45.162164 95418 sgemm sgemm CUDA0 1.177408 95458 40
CPU15 25.023386 95421 ssyrk ssyrk CUDA2 0.837555 95461 40
CPU19 45.090509 95422 sgemm sgemm CUDA2 1.055034 95462 40
CPU13 45.153400 95423 sgemm sgemm CUDA2 1.080178 95463 40
CPU14 45.106457 95424 sgemm sgemm CUDA3 1.179876 95464 40
CPU13 44.974811 95425 sgemm sgemm CUDA3 1.223714 95465 40
CPU15 44.974666 95426 sgemm sgemm CUDA1 1.047130 95466 40
CPU12 44.798548 95427 sgemm sgemm CUDA0 0.984510 95467 40
CPU14 45.289437 95428 sgemm sgemm CUDA0 0.993183 95468 40
CPU1 45.141085 95429 sgemm sgemm CUDA0 1.219384 95469 40
CPU5 44.918500 95430 sgemm sgemm CUDA2 1.203530 95470 40
CPU5 45.124352 95431 sgemm sgemm CUDA0 1.163387 95471 40
CPU0 45.278665 95432 sgemm sgemm CUDA2 0.228422 95472 40
CPU1 45.139180 95433 sgemm sgemm CUDA1 0.994658 95473 40
CPU17 45.217395 95434 sgemm sgemm CUDA2 1.171894 95474 40
CPU17 44.835014 95435 sgemm sgemm CUDA0 0.993196 95475 40
CPU13 45.138122 95436 sgemm sgemm CUDA1 1.171209 95476 40
CPU17 44.779707 95437 sgemm sgemm CUDA2 0.998987 95477 40
CPU17 45.091227 95438 sgemm sgemm CUDA1 1.165259 95478 40
CPU17 45.063501 95439 sgemm sgemm CUDA0 1.172742 95479 40
CPU13 44.919284 95440 sgemm sgemm CUDA1 1.178894 95480 40
CPU14 44.791202 95441 sgemm sgemm CUDA0 1.002219 95481 40
CPU15 44.843213 95442 sgemm sgemm CUDA0 1.050420 95482 40
CPU13 44.871846 95443 sgemm sgemm CUDA2 1.016344 95483 40
CPU13 44.980411 95444 sgemm sgemm CUDA2 1.175942 95484 40
CPU17 44.849443 95445 sgemm sgemm CUDA1 0.998180 95485 40
CPU4 45.004503 95446 sgemm sgemm CUDA2 1.000743 95486 40
CPU12 44.812102 95447 sgemm sgemm CUDA2 1.173895 95487 40
CPU0 44.655458 95448 sgemm sgemm CUDA1 1.174551 95488 40
CPU14 44.885590 95449 sgemm sgemm CUDA1 1.173394 95489 40
CPU16 45.183379 95450 sgemm sgemm CUDA0 13.018000 95490 40
CPU2 44.993832 95451 sgemm sgemm CUDA0 1.002187 95491 40
CPU16 45.111603 95452 sgemm sgemm CUDA0 1.163069 95492 40
CPU5 45.160722 95453 sgemm sgemm CUDA0 1.008617 95493 40
CPU16 44.978972 95454 sgemm sgemm CUDA2 1.176361 95494 40
CPU19 44.804560 95455 sgemm sgemm CUDA2 1.004567 95495 40
CPU4 45.097851 95456 sgemm sgemm CUDA1 1.003795 95496 40
CPU17 44.995940 95457 sgemm sgemm CUDA2 1.205542 95497 40
CPU17 44.930852 95458 sgemm sgemm CUDA2 1.006656 95498 40
CPU10 44.748906 95459 sgemm sgemm CUDA0 1.171254 95499 40
CPU15 44.862119 95460 sgemm sgemm CUDA0 1.003744 95500 40
CPU12 44.824923 95461 sgemm sgemm CUDA1 1.001801 95501 40
CPU0 45.306587 95462 sgemm sgemm CUDA2 0.998136 95502 40
CPU7 45.017786 95463 sgemm sgemm CUDA0 0.114836 95503 40
CPU10 25.421236 95466 ssyrk ssyrk CUDA2 0.568809 95506 40
CPU18 44.985736 95467 sgemm sgemm CUDA1 0.998145 95507 40
CPU18 45.147551 95468 sgemm sgemm CUDA1 1.053631 95508 40
CPU19 44.753744 95469 sgemm sgemm CUDA3 0.069530 95509 40
CPU18 45.207781 95470 sgemm sgemm CUDA3 0.802786 95510 40
CPU12 45.028576 95471 sgemm sgemm CUDA2 1.298479 95511 40
CPU18 45.322132 95472 sgemm sgemm CUDA3 0.975782 95512 40
CPU19 45.052479 95473 sgemm sgemm CUDA1 0.976237 95513 40
CPU2 44.830396 95474 sgemm sgemm CUDA2 1.158214 95514 40
CPU7 45.441937 95475 sgemm sgemm CUDA2 1.163410 95515 40
CPU18 45.443834 95476 sgemm sgemm CUDA2 1.159367 95516 40
CPU3 45.127794 95477 sgemm sgemm CUDA3 1.157926 95517 40
CPU10 45.191564 95478 sgemm sgemm CUDA2 1.123996 95518 40
CPU17 44.973115 95479 sgemm sgemm CUDA3 0.992466 95519 40
CPU14 44.939019 95480 sgemm sgemm CUDA2 0.993101 95520 40
CPU17 44.937508 95481 sgemm sgemm CUDA2 1.002897 95521 40
CPU17 45.079366 95482 sgemm sgemm CUDA1 1.166045 95522 40
CPU16 44.830116 95483 sgemm sgemm CUDA3 0.999078 95523 40
CPU13 45.199496 95484 sgemm sgemm CUDA1 1.007245 95524 40
CPU14 44.988358 95485 sgemm sgemm CUDA2 0.998640 95525 40
CPU16 45.097654 95486 sgemm sgemm CUDA3 1.000218 95526 40
CPU10 45.078019 95487 sgemm sgemm CUDA2 1.160838 95527 40
CPU10 44.917217 95488 sgemm sgemm CUDA3 0.999726 95528 40
CPU1 44.972448 95489 sgemm sgemm CUDA3 1.286585 95529 40
CPU8 44.840324 95490 sgemm sgemm CUDA2 1.024054 95530 40
CPU8 44.822717 95491 sgemm sgemm CUDA2 1.180335 95531 40
CPU4 45.018534 95492 sgemm sgemm CUDA1 1.174564 95532 40
CPU10 44.974487 95493 sgemm sgemm CUDA1 1.175097 95533 40
CPU14 45.197878 95494 sgemm sgemm CUDA3 0.997242 95534 40
CPU2 44.906698 95495 sgemm sgemm CUDA2 1.182238 95535 40
CPU9 44.828019 95496 sgemm sgemm CUDA3 1.176809 95536 40
CPU17 44.959857 95497 sgemm sgemm CUDA2 1.005474 95537 40
CPU0 45.115474 95498 sgemm sgemm CUDA2 1.006441 95538 40
CPU18 44.881905 95499 sgemm sgemm CUDA2 1.182274 95539 40
CPU0 45.117834 95500 sgemm sgemm CUDA1 1.175241 95540 40
CPU11 44.864184 95501 sgemm sgemm CUDA2 1.176538 95541 40
CPU12 45.185193 95502 sgemm sgemm CUDA3 1.007067 95542 40
CPU12 45.032094 95503 sgemm sgemm CUDA3 1.006413 95543 40
CPU15 45.002161 95504 sgemm sgemm CUDA3 0.992785 95544 40
CPU6 45.019163 95505 sgemm sgemm CUDA1 0.999322 95545 40
CPU2 44.789322 95506 sgemm sgemm CUDA2 0.994146 95546 40
CPU1 44.630697 95507 sgemm sgemm CUDA2 0.999837 95547 40
CPU9 24.906703 95510 ssyrk ssyrk CUDA0 0.738061 95550 40
CPU7 44.940909 95511 sgemm sgemm CUDA1 0.985466 95551 40
CPU2 45.038913 95512 sgemm sgemm CUDA0 1.153103 95552 40
CPU8 44.819701 95513 sgemm sgemm CUDA1 0.099578 95553 40
CPU12 45.190084 95514 sgemm sgemm CUDA2 1.046734 95554 40
CPU6 45.000658 95515 sgemm sgemm CUDA0 0.899812 95555 40
CPU3 45.137016 95516 sgemm sgemm CUDA0 1.158594 95556 40
CPU6 44.654505 95517 sgemm sgemm CUDA2 0.999011 95557 40
CPU8 44.853467 95518 sgemm sgemm CUDA2 1.216882 95558 40
CPU0 45.461128 95519 sgemm sgemm CUDA2 1.012021 95559 40
CPU6 45.185088 95520 sgemm sgemm CUDA1 0.048442 95560 40
CPU17 45.053403 95521 sgemm sgemm CUDA1 1.170109 95561 40
CPU17 45.006969 95522 sgemm sgemm CUDA0 1.169851 95562 40
CPU15 44.888884 95523 sgemm sgemm CUDA1 1.225966 95563 40
CPU17 44.964105 95524 sgemm sgemm CUDA2 1.167141 95564 40
CPU14 45.020606 95525 sgemm sgemm CUDA1 1.004586 95565 40
CPU6 45.120337 95526 sgemm sgemm CUDA3 1.047379 95566 40
CPU13 44.929577 95527 sgemm sgemm CUDA2 1.170205 95567 40
CPU14 44.931809 95528 sgemm sgemm CUDA0 1.155648 95568 40
CPU16 44.919528 95529 sgemm sgemm CUDA3 1.234525 95569 40
CPU14 44.963625 95530 sgemm sgemm CUDA2 1.054006 95570 40
CPU16 44.764209 95531 sgemm sgemm CUDA2 1.172673 95571 40
CPU2 44.918072 95532 sgemm sgemm CUDA3 0.072080 95572 40
CPU0 45.058247 95533 sgemm sgemm CUDA0 1.175095 95573 40
CPU12 45.070602 95534 sgemm sgemm CUDA2 1.178189 95574 40
CPU5 44.469956 95535 sgemm sgemm CUDA1 1.176635 95575 40
CPU16 44.830931 95536 sgemm sgemm CUDA2 1.205601 95576 40
CPU17 45.149052 95537 sgemm sgemm CUDA3 1.004829 95577 40
CPU3 44.354386 95538 sgemm sgemm CUDA0 1.177367 95578 40
CPU15 45.012644 95539 sgemm sgemm CUDA0 1.168948 95579 40
CPU17 44.736481 95540 sgemm sgemm CUDA2 1.174842 95580 40
CPU17 45.070223 95541 sgemm sgemm CUDA0 1.180332 95581 40
CPU18 44.698442 95542 sgemm sgemm CUDA2 7.393400 95582 40
CPU3 45.459479 95543 sgemm sgemm CUDA1 1.005028 95583 40
CPU14 44.868209 95544 sgemm sgemm CUDA2 1.006160 95584 40
CPU12 45.105331 95545 sgemm sgemm CUDA3 1.008576 95585 40
CPU5 45.196965 95546 sgemm sgemm CUDA3 1.196623 95586 40
CPU13 45.028167 95547 sgemm sgemm CUDA0 1.170751 95587 40
CPU17 45.166275 95548 sgemm sgemm CUDA0 1.195126 95588 40
CPU7 44.996422 95549 sgemm sgemm CUDA3 1.242944 95589 40
CPU0 45.099194 95550 sgemm sgemm CUDA2 1.175406 95590 40
CPU7 25.972913 95553 ssyrk ssyrk CUDA2 0.062458 95593 40
CPU7 45.216758 95554 sgemm sgemm CUDA3 0.196018 95594 40
CPU4 45.225361 95555 sgemm sgemm CUDA1 0.136890 95595 40
CPU12 45.083917 95556 sgemm sgemm CUDA3 1.182015 95596 40
CPU7 45.218692 95557 sgemm sgemm CUDA3 1.049315 95597 40
CPU4 45.187744 95558 sgemm sgemm CUDA1 1.169900 95598 40
CPU3 44.392356 95559 sgemm sgemm CUDA2 0.992933 95599 40
CPU1 44.410381 95560 sgemm sgemm CUDA2 1.013691 95600 40
CPU0 45.061188 95561 sgemm sgemm CUDA3 1.304406 95601 40
CPU4 45.003367 95562 sgemm sgemm CUDA3 1.218995 95602 40
CPU17 45.160959 95563 sgemm sgemm CUDA1 1.168637 95603 40
CPU17 45.028704 95564 sgemm sgemm CUDA3 1.164818 95604 40
CPU15 44.992939 95565 sgemm sgemm CUDA2 0.999005 95605 40
CPU17 44.954916 95566 sgemm sgemm CUDA1 0.994757 95606 40
CPU7 44.940452 95567 sgemm sgemm CUDA1 1.175055 95607 40
CPU16 44.827331 95568 sgemm sgemm CUDA3 0.069130 95608 40
CPU13 45.263707 95569 sgemm sgemm CUDA1 1.004218 95609 40
CPU14 45.155080 95570 sgemm sgemm CUDA2 1.000119 95610 40
CPU16 45.107131 95571 sgemm sgemm CUDA3 1.267184 95611 40
CPU12 45.245268 95572 sgemm sgemm CUDA2 1.003573 95612 40
CPU17 45.093221 95573 sgemm sgemm CUDA3 0.999894 95613 40
CPU17 44.981056 95574 sgemm sgemm CUDA3 0.996521 95614 40
CPU13 45.071073 95575 sgemm sgemm CUDA2 1.290596 95615 40
CPU17 45.125796 95576 sgemm sgemm CUDA2 1.006049 95616 40
CPU19 45.059584 95577 sgemm sgemm CUDA1 12.886053 95617 40
CPU17 45.213368 95578 sgemm sgemm CUDA2 1.004481 95618 40
CPU17 45.142221 95579 sgemm sgemm CUDA3 1.171253 95619 40
CPU1 44.701976 95580 sgemm sgemm CUDA2 1.007637 95620 40
CPU17 45.101442 95581 sgemm sgemm CUDA3 1.175639 95621 40
CPU12 45.043016 95582 sgemm sgemm CUDA2 1.177716 95622 40
CPU17 45.192917 95583 sgemm sgemm CUDA2 0.968011 95623 40
CPU18 44.809187 95584 sgemm sgemm CUDA2 1.175611 95624 40
CPU5 44.693654 95585 sgemm sgemm CUDA3 0.999752 95625 40
CPU16 44.961390 95586 sgemm sgemm CUDA1 1.006889 95626 40
CPU17 45.281171 95587 sgemm sgemm CUDA3 1.176550 95627 40
CPU2 44.911859 95588 sgemm sgemm CUDA3 1.249327 95628 40
CPU14 45.165025 95589 sgemm sgemm CUDA0 7.043699 95629 40
CPU1 44.764368 95590 sgemm sgemm CUDA0 1.254253 95630 40
CPU17 45.207453 95591 sgemm sgemm CUDA3 1.003024 95631 40
CPU8 44.649501 95592 sgemm sgemm CUDA2 12.813237 95632 40
CPU2 25.658441 95595 ssyrk ssyrk CUDA3 0.572754 95635 40
CPU8 44.860723 95596 sgemm sgemm CUDA3 0.089690 95636 40
CPU12 44.807354 95597 sgemm sgemm CUDA0 0.989935 95637 40
CPU4 45.462972 95598 sgemm sgemm CUDA0 1.047158 95638 40
CPU2 45.144445 95599 sgemm sgemm CUDA0 1.164463 95639 40
CPU4 44.446383 95600 sgemm sgemm CUDA2 1.002506 95640 40
CPU5 45.067132 95601 sgemm sgemm CUDA0 0.083270 95641 40
CPU0 45.354185 95602 sgemm sgemm CUDA2 1.164118 95642 40
CPU7 45.040115 95603 sgemm sgemm CUDA2 1.164783 95643 40
CPU17 44.802792 95604 sgemm sgemm CUDA0 0.997953 95644 40
CPU17 44.850257 95605 sgemm sgemm CUDA3 1.058091 95645 40
CPU13 44.936371 95606 sgemm sgemm CUDA2 1.178096 95646 40
CPU19 44.808105 95607 sgemm sgemm CUDA2 1.054036 95647 40
CPU17 44.762989 95608 sgemm sgemm CUDA3 1.215919 95648 40
CPU18 45.035187 95609 sgemm sgemm CUDA3 1.000283 95649 40
CPU13 44.901485 95610 sgemm sgemm CUDA2 1.168432 95650 40
CPU14 44.915999 95611 sgemm sgemm CUDA0 0.718675 95651 40
CPU15 44.672366 95612 sgemm sgemm CUDA3 12.322146 95652 40
CPU17 44.980741 95613 sgemm sgemm CUDA2 1.377501 95653 40
CPU12 44.812241 95614 sgemm sgemm CUDA2 1.053363 95654 40
CPU16 44.728252 95615 sgemm sgemm CUDA3 0.992636 95655 40
CPU14 45.014091 95616 sgemm sgemm CUDA0 1.168067 95656 40
CPU17 44.850805 95617 sgemm sgemm CUDA0 1.170306 95657 40
CPU18 44.649314 95618 sgemm sgemm CUDA1 1.006641 95658 40
CPU15 44.545108 95619 sgemm sgemm CUDA2 1.013059 95659 40
CPU17 44.944522 95620 sgemm sgemm CUDA3 1.178239 95660 40
CPU1 44.976188 95621 sgemm sgemm CUDA0 1.006871 95661 40
CPU10 44.946335 95622 sgemm sgemm CUDA0 1.006726 95662 40
CPU15 44.691634 95623 sgemm sgemm CUDA2 0.055546 95663 40
CPU16 44.875773 95624 sgemm sgemm CUDA0 1.176670 95664 40
CPU18 44.806828 95625 sgemm sgemm CUDA0 1.170686 95665 40
CPU7 45.317210 95626 sgemm sgemm CUDA3 1.441402 95666 40
CPU17 45.071475 95627 sgemm sgemm CUDA2 1.173425 95667 40
CPU17 44.852270 95628 sgemm sgemm CUDA3 1.007757 95668 40
CPU6 45.163880 95629 sgemm sgemm CUDA3 1.003942 95669 40
CPU13 45.023473 95630 sgemm sgemm CUDA0 0.053787 95670 40
CPU17 44.892899 95631 sgemm sgemm CUDA0 1.167156 95671 40
CPU2 45.073743 95632 sgemm sgemm CUDA3 12.199190 95672 40
CPU0 45.227340 95633 sgemm sgemm CUDA2 1.006747 95673 40
CPU8 24.843804 95636 ssyrk ssyrk CUDA1 0.637084 95676 40
CPU12 45.076274 95637 sgemm sgemm CUDA0 0.902531 95677 40
CPU9 45.482854 95638 sgemm sgemm CUDA3 0.990635 95678 40
CPU1 45.062856 95639 sgemm sgemm CUDA1 1.218598 95679 40
CPU7 44.411957 95640 sgemm sgemm CUDA1 0.991979 95680 40
CPU2 45.134851 95641 sgemm sgemm CUDA3 1.164066 95681 40
CPU0 45.084445 95642 sgemm sgemm CUDA1 1.168721 95682 40
CPU8 44.795855 95643 sgemm sgemm CUDA3 0.992677 95683 40
CPU17 44.975512 95644 sgemm sgemm CUDA1 0.999584 95684 40
CPU12 45.027985 95645 sgemm sgemm CUDA3 1.157960 95685 40
CPU15 44.815606 95646 sgemm sgemm CUDA1 1.173937 95686 40
CPU15 44.970391 95647 sgemm sgemm CUDA1 1.000326 95687 40
CPU15 45.011543 95648 sgemm sgemm CUDA1 0.999263 95688 40
CPU14 45.112094 95649 sgemm sgemm CUDA3 12.727696 95689 40
CPU13 44.924815 95650 sgemm sgemm CUDA3 0.120361 95690 40
CPU14 45.056038 95651 sgemm sgemm CUDA1 1.176986 95691 40
CPU16 45.013215 95652 sgemm sgemm CUDA3 1.000461 95692 40
CPU17 44.970028 95653 sgemm sgemm CUDA3 1.295220 95693 40
CPU11 45.050330 95654 sgemm sgemm CUDA3 1.168671 95694 40
CPU11 44.763798 95655 sgemm sgemm CUDA3 1.174458 95695 40
CPU10 45.130542 95656 sgemm sgemm CUDA3 1.005320 95696 40
CPU17 45.374420 95657 sgemm sgemm CUDA0 0.999890 95697 40
CPU6 45.190537 95658 sgemm sgemm CUDA1 1.180260 95698 40
CPU17 44.970224 95659 sgemm sgemm CUDA1 1.004429 95699 40
CPU10 45.054122 95660 sgemm sgemm CUDA3 1.176871 95700 40
CPU2 44.629662 95661 sgemm sgemm CUDA0 1.009814 95701 40
CPU17 45.042953 95662 sgemm sgemm CUDA0 1.170476 95702 40
CPU17 44.969625 95663 sgemm sgemm CUDA0 1.180043 95703 40
CPU13 45.261004 95664 sgemm sgemm CUDA0 1.177429 95704 40
CPU18 44.909947 95665 sgemm sgemm CUDA0 1.180054 95705 40
CPU5 44.812484 95666 sgemm sgemm CUDA1 0.078139 95706 40
CPU9 44.886378 95667 sgemm sgemm CUDA0 1.174271 95707 40
CPU19 45.551082 95668 sgemm sgemm CUDA3 1.173732 95708 40
CPU10 44.924730 95669 sgemm sgemm CUDA0 1.168573 95709 40
CPU15 44.703807 95670 sgemm sgemm CUDA0 0.990467 95710 40
CPU12 45.146557 95671 sgemm sgemm CUDA1 1.002136 95711 40
CPU17 44.983428 95672 sgemm sgemm CUDA3 0.990405 95712 40
CPU1 45.073153 95673 sgemm sgemm CUDA0 0.995659 95713 40
CPU12 25.239439 95676 ssyrk ssyrk CUDA3 0.578319 95716 40
CPU12 45.026696 95677 sgemm sgemm CUDA0 0.992567 95717 40
CPU12 44.934763 95678 sgemm sgemm CUDA0 1.049522 95718 40
CPU12 45.101524 95679 sgemm sgemm CUDA2 1.160548 95719 40
CPU12 45.054900 95680 sgemm sgemm CUDA3 1.260602 95720 40
CPU12 45.212692 95681 sgemm sgemm CUDA2 0.996675 95721 40
CPU12 45.017456 95682 sgemm sgemm CUDA0 1.171690 95722 40
CPU12 45.062552 95683 sgemm sgemm CUDA2 1.170006 95723 40
CPU14 45.111631 95684 sgemm sgemm CUDA0 1.226516 95724 40
CPU14 44.896675 95685 sgemm sgemm CUDA3 6.407637 95725 40
CPU14 45.061827 95686 sgemm sgemm CUDA2 1.178603 95726 40
CPU19 44.934219 95687 sgemm sgemm CUDA3 0.067931 95727 40
CPU14 45.179720 95688 sgemm sgemm CUDA0 8.458982 95728 40
CPU13 44.842650 95689 sgemm sgemm CUDA3 1.173526 95729 40
CPU14 45.109578 95690 sgemm sgemm CUDA0 1.233406 95730 40
CPU16 44.982890 95691 sgemm sgemm CUDA3 2.153356 95731 40
CPU17 44.903828 95692 sgemm sgemm CUDA3 0.999679 95732 40
CPU12 44.929487 95693 sgemm sgemm CUDA2 1.174307 95733 40
CPU17 44.769775 95694 sgemm sgemm CUDA0 1.003908 95734 40
CPU17 45.235827 95695 sgemm sgemm CUDA3 1.002974 95735 40
CPU17 44.984266 95696 sgemm sgemm CUDA0 1.007916 95736 40
CPU0 44.700964 95697 sgemm sgemm CUDA3 1.177181 95737 40
CPU17 44.809212 95698 sgemm sgemm CUDA2 1.159671 95738 40
CPU13 45.093845 95699 sgemm sgemm CUDA3 0.058746 95739 40
CPU2 44.906760 95700 sgemm sgemm CUDA0 1.006766 95740 40
CPU17 45.024092 95701 sgemm sgemm CUDA3 1.003852 95741 40
CPU17 44.896457 95702 sgemm sgemm CUDA2 1.000841 95742 40
CPU17 45.125916 95703 sgemm sgemm CUDA0 1.014906 95743 40
CPU19 44.981769 95704 sgemm sgemm CUDA2 1.005491 95744 40
CPU4 45.096438 95705 sgemm sgemm CUDA3 0.216135 95745 40
CPU10 45.505869 95706 sgemm sgemm CUDA0 1.004246 95746 40
CPU0 45.114129 95707 sgemm sgemm CUDA3 0.060000 95747 40
CPU1 44.863175 95708 sgemm sgemm CUDA3 1.171358 95748 40
CPU15 44.722609 95709 sgemm sgemm CUDA3 1.002910 95749 40
CPU12 45.111091 95710 sgemm sgemm CUDA0 0.060064 95750 40
CPU4 45.079248 95711 sgemm sgemm CUDA3 1.173970 95751 40
CPU1 44.958505 95712 sgemm sgemm CUDA2 0.997910 95752 40
CPU9 24.913076 95715 ssyrk ssyrk CUDA2 0.787628 95755 40
CPU3 45.089596 95716 sgemm sgemm CUDA2 1.162309 95756 40
CPU8 44.648712 95717 sgemm sgemm CUDA2 1.048726 95757 40
CPU9 44.818583 95718 sgemm sgemm CUDA3 1.007330 95758 40
CPU0 44.929132 95719 sgemm sgemm CUDA3 1.005477 95759 40
CPU5 44.931525 95720 sgemm sgemm CUDA0 1.153315 95760 40
CPU7 44.845643 95721 sgemm sgemm CUDA0 0.138864 95761 40
CPU17 45.121245 95722 sgemm sgemm CUDA3 1.227751 95762 40
CPU15 44.973296 95723 sgemm sgemm CUDA3 1.220079 95763 40
CPU15 44.906674 95724 sgemm sgemm CUDA2 0.998774 95764 40
CPU13 45.172675 95725 sgemm sgemm CUDA3 1.017085 95765 40
CPU15 44.942946 95726 sgemm sgemm CUDA0 1.194977 95766 40
CPU13 45.184546 95727 sgemm sgemm CUDA2 1.004569 95767 40
CPU14 45.168827 95728 sgemm sgemm CUDA0 1.008715 95768 40
CPU16 44.992994 95729 sgemm sgemm CUDA2 1.172806 95769 40
CPU17 45.097567 95730 sgemm sgemm CUDA0 1.002304 95770 40
CPU17 45.010869 95731 sgemm sgemm CUDA3 1.173848 95771 40
CPU17 45.364295 95732 sgemm sgemm CUDA0 1.181420 95772 40
CPU7 44.883102 95733 sgemm sgemm CUDA3 1.173445 95773 40
CPU17 45.141757 95734 sgemm sgemm CUDA2 6.845964 95774 40
CPU8 44.638944 95735 sgemm sgemm CUDA0 1.158948 95775 40
CPU17 45.084584 95736 sgemm sgemm CUDA2 1.006066 95776 40
CPU17 45.265548 95737 sgemm sgemm CUDA0 1.166622 95777 40
CPU0 45.035272 95738 sgemm sgemm CUDA2 1.005651 95778 40
CPU17 45.126200 95739 sgemm sgemm CUDA0 1.007169 95779 40
CPU0 45.698573 95740 sgemm sgemm CUDA2 1.172400 95780 40
CPU15 45.012043 95741 sgemm sgemm CUDA0 1.007081 95781 40
CPU19 45.093774 95742 sgemm sgemm CUDA2 0.998675 95782 40
CPU7 44.836132 95743 sgemm sgemm CUDA2 0.991482 95783 40
CPU9 44.809875 95744 sgemm sgemm CUDA0 9.512887 95784 40
CPU8 44.680873 95745 sgemm sgemm CUDA2 1.171087 95785 40
CPU0 44.925935 95746 sgemm sgemm CUDA0 0.999667 95786 40
CPU14 45.081390 95747 sgemm sgemm CUDA0 12.472273 95787 40
CPU1 44.781117 95748 sgemm sgemm CUDA0 0.999157 95788 40
CPU12 45.196647 95749 sgemm sgemm CUDA3 0.998302 95789 40
CPU1 44.895227 95750 sgemm sgemm CUDA3 1.168841 95790 40
CPU4 26.064376 95753 ssyrk ssyrk CUDA1 6.768058 95793 40
CPU5 45.189810 95754 sgemm sgemm CUDA2 1.045283 95794 40
CPU3 45.088286 95755 sgemm sgemm CUDA2 1.162430 95795 40
CPU1 44.958606 95756 sgemm sgemm CUDA1 1.224345 95796 40
CPU2 45.180944 95757 sgemm sgemm CUDA0 1.237255 95797 40
CPU4 45.462682 95758 sgemm sgemm CUDA1 1.054209 95798 40
CPU12 45.012630 95759 sgemm sgemm CUDA0 0.129824 95799 40
CPU13 45.276368 95760 sgemm sgemm CUDA1 1.005793 95800 40
CPU12 44.919286 95761 sgemm sgemm CUDA1 1.166289 95801 40
CPU14 45.060162 95762 sgemm sgemm CUDA0 1.251147 95802 40
CPU16 44.759146 95763 sgemm sgemm CUDA0 1.019315 95803 40
CPU13 44.831219 95764 sgemm sgemm CUDA1 1.175371 95804 40
CPU14 44.900373 95765 sgemm sgemm CUDA2 1.014511 95805 40
CPU15 44.728356 95766 sgemm sgemm CUDA2 1.012384 95806 40
CPU16 44.951748 95767 sgemm sgemm CUDA1 1.177542 95807 40
CPU17 45.131156 95768 sgemm sgemm CUDA2 1.019577 95808 40
CPU8 45.254166 95769 sgemm sgemm CUDA0 1.168073 95809 40
CPU12 44.950240 95770 sgemm sgemm CUDA2 1.005562 95810 40
CPU17 44.865303 95771 sgemm sgemm CUDA0 1.168080 95811 40
CPU4 44.642351 95772 sgemm sgemm CUDA1 1.177051 95812 40
CPU12 44.755051 95773 sgemm sgemm CUDA1 1.007267 95813 40
CPU15 44.982655 95774 sgemm sgemm CUDA0 1.218975 95814 40
CPU1 45.003018 95775 sgemm sgemm CUDA0 1.171403 95815 40
CPU8 45.132559 95776 sgemm sgemm CUDA2 1.004096 95816 40
CPU17 45.174843 95777 sgemm sgemm CUDA1 12.408146 95817 40
CPU17 44.881145 95778 sgemm sgemm CUDA0 1.005047 95818 40
CPU19 44.827444 95779 sgemm sgemm CUDA0 1.172906 95819 40
CPU4 45.072689 95780 sgemm sgemm CUDA2 0.994826 95820 40
CPU9 44.931725 95781 sgemm sgemm CUDA0 1.165587 95821 40
CPU13 45.230402 95782 sgemm sgemm CUDA2 1.174662 95822 40
CPU3 44.837272 95783 sgemm sgemm CUDA0 1.171652 95823 40
CPU4 45.245272 95784 sgemm sgemm CUDA0 0.996910 95824 40
CPU0 45.572423 95785 sgemm sgemm CUDA1 1.167783 95825 40
CPU11 45.049637 95786 sgemm sgemm CUDA0 0.994872 95826 40
CPU3 44.919864 95787 sgemm sgemm CUDA2 13.118305 95827 40
CPU8 24.880938 95790 ssyrk ssyrk CUDA2 0.586390 95830 40
CPU1 45.083643 95791 sgemm sgemm CUDA2 1.218010 95831 40
CPU6 45.167490 95792 sgemm sgemm CUDA1 1.048909 95832 40
CPU4 45.160726 95793 sgemm sgemm CUDA2 1.166132 95833 40
CPU2 44.654604 95794 sgemm sgemm CUDA1 1.051334 95834 40
CPU17 45.114594 95795 sgemm sgemm CUDA1 1.050734 95835 40
CPU14 44.972432 95796 sgemm sgemm CUDA3 1.216400 95836 40
CPU17 44.966806 95797 sgemm sgemm CUDA1 1.001436 95837 40
CPU13 45.126496 95798 sgemm sgemm CUDA1 1.171301 95838 40
CPU14 45.233066 95799 sgemm sgemm CUDA3 1.000559 95839 40
CPU13 45.082288 95800 sgemm sgemm CUDA3 1.232077 95840 40
CPU14 45.004597 95801 sgemm sgemm CUDA1 1.003510 95841 40
CPU16 44.892303 95802 sgemm sgemm CUDA2 0.102599 95842 40
CPU16 45.219394 95803 sgemm sgemm CUDA1 1.003001 95843 40
CPU12 45.295980 95804 sgemm sgemm CUDA2 1.002817 95844 40
CPU10 44.990276 95805 sgemm sgemm CUDA1 1.178265 95845 40
CPU12 45.092360 95806 sgemm sgemm CUDA3 1.009815 95846 40
CPU17 45.099498 95807 sgemm sgemm CUDA2 1.060660 95847 40
CPU5 44.609417 95808 sgemm sgemm CUDA1 1.175359 95848 40
CPU13 44.932964 95809 sgemm sgemm CUDA2 1.050610 95849 40
CPU17 45.273897 95810 sgemm sgemm CUDA2 1.175339 95850 40
CPU2 44.731049 95811 sgemm sgemm CUDA3 0.090226 95851 40
CPU1 45.068622 95812 sgemm sgemm CUDA2 1.176378 95852 40
CPU16 45.170574 95813 sgemm sgemm CUDA1 1.171158 95853 40
CPU18 44.930575 95814 sgemm sgemm CUDA2 1.227120 95854 40
CPU19 45.058586 95815 sgemm sgemm CUDA2 0.999676 95855 40
CPU3 45.014149 95816 sgemm sgemm CUDA2 1.171877 95856 40
CPU7 45.205598 95817 sgemm sgemm CUDA1 1.001539 95857 40
CPU17 45.000967 95818 sgemm sgemm CUDA1 0.996422 95858 40
CPU8 44.679126 95819 sgemm sgemm CUDA3 1.006248 95859 40
CPU13 45.269438 95820 sgemm sgemm CUDA3 0.999303 95860 40
CPU17 45.046610 95821 sgemm sgemm CUDA1 1.279377 95861 40
CPU12 44.952653 95822 sgemm sgemm CUDA2 0.080971 95862 40
CPU1 44.891898 95823 sgemm sgemm CUDA3 1.167466 95863 40
CPU9 25.041534 95826 ssyrk ssyrk CUDA0 0.138206 95866 40
CPU9 44.872527 95827 sgemm sgemm CUDA2 1.271252 95867 40
CPU7 45.216071 95828 sgemm sgemm CUDA0 1.247200 95868 40
CPU14 44.993279 95829 sgemm sgemm CUDA2 1.051257 95869 40
CPU16 45.159526 95830 sgemm sgemm CUDA0 1.226103 95870 40
CPU16 45.057349 95831 sgemm sgemm CUDA3 1.007736 95871 40
CPU17 45.107744 95832 sgemm sgemm CUDA3 1.173400 95872 40
CPU10 44.983766 95833 sgemm sgemm CUDA0 1.224189 95873 40
CPU11 44.923315 95834 sgemm sgemm CUDA3 0.056676 95874 40
CPU13 44.921778 95835 sgemm sgemm CUDA3 1.005511 95875 40
CPU14 44.920138 95836 sgemm sgemm CUDA0 0.999558 95876 40
CPU16 44.850490 95837 sgemm sgemm CUDA2 1.178064 95877 40
CPU17 45.014677 95838 sgemm sgemm CUDA0 1.173602 95878 40
CPU17 45.112005 95839 sgemm sgemm CUDA0 1.180632 95879 40
CPU17 44.928228 95840 sgemm sgemm CUDA0 1.194647 95880 40
CPU15 45.060084 95841 sgemm sgemm CUDA0 0.990989 95881 40
CPU13 44.940944 95842 sgemm sgemm CUDA0 1.050914 95882 40
CPU19 44.856185 95843 sgemm sgemm CUDA3 1.007769 95883 40
CPU15 44.801459 95844 sgemm sgemm CUDA2 1.171920 95884 40
CPU10 45.360091 95845 sgemm sgemm CUDA2 1.173991 95885 40
CPU1 44.827244 95846 sgemm sgemm CUDA3 1.023542 95886 40
CPU17 44.944978 95847 sgemm sgemm CUDA2 1.167585 95887 40
CPU17 45.087640 95848 sgemm sgemm CUDA3 1.004452 95888 40
CPU14 45.155881 95849 sgemm sgemm CUDA0 0.997516 95889 40
CPU18 44.690646 95850 sgemm sgemm CUDA0 1.001790 95890 40
CPU7 44.928061 95851 sgemm sgemm CUDA2 1.003513 95891 40
CPU2 44.923729 95852 sgemm sgemm CUDA0 1.165876 95892 40
CPU0 45.392838 95853 sgemm sgemm CUDA3 1.003214 95893 40
CPU11 44.750307 95854 sgemm sgemm CUDA3 1.172327 95894 40
CPU15 44.805157 95855 sgemm sgemm CUDA2 1.169466 95895 40
CPU1 45.092518 95856 sgemm sgemm CUDA0 0.997553 95896 40
CPU17 45.144013 95857 sgemm sgemm CUDA0 10.365236 95897 40
CPU9 44.328169 95858 sgemm sgemm CUDA3 0.110611 95898 40
CPU0 25.849176 95861 ssyrk ssyrk CUDA1 0.627349 95901 40
CPU8 44.641056 95862 sgemm sgemm CUDA3 1.218865 95902 40
CPU17 45.110236 95863 sgemm sgemm CUDA1 1.048681 95903 40
CPU15 44.975520 95864 sgemm sgemm CUDA1 1.219069 95904 40
CPU15 44.992441 95865 sgemm sgemm CUDA3 1.172090 95905 40
CPU11 44.891713 95866 sgemm sgemm CUDA3 1.171556 95906 40
CPU13 45.319326 95867 sgemm sgemm CUDA1 1.187854 95907 40
CPU16 44.932781 95868 sgemm sgemm CUDA3 1.002339 95908 40
CPU13 45.239030 95869 sgemm sgemm CUDA3 0.999944 95909 40
CPU14 45.171427 95870 sgemm sgemm CUDA2 1.229743 95910 40
CPU16 45.041365 95871 sgemm sgemm CUDA3 1.181950 95911 40
CPU16 45.467078 95872 sgemm sgemm CUDA1 1.174040 95912 40
CPU17 45.151961 95873 sgemm sgemm CUDA3 1.175220 95913 40
CPU15 44.842505 95874 sgemm sgemm CUDA3 12.156778 95914 40
CPU14 45.215514 95875 sgemm sgemm CUDA3 1.170562 95915 40
CPU17 45.239253 95876 sgemm sgemm CUDA2 1.004522 95916 40
CPU10 44.851150 95877 sgemm sgemm CUDA1 1.170088 95917 40
CPU17 45.200332 95878 sgemm sgemm CUDA1 1.173318 95918 40
CPU17 45.645225 95879 sgemm sgemm CUDA2 1.176777 95919 40
CPU3 44.729883 95880 sgemm sgemm CUDA3 1.176862 95920 40
CPU11 45.078168 95881 sgemm sgemm CUDA2 0.064886 95921 40
CPU17 44.891177 95882 sgemm sgemm CUDA3 1.002789 95922 40
CPU11 45.251652 95883 sgemm sgemm CUDA2 1.172376 95923 40
CPU18 44.894100 95884 sgemm sgemm CUDA2 1.002744 95924 40
CPU7 44.846480 95885 sgemm sgemm CUDA2 1.167678 95925 40
CPU6 45.289665 95886 sgemm sgemm CUDA2 1.158839 95926 40
CPU1 44.801585 95887 sgemm sgemm CUDA1 1.168084 95927 40
CPU5 44.777500 95888 sgemm sgemm CUDA3 1.171052 95928 40
CPU9 44.777364 95889 sgemm sgemm CUDA2 1.000022 95929 40
CPU17 44.795560 95890 sgemm sgemm CUDA1 0.998515 95930 40
CPU17 45.067007 95891 sgemm sgemm CUDA1 0.998504 95931 40
CPU7 44.731174 95892 sgemm sgemm CUDA3 1.164225 95932 40
CPU9 25.393476 95895 ssyrk ssyrk CUDA0 0.806539 95935 40
CPU16 45.017404 95896 sgemm sgemm CUDA0 1.222019 95936 40
CPU15 44.637288 95897 sgemm sgemm CUDA0 1.236630 95937 40
CPU13 44.959186 95898 sgemm sgemm CUDA1 1.004500 95938 40
CPU9 45.177905 95899 sgemm sgemm CUDA2 1.017192 95939 40
CPU15 44.894633 95900 sgemm sgemm CUDA0 1.003098 95940 40
CPU17 44.847598 95901 sgemm sgemm CUDA0 1.169883 95941 40
CPU10 44.954171 95902 sgemm sgemm CUDA1 1.283046 95942 40
CPU12 44.967406 95903 sgemm sgemm CUDA0 1.007529 95943 40
CPU15 44.868490 95904 sgemm sgemm CUDA3 1.005525 95944 40
CPU17 44.976431 95905 sgemm sgemm CUDA0 1.168684 95945 40
CPU17 45.034961 95906 sgemm sgemm CUDA0 1.044735 95946 40
CPU13 44.872842 95907 sgemm sgemm CUDA0 0.096461 95947 40
CPU14 44.848519 95908 sgemm sgemm CUDA2 1.005689 95948 40
CPU16 44.840795 95909 sgemm sgemm CUDA0 1.004669 95949 40
CPU1 45.053805 95910 sgemm sgemm CUDA1 1.008044 95950 40
CPU6 45.830640 95911 sgemm sgemm CUDA1 0.997296 95951 40
CPU14 45.005584 95912 sgemm sgemm CUDA1 1.170461 95952 40
CPU8 44.997318 95913 sgemm sgemm CUDA3 1.174868 95953 40
CPU2 44.895324 95914 sgemm sgemm CUDA2 1.163192 95954 40
CPU5 45.283828 95915 sgemm sgemm CUDA0 0.784782 95955 40
CPU14 44.917193 95916 sgemm sgemm CUDA0 1.168928 95956 40
CPU18 44.696638 95917 sgemm sgemm CUDA0 0.998796 95957 40
CPU6 44.927805 95918 sgemm sgemm CUDA1 0.995002 95958 40
CPU17 44.976674 95919 sgemm sgemm CUDA0 0.988197 95959 40
CPU17 45.108681 95920 sgemm sgemm CUDA1 8.148770 95960 40
CPU4 45.128767 95921 sgemm sgemm CUDA0 0.998205 95961 40
CPU14 45.017830 95922 sgemm sgemm CUDA2 0.999423 95962 40
CPU17 44.674140 95923 sgemm sgemm CUDA1 0.063926 95963 40
CPU1 44.880615 95924 sgemm sgemm CUDA1 1.165602 95964 40
CPU2 45.008976 95925 sgemm sgemm CUDA3 1.169455 95965 40
CPU17 25.323296 95928 ssyrk ssyrk CUDA1 0.882175 95968 40
CPU17 45.152745 95929 sgemm sgemm CUDA3 1.168979 95969 40
CPU14 45.075882 95930 sgemm sgemm CUDA0 1.254745 95970 40
CPU17 45.194774 95931 sgemm sgemm CUDA1 1.047882 95971 40
CPU13 45.074307 95932 sgemm sgemm CUDA0 1.000623 95972 40
CPU17 45.292713 95933 sgemm sgemm CUDA0 0.201367 95973 40
CPU3 44.776377 95934 sgemm sgemm CUDA3 1.008402 95974 40
CPU19 44.769817 95935 sgemm sgemm CUDA0 1.187766 95975 40
CPU16 45.007841 95936 sgemm sgemm CUDA3 1.236192 95976 40
CPU11 45.047371 95937 sgemm sgemm CUDA1 1.179774 95977 40
CPU11 44.978132 95938 sgemm sgemm CUDA0 12.278821 95978 40
CPU12 44.889531 95939 sgemm sgemm CUDA0 1.176640 95979 40
CPU16 45.183918 95940 sgemm sgemm CUDA0 1.177675 95980 40
CPU17 45.130860 95941 sgemm sgemm CUDA0 1.177488 95981 40
CPU5 44.803313 95942 sgemm sgemm CUDA3 1.277297 95982 40
CPU17 45.355047 95943 sgemm sgemm CUDA2 1.170281 95983 40
CPU17 45.078183 95944 sgemm sgemm CUDA1 1.168875 95984 40
CPU0 45.274131 95945 sgemm sgemm CUDA3 0.999111 95985 40
CPU10 45.170423 95946 sgemm sgemm CUDA0 1.159488 95986 40
CPU15 44.740913 95947 sgemm sgemm CUDA3 1.169403 95987 40
CPU1 44.982937 95948 sgemm sgemm CUDA0 0.995711 95988 40
CPU18 45.012228 95949 sgemm sgemm CUDA2 1.198006 95989 40
CPU4 45.066214 95950 sgemm sgemm CUDA2 0.997725 95990 40
CPU11 44.799613 95951 sgemm sgemm CUDA3 0.983981 95991 40
CPU10 45.109124 95952 sgemm sgemm CUDA1 1.165881 95992 40
CPU9 44.885962 95953 sgemm sgemm CUDA0 1.146792 95993 40
CPU5 44.529421 95954 sgemm sgemm CUDA2 1.165660 95994 40
CPU1 45.460642 95955 sgemm sgemm CUDA2 0.995481 95995 40
CPU2 44.777364 95956 sgemm sgemm CUDA0 1.162048 95996 40
CPU5 45.023631 95957 sgemm sgemm CUDA3 0.985285 95997 40
CPU17 25.168176 95960 ssyrk ssyrk CUDA0 0.047447 96000 40
CPU16 44.957298 95961 sgemm sgemm CUDA0 1.217075 96001 40
CPU12 44.975258 95962 sgemm sgemm CUDA1 1.009127 96002 40
CPU17 45.182036 95963 sgemm sgemm CUDA0 1.258874 96003 40
CPU17 45.073970 95964 sgemm sgemm CUDA3 1.050014 96004 40
CPU19 45.001912 95965 sgemm sgemm CUDA1 1.051423 96005 40
CPU13 45.074103 95966 sgemm sgemm CUDA0 1.012420 96006 40
CPU15 45.138769 95967 sgemm sgemm CUDA3 1.009277 96007 40
CPU14 45.084466 95968 sgemm sgemm CUDA3 1.003483 96008 40
CPU16 44.982080 95969 sgemm sgemm CUDA0 1.174962 96009 40
CPU17 45.081670 95970 sgemm sgemm CUDA1 1.019622 96010 40
CPU14 45.021351 95971 sgemm sgemm CUDA3 12.577779 96011 40
CPU0 45.499472 95972 sgemm sgemm CUDA0 1.007711 96012 40
CPU4 44.310004 95973 sgemm sgemm CUDA1 0.998785 96013 40
CPU12 45.059280 95974 sgemm sgemm CUDA1 0.990609 96014 40
CPU8 44.841122 95975 sgemm sgemm CUDA1 1.002058 96015 40
CPU3 45.031896 95976 sgemm sgemm CUDA3 0.991645 96016 40
CPU2 45.107560 95977 sgemm sgemm CUDA3 1.000032 96017 40
CPU9 45.331909 95978 sgemm sgemm CUDA0 1.164349 96018 40
CPU3 45.061353 95979 sgemm sgemm CUDA0 1.000124 96019 40
CPU19 45.010442 95980 sgemm sgemm CUDA3 1.002009 96020 40
CPU3 45.172623 95981 sgemm sgemm CUDA3 1.167302 96021 40
CPU8 45.040672 95982 sgemm sgemm CUDA3 0.996063 96022 40
CPU17 45.046440 95983 sgemm sgemm CUDA3 1.301552 96023 40
CPU6 45.074785 95984 sgemm sgemm CUDA0 0.997923 96024 40
CPU8 44.781158 95985 sgemm sgemm CUDA3 1.168350 96025 40
CPU17 44.844302 95986 sgemm sgemm CUDA2 0.996199 96026 40
CPU8 44.782032 95987 sgemm sgemm CUDA1 1.168409 96027 40
CPU1 45.036970 95988 sgemm sgemm CUDA1 0.162142 96028 40
CPU16 25.019990 95991 ssyrk ssyrk CUDA2 0.628205 96031 40
CPU16 44.783520 95992 sgemm sgemm CUDA2 0.097287 96032 40
CPU16 44.946425 95993 sgemm sgemm CUDA2 1.003642 96033 40
CPU11 44.738822 95994 sgemm sgemm CUDA0 1.188587 96034 40
CPU7 45.190348 95995 sgemm sgemm CUDA2 1.310478 96035 40
CPU5 44.990137 95996 sgemm sgemm CUDA0 1.256785 96036 40
CPU16 45.172442 95997 sgemm sgemm CUDA2 1.176813 96037 40
CPU15 44.967577 95998 sgemm sgemm CUDA0 1.054418 96038 40
CPU14 44.934334 95999 sgemm sgemm CUDA1 1.173299 96039 40
CPU17 44.977225 96000 sgemm sgemm CUDA0 1.188321 96040 40
CPU5 45.197644 96001 sgemm sgemm CUDA2 1.158376 96041 40
CPU16 44.970518 96002 sgemm sgemm CUDA2 1.166925 96042 40
CPU7 44.726215 96003 sgemm sgemm CUDA3 1.003073 96043 40
CPU4 45.148794 96004 sgemm sgemm CUDA2 0.996907 96044 40
CPU12 45.183916 96005 sgemm sgemm CUDA2 1.003738 96045 40
CPU2 44.951160 96006 sgemm sgemm CUDA2 0.991766 96046 40
CPU8 44.744991 96007 sgemm sgemm CUDA2 1.168484 96047 40
CPU8 45.335046 96008 sgemm sgemm CUDA3 0.354417 96048 40
CPU4 44.926857 96009 sgemm sgemm CUDA1 1.165584 96049 40
CPU18 44.901231 96010 sgemm sgemm CUDA3 1.170709 96050 40
CPU6 44.980752 96011 sgemm sgemm CUDA1 1.163560 96051 40
CPU17 44.890721 96012 sgemm sgemm CUDA3 1.000308 96052 40
CPU6 45.053591 96013 sgemm sgemm CUDA0 0.998986 96053 40
CPU12 44.854868 96014 sgemm sgemm CUDA2 1.270155 96054 40
CPU15 44.722963 96015 sgemm sgemm CUDA2 1.164904 96055 40
CPU4 45.390852 96016 sgemm sgemm CUDA2 1.164556 96056 40
CPU8 44.608660 96017 sgemm sgemm CUDA0 0.998556 96057 40
CPU1 45.063780 96018 sgemm sgemm CUDA1 0.997723 96058 40
CPU15 24.668303 96021 ssyrk ssyrk CUDA2 0.543414 96061 40
CPU17 45.045307 96022 sgemm sgemm CUDA2 1.169052 96062 40
CPU11 44.745095 96023 sgemm sgemm CUDA1 1.169840 96063 40
CPU11 44.803597 96024 sgemm sgemm CUDA3 1.176196 96064 40
CPU14 44.609337 96025 sgemm sgemm CUDA3 1.005040 96065 40
CPU16 44.942169 96026 sgemm sgemm CUDA3 1.177243 96066 40
CPU17 45.016109 96027 sgemm sgemm CUDA1 1.006554 96067 40
CPU3 45.048791 96028 sgemm sgemm CUDA1 1.003807 96068 40
CPU2 44.928133 96029 sgemm sgemm CUDA3 0.209494 96069 40
CPU15 44.760476 96030 sgemm sgemm CUDA1 1.004008 96070 40
CPU19 44.977272 96031 sgemm sgemm CUDA2 12.869263 96071 40
CPU18 44.780400 96032 sgemm sgemm CUDA1 0.997222 96072 40
CPU3 45.265606 96033 sgemm sgemm CUDA1 1.166213 96073 40
CPU17 44.956064 96034 sgemm sgemm CUDA3 1.167017 96074 40
CPU5 45.219336 96035 sgemm sgemm CUDA2 1.169355 96075 40
CPU4 45.160984 96036 sgemm sgemm CUDA3 6.476150 96076 40
CPU11 44.818571 96037 sgemm sgemm CUDA1 0.992854 96077 40
CPU17 45.132377 96038 sgemm sgemm CUDA1 0.980538 96078 40
CPU19 44.885051 96039 sgemm sgemm CUDA3 1.167772 96079 40
CPU7 45.057728 96040 sgemm sgemm CUDA2 0.997866 96080 40
CPU15 44.702925 96041 sgemm sgemm CUDA3 12.080703 96081 40
CPU11 45.082915 96042 sgemm sgemm CUDA1 1.002167 96082 40
CPU2 44.699148 96043 sgemm sgemm CUDA2 1.298948 96083 40
CPU3 44.931202 96044 sgemm sgemm CUDA2 1.165765 96084 40
CPU17 44.978031 96045 sgemm sgemm CUDA2 1.158965 96085 40
CPU0 45.415813 96046 sgemm sgemm CUDA1 0.072709 96086 40
CPU9 44.882487 96047 sgemm sgemm CUDA1 1.166474 96087 40
CPU16 24.974758 96050 ssyrk ssyrk CUDA1 0.792362 96090 40
CPU13 45.155181 96051 sgemm sgemm CUDA3 1.005181 96091 40
CPU18 44.924361 96052 sgemm sgemm CUDA1 1.175177 96092 40
CPU4 45.185294 96053 sgemm sgemm CUDA3 1.177618 96093 40
CPU16 45.009995 96054 sgemm sgemm CUDA2 1.303071 96094 40
CPU17 45.057053 96055 sgemm sgemm CUDA1 1.178488 96095 40
CPU3 44.722520 96056 sgemm sgemm CUDA1 1.000625 96096 40
CPU15 45.272709 96057 sgemm sgemm CUDA0 1.177735 96097 40
CPU16 45.029212 96058 sgemm sgemm CUDA1 0.996725 96098 40
CPU4 45.195984 96059 sgemm sgemm CUDA0 1.000736 96099 40
CPU2 44.923419 96060 sgemm sgemm CUDA3 1.223677 96100 40
CPU9 45.129461 96061 sgemm sgemm CUDA0 1.217147 96101 40
CPU3 44.852762 96062 sgemm sgemm CUDA0 0.992867 96102 40
CPU1 45.021378 96063 sgemm sgemm CUDA0 0.999727 96103 40
CPU15 44.755222 96064 sgemm sgemm CUDA0 1.250263 96104 40
CPU6 45.343277 96065 sgemm sgemm CUDA2 0.999793 96105 40
CPU17 45.100531 96066 sgemm sgemm CUDA1 0.999126 96106 40
CPU19 45.572740 96067 sgemm sgemm CUDA3 1.170203 96107 40
CPU7 44.575600 96068 sgemm sgemm CUDA3 0.997945 96108 40
CPU7 45.163693 96069 sgemm sgemm CUDA3 1.000259 96109 40
CPU17 44.996275 96070 sgemm sgemm CUDA0 1.163811 96110 40
CPU10 44.880455 96071 sgemm sgemm CUDA2 0.997352 96111 40
CPU1 45.197471 96072 sgemm sgemm CUDA1 12.329785 96112 40
CPU16 44.765048 96073 sgemm sgemm CUDA2 0.995952 96113 40
CPU17 45.249585 96074 sgemm sgemm CUDA0 0.073561 96114 40
CPU8 44.655780 96075 sgemm sgemm CUDA1 1.216974 96115 40
CPU17 25.239231 96078 ssyrk ssyrk CUDA0 0.574959 96118 40
CPU1 44.968871 96079 sgemm sgemm CUDA3 1.262591 96119 40
CPU13 45.087943 96080 sgemm sgemm CUDA3 1.177119 96120 40
CPU16 44.988775 96081 sgemm sgemm CUDA0 1.010373 96121 40
CPU7 45.061141 96082 sgemm sgemm CUDA0 1.003851 96122 40
CPU12 44.989114 96083 sgemm sgemm CUDA1 1.169815 96123 40
CPU14 44.893948 96084 sgemm sgemm CUDA0 1.174187 96124 40
CPU11 44.882369 96085 sgemm sgemm CUDA1 0.998916 96125 40
CPU0 45.812124 96086 sgemm sgemm CUDA0 1.165417 96126 40
CPU3 44.543319 96087 sgemm sgemm CUDA1 1.170643 96127 40
CPU17 44.749310 96088 sgemm sgemm CUDA0 0.998169 96128 40
CPU10 45.008616 96089 sgemm sgemm CUDA3 15.678188 96129 40
CPU9 45.288194 96090 sgemm sgemm CUDA0 1.168347 96130 40
CPU3 45.132388 96091 sgemm sgemm CUDA3 1.166146 96131 40
CPU17 44.895178 96092 sgemm sgemm CUDA0 1.166595 96132 40
CPU17 44.956038 96093 sgemm sgemm CUDA1 1.168258 96133 40
CPU19 44.991902 96094 sgemm sgemm CUDA3 1.165989 96134 40
CPU5 44.841283 96095 sgemm sgemm CUDA1 1.167206 96135 40
CPU17 44.826578 96096 sgemm sgemm CUDA0 1.166094 96136 40
CPU14 45.107271 96097 sgemm sgemm CUDA0 0.997889 96137 40
CPU12 45.005010 96098 sgemm sgemm CUDA3 1.174915 96138 40
CPU11 44.895382 96099 sgemm sgemm CUDA1 1.167717 96139 40
CPU17 44.906736 96100 sgemm sgemm CUDA0 1.212729 96140 40
CPU19 45.133433 96101 sgemm sgemm CUDA1 0.914596 96141 40
CPU1 44.984623 96102 sgemm sgemm CUDA3 1.169898 96142 40
CPU13 25.325038 96105 ssyrk ssyrk CUDA2 0.545204 96145 40
CPU10 44.975634 96106 sgemm sgemm CUDA3 1.177353 96146 40
CPU16 45.038288 96107 sgemm sgemm CUDA3 13.117187 96147 40
CPU17 45.236449 96108 sgemm sgemm CUDA1 0.999454 96148 40
CPU16 44.904532 96109 sgemm sgemm CUDA1 0.997872 96149 40
CPU0 45.683005 96110 sgemm sgemm CUDA1 1.165597 96150 40
CPU13 45.457578 96111 sgemm sgemm CUDA2 1.000197 96151 40
CPU17 44.832482 96112 sgemm sgemm CUDA2 1.171412 96152 40
CPU19 45.197264 96113 sgemm sgemm CUDA3 1.171668 96153 40
CPU13 44.850423 96114 sgemm sgemm CUDA3 1.251338 96154 40
CPU17 45.056184 96115 sgemm sgemm CUDA2 1.001182 96155 40
CPU0 45.359561 96116 sgemm sgemm CUDA3 1.169009 96156 40
CPU17 44.910335 96117 sgemm sgemm CUDA1 1.166913 96157 40
CPU13 45.088312 96118 sgemm sgemm CUDA3 1.002083 96158 40
CPU17 44.854989 96119 sgemm sgemm CUDA2 1.162636 96159 40
CPU18 44.766957 96120 sgemm sgemm CUDA3 0.997323 96160 40
CPU9 44.841769 96121 sgemm sgemm CUDA2 0.070717 96161 40
CPU1 45.600349 96122 sgemm sgemm CUDA2 1.000125 96162 40
CPU17 45.081230 96123 sgemm sgemm CUDA2 1.164554 96163 40
CPU3 45.084178 96124 sgemm sgemm CUDA2 1.167470 96164 40
CPU6 45.370799 96125 sgemm sgemm CUDA1 1.003588 96165 40
CPU1 45.316575 96126 sgemm sgemm CUDA2 0.999997 96166 40
CPU17 44.924777 96127 sgemm sgemm CUDA3 1.172571 96167 40
CPU7 44.976701 96128 sgemm sgemm CUDA1 1.161008 96168 40
CPU14 25.014288 96131 ssyrk ssyrk CPU -1 96171 40
CPU15 44.772582 96132 sgemm sgemm CUDA2 1.266577 96172 40
CPU17 44.897213 96133 sgemm sgemm CUDA2 1.170691 96173 40
CPU11 46.181018 96134 sgemm sgemm CUDA0 0.997566 96174 40
CPU17 44.994290 96135 sgemm sgemm CUDA0 0.995116 96175 40
CPU16 44.510988 96136 sgemm sgemm CUDA1 1.176716 96176 40
CPU19 45.526547 96137 sgemm sgemm CUDA0 1.168505 96177 40
CPU11 44.597859 96138 sgemm sgemm CUDA1 0.997592 96178 40
CPU17 44.820224 96139 sgemm sgemm CUDA0 0.063515 96179 40
CPU1 44.784884 96140 sgemm sgemm CUDA0 0.996288 96180 40
CPU8 44.957466 96141 sgemm sgemm CUDA0 0.976793 96181 40
CPU14 44.872546 96142 sgemm sgemm CUDA1 1.165600 96182 40
CPU13 44.750248 96143 sgemm sgemm CUDA1 0.995319 96183 40
CPU15 44.987593 96144 sgemm sgemm CUDA0 1.373034 96184 40
CPU19 45.054613 96145 sgemm sgemm CUDA0 0.995854 96185 40
CPU3 45.024383 96146 sgemm sgemm CUDA3 0.264417 96186 40
CPU17 45.021752 96147 sgemm sgemm CUDA3 1.166817 96187 40
CPU14 45.023168 96148 sgemm sgemm CUDA0 0.998572 96188 40
CPU11 44.962011 96149 sgemm sgemm CUDA2 1.161640 96189 40
CPU13 44.996433 96150 sgemm sgemm CUDA1 0.101575 96190 40
CPU17 44.729350 96151 sgemm sgemm CUDA2 1.001006 96191 40
CPU14 45.072324 96152 sgemm sgemm CUDA0 0.993725 96192 40
CPU1 44.918529 96153 sgemm sgemm CUDA0 12.223156 96193 40
CPU16 25.043940 96156 ssyrk ssyrk CPU -1 96196 40
CPU5 45.059205 96157 sgemm sgemm CUDA3 1.174119 96197 40
CPU6 45.323600 96158 sgemm sgemm CUDA3 13.241598 96198 40
CPU11 44.773407 96159 sgemm sgemm CUDA0 0.069321 96199 40
CPU8 45.010238 96160 sgemm sgemm CUDA0 1.166726 96200 40
CPU5 45.150558 96161 sgemm sgemm CUDA2 2.837784 96201 40
CPU11 44.903370 96162 sgemm sgemm CUDA3 1.169208 96202 40
CPU17 45.035034 96163 sgemm sgemm CUDA3 1.003535 96203 40
CPU14 45.029052 96164 sgemm sgemm CUDA3 1.223199 96204 40
CPU6 45.083499 96165 sgemm sgemm CUDA2 1.160559 96205 40
CPU16 45.147290 96166 sgemm sgemm CUDA2 1.162076 96206 40
CPU4 45.469924 96167 sgemm sgemm CUDA2 1.219838 96207 40
CPU17 45.147689 96168 sgemm sgemm CUDA2 12.380211 96208 40
CPU19 45.050746 96169 sgemm sgemm CUDA0 1.158049 96209 40
CPU6 45.342149 96170 sgemm sgemm CUDA0 0.999443 96210 40
CPU17 45.056782 96171 sgemm sgemm CUDA2 1.164087 96211 40
CPU17 45.248602 96172 sgemm sgemm CUDA0 12.410807 96212 40
CPU12 44.846917 96173 sgemm sgemm CUDA0 0.999361 96213 40
CPU14 45.279129 96174 sgemm sgemm CUDA0 0.996800 96214 40
CPU17 44.981215 96175 sgemm sgemm CUDA0 0.193030 96215 40
CPU17 45.248805 96176 sgemm sgemm CUDA0 0.050032 96216 40
CPU4 45.015465 96177 sgemm sgemm CUDA2 1.158655 96217 40
CPU17 25.118042 96180 ssyrk ssyrk CPU -1 96220 40
CPU12 44.837976 96181 sgemm sgemm CUDA1 1.001709 96221 40
CPU7 45.690186 96182 sgemm sgemm CUDA3 1.403396 96222 40
CPU12 44.778282 96183 sgemm sgemm CUDA3 1.505362 96223 40
CPU17 44.838066 96184 sgemm sgemm CUDA1 0.998789 96224 40
CPU10 45.098581 96185 sgemm sgemm CUDA1 1.211800 96225 40
CPU17 44.879121 96186 sgemm sgemm CUDA3 1.161280 96226 40
CPU13 44.881615 96187 sgemm sgemm CUDA0 0.096546 96227 40
CPU7 45.188277 96188 sgemm sgemm CUDA3 1.164743 96228 40
CPU5 45.033255 96189 sgemm sgemm CUDA1 1.163449 96229 40
CPU14 45.073813 96190 sgemm sgemm CUDA0 1.166864 96230 40
CPU2 44.997706 96191 sgemm sgemm CUDA1 1.173853 96231 40
CPU19 45.116684 96192 sgemm sgemm CUDA3 0.999130 96232 40
CPU1 44.931186 96193 sgemm sgemm CUDA0 0.995655 96233 40
CPU6 45.196180 96194 sgemm sgemm CUDA0 0.998960 96234 40
CPU2 44.972671 96195 sgemm sgemm CUDA0 1.163133 96235 40
CPU9 45.035771 96196 sgemm sgemm CUDA3 11.787511 96236 40
CPU10 45.087791 96197 sgemm sgemm CUDA1 0.810045 96237 40
CPU6 45.345643 96198 sgemm sgemm CUDA3 1.001608 96238 40
CPU11 44.940382 96199 sgemm sgemm CUDA1 0.996238 96239 40
CPU5 44.864669 96200 sgemm sgemm CUDA3 1.168716 96240 40
CPU17 25.099182 96203 ssyrk ssyrk CPU -1 96243 40
CPU17 44.698285 96204 sgemm sgemm CUDA1 0.995719 96244 40
CPU0 45.550316 96205 sgemm sgemm CUDA1 0.991562 96245 40
CPU17 44.937245 96206 sgemm sgemm CUDA1 1.169637 96246 40
CPU18 44.673040 96207 sgemm sgemm CUDA3 0.093660 96247 40
CPU3 45.595972 96208 sgemm sgemm CUDA0 1.214920 96248 40
CPU17 44.740741 96209 sgemm sgemm CUDA3 0.993600 96249 40
CPU2 44.858450 96210 sgemm sgemm CUDA0 0.062033 96250 40
CPU11 44.721859 96211 sgemm sgemm CUDA1 0.114603 96251 40
CPU3 45.167169 96212 sgemm sgemm CUDA3 13.003874 96252 40
CPU17 44.947851 96213 sgemm sgemm CUDA0 1.000572 96253 40
CPU19 45.094758 96214 sgemm sgemm CUDA0 0.999906 96254 40
CPU2 44.774330 96215 sgemm sgemm CUDA0 1.000861 96255 40
CPU1 45.184991 96216 sgemm sgemm CUDA3 1.164319 96256 40
CPU17 44.952619 96217 sgemm sgemm CUDA1 1.168905 96257 40
CPU1 45.153448 96218 sgemm sgemm CUDA1 1.181236 96258 40
CPU12 45.032584 96219 sgemm sgemm CUDA1 1.163101 96259 40
CPU14 44.975775 96220 sgemm sgemm CUDA3 1.171553 96260 40
CPU16 44.969830 96221 sgemm sgemm CUDA2 1.170415 96261 40
CPU1 44.867767 96222 sgemm sgemm CUDA0 1.168671 96262 40
CPU17 25.323213 96225 ssyrk ssyrk CPU -1 96265 40
CPU16 44.830900 96226 sgemm sgemm CUDA3 0.998548 96266 40
CPU17 44.977784 96227 sgemm sgemm CUDA1 0.999587 96267 40
CPU3 45.052374 96228 sgemm sgemm CUDA3 1.164614 96268 40
CPU10 45.289241 96229 sgemm sgemm CUDA3 1.167883 96269 40
CPU8 45.124251 96230 sgemm sgemm CUDA0 1.173392 96270 40
CPU3 44.932302 96231 sgemm sgemm CUDA1 1.221944 96271 40
CPU0 45.439925 96232 sgemm sgemm CUDA0 1.166319 96272 40
CPU14 44.966645 96233 sgemm sgemm CUDA1 1.155472 96273 40
CPU17 44.983942 96234 sgemm sgemm CUDA1 1.164540 96274 40
CPU19 45.760778 96235 sgemm sgemm CUDA3 1.220258 96275 40
CPU0 45.352882 96236 sgemm sgemm CUDA0 1.166561 96276 40
CPU17 44.989849 96237 sgemm sgemm CUDA0 1.242341 96277 40
CPU12 44.967169 96238 sgemm sgemm CUDA3 0.999987 96278 40
CPU10 44.951918 96239 sgemm sgemm CUDA1 1.262881 96279 40
CPU15 44.714170 96240 sgemm sgemm CUDA3 1.005372 96280 40
CPU6 45.388191 96241 sgemm sgemm CUDA3 1.110060 96281 40
CPU15 44.898825 96242 sgemm sgemm CUDA3 1.374266 96282 40
CPU5 44.973509 96243 sgemm sgemm CUDA1 0.998012 96283 40
CPU16 25.212242 96246 ssyrk ssyrk CPU30 98.493808 96286 40
CPU12 45.233206 96247 sgemm sgemm CUDA1 0.999136 96287 40
CPU9 44.903864 96248 sgemm sgemm CUDA3 0.992087 96288 40
CPU6 45.578347 96249 sgemm sgemm CUDA0 0.999206 96289 40
CPU12 44.957896 96250 sgemm sgemm CUDA3 0.995974 96290 40
CPU5 44.782367 96251 sgemm sgemm CUDA1 0.999453 96291 40
CPU17 44.936325 96252 sgemm sgemm CUDA3 0.998973 96292 40
CPU4 45.093937 96253 sgemm sgemm CUDA2 1.164483 96293 40
CPU7 45.150222 96254 sgemm sgemm CUDA2 1.167866 96294 40
CPU19 45.838897 96255 sgemm sgemm CUDA3 1.167476 96295 40
CPU7 45.136471 96256 sgemm sgemm CUDA0 0.129780 96296 40
CPU15 44.842431 96257 sgemm sgemm CUDA2 1.167713 96297 40
CPU3 44.938311 96258 sgemm sgemm CUDA0 0.994532 96298 40
CPU12 44.962986 96259 sgemm sgemm CUDA1 1.163212 96299 40
CPU15 45.424643 96260 sgemm sgemm CUDA2 1.154466 96300 40
CPU17 45.230105 96261 sgemm sgemm CUDA3 1.001140 96301 40
CPU8 45.137281 96262 sgemm sgemm CUDA1 1.320779 96302 40
CPU8 44.903126 96263 sgemm sgemm CUDA2 1.166311 96303 40
CPU12 25.363144 96266 ssyrk ssyrk CPU19 80.144067 96306 40
CPU0 45.334406 96267 sgemm sgemm CUDA0 1.303621 96307 40
CPU10 45.040710 96268 sgemm sgemm CUDA0 1.163992 96308 40
CPU3 44.870028 96269 sgemm sgemm CUDA0 1.165060 96309 40
CPU7 45.199707 96270 sgemm sgemm CUDA1 1.004162 96310 40
CPU16 44.804070 96271 sgemm sgemm CUDA1 1.166594 96311 40
CPU10 45.265091 96272 sgemm sgemm CUDA0 1.000439 96312 40
CPU5 44.796397 96273 sgemm sgemm CUDA0 0.999160 96313 40
CPU18 45.130177 96274 sgemm sgemm CUDA0 0.998266 96314 40
CPU4 44.908521 96275 sgemm sgemm CUDA1 0.996289 96315 40
CPU0 45.378781 96276 sgemm sgemm CUDA2 1.206871 96316 40
CPU17 45.399564 96277 sgemm sgemm CUDA2 1.147990 96317 40
CPU12 45.028444 96278 sgemm sgemm CUDA1 1.168614 96318 40
CPU15 45.387001 96279 sgemm sgemm CUDA0 0.994791 96319 40
CPU3 45.290015 96280 sgemm sgemm CUDA0 1.002055 96320 40
CPU17 45.133882 96281 sgemm sgemm CUDA0 1.155444 96321 40
CPU1 44.858695 96282 sgemm sgemm CUDA2 1.168715 96322 40
CPU11 24.914253 96285 ssyrk ssyrk CPU18 92.893227 96325 40
CPU9 45.144009 96286 sgemm sgemm CUDA3 1.166793 96326 40
CPU14 45.290289 96287 sgemm sgemm CUDA3 1.168371 96327 40
CPU1 44.758272 96288 sgemm sgemm CUDA1 0.994812 96328 40
CPU17 45.062114 96289 sgemm sgemm CUDA0 1.165988 96329 40
CPU9 44.941150 96290 sgemm sgemm CUDA3 0.994381 96330 40
CPU17 45.087730 96291 sgemm sgemm CUDA3 1.001989 96331 40
CPU19 45.853379 96292 sgemm sgemm CUDA3 0.997743 96332 40
CPU5 44.807759 96293 sgemm sgemm CUDA0 1.166295 96333 40
CPU9 44.797363 96294 sgemm sgemm CUDA3 1.001811 96334 40
CPU17 45.483070 96295 sgemm sgemm CUDA1 1.171724 96335 40
CPU6 44.966504 96296 sgemm sgemm CUDA1 1.218191 96336 40
CPU3 44.993786 96297 sgemm sgemm CUDA3 1.227749 96337 40
CPU12 45.065527 96298 sgemm sgemm CUDA3 0.999092 96338 40
CPU15 45.222510 96299 sgemm sgemm CUDA3 1.000489 96339 40
CPU9 44.801808 96300 sgemm sgemm CUDA0 1.169657 96340 40
CPU19 25.188406 96303 ssyrk ssyrk CPU12 107.722384 96343 40
CPU11 44.784165 96304 sgemm sgemm CUDA3 1.168727 96344 40
CPU3 44.912625 96305 sgemm sgemm CUDA2 1.161819 96345 40
CPU5 45.067622 96306 sgemm sgemm CUDA2 0.970063 96346 40
CPU17 44.923024 96307 sgemm sgemm CUDA1 1.163354 96347 40
CPU17 44.997195 96308 sgemm sgemm CUDA3 1.168691 96348 40
CPU19 45.970734 96309 sgemm sgemm CUDA2 0.081253 96349 40
CPU7 45.110301 96310 sgemm sgemm CUDA2 1.156972 96350 40
CPU16 44.815696 96311 sgemm sgemm CUDA0 0.996975 96351 40
CPU17 45.057727 96312 sgemm sgemm CUDA1 0.992239 96352 40
CPU12 45.012921 96313 sgemm sgemm CUDA3 12.260999 96353 40
CPU0 45.443391 96314 sgemm sgemm CUDA1 1.166827 96354 40
CPU7 45.432413 96315 sgemm sgemm CUDA2 0.049559 96355 40
CPU17 45.097513 96316 sgemm sgemm CUDA2 1.162321 96356 40
CPU0 45.358415 96317 sgemm sgemm CUDA2 0.986714 96357 40
CPU12 25.293893 96320 ssyrk ssyrk CPU34 87.714992 96360 40
CPU0 45.303332 96321 sgemm sgemm CUDA1 12.428115 96361 40
CPU8 44.944912 96322 sgemm sgemm CUDA3 1.001354 96362 40
CPU13 45.055037 96323 sgemm sgemm CUDA2 1.162210 96363 40
CPU10 45.110594 96324 sgemm sgemm CUDA3 0.997451 96364 40
CPU19 46.006011 96325 sgemm sgemm CUDA3 1.170197 96365 40
CPU3 44.876272 96326 sgemm sgemm CUDA3 0.998262 96366 40
CPU17 45.149064 96327 sgemm sgemm CUDA1 0.988242 96367 40
CPU6 45.246149 96328 sgemm sgemm CUDA1 1.161609 96368 40
CPU10 45.145104 96329 sgemm sgemm CUDA1 1.170114 96369 40
CPU14 45.293983 96330 sgemm sgemm CUDA2 0.997848 96370 40
CPU13 45.102367 96331 sgemm sgemm CUDA1 0.148862 96371 40
CPU10 45.323612 96332 sgemm sgemm CUDA1 1.161963 96372 40
CPU1 44.797606 96333 sgemm sgemm CUDA1 1.169428 96373 40
CPU4 25.238251 96336 ssyrk ssyrk CPU27 105.796468 96376 40
CPU17 45.042910 96337 sgemm sgemm CUDA3 1.168652 96377 40
CPU11 44.933579 96338 sgemm sgemm CUDA0 1.165871 96378 40
CPU17 45.202021 96339 sgemm sgemm CUDA3 1.172774 96379 40
CPU19 45.975564 96340 sgemm sgemm CUDA0 1.003036 96380 40
CPU1 44.876862 96341 sgemm sgemm CUDA2 0.058476 96381 40
CPU17 45.240643 96342 sgemm sgemm CUDA3 0.061702 96382 40
CPU10 45.130865 96343 sgemm sgemm CUDA2 1.165507 96383 40
CPU10 45.080745 96344 sgemm sgemm CUDA2 0.997995 96384 40
CPU4 45.002849 96345 sgemm sgemm CUDA0 1.167470 96385 40
CPU17 44.933095 96346 sgemm sgemm CUDA2 0.112995 96386 40
CPU17 45.138691 96347 sgemm sgemm CUDA1 0.944963 96387 40
CPU1 44.796954 96348 sgemm sgemm CUDA0 1.169032 96388 40
CPU12 25.277416 96351 ssyrk ssyrk CPU -1 96391 40
CPU3 45.027535 96352 sgemm sgemm CUDA2 1.296736 96392 40
CPU17 45.301771 96353 sgemm sgemm CUDA3 1.000396 96393 40
CPU19 46.028866 96354 sgemm sgemm CUDA2 1.219120 96394 40
CPU0 45.037257 96355 sgemm sgemm CUDA0 0.998647 96395 40
CPU17 45.251444 96356 sgemm sgemm CUDA2 1.169328 96396 40
CPU2 44.779771 96357 sgemm sgemm CUDA3 1.005899 96397 40
CPU11 44.882992 96358 sgemm sgemm CUDA0 1.168850 96398 40
CPU1 44.931149 96359 sgemm sgemm CUDA1 1.163479 96399 40
CPU1 44.871120 96360 sgemm sgemm CUDA3 1.219795 96400 40
CPU17 45.205116 96361 sgemm sgemm CUDA0 1.167502 96401 40
CPU5 44.801579 96362 sgemm sgemm CUDA2 1.308667 96402 40
CPU3 25.319399 96365 ssyrk ssyrk CPU32 102.069589 96405 40
CPU17 45.122014 96366 sgemm sgemm CUDA3 0.069678 96406 40
CPU19 45.590563 96367 sgemm sgemm CUDA3 1.163833 96407 40
CPU9 44.910087 96368 sgemm sgemm CUDA2 1.166724 96408 40
CPU5 45.202981 96369 sgemm sgemm CUDA0 1.164734 96409 40
CPU17 45.072197 96370 sgemm sgemm CUDA2 0.997467 96410 40
CPU11 44.716868 96371 sgemm sgemm CUDA1 1.245621 96411 40
CPU15 45.082218 96372 sgemm sgemm CUDA2 1.001124 96412 40
CPU17 44.795894 96373 sgemm sgemm CUDA0 1.159712 96413 40
CPU17 45.149438 96374 sgemm sgemm CUDA0 12.083006 96414 40
CPU4 45.144217 96375 sgemm sgemm CUDA3 0.985731 96415 40
CPU11 25.031470 96378 ssyrk ssyrk CPU35 97.946210 96418 40
CPU18 45.022455 96379 sgemm sgemm CUDA0 1.298320 96419 40
CPU0 44.975239 96380 sgemm sgemm CUDA0 1.005665 96420 40
CPU17 44.989524 96381 sgemm sgemm CUDA1 1.222373 96421 40
CPU17 45.277543 96382 sgemm sgemm CUDA1 1.165191 96422 40
CPU9 44.863923 96383 sgemm sgemm CUDA3 0.057722 96423 40
CPU13 45.360705 96384 sgemm sgemm CUDA3 0.994398 96424 40
CPU12 45.071391 96385 sgemm sgemm CUDA2 10.283154 96425 40
CPU0 45.069080 96386 sgemm sgemm CUDA0 0.999506 96426 40
CPU0 45.396119 96387 sgemm sgemm CUDA1 1.169974 96427 40
CPU19 25.214827 96390 ssyrk ssyrk CPU -1 96430 40
CPU7 45.078395 96391 sgemm sgemm CUDA3 1.163572 96431 40
CPU15 44.812568 96392 sgemm sgemm CUDA3 1.001119 96432 40
CPU6 45.020280 96393 sgemm sgemm CUDA0 0.997963 96433 40
CPU11 44.857207 96394 sgemm sgemm CUDA2 1.156048 96434 40
CPU6 45.019590 96395 sgemm sgemm CUDA0 0.995263 96435 40
CPU17 45.052419 96396 sgemm sgemm CUDA3 0.933261 96436 40
CPU3 44.836807 96397 sgemm sgemm CUDA0 1.156896 96437 40
CPU6 45.127355 96398 sgemm sgemm CUDA0 1.151571 96438 40
CPU7 25.168891 96401 ssyrk ssyrk CPU -1 96441 40
CPU17 44.882541 96402 sgemm sgemm CUDA2 0.997505 96442 40
CPU17 45.094123 96403 sgemm sgemm CUDA3 0.999626 96443 40
CPU0 45.226011 96404 sgemm sgemm CUDA0 0.991418 96444 40
CPU14 45.366496 96405 sgemm sgemm CUDA1 1.336813 96445 40
CPU5 45.084277 96406 sgemm sgemm CUDA1 1.118967 96446 40
CPU17 45.340137 96407 sgemm sgemm CUDA2 1.007731 96447 40
CPU1 44.785953 96408 sgemm sgemm CUDA2 0.997343 96448 40
CPU17 25.236780 96411 ssyrk ssyrk CPU23 97.343847 96451 40
CPU14 45.058466 96412 sgemm sgemm CUDA2 0.147196 96452 40
CPU7 45.327541 96413 sgemm sgemm CUDA0 1.297102 96453 40
CPU0 45.490038 96414 sgemm sgemm CUDA2 1.000964 96454 40
CPU17 45.009092 96415 sgemm sgemm CUDA0 1.113828 96455 40
CPU17 44.920825 96416 sgemm sgemm CUDA3 1.014112 96456 40
CPU9 44.946653 96417 sgemm sgemm CUDA3 1.163549 96457 40
CPU17 25.519347 96420 ssyrk ssyrk CPU -1 96460 40
CPU17 45.037175 96421 sgemm sgemm CUDA1 1.173159 96461 40
CPU15 45.215050 96422 sgemm sgemm CUDA3 1.227549 96462 40
CPU17 44.843130 96423 sgemm sgemm CUDA2 0.951560 96463 40
CPU17 45.182883 96424 sgemm sgemm CUDA2 1.115246 96464 40
CPU0 45.127301 96425 sgemm sgemm CUDA1 1.172971 96465 40
CPU10 25.417565 96428 ssyrk ssyrk CPU29 98.026305 96468 40
CPU13 45.018182 96429 sgemm sgemm CUDA3 0.999270 96469 40
CPU17 44.822339 96430 sgemm sgemm CUDA3 0.957843 96470 40
CPU15 45.075760 96431 sgemm sgemm CUDA3 10.535809 96471 40
CPU7 45.110006 96432 sgemm sgemm CUDA0 1.163277 96472 40
CPU15 24.903919 96435 ssyrk ssyrk CPU33 98.856857 96475 40
CPU16 44.792977 96436 sgemm sgemm CUDA1 0.955362 96476 40
CPU17 45.165756 96437 sgemm sgemm CUDA2 1.243075 96477 40
CPU1 44.927047 96438 sgemm sgemm CUDA2 0.066901 96478 40
CPU2 25.444444 96441 ssyrk ssyrk CPU29 106.141382 96481 40
CPU11 44.720579 96442 sgemm sgemm CUDA0 0.080335 96482 40
CPU1 45.144545 96443 sgemm sgemm CUDA2 1.164870 96483 40
CPU17 25.376845 96446 ssyrk ssyrk CPU24 90.488253 96486 40
CPU9 45.180376 96447 sgemm sgemm CUDA3 0.104005 96487 40
CPU1 25.030560 96450 ssyrk ssyrk CPU -1 96490 40
CPU11 23.001841 96453 spotrf spotrf CPU -1 96493 40
CPU11 49.515249 96454 strsm strsm CUDA3 2.803428 96494 40
CPU19 30.701366 96455 strsm strsm CUDA3 0.090415 96495 40
CPU11 50.119323 96456 strsm strsm CUDA0 2.852860 96496 40
CPU11 51.266833 96457 strsm strsm CUDA1 2.098153 96497 40
CPU18 29.902931 96458 strsm strsm CUDA1 2.882498 96498 40
CPU10 30.679957 96459 strsm strsm CUDA2 2.744258 96499 40
CPU4 30.276517 96460 strsm strsm CUDA0 2.990676 96500 40
CPU2 30.031945 96461 strsm strsm CUDA2 2.952999 96501 40
CPU0 30.609927 96462 strsm strsm CUDA3 2.939003 96502 40
CPU9 30.067221 96463 strsm strsm CUDA1 12.863371 96503 40
CPU12 30.631619 96464 strsm strsm CUDA0 3.076714 96504 40
CPU10 30.842306 96465 strsm strsm CUDA2 3.072594 96505 40
CPU8 30.162567 96466 strsm strsm CUDA1 4.625420 96506 40
CPU11 30.365557 96467 strsm strsm CUDA3 3.929582 96507 40
CPU11 30.223715 96468 strsm strsm CUDA0 2.843466 96508 40
CPU11 30.398139 96469 strsm strsm CUDA2 0.047105 96509 40
CPU10 30.626298 96470 strsm strsm CUDA1 2.767102 96510 40
CPU5 29.898282 96471 strsm strsm CUDA3 3.000850 96511 40
CPU17 30.472636 96472 strsm strsm CUDA0 10.490984 96512 40
CPU16 30.406207 96473 strsm strsm CUDA2 2.981490 96513 40
CPU17 30.547883 96474 strsm strsm CUDA2 12.179925 96514 40
CPU16 30.274346 96475 strsm strsm CUDA3 1.335761 96515 40
CPU17 30.547128 96476 strsm strsm CUDA0 2.691279 96516 40
CPU13 30.947273 96477 strsm strsm CUDA2 2.790545 96517 40
CPU14 30.570475 96478 strsm strsm CPU17 85.751701 96518 40
CPU16 30.369120 96479 strsm strsm CUDA0 2.792914 96519 40
CPU17 30.512938 96480 strsm strsm CPU -1 96520 40
CPU15 30.307868 96481 strsm strsm CPU30 87.535531 96521 40
CPU13 30.567869 96482 strsm strsm CPU24 89.053839 96522 40
CPU16 30.284645 96483 strsm strsm CPU19 96.887231 96523 40
CPU15 30.023429 96484 strsm strsm CPU20 89.188587 96524 40
CPU7 30.595121 96485 strsm strsm CPU12 87.175793 96525 40
CPU16 29.976443 96486 strsm strsm CPU -1 96526 40
CPU3 29.997403 96487 strsm strsm CPU13 99.489244 96527 40
CPU4 30.720922 96488 strsm strsm CPU15 99.997812 96528 40
CPU12 30.707500 96489 strsm strsm CPU29 99.784626 96529 40
CPU8 30.457315 96490 strsm strsm CPU21 87.015060 96530 40
CPU17 30.714923 96491 strsm strsm CPU19 88.350929 96531 40
CPU19 30.590578 96492 strsm strsm CPU32 100.336625 96532 40
CPU8 30.109812 96493 strsm strsm CPU26 112.010748 96533 40
CPU8 30.274099 96494 strsm strsm CPU18 91.390980 96534 40
CPU5 29.910538 96495 strsm strsm CPU25 110.808500 96535 40
CPU10 30.622311 96496 strsm strsm CPU14 111.925581 96536 40
CPU13 30.841961 96497 strsm strsm CPU -1 96537 40
CPU16 30.062939 96498 strsm strsm CPU12 123.618387 96538 40
CPU12 30.896405 96499 strsm strsm CPU27 99.656300 96539 40
CPU1 30.157155 96500 strsm strsm CPU -1 96540 40
CPU11 40.994400 96503 ssyrk ssyrk CUDA3 0.417004 96543 40
CPU19 44.953455 96504 sgemm sgemm CUDA3 2.562520 96544 40
CPU7 45.406707 96505 sgemm sgemm CUDA3 0.058672 96545 40
CPU6 45.037488 96506 sgemm sgemm CUDA1 1.235645 96546 40
CPU18 44.631389 96507 sgemm sgemm CUDA2 0.999674 96547 40
CPU10 44.909724 96508 sgemm sgemm CUDA2 1.271902 96548 40
CPU3 45.126246 96509 sgemm sgemm CUDA2 1.154448 96549 40
CPU2 44.669864 96510 sgemm sgemm CUDA2 0.992092 96550 40
CPU0 45.274704 96511 sgemm sgemm CUDA3 1.218595 96551 40
CPU7 45.163947 96512 sgemm sgemm CUDA1 1.240680 96552 40
CPU11 44.687556 96513 sgemm sgemm CUDA3 1.248340 96553 40
CPU10 45.209427 96514 sgemm sgemm CUDA2 1.164253 96554 40
CPU8 45.102523 96515 sgemm sgemm CUDA1 1.083415 96555 40
CPU11 44.857636 96516 sgemm sgemm CUDA3 1.239796 96556 40
CPU11 44.785856 96517 sgemm sgemm CUDA0 1.160280 96557 40
CPU11 45.077230 96518 sgemm sgemm CUDA2 1.158656 96558 40
CPU10 44.864760 96519 sgemm sgemm CUDA0 1.238213 96559 40
CPU6 44.973574 96520 sgemm sgemm CUDA2 1.001967 96560 40
CPU15 44.901287 96521 sgemm sgemm CUDA0 1.158857 96561 40
CPU14 45.371633 96522 sgemm sgemm CUDA2 5.466487 96562 40
CPU17 44.794811 96523 sgemm sgemm CUDA1 0.991933 96563 40
CPU16 44.853582 96524 sgemm sgemm CUDA3 11.983671 96564 40
CPU17 44.909680 96525 sgemm sgemm CUDA0 0.122135 96565 40
CPU13 45.156206 96526 sgemm sgemm CUDA2 0.997318 96566 40
CPU14 44.830710 96527 sgemm sgemm CUDA1 1.163237 96567 40
CPU16 44.937242 96528 sgemm sgemm CUDA0 1.000495 96568 40
CPU17 45.098456 96529 sgemm sgemm CUDA3 1.251172 96569 40
CPU15 45.055438 96530 sgemm sgemm CUDA3 1.330415 96570 40
CPU1 45.170455 96531 sgemm sgemm CUDA1 0.091346 96571 40
CPU13 45.067754 96532 sgemm sgemm CUDA2 1.166036 96572 40
CPU15 44.930804 96533 sgemm sgemm CUDA2 1.220893 96573 40
CPU11 44.966068 96534 sgemm sgemm CUDA3 1.229441 96574 40
CPU0 45.343427 96535 sgemm sgemm CUDA0 1.214392 96575 40
CPU3 44.941042 96536 sgemm sgemm CUDA0 1.220107 96576 40
CPU4 45.177802 96537 sgemm sgemm CUDA2 1.007411 96577 40
CPU16 45.125418 96538 sgemm sgemm CUDA0 1.198124 96578 40
CPU13 45.156143 96539 sgemm sgemm CUDA0 1.170622 96579 40
CPU2 44.857151 96540 sgemm sgemm CUDA0 1.285473 96580 40
CPU19 44.973202 96541 sgemm sgemm CUDA0 1.005086 96581 40
CPU8 44.690139 96542 sgemm sgemm CUDA3 1.049999 96582 40
CPU6 45.413408 96543 sgemm sgemm CUDA1 1.052593 96583 40
CPU5 44.961637 96544 sgemm sgemm CUDA2 1.004553 96584 40
CPU5 45.085449 96545 sgemm sgemm CUDA0 1.218316 96585 40
CPU14 44.968992 96546 sgemm sgemm CUDA3 1.174944 96586 40
CPU2 45.341113 96547 sgemm sgemm CUDA1 1.181983 96587 40
CPU13 45.124351 96548 sgemm sgemm CUDA2 1.010955 96588 40
CPU5 44.963023 96549 sgemm sgemm CUDA0 1.172693 96589 40
CPU19 25.157888 96552 ssyrk ssyrk CUDA3 0.581922 96592 40
CPU5 45.192095 96553 sgemm sgemm CUDA3 1.172615 96593 40
CPU8 44.721542 96554 sgemm sgemm CUDA1 1.046136 96594 40
CPU18 44.610128 96555 sgemm sgemm CUDA3 0.999099 96595 40
CPU1 45.116116 96556 sgemm sgemm CUDA1 0.988835 96596 40
CPU4 45.137128 96557 sgemm sgemm CUDA0 0.324400 96597 40
CPU1 44.946011 96558 sgemm sgemm CUDA3 1.145090 96598 40
CPU0 45.418891 96559 sgemm sgemm CUDA3 1.178162 96599 40
CPU9 44.978405 96560 sgemm sgemm CUDA0 0.990680 96600 40
CPU19 45.075571 96561 sgemm sgemm CUDA0 1.162066 96601 40
CPU18 45.078113 96562 sgemm sgemm CUDA3 0.988931 96602 40
CPU8 45.034141 96563 sgemm sgemm CUDA1 1.262017 96603 40
CPU7 45.115987 96564 sgemm sgemm CUDA3 1.177151 96604 40
CPU11 44.878893 96565 sgemm sgemm CUDA0 0.991699 96605 40
CPU11 44.969965 96566 sgemm sgemm CUDA1 0.985272 96606 40
CPU10 44.953207 96567 sgemm sgemm CUDA0 1.170802 96607 40
CPU0 45.226297 96568 sgemm sgemm CUDA3 0.989501 96608 40
CPU15 44.818010 96569 sgemm sgemm CUDA0 0.996304 96609 40
CPU19 45.222414 96570 sgemm sgemm CUDA1 0.988576 96610 40
CPU17 44.964592 96571 sgemm sgemm CUDA1 1.168869 96611 40
CPU17 45.091795 96572 sgemm sgemm CUDA3 1.171275 96612 40
CPU17 44.892364 96573 sgemm sgemm CUDA0 1.167287 96613 40
CPU13 45.346864 96574 sgemm sgemm CUDA1 1.171261 96614 40
CPU14 44.804165 96575 sgemm sgemm CUDA1 1.219788 96615 40
CPU15 44.897858 96576 sgemm sgemm CUDA0 1.176049 96616 40
CPU17 45.028615 96577 sgemm sgemm CUDA3 0.999407 96617 40
CPU18 45.209978 96578 sgemm sgemm CUDA3 0.174576 96618 40
CPU16 44.799922 96579 sgemm sgemm CUDA1 1.298417 96619 40
CPU10 45.057553 96580 sgemm sgemm CUDA2 0.993708 96620 40
CPU12 45.283729 96581 sgemm sgemm CUDA2 1.163593 96621 40
CPU9 45.016073 96582 sgemm sgemm CUDA3 1.288874 96622 40
CPU5 45.104281 96583 sgemm sgemm CUDA1 1.007055 96623 40
CPU16 45.169792 96584 sgemm sgemm CUDA0 1.050485 96624 40
CPU4 45.151331 96585 sgemm sgemm CUDA0 15.047514 96625 40
CPU17 45.068128 96586 sgemm sgemm CUDA0 1.052836 96626 40
CPU10 44.960201 96587 sgemm sgemm CUDA0 1.009660 96627 40
CPU16 45.309177 96588 sgemm sgemm CUDA0 1.011956 96628 40
CPU18 44.978982 96589 sgemm sgemm CUDA0 1.224174 96629 40
CPU8 44.724553 96590 sgemm sgemm CUDA3 1.008674 96630 40
CPU17 45.072882 96591 sgemm sgemm CUDA1 1.007317 96631 40
CPU2 44.682469 96592 sgemm sgemm CUDA2 1.004575 96632 40
CPU12 44.987914 96593 sgemm sgemm CUDA0 1.175544 96633 40
CPU15 45.057046 96594 sgemm sgemm CUDA3 1.003361 96634 40
CPU16 44.702579 96595 sgemm sgemm CUDA0 11.228998 96635 40
CPU18 44.945912 96596 sgemm sgemm CUDA2 1.004735 96636 40
CPU7 44.964829 96597 sgemm sgemm CUDA0 1.008955 96637 40
CPU11 41.357811 96600 ssyrk ssyrk CUDA0 0.549199 96640 40
CPU11 74.732470 96601 sgemm sgemm CUDA1 1.218053 96641 40
CPU19 44.876554 96602 sgemm sgemm CUDA1 0.215356 96642 40
CPU3 45.121270 96603 sgemm sgemm CUDA1 1.216415 96643 40
CPU4 45.061097 96604 sgemm sgemm CUDA0 1.229447 96644 40
CPU2 44.443989 96605 sgemm sgemm CUDA3 1.005533 96645 40
CPU0 45.438179 96606 sgemm sgemm CUDA3 0.191093 96646 40
CPU9 44.921750 96607 sgemm sgemm CUDA0 0.987963 96647 40
CPU11 44.988900 96608 sgemm sgemm CUDA0 1.226444 96648 40
CPU19 45.245286 96609 sgemm sgemm CUDA3 11.202289 96649 40
CPU6 45.437766 96610 sgemm sgemm CUDA0 1.161107 96650 40
CPU11 44.981297 96611 sgemm sgemm CUDA3 0.991581 96651 40
CPU6 45.121991 96612 sgemm sgemm CUDA0 1.166525 96652 40
CPU11 44.965723 96613 sgemm sgemm CUDA3 1.158103 96653 40
CPU3 45.107727 96614 sgemm sgemm CUDA3 0.994589 96654 40
CPU1 44.595401 96615 sgemm sgemm CUDA3 0.995398 96655 40
CPU14 44.858946 96616 sgemm sgemm CUDA0 1.158389 96656 40
CPU10 45.325955 96617 sgemm sgemm CUDA1 1.003268 96657 40
CPU17 44.855604 96618 sgemm sgemm CUDA1 1.302994 96658 40
CPU17 45.031735 96619 sgemm sgemm CUDA3 0.998113 96659 40
CPU17 45.102314 96620 sgemm sgemm CUDA0 0.996456 96660 40
CPU13 45.380995 96621 sgemm sgemm CUDA1 1.160351 96661 40
CPU14 44.889078 96622 sgemm sgemm CUDA1 1.227142 96662 40
CPU15 44.879692 96623 sgemm sgemm CUDA0 1.216400 96663 40
CPU3 45.080820 96624 sgemm sgemm CUDA3 1.001397 96664 40
CPU14 45.155406 96625 sgemm sgemm CUDA3 1.341838 96665 40
CPU11 44.842314 96626 sgemm sgemm CUDA1 0.997098 96666 40
CPU11 45.050450 96627 sgemm sgemm CUDA2 1.176108 96667 40
CPU13 44.926689 96628 sgemm sgemm CUDA2 1.002302 96668 40
CPU6 44.540060 96629 sgemm sgemm CUDA3 1.044631 96669 40
CPU15 44.777478 96630 sgemm sgemm CUDA1 1.172903 96670 40
CPU11 45.106756 96631 sgemm sgemm CUDA0 1.166745 96671 40
CPU4 45.201319 96632 sgemm sgemm CUDA0 5.597840 96672 40
CPU1 44.924454 96633 sgemm sgemm CUDA0 0.602586 96673 40
CPU10 44.858475 96634 sgemm sgemm CUDA0 13.565571 96674 40
CPU17 45.169877 96635 sgemm sgemm CUDA0 1.229197 96675 40
CPU18 44.938319 96636 sgemm sgemm CUDA0 1.167993 96676 40
CPU5 44.670811 96637 sgemm sgemm CUDA3 1.008895 96677 40
CPU3 45.062509 96638 sgemm sgemm CUDA1 1.004648 96678 40
CPU12 45.120922 96639 sgemm sgemm CUDA2 12.043839 96679 40
CPU1 44.907871 96640 sgemm sgemm CUDA0 1.007395 96680 40
CPU14 45.148232 96641 sgemm sgemm CUDA3 12.295931 96681 40
CPU17 45.036387 96642 sgemm sgemm CUDA0 0.071228 96682 40
CPU4 44.920273 96643 sgemm sgemm CUDA2 0.060598 96683 40
CPU3 44.816107 96644 sgemm sgemm CUDA0 1.005638 96684 40
CPU11 41.528916 96647 ssyrk ssyrk CUDA1 0.538147 96687 40
CPU7 45.104752 96648 sgemm sgemm CUDA2 0.989771 96688 40
CPU11 45.035954 96649 sgemm sgemm CUDA1 1.161813 96689 40
CPU4 45.022030 96650 sgemm sgemm CUDA2 13.716962 96690 40
CPU2 44.213293 96651 sgemm sgemm CUDA2 1.166902 96691 40
CPU0 45.399954 96652 sgemm sgemm CUDA1 1.161359 96692 40
CPU9 44.580004 96653 sgemm sgemm CUDA1 0.996875 96693 40
CPU10 44.964351 96654 sgemm sgemm CUDA0 0.994296 96694 40
CPU18 45.116691 96655 sgemm sgemm CUDA0 0.067360 96695 40
CPU8 44.854851 96656 sgemm sgemm CUDA0 1.156796 96696 40
CPU11 45.096831 96657 sgemm sgemm CUDA2 0.971441 96697 40
CPU11 45.026358 96658 sgemm sgemm CUDA0 1.157314 96698 40
CPU10 45.182969 96659 sgemm sgemm CUDA1 1.125346 96699 40
CPU5 44.650657 96660 sgemm sgemm CUDA0 1.218039 96700 40
CPU2 44.126016 96661 sgemm sgemm CUDA2 1.163987 96701 40
CPU17 45.070705 96662 sgemm sgemm CUDA0 0.993516 96702 40
CPU6 44.810993 96663 sgemm sgemm CUDA1 0.057335 96703 40
CPU17 44.954276 96664 sgemm sgemm CUDA1 0.994543 96704 40
CPU14 45.284145 96665 sgemm sgemm CUDA3 1.217001 96705 40
CPU13 45.124786 96666 sgemm sgemm CUDA0 1.164588 96706 40
CPU13 45.381324 96667 sgemm sgemm CUDA1 1.170214 96707 40
CPU14 44.982667 96668 sgemm sgemm CUDA0 1.003241 96708 40
CPU16 45.021101 96669 sgemm sgemm CUDA0 1.218198 96709 40
CPU17 45.003446 96670 sgemm sgemm CUDA3 1.218420 96710 40
CPU8 44.611462 96671 sgemm sgemm CUDA3 1.230891 96711 40
CPU17 44.960016 96672 sgemm sgemm CUDA3 1.045233 96712 40
CPU15 45.080046 96673 sgemm sgemm CUDA2 0.438965 96713 40
CPU10 45.161340 96674 sgemm sgemm CUDA2 0.124786 96714 40
CPU2 44.541010 96675 sgemm sgemm CUDA3 1.172252 96715 40
CPU3 45.028545 96676 sgemm sgemm CUDA1 0.138196 96716 40
CPU16 45.253085 96677 sgemm sgemm CUDA0 12.767843 96717 40
CPU4 45.026056 96678 sgemm sgemm CUDA0 1.005974 96718 40
CPU17 45.309869 96679 sgemm sgemm CUDA0 1.179944 96719 40
CPU17 45.275814 96680 sgemm sgemm CUDA0 1.006838 96720 40
CPU16 45.147528 96681 sgemm sgemm CUDA2 1.006745 96721 40
CPU19 45.110772 96682 sgemm sgemm CUDA0 1.145093 96722 40
CPU0 44.915679 96683 sgemm sgemm CUDA3 1.171798 96723 40
CPU16 45.085891 96684 sgemm sgemm CUDA1 1.176092 96724 40
CPU17 45.206679 96685 sgemm sgemm CUDA2 1.174187 96725 40
CPU11 44.880330 96686 sgemm sgemm CUDA0 1.003341 96726 40
CPU13 45.324592 96687 sgemm sgemm CUDA0 1.170326 96727 40
CPU13 45.171195 96688 sgemm sgemm CUDA0 1.007125 96728 40
CPU13 45.252145 96689 sgemm sgemm CUDA2 1.003155 96729 40
CPU6 44.978440 96690 sgemm sgemm CUDA0 1.170049 96730 40
CPU18 24.866772 96693 ssyrk ssyrk CUDA2 5.777084 96733 40
CPU5 45.064962 96694 sgemm sgemm CUDA2 1.531917 96734 40
CPU4 45.212014 96695 sgemm sgemm CUDA2 1.219096 96735 40
CPU2 44.120011 96696 sgemm sgemm CUDA3 1.245324 96736 40
CPU0 45.651745 96697 sgemm sgemm CUDA3 0.052547 96737 40
CPU9 44.922815 96698 sgemm sgemm CUDA1 0.983938 96738 40
CPU12 44.809351 96699 sgemm sgemm CUDA0 1.151213 96739 40
CPU19 45.014326 96700 sgemm sgemm CUDA0 0.984968 96740 40
CPU8 45.192999 96701 sgemm sgemm CUDA0 1.190249 96741 40
CPU5 44.934827 96702 sgemm sgemm CUDA2 0.999191 96742 40
CPU2 45.153693 96703 sgemm sgemm CUDA0 0.050637 96743 40
CPU8 44.825239 96704 sgemm sgemm CUDA2 1.160738 96744 40
CPU8 45.119177 96705 sgemm sgemm CUDA1 0.993425 96745 40
CPU3 44.431160 96706 sgemm sgemm CUDA2 1.161796 96746 40
CPU17 44.858825 96707 sgemm sgemm CUDA0 0.995196 96747 40
CPU18 44.888203 96708 sgemm sgemm CUDA1 1.050146 96748 40
CPU13 44.981790 96709 sgemm sgemm CUDA2 1.167327 96749 40
CPU17 45.043583 96710 sgemm sgemm CUDA3 0.126831 96750 40
CPU15 44.856387 96711 sgemm sgemm CUDA0 1.190981 96751 40
CPU13 45.122286 96712 sgemm sgemm CUDA1 12.158881 96752 40
CPU14 45.063918 96713 sgemm sgemm CUDA0 1.172239 96753 40
CPU15 44.781894 96714 sgemm sgemm CUDA0 1.166364 96754 40
CPU13 44.991676 96715 sgemm sgemm CUDA2 4.934135 96755 40
CPU13 45.210216 96716 sgemm sgemm CUDA2 1.002023 96756 40
CPU17 44.925409 96717 sgemm sgemm CUDA1 1.173132 96757 40
CPU4 45.117612 96718 sgemm sgemm CUDA2 1.181213 96758 40
CPU12 44.859150 96719 sgemm sgemm CUDA2 1.175402 96759 40
CPU0 44.640995 96720 sgemm sgemm CUDA1 12.486821 96760 40
CPU14 44.970287 96721 sgemm sgemm CUDA1 1.173803 96761 40
CPU16 45.038886 96722 sgemm sgemm CUDA0 1.174790 96762 40
CPU4 45.248781 96723 sgemm sgemm CUDA0 1.175599 96763 40
CPU16 45.310794 96724 sgemm sgemm CUDA0 0.189299 96764 40
CPU5 45.151178 96725 sgemm sgemm CUDA0 1.006604 96765 40
CPU16 44.898309 96726 sgemm sgemm CUDA2 1.009478 96766 40
CPU19 44.995415 96727 sgemm sgemm CUDA2 1.001040 96767 40
CPU4 45.145428 96728 sgemm sgemm CUDA3 1.007626 96768 40
CPU17 44.996219 96729 sgemm sgemm CUDA2 1.003165 96769 40
CPU17 45.079660 96730 sgemm sgemm CUDA2 1.177423 96770 40
CPU10 44.807444 96731 sgemm sgemm CUDA0 0.987833 96771 40
CPU13 44.874806 96732 sgemm sgemm CUDA0 1.173832 96772 40
CPU12 44.978842 96733 sgemm sgemm CUDA1 1.050898 96773 40
CPU0 45.213488 96734 sgemm sgemm CUDA2 12.614323 96774 40
CPU7 45.078259 96735 sgemm sgemm CUDA0 1.000604 96775 40
CPU10 25.286008 96738 ssyrk ssyrk CUDA2 0.847257 96778 40
CPU4 45.099624 96739 sgemm sgemm CUDA1 0.991765 96779 40
CPU2 44.818894 96740 sgemm sgemm CUDA2 0.991647 96780 40
CPU0 45.498760 96741 sgemm sgemm CUDA3 1.151780 96781 40
CPU9 44.802498 96742 sgemm sgemm CUDA1 6.224001 96782 40
CPU12 44.901924 96743 sgemm sgemm CUDA2 1.155550 96783 40
CPU18 44.956619 96744 sgemm sgemm CUDA3 1.156147 96784 40
CPU6 45.323306 96745 sgemm sgemm CUDA1 1.156268 96785 40
CPU1 44.894886 96746 sgemm sgemm CUDA2 1.298391 96786 40
CPU7 45.079008 96747 sgemm sgemm CUDA2 1.161992 96787 40
CPU9 44.627298 96748 sgemm sgemm CUDA2 1.163272 96788 40
CPU7 45.209369 96749 sgemm sgemm CUDA3 12.174498 96789 40
CPU9 44.329049 96750 sgemm sgemm CUDA2 1.166964 96790 40
CPU17 44.971991 96751 sgemm sgemm CUDA3 1.160997 96791 40
CPU10 45.008253 96752 sgemm sgemm CUDA2 1.298175 96792 40
CPU18 44.797721 96753 sgemm sgemm CUDA2 1.002709 96793 40
CPU3 44.932260 96754 sgemm sgemm CUDA1 1.238505 96794 40
CPU16 44.795242 96755 sgemm sgemm CUDA3 1.001402 96795 40
CPU13 45.336094 96756 sgemm sgemm CUDA1 1.115280 96796 40
CPU14 44.982378 96757 sgemm sgemm CUDA2 1.006399 96797 40
CPU16 45.138633 96758 sgemm sgemm CUDA3 1.170893 96798 40
CPU10 45.048040 96759 sgemm sgemm CUDA2 1.171281 96799 40
CPU10 45.004707 96760 sgemm sgemm CUDA3 1.171039 96800 40
CPU1 45.017477 96761 sgemm sgemm CUDA3 1.007418 96801 40
CPU8 44.835341 96762 sgemm sgemm CUDA2 1.004519 96802 40
CPU8 44.771538 96763 sgemm sgemm CUDA2 0.186875 96803 40
CPU4 45.029618 96764 sgemm sgemm CUDA1 1.183896 96804 40
CPU10 44.985704 96765 sgemm sgemm CUDA1 1.173161 96805 40
CPU14 45.250851 96766 sgemm sgemm CUDA3 1.572727 96806 40
CPU2 44.844776 96767 sgemm sgemm CUDA2 1.003914 96807 40
CPU9 44.843962 96768 sgemm sgemm CUDA3 1.008557 96808 40
CPU13 45.341514 96769 sgemm sgemm CUDA2 1.007000 96809 40
CPU0 45.128928 96770 sgemm sgemm CUDA2 1.010622 96810 40
CPU18 44.878973 96771 sgemm sgemm CUDA2 0.075044 96811 40
CPU0 45.185517 96772 sgemm sgemm CUDA3 1.225047 96812 40
CPU11 44.738732 96773 sgemm sgemm CUDA2 1.169465 96813 40
CPU12 45.008156 96774 sgemm sgemm CUDA2 1.173053 96814 40
CPU7 45.116561 96775 sgemm sgemm CUDA3 1.007373 96815 40
CPU14 45.110647 96776 sgemm sgemm CUDA3 1.006218 96816 40
CPU6 45.122824 96777 sgemm sgemm CUDA1 0.993188 96817 40
CPU2 44.594011 96778 sgemm sgemm CUDA2 1.170583 96818 40
CPU1 44.741597 96779 sgemm sgemm CUDA2 0.998076 96819 40
CPU4 25.362064 96782 ssyrk ssyrk CUDA0 0.633483 96822 40
CPU4 44.938772 96783 sgemm sgemm CUDA1 0.963067 96823 40
CPU0 45.293821 96784 sgemm sgemm CUDA0 0.995861 96824 40
CPU9 45.117461 96785 sgemm sgemm CUDA1 1.164223 96825 40
CPU4 44.963935 96786 sgemm sgemm CUDA2 12.307396 96826 40
CPU10 45.141975 96787 sgemm sgemm CUDA0 1.159886 96827 40
CPU7 45.130076 96788 sgemm sgemm CUDA0 0.992112 96828 40
CPU6 45.063730 96789 sgemm sgemm CUDA2 1.137913 96829 40
CPU11 44.905783 96790 sgemm sgemm CUDA2 0.990718 96830 40
CPU11 45.163404 96791 sgemm sgemm CUDA2 1.158357 96831 40
CPU2 44.879000 96792 sgemm sgemm CUDA1 1.049092 96832 40
CPU17 45.078786 96793 sgemm sgemm CUDA2 1.170127 96833 40
CPU17 45.166550 96794 sgemm sgemm CUDA0 1.168479 96834 40
CPU2 44.719392 96795 sgemm sgemm CUDA1 1.006446 96835 40
CPU0 45.254615 96796 sgemm sgemm CUDA2 0.052380 96836 40
CPU14 44.977099 96797 sgemm sgemm CUDA1 1.169912 96837 40
CPU6 45.112960 96798 sgemm sgemm CUDA3 1.219004 96838 40
CPU13 45.128777 96799 sgemm sgemm CUDA2 0.993271 96839 40
CPU14 45.159192 96800 sgemm sgemm CUDA0 1.171422 96840 40
CPU15 45.037094 96801 sgemm sgemm CUDA3 1.000827 96841 40
CPU14 45.035181 96802 sgemm sgemm CUDA2 1.165447 96842 40
CPU16 44.898692 96803 sgemm sgemm CUDA2 12.311163 96843 40
CPU2 44.933074 96804 sgemm sgemm CUDA3 1.002658 96844 40
CPU0 45.040151 96805 sgemm sgemm CUDA0 1.050663 96845 40
CPU12 44.939485 96806 sgemm sgemm CUDA2 1.154739 96846 40
CPU5 44.625646 96807 sgemm sgemm CUDA1 1.176900 96847 40
CPU16 44.935540 96808 sgemm sgemm CUDA2 12.296564 96848 40
CPU17 45.244243 96809 sgemm sgemm CUDA3 0.082739 96849 40
CPU3 44.881560 96810 sgemm sgemm CUDA0 1.164910 96850 40
CPU15 44.925666 96811 sgemm sgemm CUDA0 0.068548 96851 40
CPU10 45.131828 96812 sgemm sgemm CUDA2 1.009722 96852 40
CPU17 45.074768 96813 sgemm sgemm CUDA0 1.009968 96853 40
CPU18 44.774600 96814 sgemm sgemm CUDA2 0.086028 96854 40
CPU3 45.463481 96815 sgemm sgemm CUDA1 12.444240 96855 40
CPU14 44.937170 96816 sgemm sgemm CUDA2 1.002799 96856 40
CPU12 45.111074 96817 sgemm sgemm CUDA3 1.178839 96857 40
CPU5 45.103575 96818 sgemm sgemm CUDA3 1.169321 96858 40
CPU13 45.055693 96819 sgemm sgemm CUDA0 1.166648 96859 40
CPU17 45.533654 96820 sgemm sgemm CUDA0 1.162997 96860 40
CPU7 44.919995 96821 sgemm sgemm CUDA3 0.998167 96861 40
CPU0 45.087664 96822 sgemm sgemm CUDA2 1.224268 96862 40
CPU2 25.058934 96825 ssyrk ssyrk CUDA2 0.640525 96865 40
CPU0 45.298882 96826 sgemm sgemm CUDA3 1.145186 96866 40
CPU9 45.528566 96827 sgemm sgemm CUDA1 0.044848 96867 40
CPU12 45.075617 96828 sgemm sgemm CUDA3 0.990779 96868 40
CPU19 45.331719 96829 sgemm sgemm CUDA3 0.993705 96869 40
CPU8 44.841882 96830 sgemm sgemm CUDA1 1.162025 96870 40
CPU10 45.114755 96831 sgemm sgemm CUDA2 1.160617 96871 40
CPU4 44.986283 96832 sgemm sgemm CUDA2 0.998354 96872 40
CPU11 45.108334 96833 sgemm sgemm CUDA3 1.166980 96873 40
CPU1 44.858850 96834 sgemm sgemm CUDA3 1.166287 96874 40
CPU17 45.194925 96835 sgemm sgemm CUDA2 11.301016 96875 40
CPU8 44.718242 96836 sgemm sgemm CUDA3 1.002578 96876 40
CPU1 44.622581 96837 sgemm sgemm CUDA2 2.892012 96877 40
CPU19 44.981342 96838 sgemm sgemm CUDA1 1.222229 96878 40
CPU7 45.068157 96839 sgemm sgemm CUDA1 1.234836 96879 40
CPU16 44.898976 96840 sgemm sgemm CUDA3 1.168717 96880 40
CPU13 45.176114 96841 sgemm sgemm CUDA1 1.174034 96881 40
CPU14 44.613624 96842 sgemm sgemm CUDA2 1.003268 96882 40
CPU15 44.823825 96843 sgemm sgemm CUDA3 1.166434 96883 40
CPU12 45.314876 96844 sgemm sgemm CUDA2 1.183981 96884 40
CPU14 45.230844 96845 sgemm sgemm CUDA3 1.169566 96885 40
CPU13 44.984115 96846 sgemm sgemm CUDA3 1.002643 96886 40
CPU13 45.052432 96847 sgemm sgemm CUDA2 0.985241 96887 40
CPU15 45.130640 96848 sgemm sgemm CUDA2 1.173658 96888 40
CPU19 45.031338 96849 sgemm sgemm CUDA1 1.006975 96889 40
CPU17 45.126591 96850 sgemm sgemm CUDA2 1.009703 96890 40
CPU17 45.223349 96851 sgemm sgemm CUDA3 1.009585 96891 40
CPU1 44.749435 96852 sgemm sgemm CUDA2 1.007860 96892 40
CPU8 44.679641 96853 sgemm sgemm CUDA3 1.005809 96893 40
CPU12 45.074004 96854 sgemm sgemm CUDA2 12.978469 96894 40
CPU12 45.074668 96855 sgemm sgemm CUDA2 0.969703 96895 40
CPU18 44.830056 96856 sgemm sgemm CUDA2 1.000744 96896 40
CPU5 45.046083 96857 sgemm sgemm CUDA3 1.008366 96897 40
CPU16 44.891426 96858 sgemm sgemm CUDA1 1.002432 96898 40
CPU17 45.547580 96859 sgemm sgemm CUDA3 12.512848 96899 40
CPU2 45.030264 96860 sgemm sgemm CUDA3 1.000302 96900 40
CPU14 45.052532 96861 sgemm sgemm CUDA3 1.166663 96901 40
CPU1 44.733088 96862 sgemm sgemm CUDA0 1.001326 96902 40
CPU17 44.978527 96863 sgemm sgemm CUDA3 1.232140 96903 40
CPU8 44.776389 96864 sgemm sgemm CUDA2 12.596806 96904 40
CPU0 25.586361 96867 ssyrk ssyrk CUDA3 0.117360 96907 40
CPU9 44.920684 96868 sgemm sgemm CUDA3 0.991075 96908 40
CPU12 44.999912 96869 sgemm sgemm CUDA0 0.990822 96909 40
CPU10 44.991423 96870 sgemm sgemm CUDA0 0.985321 96910 40
CPU8 45.095510 96871 sgemm sgemm CUDA0 1.163303 96911 40
CPU2 45.123824 96872 sgemm sgemm CUDA3 1.161476 96912 40
CPU11 44.852942 96873 sgemm sgemm CUDA0 0.994348 96913 40
CPU0 45.315395 96874 sgemm sgemm CUDA1 1.065365 96914 40
CPU0 44.970435 96875 sgemm sgemm CUDA3 13.164972 96915 40
CPU6 45.184368 96876 sgemm sgemm CUDA0 1.166837 96916 40
CPU1 44.970287 96877 sgemm sgemm CUDA3 1.170826 96917 40
CPU8 44.995259 96878 sgemm sgemm CUDA2 1.173608 96918 40
CPU19 44.987223 96879 sgemm sgemm CUDA2 1.008198 96919 40
CPU17 44.819283 96880 sgemm sgemm CUDA3 0.989516 96920 40
CPU18 44.824820 96881 sgemm sgemm CUDA3 1.172224 96921 40
CPU13 44.995884 96882 sgemm sgemm CUDA2 1.223291 96922 40
CPU14 45.258775 96883 sgemm sgemm CUDA0 1.021869 96923 40
CPU15 44.801366 96884 sgemm sgemm CUDA3 1.001638 96924 40
CPU16 44.738129 96885 sgemm sgemm CUDA2 0.756339 96925 40
CPU12 44.890942 96886 sgemm sgemm CUDA2 12.209149 96926 40
CPU16 44.757210 96887 sgemm sgemm CUDA3 1.174810 96927 40
CPU14 44.938234 96888 sgemm sgemm CUDA0 1.176692 96928 40
CPU16 44.890868 96889 sgemm sgemm CUDA2 1.010378 96929 40
CPU18 44.781625 96890 sgemm sgemm CUDA1 12.120866 96930 40
CPU15 44.641515 96891 sgemm sgemm CUDA2 1.006150 96931 40
CPU17 44.955091 96892 sgemm sgemm CUDA3 1.176922 96932 40
CPU1 45.044223 96893 sgemm sgemm CUDA0 1.008892 96933 40
CPU10 44.932256 96894 sgemm sgemm CUDA0 1.004571 96934 40
CPU15 44.740329 96895 sgemm sgemm CUDA2 1.207110 96935 40
CPU16 44.814814 96896 sgemm sgemm CUDA0 1.008396 96936 40
CPU18 44.765995 96897 sgemm sgemm CUDA0 1.169322 96937 40
CPU6 44.601959 96898 sgemm sgemm CUDA3 1.183634 96938 40
CPU11 44.778633 96899 sgemm sgemm CUDA2 1.003625 96939 40
CPU17 45.167989 96900 sgemm sgemm CUDA3 1.168261 96940 40
CPU6 45.145679 96901 sgemm sgemm CUDA3 1.004167 96941 40
CPU13 44.984040 96902 sgemm sgemm CUDA0 0.999492 96942 40
CPU13 44.795994 96903 sgemm sgemm CUDA0 1.004037 96943 40
CPU2 45.065251 96904 sgemm sgemm CUDA3 1.003557 96944 40
CPU0 45.269440 96905 sgemm sgemm CUDA2 1.170453 96945 40
CPU9 24.868408 96908 ssyrk ssyrk CUDA1 4.789227 96948 40
CPU12 45.090403 96909 sgemm sgemm CUDA0 0.058433 96949 40
CPU18 44.978238 96910 sgemm sgemm CUDA3 0.996255 96950 40
CPU8 44.924322 96911 sgemm sgemm CUDA1 1.168677 96951 40
CPU7 45.078494 96912 sgemm sgemm CUDA3 1.009757 96952 40
CPU11 45.025122 96913 sgemm sgemm CUDA0 1.164439 96953 40
CPU1 45.141091 96914 sgemm sgemm CUDA1 1.008307 96954 40
CPU9 44.383258 96915 sgemm sgemm CUDA3 1.002032 96955 40
CPU17 45.053513 96916 sgemm sgemm CUDA1 12.097214 96956 40
CPU12 45.028946 96917 sgemm sgemm CUDA3 1.009731 96957 40
CPU2 44.728379 96918 sgemm sgemm CUDA1 1.006175 96958 40
CPU15 44.853070 96919 sgemm sgemm CUDA1 1.174453 96959 40
CPU15 44.954335 96920 sgemm sgemm CUDA1 1.300208 96960 40
CPU14 45.028371 96921 sgemm sgemm CUDA3 1.162509 96961 40
CPU13 45.141724 96922 sgemm sgemm CUDA1 1.002565 96962 40
CPU14 45.024957 96923 sgemm sgemm CUDA1 1.014274 96963 40
CPU16 44.863947 96924 sgemm sgemm CUDA3 1.170956 96964 40
CPU17 45.011948 96925 sgemm sgemm CUDA3 1.218883 96965 40
CPU11 45.210119 96926 sgemm sgemm CUDA3 1.173623 96966 40
CPU11 44.704087 96927 sgemm sgemm CUDA3 1.175318 96967 40
CPU10 45.056666 96928 sgemm sgemm CUDA0 1.170162 96968 40
CPU17 45.186741 96929 sgemm sgemm CUDA0 24.089785 96969 40
CPU6 45.096591 96930 sgemm sgemm CUDA1 1.177555 96970 40
CPU16 44.949056 96931 sgemm sgemm CUDA1 1.008368 96971 40
CPU10 45.023155 96932 sgemm sgemm CUDA3 1.170711 96972 40
CPU2 44.635273 96933 sgemm sgemm CUDA0 1.219033 96973 40
CPU13 44.961944 96934 sgemm sgemm CUDA0 1.006966 96974 40
CPU18 45.134605 96935 sgemm sgemm CUDA0 0.995006 96975 40
CPU13 45.063149 96936 sgemm sgemm CUDA0 1.175805 96976 40
CPU18 44.918351 96937 sgemm sgemm CUDA0 1.049473 96977 40
CPU5 44.864738 96938 sgemm sgemm CUDA1 1.156275 96978 40
CPU9 44.823320 96939 sgemm sgemm CUDA0 0.996701 96979 40
CPU19 45.304081 96940 sgemm sgemm CUDA3 1.001856 96980 40
CPU10 44.990068 96941 sgemm sgemm CUDA0 1.171260 96981 40
CPU9 45.058496 96942 sgemm sgemm CUDA0 0.999186 96982 40
CPU12 45.154037 96943 sgemm sgemm CUDA1 1.163840 96983 40
CPU10 45.131721 96944 sgemm sgemm CUDA3 1.001051 96984 40
CPU0 44.952872 96945 sgemm sgemm CUDA0 1.000598 96985 40
CPU12 25.439050 96948 ssyrk ssyrk CUDA0 0.782376 96988 40
CPU12 45.274694 96949 sgemm sgemm CUDA0 1.164312 96989 40
CPU12 45.281563 96950 sgemm sgemm CUDA0 1.165851 96990 40
CPU12 45.136363 96951 sgemm sgemm CUDA2 1.164565 96991 40
CPU12 45.148845 96952 sgemm sgemm CUDA2 0.667854 96992 40
CPU12 45.089945 96953 sgemm sgemm CUDA2 0.998297 96993 40
CPU12 45.030700 96954 sgemm sgemm CUDA0 0.150163 96994 40
CPU12 45.252205 96955 sgemm sgemm CUDA0 1.016035 96995 40
CPU14 45.289319 96956 sgemm sgemm CUDA0 1.002822 96996 40
CPU14 45.093305 96957 sgemm sgemm CUDA2 1.177416 96997 40
CPU14 44.917299 96958 sgemm sgemm CUDA2 1.169607 96998 40
CPU19 45.004506 96959 sgemm sgemm CUDA3 1.175406 96999 40
CPU14 45.181626 96960 sgemm sgemm CUDA0 1.029254 97000 40
CPU13 45.108170 96961 sgemm sgemm CUDA2 1.003643 97001 40
CPU14 45.057765 96962 sgemm sgemm CUDA0 1.004335 97002 40
CPU16 44.962272 96963 sgemm sgemm CUDA3 12.140551 97003 40
CPU17 44.907201 96964 sgemm sgemm CUDA3 1.160956 97004 40
CPU12 45.008084 96965 sgemm sgemm CUDA2 1.171989 97005 40
CPU17 44.988104 96966 sgemm sgemm CUDA0 1.217777 97006 40
CPU16 45.076467 96967 sgemm sgemm CUDA2 1.002905 97007 40
CPU17 45.013429 96968 sgemm sgemm CUDA0 0.997993 97008 40
CPU0 45.028962 96969 sgemm sgemm CUDA3 1.046030 97009 40
CPU0 45.649346 96970 sgemm sgemm CUDA2 1.177148 97010 40
CPU13 45.080387 96971 sgemm sgemm CUDA0 13.123750 97011 40
CPU2 44.964357 96972 sgemm sgemm CUDA0 1.172871 97012 40
CPU13 45.057881 96973 sgemm sgemm CUDA3 1.006369 97013 40
CPU10 44.921604 96974 sgemm sgemm CUDA2 1.172159 97014 40
CPU17 46.057000 96975 sgemm sgemm CUDA0 1.174523 97015 40
CPU19 44.996093 96976 sgemm sgemm CUDA2 0.992150 97016 40
CPU4 45.049757 96977 sgemm sgemm CUDA3 1.168867 97017 40
CPU10 45.090717 96978 sgemm sgemm CUDA0 1.166526 97018 40
CPU0 45.107326 96979 sgemm sgemm CUDA3 0.996052 97019 40
CPU1 44.782379 96980 sgemm sgemm CUDA3 13.335723 97020 40
CPU7 45.149933 96981 sgemm sgemm CUDA3 1.173991 97021 40
CPU12 45.593067 96982 sgemm sgemm CUDA0 1.161616 97022 40
CPU4 45.194440 96983 sgemm sgemm CUDA3 0.998148 97023 40
CPU8 44.748901 96984 sgemm sgemm CUDA2 0.997627 97024 40
CPU10 25.401828 96987 ssyrk ssyrk CUDA2 0.065848 97027 40
CPU8 44.816463 96988 sgemm sgemm CUDA0 0.306125 97028 40
CPU11 45.225308 96989 sgemm sgemm CUDA2 0.062372 97029 40
CPU11 45.234066 96990 sgemm sgemm CUDA3 1.219981 97030 40
CPU0 45.100686 96991 sgemm sgemm CUDA3 1.000626 97031 40
CPU3 44.295992 96992 sgemm sgemm CUDA0 1.174324 97032 40
CPU7 44.906053 96993 sgemm sgemm CUDA0 1.000720 97033 40
CPU17 45.124323 96994 sgemm sgemm CUDA3 1.170186 97034 40
CPU18 45.011210 96995 sgemm sgemm CUDA3 1.182509 97035 40
CPU15 45.058781 96996 sgemm sgemm CUDA2 1.169532 97036 40
CPU13 45.100384 96997 sgemm sgemm CUDA3 1.173263 97037 40
CPU15 44.863922 96998 sgemm sgemm CUDA0 1.229219 97038 40
CPU12 45.189771 96999 sgemm sgemm CUDA2 0.999678 97039 40
CPU14 45.038922 97000 sgemm sgemm CUDA0 1.002266 97040 40
CPU16 44.993670 97001 sgemm sgemm CUDA0 1.224277 97041 40
CPU12 45.109351 97002 sgemm sgemm CUDA2 1.008484 97042 40
CPU17 45.239272 97003 sgemm sgemm CUDA3 12.916344 97043 40
CPU17 45.116501 97004 sgemm sgemm CUDA0 1.176216 97044 40
CPU7 44.927080 97005 sgemm sgemm CUDA0 0.995165 97045 40
CPU17 45.087447 97006 sgemm sgemm CUDA0 1.047948 97046 40
CPU8 44.675792 97007 sgemm sgemm CUDA3 1.003522 97047 40
CPU17 45.141058 97008 sgemm sgemm CUDA2 11.160039 97048 40
CPU17 45.295348 97009 sgemm sgemm CUDA0 0.119579 97049 40
CPU0 44.984247 97010 sgemm sgemm CUDA2 1.000246 97050 40
CPU13 45.220110 97011 sgemm sgemm CUDA0 0.059316 97051 40
CPU0 45.535579 97012 sgemm sgemm CUDA2 12.120529 97052 40
CPU15 45.035138 97013 sgemm sgemm CUDA0 1.172430 97053 40
CPU19 45.240499 97014 sgemm sgemm CUDA2 1.001538 97054 40
CPU5 44.583079 97015 sgemm sgemm CUDA2 1.158716 97055 40
CPU9 44.759490 97016 sgemm sgemm CUDA0 0.999014 97056 40
CPU2 44.701740 97017 sgemm sgemm CUDA2 13.002815 97057 40
CPU0 45.018911 97018 sgemm sgemm CUDA0 1.000642 97058 40
CPU14 45.073635 97019 sgemm sgemm CUDA0 1.234569 97059 40
CPU1 44.791179 97020 sgemm sgemm CUDA0 1.167642 97060 40
CPU12 45.171509 97021 sgemm sgemm CUDA3 1.008500 97061 40
CPU1 44.819642 97022 sgemm sgemm CUDA3 1.146610 97062 40
CPU8 25.167701 97025 ssyrk ssyrk CUDA1 0.914038 97065 40
CPU11 44.935217 97026 sgemm sgemm CUDA2 1.165160 97066 40
CPU11 44.903973 97027 sgemm sgemm CUDA2 0.981952 97067 40
CPU11 45.052569 97028 sgemm sgemm CUDA1 1.169712 97068 40
CPU6 44.676507 97029 sgemm sgemm CUDA0 1.157649 97069 40
CPU5 44.621076 97030 sgemm sgemm CUDA1 1.158301 97070 40
CPU12 45.059750 97031 sgemm sgemm CUDA0 1.256991 97071 40
CPU3 44.980439 97032 sgemm sgemm CUDA1 1.171590 97072 40
CPU12 45.088433 97033 sgemm sgemm CUDA1 1.171218 97073 40
CPU14 45.007331 97034 sgemm sgemm CUDA0 1.178739 97074 40
CPU16 44.926996 97035 sgemm sgemm CUDA0 1.163175 97075 40
CPU12 45.065356 97036 sgemm sgemm CUDA1 1.218714 97076 40
CPU14 45.071527 97037 sgemm sgemm CUDA2 0.993925 97077 40
CPU15 44.816598 97038 sgemm sgemm CUDA0 1.005634 97078 40
CPU16 44.939068 97039 sgemm sgemm CUDA1 0.997364 97079 40
CPU15 45.048843 97040 sgemm sgemm CUDA2 12.435747 97080 40
CPU8 45.250213 97041 sgemm sgemm CUDA0 1.307360 97081 40
CPU12 44.890677 97042 sgemm sgemm CUDA2 1.176680 97082 40
CPU17 45.036131 97043 sgemm sgemm CUDA0 1.004391 97083 40
CPU4 44.591233 97044 sgemm sgemm CUDA1 12.631390 97084 40
CPU12 44.948855 97045 sgemm sgemm CUDA1 1.006677 97085 40
CPU15 44.981880 97046 sgemm sgemm CUDA0 1.008217 97086 40
CPU1 44.937541 97047 sgemm sgemm CUDA0 1.304800 97087 40
CPU8 44.989363 97048 sgemm sgemm CUDA2 0.997922 97088 40
CPU17 45.036261 97049 sgemm sgemm CUDA1 1.002120 97089 40
CPU12 45.248722 97050 sgemm sgemm CUDA0 1.170317 97090 40
CPU19 44.987401 97051 sgemm sgemm CUDA0 1.169940 97091 40
CPU4 45.111787 97052 sgemm sgemm CUDA2 1.171796 97092 40
CPU9 44.928635 97053 sgemm sgemm CUDA0 1.003475 97093 40
CPU13 45.317161 97054 sgemm sgemm CUDA2 1.167330 97094 40
CPU3 44.875408 97055 sgemm sgemm CUDA0 11.751047 97095 40
CPU4 45.185167 97056 sgemm sgemm CUDA0 1.162719 97096 40
CPU0 45.584910 97057 sgemm sgemm CUDA1 0.998743 97097 40
CPU11 44.953742 97058 sgemm sgemm CUDA2 1.167562 97098 40
CPU3 44.880806 97059 sgemm sgemm CUDA2 1.164997 97099 40
CPU11 24.894327 97062 ssyrk ssyrk CUDA3 0.515980 97102 40
CPU5 44.714694 97063 sgemm sgemm CUDA2 1.217245 97103 40
CPU9 44.901928 97064 sgemm sgemm CUDA1 1.008225 97104 40
CPU5 44.189919 97065 sgemm sgemm CUDA1 0.143053 97105 40
CPU2 44.769997 97066 sgemm sgemm CUDA1 0.491754 97106 40
CPU6 45.149282 97067 sgemm sgemm CUDA1 0.999539 97107 40
CPU4 44.938104 97068 sgemm sgemm CUDA3 1.010564 97108 40
CPU15 44.751965 97069 sgemm sgemm CUDA1 1.012164 97109 40
CPU13 45.069227 97070 sgemm sgemm CUDA1 1.176056 97110 40
CPU14 45.269325 97071 sgemm sgemm CUDA3 0.998318 97111 40
CPU12 45.334742 97072 sgemm sgemm CUDA2 1.159366 97112 40
CPU14 44.988020 97073 sgemm sgemm CUDA1 1.174330 97113 40
CPU16 44.974689 97074 sgemm sgemm CUDA2 1.176319 97114 40
CPU16 45.129596 97075 sgemm sgemm CUDA1 1.158126 97115 40
CPU12 45.198906 97076 sgemm sgemm CUDA2 1.016629 97116 40
CPU10 44.904431 97077 sgemm sgemm CUDA1 1.177014 97117 40
CPU12 45.098721 97078 sgemm sgemm CUDA3 1.176029 97118 40
CPU12 45.092841 97079 sgemm sgemm CUDA2 1.003745 97119 40
CPU5 44.527929 97080 sgemm sgemm CUDA1 1.009245 97120 40
CPU13 44.937173 97081 sgemm sgemm CUDA2 1.177617 97121 40
CPU17 45.222764 97082 sgemm sgemm CUDA3 1.441001 97122 40
CPU2 44.695491 97083 sgemm sgemm CUDA2 0.111410 97123 40
CPU1 44.846432 97084 sgemm sgemm CUDA2 1.168779 97124 40
CPU16 46.115650 97085 sgemm sgemm CUDA1 1.168806 97125 40
CPU18 45.023451 97086 sgemm sgemm CUDA2 1.168724 97126 40
CPU19 45.128700 97087 sgemm sgemm CUDA2 1.169648 97127 40
CPU3 45.017163 97088 sgemm sgemm CUDA2 1.172794 97128 40
CPU7 45.211956 97089 sgemm sgemm CUDA1 0.997250 97129 40
CPU17 45.207263 97090 sgemm sgemm CUDA1 1.168148 97130 40
CPU8 44.724386 97091 sgemm sgemm CUDA3 0.998300 97131 40
CPU13 45.203549 97092 sgemm sgemm CUDA3 1.171300 97132 40
CPU17 44.938103 97093 sgemm sgemm CUDA1 0.994701 97133 40
CPU12 44.957808 97094 sgemm sgemm CUDA2 0.066368 97134 40
CPU6 45.204951 97095 sgemm sgemm CUDA3 0.993711 97135 40
CPU11 24.959685 97098 ssyrk ssyrk CUDA0 0.046989 97138 40
CPU11 45.094993 97099 sgemm sgemm CUDA2 1.216365 97139 40
CPU1 45.337621 97100 sgemm sgemm CUDA0 0.999910 97140 40
CPU14 45.033834 97101 sgemm sgemm CUDA2 1.002189 97141 40
CPU16 45.242850 97102 sgemm sgemm CUDA0 1.021718 97142 40
CPU3 44.938919 97103 sgemm sgemm CUDA3 1.049065 97143 40
CPU17 44.922608 97104 sgemm sgemm CUDA3 1.001564 97144 40
CPU10 45.022525 97105 sgemm sgemm CUDA0 1.300731 97145 40
CPU11 44.946491 97106 sgemm sgemm CUDA3 1.011408 97146 40
CPU13 45.161938 97107 sgemm sgemm CUDA3 1.172343 97147 40
CPU10 45.015743 97108 sgemm sgemm CUDA0 0.780535 97148 40
CPU16 44.853133 97109 sgemm sgemm CUDA2 1.171568 97149 40
CPU13 44.994417 97110 sgemm sgemm CUDA2 1.005989 97150 40
CPU17 45.016350 97111 sgemm sgemm CUDA3 1.175879 97151 40
CPU11 44.690306 97112 sgemm sgemm CUDA0 1.004946 97152 40
CPU15 45.012825 97113 sgemm sgemm CUDA0 1.172508 97153 40
CPU13 44.996425 97114 sgemm sgemm CUDA0 1.167488 97154 40
CPU19 44.955160 97115 sgemm sgemm CUDA3 1.006157 97155 40
CPU15 44.719808 97116 sgemm sgemm CUDA2 1.172805 97156 40
CPU10 45.239018 97117 sgemm sgemm CUDA0 1.169137 97157 40
CPU1 44.999948 97118 sgemm sgemm CPU -1 97158 40
CPU16 44.756772 97119 sgemm sgemm CUDA2 1.169433 97159 40
CPU17 45.168687 97120 sgemm sgemm CUDA0 1.251484 97160 40
CPU14 45.078780 97121 sgemm sgemm CUDA0 1.169050 97161 40
CPU18 44.741866 97122 sgemm sgemm CUDA0 0.994999 97162 40
CPU5 44.831652 97123 sgemm sgemm CUDA2 1.161613 97163 40
CPU2 45.133301 97124 sgemm sgemm CUDA0 0.060155 97164 40
CPU0 45.431374 97125 sgemm sgemm CUDA3 1.166596 97165 40
CPU11 44.710344 97126 sgemm sgemm CUDA3 1.035977 97166 40
CPU12 45.234354 97127 sgemm sgemm CUDA2 0.995636 97167 40
CPU1 45.196189 97128 sgemm sgemm CUDA0 1.158218 97168 40
CPU6 45.318868 97129 sgemm sgemm CUDA3 1.168759 97169 40
CPU9 44.819556 97130 sgemm sgemm CUDA3 0.877465 97170 40
CPU11 25.189230 97133 ssyrk ssyrk CUDA2 0.045540 97173 40
CPU0 45.296722 97134 sgemm sgemm CUDA3 1.175793 97174 40
CPU17 45.192691 97135 sgemm sgemm CUDA1 1.004725 97175 40
CPU15 45.016184 97136 sgemm sgemm CUDA1 1.169016 97176 40
CPU11 45.226748 97137 sgemm sgemm CUDA3 0.998607 97177 40
CPU11 44.837670 97138 sgemm sgemm CUDA3 1.172371 97178 40
CPU13 45.182531 97139 sgemm sgemm CUDA1 1.183011 97179 40
CPU16 44.898715 97140 sgemm sgemm CUDA3 0.900687 97180 40
CPU13 45.313445 97141 sgemm sgemm CUDA3 1.218745 97181 40
CPU8 44.699803 97142 sgemm sgemm CUDA2 1.172923 97182 40
CPU16 44.879628 97143 sgemm sgemm CUDA3 1.206893 97183 40
CPU16 45.173024 97144 sgemm sgemm CUDA1 1.224651 97184 40
CPU4 45.046887 97145 sgemm sgemm CUDA3 1.239543 97185 40
CPU15 44.849608 97146 sgemm sgemm CUDA3 1.324406 97186 40
CPU14 45.200002 97147 sgemm sgemm CUDA3 1.000552 97187 40
CPU6 45.026929 97148 sgemm sgemm CUDA2 1.202706 97188 40
CPU10 44.936747 97149 sgemm sgemm CUDA1 1.005691 97189 40
CPU17 46.148002 97150 sgemm sgemm CUDA1 0.999090 97190 40
CPU14 45.123534 97151 sgemm sgemm CUDA2 1.171437 97191 40
CPU3 44.800428 97152 sgemm sgemm CUDA3 1.001912 97192 40
CPU11 44.943292 97153 sgemm sgemm CUDA2 1.169253 97193 40
CPU17 44.754428 97154 sgemm sgemm CUDA3 1.169069 97194 40
CPU11 44.592079 97155 sgemm sgemm CUDA2 0.999521 97195 40
CPU18 45.034420 97156 sgemm sgemm CUDA2 1.163385 97196 40
CPU7 44.854363 97157 sgemm sgemm CUDA2 1.003123 97197 40
CPU6 45.320946 97158 sgemm sgemm CUDA2 0.998695 97198 40
CPU1 44.975144 97159 sgemm sgemm CUDA1 1.168553 97199 40
CPU5 44.695820 97160 sgemm sgemm CUDA3 1.206942 97200 40
CPU9 44.871010 97161 sgemm sgemm CUDA2 1.000064 97201 40
CPU9 45.405759 97162 sgemm sgemm CUDA1 1.166261 97202 40
CPU15 44.905117 97163 sgemm sgemm CUDA1 1.164363 97203 40
CPU7 44.729888 97164 sgemm sgemm CUDA3 0.996759 97204 40
CPU10 25.096827 97167 ssyrk ssyrk CUDA0 0.570003 97207 40
CPU16 44.945701 97168 sgemm sgemm CUDA0 0.319166 97208 40
CPU15 44.655512 97169 sgemm sgemm CUDA0 1.048454 97209 40
CPU3 44.993599 97170 sgemm sgemm CUDA1 1.178446 97210 40
CPU9 45.288724 97171 sgemm sgemm CUDA2 1.053393 97211 40
CPU15 44.844890 97172 sgemm sgemm CUDA0 1.006707 97212 40
CPU4 45.198890 97173 sgemm sgemm CUDA0 1.052621 97213 40
CPU10 44.982988 97174 sgemm sgemm CUDA1 1.220645 97214 40
CPU12 45.074145 97175 sgemm sgemm CUDA0 0.093728 97215 40
CPU15 44.824352 97176 sgemm sgemm CUDA3 1.008126 97216 40
CPU6 45.423359 97177 sgemm sgemm CUDA2 1.008634 97217 40
CPU17 45.061071 97178 sgemm sgemm CUDA2 0.964307 97218 40
CPU13 44.936736 97179 sgemm sgemm CUDA0 1.208405 97219 40
CPU14 44.932043 97180 sgemm sgemm CUDA0 13.115407 97220 40
CPU16 44.901460 97181 sgemm sgemm CUDA0 12.753226 97221 40
CPU1 45.010203 97182 sgemm sgemm CUDA1 0.999727 97222 40
CPU6 45.654460 97183 sgemm sgemm CUDA1 0.999406 97223 40
CPU14 45.127287 97184 sgemm sgemm CUDA1 1.154898 97224 40
CPU8 44.876392 97185 sgemm sgemm CUDA3 1.000744 97225 40
CPU2 44.914326 97186 sgemm sgemm CUDA2 0.983673 97226 40
CPU5 45.321643 97187 sgemm sgemm CUDA0 1.166831 97227 40
CPU14 44.830569 97188 sgemm sgemm CUDA0 1.168847 97228 40
CPU18 44.704563 97189 sgemm sgemm CUDA0 1.168630 97229 40
CPU6 45.011480 97190 sgemm sgemm CUDA1 0.998030 97230 40
CPU17 44.900049 97191 sgemm sgemm CUDA0 1.162837 97231 40
CPU17 45.142844 97192 sgemm sgemm CUDA1 0.994848 97232 40
CPU4 45.023605 97193 sgemm sgemm CUDA0 0.997477 97233 40
CPU14 45.049983 97194 sgemm sgemm CUDA2 1.001475 97234 40
CPU17 44.758018 97195 sgemm sgemm CUDA1 0.083205 97235 40
CPU1 44.922419 97196 sgemm sgemm CUDA1 12.240036 97236 40
CPU2 44.991402 97197 sgemm sgemm CUDA3 0.058298 97237 40
CPU5 24.930929 97200 ssyrk ssyrk CUDA2 0.817429 97240 40
CPU17 45.050455 97201 sgemm sgemm CUDA3 0.998265 97241 40
CPU9 44.700561 97202 sgemm sgemm CUDA0 1.169631 97242 40
CPU16 44.938178 97203 sgemm sgemm CUDA1 1.006340 97243 40
CPU13 45.108595 97204 sgemm sgemm CUDA0 12.356535 97244 40
CPU17 45.086838 97205 sgemm sgemm CUDA0 1.173451 97245 40
CPU3 44.745167 97206 sgemm sgemm CUDA3 3.235359 97246 40
CPU19 44.760198 97207 sgemm sgemm CUDA0 4.323306 97247 40
CPU15 45.047527 97208 sgemm sgemm CUDA3 0.145705 97248 40
CPU11 44.997324 97209 sgemm sgemm CUDA1 1.004217 97249 40
CPU11 45.012677 97210 sgemm sgemm CUDA0 0.105480 97250 40
CPU12 44.907451 97211 sgemm sgemm CUDA0 1.007785 97251 40
CPU16 44.993016 97212 sgemm sgemm CUDA0 1.172404 97252 40
CPU14 46.338530 97213 sgemm sgemm CUDA0 1.937677 97253 40
CPU5 44.767537 97214 sgemm sgemm CUDA3 1.175283 97254 40
CPU17 45.352221 97215 sgemm sgemm CUDA2 1.002698 97255 40
CPU12 45.155121 97216 sgemm sgemm CUDA1 1.001304 97256 40
CPU0 45.257016 97217 sgemm sgemm CUDA3 1.234493 97257 40
CPU10 44.937629 97218 sgemm sgemm CUDA0 1.289172 97258 40
CPU15 44.619218 97219 sgemm sgemm CUDA3 1.004944 97259 40
CPU1 45.265094 97220 sgemm sgemm CUDA0 0.098655 97260 40
CPU18 44.990680 97221 sgemm sgemm CUDA2 0.998041 97261 40
CPU4 45.059599 97222 sgemm sgemm CUDA2 0.996335 97262 40
CPU11 44.821258 97223 sgemm sgemm CUDA0 12.768647 97263 40
CPU10 45.048981 97224 sgemm sgemm CUDA1 0.992325 97264 40
CPU9 44.818983 97225 sgemm sgemm CUDA0 0.996677 97265 40
CPU5 44.663826 97226 sgemm sgemm CUDA2 1.225500 97266 40
CPU1 45.620242 97227 sgemm sgemm CUDA2 1.168473 97267 40
CPU2 44.825416 97228 sgemm sgemm CUDA0 0.993929 97268 40
CPU5 44.899177 97229 sgemm sgemm CUDA3 0.126330 97269 40
CPU17 25.271549 97232 ssyrk ssyrk CUDA0 0.762209 97272 40
CPU16 45.040761 97233 sgemm sgemm CUDA0 1.171416 97273 40
CPU12 45.037330 97234 sgemm sgemm CUDA1 1.220879 97274 40
CPU17 45.022882 97235 sgemm sgemm CUDA0 1.175611 97275 40
CPU17 44.923264 97236 sgemm sgemm CUDA3 1.176562 97276 40
CPU19 45.283216 97237 sgemm sgemm CUDA1 12.041776 97277 40
CPU13 45.129536 97238 sgemm sgemm CUDA0 1.178380 97278 40
CPU15 45.132306 97239 sgemm sgemm CUDA3 0.134892 97279 40
CPU14 45.052229 97240 sgemm sgemm CUDA3 1.173477 97280 40
CPU16 44.986944 97241 sgemm sgemm CUDA0 1.276506 97281 40
CPU19 44.871215 97242 sgemm sgemm CUDA1 1.168979 97282 40
CPU14 44.999451 97243 sgemm sgemm CUDA3 1.179998 97283 40
CPU0 45.216088 97244 sgemm sgemm CUDA0 1.003548 97284 40
CPU4 44.611852 97245 sgemm sgemm CUDA1 1.306747 97285 40
CPU12 45.209187 97246 sgemm sgemm CUDA1 1.167809 97286 40
CPU8 44.905126 97247 sgemm sgemm CUDA1 1.167459 97287 40
CPU7 45.436267 97248 sgemm sgemm CUDA3 1.165188 97288 40
CPU2 45.313352 97249 sgemm sgemm CUDA3 1.005200 97289 40
CPU9 45.416148 97250 sgemm sgemm CUDA0 13.072193 97290 40
CPU3 45.348218 97251 sgemm sgemm CUDA0 1.168720 97291 40
CPU19 45.027430 97252 sgemm sgemm CUDA3 1.169240 97292 40
CPU3 45.220610 97253 sgemm sgemm CUDA3 0.071399 97293 40
CPU8 45.064476 97254 sgemm sgemm CUDA3 0.998971 97294 40
CPU11 44.979007 97255 sgemm sgemm CUDA3 0.997641 97295 40
CPU6 44.959872 97256 sgemm sgemm CUDA0 0.998983 97296 40
CPU8 44.810863 97257 sgemm sgemm CUDA3 0.998626 97297 40
CPU17 45.007151 97258 sgemm sgemm CUDA0 1.214759 97298 40
CPU8 44.902714 97259 sgemm sgemm CUDA1 0.988502 97299 40
CPU1 45.069095 97260 sgemm sgemm CUDA3 1.167438 97300 40
CPU16 25.160615 97263 ssyrk ssyrk CUDA2 0.047102 97303 40
CPU16 44.932144 97264 sgemm sgemm CUDA2 1.272661 97304 40
CPU16 44.945816 97265 sgemm sgemm CUDA3 1.054813 97305 40
CPU11 44.980001 97266 sgemm sgemm CUDA0 1.052458 97306 40
CPU7 44.942700 97267 sgemm sgemm CUDA2 0.994535 97307 40
CPU5 44.894355 97268 sgemm sgemm CUDA0 0.156782 97308 40
CPU16 45.056393 97269 sgemm sgemm CUDA2 1.172626 97309 40
CPU15 45.023639 97270 sgemm sgemm CUDA0 0.102313 97310 40
CPU14 45.147200 97271 sgemm sgemm CUDA0 1.350890 97311 40
CPU17 46.096441 97272 sgemm sgemm CUDA0 12.385912 97312 40
CPU5 44.896545 97273 sgemm sgemm CUDA2 1.192928 97313 40
CPU16 45.124921 97274 sgemm sgemm CUDA2 1.168473 97314 40
CPU7 44.572656 97275 sgemm sgemm CUDA3 1.004328 97315 40
CPU4 45.037827 97276 sgemm sgemm CUDA2 1.250088 97316 40
CPU12 45.772849 97277 sgemm sgemm CUDA2 1.167943 97317 40
CPU2 44.746471 97278 sgemm sgemm CUDA2 1.171820 97318 40
CPU8 45.088513 97279 sgemm sgemm CUDA2 1.169794 97319 40
CPU8 45.338738 97280 sgemm sgemm CUDA3 1.170082 97320 40
CPU4 45.364674 97281 sgemm sgemm CUDA2 1.167677 97321 40
CPU18 45.067978 97282 sgemm sgemm CUDA3 1.167403 97322 40
CPU6 44.826554 97283 sgemm sgemm CUDA1 0.994356 97323 40
CPU17 45.193856 97284 sgemm sgemm CUDA3 1.165101 97324 40
CPU6 45.301615 97285 sgemm sgemm CUDA3 1.247419 97325 40
CPU12 45.065016 97286 sgemm sgemm CUDA2 1.001877 97326 40
CPU15 44.840522 97287 sgemm sgemm CUDA2 1.010113 97327 40
CPU4 45.615702 97288 sgemm sgemm CUDA2 16.082114 97328 40
CPU8 44.946429 97289 sgemm sgemm CUDA0 1.168063 97329 40
CPU6 44.886624 97290 sgemm sgemm CUDA1 1.000678 97330 40
CPU17 25.066669 97293 ssyrk ssyrk CUDA2 0.531710 97333 40
CPU17 44.871562 97294 sgemm sgemm CUDA2 1.254884 97334 40
CPU11 44.760345 97295 sgemm sgemm CUDA3 1.051007 97335 40
CPU11 44.991248 97296 sgemm sgemm CUDA3 13.069794 97336 40
CPU14 44.704731 97297 sgemm sgemm CPU -1 97337 40
CPU16 44.774416 97298 sgemm sgemm CUDA3 1.003982 97338 40
CPU17 44.979611 97299 sgemm sgemm CUDA1 1.172218 97339 40
CPU3 44.844934 97300 sgemm sgemm CUDA3 0.202355 97340 40
CPU2 44.937983 97301 sgemm sgemm CUDA3 1.170270 97341 40
CPU15 44.803059 97302 sgemm sgemm CUDA1 0.119953 97342 40
CPU19 44.999470 97303 sgemm sgemm CUDA2 1.001194 97343 40
CPU18 44.835489 97304 sgemm sgemm CUDA1 1.255683 97344 40
CPU3 45.273789 97305 sgemm sgemm CUDA1 0.998265 97345 40
CPU0 45.319579 97306 sgemm sgemm CUDA3 1.174197 97346 40
CPU5 45.128084 97307 sgemm sgemm CUDA2 0.995614 97347 40
CPU4 45.291822 97308 sgemm sgemm CUDA3 1.164678 97348 40
CPU11 44.754252 97309 sgemm sgemm CUDA1 0.997898 97349 40
CPU17 44.835251 97310 sgemm sgemm CUDA1 0.993515 97350 40
CPU19 44.865169 97311 sgemm sgemm CUDA3 0.996726 97351 40
CPU4 45.093077 97312 sgemm sgemm CUDA2 1.166901 97352 40
CPU15 44.669951 97313 sgemm sgemm CUDA3 1.365079 97353 40
CPU11 45.097894 97314 sgemm sgemm CUDA1 0.998085 97354 40
CPU2 44.803435 97315 sgemm sgemm CUDA2 1.247540 97355 40
CPU3 44.887395 97316 sgemm sgemm CUDA2 1.163345 97356 40
CPU17 44.893924 97317 sgemm sgemm CUDA2 0.991570 97357 40
CPU0 45.338800 97318 sgemm sgemm CUDA1 0.954293 97358 40
CPU9 44.798466 97319 sgemm sgemm CUDA1 0.994916 97359 40
CPU16 24.961438 97322 ssyrk ssyrk CUDA3 0.804574 97362 40
CPU13 45.058760 97323 sgemm sgemm CUDA3 1.174357 97363 40
CPU18 45.026969 97324 sgemm sgemm CUDA1 1.238729 97364 40
CPU4 45.183117 97325 sgemm sgemm CUDA3 1.004575 97365 40
CPU16 45.004964 97326 sgemm sgemm CUDA2 1.173734 97366 40
CPU17 45.046920 97327 sgemm sgemm CUDA1 0.998032 97367 40
CPU3 44.615351 97328 sgemm sgemm CUDA3 1.235478 97368 40
CPU15 45.581040 97329 sgemm sgemm CUDA0 1.170275 97369 40
CPU16 44.939363 97330 sgemm sgemm CUDA1 0.999911 97370 40
CPU4 45.489546 97331 sgemm sgemm CUDA0 1.000974 97371 40
CPU2 44.888094 97332 sgemm sgemm CUDA3 0.061383 97372 40
CPU9 45.353173 97333 sgemm sgemm CUDA0 1.005382 97373 40
CPU3 45.361060 97334 sgemm sgemm CUDA0 1.169324 97374 40
CPU1 45.044841 97335 sgemm sgemm CUDA0 0.989760 97375 40
CPU15 44.720502 97336 sgemm sgemm CUDA0 1.161506 97376 40
CPU6 45.488254 97337 sgemm sgemm CUDA2 1.159079 97377 40
CPU13 44.970405 97338 sgemm sgemm CUDA1 1.166235 97378 40
CPU19 45.121326 97339 sgemm sgemm CUDA3 1.000949 97379 40
CPU7 45.014352 97340 sgemm sgemm CUDA3 0.090759 97380 40
CPU7 45.365262 97341 sgemm sgemm CUDA3 1.167749 97381 40
CPU17 45.079449 97342 sgemm sgemm CUDA1 0.935204 97382 40
CPU10 44.955164 97343 sgemm sgemm CUDA2 1.163317 97383 40
CPU1 45.370711 97344 sgemm sgemm CUDA3 0.999575 97384 40
CPU16 44.536129 97345 sgemm sgemm CUDA2 1.004490 97385 40
CPU17 45.099886 97346 sgemm sgemm CUDA0 0.988888 97386 40
CPU8 44.789460 97347 sgemm sgemm CUDA1 0.996178 97387 40
CPU17 25.162323 97350 ssyrk ssyrk CUDA0 0.624088 97390 40
CPU1 44.805321 97351 sgemm sgemm CUDA3 1.004700 97391 40
CPU13 45.121901 97352 sgemm sgemm CUDA3 1.306142 97392 40
CPU16 45.016016 97353 sgemm sgemm CUDA0 1.009323 97393 40
CPU7 45.120310 97354 sgemm sgemm CUDA0 1.002115 97394 40
CPU12 45.072004 97355 sgemm sgemm CUDA0 0.995723 97395 40
CPU14 44.925247 97356 sgemm sgemm CUDA0 1.166643 97396 40
CPU11 44.744882 97357 sgemm sgemm CUDA0 0.992158 97397 40
CPU0 45.897968 97358 sgemm sgemm CUDA0 0.153837 97398 40
CPU3 44.877275 97359 sgemm sgemm CUDA1 1.168944 97399 40
CPU1 45.485929 97360 sgemm sgemm CUDA0 0.996470 97400 40
CPU10 44.836905 97361 sgemm sgemm CUDA3 1.002506 97401 40
CPU9 45.229245 97362 sgemm sgemm CUDA0 0.997894 97402 40
CPU3 45.369532 97363 sgemm sgemm CUDA3 0.997673 97403 40
CPU17 44.964570 97364 sgemm sgemm CUDA0 0.998185 97404 40
CPU16 44.565764 97365 sgemm sgemm CUDA1 0.988014 97405 40
CPU19 45.158067 97366 sgemm sgemm CUDA3 12.927059 97406 40
CPU5 44.780533 97367 sgemm sgemm CUDA1 0.997813 97407 40
CPU17 45.085430 97368 sgemm sgemm CUDA0 1.166651 97408 40
CPU14 45.046843 97369 sgemm sgemm CUDA3 1.171251 97409 40
CPU12 44.891644 97370 sgemm sgemm CUDA3 0.048119 97410 40
CPU11 44.976117 97371 sgemm sgemm CUDA3 0.998199 97411 40
CPU17 44.869525 97372 sgemm sgemm CUDA0 1.168475 97412 40
CPU19 45.197861 97373 sgemm sgemm CUDA1 1.106001 97413 40
CPU1 44.833893 97374 sgemm sgemm CUDA3 12.211560 97414 40
CPU13 25.615738 97377 ssyrk ssyrk CUDA2 0.143947 97417 40
CPU10 45.100949 97378 sgemm sgemm CUDA3 1.175724 97418 40
CPU1 44.651718 97379 sgemm sgemm CUDA3 1.002473 97419 40
CPU17 45.114270 97380 sgemm sgemm CUDA1 12.444642 97420 40
CPU16 45.017992 97381 sgemm sgemm CUDA2 0.997973 97421 40
CPU0 45.715709 97382 sgemm sgemm CUDA1 8.202422 97422 40
CPU13 46.490895 97383 sgemm sgemm CUDA2 1.171429 97423 40
CPU7 45.298167 97384 sgemm sgemm CUDA2 1.166514 97424 40
CPU19 45.206977 97385 sgemm sgemm CUDA3 0.996286 97425 40
CPU13 44.923340 97386 sgemm sgemm CUDA2 0.991617 97426 40
CPU0 45.455239 97387 sgemm sgemm CUDA2 0.982017 97427 40
CPU0 45.272558 97388 sgemm sgemm CUDA3 1.166654 97428 40
CPU17 44.802898 97389 sgemm sgemm CUDA3 0.118240 97429 40
CPU13 45.082797 97390 sgemm sgemm CUDA3 1.004319 97430 40
CPU12 44.797045 97391 sgemm sgemm CUDA2 0.060989 97431 40
CPU18 44.966393 97392 sgemm sgemm CUDA3 0.997031 97432 40
CPU9 44.719840 97393 sgemm sgemm CUDA2 0.171720 97433 40
CPU1 45.367399 97394 sgemm sgemm CUDA2 0.990121 97434 40
CPU16 44.943381 97395 sgemm sgemm CUDA2 1.155527 97435 40
CPU3 44.888817 97396 sgemm sgemm CUDA2 1.168276 97436 40
CPU6 45.121840 97397 sgemm sgemm CUDA1 0.998398 97437 40
CPU1 45.455104 97398 sgemm sgemm CUDA2 1.164556 97438 40
CPU17 45.128226 97399 sgemm sgemm CUDA3 0.131125 97439 40
CPU7 45.012310 97400 sgemm sgemm CUDA1 1.163189 97440 40
CPU14 25.112885 97403 ssyrk ssyrk CPU -1 97443 40
CPU15 44.880861 97404 sgemm sgemm CUDA2 1.169252 97444 40
CPU17 45.308818 97405 sgemm sgemm CUDA2 0.990622 97445 40
CPU11 45.295120 97406 sgemm sgemm CUDA0 1.001085 97446 40
CPU15 44.491283 97407 sgemm sgemm CUDA3 1.173963 97447 40
CPU16 44.598061 97408 sgemm sgemm CUDA1 0.993302 97448 40
CPU19 45.087884 97409 sgemm sgemm CUDA0 1.170966 97449 40
CPU10 44.959129 97410 sgemm sgemm CUDA1 1.003519 97450 40
CPU4 45.181564 97411 sgemm sgemm CUDA0 0.996438 97451 40
CPU1 45.094377 97412 sgemm sgemm CUDA0 0.118787 97452 40
CPU8 45.008787 97413 sgemm sgemm CUDA0 0.990663 97453 40
CPU14 44.938662 97414 sgemm sgemm CUDA1 1.160810 97454 40
CPU13 44.932960 97415 sgemm sgemm CUDA1 0.996402 97455 40
CPU15 44.712072 97416 sgemm sgemm CUDA0 0.997704 97456 40
CPU19 45.062062 97417 sgemm sgemm CUDA0 0.131810 97457 40
CPU3 45.023170 97418 sgemm sgemm CUDA3 1.171212 97458 40
CPU17 44.937365 97419 sgemm sgemm CUDA3 1.222492 97459 40
CPU14 45.180727 97420 sgemm sgemm CUDA0 0.049664 97460 40
CPU11 44.825954 97421 sgemm sgemm CUDA2 1.169291 97461 40
CPU13 45.134079 97422 sgemm sgemm CUDA1 1.159387 97462 40
CPU10 44.839169 97423 sgemm sgemm CUDA2 1.172333 97463 40
CPU14 45.069740 97424 sgemm sgemm CUDA0 1.001638 97464 40
CPU1 44.907641 97425 sgemm sgemm CUDA0 1.164637 97465 40
CPU16 25.096537 97428 ssyrk ssyrk CPU -1 97468 40
CPU5 45.025383 97429 sgemm sgemm CUDA3 0.085471 97469 40
CPU6 45.008268 97430 sgemm sgemm CUDA3 12.525936 97470 40
CPU11 44.761163 97431 sgemm sgemm CUDA0 1.001828 97471 40
CPU8 45.053160 97432 sgemm sgemm CUDA0 0.999997 97472 40
CPU5 45.207245 97433 sgemm sgemm CUDA2 0.999274 97473 40
CPU11 44.589729 97434 sgemm sgemm CUDA3 1.171825 97474 40
CPU19 44.804248 97435 sgemm sgemm CUDA0 1.002510 97475 40
CPU14 45.088415 97436 sgemm sgemm CUDA3 1.166288 97476 40
CPU6 45.197083 97437 sgemm sgemm CUDA2 0.999348 97477 40
CPU16 45.031640 97438 sgemm sgemm CUDA2 1.051566 97478 40
CPU4 45.322920 97439 sgemm sgemm CUDA2 1.050231 97479 40
CPU17 45.115789 97440 sgemm sgemm CUDA2 12.869790 97480 40
CPU19 45.229685 97441 sgemm sgemm CUDA0 0.110025 97481 40
CPU6 44.860225 97442 sgemm sgemm CUDA3 0.995720 97482 40
CPU17 44.985032 97443 sgemm sgemm CUDA2 0.998556 97483 40
CPU17 45.172138 97444 sgemm sgemm CUDA0 0.997888 97484 40
CPU2 45.029809 97445 sgemm sgemm CUDA0 1.159146 97485 40
CPU14 45.181007 97446 sgemm sgemm CUDA0 0.996996 97486 40
CPU13 45.177459 97447 sgemm sgemm CUDA0 0.210722 97487 40
CPU17 45.404006 97448 sgemm sgemm CUDA0 0.943719 97488 40
CPU4 45.108403 97449 sgemm sgemm CUDA2 1.165032 97489 40
CPU17 25.011212 97452 ssyrk ssyrk CPU23 92.965172 97492 40
CPU12 44.856098 97453 sgemm sgemm CUDA0 1.171517 97493 40
CPU7 45.422964 97454 sgemm sgemm CUDA3 1.136035 97494 40
CPU12 44.847849 97455 sgemm sgemm CUDA3 1.229307 97495 40
CPU2 45.256254 97456 sgemm sgemm CUDA2 1.170568 97496 40
CPU10 45.116012 97457 sgemm sgemm CUDA1 1.165016 97497 40
CPU17 44.676068 97458 sgemm sgemm CUDA2 1.167878 97498 40
CPU13 44.738014 97459 sgemm sgemm CUDA0 0.995147 97499 40
CPU7 45.271124 97460 sgemm sgemm CUDA3 1.158882 97500 40
CPU5 45.174191 97461 sgemm sgemm CUDA1 1.165234 97501 40
CPU14 45.041014 97462 sgemm sgemm CUDA0 1.262518 97502 40
CPU2 45.254643 97463 sgemm sgemm CUDA1 0.997711 97503 40
CPU19 45.101114 97464 sgemm sgemm CUDA3 12.563082 97504 40
CPU1 44.894844 97465 sgemm sgemm CUDA0 12.996149 97505 40
CPU6 45.120060 97466 sgemm sgemm CUDA0 0.997630 97506 40
CPU2 44.993795 97467 sgemm sgemm CUDA0 1.165658 97507 40
CPU9 44.964606 97468 sgemm sgemm CUDA3 0.062433 97508 40
CPU10 45.077680 97469 sgemm sgemm CUDA1 1.164563 97509 40
CPU6 45.298675 97470 sgemm sgemm CUDA3 1.166709 97510 40
CPU11 44.949472 97471 sgemm sgemm CUDA1 0.994725 97511 40
CPU5 44.725451 97472 sgemm sgemm CUDA3 1.166614 97512 40
CPU15 25.147853 97475 ssyrk ssyrk CPU28 100.615618 97515 40
CPU17 45.036185 97476 sgemm sgemm CUDA1 1.165136 97516 40
CPU0 45.368773 97477 sgemm sgemm CUDA1 0.995592 97517 40
CPU17 44.999811 97478 sgemm sgemm CUDA2 0.999556 97518 40
CPU18 44.813962 97479 sgemm sgemm CUDA3 0.689174 97519 40
CPU3 45.332935 97480 sgemm sgemm CUDA0 1.167328 97520 40
CPU10 45.088414 97481 sgemm sgemm CUDA3 0.996762 97521 40
CPU2 44.740991 97482 sgemm sgemm CUDA0 1.000071 97522 40
CPU11 44.791470 97483 sgemm sgemm CUDA1 0.077554 97523 40
CPU3 45.013882 97484 sgemm sgemm CUDA3 0.998525 97524 40
CPU17 44.978965 97485 sgemm sgemm CUDA0 1.167177 97525 40
CPU18 45.207211 97486 sgemm sgemm CUDA0 0.995366 97526 40
CPU2 44.790102 97487 sgemm sgemm CUDA0 0.995868 97527 40
CPU1 44.967569 97488 sgemm sgemm CUDA3 0.998410 97528 40
CPU17 45.108324 97489 sgemm sgemm CUDA1 1.171645 97529 40
CPU1 44.924912 97490 sgemm sgemm CUDA1 0.995893 97530 40
CPU12 45.029013 97491 sgemm sgemm CUDA1 1.002088 97531 40
CPU14 45.195331 97492 sgemm sgemm CUDA3 1.001379 97532 40
CPU16 45.067387 97493 sgemm sgemm CUDA2 0.988355 97533 40
CPU1 44.727976 97494 sgemm sgemm CUDA0 1.156300 97534 40
CPU13 25.406356 97497 ssyrk ssyrk CPU -1 97537 40
CPU16 44.853946 97498 sgemm sgemm CUDA3 0.996141 97538 40
CPU17 44.728507 97499 sgemm sgemm CUDA0 1.166253 97539 40
CPU0 45.114417 97500 sgemm sgemm CUDA3 0.993934 97540 40
CPU10 44.949214 97501 sgemm sgemm CUDA3 1.155169 97541 40
CPU8 45.402502 97502 sgemm sgemm CUDA0 1.000746 97542 40
CPU9 45.172220 97503 sgemm sgemm CUDA0 0.072478 97543 40
CPU0 45.645220 97504 sgemm sgemm CUDA0 12.745550 97544 40
CPU14 44.895749 97505 sgemm sgemm CUDA1 0.992325 97545 40
CPU4 45.388684 97506 sgemm sgemm CUDA1 1.000804 97546 40
CPU19 44.840001 97507 sgemm sgemm CUDA3 1.170491 97547 40
CPU0 45.429848 97508 sgemm sgemm CUDA0 1.167985 97548 40
CPU17 44.962806 97509 sgemm sgemm CUDA0 1.167392 97549 40
CPU12 44.933297 97510 sgemm sgemm CUDA3 1.170565 97550 40
CPU10 44.904404 97511 sgemm sgemm CUDA1 1.233095 97551 40
CPU5 44.990976 97512 sgemm sgemm CUDA3 1.167432 97552 40
CPU6 45.350929 97513 sgemm sgemm CUDA3 0.052072 97553 40
CPU15 44.856911 97514 sgemm sgemm CUDA3 1.164703 97554 40
CPU5 44.884290 97515 sgemm sgemm CUDA1 0.990430 97555 40
CPU16 24.990128 97518 ssyrk ssyrk CPU16 93.494834 97558 40
CPU12 45.154481 97519 sgemm sgemm CUDA1 1.241332 97559 40
CPU9 44.835444 97520 sgemm sgemm CUDA3 1.168682 97560 40
CPU6 45.496472 97521 sgemm sgemm CUDA0 0.999761 97561 40
CPU12 44.783129 97522 sgemm sgemm CUDA3 12.381523 97562 40
CPU5 44.809964 97523 sgemm sgemm CUDA0 0.061639 97563 40
CPU17 44.952480 97524 sgemm sgemm CUDA3 0.996431 97564 40
CPU4 45.307239 97525 sgemm sgemm CUDA2 1.001866 97565 40
CPU7 45.411319 97526 sgemm sgemm CUDA2 1.247756 97566 40
CPU19 45.009888 97527 sgemm sgemm CUDA3 1.170506 97567 40
CPU7 44.981142 97528 sgemm sgemm CUDA0 1.000324 97568 40
CPU15 44.853682 97529 sgemm sgemm CUDA2 1.163436 97569 40
CPU3 44.985433 97530 sgemm sgemm CUDA0 1.001695 97570 40
CPU12 45.035149 97531 sgemm sgemm CUDA1 1.233386 97571 40
CPU9 44.990149 97532 sgemm sgemm CUDA2 0.987617 97572 40
CPU17 44.971668 97533 sgemm sgemm CUDA3 1.167082 97573 40
CPU8 45.061339 97534 sgemm sgemm CUDA1 1.282477 97574 40
CPU8 44.960557 97535 sgemm sgemm CUDA2 12.250128 97575 40
CPU15 25.121008 97538 ssyrk ssyrk CPU11 102.634973 97578 40
CPU13 44.835429 97539 sgemm sgemm CUDA0 0.997644 97579 40
CPU10 44.809464 97540 sgemm sgemm CUDA0 12.451943 97580 40
CPU3 45.149795 97541 sgemm sgemm CUDA0 0.997092 97581 40
CPU7 45.188041 97542 sgemm sgemm CUDA2 1.163322 97582 40
CPU16 44.661136 97543 sgemm sgemm CUDA1 1.172699 97583 40
CPU10 45.136451 97544 sgemm sgemm CUDA0 1.164205 97584 40
CPU5 45.089146 97545 sgemm sgemm CUDA0 1.161969 97585 40
CPU18 45.223576 97546 sgemm sgemm CUDA0 1.245680 97586 40
CPU4 44.872742 97547 sgemm sgemm CUDA1 0.979888 97587 40
CPU0 45.478889 97548 sgemm sgemm CUDA2 0.999052 97588 40
CPU17 45.243399 97549 sgemm sgemm CUDA2 1.159735 97589 40
CPU12 45.082426 97550 sgemm sgemm CUDA1 1.161707 97590 40
CPU15 44.859890 97551 sgemm sgemm CUDA0 1.166003 97591 40
CPU3 45.360736 97552 sgemm sgemm CUDA0 0.070034 97592 40
CPU17 45.126787 97553 sgemm sgemm CUDA0 1.169678 97593 40
CPU1 45.037250 97554 sgemm sgemm CUDA2 0.999190 97594 40
CPU7 25.538790 97557 ssyrk ssyrk CPU28 110.268278 97597 40
CPU9 45.227053 97558 sgemm sgemm CUDA3 0.998140 97598 40
CPU14 45.075670 97559 sgemm sgemm CUDA3 1.165871 97599 40
CPU1 44.720336 97560 sgemm sgemm CUDA3 1.273602 97600 40
CPU17 44.738790 97561 sgemm sgemm CUDA0 1.169379 97601 40
CPU9 45.119861 97562 sgemm sgemm CUDA3 0.999552 97602 40
CPU17 44.839634 97563 sgemm sgemm CUDA3 1.168523 97603 40
CPU19 44.873349 97564 sgemm sgemm CUDA3 1.167921 97604 40
CPU5 44.845250 97565 sgemm sgemm CUDA0 1.004832 97605 40
CPU9 44.909246 97566 sgemm sgemm CUDA3 1.228033 97606 40
CPU17 45.177079 97567 sgemm sgemm CUDA1 1.169664 97607 40
CPU6 44.969166 97568 sgemm sgemm CUDA1 1.162743 97608 40
CPU3 44.936594 97569 sgemm sgemm CUDA3 0.998977 97609 40
CPU12 44.935517 97570 sgemm sgemm CUDA3 1.166750 97610 40
CPU15 44.877461 97571 sgemm sgemm CUDA3 0.998021 97611 40
CPU9 44.878075 97572 sgemm sgemm CUDA0 1.161879 97612 40
CPU16 24.869577 97575 ssyrk ssyrk CPU -1 97615 40
CPU11 44.667264 97576 sgemm sgemm CUDA3 1.163956 97616 40
CPU16 44.937595 97577 sgemm sgemm CUDA2 0.057295 97617 40
CPU5 45.235267 97578 sgemm sgemm CUDA2 1.235597 97618 40
CPU17 44.902783 97579 sgemm sgemm CUDA1 1.000848 97619 40
CPU11 44.680824 97580 sgemm sgemm CUDA3 1.169097 97620 40
CPU19 45.042170 97581 sgemm sgemm CUDA2 0.947555 97621 40
CPU6 45.348215 97582 sgemm sgemm CUDA2 1.152365 97622 40
CPU16 44.854860 97583 sgemm sgemm CUDA0 1.172290 97623 40
CPU17 44.975888 97584 sgemm sgemm CUDA1 0.982629 97624 40
CPU12 45.057435 97585 sgemm sgemm CUDA3 1.162596 97625 40
CPU0 45.504722 97586 sgemm sgemm CUDA1 1.146116 97626 40
CPU7 45.398962 97587 sgemm sgemm CUDA2 0.934681 97627 40
CPU17 45.161371 97588 sgemm sgemm CUDA2 1.165100 97628 40
CPU0 45.329805 97589 sgemm sgemm CUDA2 1.156601 97629 40
CPU3 24.942081 97592 ssyrk ssyrk CPU26 91.887309 97632 40
CPU7 44.869154 97593 sgemm sgemm CUDA3 0.994241 97633 40
CPU8 45.331522 97594 sgemm sgemm CUDA3 1.166045 97634 40
CPU13 44.933408 97595 sgemm sgemm CUDA2 1.160557 97635 40
CPU10 44.761213 97596 sgemm sgemm CUDA3 0.997249 97636 40
CPU19 45.071731 97597 sgemm sgemm CUDA3 15.019078 97637 40
CPU3 44.935630 97598 sgemm sgemm CUDA3 0.996064 97638 40
CPU17 44.890130 97599 sgemm sgemm CUDA1 1.170006 97639 40
CPU6 45.496626 97600 sgemm sgemm CUDA1 1.164398 97640 40
CPU10 45.260074 97601 sgemm sgemm CUDA1 0.989795 97641 40
CPU14 45.418486 97602 sgemm sgemm CUDA2 0.993820 97642 40
CPU13 44.862902 97603 sgemm sgemm CUDA1 12.711425 97643 40
CPU10 45.053175 97604 sgemm sgemm CUDA1 0.113322 97644 40
CPU1 44.862518 97605 sgemm sgemm CUDA1 0.158213 97645 40
CPU4 25.420288 97608 ssyrk ssyrk CPU19 97.887725 97648 40
CPU17 45.004650 97609 sgemm sgemm CUDA3 1.250216 97649 40
CPU11 44.946078 97610 sgemm sgemm CUDA0 1.006681 97650 40
CPU14 44.909359 97611 sgemm sgemm CUDA3 0.064340 97651 40
CPU19 45.158021 97612 sgemm sgemm CUDA0 1.001842 97652 40
CPU1 44.853466 97613 sgemm sgemm CUDA2 0.079562 97653 40
CPU17 44.860555 97614 sgemm sgemm CUDA3 0.992128 97654 40
CPU10 45.029517 97615 sgemm sgemm CUDA2 1.156499 97655 40
CPU10 45.097293 97616 sgemm sgemm CUDA2 1.161909 97656 40
CPU4 44.979089 97617 sgemm sgemm CUDA0 0.995726 97657 40
CPU17 44.849749 97618 sgemm sgemm CUDA2 0.942535 97658 40
CPU17 44.957614 97619 sgemm sgemm CUDA1 0.070881 97659 40
CPU1 44.953616 97620 sgemm sgemm CUDA0 1.162096 97660 40
CPU12 25.213105 97623 ssyrk ssyrk CPU -1 97663 40
CPU3 45.157465 97624 sgemm sgemm CUDA2 0.985649 97664 40
CPU3 45.340136 97625 sgemm sgemm CUDA3 0.995920 97665 40
CPU18 44.898154 97626 sgemm sgemm CUDA2 1.230488 97666 40
CPU0 45.123831 97627 sgemm sgemm CUDA0 12.161400 97667 40
CPU17 45.055516 97628 sgemm sgemm CUDA2 1.166533 97668 40
CPU2 44.907582 97629 sgemm sgemm CUDA3 1.166658 97669 40
CPU11 44.954132 97630 sgemm sgemm CUDA0 0.993724 97670 40
CPU1 45.044095 97631 sgemm sgemm CUDA1 1.170949 97671 40
CPU1 44.948686 97632 sgemm sgemm CUDA3 1.158149 97672 40
CPU4 45.247184 97633 sgemm sgemm CUDA0 1.158953 97673 40
CPU5 44.840416 97634 sgemm sgemm CUDA2 0.991023 97674 40
CPU8 25.343758 97637 ssyrk ssyrk CPU12 97.740824 97677 40
CPU17 44.826927 97638 sgemm sgemm CUDA3 0.995479 97678 40
CPU19 44.993891 97639 sgemm sgemm CUDA3 1.282554 97679 40
CPU9 44.956543 97640 sgemm sgemm CUDA2 0.995912 97680 40
CPU5 45.148530 97641 sgemm sgemm CUDA0 1.163686 97681 40
CPU17 45.120487 97642 sgemm sgemm CUDA2 0.997196 97682 40
CPU11 44.878151 97643 sgemm sgemm CUDA1 1.169381 97683 40
CPU12 44.995824 97644 sgemm sgemm CUDA2 1.190857 97684 40
CPU17 44.952603 97645 sgemm sgemm CUDA0 1.159481 97685 40
CPU17 45.057971 97646 sgemm sgemm CUDA0 0.996679 97686 40
CPU4 45.079167 97647 sgemm sgemm CUDA3 0.994583 97687 40
CPU17 25.375518 97650 ssyrk ssyrk CPU32 97.822596 97690 40
CPU18 44.980128 97651 sgemm sgemm CUDA0 0.997395 97691 40
CPU16 45.226971 97652 sgemm sgemm CUDA0 0.978569 97692 40
CPU17 44.846420 97653 sgemm sgemm CUDA1 0.074027 97693 40
CPU17 45.020132 97654 sgemm sgemm CUDA1 12.877402 97694 40
CPU9 44.788554 97655 sgemm sgemm CUDA3 1.169611 97695 40
CPU13 45.369070 97656 sgemm sgemm CUDA3 0.997519 97696 40
CPU12 44.791533 97657 sgemm sgemm CUDA2 1.116363 97697 40
CPU0 45.266106 97658 sgemm sgemm CUDA0 0.998372 97698 40
CPU0 45.271009 97659 sgemm sgemm CUDA1 0.996517 97699 40
CPU19 25.615558 97662 ssyrk ssyrk CPU -1 97702 40
CPU6 45.247778 97663 sgemm sgemm CUDA3 0.999660 97703 40
CPU15 44.489929 97664 sgemm sgemm CUDA3 1.167133 97704 40
CPU6 45.166239 97665 sgemm sgemm CUDA0 0.061000 97705 40
CPU11 44.901008 97666 sgemm sgemm CUDA2 1.168483 97706 40
CPU6 44.971900 97667 sgemm sgemm CUDA0 0.990352 97707 40
CPU17 44.955870 97668 sgemm sgemm CUDA3 1.114932 97708 40
CPU3 44.933162 97669 sgemm sgemm CUDA0 0.156091 97709 40
CPU6 45.093227 97670 sgemm sgemm CUDA0 1.175710 97710 40
CPU8 24.754708 97673 ssyrk ssyrk CPU28 97.615473 97713 40
CPU17 44.949652 97674 sgemm sgemm CUDA2 0.062758 97714 40
CPU17 45.166462 97675 sgemm sgemm CUDA3 1.167101 97715 40
CPU0 45.314056 97676 sgemm sgemm CUDA0 0.999470 97716 40
CPU14 45.282538 97677 sgemm sgemm CUDA2 0.998318 97717 40
CPU5 44.842739 97678 sgemm sgemm CUDA1 0.942424 97718 40
CPU12 45.285031 97679 sgemm sgemm CUDA2 1.165197 97719 40
CPU1 44.983602 97680 sgemm sgemm CUDA2 12.943895 97720 40
CPU8 25.208062 97683 ssyrk ssyrk CPU29 97.953943 97723 40
CPU14 45.048379 97684 sgemm sgemm CUDA2 1.002098 97724 40
CPU8 44.968426 97685 sgemm sgemm CUDA0 0.993455 97725 40
CPU8 44.768280 97686 sgemm sgemm CUDA2 1.172987 97726 40
CPU17 44.849941 97687 sgemm sgemm CUDA0 0.940120 97727 40
CPU17 45.006248 97688 sgemm sgemm CUDA3 1.163225 97728 40
CPU9 44.938118 97689 sgemm sgemm CUDA3 0.996853 97729 40
CPU5 24.770859 97692 ssyrk ssyrk CPU -1 97732 40
CPU17 44.863962 97693 sgemm sgemm CUDA1 1.168912 97733 40
CPU2 44.731880 97694 sgemm sgemm CUDA3 1.164742 97734 40
CPU17 44.905479 97695 sgemm sgemm CUDA2 0.064809 97735 40
CPU17 45.273622 97696 sgemm sgemm CUDA2 0.955350 97736 40
CPU0 45.056879 97697 sgemm sgemm CUDA1 0.992976 97737 40
CPU10 25.174869 97700 ssyrk ssyrk CPU31 97.733921 97740 40
CPU13 45.005749 97701 sgemm sgemm CUDA3 0.997238 97741 40
CPU17 44.876618 97702 sgemm sgemm CUDA3 0.946481 97742 40
CPU15 45.034231 97703 sgemm sgemm CUDA3 1.120570 97743 40
CPU7 45.223494 97704 sgemm sgemm CUDA0 1.157577 97744 40
CPU13 25.194896 97707 ssyrk ssyrk CPU19 109.531457 97747 40
CPU16 44.808440 97708 sgemm sgemm CUDA1 0.060548 97748 40
CPU17 44.859228 97709 sgemm sgemm CUDA2 1.220430 97749 40
CPU8 45.080238 97710 sgemm sgemm CUDA2 1.179354 97750 40
CPU16 24.738732 97713 ssyrk ssyrk CPU31 113.681111 97753 40
CPU11 44.808179 97714 sgemm sgemm CUDA0 1.006132 97754 40
CPU16 44.605673 97715 sgemm sgemm CUDA2 1.289870 97755 40
CPU12 25.447878 97718 ssyrk ssyrk CPU12 89.911172 97758 40
CPU12 45.162092 97719 sgemm sgemm CUDA3 14.104798 97759 40
CPU1 24.990939 97722 ssyrk ssyrk CPU31 97.778577 97762 40
CPU11 22.574664 97725 spotrf spotrf CPU -1 97765 40
CPU19 30.620657 97726 strsm strsm CUDA3 7.330526 97766 40
CPU7 30.842331 97727 strsm strsm CUDA3 11.966813 97767 40
CPU6 30.558910 97728 strsm strsm CUDA1 3.026377 97768 40
CPU18 29.833720 97729 strsm strsm CUDA2 0.043986 97769 40
CPU10 30.623406 97730 strsm strsm CUDA2 2.929895 97770 40
CPU3 30.362837 97731 strsm strsm CUDA2 2.763606 97771 40
CPU2 30.062627 97732 strsm strsm CUDA2 1.800451 97772 40
CPU0 30.723480 97733 strsm strsm CUDA3 2.729273 97773 40
CPU7 30.573783 97734 strsm strsm CUDA1 2.851429 97774 40
CPU11 30.031467 97735 strsm strsm CUDA3 2.994841 97775 40
CPU10 30.847767 97736 strsm strsm CUDA2 5.760393 97776 40
CPU8 30.402844 97737 strsm strsm CUDA1 0.060136 97777 40
CPU11 30.320163 97738 strsm strsm CUDA3 2.850832 97778 40
CPU11 30.183368 97739 strsm strsm CUDA2 2.779166 97779 40
CPU11 30.375754 97740 strsm strsm CUDA2 1.080809 97780 40
CPU10 30.561728 97741 strsm strsm CUDA0 2.840110 97781 40
CPU6 30.629227 97742 strsm strsm CUDA2 2.031588 97782 40
CPU15 29.969213 97743 strsm strsm CUDA0 2.974952 97783 40
CPU14 30.834469 97744 strsm strsm CUDA2 2.837550 97784 40
CPU17 30.422932 97745 strsm strsm CUDA1 14.775440 97785 40
CPU16 30.274245 97746 strsm strsm CUDA3 2.844300 97786 40
CPU17 30.467876 97747 strsm strsm CPU11 98.816685 97787 40
CPU13 30.935775 97748 strsm strsm CPU21 95.280292 97788 40
CPU14 30.526010 97749 strsm strsm CPU24 90.616022 97789 40
CPU16 30.254045 97750 strsm strsm CPU16 94.127268 97790 40
CPU17 30.527599 97751 strsm strsm CPU15 92.225925 97791 40
CPU15 30.214287 97752 strsm strsm CPU21 98.748647 97792 40
CPU1 30.256147 97753 strsm strsm CPU22 151.976107 97793 40
CPU13 30.867151 97754 strsm strsm CPU21 98.729845 97794 40
CPU15 30.029781 97755 strsm strsm CPU27 100.270885 97795 40
CPU11 30.300404 97756 strsm strsm CPU -1 97796 40
CPU0 30.877209 97757 strsm strsm CPU -1 97797 40
CPU3 30.074835 97758 strsm strsm CPU17 90.399913 97798 40
CPU4 30.761183 97759 strsm strsm CPU15 99.815539 97799 40
CPU16 30.389685 97760 strsm strsm CPU23 87.004909 97800 40
CPU13 30.645953 97761 strsm strsm CPU -1 97801 40
CPU2 30.067183 97762 strsm strsm CPU24 106.559366 97802 40
CPU19 30.577748 97763 strsm strsm CPU -1 97803 40
CPU8 30.022010 97764 strsm strsm CPU32 99.812834 97804 40
CPU6 30.810278 97765 strsm strsm CPU25 98.710674 97805 40
CPU5 29.984975 97766 strsm strsm CPU31 103.998448 97806 40
CPU5 30.232726 97767 strsm strsm CPU22 110.648452 97807 40
CPU14 30.874446 97768 strsm strsm CPU17 98.025234 97808 40
CPU2 30.456922 97769 strsm strsm CPU15 104.233883 97809 40
CPU13 30.958294 97770 strsm strsm CPU27 111.649328 97810 40
CPU5 30.280927 97771 strsm strsm CPU13 99.636450 97811 40
CPU19 25.259234 97774 ssyrk ssyrk CUDA3 0.581288 97814 40
CPU5 45.091938 97775 sgemm sgemm CUDA3 0.998140 97815 40
CPU6 45.080502 97776 sgemm sgemm CUDA1 1.217575 97816 40
CPU18 44.588527 97777 sgemm sgemm CUDA1 0.052747 97817 40
CPU1 45.088216 97778 sgemm sgemm CUDA1 5.577686 97818 40
CPU3 45.259872 97779 sgemm sgemm CUDA3 1.008565 97819 40
CPU1 44.882344 97780 sgemm sgemm CUDA3 0.999495 97820 40
CPU0 45.569240 97781 sgemm sgemm CUDA3 0.995080 97821 40
CPU7 45.140872 97782 sgemm sgemm CUDA1 0.992216 97822 40
CPU18 44.854383 97783 sgemm sgemm CUDA3 1.199904 97823 40
CPU10 45.303400 97784 sgemm sgemm CUDA3 0.997259 97824 40
CPU7 45.087675 97785 sgemm sgemm CUDA1 1.004264 97825 40
CPU7 45.039696 97786 sgemm sgemm CUDA3 1.006510 97826 40
CPU11 44.730775 97787 sgemm sgemm CUDA0 0.985187 97827 40
CPU5 44.783002 97788 sgemm sgemm CUDA1 1.058439 97828 40
CPU10 44.942895 97789 sgemm sgemm CUDA0 0.992848 97829 40
CPU4 44.884111 97790 sgemm sgemm CUDA3 0.995918 97830 40
CPU15 44.767991 97791 sgemm sgemm CUDA0 0.994740 97831 40
CPU19 45.241270 97792 sgemm sgemm CUDA1 1.167526 97832 40
CPU17 44.898158 97793 sgemm sgemm CUDA1 1.050226 97833 40
CPU17 45.104332 97794 sgemm sgemm CUDA3 1.168979 97834 40
CPU15 44.953615 97795 sgemm sgemm CUDA0 0.999066 97835 40
CPU13 45.396093 97796 sgemm sgemm CUDA1 1.003603 97836 40
CPU14 44.832660 97797 sgemm sgemm CUDA1 1.217857 97837 40
CPU15 44.873524 97798 sgemm sgemm CUDA0 0.999127 97838 40
CPU17 45.058475 97799 sgemm sgemm CUDA3 1.003483 97839 40
CPU18 45.093392 97800 sgemm sgemm CUDA3 1.003361 97840 40
CPU16 44.749930 97801 sgemm sgemm CUDA1 1.251456 97841 40
CPU10 45.114995 97802 sgemm sgemm CUDA1 1.176347 97842 40
CPU12 45.226912 97803 sgemm sgemm CUDA2 0.997013 97843 40
CPU11 45.166878 97804 sgemm sgemm CUDA3 1.222199 97844 40
CPU5 45.176868 97805 sgemm sgemm CUDA1 1.155525 97845 40
CPU16 45.074057 97806 sgemm sgemm CUDA0 1.182638 97846 40
CPU4 44.851766 97807 sgemm sgemm CUDA0 1.188243 97847 40
CPU6 44.712109 97808 sgemm sgemm CUDA0 1.048312 97848 40
CPU10 44.944773 97809 sgemm sgemm CUDA2 1.173940 97849 40
CPU1 44.903439 97810 sgemm sgemm CUDA0 1.319277 97850 40
CPU19 44.992297 97811 sgemm sgemm CUDA0 13.197367 97851 40
CPU8 44.501118 97812 sgemm sgemm CUDA3 1.223650 97852 40
CPU16 45.088565 97813 sgemm sgemm CUDA1 1.007353 97853 40
CPU3 44.656197 97814 sgemm sgemm CUDA2 1.010309 97854 40
CPU12 45.162356 97815 sgemm sgemm CUDA0 1.160614 97855 40
CPU15 45.324629 97816 sgemm sgemm CUDA3 12.230321 97856 40
CPU2 44.861835 97817 sgemm sgemm CUDA0 1.265478 97857 40
CPU18 44.946981 97818 sgemm sgemm CUDA2 1.168716 97858 40
CPU5 44.776591 97819 sgemm sgemm CUDA0 0.999526 97859 40
CPU7 25.500180 97822 ssyrk ssyrk CUDA0 3.094253 97862 40
CPU11 74.279781 97823 sgemm sgemm CUDA1 1.278977 97863 40
CPU19 44.896123 97824 sgemm sgemm CUDA1 1.157960 97864 40
CPU3 44.830336 97825 sgemm sgemm CUDA1 1.152550 97865 40
CPU3 45.304424 97826 sgemm sgemm CUDA0 1.044336 97866 40
CPU1 44.826122 97827 sgemm sgemm CUDA3 1.164056 97867 40
CPU0 45.559898 97828 sgemm sgemm CUDA3 1.155834 97868 40
CPU9 45.107831 97829 sgemm sgemm CUDA0 0.989193 97869 40
CPU11 44.675576 97830 sgemm sgemm CUDA0 1.277700 97870 40
CPU19 45.057118 97831 sgemm sgemm CUDA3 0.045684 97871 40
CPU6 45.451722 97832 sgemm sgemm CUDA1 0.983228 97872 40
CPU11 44.669508 97833 sgemm sgemm CUDA3 0.064792 97873 40
CPU6 45.147374 97834 sgemm sgemm CUDA0 1.220603 97874 40
CPU4 45.137377 97835 sgemm sgemm CUDA1 1.170502 97875 40
CPU3 45.135279 97836 sgemm sgemm CUDA0 1.156657 97876 40
CPU7 44.819212 97837 sgemm sgemm CUDA3 0.995192 97877 40
CPU15 44.631422 97838 sgemm sgemm CUDA0 1.243390 97878 40
CPU10 45.184791 97839 sgemm sgemm CUDA1 1.001841 97879 40
CPU14 44.925746 97840 sgemm sgemm CUDA1 1.223311 97880 40
CPU17 45.032112 97841 sgemm sgemm CUDA3 0.994446 97881 40
CPU9 44.998433 97842 sgemm sgemm CUDA0 0.991086 97882 40
CPU13 45.105454 97843 sgemm sgemm CUDA1 1.168645 97883 40
CPU14 44.806282 97844 sgemm sgemm CUDA1 1.020437 97884 40
CPU16 44.763863 97845 sgemm sgemm CUDA0 1.006272 97885 40
CPU19 44.805902 97846 sgemm sgemm CUDA3 1.048281 97886 40
CPU12 45.025240 97847 sgemm sgemm CUDA3 1.221820 97887 40
CPU11 44.680986 97848 sgemm sgemm CUDA1 1.457627 97888 40
CPU11 44.860813 97849 sgemm sgemm CUDA1 1.180273 97889 40
CPU13 44.950043 97850 sgemm sgemm CUDA2 1.181238 97890 40
CPU3 44.781727 97851 sgemm sgemm CUDA3 1.048396 97891 40
CPU15 44.732672 97852 sgemm sgemm CUDA1 1.010149 97892 40
CPU11 45.059723 97853 sgemm sgemm CUDA0 4.432699 97893 40
CPU4 45.286153 97854 sgemm sgemm CUDA0 1.176210 97894 40
CPU1 44.922205 97855 sgemm sgemm CUDA0 1.173430 97895 40
CPU10 44.906838 97856 sgemm sgemm CUDA2 12.362514 97896 40
CPU17 45.025688 97857 sgemm sgemm CUDA0 1.045413 97897 40
CPU19 44.938766 97858 sgemm sgemm CUDA0 1.246302 97898 40
CPU8 44.704618 97859 sgemm sgemm CUDA3 1.160939 97899 40
CPU6 45.254932 97860 sgemm sgemm CUDA1 1.165766 97900 40
CPU12 45.046360 97861 sgemm sgemm CUDA2 0.061671 97901 40
CPU1 45.023079 97862 sgemm sgemm CUDA0 12.890721 97902 40
CPU14 45.208980 97863 sgemm sgemm CUDA3 1.179434 97903 40
CPU17 45.349165 97864 sgemm sgemm CUDA0 1.047756 97904 40
CPU4 45.251328 97865 sgemm sgemm CUDA2 1.156119 97905 40
CPU3 45.082911 97866 sgemm sgemm CUDA0 1.222621 97906 40
CPU6 25.206737 97869 ssyrk ssyrk CUDA1 0.569843 97909 40
CPU7 44.903179 97870 sgemm sgemm CUDA2 0.992191 97910 40
CPU11 45.181456 97871 sgemm sgemm CUDA1 1.168930 97911 40
CPU4 45.100117 97872 sgemm sgemm CUDA2 1.156237 97912 40
CPU2 44.714677 97873 sgemm sgemm CUDA2 1.213929 97913 40
CPU0 45.330891 97874 sgemm sgemm CUDA1 1.153383 97914 40
CPU9 44.649370 97875 sgemm sgemm CUDA1 1.207578 97915 40
CPU10 44.973857 97876 sgemm sgemm CUDA0 1.159690 97916 40
CPU18 45.001681 97877 sgemm sgemm CUDA0 0.974759 97917 40
CPU8 44.814888 97878 sgemm sgemm CUDA1 1.175273 97918 40
CPU11 45.067953 97879 sgemm sgemm CUDA2 0.061650 97919 40
CPU1 45.025695 97880 sgemm sgemm CUDA0 1.156737 97920 40
CPU10 45.214022 97881 sgemm sgemm CUDA1 1.158966 97921 40
CPU5 44.741067 97882 sgemm sgemm CUDA0 0.985919 97922 40
CPU0 44.976722 97883 sgemm sgemm CUDA2 1.165959 97923 40
CPU17 45.049220 97884 sgemm sgemm CUDA0 1.000358 97924 40
CPU6 44.748668 97885 sgemm sgemm CUDA1 1.047523 97925 40
CPU16 44.827420 97886 sgemm sgemm CUDA1 1.001880 97926 40
CPU14 45.219222 97887 sgemm sgemm CUDA3 1.000930 97927 40
CPU13 45.118199 97888 sgemm sgemm CUDA0 12.423272 97928 40
CPU13 45.405934 97889 sgemm sgemm CUDA1 7.073719 97929 40
CPU14 45.224086 97890 sgemm sgemm CUDA0 1.058500 97930 40
CPU15 45.068949 97891 sgemm sgemm CUDA0 1.258046 97931 40
CPU17 45.122703 97892 sgemm sgemm CUDA3 1.171717 97932 40
CPU8 44.641660 97893 sgemm sgemm CUDA3 0.087850 97933 40
CPU17 45.130868 97894 sgemm sgemm CUDA3 1.283100 97934 40
CPU15 45.122353 97895 sgemm sgemm CUDA2 1.007630 97935 40
CPU10 45.235254 97896 sgemm sgemm CUDA2 1.009654 97936 40
CPU7 44.752522 97897 sgemm sgemm CUDA3 1.052076 97937 40
CPU3 45.139361 97898 sgemm sgemm CUDA1 1.172192 97938 40
CPU16 45.355433 97899 sgemm sgemm CUDA0 1.014122 97939 40
CPU4 44.961517 97900 sgemm sgemm CUDA0 1.010616 97940 40
CPU17 45.296093 97901 sgemm sgemm CUDA0 1.177063 97941 40
CPU17 45.269782 97902 sgemm sgemm CUDA0 1.177040 97942 40
CPU0 45.104067 97903 sgemm sgemm CUDA2 0.180846 97943 40
CPU19 45.060894 97904 sgemm sgemm CUDA0 1.174800 97944 40
CPU8 44.477191 97905 sgemm sgemm CUDA3 1.011060 97945 40
CPU16 45.156741 97906 sgemm sgemm CUDA1 1.176208 97946 40
CPU17 45.158152 97907 sgemm sgemm CUDA2 1.002803 97947 40
CPU11 44.935814 97908 sgemm sgemm CUDA0 11.823959 97948 40
CPU13 45.429724 97909 sgemm sgemm CPU34 178.670937 97949 40
CPU13 45.092111 97910 sgemm sgemm CUDA0 1.231172 97950 40
CPU13 45.114270 97911 sgemm sgemm CUDA2 1.170219 97951 40
CPU2 44.864300 97912 sgemm sgemm CUDA0 1.171483 97952 40
CPU18 24.913450 97915 ssyrk ssyrk CUDA2 0.570681 97955 40
CPU3 45.112195 97916 sgemm sgemm CUDA2 0.984709 97956 40
CPU4 45.218008 97917 sgemm sgemm CUDA2 1.157376 97957 40
CPU2 44.838075 97918 sgemm sgemm CUDA2 0.996441 97958 40
CPU0 45.361470 97919 sgemm sgemm CUDA3 0.990426 97959 40
CPU9 44.891863 97920 sgemm sgemm CUDA1 0.996167 97960 40
CPU11 44.628924 97921 sgemm sgemm CUDA0 0.988337 97961 40
CPU19 45.082801 97922 sgemm sgemm CUDA0 0.992257 97962 40
CPU8 45.253911 97923 sgemm sgemm CUDA0 0.994273 97963 40
CPU5 44.875361 97924 sgemm sgemm CUDA2 12.249393 97964 40
CPU2 45.089317 97925 sgemm sgemm CUDA0 1.280666 97965 40
CPU8 44.929312 97926 sgemm sgemm CUDA2 0.209680 97966 40
CPU8 45.140490 97927 sgemm sgemm CUDA0 0.999652 97967 40
CPU1 44.554280 97928 sgemm sgemm CUDA2 1.001971 97968 40
CPU17 44.997690 97929 sgemm sgemm CUDA0 0.064831 97969 40
CPU18 44.897863 97930 sgemm sgemm CUDA1 1.227326 97970 40
CPU13 45.120955 97931 sgemm sgemm CUDA1 1.224583 97971 40
CPU15 45.058679 97932 sgemm sgemm CUDA3 1.166741 97972 40
CPU15 44.867782 97933 sgemm sgemm CUDA0 0.997383 97973 40
CPU13 45.136229 97934 sgemm sgemm CUDA1 0.999542 97974 40
CPU14 44.892652 97935 sgemm sgemm CUDA0 0.072945 97975 40
CPU15 45.003137 97936 sgemm sgemm CUDA0 12.475485 97976 40
CPU13 45.162032 97937 sgemm sgemm CUDA2 1.167527 97977 40
CPU13 45.160640 97938 sgemm sgemm CUDA2 1.184506 97978 40
CPU10 44.883350 97939 sgemm sgemm CUDA1 0.997806 97979 40
CPU4 45.077019 97940 sgemm sgemm CUDA0 1.623620 97980 40
CPU12 44.950921 97941 sgemm sgemm CUDA2 12.176924 97981 40
CPU19 45.078151 97942 sgemm sgemm CUDA1 0.997726 97982 40
CPU14 44.927108 97943 sgemm sgemm CUDA1 1.174321 97983 40
CPU16 45.038422 97944 sgemm sgemm CUDA0 1.161416 97984 40
CPU4 45.179186 97945 sgemm sgemm CUDA0 1.003736 97985 40
CPU16 45.222937 97946 sgemm sgemm CUDA0 1.170758 97986 40
CPU5 45.099815 97947 sgemm sgemm CUDA0 1.177614 97987 40
CPU16 44.905148 97948 sgemm sgemm CUDA2 1.009812 97988 40
CPU19 44.977156 97949 sgemm sgemm CUDA2 1.006543 97989 40
CPU4 45.276791 97950 sgemm sgemm CUDA3 1.219222 97990 40
CPU15 44.888581 97951 sgemm sgemm CUDA2 1.168915 97991 40
CPU17 45.343239 97952 sgemm sgemm CUDA2 1.170548 97992 40
CPU10 44.875047 97953 sgemm sgemm CPU28 174.533800 97993 40
CPU13 45.012522 97954 sgemm sgemm CUDA3 12.246917 97994 40
CPU12 44.976615 97955 sgemm sgemm CUDA1 0.981544 97995 40
CPU0 45.109499 97956 sgemm sgemm CUDA2 1.172017 97996 40
CPU7 45.034094 97957 sgemm sgemm CUDA0 1.001982 97997 40
CPU10 25.361233 97960 ssyrk ssyrk CUDA2 0.568988 98000 40
CPU3 45.079834 97961 sgemm sgemm CUDA1 0.194946 98001 40
CPU1 45.023375 97962 sgemm sgemm CUDA2 2.830568 98002 40
CPU0 45.549719 97963 sgemm sgemm CUDA1 0.994392 98003 40
CPU9 44.843722 97964 sgemm sgemm CUDA1 0.982874 98004 40
CPU9 45.297135 97965 sgemm sgemm CUDA2 1.164427 98005 40
CPU18 44.946408 97966 sgemm sgemm CUDA3 0.996232 98006 40
CPU6 45.199580 97967 sgemm sgemm CUDA1 1.163892 98007 40
CPU1 45.006371 97968 sgemm sgemm CUDA2 1.218321 98008 40
CPU7 45.097627 97969 sgemm sgemm CUDA2 0.986620 98009 40
CPU9 44.760451 97970 sgemm sgemm CUDA2 0.995577 98010 40
CPU7 45.224600 97971 sgemm sgemm CUDA3 1.263139 98011 40
CPU2 44.492809 97972 sgemm sgemm CUDA2 1.165409 98012 40
CPU3 44.991565 97973 sgemm sgemm CUDA3 1.287356 98013 40
CPU10 45.040498 97974 sgemm sgemm CUDA2 1.168884 98014 40
CPU18 44.817031 97975 sgemm sgemm CUDA2 0.055215 98015 40
CPU3 44.939202 97976 sgemm sgemm CUDA1 1.287135 98016 40
CPU16 44.826728 97977 sgemm sgemm CUDA3 1.172217 98017 40
CPU13 45.138767 97978 sgemm sgemm CUDA1 1.267418 98018 40
CPU14 45.054932 97979 sgemm sgemm CUDA2 11.951411 98019 40
CPU16 45.124562 97980 sgemm sgemm CUDA3 0.993907 98020 40
CPU10 45.039479 97981 sgemm sgemm CUDA2 1.018593 98021 40
CPU10 44.987244 97982 sgemm sgemm CUDA3 12.099954 98022 40
CPU1 45.011133 97983 sgemm sgemm CUDA3 1.010958 98023 40
CPU8 44.805629 97984 sgemm sgemm CUDA2 1.177135 98024 40
CPU8 44.835907 97985 sgemm sgemm CUDA2 0.075160 98025 40
CPU3 44.852551 97986 sgemm sgemm CUDA1 1.009398 98026 40
CPU10 44.948852 97987 sgemm sgemm CUDA1 1.175075 98027 40
CPU14 45.223658 97988 sgemm sgemm CUDA2 1.009759 98028 40
CPU4 44.589148 97989 sgemm sgemm CUDA2 8.938183 98029 40
CPU9 44.751780 97990 sgemm sgemm CUDA3 1.177432 98030 40
CPU13 45.276626 97991 sgemm sgemm CUDA2 1.009175 98031 40
CPU0 45.153813 97992 sgemm sgemm CUDA2 12.483202 98032 40
CPU18 44.787558 97993 sgemm sgemm CUDA2 1.176342 98033 40
CPU0 45.104359 97994 sgemm sgemm CUDA3 1.170953 98034 40
CPU11 44.848633 97995 sgemm sgemm CUDA2 0.996343 98035 40
CPU12 45.713531 97996 sgemm sgemm CUDA2 0.138672 98036 40
CPU7 45.136831 97997 sgemm sgemm CUDA3 0.091489 98037 40
CPU14 45.201410 97998 sgemm sgemm CUDA3 1.172039 98038 40
CPU6 45.084533 97999 sgemm sgemm CUDA1 1.005164 98039 40
CPU2 44.717442 98000 sgemm sgemm CUDA2 0.998151 98040 40
CPU1 44.800070 98001 sgemm sgemm CUDA2 1.166169 98041 40
CPU3 25.166311 98004 ssyrk ssyrk CUDA3 0.736860 98044 40
CPU4 45.153956 98005 sgemm sgemm CUDA1 1.175529 98045 40
CPU3 45.042272 98006 sgemm sgemm CUDA3 0.989438 98046 40
CPU9 45.004831 98007 sgemm sgemm CUDA1 0.968532 98047 40
CPU4 45.307314 98008 sgemm sgemm CUDA2 0.990272 98048 40
CPU10 45.016309 98009 sgemm sgemm CUDA0 0.049982 98049 40
CPU7 45.182101 98010 sgemm sgemm CUDA0 3.581315 98050 40
CPU6 45.216090 98011 sgemm sgemm CUDA2 1.167851 98051 40
CPU11 44.925822 98012 sgemm sgemm CUDA2 0.111240 98052 40
CPU11 44.965649 98013 sgemm sgemm CUDA2 0.997124 98053 40
CPU2 44.944709 98014 sgemm sgemm CUDA0 1.308354 98054 40
CPU17 44.833285 98015 sgemm sgemm CUDA2 1.282614 98055 40
CPU13 45.006152 98016 sgemm sgemm CUDA0 1.227465 98056 40
CPU2 44.860186 98017 sgemm sgemm CUDA1 0.999721 98057 40
CPU0 45.301600 98018 sgemm sgemm CUDA2 1.171559 98058 40
CPU14 44.891199 98019 sgemm sgemm CUDA1 1.170781 98059 40
CPU6 45.282974 98020 sgemm sgemm CUDA3 1.176926 98060 40
CPU13 45.015519 98021 sgemm sgemm CUDA2 15.206115 98061 40
CPU14 45.090943 98022 sgemm sgemm CUDA0 0.098342 98062 40
CPU15 44.711368 98023 sgemm sgemm CUDA3 0.999008 98063 40
CPU14 44.925761 98024 sgemm sgemm CUDA2 1.003997 98064 40
CPU16 44.664164 98025 sgemm sgemm CUDA3 1.066947 98065 40
CPU2 45.054922 98026 sgemm sgemm CUDA3 1.185136 98066 40
CPU0 45.268373 98027 sgemm sgemm CUDA0 1.054839 98067 40
CPU12 44.880325 98028 sgemm sgemm CUDA2 1.001707 98068 40
CPU18 44.990087 98029 sgemm sgemm CUDA1 1.005124 98069 40
CPU16 44.915435 98030 sgemm sgemm CUDA2 1.172418 98070 40
CPU13 44.862402 98031 sgemm sgemm CUDA3 1.219368 98071 40
CPU4 45.249919 98032 sgemm sgemm CUDA0 1.251180 98072 40
CPU15 44.921096 98033 sgemm sgemm CUDA0 12.752646 98073 40
CPU10 45.199919 98034 sgemm sgemm CUDA2 1.173382 98074 40
CPU14 45.005281 98035 sgemm sgemm CUDA0 0.059216 98075 40
CPU18 44.635745 98036 sgemm sgemm CUDA2 1.003955 98076 40
CPU3 45.399400 98037 sgemm sgemm CUDA1 1.168215 98077 40
CPU14 44.902893 98038 sgemm sgemm CUDA2 1.161008 98078 40
CPU12 44.948549 98039 sgemm sgemm CUDA2 0.950401 98079 40
CPU5 45.334255 98040 sgemm sgemm CUDA3 1.171161 98080 40
CPU13 44.991140 98041 sgemm sgemm CUDA0 1.165033 98081 40
CPU17 44.957517 98042 sgemm sgemm CUDA0 12.298373 98082 40
CPU7 45.162647 98043 sgemm sgemm CUDA3 1.168944 98083 40
CPU0 45.282346 98044 sgemm sgemm CUDA2 1.170633 98084 40
CPU2 24.996769 98047 ssyrk ssyrk CUDA2 0.581726 98087 40
CPU0 45.464605 98048 sgemm sgemm CUDA3 12.310546 98088 40
CPU7 45.062045 98049 sgemm sgemm CUDA1 0.990107 98089 40
CPU3 44.975012 98050 sgemm sgemm CUDA3 1.166387 98090 40
CPU19 45.149967 98051 sgemm sgemm CUDA3 0.995466 98091 40
CPU7 45.035485 98052 sgemm sgemm CUDA1 1.251493 98092 40
CPU10 45.069872 98053 sgemm sgemm CUDA2 1.314331 98093 40
CPU4 45.051261 98054 sgemm sgemm CUDA2 1.163699 98094 40
CPU11 45.306578 98055 sgemm sgemm CUDA2 0.994403 98095 40
CPU1 44.926585 98056 sgemm sgemm CUDA3 12.076698 98096 40
CPU12 45.122098 98057 sgemm sgemm CUDA2 12.946219 98097 40
CPU8 44.711616 98058 sgemm sgemm CUDA3 1.001368 98098 40
CPU1 44.704692 98059 sgemm sgemm CUDA2 1.173505 98099 40
CPU19 44.988618 98060 sgemm sgemm CUDA1 0.998294 98100 40
CPU7 45.145525 98061 sgemm sgemm CUDA1 0.116552 98101 40
CPU16 44.902118 98062 sgemm sgemm CUDA3 1.169717 98102 40
CPU13 45.259262 98063 sgemm sgemm CUDA1 12.988221 98103 40
CPU14 45.105633 98064 sgemm sgemm CUDA2 1.175787 98104 40
CPU15 44.904651 98065 sgemm sgemm CUDA3 12.286770 98105 40
CPU12 45.181103 98066 sgemm sgemm CUDA2 1.250573 98106 40
CPU14 45.155861 98067 sgemm sgemm CUDA3 1.177888 98107 40
CPU13 44.962637 98068 sgemm sgemm CUDA3 1.180525 98108 40
CPU13 44.999684 98069 sgemm sgemm CUDA2 1.253744 98109 40
CPU15 44.943367 98070 sgemm sgemm CUDA2 1.220172 98110 40
CPU19 45.152426 98071 sgemm sgemm CUDA1 1.177740 98111 40
CPU12 44.934275 98072 sgemm sgemm CUDA2 12.555669 98112 40
CPU1 45.015183 98073 sgemm sgemm CUDA3 1.176810 98113 40
CPU5 44.791893 98074 sgemm sgemm CUDA2 1.176547 98114 40
CPU8 44.554965 98075 sgemm sgemm CUDA3 1.010492 98115 40
CPU12 45.039188 98076 sgemm sgemm CUDA2 13.139917 98116 40
CPU12 45.135740 98077 sgemm sgemm CUDA2 0.096721 98117 40
CPU18 44.794397 98078 sgemm sgemm CUDA2 1.000652 98118 40
CPU5 44.782722 98079 sgemm sgemm CUDA3 0.234143 98119 40
CPU16 44.928292 98080 sgemm sgemm CUDA1 0.999276 98120 40
CPU17 45.125057 98081 sgemm sgemm CUDA2 0.114958 98121 40
CPU2 44.851619 98082 sgemm sgemm CUDA3 13.070693 98122 40
CPU14 45.291375 98083 sgemm sgemm CUDA3 1.168389 98123 40
CPU1 44.909811 98084 sgemm sgemm CUDA0 15.809680 98124 40
CPU19 45.152445 98085 sgemm sgemm CUDA3 0.097269 98125 40
CPU8 44.896388 98086 sgemm sgemm CUDA2 0.075438 98126 40
CPU0 25.484709 98089 ssyrk ssyrk CUDA3 1.244227 98129 40
CPU1 44.917793 98090 sgemm sgemm CUDA1 1.003057 98130 40
CPU12 44.923888 98091 sgemm sgemm CUDA0 1.164720 98131 40
CPU19 45.044332 98092 sgemm sgemm CUDA0 0.993017 98132 40
CPU8 44.813488 98093 sgemm sgemm CUDA0 0.074502 98133 40
CPU2 45.144454 98094 sgemm sgemm CUDA3 1.167138 98134 40
CPU6 45.113423 98095 sgemm sgemm CUDA0 1.287901 98135 40
CPU0 45.262884 98096 sgemm sgemm CUDA1 1.172594 98136 40
CPU0 44.962319 98097 sgemm sgemm CUDA3 12.997244 98137 40
CPU6 45.178507 98098 sgemm sgemm CUDA3 1.213892 98138 40
CPU1 44.953318 98099 sgemm sgemm CUDA3 1.166006 98139 40
CPU8 45.017318 98100 sgemm sgemm CUDA2 1.172927 98140 40
CPU19 44.939920 98101 sgemm sgemm CUDA2 0.074765 98141 40
CPU17 44.868542 98102 sgemm sgemm CUDA3 1.000776 98142 40
CPU18 44.871787 98103 sgemm sgemm CUDA3 1.170743 98143 40
CPU12 45.009307 98104 sgemm sgemm CUDA2 1.174154 98144 40
CPU14 44.974319 98105 sgemm sgemm CUDA0 12.458905 98145 40
CPU15 44.784530 98106 sgemm sgemm CUDA3 0.155961 98146 40
CPU16 44.782826 98107 sgemm sgemm CUDA2 1.174830 98147 40
CPU12 44.948724 98108 sgemm sgemm CUDA2 1.177726 98148 40
CPU16 44.749649 98109 sgemm sgemm CUDA1 1.179694 98149 40
CPU14 44.975161 98110 sgemm sgemm CUDA0 1.001688 98150 40
CPU16 44.956291 98111 sgemm sgemm CUDA2 1.173923 98151 40
CPU18 44.883867 98112 sgemm sgemm CUDA1 1.175661 98152 40
CPU15 44.760227 98113 sgemm sgemm CUDA2 12.180511 98153 40
CPU17 44.949933 98114 sgemm sgemm CUDA3 1.008851 98154 40
CPU3 44.854994 98115 sgemm sgemm CUDA0 13.030641 98155 40
CPU10 45.059020 98116 sgemm sgemm CUDA0 1.175377 98156 40
CPU15 44.683397 98117 sgemm sgemm CUDA2 0.990905 98157 40
CPU16 44.894466 98118 sgemm sgemm CUDA0 1.003494 98158 40
CPU18 44.826740 98119 sgemm sgemm CUDA0 0.996468 98159 40
CPU6 44.519642 98120 sgemm sgemm CUDA3 12.187496 98160 40
CPU11 44.839406 98121 sgemm sgemm CUDA2 0.996578 98161 40
CPU1 45.045950 98122 sgemm sgemm CUDA3 0.062638 98162 40
CPU6 45.333976 98123 sgemm sgemm CUDA3 1.169005 98163 40
CPU13 45.255815 98124 sgemm sgemm CUDA0 0.114114 98164 40
CPU13 44.957368 98125 sgemm sgemm CUDA0 2.662477 98165 40
CPU2 44.996143 98126 sgemm sgemm CUDA3 1.164027 98166 40
CPU0 45.282449 98127 sgemm sgemm CUDA2 0.992000 98167 40
CPU7 25.231557 98130 ssyrk ssyrk CUDA1 0.589256 98170 40
CPU12 45.156638 98131 sgemm sgemm CUDA0 1.214418 98171 40
CPU18 44.924373 98132 sgemm sgemm CUDA0 12.860698 98172 40
CPU5 44.869829 98133 sgemm sgemm CUDA1 1.000313 98173 40
CPU7 45.095089 98134 sgemm sgemm CUDA3 1.222154 98174 40
CPU11 45.024997 98135 sgemm sgemm CUDA0 1.168204 98175 40
CPU1 45.034199 98136 sgemm sgemm CUDA1 1.227386 98176 40
CPU9 44.282359 98137 sgemm sgemm CUDA3 1.008863 98177 40
CPU13 45.106413 98138 sgemm sgemm CUDA1 0.134936 98178 40
CPU12 44.969469 98139 sgemm sgemm CUDA3 1.171608 98179 40
CPU2 44.830597 98140 sgemm sgemm CUDA1 1.012031 98180 40
CPU15 44.814516 98141 sgemm sgemm CUDA1 1.003350 98181 40
CPU15 44.928082 98142 sgemm sgemm CUDA1 1.002031 98182 40
CPU14 45.057301 98143 sgemm sgemm CUDA3 0.092856 98183 40
CPU13 44.999727 98144 sgemm sgemm CUDA1 1.006246 98184 40
CPU14 44.953981 98145 sgemm sgemm CUDA1 1.143443 98185 40
CPU16 44.850490 98146 sgemm sgemm CUDA3 1.154752 98186 40
CPU9 45.001089 98147 sgemm sgemm CUDA3 1.049313 98187 40
CPU11 45.065018 98148 sgemm sgemm CUDA3 1.188800 98188 40
CPU11 44.731864 98149 sgemm sgemm CUDA3 1.017563 98189 40
CPU10 45.019071 98150 sgemm sgemm CUDA0 1.007237 98190 40
CPU17 45.263543 98151 sgemm sgemm CUDA0 1.006220 98191 40
CPU6 45.123193 98152 sgemm sgemm CUDA1 0.995207 98192 40
CPU16 44.926437 98153 sgemm sgemm CUDA1 1.005106 98193 40
CPU10 44.918730 98154 sgemm sgemm CUDA3 1.007172 98194 40
CPU2 44.860846 98155 sgemm sgemm CUDA0 3.831047 98195 40
CPU13 44.997226 98156 sgemm sgemm CUDA0 1.172867 98196 40
CPU18 44.969038 98157 sgemm sgemm CUDA0 1.005942 98197 40
CPU13 45.062712 98158 sgemm sgemm CUDA0 1.003562 98198 40
CPU18 44.884842 98159 sgemm sgemm CUDA0 1.175674 98199 40
CPU5 44.255356 98160 sgemm sgemm CUDA1 1.233039 98200 40
CPU9 44.697437 98161 sgemm sgemm CUDA0 0.996764 98201 40
CPU19 45.147960 98162 sgemm sgemm CUDA3 1.172519 98202 40
CPU10 45.015519 98163 sgemm sgemm CUDA0 1.002641 98203 40
CPU9 44.979022 98164 sgemm sgemm CUDA0 0.979466 98204 40
CPU12 45.092998 98165 sgemm sgemm CUDA1 0.995459 98205 40
CPU10 45.131407 98166 sgemm sgemm CUDA3 0.998415 98206 40
CPU0 44.957992 98167 sgemm sgemm CUDA0 0.996676 98207 40
CPU11 24.994270 98170 ssyrk ssyrk CUDA0 0.781871 98210 40
CPU12 45.001498 98171 sgemm sgemm CUDA0 1.218628 98211 40
CPU12 44.954914 98172 sgemm sgemm CUDA0 1.215726 98212 40
CPU12 44.937735 98173 sgemm sgemm CUDA2 1.174114 98213 40
CPU12 45.054023 98174 sgemm sgemm CUDA2 0.999570 98214 40
CPU12 45.154117 98175 sgemm sgemm CUDA2 9.442914 98215 40
CPU12 44.976206 98176 sgemm sgemm CUDA0 1.165309 98216 40
CPU12 45.060053 98177 sgemm sgemm CUDA0 0.991830 98217 40
CPU14 45.110996 98178 sgemm sgemm CUDA0 1.173701 98218 40
CPU5 44.950859 98179 sgemm sgemm CUDA2 0.997664 98219 40
CPU14 44.709344 98180 sgemm sgemm CUDA2 1.053517 98220 40
CPU19 44.790521 98181 sgemm sgemm CUDA3 1.235124 98221 40
CPU14 44.896223 98182 sgemm sgemm CUDA0 0.997387 98222 40
CPU13 44.950931 98183 sgemm sgemm CUDA2 1.171213 98223 40
CPU14 45.138218 98184 sgemm sgemm CUDA0 0.124275 98224 40
CPU16 44.862045 98185 sgemm sgemm CUDA3 1.174658 98225 40
CPU3 45.212334 98186 sgemm sgemm CUDA3 1.190715 98226 40
CPU12 44.894630 98187 sgemm sgemm CUDA2 1.005579 98227 40
CPU17 44.862972 98188 sgemm sgemm CUDA3 1.177077 98228 40
CPU16 45.065120 98189 sgemm sgemm CUDA2 8.701373 98229 40
CPU15 44.757117 98190 sgemm sgemm CUDA0 0.094571 98230 40
CPU0 45.099879 98191 sgemm sgemm CUDA3 1.003232 98231 40
CPU0 45.876491 98192 sgemm sgemm CUDA2 1.169477 98232 40
CPU13 45.008488 98193 sgemm sgemm CUDA2 1.001524 98233 40
CPU2 45.027248 98194 sgemm sgemm CUDA0 1.006120 98234 40
CPU13 44.954754 98195 sgemm sgemm CUDA3 1.172148 98235 40
CPU10 44.834667 98196 sgemm sgemm CUDA2 1.007908 98236 40
CPU6 46.099283 98197 sgemm sgemm CUDA0 0.989525 98237 40
CPU19 45.030282 98198 sgemm sgemm CUDA2 1.002679 98238 40
CPU4 44.980861 98199 sgemm sgemm CUDA3 0.997294 98239 40
CPU10 45.045334 98200 sgemm sgemm CUDA0 1.170597 98240 40
CPU0 45.271022 98201 sgemm sgemm CUDA3 1.172633 98241 40
CPU1 45.013930 98202 sgemm sgemm CUDA3 12.244402 98242 40
CPU7 45.126850 98203 sgemm sgemm CUDA3 1.279441 98243 40
CPU12 45.078784 98204 sgemm sgemm CUDA0 1.008756 98244 40
CPU4 45.222544 98205 sgemm sgemm CUDA3 1.296839 98245 40
CPU8 44.821159 98206 sgemm sgemm CUDA2 1.167196 98246 40
CPU10 25.344869 98209 ssyrk ssyrk CUDA2 0.797718 98249 40
CPU6 44.964350 98210 sgemm sgemm CUDA0 0.992838 98250 40
CPU3 44.806811 98211 sgemm sgemm CUDA2 1.299681 98251 40
CPU4 44.720242 98212 sgemm sgemm CUDA3 1.002860 98252 40
CPU0 45.194011 98213 sgemm sgemm CUDA3 1.167411 98253 40
CPU3 44.230804 98214 sgemm sgemm CUDA0 0.084892 98254 40
CPU7 44.957161 98215 sgemm sgemm CUDA0 1.004315 98255 40
CPU2 44.843604 98216 sgemm sgemm CUDA3 1.017639 98256 40
CPU18 45.109268 98217 sgemm sgemm CUDA3 1.006624 98257 40
CPU15 45.044668 98218 sgemm sgemm CUDA2 1.182094 98258 40
CPU13 45.130801 98219 sgemm sgemm CUDA3 1.047156 98259 40
CPU15 44.956686 98220 sgemm sgemm CUDA0 0.994950 98260 40
CPU12 45.164421 98221 sgemm sgemm CUDA2 1.153685 98261 40
CPU14 45.087784 98222 sgemm sgemm CUDA0 2.814282 98262 40
CPU15 45.014632 98223 sgemm sgemm CUDA0 1.002076 98263 40
CPU12 45.070179 98224 sgemm sgemm CUDA2 0.168019 98264 40
CPU11 44.997351 98225 sgemm sgemm CUDA3 1.009760 98265 40
CPU17 45.059556 98226 sgemm sgemm CUDA0 1.004784 98266 40
CPU7 44.899004 98227 sgemm sgemm CUDA0 1.173311 98267 40
CPU10 45.344526 98228 sgemm sgemm CUDA0 1.170098 98268 40
CPU8 44.551720 98229 sgemm sgemm CUDA3 1.175178 98269 40
CPU9 44.953301 98230 sgemm sgemm CUDA2 1.003093 98270 40
CPU17 45.244510 98231 sgemm sgemm CUDA0 0.678452 98271 40
CPU0 45.003363 98232 sgemm sgemm CUDA2 1.168018 98272 40
CPU13 45.247507 98233 sgemm sgemm CUDA0 1.171339 98273 40
CPU0 45.371900 98234 sgemm sgemm CUDA2 1.257958 98274 40
CPU15 44.918827 98235 sgemm sgemm CUDA0 0.058898 98275 40
CPU19 45.116489 98236 sgemm sgemm CUDA2 0.998765 98276 40
CPU5 44.488640 98237 sgemm sgemm CUDA2 0.997760 98277 40
CPU9 44.700258 98238 sgemm sgemm CUDA0 12.265322 98278 40
CPU2 45.612662 98239 sgemm sgemm CUDA2 9.302854 98279 40
CPU0 45.012499 98240 sgemm sgemm CUDA0 1.165419 98280 40
CPU14 45.139116 98241 sgemm sgemm CUDA0 1.180261 98281 40
CPU1 44.900596 98242 sgemm sgemm CUDA0 1.168763 98282 40
CPU12 45.176053 98243 sgemm sgemm CUDA3 0.991599 98283 40
CPU1 44.860218 98244 sgemm sgemm CUDA0 0.052172 98284 40
CPU8 24.988732 98247 ssyrk ssyrk CUDA1 0.075359 98287 40
CPU2 45.127758 98248 sgemm sgemm CUDA2 1.000806 98288 40
CPU11 45.008628 98249 sgemm sgemm CUDA2 1.173896 98289 40
CPU8 44.894224 98250 sgemm sgemm CUDA1 1.164324 98290 40
CPU6 44.487452 98251 sgemm sgemm CUDA0 0.047734 98291 40
CPU6 44.988543 98252 sgemm sgemm CUDA1 1.010322 98292 40
CPU12 45.079859 98253 sgemm sgemm CUDA0 1.064400 98293 40
CPU3 44.910191 98254 sgemm sgemm CUDA1 1.173508 98294 40
CPU12 45.193353 98255 sgemm sgemm CUDA1 0.064538 98295 40
CPU14 44.971583 98256 sgemm sgemm CUDA0 1.172427 98296 40
CPU16 44.899924 98257 sgemm sgemm CUDA0 0.060693 98297 40
CPU12 45.159895 98258 sgemm sgemm CUDA1 1.289558 98298 40
CPU14 44.896284 98259 sgemm sgemm CUDA2 0.120038 98299 40
CPU15 44.786002 98260 sgemm sgemm CUDA0 11.892832 98300 40
CPU16 45.085476 98261 sgemm sgemm CUDA1 1.306670 98301 40
CPU15 44.983280 98262 sgemm sgemm CUDA2 1.003569 98302 40
CPU8 45.129570 98263 sgemm sgemm CUDA0 12.331399 98303 40
CPU12 44.856034 98264 sgemm sgemm CUDA2 1.184068 98304 40
CPU17 45.107455 98265 sgemm sgemm CUDA0 1.004605 98305 40
CPU4 44.569784 98266 sgemm sgemm CUDA1 1.376821 98306 40
CPU12 45.018374 98267 sgemm sgemm CUDA1 1.014053 98307 40
CPU15 44.985810 98268 sgemm sgemm CUDA0 1.005865 98308 40
CPU1 44.913059 98269 sgemm sgemm CUDA0 1.160104 98309 40
CPU8 44.799109 98270 sgemm sgemm CUDA0 1.167285 98310 40
CPU17 45.058840 98271 sgemm sgemm CUDA2 1.169877 98311 40
CPU12 45.264814 98272 sgemm sgemm CUDA0 1.159892 98312 40
CPU19 44.934120 98273 sgemm sgemm CUDA0 1.001737 98313 40
CPU4 44.934663 98274 sgemm sgemm CUDA2 1.147707 98314 40
CPU9 45.079169 98275 sgemm sgemm CUDA0 1.002849 98315 40
CPU13 45.228386 98276 sgemm sgemm CUDA2 1.167697 98316 40
CPU3 44.911916 98277 sgemm sgemm CUDA0 13.659847 98317 40
CPU4 45.067287 98278 sgemm sgemm CUDA0 0.993315 98318 40
CPU0 45.549565 98279 sgemm sgemm CUDA1 0.996686 98319 40
CPU11 45.063994 98280 sgemm sgemm CUDA2 0.999506 98320 40
CPU3 44.899123 98281 sgemm sgemm CUDA2 1.166502 98321 40
CPU11 24.824837 98284 ssyrk ssyrk CUDA3 3.374722 98324 40
CPU5 44.700135 98285 sgemm sgemm CUDA2 1.001179 98325 40
CPU9 44.815593 98286 sgemm sgemm CUDA1 1.179731 98326 40
CPU5 44.412427 98287 sgemm sgemm CUDA1 8.243904 98327 40
CPU2 44.756808 98288 sgemm sgemm CUDA1 1.051765 98328 40
CPU6 45.315085 98289 sgemm sgemm CUDA1 0.147387 98329 40
CPU4 44.922229 98290 sgemm sgemm CUDA3 1.217551 98330 40
CPU15 44.790039 98291 sgemm sgemm CUDA1 1.264587 98331 40
CPU13 45.157799 98292 sgemm sgemm CUDA3 1.220697 98332 40
CPU14 45.266329 98293 sgemm sgemm CUDA3 0.991670 98333 40
CPU12 45.242808 98294 sgemm sgemm CUDA2 1.008201 98334 40
CPU14 44.974680 98295 sgemm sgemm CUDA1 1.219785 98335 40
CPU16 44.809917 98296 sgemm sgemm CUDA2 1.172541 98336 40
CPU16 45.243426 98297 sgemm sgemm CUDA1 1.176648 98337 40
CPU12 45.189047 98298 sgemm sgemm CUDA2 1.012588 98338 40
CPU10 44.991191 98299 sgemm sgemm CUDA1 1.175747 98339 40
CPU12 45.174177 98300 sgemm sgemm CUDA3 0.994526 98340 40
CPU12 45.074473 98301 sgemm sgemm CUDA2 1.174720 98341 40
CPU5 44.510843 98302 sgemm sgemm CUDA1 0.999728 98342 40
CPU13 44.847214 98303 sgemm sgemm CUDA2 0.999068 98343 40
CPU17 44.903540 98304 sgemm sgemm CUDA3 1.170217 98344 40
CPU2 44.832073 98305 sgemm sgemm CUDA2 0.950765 98345 40
CPU1 44.722155 98306 sgemm sgemm CUDA2 1.224156 98346 40
CPU16 45.201767 98307 sgemm sgemm CUDA2 12.809186 98347 40
CPU18 44.936416 98308 sgemm sgemm CUDA2 1.001090 98348 40
CPU19 45.063367 98309 sgemm sgemm CUDA2 1.161822 98349 40
CPU3 44.857135 98310 sgemm sgemm CUDA2 1.169446 98350 40
CPU7 45.268910 98311 sgemm sgemm CUDA1 0.997464 98351 40
CPU17 44.993849 98312 sgemm sgemm CUDA1 0.999832 98352 40
CPU8 44.765666 98313 sgemm sgemm CUDA3 1.161916 98353 40
CPU13 45.295552 98314 sgemm sgemm CUDA3 0.996833 98354 40
CPU12 45.552441 98315 sgemm sgemm CUDA1 0.191477 98355 40
CPU12 44.954650 98316 sgemm sgemm CUDA2 0.051868 98356 40
CPU6 45.290447 98317 sgemm sgemm CUDA3 12.360481 98357 40
CPU11 24.984030 98320 ssyrk ssyrk CUDA0 0.625679 98360 40
CPU6 45.016556 98321 sgemm sgemm CUDA2 1.177527 98361 40
CPU1 45.270770 98322 sgemm sgemm CUDA0 12.313641 98362 40
CPU14 45.003539 98323 sgemm sgemm CUDA2 1.290972 98363 40
CPU16 45.322304 98324 sgemm sgemm CUDA0 1.359358 98364 40
CPU3 44.935899 98325 sgemm sgemm CUDA3 12.286819 98365 40
CPU17 45.014524 98326 sgemm sgemm CUDA2 10.622941 98366 40
CPU10 45.070136 98327 sgemm sgemm CUDA0 1.171124 98367 40
CPU11 44.916078 98328 sgemm sgemm CUDA3 1.007213 98368 40
CPU6 45.168591 98329 sgemm sgemm CUDA3 1.251371 98369 40
CPU10 44.999382 98330 sgemm sgemm CUDA2 1.174674 98370 40
CPU16 45.240700 98331 sgemm sgemm CUDA2 1.005796 98371 40
CPU13 45.027604 98332 sgemm sgemm CUDA2 1.007656 98372 40
CPU17 45.166502 98333 sgemm sgemm CUDA3 1.176614 98373 40
CPU11 44.925567 98334 sgemm sgemm CUDA0 1.182282 98374 40
CPU15 45.023251 98335 sgemm sgemm CUDA0 1.006482 98375 40
CPU13 44.943901 98336 sgemm sgemm CUDA0 1.170657 98376 40
CPU19 45.069087 98337 sgemm sgemm CUDA3 1.232310 98377 40
CPU15 44.751682 98338 sgemm sgemm CUDA2 1.179616 98378 40
CPU10 45.112283 98339 sgemm sgemm CUDA0 1.259061 98379 40
CPU1 44.889218 98340 sgemm sgemm CPU -1 98380 40
CPU16 44.835688 98341 sgemm sgemm CUDA2 0.995530 98381 40
CPU17 44.997717 98342 sgemm sgemm CUDA0 1.221152 98382 40
CPU14 45.009495 98343 sgemm sgemm CUDA0 1.002161 98383 40
CPU18 44.785039 98344 sgemm sgemm CUDA0 1.170767 98384 40
CPU5 44.697324 98345 sgemm sgemm CUDA2 12.266652 98385 40
CPU2 44.897578 98346 sgemm sgemm CUDA0 1.225829 98386 40
CPU0 45.299897 98347 sgemm sgemm CUDA3 12.372685 98387 40
CPU11 44.755561 98348 sgemm sgemm CUDA3 0.998144 98388 40
CPU12 45.181022 98349 sgemm sgemm CUDA2 1.231378 98389 40
CPU1 45.015223 98350 sgemm sgemm CUDA0 0.991912 98390 40
CPU6 45.262281 98351 sgemm sgemm CUDA3 1.191726 98391 40
CPU9 44.860107 98352 sgemm sgemm CUDA3 1.169258 98392 40
CPU11 25.073304 98355 ssyrk ssyrk CUDA2 3.320861 98395 40
CPU0 45.237919 98356 sgemm sgemm CUDA3 11.902378 98396 40
CPU17 45.076049 98357 sgemm sgemm CUDA1 13.176754 98397 40
CPU15 44.940865 98358 sgemm sgemm CUDA1 0.984629 98398 40
CPU11 45.192169 98359 sgemm sgemm CUDA3 0.431281 98399 40
CPU11 44.818804 98360 sgemm sgemm CUDA3 1.002587 98400 40
CPU13 45.161122 98361 sgemm sgemm CUDA1 1.228584 98401 40
CPU16 44.900934 98362 sgemm sgemm CUDA3 11.970300 98402 40
CPU9 44.729522 98363 sgemm sgemm CUDA3 1.005439 98403 40
CPU8 44.762847 98364 sgemm sgemm CUDA2 1.177972 98404 40
CPU16 45.121515 98365 sgemm sgemm CUDA3 1.177707 98405 40
CPU16 45.078596 98366 sgemm sgemm CUDA2 1.227497 98406 40
CPU4 45.031338 98367 sgemm sgemm CUDA3 1.268521 98407 40
CPU15 44.846791 98368 sgemm sgemm CUDA3 1.176279 98408 40
CPU14 45.150565 98369 sgemm sgemm CUDA3 1.006198 98409 40
CPU6 44.969167 98370 sgemm sgemm CUDA2 1.003755 98410 40
CPU10 45.114538 98371 sgemm sgemm CUDA1 1.166849 98411 40
CPU17 45.585360 98372 sgemm sgemm CUDA1 1.004875 98412 40
CPU14 45.150385 98373 sgemm sgemm CUDA2 0.163424 98413 40
CPU3 44.643918 98374 sgemm sgemm CUDA3 1.169224 98414 40
CPU11 45.054296 98375 sgemm sgemm CUDA2 0.993991 98415 40
CPU5 45.228221 98376 sgemm sgemm CUDA3 1.271914 98416 40
CPU11 46.434564 98377 sgemm sgemm CUDA2 1.277092 98417 40
CPU18 45.052154 98378 sgemm sgemm CUDA2 1.252970 98418 40
CPU7 44.802114 98379 sgemm sgemm CUDA2 1.164386 98419 40
CPU6 45.316221 98380 sgemm sgemm CUDA2 0.184877 98420 40
CPU1 45.076254 98381 sgemm sgemm CUDA1 0.974694 98421 40
CPU5 44.650979 98382 sgemm sgemm CUDA3 1.167186 98422 40
CPU9 44.649791 98383 sgemm sgemm CUDA2 1.156654 98423 40
CPU9 46.278236 98384 sgemm sgemm CUDA1 1.002990 98424 40
CPU15 45.001417 98385 sgemm sgemm CUDA1 0.995627 98425 40
CPU7 44.812654 98386 sgemm sgemm CUDA3 1.170836 98426 40
CPU10 25.088476 98389 ssyrk ssyrk CUDA0 0.076161 98429 40
CPU16 45.026725 98390 sgemm sgemm CUDA0 1.049458 98430 40
CPU15 44.723269 98391 sgemm sgemm CUDA0 3.045239 98431 40
CPU3 44.990636 98392 sgemm sgemm CUDA1 1.003956 98432 40
CPU9 45.180532 98393 sgemm sgemm CUDA3 1.055011 98433 40
CPU15 44.817636 98394 sgemm sgemm CUDA0 1.182412 98434 40
CPU4 45.214871 98395 sgemm sgemm CUDA0 1.177948 98435 40
CPU10 45.091703 98396 sgemm sgemm CUDA1 1.179234 98436 40
CPU12 45.129690 98397 sgemm sgemm CUDA0 1.005387 98437 40
CPU15 44.815045 98398 sgemm sgemm CUDA3 1.006494 98438 40
CPU6 45.480541 98399 sgemm sgemm CUDA2 1.170718 98439 40
CPU17 45.233483 98400 sgemm sgemm CUDA2 1.136560 98440 40
CPU13 44.966110 98401 sgemm sgemm CUDA0 1.168993 98441 40
CPU14 44.873342 98402 sgemm sgemm CUDA0 1.049289 98442 40
CPU16 44.833994 98403 sgemm sgemm CUDA0 1.189793 98443 40
CPU1 44.967839 98404 sgemm sgemm CUDA1 1.171208 98444 40
CPU6 45.444941 98405 sgemm sgemm CUDA1 0.218755 98445 40
CPU14 45.110783 98406 sgemm sgemm CUDA0 0.997858 98446 40
CPU8 44.765419 98407 sgemm sgemm CUDA3 1.170274 98447 40
CPU2 44.837473 98408 sgemm sgemm CUDA2 1.167130 98448 40
CPU5 45.355191 98409 sgemm sgemm CUDA0 1.000036 98449 40
CPU14 44.885419 98410 sgemm sgemm CUDA0 1.169340 98450 40
CPU18 44.709562 98411 sgemm sgemm CUDA0 1.167826 98451 40
CPU6 44.825115 98412 sgemm sgemm CUDA1 0.121949 98452 40
CPU17 45.026093 98413 sgemm sgemm CUDA0 0.094524 98453 40
CPU10 45.140703 98414 sgemm sgemm CUDA1 12.302840 98454 40
CPU4 45.073812 98415 sgemm sgemm CUDA0 1.166829 98455 40
CPU14 45.196840 98416 sgemm sgemm CUDA2 1.379378 98456 40
CPU12 44.646539 98417 sgemm sgemm CUDA1 1.104861 98457 40
CPU1 44.936457 98418 sgemm sgemm CUDA1 1.282586 98458 40
CPU2 44.944336 98419 sgemm sgemm CUDA3 1.163271 98459 40
CPU6 25.244746 98422 ssyrk ssyrk CUDA2 0.631080 98462 40
CPU17 45.279857 98423 sgemm sgemm CUDA3 1.180081 98463 40
CPU9 44.569673 98424 sgemm sgemm CUDA0 1.052259 98464 40
CPU16 44.934238 98425 sgemm sgemm CUDA3 1.339799 98465 40
CPU13 45.109781 98426 sgemm sgemm CUDA1 1.175996 98466 40
CPU15 45.084864 98427 sgemm sgemm CUDA0 1.332761 98467 40
CPU3 44.815503 98428 sgemm sgemm CUDA3 0.998099 98468 40
CPU19 44.919727 98429 sgemm sgemm CUDA0 1.219524 98469 40
CPU15 44.998061 98430 sgemm sgemm CUDA3 0.170308 98470 40
CPU11 44.940053 98431 sgemm sgemm CUDA1 13.008112 98471 40
CPU11 44.967635 98432 sgemm sgemm CUDA3 1.006629 98472 40
CPU12 44.907130 98433 sgemm sgemm CUDA0 1.050518 98473 40
CPU16 45.015446 98434 sgemm sgemm CUDA0 0.082703 98474 40
CPU14 46.107925 98435 sgemm sgemm CUDA0 1.002143 98475 40
CPU5 44.685740 98436 sgemm sgemm CUDA3 1.002827 98476 40
CPU17 44.735479 98437 sgemm sgemm CUDA2 0.997670 98477 40
CPU12 45.151657 98438 sgemm sgemm CUDA3 1.012658 98478 40
CPU0 45.176723 98439 sgemm sgemm CUDA3 0.096759 98479 40
CPU10 45.804095 98440 sgemm sgemm CUDA0 0.998850 98480 40
CPU15 44.716936 98441 sgemm sgemm CUDA3 0.066289 98481 40
CPU1 45.235366 98442 sgemm sgemm CUDA0 0.998857 98482 40
CPU18 45.385312 98443 sgemm sgemm CUDA2 12.911277 98483 40
CPU4 44.819334 98444 sgemm sgemm CUDA2 0.998432 98484 40
CPU11 44.922006 98445 sgemm sgemm CUDA0 0.988076 98485 40
CPU10 45.010285 98446 sgemm sgemm CUDA1 1.000188 98486 40
CPU9 44.827821 98447 sgemm sgemm CUDA0 0.066588 98487 40
CPU5 44.555200 98448 sgemm sgemm CUDA2 0.995038 98488 40
CPU1 45.618425 98449 sgemm sgemm CUDA2 0.998489 98489 40
CPU2 44.907595 98450 sgemm sgemm CUDA2 1.271619 98490 40
CPU5 44.769653 98451 sgemm sgemm CUDA3 12.343321 98491 40
CPU15 24.882192 98454 ssyrk ssyrk CUDA0 0.836565 98494 40
CPU15 45.035921 98455 sgemm sgemm CUDA0 1.307407 98495 40
CPU12 45.107179 98456 sgemm sgemm CUDA1 0.061729 98496 40
CPU17 45.081056 98457 sgemm sgemm CUDA0 1.173061 98497 40
CPU5 44.878423 98458 sgemm sgemm CUDA0 1.220305 98498 40
CPU19 45.412675 98459 sgemm sgemm CUDA1 1.001998 98499 40
CPU13 44.993988 98460 sgemm sgemm CUDA0 1.219314 98500 40
CPU15 45.082563 98461 sgemm sgemm CUDA0 1.011142 98501 40
CPU14 45.157404 98462 sgemm sgemm CUDA1 1.006061 98502 40
CPU16 45.011584 98463 sgemm sgemm CUDA3 1.012094 98503 40
CPU19 44.890334 98464 sgemm sgemm CUDA1 0.998936 98504 40
CPU14 45.044959 98465 sgemm sgemm CUDA3 0.999670 98505 40
CPU0 45.055458 98466 sgemm sgemm CUDA0 24.115641 98506 40
CPU4 44.688683 98467 sgemm sgemm CUDA1 1.173709 98507 40
CPU12 45.205689 98468 sgemm sgemm CUDA1 1.170009 98508 40
CPU8 44.931486 98469 sgemm sgemm CUDA3 1.053045 98509 40
CPU7 45.288151 98470 sgemm sgemm CUDA3 1.002557 98510 40
CPU2 45.406078 98471 sgemm sgemm CUDA0 0.997693 98511 40
CPU9 45.477413 98472 sgemm sgemm CUDA0 1.167644 98512 40
CPU3 45.314833 98473 sgemm sgemm CUDA0 1.167243 98513 40
CPU19 45.077058 98474 sgemm sgemm CUDA3 0.994852 98514 40
CPU3 44.872806 98475 sgemm sgemm CUDA3 1.436566 98515 40
CPU8 45.124553 98476 sgemm sgemm CUDA0 1.165194 98516 40
CPU11 45.086137 98477 sgemm sgemm CUDA3 1.000074 98517 40
CPU6 44.989849 98478 sgemm sgemm CUDA0 0.976161 98518 40
CPU8 44.516133 98479 sgemm sgemm CUDA3 1.170422 98519 40
CPU17 44.716280 98480 sgemm sgemm CUDA0 1.384916 98520 40
CPU8 44.911447 98481 sgemm sgemm CUDA1 1.169652 98521 40
CPU0 45.236921 98482 sgemm sgemm CUDA3 1.270230 98522 40
CPU14 25.552963 98485 ssyrk ssyrk CUDA2 0.572347 98525 40
CPU16 44.924397 98486 sgemm sgemm CUDA2 1.009468 98526 40
CPU16 44.956755 98487 sgemm sgemm CUDA3 12.836640 98527 40
CPU11 45.100917 98488 sgemm sgemm CUDA0 1.010130 98528 40
CPU7 44.713162 98489 sgemm sgemm CUDA2 1.004937 98529 40
CPU5 44.886353 98490 sgemm sgemm CUDA0 1.060289 98530 40
CPU16 45.121680 98491 sgemm sgemm CUDA2 0.995900 98531 40
CPU15 44.995595 98492 sgemm sgemm CUDA3 1.003844 98532 40
CPU14 45.124067 98493 sgemm sgemm CUDA0 13.179866 98533 40
CPU14 44.898890 98494 sgemm sgemm CUDA1 0.952511 98534 40
CPU5 44.888348 98495 sgemm sgemm CUDA2 12.327955 98535 40
CPU16 45.142735 98496 sgemm sgemm CUDA2 1.252132 98536 40
CPU7 44.342809 98497 sgemm sgemm CUDA3 0.984033 98537 40
CPU4 45.021910 98498 sgemm sgemm CUDA2 1.252206 98538 40
CPU12 46.466045 98499 sgemm sgemm CUDA2 0.069081 98539 40
CPU2 44.696369 98500 sgemm sgemm CUDA2 0.176212 98540 40
CPU8 45.067006 98501 sgemm sgemm CUDA2 1.169636 98541 40
CPU8 45.279996 98502 sgemm sgemm CUDA3 0.993617 98542 40
CPU4 45.240179 98503 sgemm sgemm CUDA2 1.167832 98543 40
CPU18 45.003988 98504 sgemm sgemm CUDA3 0.049420 98544 40
CPU6 44.770411 98505 sgemm sgemm CUDA1 0.994933 98545 40
CPU5 45.175691 98506 sgemm sgemm CUDA2 1.166174 98546 40
CPU6 45.161007 98507 sgemm sgemm CUDA3 0.996773 98547 40
CPU8 44.918826 98508 sgemm sgemm CUDA2 0.998366 98548 40
CPU7 44.860450 98509 sgemm sgemm CUDA2 1.164172 98549 40
CPU4 44.978794 98510 sgemm sgemm CUDA2 0.059568 98550 40
CPU8 44.791191 98511 sgemm sgemm CUDA2 1.230955 98551 40
CPU6 44.966219 98512 sgemm sgemm CUDA1 1.165629 98552 40
CPU17 25.298337 98515 ssyrk ssyrk CPU -1 98555 40
CPU13 44.957695 98516 sgemm sgemm CUDA2 1.000639 98556 40
CPU11 44.791369 98517 sgemm sgemm CUDA3 1.176457 98557 40
CPU11 44.986504 98518 sgemm sgemm CUDA3 1.007308 98558 40
CPU14 44.741119 98519 sgemm sgemm CUDA1 1.008274 98559 40
CPU18 44.743373 98520 sgemm sgemm CUDA3 0.061218 98560 40
CPU15 45.100241 98521 sgemm sgemm CUDA1 12.095468 98561 40
CPU3 44.666432 98522 sgemm sgemm CUDA3 1.218069 98562 40
CPU2 44.983566 98523 sgemm sgemm CUDA3 1.011127 98563 40
CPU15 44.873898 98524 sgemm sgemm CUDA1 1.171364 98564 40
CPU19 45.460816 98525 sgemm sgemm CUDA2 1.150686 98565 40
CPU18 44.854915 98526 sgemm sgemm CUDA1 1.310851 98566 40
CPU3 45.114048 98527 sgemm sgemm CUDA1 0.996005 98567 40
CPU0 45.339005 98528 sgemm sgemm CUDA3 12.218222 98568 40
CPU5 44.961150 98529 sgemm sgemm CUDA2 0.990001 98569 40
CPU4 45.116747 98530 sgemm sgemm CUDA3 0.995521 98570 40
CPU11 44.881293 98531 sgemm sgemm CUDA1 1.264776 98571 40
CPU7 45.373096 98532 sgemm sgemm CUDA1 0.996450 98572 40
CPU19 45.041447 98533 sgemm sgemm CUDA3 1.205099 98573 40
CPU4 44.911544 98534 sgemm sgemm CUDA2 0.060500 98574 40
CPU15 44.703610 98535 sgemm sgemm CUDA2 0.995088 98575 40
CPU11 45.053712 98536 sgemm sgemm CUDA1 0.087692 98576 40
CPU2 44.846664 98537 sgemm sgemm CUDA2 1.163294 98577 40
CPU3 44.723325 98538 sgemm sgemm CUDA2 12.884189 98578 40
CPU17 44.824719 98539 sgemm sgemm CUDA2 0.997723 98579 40
CPU0 45.473194 98540 sgemm sgemm CUDA1 0.065504 98580 40
CPU9 44.908371 98541 sgemm sgemm CUDA1 0.060005 98581 40
CPU16 24.980199 98544 ssyrk ssyrk CUDA3 0.576373 98584 40
CPU13 45.154800 98545 sgemm sgemm CUDA3 1.275142 98585 40
CPU18 44.982101 98546 sgemm sgemm CUDA1 1.244540 98586 40
CPU4 45.204848 98547 sgemm sgemm CUDA0 0.066834 98587 40
CPU18 45.048835 98548 sgemm sgemm CUDA2 1.158631 98588 40
CPU13 45.049771 98549 sgemm sgemm CUDA1 1.001852 98589 40
CPU3 44.735648 98550 sgemm sgemm CUDA3 3.158721 98590 40
CPU15 45.651106 98551 sgemm sgemm CUDA0 1.170791 98591 40
CPU16 44.951137 98552 sgemm sgemm CUDA1 0.861449 98592 40
CPU4 45.421823 98553 sgemm sgemm CUDA0 1.168629 98593 40
CPU2 44.704117 98554 sgemm sgemm CUDA3 1.165606 98594 40
CPU9 45.444267 98555 sgemm sgemm CUDA2 1.164469 98595 40
CPU3 45.312137 98556 sgemm sgemm CUDA0 0.998172 98596 40
CPU1 44.934012 98557 sgemm sgemm CUDA0 1.223863 98597 40
CPU15 44.935677 98558 sgemm sgemm CUDA0 0.996799 98598 40
CPU6 45.665813 98559 sgemm sgemm CUDA2 0.053965 98599 40
CPU13 45.083405 98560 sgemm sgemm CUDA1 1.166553 98600 40
CPU19 45.210154 98561 sgemm sgemm CUDA3 1.164856 98601 40
CPU7 44.783939 98562 sgemm sgemm CUDA3 0.997090 98602 40
CPU7 45.396205 98563 sgemm sgemm CUDA1 1.167286 98603 40
CPU17 44.838859 98564 sgemm sgemm CUDA1 0.114902 98604 40
CPU10 44.973117 98565 sgemm sgemm CUDA2 0.131726 98605 40
CPU1 45.085073 98566 sgemm sgemm CUDA3 0.062180 98606 40
CPU16 44.636432 98567 sgemm sgemm CUDA2 1.166760 98607 40
CPU17 44.964029 98568 sgemm sgemm CUDA0 0.995841 98608 40
CPU8 44.796271 98569 sgemm sgemm CUDA1 0.994478 98609 40
CPU17 25.280497 98572 ssyrk ssyrk CPU12 97.632204 98612 40
CPU1 44.733465 98573 sgemm sgemm CUDA3 12.982038 98613 40
CPU13 45.112101 98574 sgemm sgemm CUDA0 1.003750 98614 40
CPU6 45.130299 98575 sgemm sgemm CUDA0 0.999265 98615 40
CPU7 45.095642 98576 sgemm sgemm CUDA0 1.171360 98616 40
CPU12 45.023913 98577 sgemm sgemm CUDA3 0.998262 98617 40
CPU14 44.961984 98578 sgemm sgemm CUDA0 1.172582 98618 40
CPU11 45.158082 98579 sgemm sgemm CUDA0 1.157500 98619 40
CPU0 45.516636 98580 sgemm sgemm CUDA0 0.995393 98620 40
CPU3 44.713765 98581 sgemm sgemm CUDA1 1.245986 98621 40
CPU1 45.480414 98582 sgemm sgemm CUDA0 1.165021 98622 40
CPU10 44.967380 98583 sgemm sgemm CUDA3 0.994775 98623 40
CPU9 45.090113 98584 sgemm sgemm CUDA0 12.618016 98624 40
CPU3 45.360164 98585 sgemm sgemm CUDA3 0.159836 98625 40
CPU19 44.916165 98586 sgemm sgemm CUDA0 1.167005 98626 40
CPU16 44.610728 98587 sgemm sgemm CUDA1 1.250601 98627 40
CPU18 44.813909 98588 sgemm sgemm CUDA3 1.171130 98628 40
CPU5 44.528555 98589 sgemm sgemm CUDA1 12.059628 98629 40
CPU17 44.809786 98590 sgemm sgemm CUDA0 0.999820 98630 40
CPU14 45.135229 98591 sgemm sgemm CUDA3 1.162686 98631 40
CPU12 44.830564 98592 sgemm sgemm CUDA3 1.169108 98632 40
CPU11 44.984445 98593 sgemm sgemm CUDA3 0.991308 98633 40
CPU17 44.820925 98594 sgemm sgemm CUDA0 0.997605 98634 40
CPU19 45.074526 98595 sgemm sgemm CUDA1 0.081010 98635 40
CPU1 44.919093 98596 sgemm sgemm CUDA3 0.999937 98636 40
CPU13 25.276729 98599 ssyrk ssyrk CPU19 80.135743 98639 40
CPU10 45.135218 98600 sgemm sgemm CUDA3 1.168023 98640 40
CPU1 44.703164 98601 sgemm sgemm CUDA3 0.999859 98641 40
CPU17 44.876842 98602 sgemm sgemm CUDA1 1.169738 98642 40
CPU16 46.939123 98603 sgemm sgemm CUDA2 0.060667 98643 40
CPU0 45.588131 98604 sgemm sgemm CUDA1 0.153152 98644 40
CPU13 45.214850 98605 sgemm sgemm CUDA2 12.504696 98645 40
CPU7 45.234672 98606 sgemm sgemm CUDA2 10.903364 98646 40
CPU19 45.297461 98607 sgemm sgemm CUDA3 1.004172 98647 40
CPU13 44.951547 98608 sgemm sgemm CUDA2 1.165487 98648 40
CPU0 45.654704 98609 sgemm sgemm CUDA2 0.996553 98649 40
CPU0 45.169834 98610 sgemm sgemm CUDA3 12.700245 98650 40
CPU11 44.760893 98611 sgemm sgemm CUDA3 11.765920 98651 40
CPU13 44.806084 98612 sgemm sgemm CUDA3 0.999663 98652 40
CPU12 44.773897 98613 sgemm sgemm CUDA2 1.166994 98653 40
CPU18 45.002043 98614 sgemm sgemm CUDA3 0.994837 98654 40
CPU9 44.594438 98615 sgemm sgemm CUDA2 1.000819 98655 40
CPU1 45.071079 98616 sgemm sgemm CUDA2 1.289790 98656 40
CPU16 44.899069 98617 sgemm sgemm CUDA2 0.999186 98657 40
CPU3 44.935450 98618 sgemm sgemm CUDA2 1.316240 98658 40
CPU6 44.928010 98619 sgemm sgemm CUDA2 1.000379 98659 40
CPU1 45.454828 98620 sgemm sgemm CUDA2 1.003334 98660 40
CPU15 45.040587 98621 sgemm sgemm CUDA3 0.955036 98661 40
CPU7 45.052299 98622 sgemm sgemm CUDA1 1.163243 98662 40
CPU14 25.036137 98625 ssyrk ssyrk CPU -1 98665 40
CPU15 44.863145 98626 sgemm sgemm CUDA2 0.120437 98666 40
CPU19 45.092105 98627 sgemm sgemm CUDA2 1.254044 98667 40
CPU11 45.069114 98628 sgemm sgemm CUDA0 1.004921 98668 40
CPU15 44.582094 98629 sgemm sgemm CUDA3 1.166995 98669 40
CPU16 44.731188 98630 sgemm sgemm CUDA1 0.120163 98670 40
CPU19 45.050028 98631 sgemm sgemm CUDA0 1.159635 98671 40
CPU10 45.138763 98632 sgemm sgemm CUDA1 13.155453 98672 40
CPU4 45.231276 98633 sgemm sgemm CUDA0 0.999622 98673 40
CPU1 45.117097 98634 sgemm sgemm CUDA0 1.166516 98674 40
CPU8 45.009143 98635 sgemm sgemm CUDA0 0.994388 98675 40
CPU14 44.883156 98636 sgemm sgemm CUDA1 0.143445 98676 40
CPU13 44.831959 98637 sgemm sgemm CUDA1 0.997197 98677 40
CPU15 44.596997 98638 sgemm sgemm CUDA0 1.161151 98678 40
CPU19 45.123664 98639 sgemm sgemm CUDA0 1.166949 98679 40
CPU3 44.818819 98640 sgemm sgemm CUDA3 12.215679 98680 40
CPU15 45.090382 98641 sgemm sgemm CUDA0 1.002726 98681 40
CPU14 45.169346 98642 sgemm sgemm CUDA1 0.990988 98682 40
CPU11 44.791925 98643 sgemm sgemm CUDA2 1.003072 98683 40
CPU13 45.165392 98644 sgemm sgemm CUDA1 1.161828 98684 40
CPU10 44.934800 98645 sgemm sgemm CUDA2 1.166458 98685 40
CPU14 45.120405 98646 sgemm sgemm CUDA0 1.915053 98686 40
CPU1 44.859505 98647 sgemm sgemm CUDA0 0.993467 98687 40
CPU16 25.050770 98650 ssyrk ssyrk CPU13 98.029768 98690 40
CPU5 45.081478 98651 sgemm sgemm CUDA3 12.308611 98691 40
CPU6 44.935135 98652 sgemm sgemm CUDA3 0.996477 98692 40
CPU11 44.835701 98653 sgemm sgemm CUDA0 1.167775 98693 40
CPU8 45.075007 98654 sgemm sgemm CUDA0 1.165995 98694 40
CPU5 45.070977 98655 sgemm sgemm CUDA2 1.165785 98695 40
CPU11 45.013671 98656 sgemm sgemm CUDA3 1.161570 98696 40
CPU19 44.827190 98657 sgemm sgemm CUDA0 0.070850 98697 40
CPU14 45.054758 98658 sgemm sgemm CUDA0 1.052550 98698 40
CPU6 45.123302 98659 sgemm sgemm CUDA2 12.813391 98699 40
CPU16 44.934824 98660 sgemm sgemm CUDA2 1.166906 98700 40
CPU4 45.385860 98661 sgemm sgemm CUDA2 1.238741 98701 40
CPU17 45.009637 98662 sgemm sgemm CUDA2 1.161853 98702 40
CPU19 45.409389 98663 sgemm sgemm CUDA0 0.997176 98703 40
CPU6 44.745946 98664 sgemm sgemm CUDA3 0.995173 98704 40
CPU14 44.945047 98665 sgemm sgemm CUDA2 1.169266 98705 40
CPU17 45.218946 98666 sgemm sgemm CUDA3 1.167875 98706 40
CPU2 44.949427 98667 sgemm sgemm CUDA0 1.168270 98707 40
CPU14 45.324351 98668 sgemm sgemm CUDA0 1.161779 98708 40
CPU13 44.984172 98669 sgemm sgemm CUDA2 1.209099 98709 40
CPU6 44.998865 98670 sgemm sgemm CUDA0 0.073017 98710 40
CPU4 45.268736 98671 sgemm sgemm CUDA2 1.168733 98711 40
CPU17 25.272141 98674 ssyrk ssyrk CPU17 88.843430 98714 40
CPU12 44.799330 98675 sgemm sgemm CUDA0 0.999290 98715 40
CPU7 45.386780 98676 sgemm sgemm CUDA3 1.166943 98716 40
CPU12 44.838289 98677 sgemm sgemm CUDA3 0.994094 98717 40
CPU2 45.060387 98678 sgemm sgemm CUDA2 0.996424 98718 40
CPU17 44.931934 98679 sgemm sgemm CUDA1 0.998803 98719 40
CPU17 44.794529 98680 sgemm sgemm CUDA2 0.998077 98720 40
CPU13 44.753646 98681 sgemm sgemm CUDA0 12.381214 98721 40
CPU7 45.312859 98682 sgemm sgemm CUDA3 0.996378 98722 40
CPU5 45.191837 98683 sgemm sgemm CUDA1 1.165565 98723 40
CPU14 44.992135 98684 sgemm sgemm CUDA0 1.170641 98724 40
CPU2 45.262185 98685 sgemm sgemm CUDA1 0.996643 98725 40
CPU19 45.114792 98686 sgemm sgemm CUDA3 1.000453 98726 40
CPU1 44.640827 98687 sgemm sgemm CUDA0 1.167364 98727 40
CPU6 45.183844 98688 sgemm sgemm CUDA0 0.992470 98728 40
CPU2 45.075510 98689 sgemm sgemm CUDA2 0.999611 98729 40
CPU9 45.070622 98690 sgemm sgemm CUDA3 0.070596 98730 40
CPU10 45.220083 98691 sgemm sgemm CUDA1 1.159013 98731 40
CPU6 45.394345 98692 sgemm sgemm CUDA3 1.163001 98732 40
CPU11 44.949527 98693 sgemm sgemm CUDA1 1.168732 98733 40
CPU5 44.764928 98694 sgemm sgemm CUDA3 1.161572 98734 40
CPU15 24.927127 98697 ssyrk ssyrk CPU10 97.822614 98737 40
CPU16 44.634163 98698 sgemm sgemm CUDA0 1.211136 98738 40
CPU0 45.629420 98699 sgemm sgemm CUDA1 0.059000 98739 40
CPU5 44.863962 98700 sgemm sgemm CUDA2 1.171017 98740 40
CPU14 45.192906 98701 sgemm sgemm CUDA3 0.076863 98741 40
CPU3 45.394782 98702 sgemm sgemm CUDA0 0.060576 98742 40
CPU10 44.942699 98703 sgemm sgemm CUDA3 1.167872 98743 40
CPU2 44.826818 98704 sgemm sgemm CUDA0 1.167827 98744 40
CPU11 44.744280 98705 sgemm sgemm CUDA1 0.993584 98745 40
CPU3 45.279084 98706 sgemm sgemm CUDA3 0.996288 98746 40
CPU17 44.885984 98707 sgemm sgemm CUDA0 1.163718 98747 40
CPU18 45.089080 98708 sgemm sgemm CUDA0 1.145506 98748 40
CPU2 44.582464 98709 sgemm sgemm CUDA0 1.166531 98749 40
CPU1 45.262905 98710 sgemm sgemm CUDA0 1.231037 98750 40
CPU17 44.979116 98711 sgemm sgemm CUDA1 1.002164 98751 40
CPU1 44.903828 98712 sgemm sgemm CUDA1 0.993293 98752 40
CPU12 45.122438 98713 sgemm sgemm CUDA1 0.997056 98753 40
CPU14 45.159216 98714 sgemm sgemm CUDA3 1.158522 98754 40
CPU16 44.922132 98715 sgemm sgemm CUDA2 1.166162 98755 40
CPU1 44.820520 98716 sgemm sgemm CUDA0 0.998460 98756 40
CPU1 25.000642 98719 ssyrk ssyrk CPU -1 98759 40
CPU16 44.783044 98720 sgemm sgemm CUDA3 1.167882 98760 40
CPU13 44.987109 98721 sgemm sgemm CUDA0 0.109700 98761 40
CPU1 44.971845 98722 sgemm sgemm CUDA3 0.997841 98762 40
CPU10 45.160126 98723 sgemm sgemm CUDA3 0.999551 98763 40
CPU8 45.480033 98724 sgemm sgemm CUDA0 0.995339 98764 40
CPU9 45.184046 98725 sgemm sgemm CUDA0 0.061935 98765 40
CPU0 45.703495 98726 sgemm sgemm CUDA0 0.995787 98766 40
CPU14 44.992373 98727 sgemm sgemm CUDA1 0.998861 98767 40
CPU4 45.484047 98728 sgemm sgemm CUDA1 1.165328 98768 40
CPU19 44.958409 98729 sgemm sgemm CUDA3 1.167661 98769 40
CPU0 45.266883 98730 sgemm sgemm CUDA0 0.996577 98770 40
CPU17 45.081247 98731 sgemm sgemm CUDA0 1.222809 98771 40
CPU12 44.898788 98732 sgemm sgemm CUDA3 0.121296 98772 40
CPU10 44.944712 98733 sgemm sgemm CUDA1 1.165386 98773 40
CPU5 44.838009 98734 sgemm sgemm CUDA3 0.995883 98774 40
CPU6 45.330034 98735 sgemm sgemm CUDA3 1.000205 98775 40
CPU15 44.902973 98736 sgemm sgemm CUDA3 1.231538 98776 40
CPU5 44.859630 98737 sgemm sgemm CUDA1 1.162217 98777 40
CPU13 25.260883 98740 ssyrk ssyrk CPU35 98.232477 98780 40
CPU12 45.301669 98741 sgemm sgemm CUDA2 0.992992 98781 40
CPU9 44.761949 98742 sgemm sgemm CUDA3 1.164357 98782 40
CPU6 45.314120 98743 sgemm sgemm CUDA0 0.999360 98783 40
CPU12 44.958888 98744 sgemm sgemm CUDA3 0.987138 98784 40
CPU5 44.773236 98745 sgemm sgemm CUDA0 1.165308 98785 40
CPU8 45.336605 98746 sgemm sgemm CUDA3 1.165083 98786 40
CPU4 45.337888 98747 sgemm sgemm CUDA2 0.051433 98787 40
CPU7 45.412218 98748 sgemm sgemm CUDA2 1.173917 98788 40
CPU19 44.977347 98749 sgemm sgemm CUDA3 0.998834 98789 40
CPU7 44.843607 98750 sgemm sgemm CUDA0 0.061999 98790 40
CPU15 44.821497 98751 sgemm sgemm CUDA2 1.166539 98791 40
CPU3 45.079800 98752 sgemm sgemm CUDA3 1.164895 98792 40
CPU12 45.109672 98753 sgemm sgemm CUDA1 1.170262 98793 40
CPU9 44.805808 98754 sgemm sgemm CUDA2 1.171999 98794 40
CPU17 45.029617 98755 sgemm sgemm CUDA3 1.169432 98795 40
CPU8 45.040281 98756 sgemm sgemm CUDA1 0.068724 98796 40
CPU8 44.867384 98757 sgemm sgemm CUDA2 0.996828 98797 40
CPU15 25.048995 98760 ssyrk ssyrk CPU23 97.754800 98800 40
CPU15 45.025962 98761 sgemm sgemm CUDA0 1.210387 98801 40
CPU10 44.973929 98762 sgemm sgemm CUDA0 1.157831 98802 40
CPU3 45.065873 98763 sgemm sgemm CUDA0 1.297329 98803 40
CPU7 45.095701 98764 sgemm sgemm CUDA2 12.383240 98804 40
CPU16 44.876619 98765 sgemm sgemm CUDA2 1.115414 98805 40
CPU10 45.311549 98766 sgemm sgemm CUDA0 0.996476 98806 40
CPU5 45.100558 98767 sgemm sgemm CUDA0 1.169932 98807 40
CPU18 45.228744 98768 sgemm sgemm CUDA0 12.545081 98808 40
CPU4 44.632826 98769 sgemm sgemm CUDA2 0.059129 98809 40
CPU0 45.283851 98770 sgemm sgemm CUDA2 1.204292 98810 40
CPU12 45.295688 98771 sgemm sgemm CUDA2 1.002307 98811 40
CPU3 44.971462 98772 sgemm sgemm CUDA0 0.997460 98812 40
CPU15 45.057610 98773 sgemm sgemm CUDA0 1.004068 98813 40
CPU3 45.157612 98774 sgemm sgemm CUDA0 0.993866 98814 40
CPU17 45.271438 98775 sgemm sgemm CUDA0 0.993543 98815 40
CPU1 44.765660 98776 sgemm sgemm CUDA2 0.995453 98816 40
CPU11 24.998522 98779 ssyrk ssyrk CPU34 97.932578 98819 40
CPU9 45.009968 98780 sgemm sgemm CUDA3 1.168064 98820 40
CPU14 45.155296 98781 sgemm sgemm CUDA3 1.181158 98821 40
CPU1 44.636021 98782 sgemm sgemm CUDA3 1.205895 98822 40
CPU12 45.145455 98783 sgemm sgemm CUDA0 1.170852 98823 40
CPU9 44.983567 98784 sgemm sgemm CUDA3 1.172175 98824 40
CPU17 45.117937 98785 sgemm sgemm CUDA3 1.167913 98825 40
CPU19 45.196366 98786 sgemm sgemm CUDA3 1.000322 98826 40
CPU5 44.612200 98787 sgemm sgemm CUDA0 1.000364 98827 40
CPU9 44.796513 98788 sgemm sgemm CUDA3 0.998273 98828 40
CPU11 45.144983 98789 sgemm sgemm CUDA1 1.163630 98829 40
CPU6 44.782611 98790 sgemm sgemm CUDA1 0.988482 98830 40
CPU3 44.671078 98791 sgemm sgemm CUDA3 1.163774 98831 40
CPU12 45.172174 98792 sgemm sgemm CUDA3 1.165856 98832 40
CPU15 45.056289 98793 sgemm sgemm CUDA3 0.997748 98833 40
CPU9 44.785146 98794 sgemm sgemm CUDA0 0.997752 98834 40
CPU0 25.548467 98797 ssyrk ssyrk CPU34 97.686613 98837 40
CPU11 44.583197 98798 sgemm sgemm CUDA3 0.167420 98838 40
CPU6 45.140150 98799 sgemm sgemm CUDA2 1.003614 98839 40
CPU5 45.265621 98800 sgemm sgemm CUDA2 0.996893 98840 40
CPU17 45.048305 98801 sgemm sgemm CUDA1 1.168125 98841 40
CPU11 44.619784 98802 sgemm sgemm CUDA3 12.337311 98842 40
CPU19 44.919759 98803 sgemm sgemm CUDA2 0.070886 98843 40
CPU6 45.233110 98804 sgemm sgemm CUDA2 1.157097 98844 40
CPU16 44.893110 98805 sgemm sgemm CUDA0 1.157951 98845 40
CPU17 44.938048 98806 sgemm sgemm CUDA1 1.167107 98846 40
CPU12 45.225139 98807 sgemm sgemm CUDA3 0.995724 98847 40
CPU0 45.206224 98808 sgemm sgemm CUDA1 1.048815 98848 40
CPU7 45.388972 98809 sgemm sgemm CUDA2 0.946095 98849 40
CPU17 45.143247 98810 sgemm sgemm CUDA2 1.171107 98850 40
CPU0 45.284118 98811 sgemm sgemm CUDA2 1.160807 98851 40
CPU3 25.019886 98814 ssyrk ssyrk CPU30 103.710989 98854 40
CPU6 45.083777 98815 sgemm sgemm CUDA3 1.010924 98855 40
CPU8 45.319274 98816 sgemm sgemm CUDA3 0.997041 98856 40
CPU13 44.910435 98817 sgemm sgemm CUDA2 0.985476 98857 40
CPU10 44.707510 98818 sgemm sgemm CUDA3 1.161431 98858 40
CPU19 45.182995 98819 sgemm sgemm CUDA3 0.995794 98859 40
CPU3 44.715779 98820 sgemm sgemm CUDA3 1.170035 98860 40
CPU17 44.829976 98821 sgemm sgemm CUDA3 1.167442 98861 40
CPU6 45.438101 98822 sgemm sgemm CUDA2 1.168222 98862 40
CPU10 45.323109 98823 sgemm sgemm CUDA2 3.263606 98863 40
CPU14 45.453920 98824 sgemm sgemm CUDA2 1.162944 98864 40
CPU13 44.826793 98825 sgemm sgemm CUDA3 0.994342 98865 40
CPU10 45.161134 98826 sgemm sgemm CUDA2 0.997665 98866 40
CPU7 44.895175 98827 sgemm sgemm CUDA3 11.865129 98867 40
CPU4 25.285999 98830 ssyrk ssyrk CPU26 98.005494 98870 40
CPU17 45.262578 98831 sgemm sgemm CUDA3 1.002401 98871 40
CPU11 44.718004 98832 sgemm sgemm CUDA0 1.170924 98872 40
CPU14 44.806873 98833 sgemm sgemm CUDA3 1.164254 98873 40
CPU19 44.974596 98834 sgemm sgemm CUDA0 1.291956 98874 40
CPU1 44.614540 98835 sgemm sgemm CUDA2 0.056573 98875 40
CPU13 45.090016 98836 sgemm sgemm CUDA3 1.165677 98876 40
CPU10 45.052937 98837 sgemm sgemm CUDA2 1.169951 98877 40
CPU10 45.149333 98838 sgemm sgemm CUDA2 0.995094 98878 40
CPU4 44.794717 98839 sgemm sgemm CUDA0 0.996459 98879 40
CPU12 44.936243 98840 sgemm sgemm CUDA2 1.091678 98880 40
CPU17 44.943893 98841 sgemm sgemm CUDA1 0.999236 98881 40
CPU5 44.956545 98842 sgemm sgemm CUDA0 1.000726 98882 40
CPU16 25.333114 98845 ssyrk ssyrk CPU27 97.895692 98885 40
CPU3 45.374587 98846 sgemm sgemm CUDA2 1.165644 98886 40
CPU3 45.232210 98847 sgemm sgemm CUDA3 1.169001 98887 40
CPU18 45.114832 98848 sgemm sgemm CUDA2 1.271514 98888 40
CPU16 45.235658 98849 sgemm sgemm CUDA0 0.995193 98889 40
CPU17 45.137162 98850 sgemm sgemm CUDA2 0.997349 98890 40
CPU2 44.888350 98851 sgemm sgemm CUDA3 1.167257 98891 40
CPU11 45.017950 98852 sgemm sgemm CUDA0 1.272902 98892 40
CPU1 44.669153 98853 sgemm sgemm CUDA1 1.160419 98893 40
CPU1 44.955113 98854 sgemm sgemm CUDA3 1.167008 98894 40
CPU4 45.212007 98855 sgemm sgemm CUDA0 1.168555 98895 40
CPU5 44.773895 98856 sgemm sgemm CUDA2 1.164118 98896 40
CPU13 25.184033 98859 ssyrk ssyrk CPU13 86.039208 98899 40
CPU17 44.839379 98860 sgemm sgemm CUDA3 0.048341 98900 40
CPU19 44.922600 98861 sgemm sgemm CUDA3 1.165120 98901 40
CPU9 45.330230 98862 sgemm sgemm CUDA2 1.171628 98902 40
CPU5 45.152330 98863 sgemm sgemm CUDA0 1.166331 98903 40
CPU14 45.136163 98864 sgemm sgemm CUDA2 0.994629 98904 40
CPU11 45.067830 98865 sgemm sgemm CUDA1 1.285127 98905 40
CPU12 45.176070 98866 sgemm sgemm CUDA2 12.466760 98906 40
CPU17 44.651307 98867 sgemm sgemm CUDA0 1.164493 98907 40
CPU17 45.081204 98868 sgemm sgemm CUDA0 1.169200 98908 40
CPU4 45.172524 98869 sgemm sgemm CUDA3 1.172146 98909 40
CPU2 24.948659 98872 ssyrk ssyrk CPU -1 98912 40
CPU18 45.085593 98873 sgemm sgemm CUDA0 0.997373 98913 40
CPU16 44.888115 98874 sgemm sgemm CUDA0 1.168719 98914 40
CPU13 45.008989 98875 sgemm sgemm CUDA1 0.997152 98915 40
CPU17 45.063838 98876 sgemm sgemm CUDA1 0.990096 98916 40
CPU2 44.824168 98877 sgemm sgemm CUDA3 0.997235 98917 40
CPU0 44.830246 98878 sgemm sgemm CUDA3 1.169592 98918 40
CPU12 44.764908 98879 sgemm sgemm CUDA2 0.086253 98919 40
CPU0 45.415645 98880 sgemm sgemm CUDA0 1.170437 98920 40
CPU0 45.322166 98881 sgemm sgemm CUDA1 1.296736 98921 40
CPU19 25.297473 98884 ssyrk ssyrk CPU10 109.844863 98924 40
CPU6 44.964764 98885 sgemm sgemm CUDA3 1.165993 98925 40
CPU15 44.524493 98886 sgemm sgemm CUDA3 1.001209 98926 40
CPU6 45.217619 98887 sgemm sgemm CUDA3 1.164901 98927 40
CPU11 45.004023 98888 sgemm sgemm CUDA2 0.998527 98928 40
CPU6 44.727485 98889 sgemm sgemm CUDA0 0.986604 98929 40
CPU17 44.816853 98890 sgemm sgemm CUDA3 0.948441 98930 40
CPU3 44.919325 98891 sgemm sgemm CUDA0 0.997418 98931 40
CPU6 45.073072 98892 sgemm sgemm CUDA0 0.997319 98932 40
CPU8 24.605089 98895 ssyrk ssyrk CPU20 109.667582 98935 40
CPU17 45.057165 98896 sgemm sgemm CUDA2 1.170080 98936 40
CPU17 45.307509 98897 sgemm sgemm CUDA3 1.000483 98937 40
CPU0 45.386932 98898 sgemm sgemm CUDA0 1.215654 98938 40
CPU14 45.467606 98899 sgemm sgemm CUDA2 1.164816 98939 40
CPU5 44.905262 98900 sgemm sgemm CUDA1 0.071980 98940 40
CPU12 45.402496 98901 sgemm sgemm CUDA2 0.990342 98941 40
CPU0 44.985881 98902 sgemm sgemm CUDA2 1.002244 98942 40
CPU6 25.441845 98905 ssyrk ssyrk CPU -1 98945 40
CPU14 45.129991 98906 sgemm sgemm CUDA2 1.169494 98946 40
CPU9 45.038807 98907 sgemm sgemm CUDA0 1.000420 98947 40
CPU5 44.670432 98908 sgemm sgemm CUDA2 1.173900 98948 40
CPU17 44.726935 98909 sgemm sgemm CUDA0 0.787805 98949 40
CPU17 44.959098 98910 sgemm sgemm CUDA3 13.104311 98950 40
CPU9 44.908530 98911 sgemm sgemm CUDA3 1.227246 98951 40
CPU5 24.827993 98914 ssyrk ssyrk CPU18 91.831472 98954 40
CPU17 44.991614 98915 sgemm sgemm CUDA1 0.075052 98955 40
CPU2 44.559125 98916 sgemm sgemm CUDA3 1.168311 98956 40
CPU17 44.906567 98917 sgemm sgemm CUDA2 0.057060 98957 40
CPU15 45.007408 98918 sgemm sgemm CUDA2 1.117777 98958 40
CPU0 45.136617 98919 sgemm sgemm CUDA1 1.240644 98959 40
CPU5 25.058969 98922 ssyrk ssyrk CPU18 92.462966 98962 40
CPU13 45.187221 98923 sgemm sgemm CUDA3 1.165699 98963 40
CPU17 44.899916 98924 sgemm sgemm CUDA3 0.947153 98964 40
CPU15 45.052256 98925 sgemm sgemm CUDA3 1.159995 98965 40
CPU7 45.124002 98926 sgemm sgemm CUDA0 0.056227 98966 40
CPU14 25.421624 98929 ssyrk ssyrk CPU20 97.113472 98969 40
CPU16 44.995997 98930 sgemm sgemm CUDA1 0.084452 98970 40
CPU11 45.053521 98931 sgemm sgemm CUDA2 0.946404 98971 40
CPU8 45.515162 98932 sgemm sgemm CUDA2 0.044202 98972 40
CPU2 25.415056 98935 ssyrk ssyrk CPU -1 98975 40
CPU0 45.471402 98936 sgemm sgemm CUDA0 1.225613 98976 40
CPU2 44.963524 98937 sgemm sgemm CUDA2 0.693945 98977 40
CPU13 25.297225 98940 ssyrk ssyrk CPU17 64.877687 98980 40
CPU11 44.925600 98941 sgemm sgemm CUDA3 1.383321 98981 40
CPU5 25.026767 98944 ssyrk ssyrk CPU11 103.900164 98984 40
CPU19 13.727028 98947 spotrf spotrf CPU -1 98987 40
CPU5 30.482681 98948 strsm strsm CUDA3 7.797638 98988 40
CPU6 30.638278 98949 strsm strsm CUDA1 2.718754 98989 40
CPU18 29.811333 98950 strsm strsm CUDA1 0.048105 98990 40
CPU1 30.137797 98951 strsm strsm CUDA1 2.767279 98991 40
CPU3 30.417781 98952 strsm strsm CUDA3 0.071517 98992 40
CPU1 29.981586 98953 strsm strsm CUDA3 1.560614 98993 40
CPU0 30.867551 98954 strsm strsm CUDA3 2.785401 98994 40
CPU7 30.744590 98955 strsm strsm CUDA1 2.741286 98995 40
CPU18 29.864511 98956 strsm strsm CUDA3 2.861174 98996 40
CPU10 30.833651 98957 strsm strsm CUDA3 2.705572 98997 40
CPU7 30.867696 98958 strsm strsm CUDA1 0.082290 98998 40
CPU7 30.637131 98959 strsm strsm CUDA3 2.978029 98999 40
CPU11 29.964362 98960 strsm strsm CUDA0 2.796204 99000 40
CPU5 30.088273 98961 strsm strsm CUDA1 2.764013 99001 40
CPU10 30.575678 98962 strsm strsm CUDA0 2.692968 99002 40
CPU4 30.551311 98963 strsm strsm CUDA3 2.805563 99003 40
CPU15 29.969142 98964 strsm strsm CUDA0 2.806674 99004 40
CPU19 30.607484 98965 strsm strsm CPU -1 99005 40
CPU17 30.409802 98966 strsm strsm CPU -1 99006 40
CPU17 30.683879 98967 strsm strsm CPU -1 99007 40
CPU15 29.857236 98968 strsm strsm CPU17 95.047364 99008 40
CPU13 30.897080 98969 strsm strsm CPU -1 99009 40
CPU14 30.469143 98970 strsm strsm CPU31 94.683353 99010 40
CPU15 30.103043 98971 strsm strsm CPU14 99.402519 99011 40
CPU17 30.471306 98972 strsm strsm CPU -1 99012 40
CPU18 30.177006 98973 strsm strsm CPU10 99.561622 99013 40
CPU16 29.933146 98974 strsm strsm CPU32 88.119720 99014 40
CPU10 30.707281 98975 strsm strsm CPU -1 99015 40
CPU12 30.506209 98976 strsm strsm CPU31 109.468987 99016 40
CPU11 30.294758 98977 strsm strsm CPU -1 99017 40
CPU5 30.462934 98978 strsm strsm CPU25 98.685231 99018 40
CPU16 30.311326 98979 strsm strsm CPU11 100.189496 99019 40
CPU4 30.767595 98980 strsm strsm CPU20 98.655620 99020 40
CPU6 30.612036 98981 strsm strsm CPU19 99.170286 99021 40
CPU10 30.471078 98982 strsm strsm CPU21 98.498700 99022 40
CPU1 29.952623 98983 strsm strsm CPU -1 99023 40
CPU19 30.492172 98984 strsm strsm CPU25 98.626954 99024 40
CPU8 30.088937 98985 strsm strsm CPU13 111.881496 99025 40
CPU16 29.944266 98986 strsm strsm CPU32 107.777443 99026 40
CPU3 30.085107 98987 strsm strsm CPU -1 99027 40
CPU12 30.501981 98988 strsm strsm CPU10 122.960736 99028 40
CPU15 30.068014 98989 strsm strsm CPU26 92.359935 99029 40
CPU2 30.401512 98990 strsm strsm CPU11 98.984516 99030 40
CPU18 30.068808 98991 strsm strsm CPU19 77.912961 99031 40
CPU5 30.154275 98992 strsm strsm CPU -1 99032 40
CPU5 25.289969 98995 ssyrk ssyrk CUDA0 0.846694 99035 40
CPU6 45.139909 98996 sgemm sgemm CUDA1 0.842764 99036 40
CPU19 44.958027 98997 sgemm sgemm CUDA1 0.997884 99037 40
CPU5 45.026763 98998 sgemm sgemm CUDA1 1.001897 99038 40
CPU3 45.161241 98999 sgemm sgemm CUDA3 1.157741 99039 40
CPU1 44.831981 99000 sgemm sgemm CUDA3 1.171447 99040 40
CPU0 45.568492 99001 sgemm sgemm CUDA3 0.993635 99041 40
CPU9 45.075705 99002 sgemm sgemm CUDA0 1.289771 99042 40
CPU2 45.380959 99003 sgemm sgemm CUDA0 1.048156 99043 40
CPU10 45.233978 99004 sgemm sgemm CUDA3 1.441512 99044 40
CPU5 45.247001 99005 sgemm sgemm CUDA1 0.052395 99045 40
CPU11 44.761163 99006 sgemm sgemm CUDA3 1.156083 99046 40
CPU11 44.619389 99007 sgemm sgemm CUDA0 1.005395 99047 40
CPU5 44.894165 99008 sgemm sgemm CUDA1 1.167314 99048 40
CPU10 44.813854 99009 sgemm sgemm CUDA0 1.160872 99049 40
CPU4 45.084646 99010 sgemm sgemm CUDA3 0.049289 99050 40
CPU15 44.458036 99011 sgemm sgemm CUDA0 1.003702 99051 40
CPU10 45.238926 99012 sgemm sgemm CUDA1 1.301672 99052 40
CPU14 44.828935 99013 sgemm sgemm CUDA1 1.205073 99053 40
CPU17 45.040882 99014 sgemm sgemm CUDA3 1.044553 99054 40
CPU9 45.272666 99015 sgemm sgemm CUDA3 1.049174 99055 40
CPU13 45.056352 99016 sgemm sgemm CUDA1 1.005487 99056 40
CPU14 44.278275 99017 sgemm sgemm CUDA1 12.504616 99057 40
CPU16 44.844693 99018 sgemm sgemm CUDA0 1.219902 99058 40
CPU19 44.848855 99019 sgemm sgemm CUDA3 1.048934 99059 40
CPU18 44.924399 99020 sgemm sgemm CUDA3 1.005923 99060 40
CPU11 44.760024 99021 sgemm sgemm CUDA1 1.050582 99061 40
CPU10 44.932226 99022 sgemm sgemm CUDA1 1.367102 99062 40
CPU13 44.919175 99023 sgemm sgemm CUDA2 0.581749 99063 40
CPU9 44.820393 99024 sgemm sgemm CUDA3 1.370979 99064 40
CPU15 44.661861 99025 sgemm sgemm CPU27 190.391623 99065 40
CPU13 44.976417 99026 sgemm sgemm CUDA0 0.330636 99066 40
CPU4 45.243813 99027 sgemm sgemm CUDA0 1.170897 99067 40
CPU6 44.870978 99028 sgemm sgemm CUDA0 1.299619 99068 40
CPU10 44.953189 99029 sgemm sgemm CUDA2 1.003650 99069 40
CPU17 45.074882 99030 sgemm sgemm CUDA0 1.182107 99070 40
CPU19 44.865042 99031 sgemm sgemm CUDA0 1.220510 99071 40
CPU8 44.668372 99032 sgemm sgemm CUDA3 1.245163 99072 40
CPU15 44.874818 99033 sgemm sgemm CUDA1 0.993898 99073 40
CPU12 44.996977 99034 sgemm sgemm CUDA2 0.109426 99074 40
CPU12 45.037786 99035 sgemm sgemm CUDA0 1.053753 99075 40
CPU15 44.951558 99036 sgemm sgemm CUDA3 1.272055 99076 40
CPU17 45.191342 99037 sgemm sgemm CUDA0 1.161346 99077 40
CPU18 44.851613 99038 sgemm sgemm CUDA2 1.166258 99078 40
CPU4 44.708669 99039 sgemm sgemm CUDA0 1.006323 99079 40
CPU6 25.384937 99042 ssyrk ssyrk CUDA1 0.978688 99082 40
CPU5 44.695512 99043 sgemm sgemm CUDA1 1.048756 99083 40
CPU19 45.154997 99044 sgemm sgemm CUDA1 6.996475 99084 40
CPU4 45.186071 99045 sgemm sgemm CUDA2 1.267597 99085 40
CPU2 44.997550 99046 sgemm sgemm CUDA2 1.006673 99086 40
CPU0 45.412984 99047 sgemm sgemm CUDA1 1.047320 99087 40
CPU9 44.785049 99048 sgemm sgemm CUDA1 1.236173 99088 40
CPU18 44.721054 99049 sgemm sgemm CUDA0 0.962853 99089 40
CPU18 44.867418 99050 sgemm sgemm CUDA0 1.159282 99090 40
CPU5 44.856765 99051 sgemm sgemm CUDA1 1.160988 99091 40
CPU0 45.120129 99052 sgemm sgemm CUDA2 0.068019 99092 40
CPU1 45.213058 99053 sgemm sgemm CUDA0 0.994321 99093 40
CPU4 44.590905 99054 sgemm sgemm CUDA1 0.092382 99094 40
CPU10 45.025332 99055 sgemm sgemm CUDA0 0.201895 99095 40
CPU8 44.790635 99056 sgemm sgemm CUDA2 1.031217 99096 40
CPU9 45.667580 99057 sgemm sgemm CUDA0 1.174811 99097 40
CPU6 44.737266 99058 sgemm sgemm CUDA1 1.230479 99098 40
CPU16 44.863249 99059 sgemm sgemm CUDA1 1.215211 99099 40
CPU17 45.425886 99060 sgemm sgemm CUDA3 1.219111 99100 40
CPU7 45.073936 99061 sgemm sgemm CUDA3 1.001596 99101 40
CPU13 45.210561 99062 sgemm sgemm CUDA1 1.169543 99102 40
CPU14 45.134649 99063 sgemm sgemm CUDA0 1.317756 99103 40
CPU15 45.010896 99064 sgemm sgemm CUDA0 1.049132 99104 40
CPU17 45.068848 99065 sgemm sgemm CUDA3 0.098549 99105 40
CPU8 44.836480 99066 sgemm sgemm CUDA3 11.782947 99106 40
CPU17 45.125494 99067 sgemm sgemm CUDA3 1.269877 99107 40
CPU5 44.992980 99068 sgemm sgemm CUDA2 1.222163 99108 40
CPU10 45.119705 99069 sgemm sgemm CUDA2 1.004544 99109 40
CPU7 44.908489 99070 sgemm sgemm CUDA3 1.007085 99110 40
CPU3 44.771234 99071 sgemm sgemm CPU22 177.219626 99111 40
CPU16 45.251685 99072 sgemm sgemm CUDA0 12.997655 99112 40
CPU4 45.019892 99073 sgemm sgemm CUDA0 1.219197 99113 40
CPU9 44.770071 99074 sgemm sgemm CUDA0 1.050592 99114 40
CPU1 44.940419 99075 sgemm sgemm CUDA2 1.176088 99115 40
CPU1 44.769917 99076 sgemm sgemm CUDA0 1.049702 99116 40
CPU19 45.099625 99077 sgemm sgemm CUDA0 1.019281 99117 40
CPU8 44.712025 99078 sgemm sgemm CUDA3 1.002664 99118 40
CPU16 44.826426 99079 sgemm sgemm CUDA1 6.942895 99119 40
CPU17 45.963490 99080 sgemm sgemm CUDA2 1.002015 99120 40
CPU11 44.955885 99081 sgemm sgemm CUDA0 0.054020 99121 40
CPU15 45.112454 99082 sgemm sgemm CPU12 177.508466 99122 40
CPU13 45.110444 99083 sgemm sgemm CUDA0 1.008217 99123 40
CPU18 45.135843 99084 sgemm sgemm CUDA2 0.999686 99124 40
CPU2 44.874257 99085 sgemm sgemm CUDA0 1.000983 99125 40
CPU18 24.917838 99088 ssyrk ssyrk CUDA1 0.632199 99128 40
CPU1 45.130761 99089 sgemm sgemm CUDA1 9.975061 99129 40
CPU4 45.336630 99090 sgemm sgemm CUDA2 1.047544 99130 40
CPU2 44.830370 99091 sgemm sgemm CUDA2 1.049500 99131 40
CPU8 45.077286 99092 sgemm sgemm CUDA1 0.987347 99132 40
CPU8 44.948770 99093 sgemm sgemm CUDA0 0.988783 99133 40
CPU9 45.216157 99094 sgemm sgemm CUDA0 0.990520 99134 40
CPU19 45.160751 99095 sgemm sgemm CUDA0 1.268800 99135 40
CPU6 45.170918 99096 sgemm sgemm CUDA1 1.296766 99136 40
CPU5 44.895232 99097 sgemm sgemm CUDA2 1.003111 99137 40
CPU2 45.234944 99098 sgemm sgemm CUDA0 1.171602 99138 40
CPU8 44.873818 99099 sgemm sgemm CUDA2 1.167759 99139 40
CPU8 45.061731 99100 sgemm sgemm CUDA0 0.099354 99140 40
CPU5 44.915131 99101 sgemm sgemm CUDA2 1.219312 99141 40
CPU16 44.920275 99102 sgemm sgemm CUDA0 6.820828 99142 40
CPU18 44.879449 99103 sgemm sgemm CUDA1 1.001610 99143 40
CPU13 45.110585 99104 sgemm sgemm CUDA1 1.174516 99144 40
CPU15 44.964171 99105 sgemm sgemm CUDA3 1.289913 99145 40
CPU15 44.855425 99106 sgemm sgemm CUDA0 1.174749 99146 40
CPU13 45.104232 99107 sgemm sgemm CUDA1 1.001910 99147 40
CPU14 45.072710 99108 sgemm sgemm CUDA0 1.219570 99148 40
CPU15 44.894147 99109 sgemm sgemm CUDA0 1.174964 99149 40
CPU17 45.045156 99110 sgemm sgemm CUDA2 0.076956 99150 40
CPU13 45.039496 99111 sgemm sgemm CUDA1 1.010160 99151 40
CPU10 44.934388 99112 sgemm sgemm CUDA1 0.064790 99152 40
CPU4 44.939185 99113 sgemm sgemm CUDA0 1.219378 99153 40
CPU12 44.994308 99114 sgemm sgemm CUDA2 1.224422 99154 40
CPU11 44.946932 99115 sgemm sgemm CUDA3 1.269114 99155 40
CPU14 45.129876 99116 sgemm sgemm CUDA1 1.009798 99156 40
CPU16 45.032754 99117 sgemm sgemm CUDA0 0.094699 99157 40
CPU8 45.124737 99118 sgemm sgemm CUDA0 1.006615 99158 40
CPU6 44.912051 99119 sgemm sgemm CUDA0 1.166086 99159 40
CPU5 45.077479 99120 sgemm sgemm CUDA2 0.959419 99160 40
CPU16 45.032188 99121 sgemm sgemm CUDA0 0.166359 99161 40
CPU19 44.850512 99122 sgemm sgemm CUDA2 1.002885 99162 40
CPU8 44.737732 99123 sgemm sgemm CUDA3 8.170611 99163 40
CPU15 44.833114 99124 sgemm sgemm CUDA2 0.997203 99164 40
CPU8 45.503739 99125 sgemm sgemm CUDA2 12.428977 99165 40
CPU9 44.989240 99126 sgemm sgemm CUDA0 1.258417 99166 40
CPU13 45.057574 99127 sgemm sgemm CUDA3 1.168936 99167 40
CPU12 44.905531 99128 sgemm sgemm CUDA1 1.001925 99168 40
CPU18 45.153125 99129 sgemm sgemm CUDA2 1.224294 99169 40
CPU7 45.071595 99130 sgemm sgemm CUDA0 1.170350 99170 40
CPU1 25.030682 99133 ssyrk ssyrk CUDA1 0.051739 99173 40
CPU3 45.037024 99134 sgemm sgemm CUDA2 1.159633 99174 40
CPU1 44.830692 99135 sgemm sgemm CUDA2 1.050920 99175 40
CPU5 45.069555 99136 sgemm sgemm CUDA1 1.152499 99176 40
CPU5 44.739304 99137 sgemm sgemm CUDA1 1.140841 99177 40
CPU9 45.345167 99138 sgemm sgemm CUDA2 0.966087 99178 40
CPU18 44.946727 99139 sgemm sgemm CUDA3 1.132891 99179 40
CPU6 45.270677 99140 sgemm sgemm CUDA1 0.992502 99180 40
CPU1 45.024803 99141 sgemm sgemm CUDA2 1.168901 99181 40
CPU7 45.381624 99142 sgemm sgemm CUDA2 1.165767 99182 40
CPU9 44.860968 99143 sgemm sgemm CUDA2 0.997642 99183 40
CPU7 45.261519 99144 sgemm sgemm CUDA3 1.213098 99184 40
CPU4 44.942524 99145 sgemm sgemm CUDA2 0.997087 99185 40
CPU3 45.142764 99146 sgemm sgemm CUDA3 1.005386 99186 40
CPU1 45.164438 99147 sgemm sgemm CUDA2 1.169483 99187 40
CPU18 44.920690 99148 sgemm sgemm CUDA1 1.265335 99188 40
CPU3 45.003124 99149 sgemm sgemm CUDA1 1.171024 99189 40
CPU15 44.908985 99150 sgemm sgemm CUDA3 0.999667 99190 40
CPU13 45.185402 99151 sgemm sgemm CUDA1 1.166514 99191 40
CPU14 45.051103 99152 sgemm sgemm CUDA1 1.299973 99192 40
CPU16 44.953505 99153 sgemm sgemm CUDA3 0.994097 99193 40
CPU17 45.112528 99154 sgemm sgemm CUDA3 11.895609 99194 40
CPU10 44.896475 99155 sgemm sgemm CUDA3 1.001641 99195 40
CPU1 45.033209 99156 sgemm sgemm CUDA3 1.231998 99196 40
CPU0 45.245487 99157 sgemm sgemm CUDA2 1.173526 99197 40
CPU8 44.983009 99158 sgemm sgemm CUDA2 0.062402 99198 40
CPU3 44.726790 99159 sgemm sgemm CUDA1 1.003090 99199 40
CPU10 44.948435 99160 sgemm sgemm CUDA1 1.313160 99200 40
CPU14 45.038631 99161 sgemm sgemm CUDA2 0.216361 99201 40
CPU4 45.205971 99162 sgemm sgemm CUDA2 1.005933 99202 40
CPU5 44.760640 99163 sgemm sgemm CUDA3 1.007827 99203 40
CPU13 45.008282 99164 sgemm sgemm CUDA2 1.006917 99204 40
CPU0 45.194008 99165 sgemm sgemm CUDA2 0.998687 99205 40
CPU18 44.728831 99166 sgemm sgemm CUDA2 1.168431 99206 40
CPU8 44.824927 99167 sgemm sgemm CUDA3 0.998624 99207 40
CPU16 44.986761 99168 sgemm sgemm CUDA2 1.002250 99208 40
CPU12 45.038645 99169 sgemm sgemm CUDA2 1.168588 99209 40
CPU7 45.181455 99170 sgemm sgemm CUDA3 1.002238 99210 40
CPU14 45.108967 99171 sgemm sgemm CUDA3 1.162413 99211 40
CPU6 45.144820 99172 sgemm sgemm CUDA1 0.057961 99212 40
CPU18 45.197009 99173 sgemm sgemm CUDA2 23.510768 99213 40
CPU1 44.915160 99174 sgemm sgemm CUDA2 0.993823 99214 40
CPU3 25.171659 99177 ssyrk ssyrk CUDA3 0.575543 99217 40
CPU3 44.858384 99178 sgemm sgemm CUDA3 1.156681 99218 40
CPU3 44.843616 99179 sgemm sgemm CUDA3 1.159905 99219 40
CPU9 44.995321 99180 sgemm sgemm CUDA1 1.164988 99220 40
CPU18 44.607764 99181 sgemm sgemm CUDA2 0.994737 99221 40
CPU10 45.034990 99182 sgemm sgemm CUDA3 0.993880 99222 40
CPU7 45.183590 99183 sgemm sgemm CUDA1 1.159894 99223 40
CPU6 45.241355 99184 sgemm sgemm CUDA2 1.169424 99224 40
CPU10 44.821449 99185 sgemm sgemm CUDA2 1.169473 99225 40
CPU10 44.952781 99186 sgemm sgemm CUDA2 1.005057 99226 40
CPU2 44.921090 99187 sgemm sgemm CUDA3 1.062626 99227 40
CPU11 44.829024 99188 sgemm sgemm CUDA2 1.221310 99228 40
CPU13 44.852435 99189 sgemm sgemm CUDA3 1.225908 99229 40
CPU2 44.935955 99190 sgemm sgemm CUDA2 1.173435 99230 40
CPU0 45.284372 99191 sgemm sgemm CUDA1 1.000546 99231 40
CPU14 44.913351 99192 sgemm sgemm CUDA1 0.999545 99232 40
CPU5 45.078167 99193 sgemm sgemm CUDA3 1.001614 99233 40
CPU13 44.948285 99194 sgemm sgemm CUDA1 1.173893 99234 40
CPU14 44.951282 99195 sgemm sgemm CUDA1 3.285037 99235 40
CPU15 44.794097 99196 sgemm sgemm CUDA3 1.162959 99236 40
CPU14 44.915956 99197 sgemm sgemm CUDA2 0.063668 99237 40
CPU16 44.750900 99198 sgemm sgemm CUDA1 1.002879 99238 40
CPU2 44.831080 99199 sgemm sgemm CUDA3 1.184535 99239 40
CPU0 45.373961 99200 sgemm sgemm CUDA2 1.188813 99240 40
CPU12 44.900570 99201 sgemm sgemm CUDA2 1.175961 99241 40
CPU18 45.040849 99202 sgemm sgemm CUDA1 0.173664 99242 40
CPU16 44.852612 99203 sgemm sgemm CUDA2 1.174344 99243 40
CPU13 44.919157 99204 sgemm sgemm CUDA3 1.008607 99244 40
CPU9 45.095753 99205 sgemm sgemm CUDA0 1.173868 99245 40
CPU15 45.013398 99206 sgemm sgemm CUDA0 1.001214 99246 40
CPU10 45.289952 99207 sgemm sgemm CUDA2 1.173033 99247 40
CPU14 44.934353 99208 sgemm sgemm CUDA0 1.002691 99248 40
CPU18 44.740209 99209 sgemm sgemm CUDA2 0.996395 99249 40
CPU3 45.096699 99210 sgemm sgemm CUDA1 1.170591 99250 40
CPU16 44.801853 99211 sgemm sgemm CUDA2 1.168653 99251 40
CPU12 44.924361 99212 sgemm sgemm CUDA2 0.084100 99252 40
CPU5 45.375216 99213 sgemm sgemm CUDA3 1.191318 99253 40
CPU13 45.006212 99214 sgemm sgemm CUDA3 0.997219 99254 40
CPU17 45.438644 99215 sgemm sgemm CUDA0 1.156959 99255 40
CPU7 45.145405 99216 sgemm sgemm CUDA3 1.165751 99256 40
CPU0 45.303309 99217 sgemm sgemm CUDA2 0.997439 99257 40
CPU1 25.086196 99220 ssyrk ssyrk CUDA2 0.899159 99260 40
CPU6 44.939004 99221 sgemm sgemm CUDA3 0.994628 99261 40
CPU7 45.223108 99222 sgemm sgemm CUDA1 1.135241 99262 40
CPU3 44.986456 99223 sgemm sgemm CUDA3 1.132219 99263 40
CPU19 45.117447 99224 sgemm sgemm CUDA3 1.174245 99264 40
CPU7 45.057688 99225 sgemm sgemm CUDA1 0.141002 99265 40
CPU10 45.053974 99226 sgemm sgemm CUDA2 1.002026 99266 40
CPU4 45.352678 99227 sgemm sgemm CUDA2 1.175654 99267 40
CPU11 45.107034 99228 sgemm sgemm CUDA2 1.174089 99268 40
CPU1 44.897754 99229 sgemm sgemm CUDA3 1.014603 99269 40
CPU12 45.132733 99230 sgemm sgemm CUDA2 1.215356 99270 40
CPU8 44.808612 99231 sgemm sgemm CUDA3 1.002228 99271 40
CPU1 44.767095 99232 sgemm sgemm CUDA2 1.169892 99272 40
CPU19 45.067838 99233 sgemm sgemm CUDA1 1.275110 99273 40
CPU17 44.571495 99234 sgemm sgemm CUDA1 1.392849 99274 40
CPU3 45.092282 99235 sgemm sgemm CUDA3 1.173759 99275 40
CPU13 45.175755 99236 sgemm sgemm CUDA1 1.173479 99276 40
CPU14 45.076069 99237 sgemm sgemm CUDA3 12.935181 99277 40
CPU15 44.802758 99238 sgemm sgemm CUDA3 1.008661 99278 40
CPU17 44.985376 99239 sgemm sgemm CUDA2 1.266268 99279 40
CPU14 45.112394 99240 sgemm sgemm CUDA3 1.016818 99280 40
CPU13 44.904184 99241 sgemm sgemm CUDA3 1.017581 99281 40
CPU13 44.996600 99242 sgemm sgemm CUDA2 1.015045 99282 40
CPU15 44.897324 99243 sgemm sgemm CUDA2 1.174868 99283 40
CPU18 45.089665 99244 sgemm sgemm CUDA1 1.008928 99284 40
CPU12 44.972084 99245 sgemm sgemm CUDA2 1.177946 99285 40
CPU1 44.934196 99246 sgemm sgemm CUDA3 1.175917 99286 40
CPU5 44.867424 99247 sgemm sgemm CUDA2 1.006748 99287 40
CPU8 44.839517 99248 sgemm sgemm CUDA3 1.171671 99288 40
CPU12 45.139028 99249 sgemm sgemm CUDA2 1.001455 99289 40
CPU12 45.065994 99250 sgemm sgemm CUDA2 1.004138 99290 40
CPU18 44.732844 99251 sgemm sgemm CUDA2 1.000215 99291 40
CPU8 44.723324 99252 sgemm sgemm CUDA3 1.001087 99292 40
CPU16 44.896445 99253 sgemm sgemm CUDA1 1.222508 99293 40
CPU17 45.271442 99254 sgemm sgemm CUDA2 0.082339 99294 40
CPU2 44.823992 99255 sgemm sgemm CUDA3 1.000229 99295 40
CPU14 45.313876 99256 sgemm sgemm CUDA3 1.165936 99296 40
CPU1 44.868842 99257 sgemm sgemm CUDA1 0.996263 99297 40
CPU19 44.971953 99258 sgemm sgemm CUDA3 0.999199 99298 40
CPU8 44.876710 99259 sgemm sgemm CUDA2 1.162871 99299 40
CPU0 25.406562 99262 ssyrk ssyrk CUDA3 0.569733 99302 40
CPU1 44.880577 99263 sgemm sgemm CUDA1 1.163656 99303 40
CPU18 44.539839 99264 sgemm sgemm CUDA0 0.998367 99304 40
CPU19 45.068400 99265 sgemm sgemm CUDA0 24.294501 99305 40
CPU8 44.997852 99266 sgemm sgemm CUDA1 1.222470 99306 40
CPU2 45.173949 99267 sgemm sgemm CUDA3 0.069471 99307 40
CPU6 45.170433 99268 sgemm sgemm CUDA0 1.175691 99308 40
CPU0 45.177641 99269 sgemm sgemm CUDA1 0.814645 99309 40
CPU0 44.923050 99270 sgemm sgemm CUDA3 1.171843 99310 40
CPU6 45.151587 99271 sgemm sgemm CUDA3 2.056400 99311 40
CPU1 44.988578 99272 sgemm sgemm CUDA3 1.007198 99312 40
CPU8 44.994153 99273 sgemm sgemm CUDA2 0.995938 99313 40
CPU19 44.849560 99274 sgemm sgemm CUDA2 1.002786 99314 40
CPU14 45.035970 99275 sgemm sgemm CUDA3 1.170399 99315 40
CPU18 44.770868 99276 sgemm sgemm CUDA3 1.168085 99316 40
CPU12 45.014324 99277 sgemm sgemm CUDA2 1.003764 99317 40
CPU14 45.100630 99278 sgemm sgemm CUDA1 1.175579 99318 40
CPU15 44.825816 99279 sgemm sgemm CUDA3 1.008586 99319 40
CPU16 44.736818 99280 sgemm sgemm CUDA2 1.005825 99320 40
CPU12 44.851489 99281 sgemm sgemm CPU21 177.163859 99321 40
CPU16 44.626536 99282 sgemm sgemm CUDA1 1.173254 99322 40
CPU14 44.932153 99283 sgemm sgemm CUDA0 12.560352 99323 40
CPU16 44.910251 99284 sgemm sgemm CUDA2 0.997937 99324 40
CPU11 44.875024 99285 sgemm sgemm CUDA1 1.007071 99325 40
CPU15 44.916487 99286 sgemm sgemm CUDA2 1.159529 99326 40
CPU17 45.065170 99287 sgemm sgemm CUDA3 1.008675 99327 40
CPU3 44.946101 99288 sgemm sgemm CUDA0 1.167850 99328 40
CPU10 45.068065 99289 sgemm sgemm CUDA0 1.242610 99329 40
CPU15 44.594331 99290 sgemm sgemm CUDA2 1.169694 99330 40
CPU16 44.894230 99291 sgemm sgemm CUDA0 12.490767 99331 40
CPU18 44.932340 99292 sgemm sgemm CUDA0 0.999178 99332 40
CPU6 44.455932 99293 sgemm sgemm CUDA3 0.994237 99333 40
CPU11 45.059719 99294 sgemm sgemm CUDA2 0.996912 99334 40
CPU1 45.127538 99295 sgemm sgemm CUDA2 0.993038 99335 40
CPU6 45.208726 99296 sgemm sgemm CUDA3 0.995687 99336 40
CPU13 45.266553 99297 sgemm sgemm CUDA3 0.107565 99337 40
CPU13 45.124075 99298 sgemm sgemm CUDA0 0.994365 99338 40
CPU2 45.101693 99299 sgemm sgemm CUDA3 0.999157 99339 40
CPU0 45.089244 99300 sgemm sgemm CUDA2 0.997408 99340 40
CPU7 25.483948 99303 ssyrk ssyrk CUDA1 0.575935 99343 40
CPU18 44.783339 99304 sgemm sgemm CUDA0 0.074111 99344 40
CPU18 44.856750 99305 sgemm sgemm CUDA0 1.225427 99345 40
CPU5 44.818646 99306 sgemm sgemm CUDA1 1.226870 99346 40
CPU7 45.038069 99307 sgemm sgemm CUDA3 1.220200 99347 40
CPU11 44.835550 99308 sgemm sgemm CUDA0 1.052243 99348 40
CPU1 44.980410 99309 sgemm sgemm CUDA1 1.264202 99349 40
CPU9 44.327607 99310 sgemm sgemm CUDA3 1.222682 99350 40
CPU13 45.061480 99311 sgemm sgemm CUDA1 0.993760 99351 40
CPU12 44.947690 99312 sgemm sgemm CUDA3 1.167194 99352 40
CPU2 44.938201 99313 sgemm sgemm CUDA1 0.111554 99353 40
CPU15 44.916652 99314 sgemm sgemm CUDA1 1.174529 99354 40
CPU15 44.948200 99315 sgemm sgemm CUDA1 1.009810 99355 40
CPU14 44.961142 99316 sgemm sgemm CUDA3 1.169370 99356 40
CPU13 45.193791 99317 sgemm sgemm CUDA1 1.179360 99357 40
CPU14 45.057857 99318 sgemm sgemm CUDA1 1.185112 99358 40
CPU16 45.012480 99319 sgemm sgemm CUDA3 1.177095 99359 40
CPU9 45.818949 99320 sgemm sgemm CUDA3 1.284790 99360 40
CPU11 45.059425 99321 sgemm sgemm CUDA3 1.169035 99361 40
CPU11 44.748215 99322 sgemm sgemm CUDA3 1.174963 99362 40
CPU10 45.066403 99323 sgemm sgemm CUDA0 1.016275 99363 40
CPU4 45.189186 99324 sgemm sgemm CUDA0 1.251615 99364 40
CPU6 45.204145 99325 sgemm sgemm CUDA1 0.061463 99365 40
CPU16 44.881959 99326 sgemm sgemm CUDA1 1.172871 99366 40
CPU10 44.978750 99327 sgemm sgemm CUDA3 1.168269 99367 40
CPU2 44.837599 99328 sgemm sgemm CUDA0 1.001296 99368 40
CPU13 44.989596 99329 sgemm sgemm CUDA0 1.001334 99369 40
CPU18 44.998834 99330 sgemm sgemm CUDA0 1.165179 99370 40
CPU13 45.675495 99331 sgemm sgemm CUDA0 1.002639 99371 40
CPU18 44.899762 99332 sgemm sgemm CUDA0 13.537994 99372 40
CPU5 44.177508 99333 sgemm sgemm CUDA1 1.051791 99373 40
CPU9 44.797724 99334 sgemm sgemm CUDA0 0.999363 99374 40
CPU19 45.137932 99335 sgemm sgemm CUDA3 1.001291 99375 40
CPU10 44.934790 99336 sgemm sgemm CUDA0 0.061003 99376 40
CPU9 45.092904 99337 sgemm sgemm CUDA3 1.301609 99377 40
CPU12 45.162483 99338 sgemm sgemm CUDA1 0.996341 99378 40
CPU10 45.189831 99339 sgemm sgemm CUDA3 1.167863 99379 40
CPU0 44.995506 99340 sgemm sgemm CUDA0 0.997376 99380 40
CPU18 24.984575 99343 ssyrk ssyrk CUDA0 0.887441 99383 40
CPU12 45.019726 99344 sgemm sgemm CUDA0 2.004929 99384 40
CPU12 45.056949 99345 sgemm sgemm CUDA0 1.172715 99385 40
CPU12 45.070314 99346 sgemm sgemm CUDA2 1.258618 99386 40
CPU11 44.945568 99347 sgemm sgemm CUDA2 1.171892 99387 40
CPU1 44.604562 99348 sgemm sgemm CUDA2 3.515037 99388 40
CPU12 45.008005 99349 sgemm sgemm CUDA0 1.050134 99389 40
CPU12 44.894597 99350 sgemm sgemm CUDA3 1.220034 99390 40
CPU14 44.938054 99351 sgemm sgemm CUDA0 1.286573 99391 40
CPU5 44.954786 99352 sgemm sgemm CUDA2 11.799566 99392 40
CPU14 44.765184 99353 sgemm sgemm CUDA2 6.501470 99393 40
CPU19 44.738250 99354 sgemm sgemm CUDA3 1.000906 99394 40
CPU14 44.750804 99355 sgemm sgemm CUDA0 1.171108 99395 40
CPU18 44.860602 99356 sgemm sgemm CUDA2 1.007431 99396 40
CPU1 45.041438 99357 sgemm sgemm CUDA0 1.003708 99397 40
CPU15 44.808675 99358 sgemm sgemm CUDA3 1.020312 99398 40
CPU3 45.128882 99359 sgemm sgemm CUDA3 1.219258 99399 40
CPU12 44.808303 99360 sgemm sgemm CUDA2 1.248683 99400 40
CPU7 45.615020 99361 sgemm sgemm CUDA3 1.220272 99401 40
CPU16 45.041624 99362 sgemm sgemm CUDA2 1.171988 99402 40
CPU15 44.797078 99363 sgemm sgemm CUDA0 1.238629 99403 40
CPU0 45.222221 99364 sgemm sgemm CUDA3 1.002823 99404 40
CPU0 45.822927 99365 sgemm sgemm CUDA2 1.171598 99405 40
CPU13 44.991372 99366 sgemm sgemm CUDA2 1.000614 99406 40
CPU0 45.386437 99367 sgemm sgemm CUDA0 1.172823 99407 40
CPU13 45.034696 99368 sgemm sgemm CUDA3 0.981953 99408 40
CPU10 44.878637 99369 sgemm sgemm CUDA2 1.167212 99409 40
CPU6 46.007572 99370 sgemm sgemm CUDA0 0.089724 99410 40
CPU19 44.940005 99371 sgemm sgemm CUDA2 1.003559 99411 40
CPU4 45.071755 99372 sgemm sgemm CUDA3 0.997934 99412 40
CPU10 45.035609 99373 sgemm sgemm CUDA0 1.167344 99413 40
CPU0 45.390234 99374 sgemm sgemm CUDA3 1.170179 99414 40
CPU1 45.028756 99375 sgemm sgemm CUDA3 0.998038 99415 40
CPU7 45.193899 99376 sgemm sgemm CUDA3 0.986010 99416 40
CPU12 45.511745 99377 sgemm sgemm CUDA0 1.166574 99417 40
CPU4 45.271483 99378 sgemm sgemm CUDA3 1.244992 99418 40
CPU8 45.527487 99379 sgemm sgemm CUDA2 0.995328 99419 40
CPU10 25.455522 99382 ssyrk ssyrk CUDA3 0.863318 99422 40
CPU6 45.040053 99383 sgemm sgemm CUDA0 1.164044 99423 40
CPU3 44.792159 99384 sgemm sgemm CUDA2 0.999730 99424 40
CPU4 44.956764 99385 sgemm sgemm CUDA0 1.220585 99425 40
CPU0 45.245670 99386 sgemm sgemm CUDA3 1.002738 99426 40
CPU3 44.245127 99387 sgemm sgemm CUDA0 0.059243 99427 40
CPU7 45.078563 99388 sgemm sgemm CUDA3 1.017578 99428 40
CPU2 45.040087 99389 sgemm sgemm CUDA3 1.001976 99429 40
CPU18 45.173403 99390 sgemm sgemm CUDA3 1.168773 99430 40
CPU15 45.082050 99391 sgemm sgemm CUDA2 1.007752 99431 40
CPU13 45.065672 99392 sgemm sgemm CUDA3 1.052577 99432 40
CPU15 44.819929 99393 sgemm sgemm CUDA0 1.173596 99433 40
CPU12 45.152975 99394 sgemm sgemm CUDA2 0.998932 99434 40
CPU3 44.845206 99395 sgemm sgemm CUDA0 1.174919 99435 40
CPU15 44.926542 99396 sgemm sgemm CUDA0 1.233254 99436 40
CPU12 45.127078 99397 sgemm sgemm CUDA2 1.008415 99437 40
CPU11 45.117934 99398 sgemm sgemm CUDA3 0.147612 99438 40
CPU9 45.151408 99399 sgemm sgemm CUDA3 0.094834 99439 40
CPU7 44.914696 99400 sgemm sgemm CUDA0 0.999860 99440 40
CPU10 45.152899 99401 sgemm sgemm CUDA0 1.177136 99441 40
CPU8 44.469857 99402 sgemm sgemm CPU -1 99442 40
CPU9 44.949363 99403 sgemm sgemm CUDA2 1.186275 99443 40
CPU17 45.026521 99404 sgemm sgemm CUDA0 1.170794 99444 40
CPU8 44.714496 99405 sgemm sgemm CUDA2 1.005806 99445 40
CPU13 45.198127 99406 sgemm sgemm CUDA0 0.999729 99446 40
CPU0 45.381320 99407 sgemm sgemm CUDA2 1.281528 99447 40
CPU15 44.951311 99408 sgemm sgemm CUDA0 1.235799 99448 40
CPU19 45.331899 99409 sgemm sgemm CUDA2 0.056287 99449 40
CPU5 44.736866 99410 sgemm sgemm CUDA2 0.999484 99450 40
CPU9 44.708887 99411 sgemm sgemm CUDA0 1.245978 99451 40
CPU2 44.821183 99412 sgemm sgemm CUDA2 0.997664 99452 40
CPU0 45.051394 99413 sgemm sgemm CUDA0 1.169829 99453 40
CPU14 45.186744 99414 sgemm sgemm CUDA3 0.996595 99454 40
CPU1 45.041388 99415 sgemm sgemm CUDA0 0.998939 99455 40
CPU12 45.201554 99416 sgemm sgemm CUDA3 1.169999 99456 40
CPU0 45.034312 99417 sgemm sgemm CUDA0 1.167715 99457 40
CPU7 25.487350 99420 ssyrk ssyrk CUDA1 0.567188 99460 40
CPU2 45.103821 99421 sgemm sgemm CUDA2 1.174003 99461 40
CPU0 45.281699 99422 sgemm sgemm CUDA2 1.170862 99462 40
CPU8 44.873117 99423 sgemm sgemm CUDA1 1.172423 99463 40
CPU6 44.508034 99424 sgemm sgemm CUDA0 1.002505 99464 40
CPU7 45.258129 99425 sgemm sgemm CUDA1 1.009238 99465 40
CPU12 44.961727 99426 sgemm sgemm CUDA0 1.315414 99466 40
CPU3 44.884579 99427 sgemm sgemm CUDA1 0.993668 99467 40
CPU12 45.124350 99428 sgemm sgemm CUDA2 1.173719 99468 40
CPU14 45.035901 99429 sgemm sgemm CUDA0 1.178177 99469 40
CPU16 44.783510 99430 sgemm sgemm CUDA0 1.012139 99470 40
CPU12 45.237015 99431 sgemm sgemm CUDA2 1.141070 99471 40
CPU14 44.893523 99432 sgemm sgemm CUDA2 1.005933 99472 40
CPU15 44.762476 99433 sgemm sgemm CUDA0 0.065477 99473 40
CPU16 45.124211 99434 sgemm sgemm CUDA1 1.013312 99474 40
CPU15 44.975653 99435 sgemm sgemm CUDA2 1.174238 99475 40
CPU8 45.075399 99436 sgemm sgemm CUDA1 1.007143 99476 40
CPU12 44.878650 99437 sgemm sgemm CUDA2 1.168076 99477 40
CPU17 45.123023 99438 sgemm sgemm CUDA0 1.249643 99478 40
CPU4 44.526690 99439 sgemm sgemm CUDA1 1.221397 99479 40
CPU12 45.098704 99440 sgemm sgemm CUDA1 1.000526 99480 40
CPU15 44.956035 99441 sgemm sgemm CUDA0 1.004144 99481 40
CPU9 44.870157 99442 sgemm sgemm CUDA0 0.998122 99482 40
CPU8 44.929796 99443 sgemm sgemm CUDA0 0.998547 99483 40
CPU17 44.910875 99444 sgemm sgemm CUDA2 1.167691 99484 40
CPU12 45.507441 99445 sgemm sgemm CUDA0 1.385523 99485 40
CPU19 45.068046 99446 sgemm sgemm CUDA0 1.185873 99486 40
CPU4 44.914631 99447 sgemm sgemm CUDA2 1.167330 99487 40
CPU9 45.087555 99448 sgemm sgemm CUDA1 1.320247 99488 40
CPU13 45.337270 99449 sgemm sgemm CUDA2 1.291445 99489 40
CPU3 44.845024 99450 sgemm sgemm CUDA0 1.001010 99490 40
CPU4 45.040596 99451 sgemm sgemm CUDA0 0.997270 99491 40
CPU0 45.455762 99452 sgemm sgemm CUDA1 0.995378 99492 40
CPU11 44.862603 99453 sgemm sgemm CUDA2 10.748569 99493 40
CPU3 44.801528 99454 sgemm sgemm CUDA2 1.314279 99494 40
CPU7 25.376174 99457 ssyrk ssyrk CUDA3 0.578278 99497 40
CPU5 44.828705 99458 sgemm sgemm CUDA2 1.254936 99498 40
CPU9 44.873326 99459 sgemm sgemm CUDA1 0.717655 99499 40
CPU5 44.438203 99460 sgemm sgemm CUDA3 1.207579 99500 40
CPU2 44.778556 99461 sgemm sgemm CUDA1 1.235918 99501 40
CPU6 45.467681 99462 sgemm sgemm CUDA1 0.981786 99502 40
CPU4 44.919975 99463 sgemm sgemm CUDA3 1.177576 99503 40
CPU15 44.843374 99464 sgemm sgemm CUDA1 1.007238 99504 40
CPU13 45.041249 99465 sgemm sgemm CUDA3 1.002655 99505 40
CPU14 45.035498 99466 sgemm sgemm CUDA3 1.180870 99506 40
CPU12 45.191505 99467 sgemm sgemm CUDA2 1.008395 99507 40
CPU0 45.075447 99468 sgemm sgemm CUDA1 12.950044 99508 40
CPU16 45.021481 99469 sgemm sgemm CUDA3 1.006909 99509 40
CPU16 45.376490 99470 sgemm sgemm CUDA1 1.003743 99510 40
CPU12 45.245643 99471 sgemm sgemm CUDA2 1.176458 99511 40
CPU10 45.019447 99472 sgemm sgemm CUDA1 1.004045 99512 40
CPU12 45.132125 99473 sgemm sgemm CUDA3 1.311238 99513 40
CPU12 45.019523 99474 sgemm sgemm CUDA2 1.169863 99514 40
CPU5 44.427282 99475 sgemm sgemm CUDA1 1.001325 99515 40
CPU13 44.947686 99476 sgemm sgemm CUDA2 0.996844 99516 40
CPU17 44.831827 99477 sgemm sgemm CUDA3 1.428077 99517 40
CPU4 44.921907 99478 sgemm sgemm CUDA2 0.947979 99518 40
CPU1 44.849732 99479 sgemm sgemm CUDA2 1.168178 99519 40
CPU16 44.990671 99480 sgemm sgemm CUDA2 1.167679 99520 40
CPU18 45.302597 99481 sgemm sgemm CUDA2 1.000399 99521 40
CPU19 44.970143 99482 sgemm sgemm CUDA2 0.998767 99522 40
CPU3 45.021065 99483 sgemm sgemm CUDA2 0.992727 99523 40
CPU7 45.215669 99484 sgemm sgemm CUDA1 0.997764 99524 40
CPU14 44.950698 99485 sgemm sgemm CUDA1 1.165813 99525 40
CPU8 44.691313 99486 sgemm sgemm CUDA3 0.996195 99526 40
CPU13 45.219178 99487 sgemm sgemm CUDA3 0.997941 99527 40
CPU12 45.203315 99488 sgemm sgemm CUDA1 0.996885 99528 40
CPU12 44.907743 99489 sgemm sgemm CUDA2 0.084279 99529 40
CPU6 45.227430 99490 sgemm sgemm CUDA3 1.166678 99530 40
CPU11 24.793231 99493 ssyrk ssyrk CUDA0 0.194947 99533 40
CPU6 45.161462 99494 sgemm sgemm CUDA2 1.070884 99534 40
CPU9 44.949872 99495 sgemm sgemm CUDA0 1.318123 99535 40
CPU14 44.923959 99496 sgemm sgemm CUDA2 1.221418 99536 40
CPU16 44.917345 99497 sgemm sgemm CUDA0 1.209491 99537 40
CPU3 45.053527 99498 sgemm sgemm CUDA3 1.004774 99538 40
CPU14 45.042550 99499 sgemm sgemm CUDA2 1.016619 99539 40
CPU10 44.904075 99500 sgemm sgemm CUDA0 1.175943 99540 40
CPU11 44.503807 99501 sgemm sgemm CUDA3 1.009560 99541 40
CPU6 45.299900 99502 sgemm sgemm CUDA3 1.010143 99542 40
CPU10 44.991362 99503 sgemm sgemm CUDA2 1.178780 99543 40
CPU15 44.599337 99504 sgemm sgemm CUDA0 1.167616 99544 40
CPU13 44.986202 99505 sgemm sgemm CUDA2 1.006135 99545 40
CPU4 45.290608 99506 sgemm sgemm CUDA3 0.092622 99546 40
CPU11 45.113626 99507 sgemm sgemm CUDA0 0.064490 99547 40
CPU15 44.883358 99508 sgemm sgemm CUDA0 0.059141 99548 40
CPU13 44.871980 99509 sgemm sgemm CUDA0 1.167115 99549 40
CPU19 44.949808 99510 sgemm sgemm CUDA3 1.003138 99550 40
CPU15 44.764765 99511 sgemm sgemm CUDA2 1.170746 99551 40
CPU10 45.063549 99512 sgemm sgemm CUDA0 0.993910 99552 40
CPU1 45.044239 99513 sgemm sgemm CUDA0 1.164488 99553 40
CPU16 44.842520 99514 sgemm sgemm CUDA2 12.915440 99554 40
CPU17 45.147524 99515 sgemm sgemm CUDA0 1.160658 99555 40
CPU14 44.912123 99516 sgemm sgemm CUDA0 12.736611 99556 40
CPU18 44.775238 99517 sgemm sgemm CUDA0 1.005173 99557 40
CPU5 44.902291 99518 sgemm sgemm CUDA2 0.999045 99558 40
CPU2 45.087941 99519 sgemm sgemm CUDA0 1.165305 99559 40
CPU0 45.604889 99520 sgemm sgemm CUDA3 0.073973 99560 40
CPU11 44.604353 99521 sgemm sgemm CUDA3 1.003990 99561 40
CPU12 45.042554 99522 sgemm sgemm CUDA2 0.999608 99562 40
CPU1 45.195689 99523 sgemm sgemm CUDA0 1.194266 99563 40
CPU6 45.459766 99524 sgemm sgemm CUDA3 1.172249 99564 40
CPU9 44.993663 99525 sgemm sgemm CUDA3 0.986305 99565 40
CPU5 24.929013 99528 ssyrk ssyrk CUDA2 0.779371 99568 40
CPU0 44.928522 99529 sgemm sgemm CUDA3 1.231578 99569 40
CPU17 45.071446 99530 sgemm sgemm CUDA2 1.047736 99570 40
CPU15 44.818049 99531 sgemm sgemm CUDA1 1.007266 99571 40
CPU11 45.155104 99532 sgemm sgemm CUDA3 1.185444 99572 40
CPU11 44.802323 99533 sgemm sgemm CUDA3 1.016339 99573 40
CPU13 45.139750 99534 sgemm sgemm CUDA1 1.012538 99574 40
CPU16 44.865801 99535 sgemm sgemm CUDA3 1.005907 99575 40
CPU9 45.543483 99536 sgemm sgemm CUDA3 12.827924 99576 40
CPU8 44.797241 99537 sgemm sgemm CUDA2 1.174365 99577 40
CPU16 44.931477 99538 sgemm sgemm CUDA3 1.178186 99578 40
CPU16 45.064331 99539 sgemm sgemm CUDA2 1.172786 99579 40
CPU4 45.003793 99540 sgemm sgemm CUDA3 0.190928 99580 40
CPU15 44.812575 99541 sgemm sgemm CUDA3 1.174461 99581 40
CPU14 45.097837 99542 sgemm sgemm CUDA3 1.256122 99582 40
CPU6 45.045229 99543 sgemm sgemm CUDA2 1.000854 99583 40
CPU10 44.879549 99544 sgemm sgemm CUDA1 1.001478 99584 40
CPU17 44.841543 99545 sgemm sgemm CUDA1 0.160342 99585 40
CPU14 45.091346 99546 sgemm sgemm CUDA2 1.168577 99586 40
CPU3 44.570247 99547 sgemm sgemm CUDA3 1.168333 99587 40
CPU11 45.430097 99548 sgemm sgemm CUDA2 1.001659 99588 40
CPU5 45.218640 99549 sgemm sgemm CUDA2 0.998447 99589 40
CPU11 46.377074 99550 sgemm sgemm CUDA2 0.992033 99590 40
CPU18 45.029547 99551 sgemm sgemm CUDA2 1.211602 99591 40
CPU0 44.911334 99552 sgemm sgemm CUDA2 0.997576 99592 40
CPU6 45.456845 99553 sgemm sgemm CUDA2 1.168062 99593 40
CPU1 45.165390 99554 sgemm sgemm CUDA1 1.242392 99594 40
CPU5 44.696101 99555 sgemm sgemm CUDA3 1.162092 99595 40
CPU9 44.639773 99556 sgemm sgemm CUDA2 0.054686 99596 40
CPU9 45.704344 99557 sgemm sgemm CUDA1 0.053903 99597 40
CPU15 44.910913 99558 sgemm sgemm CUDA1 0.980138 99598 40
CPU7 44.832885 99559 sgemm sgemm CUDA3 1.160656 99599 40
CPU10 24.994650 99562 ssyrk ssyrk CUDA0 0.545958 99602 40
CPU16 45.021700 99563 sgemm sgemm CUDA3 1.004805 99603 40
CPU15 44.664223 99564 sgemm sgemm CUDA0 1.171145 99604 40
CPU3 45.327623 99565 sgemm sgemm CUDA3 0.993738 99605 40
CPU9 45.157313 99566 sgemm sgemm CUDA3 1.007159 99606 40
CPU15 44.859769 99567 sgemm sgemm CUDA0 1.008301 99607 40
CPU4 45.364032 99568 sgemm sgemm CUDA0 1.008500 99608 40
CPU10 45.025511 99569 sgemm sgemm CUDA3 1.174356 99609 40
CPU12 44.993968 99570 sgemm sgemm CUDA0 0.059665 99610 40
CPU15 44.925693 99571 sgemm sgemm CUDA3 1.001504 99611 40
CPU6 45.371208 99572 sgemm sgemm CUDA2 1.243558 99612 40
CPU1 45.131889 99573 sgemm sgemm CUDA2 0.063616 99613 40
CPU13 45.060926 99574 sgemm sgemm CUDA0 1.173776 99614 40
CPU14 44.881054 99575 sgemm sgemm CUDA0 1.229379 99615 40
CPU16 44.838699 99576 sgemm sgemm CUDA0 1.164675 99616 40
CPU1 44.822159 99577 sgemm sgemm CUDA3 1.171299 99617 40
CPU6 45.348312 99578 sgemm sgemm CUDA2 0.994646 99618 40
CPU14 45.193175 99579 sgemm sgemm CUDA0 1.172846 99619 40
CPU8 44.753287 99580 sgemm sgemm CUDA3 1.169462 99620 40
CPU2 44.873610 99581 sgemm sgemm CUDA2 1.169565 99621 40
CPU5 45.388776 99582 sgemm sgemm CUDA0 0.995703 99622 40
CPU14 44.844531 99583 sgemm sgemm CUDA0 0.999847 99623 40
CPU18 44.794912 99584 sgemm sgemm CUDA0 0.998663 99624 40
CPU6 44.852838 99585 sgemm sgemm CUDA2 0.064133 99625 40
CPU17 44.924368 99586 sgemm sgemm CUDA0 1.259528 99626 40
CPU10 44.956213 99587 sgemm sgemm CUDA3 0.051893 99627 40
CPU4 44.991434 99588 sgemm sgemm CUDA0 0.049589 99628 40
CPU14 45.178870 99589 sgemm sgemm CUDA2 1.168197 99629 40
CPU12 44.687104 99590 sgemm sgemm CUDA1 0.122788 99630 40
CPU1 44.995623 99591 sgemm sgemm CUDA1 12.548079 99631 40
CPU2 44.919922 99592 sgemm sgemm CUDA3 1.163351 99632 40
CPU4 25.340886 99595 ssyrk ssyrk CPU -1 99635 40
CPU12 44.961323 99596 sgemm sgemm CUDA3 1.022097 99636 40
CPU2 45.162142 99597 sgemm sgemm CUDA3 12.418310 99637 40
CPU16 44.880678 99598 sgemm sgemm CUDA3 1.049139 99638 40
CPU13 45.047374 99599 sgemm sgemm CUDA1 1.002614 99639 40
CPU15 44.726522 99600 sgemm sgemm CUDA3 12.139287 99640 40
CPU3 44.735845 99601 sgemm sgemm CUDA3 1.006500 99641 40
CPU19 44.947755 99602 sgemm sgemm CUDA0 1.245091 99642 40
CPU15 45.051599 99603 sgemm sgemm CUDA0 1.173795 99643 40
CPU11 44.931814 99604 sgemm sgemm CUDA2 1.163480 99644 40
CPU11 45.013596 99605 sgemm sgemm CUDA3 1.172274 99645 40
CPU12 44.866274 99606 sgemm sgemm CUDA0 1.167827 99646 40
CPU16 45.068646 99607 sgemm sgemm CUDA0 1.047584 99647 40
CPU14 45.235945 99608 sgemm sgemm CUDA0 1.164118 99648 40
CPU5 44.820451 99609 sgemm sgemm CUDA3 5.577453 99649 40
CPU2 45.278722 99610 sgemm sgemm CUDA2 0.998896 99650 40
CPU12 45.143833 99611 sgemm sgemm CUDA3 1.165478 99651 40
CPU0 45.270961 99612 sgemm sgemm CUDA3 0.997494 99652 40
CPU10 46.329579 99613 sgemm sgemm CUDA0 0.999755 99653 40
CPU15 44.710486 99614 sgemm sgemm CUDA0 0.990927 99654 40
CPU1 45.180844 99615 sgemm sgemm CUDA0 1.000926 99655 40
CPU18 45.251849 99616 sgemm sgemm CUDA2 1.170558 99656 40
CPU4 44.819759 99617 sgemm sgemm CUDA2 0.989981 99657 40
CPU11 44.846092 99618 sgemm sgemm CUDA0 1.168298 99658 40
CPU10 44.987084 99619 sgemm sgemm CUDA1 1.000349 99659 40
CPU9 44.748212 99620 sgemm sgemm CUDA0 0.999120 99660 40
CPU5 44.477041 99621 sgemm sgemm CUDA2 1.000585 99661 40
CPU1 45.613089 99622 sgemm sgemm CUDA2 1.000159 99662 40
CPU2 44.877716 99623 sgemm sgemm CUDA2 1.000114 99663 40
CPU5 44.706138 99624 sgemm sgemm CUDA3 6.674899 99664 40
CPU15 24.780226 99627 ssyrk ssyrk CUDA0 0.900835 99667 40
CPU15 44.901851 99628 sgemm sgemm CUDA3 1.173142 99668 40
CPU12 45.050186 99629 sgemm sgemm CUDA1 1.001164 99669 40
CPU0 45.583284 99630 sgemm sgemm CUDA0 0.064764 99670 40
CPU5 45.299553 99631 sgemm sgemm CUDA0 1.176313 99671 40
CPU19 44.982164 99632 sgemm sgemm CUDA1 0.997573 99672 40
CPU13 44.899101 99633 sgemm sgemm CUDA0 0.675271 99673 40
CPU15 44.887488 99634 sgemm sgemm CUDA0 12.106617 99674 40
CPU14 44.977020 99635 sgemm sgemm CUDA1 12.265274 99675 40
CPU16 44.925371 99636 sgemm sgemm CUDA3 1.001218 99676 40
CPU19 44.790261 99637 sgemm sgemm CUDA1 1.049805 99677 40
CPU14 45.069835 99638 sgemm sgemm CUDA3 1.221160 99678 40
CPU0 45.248075 99639 sgemm sgemm CUDA0 0.055807 99679 40
CPU4 44.841643 99640 sgemm sgemm CUDA1 12.602937 99680 40
CPU12 45.119947 99641 sgemm sgemm CUDA1 12.217373 99681 40
CPU8 45.026678 99642 sgemm sgemm CUDA3 1.166160 99682 40
CPU7 45.326037 99643 sgemm sgemm CUDA3 0.983917 99683 40
CPU2 45.381061 99644 sgemm sgemm CUDA0 0.998581 99684 40
CPU9 45.421862 99645 sgemm sgemm CUDA0 1.167629 99685 40
CPU3 45.433840 99646 sgemm sgemm CUDA0 12.731624 99686 40
CPU19 45.094105 99647 sgemm sgemm CUDA0 1.165464 99687 40
CPU3 44.985484 99648 sgemm sgemm CUDA3 1.169052 99688 40
CPU8 45.089317 99649 sgemm sgemm CUDA0 1.167093 99689 40
CPU11 45.237634 99650 sgemm sgemm CUDA3 12.286903 99690 40
CPU6 45.142005 99651 sgemm sgemm CUDA0 0.999385 99691 40
CPU8 44.748230 99652 sgemm sgemm CUDA3 0.997580 99692 40
CPU17 45.010164 99653 sgemm sgemm CUDA0 16.602739 99693 40
CPU8 44.888630 99654 sgemm sgemm CUDA1 1.001454 99694 40
CPU0 45.536966 99655 sgemm sgemm CUDA3 1.166153 99695 40
CPU19 25.553558 99658 ssyrk ssyrk CPU28 98.564655 99698 40
CPU16 45.054232 99659 sgemm sgemm CUDA2 1.199765 99699 40
CPU16 44.894182 99660 sgemm sgemm CUDA3 1.160276 99700 40
CPU11 44.900434 99661 sgemm sgemm CUDA0 11.822119 99701 40
CPU7 44.570167 99662 sgemm sgemm CUDA2 1.007876 99702 40
CPU5 44.874057 99663 sgemm sgemm CUDA0 1.010037 99703 40
CPU13 45.466048 99664 sgemm sgemm CUDA0 0.065321 99704 40
CPU15 44.949604 99665 sgemm sgemm CUDA3 1.171432 99705 40
CPU14 45.103389 99666 sgemm sgemm CUDA3 1.168582 99706 40
CPU14 45.102307 99667 sgemm sgemm CUDA1 12.636584 99707 40
CPU5 44.918064 99668 sgemm sgemm CUDA2 1.170346 99708 40
CPU16 45.095832 99669 sgemm sgemm CUDA2 1.164158 99709 40
CPU7 44.378114 99670 sgemm sgemm CUDA3 1.221768 99710 40
CPU4 44.944366 99671 sgemm sgemm CUDA2 0.982980 99711 40
CPU12 46.405270 99672 sgemm sgemm CUDA2 0.995939 99712 40
CPU2 44.794024 99673 sgemm sgemm CUDA2 0.054510 99713 40
CPU8 45.059845 99674 sgemm sgemm CUDA2 1.116828 99714 40
CPU8 45.388341 99675 sgemm sgemm CUDA3 1.164839 99715 40
CPU4 45.307251 99676 sgemm sgemm CUDA2 0.993682 99716 40
CPU18 45.066108 99677 sgemm sgemm CUDA3 0.998262 99717 40
CPU6 44.752293 99678 sgemm sgemm CUDA1 1.164897 99718 40
CPU5 45.053620 99679 sgemm sgemm CUDA2 0.992406 99719 40
CPU6 45.257553 99680 sgemm sgemm CUDA3 0.993381 99720 40
CPU8 44.979593 99681 sgemm sgemm CUDA3 1.367981 99721 40
CPU7 45.009267 99682 sgemm sgemm CUDA2 1.303046 99722 40
CPU4 44.677804 99683 sgemm sgemm CUDA2 0.059989 99723 40
CPU8 44.803965 99684 sgemm sgemm CUDA2 0.996638 99724 40
CPU6 44.933385 99685 sgemm sgemm CUDA3 0.996297 99725 40
CPU17 25.291520 99688 ssyrk ssyrk CPU33 97.674104 99728 40
CPU13 44.931395 99689 sgemm sgemm CUDA3 1.177724 99729 40
CPU11 44.622058 99690 sgemm sgemm CUDA3 1.175728 99730 40
CPU17 46.037984 99691 sgemm sgemm CUDA3 0.993498 99731 40
CPU7 45.307001 99692 sgemm sgemm CUDA1 1.167585 99732 40
CPU18 44.791005 99693 sgemm sgemm CUDA3 1.001804 99733 40
CPU15 44.885166 99694 sgemm sgemm CUDA1 1.170142 99734 40
CPU3 44.680293 99695 sgemm sgemm CUDA3 0.999637 99735 40
CPU2 44.783387 99696 sgemm sgemm CUDA3 1.164116 99736 40
CPU15 44.922186 99697 sgemm sgemm CUDA1 1.163166 99737 40
CPU19 45.346299 99698 sgemm sgemm CUDA2 1.264712 99738 40
CPU18 44.857822 99699 sgemm sgemm CUDA1 1.168848 99739 40
CPU3 45.231144 99700 sgemm sgemm CUDA1 12.520448 99740 40
CPU0 45.383443 99701 sgemm sgemm CUDA3 1.164482 99741 40
CPU5 44.925744 99702 sgemm sgemm CUDA2 0.997199 99742 40
CPU4 45.223105 99703 sgemm sgemm CUDA3 0.997463 99743 40
CPU11 44.952771 99704 sgemm sgemm CUDA2 1.165995 99744 40
CPU7 45.524518 99705 sgemm sgemm CUDA2 1.165900 99745 40
CPU19 45.041078 99706 sgemm sgemm CUDA3 0.108765 99746 40
CPU4 44.802663 99707 sgemm sgemm CUDA2 1.169357 99747 40
CPU15 44.799713 99708 sgemm sgemm CUDA2 0.996947 99748 40
CPU11 44.958490 99709 sgemm sgemm CUDA1 0.996030 99749 40
CPU2 44.784013 99710 sgemm sgemm CUDA2 0.053994 99750 40
CPU3 44.574725 99711 sgemm sgemm CUDA2 12.146578 99751 40
CPU15 44.918093 99712 sgemm sgemm CUDA2 1.173651 99752 40
CPU0 45.406686 99713 sgemm sgemm CUDA1 0.993089 99753 40
CPU9 44.826811 99714 sgemm sgemm CUDA3 0.999637 99754 40
CPU17 25.426019 99717 ssyrk ssyrk CPU18 69.439900 99757 40
CPU13 44.958041 99718 sgemm sgemm CUDA3 1.171808 99758 40
CPU17 46.152856 99719 sgemm sgemm CUDA1 1.050706 99759 40
CPU10 45.404226 99720 sgemm sgemm CUDA0 0.053684 99760 40
CPU17 45.233895 99721 sgemm sgemm CUDA3 1.000778 99761 40
CPU13 45.344149 99722 sgemm sgemm CUDA1 12.831640 99762 40
CPU3 44.623423 99723 sgemm sgemm CUDA3 1.001102 99763 40
CPU15 44.976607 99724 sgemm sgemm CUDA0 0.066086 99764 40
CPU16 45.005872 99725 sgemm sgemm CUDA1 1.168493 99765 40
CPU4 45.377548 99726 sgemm sgemm CUDA0 1.000672 99766 40
CPU2 44.925561 99727 sgemm sgemm CUDA3 1.174298 99767 40
CPU9 45.274199 99728 sgemm sgemm CUDA2 1.168795 99768 40
CPU3 45.286996 99729 sgemm sgemm CUDA0 0.990030 99769 40
CPU1 44.891220 99730 sgemm sgemm CUDA0 0.996819 99770 40
CPU15 44.870388 99731 sgemm sgemm CUDA0 0.997741 99771 40
CPU6 45.617199 99732 sgemm sgemm CUDA2 0.998398 99772 40
CPU13 44.888476 99733 sgemm sgemm CUDA1 0.998404 99773 40
CPU19 45.278638 99734 sgemm sgemm CUDA3 1.265243 99774 40
CPU7 44.855717 99735 sgemm sgemm CUDA3 1.304352 99775 40
CPU7 45.290888 99736 sgemm sgemm CUDA1 1.000222 99776 40
CPU2 45.144255 99737 sgemm sgemm CUDA1 1.117601 99777 40
CPU10 44.970913 99738 sgemm sgemm CUDA2 0.998948 99778 40
CPU1 44.987839 99739 sgemm sgemm CUDA3 0.994274 99779 40
CPU16 44.640162 99740 sgemm sgemm CUDA2 1.001758 99780 40
CPU17 45.010444 99741 sgemm sgemm CUDA0 1.002168 99781 40
CPU8 44.860144 99742 sgemm sgemm CUDA3 0.994265 99782 40
CPU15 24.692199 99745 ssyrk ssyrk CPU18 81.415224 99785 40
CPU13 45.055037 99746 sgemm sgemm CUDA3 0.998592 99786 40
CPU15 44.643092 99747 sgemm sgemm CUDA0 0.996825 99787 40
CPU13 45.000066 99748 sgemm sgemm CUDA0 0.994789 99788 40
CPU7 45.082770 99749 sgemm sgemm CUDA3 1.002484 99789 40
CPU12 44.990790 99750 sgemm sgemm CUDA3 0.135323 99790 40
CPU14 44.931310 99751 sgemm sgemm CUDA0 0.076470 99791 40
CPU11 44.802878 99752 sgemm sgemm CUDA0 1.165738 99792 40
CPU0 45.736297 99753 sgemm sgemm CUDA0 1.167166 99793 40
CPU15 44.895880 99754 sgemm sgemm CUDA3 12.673593 99794 40
CPU1 45.321724 99755 sgemm sgemm CUDA0 0.994488 99795 40
CPU10 44.925258 99756 sgemm sgemm CUDA3 1.167353 99796 40
CPU9 45.302453 99757 sgemm sgemm CUDA0 12.356119 99797 40
CPU3 45.244880 99758 sgemm sgemm CUDA3 0.993512 99798 40
CPU19 45.087470 99759 sgemm sgemm CUDA0 0.982705 99799 40
CPU16 44.902781 99760 sgemm sgemm CUDA0 1.193287 99800 40
CPU18 44.666475 99761 sgemm sgemm CUDA3 0.066361 99801 40
CPU5 44.616817 99762 sgemm sgemm CUDA1 1.168026 99802 40
CPU17 44.895462 99763 sgemm sgemm CUDA0 1.169099 99803 40
CPU14 45.144866 99764 sgemm sgemm CUDA3 1.001570 99804 40
CPU5 45.181370 99765 sgemm sgemm CUDA3 1.171217 99805 40
CPU11 44.832352 99766 sgemm sgemm CUDA3 1.158918 99806 40
CPU17 44.777823 99767 sgemm sgemm CUDA0 1.002064 99807 40
CPU19 44.930383 99768 sgemm sgemm CUDA1 0.992853 99808 40
CPU6 45.301146 99769 sgemm sgemm CUDA3 1.162871 99809 40
CPU13 25.303947 99772 ssyrk ssyrk CPU16 92.058778 99812 40
CPU10 45.010596 99773 sgemm sgemm CUDA3 1.244691 99813 40
CPU1 44.812879 99774 sgemm sgemm CUDA3 1.226838 99814 40
CPU19 45.004814 99775 sgemm sgemm CUDA1 1.161550 99815 40
CPU16 45.017567 99776 sgemm sgemm CUDA2 1.168690 99816 40
CPU0 45.773133 99777 sgemm sgemm CUDA1 0.991926 99817 40
CPU13 46.381561 99778 sgemm sgemm CUDA2 0.985479 99818 40
CPU7 45.228541 99779 sgemm sgemm CUDA2 10.383506 99819 40
CPU19 45.269869 99780 sgemm sgemm CUDA3 0.985678 99820 40
CPU13 44.911631 99781 sgemm sgemm CUDA2 1.168239 99821 40
CPU0 45.510606 99782 sgemm sgemm CUDA2 1.251334 99822 40
CPU0 45.069803 99783 sgemm sgemm CUDA3 0.991633 99823 40
CPU11 44.802865 99784 sgemm sgemm CUDA3 1.167093 99824 40
CPU13 44.885624 99785 sgemm sgemm CUDA3 1.007386 99825 40
CPU12 44.797531 99786 sgemm sgemm CUDA2 0.994029 99826 40
CPU18 45.008375 99787 sgemm sgemm CUDA3 0.995833 99827 40
CPU9 44.594654 99788 sgemm sgemm CUDA2 12.176353 99828 40
CPU1 45.034998 99789 sgemm sgemm CUDA2 1.169368 99829 40
CPU16 44.839444 99790 sgemm sgemm CUDA2 1.004398 99830 40
CPU3 44.969735 99791 sgemm sgemm CUDA2 1.000467 99831 40
CPU6 44.932843 99792 sgemm sgemm CUDA2 1.167053 99832 40
CPU1 45.405942 99793 sgemm sgemm CUDA2 1.248563 99833 40
CPU15 44.862165 99794 sgemm sgemm CUDA3 1.113201 99834 40
CPU7 45.001740 99795 sgemm sgemm CUDA1 1.169544 99835 40
CPU14 25.234593 99798 ssyrk ssyrk CPU -1 99838 40
CPU15 44.768799 99799 sgemm sgemm CUDA0 0.999471 99839 40
CPU19 45.353250 99800 sgemm sgemm CUDA2 0.056703 99840 40
CPU11 44.936563 99801 sgemm sgemm CUDA0 0.996736 99841 40
CPU15 44.656615 99802 sgemm sgemm CUDA3 1.001257 99842 40
CPU16 44.775587 99803 sgemm sgemm CUDA1 1.158681 99843 40
CPU19 45.015766 99804 sgemm sgemm CUDA0 1.168352 99844 40
CPU10 45.128970 99805 sgemm sgemm CUDA1 1.060918 99845 40
CPU4 45.111836 99806 sgemm sgemm CUDA0 1.166566 99846 40
CPU1 45.111086 99807 sgemm sgemm CUDA0 1.228909 99847 40
CPU8 44.925217 99808 sgemm sgemm CUDA0 0.998008 99848 40
CPU14 44.892450 99809 sgemm sgemm CUDA2 0.996055 99849 40
CPU13 44.705227 99810 sgemm sgemm CUDA1 1.165351 99850 40
CPU15 44.569384 99811 sgemm sgemm CUDA0 0.997382 99851 40
CPU19 45.096104 99812 sgemm sgemm CUDA0 0.937841 99852 40
CPU3 44.935960 99813 sgemm sgemm CUDA3 0.990057 99853 40
CPU15 44.942109 99814 sgemm sgemm CUDA0 1.225159 99854 40
CPU14 44.958271 99815 sgemm sgemm CUDA1 12.163485 99855 40
CPU11 44.789171 99816 sgemm sgemm CUDA2 0.999729 99856 40
CPU13 45.131204 99817 sgemm sgemm CUDA0 0.107956 99857 40
CPU10 45.001489 99818 sgemm sgemm CUDA2 1.159975 99858 40
CPU14 45.020010 99819 sgemm sgemm CUDA0 1.166815 99859 40
CPU7 44.983402 99820 sgemm sgemm CUDA0 1.160914 99860 40
CPU15 24.995981 99823 ssyrk ssyrk CPU -1 99863 40
CPU5 44.780134 99824 sgemm sgemm CUDA3 1.165860 99864 40
CPU6 44.968840 99825 sgemm sgemm CUDA3 0.138640 99865 40
CPU11 44.988749 99826 sgemm sgemm CUDA0 0.993307 99866 40
CPU8 45.079061 99827 sgemm sgemm CUDA0 1.238668 99867 40
CPU5 44.999597 99828 sgemm sgemm CUDA2 0.997949 99868 40
CPU11 44.941356 99829 sgemm sgemm CUDA3 0.999042 99869 40
CPU19 44.842174 99830 sgemm sgemm CUDA0 0.996428 99870 40
CPU14 45.091893 99831 sgemm sgemm CUDA0 1.306063 99871 40
CPU6 45.019791 99832 sgemm sgemm CUDA2 0.995596 99872 40
CPU16 44.974537 99833 sgemm sgemm CUDA2 0.993142 99873 40
CPU4 45.404592 99834 sgemm sgemm CUDA2 1.166399 99874 40
CPU13 45.054025 99835 sgemm sgemm CUDA2 0.994430 99875 40
CPU18 44.864107 99836 sgemm sgemm CUDA0 1.168750 99876 40
CPU6 44.908302 99837 sgemm sgemm CUDA3 1.438179 99877 40
CPU14 44.968266 99838 sgemm sgemm CUDA2 0.996379 99878 40
CPU17 45.125324 99839 sgemm sgemm CUDA3 0.999622 99879 40
CPU2 44.935653 99840 sgemm sgemm CUDA0 11.476811 99880 40
CPU14 45.220044 99841 sgemm sgemm CUDA0 1.169315 99881 40
CPU13 44.858467 99842 sgemm sgemm CUDA2 0.110503 99882 40
CPU6 44.832648 99843 sgemm sgemm CUDA0 0.995363 99883 40
CPU4 45.233926 99844 sgemm sgemm CUDA2 0.997562 99884 40
CPU17 25.321877 99847 ssyrk ssyrk CPU -1 99887 40
CPU12 45.222866 99848 sgemm sgemm CUDA0 5.439474 99888 40
CPU7 45.035628 99849 sgemm sgemm CUDA3 1.151243 99889 40
CPU12 45.015654 99850 sgemm sgemm CUDA3 0.991057 99890 40
CPU2 44.830327 99851 sgemm sgemm CUDA2 1.150111 99891 40
CPU0 45.254765 99852 sgemm sgemm CUDA1 1.199314 99892 40
CPU17 45.126456 99853 sgemm sgemm CUDA2 1.170874 99893 40
CPU13 44.831501 99854 sgemm sgemm CUDA0 0.995461 99894 40
CPU17 45.198694 99855 sgemm sgemm CUDA3 1.164756 99895 40
CPU5 44.949535 99856 sgemm sgemm CUDA0 0.124161 99896 40
CPU14 45.074510 99857 sgemm sgemm CUDA0 1.166173 99897 40
CPU2 45.079125 99858 sgemm sgemm CUDA1 1.164538 99898 40
CPU19 45.080804 99859 sgemm sgemm CUDA3 1.167182 99899 40
CPU1 44.653573 99860 sgemm sgemm CUDA3 0.135321 99900 40
CPU6 44.937671 99861 sgemm sgemm CUDA0 1.169758 99901 40
CPU2 45.858425 99862 sgemm sgemm CUDA2 1.156976 99902 40
CPU9 45.011213 99863 sgemm sgemm CUDA3 1.166050 99903 40
CPU10 45.235305 99864 sgemm sgemm CUDA1 1.164720 99904 40
CPU6 45.126443 99865 sgemm sgemm CUDA3 12.095083 99905 40
CPU11 45.006767 99866 sgemm sgemm CUDA1 1.166878 99906 40
CPU5 44.779340 99867 sgemm sgemm CUDA3 1.167524 99907 40
CPU18 25.029526 99870 ssyrk ssyrk CPU -1 99910 40
CPU16 44.875173 99871 sgemm sgemm CUDA0 0.994507 99911 40
CPU0 45.302902 99872 sgemm sgemm CUDA1 0.232252 99912 40
CPU5 44.587546 99873 sgemm sgemm CUDA2 1.266831 99913 40
CPU18 44.908569 99874 sgemm sgemm CUDA3 12.973803 99914 40
CPU3 45.041963 99875 sgemm sgemm CUDA0 0.993897 99915 40
CPU10 45.109326 99876 sgemm sgemm CUDA3 1.170676 99916 40
CPU2 44.760516 99877 sgemm sgemm CUDA0 1.165197 99917 40
CPU11 44.869137 99878 sgemm sgemm CUDA2 1.001986 99918 40
CPU3 44.955138 99879 sgemm sgemm CUDA3 1.162281 99919 40
CPU17 45.064822 99880 sgemm sgemm CUDA0 12.337704 99920 40
CPU18 44.935635 99881 sgemm sgemm CUDA0 4.794873 99921 40
CPU2 44.533723 99882 sgemm sgemm CUDA0 1.174615 99922 40
CPU1 44.833920 99883 sgemm sgemm CUDA0 0.066697 99923 40
CPU1 45.038455 99884 sgemm sgemm CUDA1 0.991590 99924 40
CPU1 44.866224 99885 sgemm sgemm CUDA1 1.164136 99925 40
CPU12 45.121058 99886 sgemm sgemm CUDA1 0.092774 99926 40
CPU14 45.168639 99887 sgemm sgemm CUDA3 1.162294 99927 40
CPU16 45.018315 99888 sgemm sgemm CUDA2 1.161590 99928 40
CPU1 44.777624 99889 sgemm sgemm CUDA0 1.168241 99929 40
CPU16 24.861135 99892 ssyrk ssyrk CPU25 97.216204 99932 40
CPU16 45.016966 99893 sgemm sgemm CUDA3 1.300471 99933 40
CPU13 45.194250 99894 sgemm sgemm CUDA0 0.167643 99934 40
CPU15 44.801264 99895 sgemm sgemm CUDA3 0.168193 99935 40
CPU10 45.196575 99896 sgemm sgemm CUDA1 0.996328 99936 40
CPU8 45.396259 99897 sgemm sgemm CUDA0 0.992962 99937 40
CPU16 44.885197 99898 sgemm sgemm CUDA0 1.001562 99938 40
CPU0 45.518089 99899 sgemm sgemm CUDA0 1.171620 99939 40
CPU14 45.050008 99900 sgemm sgemm CUDA1 1.002478 99940 40
CPU4 45.443137 99901 sgemm sgemm CUDA1 1.169202 99941 40
CPU19 44.991221 99902 sgemm sgemm CUDA3 12.238834 99942 40
CPU0 45.189067 99903 sgemm sgemm CUDA0 1.159787 99943 40
CPU16 44.979164 99904 sgemm sgemm CUDA0 1.002725 99944 40
CPU12 45.016922 99905 sgemm sgemm CUDA3 13.007120 99945 40
CPU10 45.105540 99906 sgemm sgemm CUDA1 12.107489 99946 40
CPU5 44.819071 99907 sgemm sgemm CUDA3 0.997611 99947 40
CPU6 45.283616 99908 sgemm sgemm CUDA3 1.166773 99948 40
CPU15 44.967776 99909 sgemm sgemm CUDA3 1.160654 99949 40
CPU5 44.778957 99910 sgemm sgemm CUDA1 0.999480 99950 40
CPU10 25.375110 99913 ssyrk ssyrk CPU -1 99953 40
CPU12 45.540833 99914 sgemm sgemm CUDA2 0.999259 99954 40
CPU7 44.932564 99915 sgemm sgemm CUDA3 1.167559 99955 40
CPU6 45.327394 99916 sgemm sgemm CUDA0 0.998236 99956 40
CPU12 44.905452 99917 sgemm sgemm CUDA3 1.239098 99957 40
CPU3 45.180070 99918 sgemm sgemm CUDA0 1.170498 99958 40
CPU8 45.245435 99919 sgemm sgemm CUDA3 1.170630 99959 40
CPU4 45.348140 99920 sgemm sgemm CUDA2 0.996363 99960 40
CPU7 45.373838 99921 sgemm sgemm CUDA2 0.999809 99961 40
CPU18 44.925783 99922 sgemm sgemm CUDA3 1.289316 99962 40
CPU2 44.778234 99923 sgemm sgemm CUDA0 0.997231 99963 40
CPU15 44.865476 99924 sgemm sgemm CUDA2 1.167482 99964 40
CPU3 45.195021 99925 sgemm sgemm CUDA3 0.051769 99965 40
CPU8 44.752216 99926 sgemm sgemm CUDA1 0.997862 99966 40
CPU9 44.848982 99927 sgemm sgemm CUDA2 1.166675 99967 40
CPU17 44.864377 99928 sgemm sgemm CUDA3 1.160182 99968 40
CPU8 45.102426 99929 sgemm sgemm CUDA1 1.114341 99969 40
CPU8 44.912718 99930 sgemm sgemm CUDA2 0.055805 99970 40
CPU12 25.333653 99933 ssyrk ssyrk CPU28 97.763097 99973 40
CPU12 45.022768 99934 sgemm sgemm CUDA0 1.000005 99974 40
CPU10 45.100490 99935 sgemm sgemm CUDA0 12.125289 99975 40
CPU3 44.999494 99936 sgemm sgemm CUDA0 1.001233 99976 40
CPU10 45.180693 99937 sgemm sgemm CUDA2 0.993124 99977 40
CPU16 45.084842 99938 sgemm sgemm CUDA2 1.111467 99978 40
CPU10 45.206567 99939 sgemm sgemm CUDA0 1.163543 99979 40
CPU5 44.941763 99940 sgemm sgemm CUDA0 0.410780 99980 40
CPU18 45.215313 99941 sgemm sgemm CUDA0 1.429523 99981 40
CPU4 44.579600 99942 sgemm sgemm CUDA2 0.092398 99982 40
CPU0 45.311187 99943 sgemm sgemm CUDA2 1.231424 99983 40
CPU12 45.149314 99944 sgemm sgemm CUDA2 1.165910 99984 40
CPU3 44.992431 99945 sgemm sgemm CUDA0 0.997680 99985 40
CPU11 45.060654 99946 sgemm sgemm CUDA0 0.993422 99986 40
CPU3 45.088031 99947 sgemm sgemm CUDA0 1.162965 99987 40
CPU17 45.294865 99948 sgemm sgemm CUDA0 1.163638 99988 40
CPU8 44.753288 99949 sgemm sgemm CUDA2 0.115255 99989 40
CPU11 25.064577 99952 ssyrk ssyrk CPU -1 99992 40
CPU9 44.670703 99953 sgemm sgemm CUDA0 1.167875 99993 40
CPU14 45.265366 99954 sgemm sgemm CUDA3 1.168086 99994 40
CPU1 44.768995 99955 sgemm sgemm CUDA3 1.247547 99995 40
CPU12 45.194766 99956 sgemm sgemm CUDA0 1.134282 99996 40
CPU9 44.805649 99957 sgemm sgemm CUDA3 1.166596 99997 40
CPU0 45.247915 99958 sgemm sgemm CUDA0 1.164274 99998 40
CPU19 45.234010 99959 sgemm sgemm CUDA3 0.994882 99999 40
CPU5 44.576215 99960 sgemm sgemm CUDA0 0.992089 100000 40
CPU9 44.620211 99961 sgemm sgemm CUDA3 1.167494 100001 40
CPU11 45.009033 99962 sgemm sgemm CUDA1 0.988753 100002 40
CPU6 44.889262 99963 sgemm sgemm CUDA1 1.052732 100003 40
CPU3 44.800566 99964 sgemm sgemm CUDA3 0.996648 100004 40
CPU12 45.459145 99965 sgemm sgemm CUDA3 12.708658 100005 40
CPU15 45.184044 99966 sgemm sgemm CUDA3 0.053631 100006 40
CPU9 44.689013 99967 sgemm sgemm CUDA0 0.990500 100007 40
CPU5 25.001314 99970 ssyrk ssyrk CPU23 97.084958 100010 40
CPU11 44.588637 99971 sgemm sgemm CUDA0 0.997731 100011 40
CPU5 44.766924 99972 sgemm sgemm CUDA2 1.001693 100012 40
CPU5 45.238596 99973 sgemm sgemm CUDA2 0.130718 100013 40
CPU17 44.995596 99974 sgemm sgemm CUDA1 1.000394 100014 40
CPU11 44.945839 99975 sgemm sgemm CUDA1 1.161571 100015 40
CPU18 44.907331 99976 sgemm sgemm CUDA2 0.051591 100016 40
CPU6 45.189619 99977 sgemm sgemm CUDA2 1.167111 100017 40
CPU16 44.967797 99978 sgemm sgemm CUDA0 1.161145 100018 40
CPU17 45.028231 99979 sgemm sgemm CUDA1 0.999069 100019 40
CPU12 45.131603 99980 sgemm sgemm CUDA3 0.123793 100020 40
CPU0 45.213565 99981 sgemm sgemm CUDA1 0.056253 100021 40
CPU7 45.247191 99982 sgemm sgemm CUDA2 1.186590 100022 40
CPU17 45.125049 99983 sgemm sgemm CUDA2 0.987518 100023 40
CPU0 45.299242 99984 sgemm sgemm CUDA2 0.999037 100024 40
CPU16 24.886997 99987 ssyrk ssyrk CPU -1 100027 40
CPU14 45.317198 99988 sgemm sgemm CUDA3 1.206802 100028 40
CPU8 45.295744 99989 sgemm sgemm CUDA3 1.165788 100029 40
CPU13 44.894863 99990 sgemm sgemm CUDA2 0.997510 100030 40
CPU10 44.626528 99991 sgemm sgemm CUDA2 1.191668 100031 40
CPU19 45.048519 99992 sgemm sgemm CUDA3 1.172479 100032 40
CPU3 44.631507 99993 sgemm sgemm CUDA3 1.166272 100033 40
CPU17 44.963893 99994 sgemm sgemm CUDA3 12.866148 100034 40
CPU6 45.322314 99995 sgemm sgemm CUDA2 1.232031 100035 40
CPU10 45.424831 99996 sgemm sgemm CUDA2 1.439032 100036 40
CPU14 45.386719 99997 sgemm sgemm CUDA2 12.826725 100037 40
CPU13 45.093362 99998 sgemm sgemm CUDA3 0.098523 100038 40
CPU10 45.037302 99999 sgemm sgemm CUDA2 0.996455 100039 40
CPU7 44.946952 100000 sgemm sgemm CUDA3 1.217213 100040 40
CPU4 25.379693 100003 ssyrk ssyrk CPU -1 100043 40
CPU17 44.926171 100004 sgemm sgemm CUDA3 0.998784 100044 40
CPU11 44.691377 100005 sgemm sgemm CUDA0 0.994314 100045 40
CPU14 44.900891 100006 sgemm sgemm CUDA3 0.995803 100046 40
CPU19 45.086621 100007 sgemm sgemm CUDA0 1.003000 100047 40
CPU1 44.685091 100008 sgemm sgemm CUDA2 1.367476 100048 40
CPU13 44.834391 100009 sgemm sgemm CUDA3 1.318994 100049 40
CPU10 45.033986 100010 sgemm sgemm CUDA2 10.714990 100050 40
CPU10 45.107966 100011 sgemm sgemm CUDA2 1.164379 100051 40
CPU4 44.778994 100012 sgemm sgemm CUDA0 1.163784 100052 40
CPU12 44.831851 100013 sgemm sgemm CUDA2 0.946278 100053 40
CPU13 45.034128 100014 sgemm sgemm CUDA1 15.895568 100054 40
CPU5 44.890540 100015 sgemm sgemm CUDA0 1.004959 100055 40
CPU6 24.994600 100018 ssyrk ssyrk CPU26 106.664840 100058 40
CPU3 45.307756 100019 sgemm sgemm CUDA2 0.986836 100059 40
CPU3 45.403523 100020 sgemm sgemm CUDA3 0.994585 100060 40
CPU18 45.091556 100021 sgemm sgemm CUDA2 1.163318 100061 40
CPU2 44.603625 100022 sgemm sgemm CUDA0 0.992000 100062 40
CPU19 45.013405 100023 sgemm sgemm CUDA2 0.997881 100063 40
CPU2 45.023826 100024 sgemm sgemm CUDA3 12.498788 100064 40
CPU6 44.970681 100025 sgemm sgemm CUDA0 1.001120 100065 40
CPU5 44.338078 100026 sgemm sgemm CUDA2 0.077338 100066 40
CPU1 44.993156 100027 sgemm sgemm CUDA3 1.170747 100067 40
CPU4 45.254387 100028 sgemm sgemm CUDA0 0.120163 100068 40
CPU5 44.946005 100029 sgemm sgemm CUDA2 0.999138 100069 40
CPU10 25.097766 100032 ssyrk ssyrk CPU34 109.797999 100072 40
CPU17 44.940629 100033 sgemm sgemm CUDA3 0.994114 100073 40
CPU19 44.751100 100034 sgemm sgemm CUDA3 12.446122 100074 40
CPU10 44.973311 100035 sgemm sgemm CUDA2 1.168506 100075 40
CPU5 44.802236 100036 sgemm sgemm CUDA0 1.173681 100076 40
CPU14 44.999743 100037 sgemm sgemm CUDA2 0.994321 100077 40
CPU10 44.663183 100038 sgemm sgemm CUDA1 1.219795 100078 40
CPU10 45.056154 100039 sgemm sgemm CUDA2 0.995663 100079 40
CPU17 44.671659 100040 sgemm sgemm CUDA0 1.297560 100080 40
CPU5 45.093577 100041 sgemm sgemm CUDA0 0.980112 100081 40
CPU4 45.041026 100042 sgemm sgemm CUDA3 1.167822 100082 40
CPU1 25.002449 100045 ssyrk ssyrk CPU10 97.924347 100085 40
CPU18 45.049933 100046 sgemm sgemm CUDA0 1.106169 100086 40
CPU16 44.903639 100047 sgemm sgemm CUDA0 0.994825 100087 40
CPU13 44.862169 100048 sgemm sgemm CUDA1 1.171438 100088 40
CPU17 45.080256 100049 sgemm sgemm CUDA1 0.994449 100089 40
CPU9 44.866059 100050 sgemm sgemm CUDA3 1.172785 100090 40
CPU0 44.768477 100051 sgemm sgemm CUDA3 0.997945 100091 40
CPU12 44.813889 100052 sgemm sgemm CUDA2 0.109455 100092 40
CPU0 45.376894 100053 sgemm sgemm CUDA0 1.168926 100093 40
CPU0 45.290213 100054 sgemm sgemm CUDA1 0.996377 100094 40
CPU19 25.378534 100057 ssyrk ssyrk CPU12 97.659692 100097 40
CPU6 45.000002 100058 sgemm sgemm CUDA3 1.170090 100098 40
CPU15 44.553210 100059 sgemm sgemm CUDA3 1.166611 100099 40
CPU6 45.238764 100060 sgemm sgemm CUDA3 1.004960 100100 40
CPU11 45.384987 100061 sgemm sgemm CUDA2 1.170960 100101 40
CPU6 44.744684 100062 sgemm sgemm CUDA0 1.000553 100102 40
CPU17 44.578165 100063 sgemm sgemm CUDA3 0.048969 100103 40
CPU3 44.944696 100064 sgemm sgemm CUDA0 1.185072 100104 40
CPU6 45.059341 100065 sgemm sgemm CUDA0 0.123099 100105 40
CPU8 24.614806 100068 ssyrk ssyrk CPU20 97.402021 100108 40
CPU14 44.961011 100069 sgemm sgemm CUDA2 1.214301 100109 40
CPU17 45.196922 100070 sgemm sgemm CUDA3 1.172296 100110 40
CPU0 45.328407 100071 sgemm sgemm CUDA0 0.998944 100111 40
CPU14 45.380521 100072 sgemm sgemm CUDA2 1.001367 100112 40
CPU5 44.984635 100073 sgemm sgemm CUDA1 0.943101 100113 40
CPU12 45.328726 100074 sgemm sgemm CUDA2 0.189720 100114 40
CPU0 45.112263 100075 sgemm sgemm CUDA2 1.160036 100115 40
CPU16 25.143718 100078 ssyrk ssyrk CPU17 104.555551 100118 40
CPU14 45.015465 100079 sgemm sgemm CUDA2 1.171217 100119 40
CPU16 45.354601 100080 sgemm sgemm CUDA0 1.170899 100120 40
CPU15 45.803330 100081 sgemm sgemm CUDA2 12.819971 100121 40
CPU17 44.754710 100082 sgemm sgemm CUDA0 1.219489 100122 40
CPU17 45.039392 100083 sgemm sgemm CUDA3 1.261538 100123 40
CPU16 45.105659 100084 sgemm sgemm CUDA3 0.055470 100124 40
CPU3 24.712182 100087 ssyrk ssyrk CPU34 97.924499 100127 40
CPU17 44.827631 100088 sgemm sgemm CUDA1 0.999183 100128 40
CPU3 44.634234 100089 sgemm sgemm CUDA3 0.995153 100129 40
CPU16 44.837952 100090 sgemm sgemm CUDA2 1.114703 100130 40
CPU15 45.038097 100091 sgemm sgemm CUDA2 10.653227 100131 40
CPU0 45.084759 100092 sgemm sgemm CUDA1 0.990834 100132 40
CPU12 25.189222 100095 ssyrk ssyrk CPU -1 100135 40
CPU13 45.128861 100096 sgemm sgemm CUDA3 1.222399 100136 40
CPU16 45.292385 100097 sgemm sgemm CUDA3 1.172232 100137 40
CPU15 44.970451 100098 sgemm sgemm CUDA3 1.217771 100138 40
CPU7 45.194486 100099 sgemm sgemm CUDA3 1.107848 100139 40
CPU15 25.166452 100102 ssyrk ssyrk CPU13 97.497400 100142 40
CPU16 44.837511 100103 sgemm sgemm CUDA1 1.107689 100143 40
CPU11 44.976770 100104 sgemm sgemm CUDA2 0.935743 100144 40
CPU8 45.264191 100105 sgemm sgemm CUDA2 1.162437 100145 40
CPU2 25.257417 100108 ssyrk ssyrk CPU -1 100148 40
CPU0 45.371012 100109 sgemm sgemm CUDA0 0.050590 100149 40
CPU2 44.942038 100110 sgemm sgemm CUDA2 0.074266 100150 40
CPU18 25.120760 100113 ssyrk ssyrk CPU11 97.674168 100153 40
CPU18 45.154648 100114 sgemm sgemm CUDA3 12.063304 100154 40
CPU5 25.008616 100117 ssyrk ssyrk CPU12 101.360095 100157 40
CPU5 13.902715 100120 spotrf spotrf CPU -1 100160 40
CPU6 30.677076 100121 strsm strsm CUDA2 4.919668 100161 40
CPU19 30.522474 100122 strsm strsm CUDA1 0.043283 100162 40
CPU5 30.078167 100123 strsm strsm CUDA1 0.107789 100163 40
CPU3 30.315445 100124 strsm strsm CUDA3 2.857431 100164 40
CPU1 30.011899 100125 strsm strsm CUDA3 2.718817 100165 40
CPU0 30.870253 100126 strsm strsm CUDA3 2.639820 100166 40
CPU9 30.168358 100127 strsm strsm CUDA2 2.859926 100167 40
CPU2 30.466263 100128 strsm strsm CUDA2 1.481972 100168 40
CPU10 30.730653 100129 strsm strsm CUDA3 0.089682 100169 40
CPU5 30.308208 100130 strsm strsm CUDA1 2.955128 100170 40
CPU11 30.065524 100131 strsm strsm CUDA3 2.822542 100171 40
CPU11 29.948073 100132 strsm strsm CUDA2 2.895506 100172 40
CPU4 30.561450 100133 strsm strsm CPU15 86.713823 100173 40
CPU10 30.582385 100134 strsm strsm CPU14 97.582873 100174 40
CPU4 30.506630 100135 strsm strsm CPU16 78.085680 100175 40
CPU15 29.819882 100136 strsm strsm CPU10 111.248338 100176 40
CPU10 30.706398 100137 strsm strsm CPU21 97.937030 100177 40
CPU14 30.519504 100138 strsm strsm CPU -1 100178 40
CPU17 30.598586 100139 strsm strsm CPU30 109.632641 100179 40
CPU9 30.483672 100140 strsm strsm CPU25 97.968989 100180 40
CPU13 30.897436 100141 strsm strsm CPU10 83.771059 100181 40
CPU14 30.061750 100142 strsm strsm CPU30 100.445316 100182 40
CPU16 30.119093 100143 strsm strsm CPU -1 100183 40
CPU19 30.416520 100144 strsm strsm CPU30 99.230708 100184 40
CPU18 30.075523 100145 strsm strsm CPU35 99.694581 100185 40
CPU11 30.023762 100146 strsm strsm CPU31 92.187911 100186 40
CPU10 30.728884 100147 strsm strsm CPU31 112.063740 100187 40
CPU13 30.629730 100148 strsm strsm CPU12 99.656993 100188 40
CPU9 30.120853 100149 strsm strsm CPU14 100.410443 100189 40
CPU15 29.865108 100150 strsm strsm CPU27 99.939031 100190 40
CPU13 30.810331 100151 strsm strsm CPU -1 100191 40
CPU4 30.872670 100152 strsm strsm CPU14 99.711738 100192 40
CPU6 30.590333 100153 strsm strsm CPU -1 100193 40
CPU10 30.566143 100154 strsm strsm CPU -1 100194 40
CPU17 30.636693 100155 strsm strsm CPU -1 100195 40
CPU19 30.418427 100156 strsm strsm CPU16 108.255834 100196 40
CPU8 30.091590 100157 strsm strsm CPU17 95.025259 100197 40
CPU15 29.852162 100158 strsm strsm CPU18 98.313175 100198 40
CPU12 30.728862 100159 strsm strsm CPU16 91.876003 100199 40
CPU12 30.602328 100160 strsm strsm CPU15 99.105103 100200 40
CPU15 30.171300 100161 strsm strsm CPU -1 100201 40
CPU17 30.833969 100162 strsm strsm CPU -1 100202 40
CPU18 30.106120 100163 strsm strsm CPU21 109.317899 100203 40
CPU4 30.511910 100164 strsm strsm CPU21 103.333962 100204 40
CPU6 25.303493 100167 ssyrk ssyrk CUDA2 0.050146 100207 40
CPU5 44.691047 100168 sgemm sgemm CUDA1 1.164888 100208 40
CPU19 45.211371 100169 sgemm sgemm CUDA1 1.159790 100209 40
CPU3 44.861080 100170 sgemm sgemm CUDA2 0.993509 100210 40
CPU2 44.874933 100171 sgemm sgemm CUDA2 1.159855 100211 40
CPU0 45.532287 100172 sgemm sgemm CUDA1 0.184941 100212 40
CPU4 45.059158 100173 sgemm sgemm CUDA2 0.994224 100213 40
CPU7 45.163459 100174 sgemm sgemm CUDA0 0.975372 100214 40
CPU18 44.891629 100175 sgemm sgemm CUDA0 1.289580 100215 40
CPU5 44.827013 100176 sgemm sgemm CUDA1 0.047752 100216 40
CPU0 45.123744 100177 sgemm sgemm CUDA2 0.995806 100217 40
CPU10 44.970721 100178 sgemm sgemm CUDA2 1.168193 100218 40
CPU6 44.952975 100179 sgemm sgemm CUDA1 12.237921 100219 40
CPU10 45.101731 100180 sgemm sgemm CUDA0 0.244280 100220 40
CPU8 44.848958 100181 sgemm sgemm CUDA2 1.003342 100221 40
CPU9 45.063263 100182 sgemm sgemm CUDA0 1.387608 100222 40
CPU6 44.488899 100183 sgemm sgemm CUDA1 1.053477 100223 40
CPU16 45.031706 100184 sgemm sgemm CUDA1 1.048236 100224 40
CPU6 44.836524 100185 sgemm sgemm CUDA0 1.321344 100225 40
CPU8 45.033196 100186 sgemm sgemm CUDA1 1.002849 100226 40
CPU13 45.264794 100187 sgemm sgemm CUDA1 1.167764 100227 40
CPU14 45.091188 100188 sgemm sgemm CUDA0 1.314036 100228 40
CPU15 44.793495 100189 sgemm sgemm CUDA0 1.270397 100229 40
CPU14 44.934133 100190 sgemm sgemm CUDA2 1.178458 100230 40
CPU8 44.870434 100191 sgemm sgemm CUDA3 1.396159 100231 40
CPU7 45.083988 100192 sgemm sgemm CUDA3 1.253313 100232 40
CPU10 45.086784 100193 sgemm sgemm CUDA2 12.805778 100233 40
CPU10 45.001358 100194 sgemm sgemm CUDA2 1.168724 100234 40
CPU9 44.251746 100195 sgemm sgemm CUDA0 1.214215 100235 40
CPU15 44.944754 100196 sgemm sgemm CUDA2 0.227815 100236 40
CPU16 45.160470 100197 sgemm sgemm CUDA0 0.164692 100237 40
CPU6 45.301763 100198 sgemm sgemm CUDA0 1.050030 100238 40
CPU9 44.691509 100199 sgemm sgemm CUDA0 1.054508 100239 40
CPU1 45.018404 100200 sgemm sgemm CUDA2 1.050789 100240 40
CPU3 44.885789 100201 sgemm sgemm CUDA0 1.168640 100241 40
CPU19 44.802101 100202 sgemm sgemm CUDA0 1.050855 100242 40
CPU8 44.706120 100203 sgemm sgemm CUDA3 0.047368 100243 40
CPU15 44.870387 100204 sgemm sgemm CUDA3 1.172366 100244 40
CPU17 46.046124 100205 sgemm sgemm CUDA2 1.161211 100245 40
CPU12 45.235924 100206 sgemm sgemm CUDA0 1.237860 100246 40
CPU1 44.860420 100207 sgemm sgemm CUDA0 0.992019 100247 40
CPU17 45.202125 100208 sgemm sgemm CUDA0 1.169814 100248 40
CPU18 44.991684 100209 sgemm sgemm CUDA2 1.175756 100249 40
CPU2 44.711515 100210 sgemm sgemm CUDA0 1.167532 100250 40
CPU19 25.353473 100213 ssyrk ssyrk CUDA1 0.573139 100253 40
CPU5 44.653688 100214 sgemm sgemm CUDA1 1.055790 100254 40
CPU4 45.211563 100215 sgemm sgemm CUDA2 1.952561 100255 40
CPU2 45.039795 100216 sgemm sgemm CUDA2 1.159592 100256 40
CPU8 44.935320 100217 sgemm sgemm CUDA1 1.011409 100257 40
CPU8 44.961951 100218 sgemm sgemm CUDA2 1.162851 100258 40
CPU9 45.123315 100219 sgemm sgemm CUDA0 0.101722 100259 40
CPU10 45.101832 100220 sgemm sgemm CUDA0 0.092274 100260 40
CPU6 45.298034 100221 sgemm sgemm CUDA1 2.019911 100261 40
CPU9 44.834365 100222 sgemm sgemm CUDA2 1.048208 100262 40
CPU4 45.285447 100223 sgemm sgemm CUDA2 1.164581 100263 40
CPU8 44.355303 100224 sgemm sgemm CUDA1 12.298425 100264 40
CPU9 45.321026 100225 sgemm sgemm CUDA0 1.050821 100265 40
CPU5 44.714339 100226 sgemm sgemm CUDA2 1.175251 100266 40
CPU16 44.897721 100227 sgemm sgemm CUDA0 0.100065 100267 40
CPU0 45.223668 100228 sgemm sgemm CUDA1 1.000381 100268 40
CPU14 44.923617 100229 sgemm sgemm CUDA1 1.001056 100269 40
CPU13 45.112679 100230 sgemm sgemm CUDA0 0.082880 100270 40
CPU9 45.229877 100231 sgemm sgemm CUDA1 12.275562 100271 40
CPU13 45.178297 100232 sgemm sgemm CUDA1 1.004552 100272 40
CPU14 44.947985 100233 sgemm sgemm CUDA0 1.011611 100273 40
CPU16 44.846579 100234 sgemm sgemm CUDA0 1.008280 100274 40
CPU17 44.768358 100235 sgemm sgemm CUDA2 1.315900 100275 40
CPU13 45.134299 100236 sgemm sgemm CUDA1 1.176505 100276 40
CPU10 45.002857 100237 sgemm sgemm CUDA2 1.015889 100277 40
CPU4 44.805513 100238 sgemm sgemm CPU34 178.837954 100278 40
CPU13 44.823909 100239 sgemm sgemm CUDA2 1.003560 100279 40
CPU7 44.552766 100240 sgemm sgemm CUDA0 1.221948 100280 40
CPU15 44.988426 100241 sgemm sgemm CUDA2 1.010139 100281 40
CPU16 45.063056 100242 sgemm sgemm CUDA0 1.003306 100282 40
CPU8 45.237829 100243 sgemm sgemm CUDA0 1.002589 100283 40
CPU6 44.937717 100244 sgemm sgemm CUDA0 0.997365 100284 40
CPU10 44.996986 100245 sgemm sgemm CUDA2 0.143692 100285 40
CPU3 44.940891 100246 sgemm sgemm CUDA0 1.004226 100286 40
CPU19 44.868946 100247 sgemm sgemm CUDA0 1.292165 100287 40
CPU8 44.798370 100248 sgemm sgemm CUDA3 0.997743 100288 40
CPU15 44.986403 100249 sgemm sgemm CUDA3 1.166477 100289 40
CPU8 45.232283 100250 sgemm sgemm CUDA2 8.169602 100290 40
CPU7 45.111571 100251 sgemm sgemm CUDA0 1.247469 100291 40
CPU5 44.995745 100252 sgemm sgemm CUDA0 1.159642 100292 40
CPU17 44.815171 100253 sgemm sgemm CUDA1 1.158847 100293 40
CPU18 44.871045 100254 sgemm sgemm CUDA2 0.064102 100294 40
CPU4 44.725341 100255 sgemm sgemm CUDA0 1.169431 100295 40
CPU5 24.748576 100258 ssyrk ssyrk CUDA1 0.881197 100298 40
CPU3 44.831583 100259 sgemm sgemm CUDA2 1.002196 100299 40
CPU1 44.875197 100260 sgemm sgemm CUDA2 12.243679 100300 40
CPU5 44.714502 100261 sgemm sgemm CUDA1 0.172568 100301 40
CPU5 44.731208 100262 sgemm sgemm CUDA1 1.256395 100302 40
CPU9 44.839734 100263 sgemm sgemm CUDA2 1.247502 100303 40
CPU10 45.155029 100264 sgemm sgemm CUDA3 1.011908 100304 40
CPU6 45.002225 100265 sgemm sgemm CUDA1 1.241342 100305 40
CPU2 44.907657 100266 sgemm sgemm CUDA2 1.001084 100306 40
CPU11 45.164739 100267 sgemm sgemm CUDA2 1.002859 100307 40
CPU9 44.899206 100268 sgemm sgemm CUDA2 1.173063 100308 40
CPU7 45.112544 100269 sgemm sgemm CUDA3 1.175111 100309 40
CPU4 44.729666 100270 sgemm sgemm CUDA2 1.173925 100310 40
CPU3 45.149501 100271 sgemm sgemm CUDA3 1.445126 100311 40
CPU10 45.236371 100272 sgemm sgemm CUDA2 1.002084 100312 40
CPU18 45.074889 100273 sgemm sgemm CUDA1 1.236536 100313 40
CPU14 45.256676 100274 sgemm sgemm CUDA1 1.215353 100314 40
CPU9 45.110373 100275 sgemm sgemm CUDA3 1.176071 100315 40
CPU13 45.218630 100276 sgemm sgemm CUDA1 1.006800 100316 40
CPU14 45.164147 100277 sgemm sgemm CUDA1 1.177852 100317 40
CPU16 45.087195 100278 sgemm sgemm CUDA3 1.046551 100318 40
CPU17 45.201344 100279 sgemm sgemm CUDA3 1.003894 100319 40
CPU10 45.043424 100280 sgemm sgemm CUDA3 1.182240 100320 40
CPU1 44.798424 100281 sgemm sgemm CUDA3 13.189730 100321 40
CPU0 45.055008 100282 sgemm sgemm CUDA2 1.013307 100322 40
CPU8 44.974833 100283 sgemm sgemm CUDA2 0.998356 100323 40
CPU2 44.660318 100284 sgemm sgemm CUDA1 12.052520 100324 40
CPU15 45.086340 100285 sgemm sgemm CUDA2 0.999501 100325 40
CPU14 45.158760 100286 sgemm sgemm CUDA3 0.389654 100326 40
CPU4 45.150992 100287 sgemm sgemm CUDA2 12.209646 100327 40
CPU5 44.644599 100288 sgemm sgemm CUDA3 0.996995 100328 40
CPU13 45.093289 100289 sgemm sgemm CUDA2 1.169865 100329 40
CPU17 45.268531 100290 sgemm sgemm CUDA2 0.996126 100330 40
CPU18 44.713434 100291 sgemm sgemm CUDA2 1.002990 100331 40
CPU8 44.627467 100292 sgemm sgemm CUDA3 0.105759 100332 40
CPU12 45.091377 100293 sgemm sgemm CUDA2 0.996704 100333 40
CPU12 45.134269 100294 sgemm sgemm CUDA2 1.169032 100334 40
CPU7 45.121048 100295 sgemm sgemm CUDA3 1.162212 100335 40
CPU5 44.853569 100296 sgemm sgemm CUDA3 1.169440 100336 40
CPU17 45.838691 100297 sgemm sgemm CUDA1 0.999066 100337 40
CPU18 45.090170 100298 sgemm sgemm CUDA2 0.995010 100338 40
CPU4 44.949561 100299 sgemm sgemm CUDA2 1.166169 100339 40
CPU3 25.182475 100302 ssyrk ssyrk CUDA3 11.837781 100342 40
CPU3 44.913125 100303 sgemm sgemm CUDA3 0.995592 100343 40
CPU3 44.573087 100304 sgemm sgemm CUDA3 0.996843 100344 40
CPU9 45.011413 100305 sgemm sgemm CUDA1 0.996803 100345 40
CPU3 44.998365 100306 sgemm sgemm CUDA2 0.993783 100346 40
CPU10 44.956563 100307 sgemm sgemm CUDA3 0.994570 100347 40
CPU7 45.113384 100308 sgemm sgemm CUDA1 1.322304 100348 40
CPU6 45.218160 100309 sgemm sgemm CUDA2 0.226504 100349 40
CPU10 44.882629 100310 sgemm sgemm CUDA2 1.171558 100350 40
CPU10 44.899488 100311 sgemm sgemm CUDA2 0.996421 100351 40
CPU2 44.858479 100312 sgemm sgemm CUDA3 0.999082 100352 40
CPU11 44.857183 100313 sgemm sgemm CUDA2 1.217307 100353 40
CPU13 44.975778 100314 sgemm sgemm CUDA3 1.218938 100354 40
CPU8 44.855106 100315 sgemm sgemm CUDA2 0.999601 100355 40
CPU0 45.329797 100316 sgemm sgemm CUDA1 1.001304 100356 40
CPU13 44.828569 100317 sgemm sgemm CUDA1 1.173211 100357 40
CPU9 45.260918 100318 sgemm sgemm CUDA3 1.218519 100358 40
CPU13 44.983235 100319 sgemm sgemm CUDA1 1.176622 100359 40
CPU14 45.019901 100320 sgemm sgemm CUDA1 0.267182 100360 40
CPU15 44.645350 100321 sgemm sgemm CUDA3 1.051202 100361 40
CPU14 44.741728 100322 sgemm sgemm CUDA2 1.217476 100362 40
CPU16 44.865342 100323 sgemm sgemm CUDA1 1.279213 100363 40
CPU11 45.114325 100324 sgemm sgemm CUDA3 0.065559 100364 40
CPU0 45.366816 100325 sgemm sgemm CUDA2 1.004602 100365 40
CPU12 44.855017 100326 sgemm sgemm CUDA2 1.176720 100366 40
CPU6 45.179619 100327 sgemm sgemm CUDA1 12.144856 100367 40
CPU15 44.834144 100328 sgemm sgemm CUDA2 1.010983 100368 40
CPU13 44.957362 100329 sgemm sgemm CUDA3 1.020704 100369 40
CPU7 45.233071 100330 sgemm sgemm CUDA0 1.170372 100370 40
CPU15 44.931094 100331 sgemm sgemm CUDA0 1.179581 100371 40
CPU10 45.246276 100332 sgemm sgemm CUDA2 1.169999 100372 40
CPU14 44.999116 100333 sgemm sgemm CUDA0 1.169811 100373 40
CPU19 44.866539 100334 sgemm sgemm CUDA2 0.061760 100374 40
CPU8 44.947132 100335 sgemm sgemm CUDA1 1.160440 100375 40
CPU16 44.380569 100336 sgemm sgemm CUDA2 0.999160 100376 40
CPU12 44.891124 100337 sgemm sgemm CUDA2 0.074469 100377 40
CPU5 45.282398 100338 sgemm sgemm CUDA3 1.165731 100378 40
CPU15 44.707715 100339 sgemm sgemm CUDA3 1.169939 100379 40
CPU1 45.346177 100340 sgemm sgemm CUDA0 0.123441 100380 40
CPU7 45.145195 100341 sgemm sgemm CUDA3 1.165385 100381 40
CPU4 44.937668 100342 sgemm sgemm CUDA2 1.167102 100382 40
CPU1 25.043070 100345 ssyrk ssyrk CUDA2 10.764246 100385 40
CPU6 44.860351 100346 sgemm sgemm CUDA3 1.218079 100386 40
CPU7 45.327041 100347 sgemm sgemm CUDA1 1.374165 100387 40
CPU3 44.936424 100348 sgemm sgemm CUDA2 1.166854 100388 40
CPU19 45.263163 100349 sgemm sgemm CUDA3 0.992714 100389 40
CPU7 45.054435 100350 sgemm sgemm CUDA1 1.005473 100390 40
CPU10 45.104515 100351 sgemm sgemm CUDA2 1.163443 100391 40
CPU4 45.145449 100352 sgemm sgemm CUDA2 1.224064 100392 40
CPU11 45.166436 100353 sgemm sgemm CUDA2 1.004167 100393 40
CPU1 44.849051 100354 sgemm sgemm CUDA3 1.167889 100394 40
CPU12 45.171254 100355 sgemm sgemm CUDA2 1.251588 100395 40
CPU8 44.868122 100356 sgemm sgemm CUDA3 0.119962 100396 40
CPU1 44.710563 100357 sgemm sgemm CUDA2 1.224668 100397 40
CPU19 45.051884 100358 sgemm sgemm CUDA1 0.988994 100398 40
CPU17 44.984081 100359 sgemm sgemm CUDA1 1.005559 100399 40
CPU7 45.176311 100360 sgemm sgemm CUDA3 1.001549 100400 40
CPU13 45.214522 100361 sgemm sgemm CUDA1 1.252799 100401 40
CPU14 45.135233 100362 sgemm sgemm CUDA3 1.000793 100402 40
CPU15 44.763867 100363 sgemm sgemm CUDA3 1.177962 100403 40
CPU17 44.918104 100364 sgemm sgemm CUDA2 1.278171 100404 40
CPU14 45.080644 100365 sgemm sgemm CUDA3 12.699866 100405 40
CPU13 44.930520 100366 sgemm sgemm CUDA3 1.237433 100406 40
CPU13 44.960287 100367 sgemm sgemm CUDA2 1.010468 100407 40
CPU15 44.815380 100368 sgemm sgemm CUDA2 1.173501 100408 40
CPU18 45.024682 100369 sgemm sgemm CUDA1 1.176680 100409 40
CPU12 45.039539 100370 sgemm sgemm CUDA2 1.006065 100410 40
CPU1 44.922982 100371 sgemm sgemm CUDA3 1.005784 100411 40
CPU5 44.971742 100372 sgemm sgemm CUDA2 1.172944 100412 40
CPU8 44.856983 100373 sgemm sgemm CUDA3 1.000617 100413 40
CPU12 45.082820 100374 sgemm sgemm CUDA2 1.171190 100414 40
CPU12 45.031842 100375 sgemm sgemm CUDA2 12.956705 100415 40
CPU19 44.939511 100376 sgemm sgemm CUDA2 1.000606 100416 40
CPU8 44.964187 100377 sgemm sgemm CUDA3 1.001730 100417 40
CPU15 45.005358 100378 sgemm sgemm CUDA1 1.165390 100418 40
CPU14 44.879083 100379 sgemm sgemm CUDA2 0.950718 100419 40
CPU2 44.853316 100380 sgemm sgemm CUDA3 12.134299 100420 40
CPU15 44.870922 100381 sgemm sgemm CUDA3 31.384603 100421 40
CPU17 44.976434 100382 sgemm sgemm CUDA1 0.990669 100422 40
CPU19 45.555288 100383 sgemm sgemm CUDA3 1.162841 100423 40
CPU8 44.678204 100384 sgemm sgemm CUDA2 0.987820 100424 40
CPU0 25.370257 100387 ssyrk ssyrk CUDA3 1.760803 100427 40
CPU1 44.873773 100388 sgemm sgemm CUDA1 0.080964 100428 40
CPU0 44.990990 100389 sgemm sgemm CUDA0 0.063012 100429 40
CPU9 44.839704 100390 sgemm sgemm CUDA0 1.051309 100430 40
CPU8 45.009032 100391 sgemm sgemm CUDA1 1.172988 100431 40
CPU2 45.117521 100392 sgemm sgemm CUDA3 1.176209 100432 40
CPU6 45.206697 100393 sgemm sgemm CUDA0 1.163518 100433 40
CPU0 45.176321 100394 sgemm sgemm CUDA1 1.172115 100434 40
CPU0 44.851376 100395 sgemm sgemm CUDA3 0.066220 100435 40
CPU6 45.112314 100396 sgemm sgemm CUDA3 1.168016 100436 40
CPU1 45.018959 100397 sgemm sgemm CUDA0 0.716157 100437 40
CPU2 44.555378 100398 sgemm sgemm CUDA1 1.174873 100438 40
CPU14 44.835714 100399 sgemm sgemm CUDA0 12.100368 100439 40
CPU14 45.074600 100400 sgemm sgemm CUDA3 1.178504 100440 40
CPU9 45.106881 100401 sgemm sgemm CUDA3 1.005386 100441 40
CPU12 44.944117 100402 sgemm sgemm CUDA1 13.289744 100442 40
CPU2 44.741108 100403 sgemm sgemm CUDA1 1.172564 100443 40
CPU16 44.887605 100404 sgemm sgemm CUDA3 1.184039 100444 40
CPU16 44.723409 100405 sgemm sgemm CUDA3 12.302455 100445 40
CPU12 44.952018 100406 sgemm sgemm CUDA3 1.221107 100446 40
CPU16 44.817096 100407 sgemm sgemm CUDA1 1.003669 100447 40
CPU14 45.050572 100408 sgemm sgemm CUDA0 0.990907 100448 40
CPU16 44.894723 100409 sgemm sgemm CUDA2 0.085527 100449 40
CPU11 44.808086 100410 sgemm sgemm CPU21 177.146349 100450 40
CPU15 44.882503 100411 sgemm sgemm CUDA2 0.998559 100451 40
CPU5 45.074771 100412 sgemm sgemm CUDA3 0.137141 100452 40
CPU3 45.044011 100413 sgemm sgemm CUDA0 1.174998 100453 40
CPU10 45.167055 100414 sgemm sgemm CUDA0 0.994800 100454 40
CPU15 44.630605 100415 sgemm sgemm CUDA2 1.247679 100455 40
CPU15 44.635301 100416 sgemm sgemm CUDA0 1.000557 100456 40
CPU18 44.650756 100417 sgemm sgemm CUDA0 1.171117 100457 40
CPU8 45.030819 100418 sgemm sgemm CUDA3 1.263894 100458 40
CPU11 44.777980 100419 sgemm sgemm CUDA2 1.166254 100459 40
CPU1 45.177731 100420 sgemm sgemm CUDA2 0.997825 100460 40
CPU6 45.159868 100421 sgemm sgemm CUDA3 1.166832 100461 40
CPU13 45.171892 100422 sgemm sgemm CUDA3 1.113147 100462 40
CPU13 45.257119 100423 sgemm sgemm CUDA0 0.984911 100463 40
CPU2 44.858750 100424 sgemm sgemm CUDA3 0.995308 100464 40
CPU0 44.989876 100425 sgemm sgemm CUDA2 1.159790 100465 40
CPU9 24.997859 100428 ssyrk ssyrk CUDA2 0.874072 100468 40
CPU6 45.038192 100429 sgemm sgemm CUDA0 0.998915 100469 40
CPU18 44.831635 100430 sgemm sgemm CUDA0 1.289161 100470 40
CPU5 44.756916 100431 sgemm sgemm CUDA1 1.161059 100471 40
CPU7 44.903469 100432 sgemm sgemm CUDA3 1.001282 100472 40
CPU1 45.211263 100433 sgemm sgemm CUDA0 1.203284 100473 40
CPU1 44.921928 100434 sgemm sgemm CUDA1 1.052341 100474 40
CPU9 44.505771 100435 sgemm sgemm CUDA3 0.995201 100475 40
CPU13 45.021098 100436 sgemm sgemm CUDA3 1.159947 100476 40
CPU12 44.982309 100437 sgemm sgemm CUDA3 1.002573 100477 40
CPU4 44.460101 100438 sgemm sgemm CUDA1 1.171447 100478 40
CPU15 44.961731 100439 sgemm sgemm CUDA1 1.008664 100479 40
CPU15 44.935817 100440 sgemm sgemm CUDA1 13.076042 100480 40
CPU14 44.886295 100441 sgemm sgemm CUDA3 0.069823 100481 40
CPU12 45.059473 100442 sgemm sgemm CUDA1 1.017114 100482 40
CPU18 44.947930 100443 sgemm sgemm CUDA1 1.181637 100483 40
CPU15 45.083209 100444 sgemm sgemm CUDA3 1.004447 100484 40
CPU9 45.210888 100445 sgemm sgemm CUDA3 1.245970 100485 40
CPU11 45.222138 100446 sgemm sgemm CUDA3 1.176468 100486 40
CPU11 44.759787 100447 sgemm sgemm CUDA3 1.219399 100487 40
CPU10 44.969001 100448 sgemm sgemm CUDA0 1.001624 100488 40
CPU4 45.340816 100449 sgemm sgemm CUDA2 1.131631 100489 40
CPU6 45.123501 100450 sgemm sgemm CUDA1 1.168312 100490 40
CPU16 44.916583 100451 sgemm sgemm CUDA2 0.996385 100491 40
CPU10 44.993832 100452 sgemm sgemm CUDA3 1.160219 100492 40
CPU2 45.090985 100453 sgemm sgemm CUDA0 0.997929 100493 40
CPU13 45.086481 100454 sgemm sgemm CUDA0 1.168354 100494 40
CPU18 45.098480 100455 sgemm sgemm CUDA0 1.231999 100495 40
CPU13 45.038250 100456 sgemm sgemm CUDA0 0.999449 100496 40
CPU18 44.690162 100457 sgemm sgemm CUDA0 1.169761 100497 40
CPU8 44.800144 100458 sgemm sgemm CUDA1 0.997897 100498 40
CPU9 44.744465 100459 sgemm sgemm CUDA0 1.157970 100499 40
CPU19 45.039732 100460 sgemm sgemm CUDA3 1.168401 100500 40
CPU10 44.852131 100461 sgemm sgemm CUDA0 1.167661 100501 40
CPU3 45.043932 100462 sgemm sgemm CUDA3 0.992674 100502 40
CPU12 45.176180 100463 sgemm sgemm CUDA1 1.171734 100503 40
CPU10 45.191452 100464 sgemm sgemm CUDA3 1.001121 100504 40
CPU0 44.779245 100465 sgemm sgemm CUDA0 0.989290 100505 40
CPU2 25.211141 100468 ssyrk ssyrk CUDA0 0.772401 100508 40
CPU4 45.185718 100469 sgemm sgemm CUDA0 0.068878 100509 40
CPU12 45.199098 100470 sgemm sgemm CUDA0 1.000516 100510 40
CPU10 44.926399 100471 sgemm sgemm CUDA2 0.054278 100511 40
CPU11 44.924370 100472 sgemm sgemm CUDA2 1.260654 100512 40
CPU1 44.978737 100473 sgemm sgemm CUDA2 1.173119 100513 40
CPU12 45.012750 100474 sgemm sgemm CUDA0 1.001380 100514 40
CPU12 44.913282 100475 sgemm sgemm CUDA2 1.006420 100515 40
CPU14 44.995911 100476 sgemm sgemm CUDA0 1.164093 100516 40
CPU5 45.021532 100477 sgemm sgemm CUDA2 1.003490 100517 40
CPU14 44.833343 100478 sgemm sgemm CUDA0 1.465515 100518 40
CPU17 45.122883 100479 sgemm sgemm CUDA3 1.216168 100519 40
CPU14 44.899339 100480 sgemm sgemm CUDA0 1.173140 100520 40
CPU18 44.884417 100481 sgemm sgemm CUDA2 1.005021 100521 40
CPU1 45.044255 100482 sgemm sgemm CUDA0 0.156120 100522 40
CPU15 44.789943 100483 sgemm sgemm CUDA3 1.000400 100523 40
CPU3 45.359211 100484 sgemm sgemm CUDA3 1.243784 100524 40
CPU12 44.843324 100485 sgemm sgemm CUDA3 0.769461 100525 40
CPU7 45.374777 100486 sgemm sgemm CUDA3 1.173502 100526 40
CPU16 44.916227 100487 sgemm sgemm CUDA2 1.225127 100527 40
CPU15 44.756011 100488 sgemm sgemm CUDA0 1.175417 100528 40
CPU0 45.128851 100489 sgemm sgemm CUDA0 0.082727 100529 40
CPU0 45.546526 100490 sgemm sgemm CUDA2 1.170477 100530 40
CPU13 44.865689 100491 sgemm sgemm CUDA3 1.002799 100531 40
CPU0 45.544877 100492 sgemm sgemm CUDA0 1.000149 100532 40
CPU13 45.065297 100493 sgemm sgemm CUDA3 1.002568 100533 40
CPU10 44.915349 100494 sgemm sgemm CUDA2 1.152385 100534 40
CPU6 45.835354 100495 sgemm sgemm CUDA0 1.177422 100535 40
CPU19 44.834812 100496 sgemm sgemm CUDA2 1.167638 100536 40
CPU8 44.665250 100497 sgemm sgemm CUDA3 0.993883 100537 40
CPU10 44.987633 100498 sgemm sgemm CUDA0 1.169736 100538 40
CPU0 45.424210 100499 sgemm sgemm CUDA3 1.155669 100539 40
CPU1 45.027896 100500 sgemm sgemm CUDA3 1.163342 100540 40
CPU7 45.203109 100501 sgemm sgemm CUDA3 0.995002 100541 40
CPU9 45.359123 100502 sgemm sgemm CUDA0 1.164129 100542 40
CPU4 45.170818 100503 sgemm sgemm CUDA3 1.162656 100543 40
CPU8 44.655977 100504 sgemm sgemm CUDA2 1.165348 100544 40
CPU10 25.320800 100507 ssyrk ssyrk CUDA3 0.048900 100547 40
CPU6 45.034762 100508 sgemm sgemm CUDA0 0.992717 100548 40
CPU3 45.040934 100509 sgemm sgemm CUDA2 1.176481 100549 40
CPU4 45.099453 100510 sgemm sgemm CUDA0 1.102740 100550 40
CPU0 45.200169 100511 sgemm sgemm CUDA3 1.007057 100551 40
CPU3 44.206292 100512 sgemm sgemm CUDA0 0.990575 100552 40
CPU7 45.053896 100513 sgemm sgemm CUDA3 0.996705 100553 40
CPU2 45.132759 100514 sgemm sgemm CUDA3 1.050025 100554 40
CPU0 44.807332 100515 sgemm sgemm CUDA2 0.166669 100555 40
CPU15 45.070207 100516 sgemm sgemm CUDA0 1.006141 100556 40
CPU13 45.027002 100517 sgemm sgemm CUDA3 24.665857 100557 40
CPU15 44.820768 100518 sgemm sgemm CUDA0 1.005245 100558 40
CPU12 45.200664 100519 sgemm sgemm CUDA2 1.007147 100559 40
CPU3 44.814680 100520 sgemm sgemm CUDA0 1.170374 100560 40
CPU15 44.865869 100521 sgemm sgemm CUDA0 1.005031 100561 40
CPU12 45.000523 100522 sgemm sgemm CUDA2 0.059178 100562 40
CPU11 44.971869 100523 sgemm sgemm CUDA3 12.447899 100563 40
CPU9 45.302936 100524 sgemm sgemm CUDA3 1.174523 100564 40
CPU7 44.967562 100525 sgemm sgemm CUDA0 1.011717 100565 40
CPU10 44.977115 100526 sgemm sgemm CUDA0 1.004701 100566 40
CPU8 44.440235 100527 sgemm sgemm CUDA0 1.231338 100567 40
CPU9 45.016333 100528 sgemm sgemm CUDA2 1.382419 100568 40
CPU17 45.612551 100529 sgemm sgemm CUDA0 1.164899 100569 40
CPU8 44.904760 100530 sgemm sgemm CUDA2 1.003963 100570 40
CPU13 45.222814 100531 sgemm sgemm CUDA0 1.166001 100571 40
CPU0 45.323096 100532 sgemm sgemm CUDA2 0.998703 100572 40
CPU15 44.823704 100533 sgemm sgemm CUDA0 1.169606 100573 40
CPU19 45.010427 100534 sgemm sgemm CUDA2 12.352875 100574 40
CPU5 44.784238 100535 sgemm sgemm CUDA2 1.168962 100575 40
CPU9 44.713084 100536 sgemm sgemm CUDA0 0.996351 100576 40
CPU2 44.740182 100537 sgemm sgemm CUDA2 4.723535 100577 40
CPU0 45.065564 100538 sgemm sgemm CUDA0 0.999148 100578 40
CPU14 45.132708 100539 sgemm sgemm CUDA3 1.169974 100579 40
CPU1 45.283076 100540 sgemm sgemm CUDA0 0.047888 100580 40
CPU12 45.138394 100541 sgemm sgemm CUDA3 0.991265 100581 40
CPU0 45.065485 100542 sgemm sgemm CUDA0 0.997914 100582 40
CPU5 25.005610 100545 ssyrk ssyrk CUDA1 0.580163 100585 40
CPU2 45.139130 100546 sgemm sgemm CUDA2 1.167676 100586 40
CPU0 45.273488 100547 sgemm sgemm CUDA2 0.131341 100587 40
CPU8 44.917043 100548 sgemm sgemm CUDA1 0.996186 100588 40
CPU6 44.848313 100549 sgemm sgemm CUDA0 1.000116 100589 40
CPU7 45.178002 100550 sgemm sgemm CUDA1 1.177768 100590 40
CPU12 45.063357 100551 sgemm sgemm CUDA0 1.044390 100591 40
CPU10 45.015513 100552 sgemm sgemm CUDA1 1.178443 100592 40
CPU12 45.156543 100553 sgemm sgemm CUDA2 0.130951 100593 40
CPU14 45.099917 100554 sgemm sgemm CUDA0 1.009652 100594 40
CPU16 44.841207 100555 sgemm sgemm CUDA0 1.167845 100595 40
CPU12 45.250797 100556 sgemm sgemm CUDA2 1.002830 100596 40
CPU11 45.077712 100557 sgemm sgemm CUDA2 1.173255 100597 40
CPU15 44.802206 100558 sgemm sgemm CUDA0 1.167407 100598 40
CPU16 44.993658 100559 sgemm sgemm CUDA1 1.219589 100599 40
CPU15 45.082393 100560 sgemm sgemm CUDA1 1.293890 100600 40
CPU8 45.126438 100561 sgemm sgemm CUDA1 1.174072 100601 40
CPU12 44.911589 100562 sgemm sgemm CUDA2 1.165039 100602 40
CPU18 44.980766 100563 sgemm sgemm CUDA0 1.004376 100603 40
CPU4 44.436278 100564 sgemm sgemm CUDA1 0.995862 100604 40
CPU12 44.981181 100565 sgemm sgemm CUDA2 1.003191 100605 40
CPU15 44.950060 100566 sgemm sgemm CUDA0 1.000092 100606 40
CPU9 45.048058 100567 sgemm sgemm CUDA0 0.997281 100607 40
CPU8 45.015401 100568 sgemm sgemm CUDA0 1.164861 100608 40
CPU17 44.825941 100569 sgemm sgemm CUDA2 1.276865 100609 40
CPU12 45.727098 100570 sgemm sgemm CUDA0 1.155905 100610 40
CPU19 44.860288 100571 sgemm sgemm CUDA0 0.997787 100611 40
CPU4 45.016189 100572 sgemm sgemm CUDA2 0.994765 100612 40
CPU9 44.899459 100573 sgemm sgemm CUDA1 1.226992 100613 40
CPU13 46.765049 100574 sgemm sgemm CUDA2 1.169318 100614 40
CPU3 44.807601 100575 sgemm sgemm CUDA0 0.993832 100615 40
CPU4 45.042153 100576 sgemm sgemm CUDA0 1.167703 100616 40
CPU0 45.517991 100577 sgemm sgemm CUDA1 1.218002 100617 40
CPU11 44.783675 100578 sgemm sgemm CUDA2 1.050666 100618 40
CPU3 44.810601 100579 sgemm sgemm CUDA2 1.159710 100619 40
CPU11 24.905721 100582 ssyrk ssyrk CUDA3 0.065951 100622 40
CPU5 44.779926 100583 sgemm sgemm CUDA2 1.174320 100623 40
CPU9 44.800409 100584 sgemm sgemm CUDA2 7.402717 100624 40
CPU2 44.970266 100585 sgemm sgemm CUDA3 1.187203 100625 40
CPU2 44.745662 100586 sgemm sgemm CUDA3 1.303396 100626 40
CPU6 45.460718 100587 sgemm sgemm CUDA3 1.006783 100627 40
CPU4 45.094916 100588 sgemm sgemm CUDA2 1.303001 100628 40
CPU15 44.833540 100589 sgemm sgemm CUDA1 1.278676 100629 40
CPU13 44.909826 100590 sgemm sgemm CUDA3 1.007146 100630 40
CPU14 45.103916 100591 sgemm sgemm CUDA3 0.061019 100631 40
CPU12 45.135421 100592 sgemm sgemm CUDA2 1.277183 100632 40
CPU0 45.016957 100593 sgemm sgemm CUDA2 1.175808 100633 40
CPU16 44.803969 100594 sgemm sgemm CUDA3 1.176945 100634 40
CPU16 45.123335 100595 sgemm sgemm CUDA1 1.050940 100635 40
CPU12 45.150791 100596 sgemm sgemm CUDA3 0.997384 100636 40
CPU10 45.136218 100597 sgemm sgemm CUDA1 1.221389 100637 40
CPU12 45.071633 100598 sgemm sgemm CUDA0 1.001687 100638 40
CPU12 44.958597 100599 sgemm sgemm CUDA2 0.066415 100639 40
CPU5 44.263144 100600 sgemm sgemm CUDA1 1.172558 100640 40
CPU13 44.909563 100601 sgemm sgemm CUDA2 0.998348 100641 40
CPU17 44.980237 100602 sgemm sgemm CUDA3 1.173353 100642 40
CPU4 45.191527 100603 sgemm sgemm CUDA2 0.942147 100643 40
CPU1 44.944809 100604 sgemm sgemm CUDA0 0.995030 100644 40
CPU16 45.073796 100605 sgemm sgemm CUDA2 0.993267 100645 40
CPU18 44.990642 100606 sgemm sgemm CUDA2 1.164944 100646 40
CPU19 44.989925 100607 sgemm sgemm CUDA2 0.998809 100647 40
CPU3 45.038301 100608 sgemm sgemm CUDA2 1.000234 100648 40
CPU7 45.067792 100609 sgemm sgemm CUDA1 0.996443 100649 40
CPU14 44.807468 100610 sgemm sgemm CUDA3 1.050834 100650 40
CPU8 44.791440 100611 sgemm sgemm CUDA3 12.285918 100651 40
CPU13 45.087291 100612 sgemm sgemm CUDA3 1.001536 100652 40
CPU12 45.154503 100613 sgemm sgemm CUDA1 0.995959 100653 40
CPU12 44.944137 100614 sgemm sgemm CUDA2 0.069433 100654 40
CPU6 44.948531 100615 sgemm sgemm CUDA3 0.991953 100655 40
CPU11 24.870453 100618 ssyrk ssyrk CPU -1 100658 40
CPU6 45.081010 100619 sgemm sgemm CUDA2 1.218472 100659 40
CPU9 45.012209 100620 sgemm sgemm CUDA0 1.008263 100660 40
CPU14 44.887031 100621 sgemm sgemm CUDA2 1.009180 100661 40
CPU16 44.855802 100622 sgemm sgemm CUDA0 1.173628 100662 40
CPU3 45.002174 100623 sgemm sgemm CUDA2 1.007013 100663 40
CPU14 45.131962 100624 sgemm sgemm CUDA2 1.174061 100664 40
CPU10 44.933597 100625 sgemm sgemm CUDA0 1.257711 100665 40
CPU11 44.525306 100626 sgemm sgemm CUDA0 12.148102 100666 40
CPU6 45.227175 100627 sgemm sgemm CUDA2 0.060243 100667 40
CPU10 44.830247 100628 sgemm sgemm CUDA2 1.004172 100668 40
CPU15 44.724107 100629 sgemm sgemm CUDA0 1.007943 100669 40
CPU13 44.836319 100630 sgemm sgemm CUDA2 1.172186 100670 40
CPU4 45.218781 100631 sgemm sgemm CUDA3 1.218075 100671 40
CPU11 45.060131 100632 sgemm sgemm CUDA3 1.001030 100672 40
CPU15 44.915592 100633 sgemm sgemm CUDA0 1.344538 100673 40
CPU13 44.732984 100634 sgemm sgemm CUDA0 0.995841 100674 40
CPU19 45.015799 100635 sgemm sgemm CUDA0 1.264865 100675 40
CPU15 44.706782 100636 sgemm sgemm CUDA2 1.287323 100676 40
CPU10 45.066792 100637 sgemm sgemm CUDA0 1.001298 100677 40
CPU7 45.201839 100638 sgemm sgemm CUDA0 0.996176 100678 40
CPU16 45.781485 100639 sgemm sgemm CUDA3 1.156583 100679 40
CPU14 45.143393 100640 sgemm sgemm CUDA0 0.079878 100680 40
CPU14 44.971365 100641 sgemm sgemm CUDA0 1.001778 100681 40
CPU18 44.557676 100642 sgemm sgemm CUDA0 1.281668 100682 40
CPU5 44.939052 100643 sgemm sgemm CUDA2 1.158643 100683 40
CPU2 45.477984 100644 sgemm sgemm CUDA0 1.167140 100684 40
CPU0 45.688920 100645 sgemm sgemm CUDA3 1.388175 100685 40
CPU11 44.588200 100646 sgemm sgemm CUDA3 0.993948 100686 40
CPU12 45.161972 100647 sgemm sgemm CUDA3 0.993755 100687 40
CPU1 45.237081 100648 sgemm sgemm CUDA0 0.992415 100688 40
CPU6 45.339412 100649 sgemm sgemm CUDA3 12.027845 100689 40
CPU9 44.785257 100650 sgemm sgemm CUDA3 0.064832 100690 40
CPU4 25.188652 100653 ssyrk ssyrk CPU13 85.843017 100693 40
CPU5 44.519429 100654 sgemm sgemm CUDA3 12.458836 100694 40
CPU9 44.908572 100655 sgemm sgemm CUDA2 7.450529 100695 40
CPU15 44.872883 100656 sgemm sgemm CUDA3 1.176561 100696 40
CPU11 45.240461 100657 sgemm sgemm CUDA1 1.176253 100697 40
CPU11 44.845769 100658 sgemm sgemm CUDA1 12.125541 100698 40
CPU13 45.218072 100659 sgemm sgemm CUDA1 12.714215 100699 40
CPU16 44.769260 100660 sgemm sgemm CUDA3 1.007655 100700 40
CPU9 44.857474 100661 sgemm sgemm CUDA2 0.087839 100701 40
CPU8 44.789111 100662 sgemm sgemm CUDA2 1.171140 100702 40
CPU12 45.083392 100663 sgemm sgemm CUDA3 1.176919 100703 40
CPU16 44.926675 100664 sgemm sgemm CUDA2 1.166723 100704 40
CPU4 45.081244 100665 sgemm sgemm CUDA3 0.992467 100705 40
CPU15 44.822849 100666 sgemm sgemm CUDA3 1.164948 100706 40
CPU14 45.084834 100667 sgemm sgemm CUDA2 1.242268 100707 40
CPU6 45.225812 100668 sgemm sgemm CUDA2 1.168561 100708 40
CPU10 45.033187 100669 sgemm sgemm CUDA1 1.169438 100709 40
CPU9 45.048622 100670 sgemm sgemm CUDA2 1.096273 100710 40
CPU14 45.309809 100671 sgemm sgemm CUDA2 1.000632 100711 40
CPU4 45.133408 100672 sgemm sgemm CUDA2 1.000715 100712 40
CPU11 45.052566 100673 sgemm sgemm CUDA2 1.164793 100713 40
CPU5 45.083455 100674 sgemm sgemm CUDA2 12.310090 100714 40
CPU11 44.979301 100675 sgemm sgemm CUDA2 1.166923 100715 40
CPU18 45.028098 100676 sgemm sgemm CUDA2 1.240776 100716 40
CPU0 44.888639 100677 sgemm sgemm CUDA2 0.998561 100717 40
CPU6 44.823265 100678 sgemm sgemm CUDA2 0.999751 100718 40
CPU1 45.179735 100679 sgemm sgemm CUDA3 25.197183 100719 40
CPU5 44.601971 100680 sgemm sgemm CUDA3 0.998821 100720 40
CPU9 44.671751 100681 sgemm sgemm CUDA2 1.166312 100721 40
CPU9 45.294327 100682 sgemm sgemm CUDA1 0.230695 100722 40
CPU15 44.882618 100683 sgemm sgemm CUDA1 1.222705 100723 40
CPU7 44.694869 100684 sgemm sgemm CUDA3 1.001795 100724 40
CPU10 25.128050 100687 ssyrk ssyrk CPU15 96.242583 100727 40
CPU16 44.938132 100688 sgemm sgemm CUDA3 12.262999 100728 40
CPU15 44.656904 100689 sgemm sgemm CUDA0 1.009753 100729 40
CPU1 44.885707 100690 sgemm sgemm CUDA3 1.167164 100730 40
CPU9 45.114324 100691 sgemm sgemm CUDA0 1.006537 100731 40
CPU15 45.007026 100692 sgemm sgemm CUDA0 1.229636 100732 40
CPU4 45.217248 100693 sgemm sgemm CUDA0 1.177352 100733 40
CPU10 45.017302 100694 sgemm sgemm CUDA3 0.076777 100734 40
CPU12 44.950468 100695 sgemm sgemm CUDA0 1.175023 100735 40
CPU15 44.932939 100696 sgemm sgemm CUDA3 1.174507 100736 40
CPU6 45.460420 100697 sgemm sgemm CUDA3 0.996649 100737 40
CPU1 45.200404 100698 sgemm sgemm CUDA3 1.170307 100738 40
CPU13 44.955314 100699 sgemm sgemm CUDA3 1.151437 100739 40
CPU14 44.809362 100700 sgemm sgemm CUDA0 11.994674 100740 40
CPU16 44.800806 100701 sgemm sgemm CUDA0 0.986540 100741 40
CPU1 44.889476 100702 sgemm sgemm CUDA0 0.999798 100742 40
CPU6 45.317530 100703 sgemm sgemm CUDA2 0.996739 100743 40
CPU14 45.105217 100704 sgemm sgemm CUDA0 1.165954 100744 40
CPU3 44.844008 100705 sgemm sgemm CUDA0 0.998426 100745 40
CPU2 44.685488 100706 sgemm sgemm CUDA2 0.990946 100746 40
CPU5 45.492009 100707 sgemm sgemm CUDA0 1.161297 100747 40
CPU14 45.700456 100708 sgemm sgemm CUDA0 1.168480 100748 40
CPU18 44.787309 100709 sgemm sgemm CUDA0 1.163794 100749 40
CPU6 44.787910 100710 sgemm sgemm CUDA2 1.165059 100750 40
CPU13 45.117525 100711 sgemm sgemm CUDA0 1.170211 100751 40
CPU10 44.858237 100712 sgemm sgemm CUDA3 1.238520 100752 40
CPU4 44.923673 100713 sgemm sgemm CUDA0 1.243532 100753 40
CPU14 45.318953 100714 sgemm sgemm CUDA2 1.171762 100754 40
CPU12 44.652939 100715 sgemm sgemm CUDA1 0.111796 100755 40
CPU1 45.038254 100716 sgemm sgemm CUDA1 1.167157 100756 40
CPU2 44.746663 100717 sgemm sgemm CUDA3 0.058921 100757 40
CPU4 25.452592 100720 ssyrk ssyrk CPU10 85.791066 100760 40
CPU12 44.991768 100721 sgemm sgemm CUDA3 12.156569 100761 40
CPU2 44.372936 100722 sgemm sgemm CUDA3 1.177953 100762 40
CPU16 44.869194 100723 sgemm sgemm CUDA2 1.256201 100763 40
CPU13 44.997529 100724 sgemm sgemm CUDA1 1.003666 100764 40
CPU15 44.662672 100725 sgemm sgemm CUDA3 1.176066 100765 40
CPU3 44.861156 100726 sgemm sgemm CUDA3 1.050103 100766 40
CPU19 44.488215 100727 sgemm sgemm CUDA1 1.000598 100767 40
CPU15 45.034053 100728 sgemm sgemm CUDA3 1.172356 100768 40
CPU11 44.793433 100729 sgemm sgemm CUDA3 1.163874 100769 40
CPU11 44.973501 100730 sgemm sgemm CUDA3 12.379448 100770 40
CPU12 44.815001 100731 sgemm sgemm CUDA3 0.997721 100771 40
CPU16 45.044096 100732 sgemm sgemm CUDA0 1.169270 100772 40
CPU14 45.012754 100733 sgemm sgemm CUDA0 0.992988 100773 40
CPU5 44.786582 100734 sgemm sgemm CUDA0 1.171861 100774 40
CPU2 45.196129 100735 sgemm sgemm CUDA2 0.992904 100775 40
CPU12 45.202885 100736 sgemm sgemm CUDA3 1.243921 100776 40
CPU8 45.077324 100737 sgemm sgemm CUDA3 1.167346 100777 40
CPU10 45.252560 100738 sgemm sgemm CUDA0 0.057501 100778 40
CPU15 45.579572 100739 sgemm sgemm CUDA0 1.168018 100779 40
CPU1 45.210338 100740 sgemm sgemm CUDA0 1.166677 100780 40
CPU18 44.816128 100741 sgemm sgemm CUDA2 1.154796 100781 40
CPU4 44.925067 100742 sgemm sgemm CUDA2 0.999180 100782 40
CPU11 44.919765 100743 sgemm sgemm CUDA0 1.170574 100783 40
CPU10 44.832664 100744 sgemm sgemm CUDA1 1.000679 100784 40
CPU9 44.828565 100745 sgemm sgemm CUDA0 0.997779 100785 40
CPU5 44.577645 100746 sgemm sgemm CUDA2 1.170880 100786 40
CPU1 45.682826 100747 sgemm sgemm CUDA2 1.164419 100787 40
CPU2 44.841277 100748 sgemm sgemm CUDA2 1.171235 100788 40
CPU5 44.633438 100749 sgemm sgemm CUDA3 0.997684 100789 40
CPU15 24.729881 100752 ssyrk ssyrk CPU -1 100792 40
CPU4 44.444490 100753 sgemm sgemm CUDA3 1.171722 100793 40
CPU12 45.055959 100754 sgemm sgemm CUDA0 12.958452 100794 40
CPU0 45.549213 100755 sgemm sgemm CUDA0 1.167478 100795 40
CPU5 45.371168 100756 sgemm sgemm CUDA0 1.014291 100796 40
CPU19 45.047416 100757 sgemm sgemm CUDA3 1.238868 100797 40
CPU13 44.950376 100758 sgemm sgemm CUDA0 1.003828 100798 40
CPU15 45.021288 100759 sgemm sgemm CUDA0 12.091971 100799 40
CPU14 44.860416 100760 sgemm sgemm CUDA3 1.212321 100800 40
CPU16 44.711459 100761 sgemm sgemm CUDA3 1.173330 100801 40
CPU19 44.880815 100762 sgemm sgemm CUDA1 1.169587 100802 40
CPU14 45.059836 100763 sgemm sgemm CUDA3 0.056933 100803 40
CPU0 45.285292 100764 sgemm sgemm CUDA0 1.169973 100804 40
CPU4 44.817472 100765 sgemm sgemm CUDA1 1.159260 100805 40
CPU12 45.336865 100766 sgemm sgemm CUDA1 1.163349 100806 40
CPU8 44.939756 100767 sgemm sgemm CUDA3 0.996769 100807 40
CPU9 45.060687 100768 sgemm sgemm CUDA3 1.165674 100808 40
CPU2 45.361192 100769 sgemm sgemm CUDA0 1.220956 100809 40
CPU9 45.382053 100770 sgemm sgemm CUDA0 1.165130 100810 40
CPU3 45.349746 100771 sgemm sgemm CUDA0 0.997277 100811 40
CPU19 44.890638 100772 sgemm sgemm CUDA0 0.999010 100812 40
CPU3 45.004766 100773 sgemm sgemm CUDA3 0.997602 100813 40
CPU8 44.895019 100774 sgemm sgemm CUDA0 0.994872 100814 40
CPU11 45.023522 100775 sgemm sgemm CUDA3 0.992625 100815 40
CPU6 45.117434 100776 sgemm sgemm CUDA0 0.995977 100816 40
CPU8 44.955814 100777 sgemm sgemm CUDA3 0.998826 100817 40
CPU17 44.867915 100778 sgemm sgemm CUDA0 0.992403 100818 40
CPU8 44.950490 100779 sgemm sgemm CUDA1 1.169913 100819 40
CPU0 45.174961 100780 sgemm sgemm CUDA3 1.166843 100820 40
CPU10 25.408656 100783 ssyrk ssyrk CPU32 97.575842 100823 40
CPU16 44.975432 100784 sgemm sgemm CUDA2 1.004612 100824 40
CPU16 44.914086 100785 sgemm sgemm CUDA3 0.993021 100825 40
CPU11 45.029847 100786 sgemm sgemm CUDA1 1.002969 100826 40
CPU7 44.390163 100787 sgemm sgemm CUDA2 1.168058 100827 40
CPU5 44.820660 100788 sgemm sgemm CUDA0 0.999098 100828 40
CPU13 45.298927 100789 sgemm sgemm CUDA0 0.128500 100829 40
CPU15 44.812192 100790 sgemm sgemm CUDA3 1.173485 100830 40
CPU14 45.107052 100791 sgemm sgemm CUDA3 1.365214 100831 40
CPU14 45.584443 100792 sgemm sgemm CUDA1 1.108882 100832 40
CPU5 44.855401 100793 sgemm sgemm CUDA2 1.152987 100833 40
CPU16 45.155434 100794 sgemm sgemm CUDA2 1.162662 100834 40
CPU7 44.253978 100795 sgemm sgemm CUDA1 0.993739 100835 40
CPU4 45.067043 100796 sgemm sgemm CUDA2 1.281900 100836 40
CPU12 45.217997 100797 sgemm sgemm CUDA2 1.000157 100837 40
CPU1 44.978625 100798 sgemm sgemm CUDA2 0.064794 100838 40
CPU8 45.232022 100799 sgemm sgemm CUDA2 0.057149 100839 40
CPU8 45.417658 100800 sgemm sgemm CUDA3 1.000745 100840 40
CPU4 45.424050 100801 sgemm sgemm CUDA2 12.067349 100841 40
CPU18 44.931109 100802 sgemm sgemm CUDA0 1.165808 100842 40
CPU6 44.882525 100803 sgemm sgemm CUDA1 0.992425 100843 40
CPU5 44.975463 100804 sgemm sgemm CUDA2 1.172473 100844 40
CPU6 45.466177 100805 sgemm sgemm CUDA3 12.412406 100845 40
CPU8 44.930923 100806 sgemm sgemm CUDA3 1.166886 100846 40
CPU7 45.011956 100807 sgemm sgemm CUDA2 1.171036 100847 40
CPU4 44.795660 100808 sgemm sgemm CUDA2 0.997259 100848 40
CPU8 44.926846 100809 sgemm sgemm CUDA2 0.997013 100849 40
CPU6 44.867192 100810 sgemm sgemm CUDA3 1.160585 100850 40
CPU14 25.285163 100813 ssyrk ssyrk CPU14 85.712716 100853 40
CPU13 44.947185 100814 sgemm sgemm CUDA3 1.244886 100854 40
CPU11 44.771290 100815 sgemm sgemm CUDA3 1.001699 100855 40
CPU17 45.710360 100816 sgemm sgemm CUDA3 1.165717 100856 40
CPU7 45.429081 100817 sgemm sgemm CUDA1 12.794961 100857 40
CPU14 44.910926 100818 sgemm sgemm CUDA3 1.001531 100858 40
CPU15 44.899975 100819 sgemm sgemm CUDA1 1.262326 100859 40
CPU3 44.688478 100820 sgemm sgemm CUDA3 12.973774 100860 40
CPU2 44.756251 100821 sgemm sgemm CUDA3 1.166808 100861 40
CPU15 44.866761 100822 sgemm sgemm CUDA3 1.170584 100862 40
CPU19 45.188330 100823 sgemm sgemm CUDA2 1.229953 100863 40
CPU18 44.829229 100824 sgemm sgemm CUDA1 0.997622 100864 40
CPU3 45.111201 100825 sgemm sgemm CUDA1 1.165186 100865 40
CPU0 45.171083 100826 sgemm sgemm CUDA3 1.166401 100866 40
CPU2 45.377393 100827 sgemm sgemm CUDA2 1.185915 100867 40
CPU4 45.372485 100828 sgemm sgemm CUDA3 1.002320 100868 40
CPU11 44.846422 100829 sgemm sgemm CUDA2 0.048185 100869 40
CPU7 45.549302 100830 sgemm sgemm CUDA2 1.165782 100870 40
CPU19 45.219147 100831 sgemm sgemm CUDA2 1.159888 100871 40
CPU4 44.864443 100832 sgemm sgemm CUDA2 0.998568 100872 40
CPU15 44.892163 100833 sgemm sgemm CUDA2 0.985536 100873 40
CPU11 44.946269 100834 sgemm sgemm CUDA1 1.001189 100874 40
CPU2 44.790442 100835 sgemm sgemm CUDA2 1.224542 100875 40
CPU3 44.668497 100836 sgemm sgemm CUDA2 1.168733 100876 40
CPU15 44.676021 100837 sgemm sgemm CUDA2 0.991455 100877 40
CPU0 45.496434 100838 sgemm sgemm CUDA1 0.987111 100878 40
CPU9 44.617925 100839 sgemm sgemm CUDA3 0.084447 100879 40
CPU17 25.214864 100842 ssyrk ssyrk CPU25 97.347400 100882 40
CPU13 44.977599 100843 sgemm sgemm CUDA3 0.990608 100883 40
CPU15 44.714533 100844 sgemm sgemm CUDA1 1.173276 100884 40
CPU10 45.714409 100845 sgemm sgemm CUDA0 12.466067 100885 40
CPU17 44.794539 100846 sgemm sgemm CUDA3 0.136115 100886 40
CPU13 45.354546 100847 sgemm sgemm CUDA1 1.167616 100887 40
CPU3 44.784479 100848 sgemm sgemm CUDA3 1.007513 100888 40
CPU15 44.847978 100849 sgemm sgemm CUDA0 1.162881 100889 40
CPU16 45.354086 100850 sgemm sgemm CUDA3 1.159015 100890 40
CPU4 45.456711 100851 sgemm sgemm CUDA0 1.168110 100891 40
CPU17 45.151296 100852 sgemm sgemm CUDA0 1.165863 100892 40
CPU9 45.355220 100853 sgemm sgemm CUDA2 0.998787 100893 40
CPU3 45.207608 100854 sgemm sgemm CUDA0 17.664625 100894 40
CPU1 45.042131 100855 sgemm sgemm CUDA0 1.161377 100895 40
CPU15 44.728997 100856 sgemm sgemm CUDA0 1.159516 100896 40
CPU6 45.585670 100857 sgemm sgemm CUDA2 1.163696 100897 40
CPU13 44.748297 100858 sgemm sgemm CUDA2 1.161762 100898 40
CPU19 45.413731 100859 sgemm sgemm CUDA3 1.162934 100899 40
CPU9 44.503855 100860 sgemm sgemm CUDA3 12.987736 100900 40
CPU7 45.143145 100861 sgemm sgemm CUDA1 0.997596 100901 40
CPU2 45.264405 100862 sgemm sgemm CUDA1 0.069695 100902 40
CPU10 45.065447 100863 sgemm sgemm CUDA2 0.056007 100903 40
CPU1 44.980925 100864 sgemm sgemm CUDA3 1.159251 100904 40
CPU16 44.666001 100865 sgemm sgemm CUDA2 1.169513 100905 40
CPU17 44.970003 100866 sgemm sgemm CUDA0 1.168436 100906 40
CPU8 44.744045 100867 sgemm sgemm CUDA3 1.172528 100907 40
CPU9 25.144377 100870 ssyrk ssyrk CPU -1 100910 40
CPU8 45.110364 100871 sgemm sgemm CUDA3 0.998018 100911 40
CPU5 45.006963 100872 sgemm sgemm CUDA0 1.262572 100912 40
CPU9 45.030357 100873 sgemm sgemm CUDA0 1.169250 100913 40
CPU7 45.238930 100874 sgemm sgemm CUDA3 1.169481 100914 40
CPU12 44.893856 100875 sgemm sgemm CUDA3 1.164794 100915 40
CPU14 45.419730 100876 sgemm sgemm CUDA0 1.001481 100916 40
CPU11 45.522783 100877 sgemm sgemm CUDA0 1.163150 100917 40
CPU0 45.820799 100878 sgemm sgemm CUDA0 12.187450 100918 40
CPU7 44.839599 100879 sgemm sgemm CUDA3 1.164302 100919 40
CPU1 45.377061 100880 sgemm sgemm CUDA0 1.378969 100920 40
CPU10 44.936669 100881 sgemm sgemm CUDA3 1.001893 100921 40
CPU9 45.509426 100882 sgemm sgemm CUDA0 0.996001 100922 40
CPU3 45.173310 100883 sgemm sgemm CUDA3 1.218774 100923 40
CPU19 45.076904 100884 sgemm sgemm CUDA0 12.902169 100924 40
CPU16 44.937609 100885 sgemm sgemm CUDA0 0.997652 100925 40
CPU18 44.649884 100886 sgemm sgemm CUDA3 1.164093 100926 40
CPU5 44.588585 100887 sgemm sgemm CUDA1 0.992451 100927 40
CPU17 45.090447 100888 sgemm sgemm CUDA0 1.162149 100928 40
CPU14 45.038560 100889 sgemm sgemm CUDA3 1.001145 100929 40
CPU5 45.131660 100890 sgemm sgemm CUDA3 0.993226 100930 40
CPU11 44.895406 100891 sgemm sgemm CUDA3 1.161827 100931 40
CPU17 44.722016 100892 sgemm sgemm CUDA0 0.997298 100932 40
CPU19 44.960812 100893 sgemm sgemm CUDA1 0.999373 100933 40
CPU6 45.110406 100894 sgemm sgemm CUDA3 1.162276 100934 40
CPU13 25.267490 100897 ssyrk ssyrk CPU -1 100937 40
CPU10 45.096030 100898 sgemm sgemm CUDA3 11.975556 100938 40
CPU1 44.844406 100899 sgemm sgemm CUDA3 1.175111 100939 40
CPU19 44.995324 100900 sgemm sgemm CUDA1 1.001770 100940 40
CPU16 45.078844 100901 sgemm sgemm CUDA2 1.163953 100941 40
CPU0 45.794953 100902 sgemm sgemm CUDA1 1.166975 100942 40
CPU13 45.236822 100903 sgemm sgemm CUDA2 1.160338 100943 40
CPU7 45.378215 100904 sgemm sgemm CUDA2 12.551173 100944 40
CPU19 45.215636 100905 sgemm sgemm CUDA3 1.166774 100945 40
CPU13 44.922542 100906 sgemm sgemm CUDA2 1.164436 100946 40
CPU0 45.421181 100907 sgemm sgemm CUDA2 1.214874 100947 40
CPU0 45.331984 100908 sgemm sgemm CUDA3 1.166661 100948 40
CPU11 44.835604 100909 sgemm sgemm CUDA3 12.442265 100949 40
CPU13 44.839015 100910 sgemm sgemm CUDA3 0.989033 100950 40
CPU12 44.919742 100911 sgemm sgemm CUDA2 0.992427 100951 40
CPU18 44.899319 100912 sgemm sgemm CUDA3 0.997309 100952 40
CPU9 44.604893 100913 sgemm sgemm CUDA2 0.060794 100953 40
CPU1 44.896483 100914 sgemm sgemm CUDA2 1.285676 100954 40
CPU16 44.703558 100915 sgemm sgemm CUDA2 1.165603 100955 40
CPU3 45.034490 100916 sgemm sgemm CUDA2 0.987150 100956 40
CPU6 44.942746 100917 sgemm sgemm CUDA2 1.164945 100957 40
CPU1 45.299492 100918 sgemm sgemm CUDA2 0.992280 100958 40
CPU15 44.843776 100919 sgemm sgemm CUDA3 1.168711 100959 40
CPU7 44.763643 100920 sgemm sgemm CUDA2 0.996348 100960 40
CPU14 25.168440 100923 ssyrk ssyrk CPU22 97.327920 100963 40
CPU15 44.753853 100924 sgemm sgemm CUDA0 0.995040 100964 40
CPU19 44.988924 100925 sgemm sgemm CUDA2 0.055798 100965 40
CPU11 44.881795 100926 sgemm sgemm CUDA0 0.998455 100966 40
CPU15 44.581756 100927 sgemm sgemm CUDA3 0.998256 100967 40
CPU16 44.607751 100928 sgemm sgemm CUDA1 0.998086 100968 40
CPU19 45.069701 100929 sgemm sgemm CUDA0 1.164907 100969 40
CPU10 45.268928 100930 sgemm sgemm CUDA1 1.168151 100970 40
CPU4 45.220583 100931 sgemm sgemm CUDA0 1.165679 100971 40
CPU1 45.029753 100932 sgemm sgemm CUDA0 0.988456 100972 40
CPU8 45.178400 100933 sgemm sgemm CUDA0 1.165241 100973 40
CPU14 45.147388 100934 sgemm sgemm CUDA2 0.957444 100974 40
CPU13 44.675194 100935 sgemm sgemm CUDA1 0.055048 100975 40
CPU15 44.656366 100936 sgemm sgemm CUDA0 1.000649 100976 40
CPU19 45.045933 100937 sgemm sgemm CUDA0 1.259738 100977 40
CPU3 44.990974 100938 sgemm sgemm CUDA3 0.051392 100978 40
CPU15 45.027041 100939 sgemm sgemm CUDA0 0.064875 100979 40
CPU14 44.713896 100940 sgemm sgemm CUDA1 1.160499 100980 40
CPU11 44.874149 100941 sgemm sgemm CUDA2 0.997402 100981 40
CPU13 45.144237 100942 sgemm sgemm CUDA0 0.127285 100982 40
CPU10 45.029901 100943 sgemm sgemm CUDA2 0.997841 100983 40
CPU14 44.930598 100944 sgemm sgemm CUDA0 1.001469 100984 40
CPU7 44.850697 100945 sgemm sgemm CUDA0 1.162632 100985 40
CPU16 24.944894 100948 ssyrk ssyrk CPU30 97.715012 100988 40
CPU5 45.237094 100949 sgemm sgemm CUDA3 0.997365 100989 40
CPU6 44.938558 100950 sgemm sgemm CUDA0 0.992484 100990 40
CPU11 44.907532 100951 sgemm sgemm CUDA0 0.999651 100991 40
CPU8 45.276685 100952 sgemm sgemm CUDA0 1.043621 100992 40
CPU5 45.509237 100953 sgemm sgemm CUDA2 1.170289 100993 40
CPU11 44.968600 100954 sgemm sgemm CUDA3 1.215987 100994 40
CPU19 44.734186 100955 sgemm sgemm CUDA0 1.165194 100995 40
CPU14 45.005418 100956 sgemm sgemm CUDA0 1.164243 100996 40
CPU6 45.350157 100957 sgemm sgemm CUDA2 1.000246 100997 40
CPU16 44.842691 100958 sgemm sgemm CUDA2 1.300008 100998 40
CPU4 45.848580 100959 sgemm sgemm CUDA2 1.165446 100999 40
CPU13 44.907133 100960 sgemm sgemm CUDA2 1.159054 101000 40
CPU18 44.801175 100961 sgemm sgemm CUDA0 0.990493 101001 40
CPU6 44.851953 100962 sgemm sgemm CUDA3 1.166407 101002 40
CPU14 45.009358 100963 sgemm sgemm CUDA2 1.180760 101003 40
CPU17 44.876910 100964 sgemm sgemm CUDA3 1.290860 101004 40
CPU2 44.942793 100965 sgemm sgemm CUDA0 0.994402 101005 40
CPU14 45.235219 100966 sgemm sgemm CUDA0 0.991103 101006 40
CPU13 44.782196 100967 sgemm sgemm CUDA2 1.270797 101007 40
CPU6 45.018281 100968 sgemm sgemm CUDA0 1.001479 101008 40
CPU4 45.188159 100969 sgemm sgemm CUDA2 12.825167 101009 40
CPU19 25.093109 100972 ssyrk ssyrk CPU20 96.757791 101012 40
CPU12 46.225134 100973 sgemm sgemm CUDA0 1.197825 101013 40
CPU7 45.334998 100974 sgemm sgemm CUDA3 1.171195 101014 40
CPU12 44.830274 100975 sgemm sgemm CUDA3 1.001532 101015 40
CPU2 45.123670 100976 sgemm sgemm CUDA2 1.002531 101016 40
CPU0 45.439275 100977 sgemm sgemm CUDA1 1.165746 101017 40
CPU2 45.293844 100978 sgemm sgemm CUDA2 0.110278 101018 40
CPU13 44.810729 100979 sgemm sgemm CUDA0 0.996419 101019 40
CPU16 44.655863 100980 sgemm sgemm CUDA3 1.169579 101020 40
CPU5 45.178704 100981 sgemm sgemm CUDA0 1.213214 101021 40
CPU14 45.068215 100982 sgemm sgemm CUDA0 0.991523 101022 40
CPU2 45.283988 100983 sgemm sgemm CUDA1 1.162556 101023 40
CPU19 44.974028 100984 sgemm sgemm CUDA3 0.984973 101024 40
CPU1 44.921369 100985 sgemm sgemm CUDA3 1.169395 101025 40
CPU6 45.009348 100986 sgemm sgemm CUDA0 1.004287 101026 40
CPU2 45.223719 100987 sgemm sgemm CUDA2 0.999282 101027 40
CPU9 45.772821 100988 sgemm sgemm CUDA3 1.163751 101028 40
CPU10 45.176790 100989 sgemm sgemm CUDA3 1.161790 101029 40
CPU6 45.230453 100990 sgemm sgemm CUDA0 0.992576 101030 40
CPU11 44.817022 100991 sgemm sgemm CUDA1 1.269876 101031 40
CPU5 44.880877 100992 sgemm sgemm CUDA3 1.174893 101032 40
CPU18 24.950262 100995 ssyrk ssyrk CPU16 93.037577 101035 40
CPU16 44.600291 100996 sgemm sgemm CUDA0 12.094144 101036 40
CPU0 45.704402 100997 sgemm sgemm CUDA2 1.207515 101037 40
CPU5 44.973492 100998 sgemm sgemm CUDA2 1.164273 101038 40
CPU18 45.052177 100999 sgemm sgemm CUDA3 0.124238 101039 40
CPU3 45.277776 101000 sgemm sgemm CUDA0 1.000817 101040 40
CPU10 45.196158 101001 sgemm sgemm CUDA3 0.990851 101041 40
CPU2 44.944185 101002 sgemm sgemm CUDA0 0.997323 101042 40
CPU11 44.710499 101003 sgemm sgemm CUDA2 1.169023 101043 40
CPU3 45.367139 101004 sgemm sgemm CUDA3 12.973994 101044 40
CPU17 45.105818 101005 sgemm sgemm CUDA0 1.001170 101045 40
CPU18 44.935663 101006 sgemm sgemm CUDA0 0.053537 101046 40
CPU2 44.636118 101007 sgemm sgemm CUDA0 1.002674 101047 40
CPU1 44.864478 101008 sgemm sgemm CUDA0 1.156236 101048 40
CPU1 45.367667 101009 sgemm sgemm CUDA1 1.154476 101049 40
CPU1 44.979259 101010 sgemm sgemm CUDA2 0.996679 101050 40
CPU12 45.136276 101011 sgemm sgemm CUDA1 2.857333 101051 40
CPU14 44.965851 101012 sgemm sgemm CUDA3 1.166243 101052 40
CPU16 44.960172 101013 sgemm sgemm CUDA2 1.001135 101053 40
CPU1 44.627243 101014 sgemm sgemm CUDA0 15.502038 101054 40
CPU11 24.851244 101017 ssyrk ssyrk CPU -1 101057 40
CPU16 44.889545 101018 sgemm sgemm CUDA3 0.992469 101058 40
CPU13 45.016786 101019 sgemm sgemm CUDA0 1.162076 101059 40
CPU1 44.977197 101020 sgemm sgemm CUDA3 0.996449 101060 40
CPU10 45.034482 101021 sgemm sgemm CUDA1 1.163257 101061 40
CPU8 45.235534 101022 sgemm sgemm CUDA0 1.167899 101062 40
CPU11 45.295857 101023 sgemm sgemm CUDA0 1.162225 101063 40
CPU0 45.506014 101024 sgemm sgemm CUDA0 1.285792 101064 40
CPU14 44.923338 101025 sgemm sgemm CUDA1 1.000815 101065 40
CPU4 45.305434 101026 sgemm sgemm CUDA1 0.998458 101066 40
CPU19 44.861760 101027 sgemm sgemm CUDA3 0.985287 101067 40
CPU0 45.251737 101028 sgemm sgemm CUDA0 0.995038 101068 40
CPU16 45.131068 101029 sgemm sgemm CUDA0 1.164712 101069 40
CPU12 44.887484 101030 sgemm sgemm CUDA3 0.998320 101070 40
CPU10 45.111373 101031 sgemm sgemm CUDA1 0.995421 101071 40
CPU5 44.822531 101032 sgemm sgemm CUDA3 0.994762 101072 40
CPU6 45.318119 101033 sgemm sgemm CUDA3 1.167803 101073 40
CPU15 44.832089 101034 sgemm sgemm CUDA3 0.997377 101074 40
CPU5 44.693484 101035 sgemm sgemm CUDA1 0.136856 101075 40
CPU10 25.248065 101038 ssyrk ssyrk CPU -1 101078 40
CPU12 45.427049 101039 sgemm sgemm CUDA2 1.173901 101079 40
CPU7 44.900058 101040 sgemm sgemm CUDA3 1.164603 101080 40
CPU6 45.207559 101041 sgemm sgemm CUDA0 1.171571 101081 40
CPU12 44.965137 101042 sgemm sgemm CUDA3 12.596048 101082 40
CPU3 45.034958 101043 sgemm sgemm CUDA0 1.167145 101083 40
CPU8 45.224961 101044 sgemm sgemm CUDA3 1.292903 101084 40
CPU4 45.369813 101045 sgemm sgemm CUDA2 0.988827 101085 40
CPU7 45.376712 101046 sgemm sgemm CUDA2 0.996459 101086 40
CPU18 45.055383 101047 sgemm sgemm CUDA3 9.271039 101087 40
CPU2 44.861591 101048 sgemm sgemm CUDA0 0.986593 101088 40
CPU15 44.992661 101049 sgemm sgemm CUDA2 0.997192 101089 40
CPU3 45.317230 101050 sgemm sgemm CUDA3 0.944378 101090 40
CPU8 44.809917 101051 sgemm sgemm CUDA1 0.181301 101091 40
CPU9 44.967979 101052 sgemm sgemm CUDA2 1.159360 101092 40
CPU17 45.037415 101053 sgemm sgemm CUDA3 1.002269 101093 40
CPU8 45.366645 101054 sgemm sgemm CUDA1 1.154474 101094 40
CPU8 44.769104 101055 sgemm sgemm CUDA2 1.168414 101095 40
CPU13 25.206509 101058 ssyrk ssyrk CPU -1 101098 40
CPU12 44.999550 101059 sgemm sgemm CUDA0 0.999088 101099 40
CPU10 44.937559 101060 sgemm sgemm CUDA0 0.061903 101100 40
CPU3 45.068702 101061 sgemm sgemm CUDA0 0.046420 101101 40
CPU13 44.870662 101062 sgemm sgemm CUDA2 1.167851 101102 40
CPU16 45.019891 101063 sgemm sgemm CUDA2 0.934627 101103 40
CPU10 45.052872 101064 sgemm sgemm CUDA0 1.002676 101104 40
CPU5 45.030875 101065 sgemm sgemm CUDA0 0.996131 101105 40
CPU18 45.840121 101066 sgemm sgemm CUDA0 1.163327 101106 40
CPU4 44.641613 101067 sgemm sgemm CUDA2 0.066416 101107 40
CPU0 45.221988 101068 sgemm sgemm CUDA2 1.333696 101108 40
CPU12 44.849256 101069 sgemm sgemm CUDA2 1.170763 101109 40
CPU3 45.112347 101070 sgemm sgemm CUDA0 1.166543 101110 40
CPU11 44.912656 101071 sgemm sgemm CUDA0 1.168309 101111 40
CPU3 45.403265 101072 sgemm sgemm CUDA0 0.999236 101112 40
CPU14 45.048559 101073 sgemm sgemm CUDA0 9.015909 101113 40
CPU8 44.718666 101074 sgemm sgemm CUDA2 1.248061 101114 40
CPU9 24.773558 101077 ssyrk ssyrk CPU20 97.491222 101117 40
CPU9 44.718699 101078 sgemm sgemm CUDA0 1.168310 101118 40
CPU14 45.289083 101079 sgemm sgemm CUDA3 0.121966 101119 40
CPU1 44.932338 101080 sgemm sgemm CUDA3 0.992752 101120 40
CPU12 45.019360 101081 sgemm sgemm CUDA0 1.004767 101121 40
CPU9 44.891642 101082 sgemm sgemm CUDA3 1.229688 101122 40
CPU0 45.234172 101083 sgemm sgemm CUDA0 1.158479 101123 40
CPU18 44.970318 101084 sgemm sgemm CUDA3 0.998276 101124 40
CPU5 44.582527 101085 sgemm sgemm CUDA0 0.993267 101125 40
CPU9 44.467743 101086 sgemm sgemm CUDA3 1.169199 101126 40
CPU11 44.854150 101087 sgemm sgemm CUDA1 12.125616 101127 40
CPU6 44.955211 101088 sgemm sgemm CUDA1 1.234367 101128 40
CPU3 44.807373 101089 sgemm sgemm CUDA3 1.169910 101129 40
CPU12 45.323366 101090 sgemm sgemm CUDA3 0.999869 101130 40
CPU15 45.232487 101091 sgemm sgemm CUDA3 0.997807 101131 40
CPU9 44.485305 101092 sgemm sgemm CUDA0 0.994127 101132 40
CPU15 25.121644 101095 ssyrk ssyrk CPU34 97.651113 101135 40
CPU11 44.752930 101096 sgemm sgemm CUDA0 1.316049 101136 40
CPU15 44.845755 101097 sgemm sgemm CUDA2 0.997377 101137 40
CPU5 45.199549 101098 sgemm sgemm CUDA2 1.165113 101138 40
CPU2 45.128271 101099 sgemm sgemm CUDA1 1.162844 101139 40
CPU11 45.113675 101100 sgemm sgemm CUDA1 1.160445 101140 40
CPU18 44.748594 101101 sgemm sgemm CUDA2 0.104067 101141 40
CPU15 44.688989 101102 sgemm sgemm CUDA2 0.999092 101142 40
CPU16 44.986293 101103 sgemm sgemm CUDA0 1.156645 101143 40
CPU16 44.590625 101104 sgemm sgemm CUDA1 0.992104 101144 40
CPU12 45.078961 101105 sgemm sgemm CUDA2 0.991325 101145 40
CPU0 45.193305 101106 sgemm sgemm CUDA1 0.140913 101146 40
CPU7 44.860168 101107 sgemm sgemm CUDA2 0.078945 101147 40
CPU17 45.109852 101108 sgemm sgemm CUDA2 1.166719 101148 40
CPU0 45.112710 101109 sgemm sgemm CUDA2 1.051645 101149 40
CPU13 25.156117 101112 ssyrk ssyrk CPU15 97.845646 101152 40
CPU13 44.958247 101113 sgemm sgemm CUDA3 0.997593 101153 40
CPU8 45.290641 101114 sgemm sgemm CUDA3 1.163439 101154 40
CPU13 44.947724 101115 sgemm sgemm CUDA2 0.993336 101155 40
CPU10 44.922519 101116 sgemm sgemm CUDA2 1.202090 101156 40
CPU19 44.903274 101117 sgemm sgemm CUDA3 0.067668 101157 40
CPU3 44.771237 101118 sgemm sgemm CUDA3 0.095355 101158 40
CPU17 45.347625 101119 sgemm sgemm CUDA3 1.158850 101159 40
CPU6 45.380282 101120 sgemm sgemm CUDA2 0.998810 101160 40
CPU10 45.354241 101121 sgemm sgemm CUDA2 1.171582 101161 40
CPU14 45.295246 101122 sgemm sgemm CUDA2 4.198983 101162 40
CPU13 44.966684 101123 sgemm sgemm CUDA3 0.107547 101163 40
CPU10 45.211699 101124 sgemm sgemm CUDA2 1.225213 101164 40
CPU7 44.870360 101125 sgemm sgemm CUDA3 12.332653 101165 40
CPU4 25.569493 101128 ssyrk ssyrk CPU23 103.560866 101168 40
CPU17 44.881569 101129 sgemm sgemm CUDA3 1.174241 101169 40
CPU11 44.802488 101130 sgemm sgemm CUDA0 1.164729 101170 40
CPU14 44.908726 101131 sgemm sgemm CUDA3 1.255730 101171 40
CPU19 44.558980 101132 sgemm sgemm CUDA0 1.169237 101172 40
CPU1 44.778081 101133 sgemm sgemm CUDA2 0.937058 101173 40
CPU13 45.054967 101134 sgemm sgemm CUDA3 1.167084 101174 40
CPU10 44.935465 101135 sgemm sgemm CUDA2 0.997444 101175 40
CPU10 44.942761 101136 sgemm sgemm CUDA2 12.548041 101176 40
CPU4 45.015890 101137 sgemm sgemm CUDA0 1.161987 101177 40
CPU12 44.805762 101138 sgemm sgemm CUDA2 0.138612 101178 40
CPU13 44.806656 101139 sgemm sgemm CUDA2 8.505696 101179 40
CPU5 44.942266 101140 sgemm sgemm CUDA0 0.998145 101180 40
CPU6 25.021759 101143 ssyrk ssyrk CPU -1 101183 40
CPU3 45.308650 101144 sgemm sgemm CUDA2 1.167283 101184 40
CPU3 45.335828 101145 sgemm sgemm CUDA3 1.162891 101185 40
CPU18 44.832983 101146 sgemm sgemm CUDA2 0.993473 101186 40
CPU2 44.651098 101147 sgemm sgemm CUDA0 1.171511 101187 40
CPU19 45.290003 101148 sgemm sgemm CUDA2 1.003270 101188 40
CPU2 45.160562 101149 sgemm sgemm CUDA3 1.166571 101189 40
CPU6 44.888003 101150 sgemm sgemm CUDA0 0.998821 101190 40
CPU5 44.533351 101151 sgemm sgemm CUDA2 1.217458 101191 40
CPU1 45.169505 101152 sgemm sgemm CUDA3 0.994784 101192 40
CPU4 45.161500 101153 sgemm sgemm CUDA0 0.999180 101193 40
CPU5 44.812668 101154 sgemm sgemm CUDA2 1.164120 101194 40
CPU10 25.147773 101157 ssyrk ssyrk CPU27 85.876462 101197 40
CPU9 45.239361 101158 sgemm sgemm CUDA3 1.277751 101198 40
CPU18 44.660364 101159 sgemm sgemm CUDA3 0.993517 101199 40
CPU10 45.032106 101160 sgemm sgemm CUDA2 0.998984 101200 40
CPU5 44.833969 101161 sgemm sgemm CUDA0 12.803224 101201 40
CPU14 44.841942 101162 sgemm sgemm CUDA2 0.996460 101202 40
CPU10 44.961130 101163 sgemm sgemm CUDA1 0.103879 101203 40
CPU10 45.010556 101164 sgemm sgemm CUDA2 1.000633 101204 40
CPU13 44.806724 101165 sgemm sgemm CUDA0 0.957950 101205 40
CPU5 45.077663 101166 sgemm sgemm CUDA0 1.162576 101206 40
CPU4 44.880628 101167 sgemm sgemm CUDA3 6.796492 101207 40
CPU17 26.222282 101170 ssyrk ssyrk CPU -1 101210 40
CPU17 44.758995 101171 sgemm sgemm CUDA0 1.165200 101211 40
CPU16 44.870683 101172 sgemm sgemm CUDA0 0.996940 101212 40
CPU13 44.920795 101173 sgemm sgemm CUDA1 1.162590 101213 40
CPU17 44.762911 101174 sgemm sgemm CUDA1 1.164585 101214 40
CPU10 44.752967 101175 sgemm sgemm CUDA3 0.996459 101215 40
CPU11 44.936252 101176 sgemm sgemm CUDA3 1.166481 101216 40
CPU12 44.677192 101177 sgemm sgemm CUDA2 0.954462 101217 40
CPU0 45.314315 101178 sgemm sgemm CUDA0 1.000682 101218 40
CPU14 45.213877 101179 sgemm sgemm CUDA1 1.155162 101219 40
CPU19 25.190445 101182 ssyrk ssyrk CPU -1 101222 40
CPU6 45.079686 101183 sgemm sgemm CUDA3 1.165864 101223 40
CPU15 44.711392 101184 sgemm sgemm CUDA3 1.166986 101224 40
CPU6 45.358688 101185 sgemm sgemm CUDA3 0.997809 101225 40
CPU11 45.191470 101186 sgemm sgemm CUDA2 1.004083 101226 40
CPU6 44.976048 101187 sgemm sgemm CUDA0 1.165588 101227 40
CPU17 44.800821 101188 sgemm sgemm CUDA3 0.884268 101228 40
CPU3 44.954123 101189 sgemm sgemm CUDA0 0.058783 101229 40
CPU6 44.997735 101190 sgemm sgemm CUDA0 1.258247 101230 40
CPU8 24.849084 101193 ssyrk ssyrk CPU -1 101233 40
CPU14 45.148283 101194 sgemm sgemm CUDA2 1.147242 101234 40
CPU17 44.985161 101195 sgemm sgemm CUDA3 0.989650 101235 40
CPU0 45.200619 101196 sgemm sgemm CUDA0 1.165353 101236 40
CPU14 45.352670 101197 sgemm sgemm CUDA2 0.154948 101237 40
CPU5 44.959007 101198 sgemm sgemm CUDA1 0.931867 101238 40
CPU12 45.123266 101199 sgemm sgemm CUDA2 1.237663 101239 40
CPU0 44.859819 101200 sgemm sgemm CUDA2 0.995211 101240 40
CPU15 24.868571 101203 ssyrk ssyrk CPU -1 101243 40
CPU14 45.025861 101204 sgemm sgemm CUDA2 1.257949 101244 40
CPU16 45.056172 101205 sgemm sgemm CUDA0 1.002056 101245 40
CPU15 44.789025 101206 sgemm sgemm CUDA2 0.057637 101246 40
CPU17 46.053042 101207 sgemm sgemm CUDA0 0.949827 101247 40
CPU8 44.729069 101208 sgemm sgemm CUDA3 1.159120 101248 40
CPU16 45.083675 101209 sgemm sgemm CUDA3 0.047597 101249 40
CPU12 26.066723 101212 ssyrk ssyrk CPU -1 101252 40
CPU17 44.672997 101213 sgemm sgemm CUDA1 0.114047 101253 40
CPU12 46.242544 101214 sgemm sgemm CUDA3 1.165392 101254 40
CPU16 44.723299 101215 sgemm sgemm CUDA2 0.048128 101255 40
CPU15 44.731421 101216 sgemm sgemm CUDA2 1.358764 101256 40
CPU0 44.997521 101217 sgemm sgemm CUDA1 1.220057 101257 40
CPU12 25.269615 101220 ssyrk ssyrk CPU -1 101260 40
CPU13 45.148640 101221 sgemm sgemm CUDA3 1.215972 101261 40
CPU16 44.883024 101222 sgemm sgemm CUDA3 23.933840 101262 40
CPU15 44.863640 101223 sgemm sgemm CUDA3 1.051912 101263 40
CPU7 45.003139 101224 sgemm sgemm CUDA3 1.220711 101264 40
CPU15 24.969111 101227 ssyrk ssyrk CPU -1 101267 40
CPU16 44.791734 101228 sgemm sgemm CUDA1 1.106161 101268 40
CPU11 44.910754 101229 sgemm sgemm CUDA2 1.219165 101269 40
CPU8 44.558699 101230 sgemm sgemm CUDA2 1.251416 101270 40
CPU17 25.699146 101233 ssyrk ssyrk CPU24 92.050622 101273 40
CPU0 45.459519 101234 sgemm sgemm CUDA0 0.987183 101274 40
CPU17 45.426289 101235 sgemm sgemm CUDA2 0.059477 101275 40
CPU18 25.011319 101238 ssyrk ssyrk CPU15 85.410837 101278 40
CPU18 44.968712 101239 sgemm sgemm CUDA3 1.048240 101279 40
CPU4 25.385497 101242 ssyrk ssyrk CPU -1 101282 40
CPU6 13.843937 101245 spotrf spotrf CPU -1 101285 40
CPU5 30.228216 101246 strsm strsm CUDA1 2.809840 101286 40
CPU19 30.703843 101247 strsm strsm CUDA1 2.816500 101287 40
CPU3 30.140932 101248 strsm strsm CUDA1 11.668478 101288 40
CPU1 30.015245 101249 strsm strsm CUDA2 2.656984 101289 40
CPU0 30.814733 101250 strsm strsm CUDA1 0.069381 101290 40
CPU4 30.555485 101251 strsm strsm CUDA2 2.625188 101291 40
CPU7 30.856092 101252 strsm strsm CUDA0 2.999835 101292 40
CPU18 30.099018 101253 strsm strsm CUDA0 2.698083 101293 40
CPU5 30.429843 101254 strsm strsm CPU12 86.850480 101294 40
CPU0 30.603891 101255 strsm strsm CUDA2 2.806563 101295 40
CPU10 30.477519 101256 strsm strsm CPU -1 101296 40
CPU6 30.609707 101257 strsm strsm CPU26 94.892645 101297 40
CPU10 30.670563 101258 strsm strsm CPU27 99.510718 101298 40
CPU8 30.076227 101259 strsm strsm CPU27 91.364707 101299 40
CPU9 30.451590 101260 strsm strsm CPU34 100.818027 101300 40
CPU6 30.603579 101261 strsm strsm CPU23 86.503246 101301 40
CPU16 30.159882 101262 strsm strsm CPU -1 101302 40
CPU6 30.507626 101263 strsm strsm CPU25 98.715912 101303 40
CPU8 30.411613 101264 strsm strsm CPU12 87.230612 101304 40
CPU13 30.800309 101265 strsm strsm CPU18 90.106449 101305 40
CPU14 30.630570 101266 strsm strsm CPU27 99.914785 101306 40
CPU15 30.058768 101267 strsm strsm CPU24 98.625475 101307 40
CPU14 30.565566 101268 strsm strsm CPU20 98.364859 101308 40
CPU8 30.071895 101269 strsm strsm CPU17 86.959126 101309 40
CPU7 30.771854 101270 strsm strsm CPU -1 101310 40
CPU10 30.674794 101271 strsm strsm CPU14 99.711383 101311 40
CPU10 30.594315 101272 strsm strsm CPU17 98.707878 101312 40
CPU9 30.097436 101273 strsm strsm CPU24 98.510493 101313 40
CPU15 30.047869 101274 strsm strsm CPU35 99.424287 101314 40
CPU16 30.225004 101275 strsm strsm CPU20 98.608117 101315 40
CPU6 30.991104 101276 strsm strsm CPU28 111.845552 101316 40
CPU9 30.065993 101277 strsm strsm CPU34 99.616690 101317 40
CPU1 30.213115 101278 strsm strsm CPU24 83.457168 101318 40
CPU3 30.080654 101279 strsm strsm CPU30 102.765434 101319 40
CPU19 30.466314 101280 strsm strsm CPU21 98.233276 101320 40
CPU8 30.085313 101281 strsm strsm CPU14 98.797229 101321 40
CPU15 30.013817 101282 strsm strsm CPU11 99.032210 101322 40
CPU17 31.497524 101283 strsm strsm CPU27 103.337150 101323 40
CPU12 30.480877 101284 strsm strsm CPU -1 101324 40
CPU1 29.994565 101285 strsm strsm CPU13 89.296266 101325 40
CPU17 30.417087 101286 strsm strsm CPU10 97.594440 101326 40
CPU18 30.038344 101287 strsm strsm CPU15 98.606313 101327 40
CPU2 30.334548 101288 strsm strsm CPU17 68.353027 101328 40
CPU5 24.814606 101291 ssyrk ssyrk CUDA1 0.570504 101331 40
CPU19 45.332336 101292 sgemm sgemm CUDA1 3.126816 101332 40
CPU4 45.235340 101293 sgemm sgemm CUDA1 0.992023 101333 40
CPU2 44.899745 101294 sgemm sgemm CUDA2 1.052057 101334 40
CPU4 45.112024 101295 sgemm sgemm CUDA1 0.071885 101335 40
CPU4 44.780409 101296 sgemm sgemm CUDA2 10.193153 101336 40
CPU9 45.797446 101297 sgemm sgemm CUDA0 1.151570 101337 40
CPU19 45.221774 101298 sgemm sgemm CUDA0 1.236961 101338 40
CPU6 45.154631 101299 sgemm sgemm CUDA1 1.163999 101339 40
CPU9 44.546725 101300 sgemm sgemm CUDA2 12.254013 101340 40
CPU4 45.199024 101301 sgemm sgemm CUDA2 0.319066 101341 40
CPU3 44.845310 101302 sgemm sgemm CUDA2 12.235257 101342 40
CPU1 45.316115 101303 sgemm sgemm CUDA0 0.999519 101343 40
CPU8 44.774094 101304 sgemm sgemm CUDA2 1.218540 101344 40
CPU16 44.857369 101305 sgemm sgemm CUDA0 1.236885 101345 40
CPU3 44.795247 101306 sgemm sgemm CUDA1 1.229271 101346 40
CPU16 44.811845 101307 sgemm sgemm CUDA1 1.221024 101347 40
CPU13 45.228871 101308 sgemm sgemm CUDA0 1.009749 101348 40
CPU8 45.137257 101309 sgemm sgemm CUDA1 1.219941 101349 40
CPU13 45.125604 101310 sgemm sgemm CUDA1 1.191888 101350 40
CPU14 45.024737 101311 sgemm sgemm CUDA2 13.177880 101351 40
CPU16 44.901277 101312 sgemm sgemm CUDA0 1.221437 101352 40
CPU17 45.089103 101313 sgemm sgemm CUDA2 1.056816 101353 40
CPU5 44.822360 101314 sgemm sgemm CUDA1 12.920593 101354 40
CPU7 45.024749 101315 sgemm sgemm CUDA0 1.207513 101355 40
CPU4 44.883484 101316 sgemm sgemm CUDA2 1.007259 101356 40
CPU10 44.851003 101317 sgemm sgemm CUDA2 1.177675 101357 40
CPU0 44.941738 101318 sgemm sgemm CUDA0 1.176900 101358 40
CPU15 44.934055 101319 sgemm sgemm CUDA2 1.175813 101359 40
CPU16 45.061738 101320 sgemm sgemm CUDA0 1.050512 101360 40
CPU6 45.232563 101321 sgemm sgemm CUDA0 1.171977 101361 40
CPU9 44.874584 101322 sgemm sgemm CUDA0 1.065298 101362 40
CPU1 45.025799 101323 sgemm sgemm CUDA2 1.004535 101363 40
CPU3 44.938604 101324 sgemm sgemm CUDA0 0.077895 101364 40
CPU19 44.938544 101325 sgemm sgemm CUDA0 1.321502 101365 40
CPU8 44.800704 101326 sgemm sgemm CUDA0 0.999014 101366 40
CPU15 44.924093 101327 sgemm sgemm CUDA3 1.272134 101367 40
CPU17 44.756349 101328 sgemm sgemm CUDA2 1.220207 101368 40
CPU7 45.103487 101329 sgemm sgemm CUDA2 1.169930 101369 40
CPU1 44.789752 101330 sgemm sgemm CUDA0 12.123406 101370 40
CPU19 45.226312 101331 sgemm sgemm CUDA1 1.167690 101371 40
CPU18 44.931032 101332 sgemm sgemm CUDA2 1.167033 101372 40
CPU2 44.931777 101333 sgemm sgemm CUDA0 1.165142 101373 40
CPU19 25.389761 101336 ssyrk ssyrk CUDA1 0.548330 101376 40
CPU19 45.204802 101337 sgemm sgemm CUDA1 1.262670 101377 40
CPU19 45.159264 101338 sgemm sgemm CUDA2 5.217411 101378 40
CPU0 45.332863 101339 sgemm sgemm CUDA1 1.166088 101379 40
CPU19 45.256806 101340 sgemm sgemm CUDA2 0.267657 101380 40
CPU0 45.159744 101341 sgemm sgemm CUDA2 1.048326 101381 40
CPU19 45.128653 101342 sgemm sgemm CUDA3 0.997626 101382 40
CPU18 44.833868 101343 sgemm sgemm CUDA1 1.048292 101383 40
CPU2 44.640761 101344 sgemm sgemm CUDA2 1.219296 101384 40
CPU6 45.030428 101345 sgemm sgemm CUDA2 1.217498 101385 40
CPU9 44.873801 101346 sgemm sgemm CUDA2 1.003997 101386 40
CPU0 45.358239 101347 sgemm sgemm CUDA1 1.180172 101387 40
CPU4 44.650501 101348 sgemm sgemm CUDA2 12.164823 101388 40
CPU7 44.913201 101349 sgemm sgemm CUDA3 1.001203 101389 40
CPU8 44.242535 101350 sgemm sgemm CUDA2 1.001124 101390 40
CPU13 45.104757 101351 sgemm sgemm CUDA1 0.279411 101391 40
CPU14 45.264995 101352 sgemm sgemm CUDA1 1.183870 101392 40
CPU9 45.059780 101353 sgemm sgemm CUDA3 1.060860 101393 40
CPU13 45.295562 101354 sgemm sgemm CUDA1 1.233002 101394 40
CPU19 45.126991 101355 sgemm sgemm CUDA2 12.238041 101395 40
CPU16 45.164168 101356 sgemm sgemm CUDA3 1.008010 101396 40
CPU17 45.215804 101357 sgemm sgemm CUDA3 1.051162 101397 40
CPU6 45.209736 101358 sgemm sgemm CUDA3 1.179780 101398 40
CPU2 45.019533 101359 sgemm sgemm CUDA3 1.004053 101399 40
CPU10 45.260427 101360 sgemm sgemm CUDA2 2.023930 101400 40
CPU10 45.223158 101361 sgemm sgemm CUDA2 1.006463 101401 40
CPU8 44.548222 101362 sgemm sgemm CUDA1 1.172344 101402 40
CPU15 44.976474 101363 sgemm sgemm CUDA2 1.007206 101403 40
CPU16 44.967138 101364 sgemm sgemm CUDA3 1.003930 101404 40
CPU4 45.131111 101365 sgemm sgemm CUDA2 1.191783 101405 40
CPU8 44.813458 101366 sgemm sgemm CUDA3 0.998318 101406 40
CPU6 45.153910 101367 sgemm sgemm CUDA2 1.152056 101407 40
CPU13 46.211440 101368 sgemm sgemm CUDA2 1.172368 101408 40
CPU19 45.109472 101369 sgemm sgemm CUDA2 12.635932 101409 40
CPU8 44.965373 101370 sgemm sgemm CUDA3 0.997559 101410 40
CPU12 45.090921 101371 sgemm sgemm CUDA3 0.168846 101411 40
CPU17 44.669151 101372 sgemm sgemm CUDA2 1.164651 101412 40
CPU12 44.913572 101373 sgemm sgemm CUDA3 0.071551 101413 40
CPU5 44.849522 101374 sgemm sgemm CUDA3 1.215735 101414 40
CPU14 44.931525 101375 sgemm sgemm CUDA1 1.242762 101415 40
CPU18 45.139162 101376 sgemm sgemm CUDA2 1.168503 101416 40
CPU4 45.071215 101377 sgemm sgemm CUDA2 1.164251 101417 40
CPU3 24.999285 101380 ssyrk ssyrk CUDA3 0.863128 101420 40
CPU3 44.827111 101381 sgemm sgemm CUDA3 1.260615 101421 40
CPU2 44.899395 101382 sgemm sgemm CUDA3 1.177576 101422 40
CPU9 44.904931 101383 sgemm sgemm CUDA1 1.304324 101423 40
CPU3 45.107372 101384 sgemm sgemm CUDA2 1.003621 101424 40
CPU10 44.894004 101385 sgemm sgemm CUDA3 1.168485 101425 40
CPU5 44.923802 101386 sgemm sgemm CUDA1 0.996431 101426 40
CPU0 45.321747 101387 sgemm sgemm CUDA2 1.219920 101427 40
CPU10 44.851772 101388 sgemm sgemm CUDA2 1.161470 101428 40
CPU10 45.012075 101389 sgemm sgemm CUDA2 0.996204 101429 40
CPU6 44.848288 101390 sgemm sgemm CUDA1 1.002505 101430 40
CPU11 44.940657 101391 sgemm sgemm CUDA2 1.170648 101431 40
CPU13 44.957115 101392 sgemm sgemm CUDA3 1.218068 101432 40
CPU7 44.851181 101393 sgemm sgemm CUDA2 0.127436 101433 40
CPU0 45.168790 101394 sgemm sgemm CUDA1 12.383334 101434 40
CPU13 44.935307 101395 sgemm sgemm CUDA1 1.222859 101435 40
CPU8 44.954474 101396 sgemm sgemm CUDA3 1.179078 101436 40
CPU13 45.151893 101397 sgemm sgemm CUDA1 1.170893 101437 40
CPU14 45.049451 101398 sgemm sgemm CUDA1 1.007281 101438 40
CPU15 44.621892 101399 sgemm sgemm CUDA3 1.011710 101439 40
CPU14 44.880339 101400 sgemm sgemm CUDA2 0.999515 101440 40
CPU8 44.850472 101401 sgemm sgemm CUDA1 1.007736 101441 40
CPU5 44.767041 101402 sgemm sgemm CUDA3 1.055201 101442 40
CPU0 45.276625 101403 sgemm sgemm CUDA2 1.250077 101443 40
CPU12 44.887660 101404 sgemm sgemm CUDA2 0.155216 101444 40
CPU6 45.130596 101405 sgemm sgemm CUDA1 1.003272 101445 40
CPU15 44.631884 101406 sgemm sgemm CUDA2 13.143115 101446 40
CPU13 44.994621 101407 sgemm sgemm CUDA3 1.451719 101447 40
CPU7 45.206627 101408 sgemm sgemm CPU -1 101448 40
CPU9 44.928001 101409 sgemm sgemm CUDA3 1.002542 101449 40
CPU6 45.400058 101410 sgemm sgemm CUDA2 1.172607 101450 40
CPU8 45.559232 101411 sgemm sgemm CUDA0 1.171718 101451 40
CPU19 44.805252 101412 sgemm sgemm CUDA2 1.168701 101452 40
CPU8 45.168015 101413 sgemm sgemm CUDA3 12.446161 101453 40
CPU16 44.251460 101414 sgemm sgemm CUDA2 13.561051 101454 40
CPU17 45.087852 101415 sgemm sgemm CUDA2 1.155927 101455 40
CPU10 44.753048 101416 sgemm sgemm CUDA3 1.274142 101456 40
CPU2 44.905405 101417 sgemm sgemm CUDA3 0.984120 101457 40
CPU1 45.257785 101418 sgemm sgemm CUDA1 1.245845 101458 40
CPU7 45.212789 101419 sgemm sgemm CUDA2 1.168540 101459 40
CPU4 45.068427 101420 sgemm sgemm CUDA2 1.000423 101460 40
CPU1 25.086020 101423 ssyrk ssyrk CUDA2 0.172612 101463 40
CPU6 44.855099 101424 sgemm sgemm CUDA3 0.991183 101464 40
CPU7 45.038188 101425 sgemm sgemm CUDA1 1.219546 101465 40
CPU3 44.854110 101426 sgemm sgemm CUDA2 1.001787 101466 40
CPU1 44.897680 101427 sgemm sgemm CUDA3 1.050290 101467 40
CPU7 44.981697 101428 sgemm sgemm CUDA1 0.727120 101468 40
CPU8 44.663419 101429 sgemm sgemm CUDA2 1.217125 101469 40
CPU5 45.048887 101430 sgemm sgemm CUDA2 1.255549 101470 40
CPU11 45.073884 101431 sgemm sgemm CUDA2 1.002569 101471 40
CPU4 44.987572 101432 sgemm sgemm CUDA3 1.005721 101472 40
CPU12 45.191279 101433 sgemm sgemm CUDA2 1.371841 101473 40
CPU5 44.929395 101434 sgemm sgemm CUDA3 1.170646 101474 40
CPU5 44.675858 101435 sgemm sgemm CUDA2 0.136554 101475 40
CPU19 44.928496 101436 sgemm sgemm CUDA1 1.176973 101476 40
CPU17 45.051217 101437 sgemm sgemm CUDA1 1.010878 101477 40
CPU7 45.220995 101438 sgemm sgemm CUDA3 1.259596 101478 40
CPU1 45.143127 101439 sgemm sgemm CUDA1 1.172244 101479 40
CPU11 45.034126 101440 sgemm sgemm CUDA3 1.185462 101480 40
CPU15 44.847665 101441 sgemm sgemm CUDA3 1.177884 101481 40
CPU12 45.334062 101442 sgemm sgemm CUDA2 1.172944 101482 40
CPU14 45.108553 101443 sgemm sgemm CUDA3 1.168285 101483 40
CPU8 44.867353 101444 sgemm sgemm CUDA3 0.090677 101484 40
CPU13 44.890504 101445 sgemm sgemm CUDA2 13.010400 101485 40
CPU15 44.766194 101446 sgemm sgemm CUDA2 0.162966 101486 40
CPU9 45.001277 101447 sgemm sgemm CUDA1 0.076454 101487 40
CPU12 45.114943 101448 sgemm sgemm CUDA2 0.053876 101488 40
CPU1 44.967090 101449 sgemm sgemm CUDA3 0.995787 101489 40
CPU5 45.080303 101450 sgemm sgemm CUDA2 1.171846 101490 40
CPU8 45.586496 101451 sgemm sgemm CUDA3 1.175538 101491 40
CPU1 44.956769 101452 sgemm sgemm CUDA2 0.065313 101492 40
CPU3 44.807903 101453 sgemm sgemm CUDA2 1.167908 101493 40
CPU19 44.945720 101454 sgemm sgemm CUDA2 1.168613 101494 40
CPU8 44.902088 101455 sgemm sgemm CUDA3 0.094149 101495 40
CPU15 45.407637 101456 sgemm sgemm CUDA3 1.001632 101496 40
CPU14 44.837278 101457 sgemm sgemm CUDA2 0.048101 101497 40
CPU2 44.866665 101458 sgemm sgemm CUDA3 1.166468 101498 40
CPU6 45.110034 101459 sgemm sgemm CUDA3 1.165827 101499 40
CPU17 45.222653 101460 sgemm sgemm CUDA1 1.167349 101500 40
CPU19 45.544853 101461 sgemm sgemm CUDA3 1.171023 101501 40
CPU2 44.851175 101462 sgemm sgemm CUDA2 1.001672 101502 40
CPU0 25.333965 101465 ssyrk ssyrk CUDA1 0.844395 101505 40
CPU1 44.528537 101466 sgemm sgemm CUDA1 1.008845 101506 40
CPU5 44.228560 101467 sgemm sgemm CUDA0 0.989289 101507 40
CPU9 44.664948 101468 sgemm sgemm CUDA0 1.300844 101508 40
CPU3 44.289257 101469 sgemm sgemm CUDA1 1.172018 101509 40
CPU2 44.843928 101470 sgemm sgemm CUDA3 12.917666 101510 40
CPU6 45.155114 101471 sgemm sgemm CUDA0 1.351674 101511 40
CPU0 45.267521 101472 sgemm sgemm CUDA1 13.096198 101512 40
CPU10 45.013059 101473 sgemm sgemm CUDA3 1.000589 101513 40
CPU6 45.063099 101474 sgemm sgemm CUDA3 1.167919 101514 40
CPU1 44.898032 101475 sgemm sgemm CUDA0 1.050671 101515 40
CPU4 44.480825 101476 sgemm sgemm CUDA1 1.020079 101516 40
CPU15 44.830240 101477 sgemm sgemm CUDA0 1.050667 101517 40
CPU14 45.290712 101478 sgemm sgemm CUDA3 1.172222 101518 40
CPU7 45.084068 101479 sgemm sgemm CUDA3 0.203479 101519 40
CPU12 44.982754 101480 sgemm sgemm CUDA1 0.998203 101520 40
CPU2 45.707268 101481 sgemm sgemm CUDA1 1.174374 101521 40
CPU16 45.163451 101482 sgemm sgemm CUDA3 0.997096 101522 40
CPU13 44.812692 101483 sgemm sgemm CUDA3 0.098281 101523 40
CPU12 44.961379 101484 sgemm sgemm CUDA3 1.002964 101524 40
CPU7 45.236781 101485 sgemm sgemm CUDA0 1.176684 101525 40
CPU14 44.958827 101486 sgemm sgemm CUDA0 1.049600 101526 40
CPU16 44.945456 101487 sgemm sgemm CUDA2 0.999056 101527 40
CPU11 44.760647 101488 sgemm sgemm CUDA0 1.002372 101528 40
CPU15 44.847964 101489 sgemm sgemm CUDA2 1.265018 101529 40
CPU5 44.968426 101490 sgemm sgemm CUDA3 12.324502 101530 40
CPU3 44.976521 101491 sgemm sgemm CUDA0 1.168150 101531 40
CPU6 44.799848 101492 sgemm sgemm CUDA0 1.168328 101532 40
CPU1 45.079508 101493 sgemm sgemm CUDA2 1.165068 101533 40
CPU15 44.920178 101494 sgemm sgemm CUDA0 0.998301 101534 40
CPU19 44.905494 101495 sgemm sgemm CUDA0 12.941269 101535 40
CPU8 44.711625 101496 sgemm sgemm CUDA3 1.262590 101536 40
CPU11 44.744728 101497 sgemm sgemm CUDA2 1.163364 101537 40
CPU1 44.984848 101498 sgemm sgemm CUDA2 1.165509 101538 40
CPU6 45.280849 101499 sgemm sgemm CUDA3 0.046006 101539 40
CPU9 44.863550 101500 sgemm sgemm CUDA3 0.998264 101540 40
CPU17 44.947196 101501 sgemm sgemm CUDA0 0.997680 101541 40
CPU2 45.176861 101502 sgemm sgemm CUDA3 1.155481 101542 40
CPU0 44.727409 101503 sgemm sgemm CUDA2 0.993563 101543 40
CPU4 25.287612 101506 ssyrk ssyrk CUDA2 0.622413 101546 40
CPU6 44.558648 101507 sgemm sgemm CUDA0 0.998089 101547 40
CPU1 44.887198 101508 sgemm sgemm CUDA0 1.293480 101548 40
CPU2 44.265849 101509 sgemm sgemm CUDA1 1.050138 101549 40
CPU7 44.766233 101510 sgemm sgemm CUDA3 12.147627 101550 40
CPU1 44.937161 101511 sgemm sgemm CUDA0 1.236911 101551 40
CPU1 44.767332 101512 sgemm sgemm CUDA1 1.219713 101552 40
CPU2 44.777933 101513 sgemm sgemm CUDA3 1.215116 101553 40
CPU13 45.184812 101514 sgemm sgemm CUDA3 1.164177 101554 40
CPU9 44.488797 101515 sgemm sgemm CUDA3 1.052640 101555 40
CPU6 44.656523 101516 sgemm sgemm CUDA1 1.004082 101556 40
CPU9 44.718684 101517 sgemm sgemm CUDA1 0.142702 101557 40
CPU4 44.801276 101518 sgemm sgemm CUDA1 1.241260 101558 40
CPU14 44.986200 101519 sgemm sgemm CUDA3 1.181750 101559 40
CPU12 45.174685 101520 sgemm sgemm CUDA1 1.220142 101560 40
CPU18 45.214076 101521 sgemm sgemm CUDA1 1.174208 101561 40
CPU15 45.004931 101522 sgemm sgemm CUDA3 1.178484 101562 40
CPU9 45.038281 101523 sgemm sgemm CUDA3 1.177378 101563 40
CPU11 45.278142 101524 sgemm sgemm CUDA3 1.313373 101564 40
CPU1 44.935915 101525 sgemm sgemm CUDA3 12.301605 101565 40
CPU10 45.009466 101526 sgemm sgemm CUDA0 1.171362 101566 40
CPU4 45.276775 101527 sgemm sgemm CUDA2 0.946716 101567 40
CPU6 45.151965 101528 sgemm sgemm CUDA1 1.170270 101568 40
CPU16 45.127802 101529 sgemm sgemm CUDA2 0.999935 101569 40
CPU10 44.978706 101530 sgemm sgemm CUDA3 0.997642 101570 40
CPU2 44.949787 101531 sgemm sgemm CUDA0 1.167204 101571 40
CPU13 45.178909 101532 sgemm sgemm CUDA0 0.997239 101572 40
CPU18 45.037607 101533 sgemm sgemm CUDA2 0.994364 101573 40
CPU7 44.506138 101534 sgemm sgemm CUDA0 0.104019 101574 40
CPU19 45.142514 101535 sgemm sgemm CUDA0 0.998508 101575 40
CPU8 44.571724 101536 sgemm sgemm CUDA3 1.171638 101576 40
CPU9 44.566420 101537 sgemm sgemm CUDA3 1.001822 101577 40
CPU17 44.771695 101538 sgemm sgemm CUDA2 0.994953 101578 40
CPU10 44.779724 101539 sgemm sgemm CUDA2 0.999041 101579 40
CPU3 44.833113 101540 sgemm sgemm CUDA3 0.999215 101580 40
CPU18 44.689450 101541 sgemm sgemm CUDA1 0.994296 101581 40
CPU10 45.554231 101542 sgemm sgemm CUDA3 1.161230 101582 40
CPU0 44.773522 101543 sgemm sgemm CUDA0 11.632097 101583 40
CPU7 25.274074 101546 ssyrk ssyrk CUDA0 0.778890 101586 40
CPU7 45.031929 101547 sgemm sgemm CUDA0 1.004591 101587 40
CPU12 44.959513 101548 sgemm sgemm CUDA0 1.051441 101588 40
CPU10 45.013397 101549 sgemm sgemm CUDA2 1.160069 101589 40
CPU11 44.821119 101550 sgemm sgemm CUDA2 1.172174 101590 40
CPU5 44.932826 101551 sgemm sgemm CUDA2 0.771605 101591 40
CPU12 45.064859 101552 sgemm sgemm CUDA0 1.174155 101592 40
CPU12 45.038681 101553 sgemm sgemm CUDA2 1.177422 101593 40
CPU8 45.036846 101554 sgemm sgemm CUDA0 1.176501 101594 40
CPU5 44.904772 101555 sgemm sgemm CUDA2 1.175647 101595 40
CPU14 44.913372 101556 sgemm sgemm CUDA0 1.050301 101596 40
CPU17 44.967074 101557 sgemm sgemm CUDA3 13.031387 101597 40
CPU14 44.827050 101558 sgemm sgemm CUDA3 0.064634 101598 40
CPU18 44.909888 101559 sgemm sgemm CUDA2 1.177769 101599 40
CPU1 44.912476 101560 sgemm sgemm CUDA2 1.173799 101600 40
CPU15 44.820228 101561 sgemm sgemm CUDA3 1.176725 101601 40
CPU3 45.227722 101562 sgemm sgemm CUDA3 0.056888 101602 40
CPU12 44.869554 101563 sgemm sgemm CUDA3 1.171305 101603 40
CPU7 45.356400 101564 sgemm sgemm CUDA3 12.845070 101604 40
CPU16 44.779830 101565 sgemm sgemm CUDA2 1.000680 101605 40
CPU15 44.858449 101566 sgemm sgemm CUDA2 1.122922 101606 40
CPU8 44.963340 101567 sgemm sgemm CUDA0 0.158666 101607 40
CPU0 45.438957 101568 sgemm sgemm CUDA2 1.171422 101608 40
CPU13 44.863255 101569 sgemm sgemm CUDA3 1.257461 101609 40
CPU0 45.435721 101570 sgemm sgemm CUDA0 6.660924 101610 40
CPU13 45.069172 101571 sgemm sgemm CUDA3 1.168645 101611 40
CPU10 44.913210 101572 sgemm sgemm CUDA2 0.997487 101612 40
CPU6 45.641009 101573 sgemm sgemm CUDA0 1.167850 101613 40
CPU19 44.764418 101574 sgemm sgemm CUDA2 1.168535 101614 40
CPU3 44.673304 101575 sgemm sgemm CUDA3 1.168529 101615 40
CPU10 45.002235 101576 sgemm sgemm CUDA2 0.988978 101616 40
CPU17 45.126917 101577 sgemm sgemm CUDA3 0.996487 101617 40
CPU1 45.032905 101578 sgemm sgemm CUDA3 1.166238 101618 40
CPU7 45.121031 101579 sgemm sgemm CUDA3 0.998870 101619 40
CPU9 45.346202 101580 sgemm sgemm CUDA0 1.307584 101620 40
CPU4 45.185158 101581 sgemm sgemm CUDA3 1.167063 101621 40
CPU8 44.815812 101582 sgemm sgemm CUDA2 0.995313 101622 40
CPU18 24.934616 101585 ssyrk ssyrk CPU -1 101625 40
CPU6 45.010071 101586 sgemm sgemm CUDA0 1.050227 101626 40
CPU3 44.768387 101587 sgemm sgemm CUDA2 1.006421 101627 40
CPU4 44.914121 101588 sgemm sgemm CUDA0 1.010690 101628 40
CPU0 45.186455 101589 sgemm sgemm CUDA3 1.173979 101629 40
CPU10 45.032411 101590 sgemm sgemm CUDA0 1.165413 101630 40
CPU7 44.773442 101591 sgemm sgemm CUDA3 0.153171 101631 40
CPU2 45.044350 101592 sgemm sgemm CUDA3 0.114809 101632 40
CPU8 44.741759 101593 sgemm sgemm CUDA2 1.007436 101633 40
CPU15 45.060724 101594 sgemm sgemm CUDA0 1.180744 101634 40
CPU5 44.263318 101595 sgemm sgemm CUDA3 1.009198 101635 40
CPU15 45.006589 101596 sgemm sgemm CUDA3 1.178317 101636 40
CPU12 45.135682 101597 sgemm sgemm CUDA2 1.053714 101637 40
CPU3 44.772444 101598 sgemm sgemm CUDA2 12.518666 101638 40
CPU15 44.910630 101599 sgemm sgemm CUDA0 1.162669 101639 40
CPU12 44.971885 101600 sgemm sgemm CUDA2 1.003980 101640 40
CPU11 44.989552 101601 sgemm sgemm CUDA3 1.172748 101641 40
CPU9 45.321933 101602 sgemm sgemm CUDA3 1.006122 101642 40
CPU7 44.958673 101603 sgemm sgemm CUDA0 1.159568 101643 40
CPU10 45.031626 101604 sgemm sgemm CUDA0 1.175168 101644 40
CPU9 44.775918 101605 sgemm sgemm CUDA0 1.168111 101645 40
CPU9 45.078726 101606 sgemm sgemm CUDA2 0.997763 101646 40
CPU17 45.178877 101607 sgemm sgemm CUDA0 0.987054 101647 40
CPU8 44.862899 101608 sgemm sgemm CUDA2 1.170522 101648 40
CPU13 45.250704 101609 sgemm sgemm CUDA0 0.998649 101649 40
CPU0 45.337069 101610 sgemm sgemm CUDA2 1.230650 101650 40
CPU15 44.870241 101611 sgemm sgemm CUDA0 0.064086 101651 40
CPU19 45.206841 101612 sgemm sgemm CUDA2 0.998381 101652 40
CPU9 44.544987 101613 sgemm sgemm CUDA2 1.171838 101653 40
CPU9 44.860536 101614 sgemm sgemm CUDA2 1.174151 101654 40
CPU3 45.059334 101615 sgemm sgemm CUDA2 1.170778 101655 40
CPU0 45.148098 101616 sgemm sgemm CUDA3 1.169461 101656 40
CPU2 44.650099 101617 sgemm sgemm CUDA3 1.167680 101657 40
CPU10 45.080338 101618 sgemm sgemm CUDA0 0.179217 101658 40
CPU12 45.223561 101619 sgemm sgemm CUDA3 1.162449 101659 40
CPU0 45.123829 101620 sgemm sgemm CUDA0 1.230035 101660 40
CPU5 24.968352 101623 ssyrk ssyrk CPU -1 101663 40
CPU2 44.898485 101624 sgemm sgemm CUDA2 1.436541 101664 40
CPU0 45.294353 101625 sgemm sgemm CUDA2 1.002702 101665 40
CPU8 44.848164 101626 sgemm sgemm CUDA1 0.083560 101666 40
CPU4 45.092002 101627 sgemm sgemm CUDA0 1.227313 101667 40
CPU7 44.965174 101628 sgemm sgemm CUDA1 13.042396 101668 40
CPU12 45.066120 101629 sgemm sgemm CUDA0 1.001531 101669 40
CPU7 44.926567 101630 sgemm sgemm CUDA1 1.223043 101670 40
CPU12 45.188198 101631 sgemm sgemm CUDA1 1.176917 101671 40
CPU6 44.944737 101632 sgemm sgemm CUDA0 9.156938 101672 40
CPU16 44.963245 101633 sgemm sgemm CPU33 190.071580 101673 40
CPU12 45.300845 101634 sgemm sgemm CUDA2 1.173783 101674 40
CPU11 45.002295 101635 sgemm sgemm CUDA2 1.007755 101675 40
CPU15 44.794070 101636 sgemm sgemm CUDA0 1.169956 101676 40
CPU16 44.862404 101637 sgemm sgemm CUDA2 0.996690 101677 40
CPU15 45.133281 101638 sgemm sgemm CUDA1 0.999977 101678 40
CPU8 45.036629 101639 sgemm sgemm CUDA1 1.165235 101679 40
CPU12 44.881030 101640 sgemm sgemm CUDA2 0.996281 101680 40
CPU18 44.973113 101641 sgemm sgemm CUDA0 0.109625 101681 40
CPU9 44.740605 101642 sgemm sgemm CUDA1 1.166960 101682 40
CPU12 45.007656 101643 sgemm sgemm CUDA2 0.989738 101683 40
CPU15 44.948964 101644 sgemm sgemm CUDA0 1.001985 101684 40
CPU9 44.925769 101645 sgemm sgemm CUDA0 1.000524 101685 40
CPU8 45.051194 101646 sgemm sgemm CUDA0 0.976120 101686 40
CPU17 44.732984 101647 sgemm sgemm CUDA2 0.046347 101687 40
CPU12 46.204978 101648 sgemm sgemm CUDA0 1.169761 101688 40
CPU18 44.752745 101649 sgemm sgemm CUDA0 0.997510 101689 40
CPU5 44.644469 101650 sgemm sgemm CUDA2 1.171004 101690 40
CPU9 44.872565 101651 sgemm sgemm CUDA1 1.253890 101691 40
CPU17 45.078695 101652 sgemm sgemm CUDA2 1.169406 101692 40
CPU3 44.969667 101653 sgemm sgemm CUDA2 0.990269 101693 40
CPU4 45.067993 101654 sgemm sgemm CUDA0 0.991999 101694 40
CPU0 45.568510 101655 sgemm sgemm CUDA1 1.163946 101695 40
CPU11 44.763771 101656 sgemm sgemm CUDA2 0.997881 101696 40
CPU3 44.873892 101657 sgemm sgemm CUDA2 1.162383 101697 40
CPU0 25.305420 101660 ssyrk ssyrk CPU18 98.432011 101700 40
CPU5 44.590942 101661 sgemm sgemm CUDA2 1.174543 101701 40
CPU9 44.628799 101662 sgemm sgemm CUDA2 0.988116 101702 40
CPU2 44.752666 101663 sgemm sgemm CUDA3 1.175693 101703 40
CPU2 44.472288 101664 sgemm sgemm CUDA3 1.175853 101704 40
CPU6 45.161141 101665 sgemm sgemm CUDA3 1.219224 101705 40
CPU4 44.718490 101666 sgemm sgemm CUDA2 1.208456 101706 40
CPU15 44.885183 101667 sgemm sgemm CUDA1 1.166439 101707 40
CPU4 44.987561 101668 sgemm sgemm CUDA3 1.185920 101708 40
CPU14 45.260666 101669 sgemm sgemm CUDA3 12.193296 101709 40
CPU12 45.190083 101670 sgemm sgemm CUDA2 1.175053 101710 40
CPU0 44.956840 101671 sgemm sgemm CUDA2 1.177270 101711 40
CPU14 44.931725 101672 sgemm sgemm CUDA3 1.003952 101712 40
CPU16 45.132646 101673 sgemm sgemm CUDA1 1.165758 101713 40
CPU12 45.224838 101674 sgemm sgemm CUDA3 12.142392 101714 40
CPU10 45.144773 101675 sgemm sgemm CUDA1 0.998474 101715 40
CPU2 45.007849 101676 sgemm sgemm CUDA0 1.050154 101716 40
CPU12 45.115402 101677 sgemm sgemm CUDA2 1.009097 101717 40
CPU6 44.867862 101678 sgemm sgemm CUDA1 1.167002 101718 40
CPU13 45.003478 101679 sgemm sgemm CUDA2 0.996542 101719 40
CPU17 45.098565 101680 sgemm sgemm CUDA3 0.212266 101720 40
CPU0 45.124663 101681 sgemm sgemm CUDA2 0.940204 101721 40
CPU1 44.765691 101682 sgemm sgemm CUDA0 1.166551 101722 40
CPU16 45.103812 101683 sgemm sgemm CUDA2 1.167766 101723 40
CPU18 45.097259 101684 sgemm sgemm CUDA2 0.997217 101724 40
CPU19 45.157905 101685 sgemm sgemm CUDA2 0.987914 101725 40
CPU0 44.910775 101686 sgemm sgemm CUDA2 0.998039 101726 40
CPU7 45.011564 101687 sgemm sgemm CUDA1 0.997231 101727 40
CPU14 44.946218 101688 sgemm sgemm CUDA3 0.995315 101728 40
CPU8 44.791942 101689 sgemm sgemm CUDA3 1.285258 101729 40
CPU13 45.143958 101690 sgemm sgemm CUDA3 0.995280 101730 40
CPU12 45.108994 101691 sgemm sgemm CUDA1 1.164743 101731 40
CPU12 45.082128 101692 sgemm sgemm CUDA2 0.933314 101732 40
CPU6 45.076394 101693 sgemm sgemm CUDA0 0.996164 101733 40
CPU10 25.255524 101696 ssyrk ssyrk CPU31 95.731169 101736 40
CPU6 45.129917 101697 sgemm sgemm CUDA2 1.177286 101737 40
CPU9 44.870452 101698 sgemm sgemm CUDA0 1.317696 101738 40
CPU14 44.975997 101699 sgemm sgemm CUDA2 1.165116 101739 40
CPU16 44.806527 101700 sgemm sgemm CUDA0 1.173514 101740 40
CPU3 45.057886 101701 sgemm sgemm CUDA2 0.056242 101741 40
CPU14 45.262915 101702 sgemm sgemm CUDA2 1.174839 101742 40
CPU10 45.069324 101703 sgemm sgemm CUDA0 1.054960 101743 40
CPU11 44.617124 101704 sgemm sgemm CUDA0 1.003331 101744 40
CPU6 45.266043 101705 sgemm sgemm CUDA2 12.136408 101745 40
CPU10 45.016205 101706 sgemm sgemm CUDA2 1.169544 101746 40
CPU15 44.710486 101707 sgemm sgemm CUDA0 1.008933 101747 40
CPU13 44.800063 101708 sgemm sgemm CUDA2 1.053500 101748 40
CPU4 45.549439 101709 sgemm sgemm CUDA3 1.001508 101749 40
CPU11 45.139325 101710 sgemm sgemm CUDA3 0.110657 101750 40
CPU15 44.905327 101711 sgemm sgemm CUDA0 1.150315 101751 40
CPU13 44.795593 101712 sgemm sgemm CUDA0 0.999266 101752 40
CPU19 44.938155 101713 sgemm sgemm CUDA0 1.302010 101753 40
CPU15 44.708839 101714 sgemm sgemm CUDA2 0.991396 101754 40
CPU10 44.967240 101715 sgemm sgemm CUDA0 1.167545 101755 40
CPU7 45.113993 101716 sgemm sgemm CUDA0 1.245054 101756 40
CPU16 46.178429 101717 sgemm sgemm CUDA3 1.166656 101757 40
CPU14 44.905481 101718 sgemm sgemm CUDA0 0.067969 101758 40
CPU14 45.006811 101719 sgemm sgemm CUDA0 0.996522 101759 40
CPU18 44.594130 101720 sgemm sgemm CUDA0 0.110399 101760 40
CPU5 44.871392 101721 sgemm sgemm CUDA2 1.169052 101761 40
CPU2 45.119177 101722 sgemm sgemm CUDA3 0.994412 101762 40
CPU0 45.599298 101723 sgemm sgemm CUDA3 1.163241 101763 40
CPU11 44.459513 101724 sgemm sgemm CUDA3 0.992517 101764 40
CPU12 45.089619 101725 sgemm sgemm CUDA3 0.076986 101765 40
CPU1 45.195436 101726 sgemm sgemm CUDA0 1.164476 101766 40
CPU6 45.335183 101727 sgemm sgemm CUDA3 0.989239 101767 40
CPU9 44.819115 101728 sgemm sgemm CUDA2 1.173086 101768 40
CPU6 25.265411 101731 ssyrk ssyrk CPU -1 101771 40
CPU1 44.642964 101732 sgemm sgemm CUDA3 1.189896 101772 40
CPU9 44.739483 101733 sgemm sgemm CUDA2 1.177518 101773 40
CPU15 44.833094 101734 sgemm sgemm CUDA3 1.009443 101774 40
CPU11 45.189746 101735 sgemm sgemm CUDA1 1.006164 101775 40
CPU11 44.804164 101736 sgemm sgemm CUDA2 0.117546 101776 40
CPU13 45.317946 101737 sgemm sgemm CUDA3 1.175134 101777 40
CPU16 44.763326 101738 sgemm sgemm CUDA3 1.175901 101778 40
CPU9 45.068563 101739 sgemm sgemm CUDA2 1.163434 101779 40
CPU8 44.903905 101740 sgemm sgemm CUDA2 12.566872 101780 40
CPU12 45.164370 101741 sgemm sgemm CUDA3 1.165532 101781 40
CPU16 44.935581 101742 sgemm sgemm CUDA2 1.166199 101782 40
CPU4 45.025622 101743 sgemm sgemm CUDA3 1.220621 101783 40
CPU15 44.752096 101744 sgemm sgemm CUDA3 0.108113 101784 40
CPU14 45.006111 101745 sgemm sgemm CUDA2 1.288957 101785 40
CPU6 45.220447 101746 sgemm sgemm CUDA2 1.171662 101786 40
CPU10 44.959646 101747 sgemm sgemm CUDA1 0.999502 101787 40
CPU9 45.021037 101748 sgemm sgemm CUDA2 0.064333 101788 40
CPU14 45.305421 101749 sgemm sgemm CUDA2 0.094150 101789 40
CPU4 45.079942 101750 sgemm sgemm CUDA2 0.078695 101790 40
CPU11 45.040938 101751 sgemm sgemm CUDA2 1.000367 101791 40
CPU5 45.020635 101752 sgemm sgemm CUDA2 1.171691 101792 40
CPU11 45.039753 101753 sgemm sgemm CUDA2 0.997857 101793 40
CPU18 44.893675 101754 sgemm sgemm CUDA2 1.169271 101794 40
CPU0 45.005959 101755 sgemm sgemm CUDA2 1.166391 101795 40
CPU6 44.962205 101756 sgemm sgemm CUDA2 1.167201 101796 40
CPU1 45.304125 101757 sgemm sgemm CUDA3 1.163370 101797 40
CPU5 44.742683 101758 sgemm sgemm CUDA3 1.203484 101798 40
CPU9 44.682617 101759 sgemm sgemm CUDA3 0.998374 101799 40
CPU9 45.406552 101760 sgemm sgemm CUDA1 1.004995 101800 40
CPU15 44.903011 101761 sgemm sgemm CUDA1 0.997488 101801 40
CPU7 44.836212 101762 sgemm sgemm CUDA3 0.995582 101802 40
CPU10 25.177535 101765 ssyrk ssyrk CPU -1 101805 40
CPU16 45.031182 101766 sgemm sgemm CUDA1 1.174782 101806 40
CPU15 44.644057 101767 sgemm sgemm CUDA0 1.216883 101807 40
CPU1 44.629851 101768 sgemm sgemm CUDA3 1.008406 101808 40
CPU9 45.001145 101769 sgemm sgemm CUDA0 13.092513 101809 40
CPU15 45.045231 101770 sgemm sgemm CUDA0 1.218919 101810 40
CPU4 45.180481 101771 sgemm sgemm CUDA0 1.004551 101811 40
CPU10 45.015124 101772 sgemm sgemm CUDA3 0.234268 101812 40
CPU12 44.949829 101773 sgemm sgemm CUDA3 1.012141 101813 40
CPU15 44.913459 101774 sgemm sgemm CUDA0 1.163846 101814 40
CPU6 45.280404 101775 sgemm sgemm CUDA3 0.048136 101815 40
CPU1 45.285021 101776 sgemm sgemm CUDA3 1.172484 101816 40
CPU13 44.977091 101777 sgemm sgemm CUDA3 1.227929 101817 40
CPU14 44.794575 101778 sgemm sgemm CUDA0 12.094197 101818 40
CPU16 44.816738 101779 sgemm sgemm CUDA0 1.167197 101819 40
CPU1 44.868097 101780 sgemm sgemm CUDA0 1.164447 101820 40
CPU6 45.183734 101781 sgemm sgemm CUDA2 1.219842 101821 40
CPU14 45.021023 101782 sgemm sgemm CUDA0 1.169957 101822 40
CPU3 44.895142 101783 sgemm sgemm CUDA0 1.159525 101823 40
CPU2 44.745132 101784 sgemm sgemm CUDA2 1.277847 101824 40
CPU5 45.351405 101785 sgemm sgemm CUDA0 1.296065 101825 40
CPU14 45.374233 101786 sgemm sgemm CUDA0 1.166756 101826 40
CPU18 44.832465 101787 sgemm sgemm CUDA0 1.168365 101827 40
CPU6 44.793653 101788 sgemm sgemm CUDA2 0.993633 101828 40
CPU13 45.046782 101789 sgemm sgemm CUDA3 0.995844 101829 40
CPU10 44.826822 101790 sgemm sgemm CUDA3 0.105467 101830 40
CPU4 45.071255 101791 sgemm sgemm CUDA2 0.996545 101831 40
CPU14 45.190756 101792 sgemm sgemm CUDA2 1.213676 101832 40
CPU12 44.766327 101793 sgemm sgemm CUDA1 0.998894 101833 40
CPU1 45.005816 101794 sgemm sgemm CUDA1 0.998444 101834 40
CPU2 44.909100 101795 sgemm sgemm CUDA3 0.992368 101835 40
CPU8 24.816888 101798 ssyrk ssyrk CPU11 97.315682 101838 40
CPU12 45.172536 101799 sgemm sgemm CUDA3 1.000089 101839 40
CPU2 43.933496 101800 sgemm sgemm CUDA3 1.172245 101840 40
CPU16 44.930911 101801 sgemm sgemm CUDA2 0.066605 101841 40
CPU13 45.163477 101802 sgemm sgemm CUDA1 1.001958 101842 40
CPU15 44.801028 101803 sgemm sgemm CUDA3 1.156095 101843 40
CPU3 44.698274 101804 sgemm sgemm CUDA3 1.165572 101844 40
CPU19 45.013640 101805 sgemm sgemm CUDA1 1.172710 101845 40
CPU15 45.156338 101806 sgemm sgemm CUDA3 1.000779 101846 40
CPU11 44.814035 101807 sgemm sgemm CUDA3 1.165095 101847 40
CPU11 44.996852 101808 sgemm sgemm CUDA3 1.003846 101848 40
CPU12 45.048649 101809 sgemm sgemm CUDA3 1.004803 101849 40
CPU16 45.168892 101810 sgemm sgemm CUDA2 1.123761 101850 40
CPU14 45.118120 101811 sgemm sgemm CUDA0 1.005771 101851 40
CPU5 44.637138 101812 sgemm sgemm CUDA0 1.274783 101852 40
CPU2 45.119700 101813 sgemm sgemm CUDA2 1.163270 101853 40
CPU12 45.357265 101814 sgemm sgemm CUDA3 0.993377 101854 40
CPU8 44.866485 101815 sgemm sgemm CUDA0 1.168308 101855 40
CPU10 45.363990 101816 sgemm sgemm CUDA0 12.854299 101856 40
CPU15 45.701256 101817 sgemm sgemm CUDA0 18.713280 101857 40
CPU1 45.160932 101818 sgemm sgemm CUDA0 0.227980 101858 40
CPU18 44.930356 101819 sgemm sgemm CUDA2 1.000194 101859 40
CPU4 44.722723 101820 sgemm sgemm CUDA2 1.168360 101860 40
CPU11 44.818211 101821 sgemm sgemm CUDA1 0.944228 101861 40
CPU10 44.881477 101822 sgemm sgemm CUDA1 0.988723 101862 40
CPU9 44.830243 101823 sgemm sgemm CUDA3 0.998399 101863 40
CPU5 44.365831 101824 sgemm sgemm CUDA2 0.998692 101864 40
CPU1 45.513532 101825 sgemm sgemm CUDA2 1.412549 101865 40
CPU2 44.986514 101826 sgemm sgemm CUDA2 9.675047 101866 40
CPU5 44.711045 101827 sgemm sgemm CUDA3 1.154833 101867 40
CPU9 24.917044 101830 ssyrk ssyrk CPU31 92.475366 101870 40
CPU6 44.776550 101831 sgemm sgemm CUDA3 1.169866 101871 40
CPU12 45.184618 101832 sgemm sgemm CUDA0 1.176484 101872 40
CPU0 45.295092 101833 sgemm sgemm CUDA0 1.166179 101873 40
CPU5 45.300549 101834 sgemm sgemm CUDA0 0.997654 101874 40
CPU7 44.628349 101835 sgemm sgemm CUDA3 12.080133 101875 40
CPU9 44.897719 101836 sgemm sgemm CUDA0 12.539557 101876 40
CPU5 44.894199 101837 sgemm sgemm CUDA0 1.167323 101877 40
CPU14 44.923703 101838 sgemm sgemm CUDA3 8.672599 101878 40
CPU16 44.724487 101839 sgemm sgemm CUDA3 0.999311 101879 40
CPU19 44.869916 101840 sgemm sgemm CUDA1 0.999991 101880 40
CPU14 45.117947 101841 sgemm sgemm CUDA0 1.145078 101881 40
CPU0 45.246932 101842 sgemm sgemm CUDA0 16.638024 101882 40
CPU6 45.035923 101843 sgemm sgemm CUDA1 0.154815 101883 40
CPU12 44.987565 101844 sgemm sgemm CUDA1 13.098364 101884 40
CPU8 44.972297 101845 sgemm sgemm CUDA3 1.167680 101885 40
CPU9 45.084963 101846 sgemm sgemm CUDA3 1.161282 101886 40
CPU2 45.264652 101847 sgemm sgemm CUDA0 1.166297 101887 40
CPU9 45.331225 101848 sgemm sgemm CUDA0 12.804188 101888 40
CPU3 45.235280 101849 sgemm sgemm CUDA0 1.171714 101889 40
CPU19 45.095432 101850 sgemm sgemm CUDA0 0.993997 101890 40
CPU3 45.004124 101851 sgemm sgemm CUDA3 12.069413 101891 40
CPU8 45.051231 101852 sgemm sgemm CUDA3 1.004138 101892 40
CPU11 44.796592 101853 sgemm sgemm CUDA3 0.086214 101893 40
CPU6 45.178294 101854 sgemm sgemm CUDA3 0.993435 101894 40
CPU8 45.071929 101855 sgemm sgemm CUDA3 0.998614 101895 40
CPU17 45.146313 101856 sgemm sgemm CUDA0 1.000311 101896 40
CPU8 44.952239 101857 sgemm sgemm CUDA1 0.991220 101897 40
CPU0 45.329289 101858 sgemm sgemm CUDA3 0.999827 101898 40
CPU6 25.110704 101861 ssyrk ssyrk CPU24 97.327874 101901 40
CPU16 44.922406 101862 sgemm sgemm CUDA2 1.171196 101902 40
CPU16 45.050483 101863 sgemm sgemm CUDA3 1.169380 101903 40
CPU11 45.065030 101864 sgemm sgemm CUDA1 1.000080 101904 40
CPU7 44.528790 101865 sgemm sgemm CUDA2 1.005585 101905 40
CPU5 44.940359 101866 sgemm sgemm CUDA0 0.993685 101906 40
CPU13 45.217715 101867 sgemm sgemm CUDA0 0.266065 101907 40
CPU15 44.836258 101868 sgemm sgemm CUDA3 1.167312 101908 40
CPU14 44.987149 101869 sgemm sgemm CUDA3 1.000810 101909 40
CPU14 46.571424 101870 sgemm sgemm CUDA1 0.060393 101910 40
CPU5 44.909350 101871 sgemm sgemm CUDA0 1.219486 101911 40
CPU16 45.013875 101872 sgemm sgemm CUDA2 0.996773 101912 40
CPU7 44.307319 101873 sgemm sgemm CUDA1 1.164527 101913 40
CPU4 45.110176 101874 sgemm sgemm CUDA2 0.082422 101914 40
CPU12 45.174040 101875 sgemm sgemm CUDA2 0.995596 101915 40
CPU1 45.017848 101876 sgemm sgemm CUDA2 0.997181 101916 40
CPU8 45.573345 101877 sgemm sgemm CUDA2 0.948975 101917 40
CPU8 45.304296 101878 sgemm sgemm CUDA0 1.001341 101918 40
CPU4 45.478571 101879 sgemm sgemm CUDA2 1.167707 101919 40
CPU18 44.845967 101880 sgemm sgemm CUDA0 1.173194 101920 40
CPU6 44.810480 101881 sgemm sgemm CUDA1 0.994431 101921 40
CPU5 45.009444 101882 sgemm sgemm CUDA2 0.998918 101922 40
CPU6 45.432334 101883 sgemm sgemm CUDA3 0.997784 101923 40
CPU8 45.117737 101884 sgemm sgemm CUDA3 1.147962 101924 40
CPU7 44.956188 101885 sgemm sgemm CUDA2 0.990492 101925 40
CPU4 44.716454 101886 sgemm sgemm CUDA2 0.992422 101926 40
CPU8 44.957953 101887 sgemm sgemm CUDA2 1.164508 101927 40
CPU6 44.942056 101888 sgemm sgemm CUDA3 1.166603 101928 40
CPU16 24.879090 101891 ssyrk ssyrk CPU -1 101931 40
CPU13 45.000706 101892 sgemm sgemm CUDA1 1.168780 101932 40
CPU11 44.706029 101893 sgemm sgemm CUDA0 1.179968 101933 40
CPU14 44.998606 101894 sgemm sgemm CUDA1 1.171618 101934 40
CPU7 45.371929 101895 sgemm sgemm CUDA1 1.170995 101935 40
CPU5 44.696197 101896 sgemm sgemm CUDA3 1.170872 101936 40
CPU15 44.859363 101897 sgemm sgemm CUDA1 0.997785 101937 40
CPU3 44.812778 101898 sgemm sgemm CUDA3 1.223139 101938 40
CPU2 44.667932 101899 sgemm sgemm CUDA3 12.158265 101939 40
CPU15 44.935755 101900 sgemm sgemm CUDA3 0.997052 101940 40
CPU19 45.110793 101901 sgemm sgemm CUDA2 1.260736 101941 40
CPU16 45.126378 101902 sgemm sgemm CUDA1 1.166005 101942 40
CPU3 44.964348 101903 sgemm sgemm CUDA1 1.167087 101943 40
CPU0 45.229149 101904 sgemm sgemm CUDA3 0.978401 101944 40
CPU2 45.243176 101905 sgemm sgemm CUDA2 0.996569 101945 40
CPU4 45.228442 101906 sgemm sgemm CUDA3 12.193529 101946 40
CPU11 44.842125 101907 sgemm sgemm CUDA2 1.153481 101947 40
CPU7 45.518925 101908 sgemm sgemm CUDA2 9.909404 101948 40
CPU18 44.804217 101909 sgemm sgemm CUDA2 1.168017 101949 40
CPU4 44.806476 101910 sgemm sgemm CUDA2 0.047422 101950 40
CPU15 44.895899 101911 sgemm sgemm CUDA2 1.004996 101951 40
CPU11 44.776514 101912 sgemm sgemm CUDA1 1.167040 101952 40
CPU2 44.943476 101913 sgemm sgemm CUDA2 1.168514 101953 40
CPU3 44.629392 101914 sgemm sgemm CUDA2 1.165985 101954 40
CPU15 44.634762 101915 sgemm sgemm CUDA2 1.163346 101955 40
CPU0 45.642071 101916 sgemm sgemm CUDA1 0.999290 101956 40
CPU9 44.830683 101917 sgemm sgemm CUDA3 1.237274 101957 40
CPU6 25.156474 101920 ssyrk ssyrk CPU25 97.061496 101960 40
CPU13 45.058587 101921 sgemm sgemm CUDA3 12.326151 101961 40
CPU15 45.024075 101922 sgemm sgemm CUDA1 1.219132 101962 40
CPU10 45.051955 101923 sgemm sgemm CUDA0 12.889209 101963 40
CPU5 44.823918 101924 sgemm sgemm CUDA3 0.994428 101964 40
CPU13 45.267622 101925 sgemm sgemm CUDA1 0.997732 101965 40
CPU3 44.566397 101926 sgemm sgemm CUDA3 0.999837 101966 40
CPU15 45.046407 101927 sgemm sgemm CUDA0 1.160129 101967 40
CPU16 45.102685 101928 sgemm sgemm CUDA3 12.141068 101968 40
CPU4 45.017439 101929 sgemm sgemm CUDA0 1.157533 101969 40
CPU17 45.203629 101930 sgemm sgemm CUDA0 0.997280 101970 40
CPU9 44.959788 101931 sgemm sgemm CUDA2 0.995402 101971 40
CPU3 44.871868 101932 sgemm sgemm CUDA0 1.170267 101972 40
CPU5 44.828538 101933 sgemm sgemm CUDA0 0.996143 101973 40
CPU15 44.999379 101934 sgemm sgemm CUDA0 1.162705 101974 40
CPU6 45.126011 101935 sgemm sgemm CUDA2 1.254368 101975 40
CPU13 44.927391 101936 sgemm sgemm CUDA2 1.168013 101976 40
CPU19 45.093956 101937 sgemm sgemm CUDA0 0.993449 101977 40
CPU9 44.471798 101938 sgemm sgemm CUDA3 0.990692 101978 40
CPU7 45.012811 101939 sgemm sgemm CUDA1 1.163059 101979 40
CPU2 44.998316 101940 sgemm sgemm CUDA1 1.165227 101980 40
CPU10 45.032158 101941 sgemm sgemm CUDA2 0.055640 101981 40
CPU1 44.901225 101942 sgemm sgemm CUDA3 0.993192 101982 40
CPU16 44.931516 101943 sgemm sgemm CUDA2 1.168521 101983 40
CPU4 45.006928 101944 sgemm sgemm CUDA0 0.995616 101984 40
CPU8 44.826756 101945 sgemm sgemm CUDA3 1.162184 101985 40
CPU8 25.166654 101948 ssyrk ssyrk CPU29 98.179643 101988 40
CPU8 44.937225 101949 sgemm sgemm CUDA3 1.156809 101989 40
CPU5 44.936494 101950 sgemm sgemm CUDA0 1.170812 101990 40
CPU9 44.864879 101951 sgemm sgemm CUDA0 0.995644 101991 40
CPU7 45.098986 101952 sgemm sgemm CUDA1 1.005317 101992 40
CPU12 44.979781 101953 sgemm sgemm CUDA3 1.168488 101993 40
CPU14 45.036879 101954 sgemm sgemm CUDA0 0.999894 101994 40
CPU11 45.486270 101955 sgemm sgemm CUDA0 1.164398 101995 40
CPU0 45.767985 101956 sgemm sgemm CUDA0 0.991032 101996 40
CPU7 44.870513 101957 sgemm sgemm CUDA3 0.197865 101997 40
CPU1 45.249185 101958 sgemm sgemm CUDA1 0.997549 101998 40
CPU10 44.954874 101959 sgemm sgemm CUDA3 1.164972 101999 40
CPU5 44.942621 101960 sgemm sgemm CUDA0 0.998077 102000 40
CPU3 45.161902 101961 sgemm sgemm CUDA3 0.997174 102001 40
CPU19 45.045358 101962 sgemm sgemm CUDA0 1.165600 102002 40
CPU16 44.957590 101963 sgemm sgemm CUDA0 1.163763 102003 40
CPU18 44.663250 101964 sgemm sgemm CUDA3 1.168226 102004 40
CPU5 44.466598 101965 sgemm sgemm CUDA1 1.166453 102005 40
CPU17 45.344347 101966 sgemm sgemm CUDA1 1.267542 102006 40
CPU14 45.138862 101967 sgemm sgemm CUDA3 1.171405 102007 40
CPU5 45.268237 101968 sgemm sgemm CUDA3 1.168122 102008 40
CPU11 44.825336 101969 sgemm sgemm CUDA3 0.993115 102009 40
CPU8 45.536801 101970 sgemm sgemm CUDA0 1.161711 102010 40
CPU19 45.073938 101971 sgemm sgemm CUDA1 1.163024 102011 40
CPU6 45.176407 101972 sgemm sgemm CUDA3 12.616278 102012 40
CPU13 25.290651 101975 ssyrk ssyrk CPU23 97.144491 102015 40
CPU10 45.078319 101976 sgemm sgemm CUDA3 0.148665 102016 40
CPU1 44.969277 101977 sgemm sgemm CUDA3 1.003935 102017 40
CPU19 45.116631 101978 sgemm sgemm CUDA1 12.239463 102018 40
CPU16 45.051488 101979 sgemm sgemm CUDA2 1.204985 102019 40
CPU0 45.297150 101980 sgemm sgemm CUDA1 1.235633 102020 40
CPU13 45.261862 101981 sgemm sgemm CUDA2 1.150840 102021 40
CPU7 45.147424 101982 sgemm sgemm CUDA2 1.165395 102022 40
CPU19 45.132501 101983 sgemm sgemm CUDA3 1.162405 102023 40
CPU13 45.140169 101984 sgemm sgemm CUDA2 12.186846 102024 40
CPU0 45.204676 101985 sgemm sgemm CUDA2 1.172697 102025 40
CPU8 45.019238 101986 sgemm sgemm CUDA3 12.378423 102026 40
CPU11 45.018151 101987 sgemm sgemm CUDA3 1.000097 102027 40
CPU13 44.929840 101988 sgemm sgemm CUDA3 0.995332 102028 40
CPU12 45.035877 101989 sgemm sgemm CUDA2 0.998999 102029 40
CPU18 45.022710 101990 sgemm sgemm CUDA3 1.001839 102030 40
CPU9 44.713606 101991 sgemm sgemm CUDA2 1.229622 102031 40
CPU1 44.922680 101992 sgemm sgemm CUDA2 1.295979 102032 40
CPU16 44.829081 101993 sgemm sgemm CUDA2 0.989073 102033 40
CPU3 45.209612 101994 sgemm sgemm CUDA2 0.056014 102034 40
CPU6 44.855447 101995 sgemm sgemm CUDA2 1.168990 102035 40
CPU1 45.024213 101996 sgemm sgemm CUDA2 1.844955 102036 40
CPU15 45.023954 101997 sgemm sgemm CUDA3 0.124555 102037 40
CPU7 44.949086 101998 sgemm sgemm CUDA2 1.160878 102038 40
CPU14 25.169694 102001 ssyrk ssyrk CPU33 97.779537 102041 40
CPU15 44.802485 102002 sgemm sgemm CUDA0 0.129708 102042 40
CPU19 44.996826 102003 sgemm sgemm CUDA2 0.083874 102043 40
CPU11 44.842177 102004 sgemm sgemm CUDA3 1.167762 102044 40
CPU15 44.739348 102005 sgemm sgemm CUDA3 1.162105 102045 40
CPU16 44.889517 102006 sgemm sgemm CUDA1 1.165485 102046 40
CPU19 45.132486 102007 sgemm sgemm CUDA0 1.167244 102047 40
CPU10 45.212735 102008 sgemm sgemm CUDA1 0.995443 102048 40
CPU4 45.110639 102009 sgemm sgemm CUDA2 1.155480 102049 40
CPU1 44.930868 102010 sgemm sgemm CUDA0 12.614192 102050 40
CPU1 45.043882 102011 sgemm sgemm CUDA0 0.989831 102051 40
CPU14 45.105606 102012 sgemm sgemm CUDA2 8.202746 102052 40
CPU13 44.864687 102013 sgemm sgemm CUDA2 0.997440 102053 40
CPU15 44.768467 102014 sgemm sgemm CUDA0 1.000135 102054 40
CPU19 45.031605 102015 sgemm sgemm CUDA0 0.081613 102055 40
CPU3 44.917277 102016 sgemm sgemm CUDA3 1.003386 102056 40
CPU15 45.011754 102017 sgemm sgemm CUDA2 12.097466 102057 40
CPU14 44.804901 102018 sgemm sgemm CUDA1 0.072063 102058 40
CPU11 44.673928 102019 sgemm sgemm CUDA2 0.999704 102059 40
CPU13 45.152901 102020 sgemm sgemm CUDA0 1.167288 102060 40
CPU10 45.159426 102021 sgemm sgemm CUDA2 1.000264 102061 40
CPU14 45.029998 102022 sgemm sgemm CUDA0 0.993065 102062 40
CPU7 45.024807 102023 sgemm sgemm CUDA0 1.219959 102063 40
CPU15 24.992603 102026 ssyrk ssyrk CPU27 97.712836 102066 40
CPU5 45.029744 102027 sgemm sgemm CUDA3 1.166476 102067 40
CPU6 45.082721 102028 sgemm sgemm CUDA0 0.988320 102068 40
CPU11 45.002570 102029 sgemm sgemm CUDA0 1.225871 102069 40
CPU8 45.195106 102030 sgemm sgemm CUDA0 1.155175 102070 40
CPU5 45.361710 102031 sgemm sgemm CUDA2 1.221807 102071 40
CPU11 44.875129 102032 sgemm sgemm CUDA3 1.256363 102072 40
CPU19 44.778493 102033 sgemm sgemm CUDA0 1.164164 102073 40
CPU14 45.056611 102034 sgemm sgemm CUDA0 1.224565 102074 40
CPU6 45.243322 102035 sgemm sgemm CUDA2 4.445273 102075 40
CPU16 45.089605 102036 sgemm sgemm CUDA2 0.998784 102076 40
CPU4 45.536047 102037 sgemm sgemm CUDA2 0.999451 102077 40
CPU13 45.031095 102038 sgemm sgemm CUDA2 0.061332 102078 40
CPU18 44.759370 102039 sgemm sgemm CUDA0 1.167184 102079 40
CPU6 44.943911 102040 sgemm sgemm CUDA3 0.998843 102080 40
CPU14 45.099664 102041 sgemm sgemm CUDA2 1.283616 102081 40
CPU17 45.459316 102042 sgemm sgemm CUDA3 1.165517 102082 40
CPU2 45.076470 102043 sgemm sgemm CUDA2 0.103150 102083 40
CPU14 45.222587 102044 sgemm sgemm CUDA0 1.163760 102084 40
CPU13 44.831158 102045 sgemm sgemm CUDA2 12.702153 102085 40
CPU6 44.833711 102046 sgemm sgemm CUDA0 1.159274 102086 40
CPU4 45.225207 102047 sgemm sgemm CUDA2 0.998996 102087 40
CPU14 26.246283 102050 ssyrk ssyrk CPU29 97.833818 102090 40
CPU12 45.112154 102051 sgemm sgemm CUDA2 0.998440 102091 40
CPU7 45.392185 102052 sgemm sgemm CUDA3 1.168037 102092 40
CPU12 44.881662 102053 sgemm sgemm CUDA3 0.998881 102093 40
CPU2 45.123320 102054 sgemm sgemm CUDA2 1.168667 102094 40
CPU0 45.366277 102055 sgemm sgemm CUDA1 0.998162 102095 40
CPU2 45.284117 102056 sgemm sgemm CUDA2 0.990605 102096 40
CPU13 44.764870 102057 sgemm sgemm CUDA3 1.177246 102097 40
CPU16 44.714599 102058 sgemm sgemm CUDA3 1.168950 102098 40
CPU5 45.189361 102059 sgemm sgemm CUDA2 0.122912 102099 40
CPU14 45.056560 102060 sgemm sgemm CUDA2 1.050466 102100 40
CPU2 45.242731 102061 sgemm sgemm CUDA1 1.231381 102101 40
CPU19 44.870329 102062 sgemm sgemm CUDA3 1.165707 102102 40
CPU14 45.435492 102063 sgemm sgemm CUDA3 0.997594 102103 40
CPU6 45.157667 102064 sgemm sgemm CUDA3 0.998356 102104 40
CPU2 45.223520 102065 sgemm sgemm CUDA2 1.152176 102105 40
CPU9 45.223835 102066 sgemm sgemm CUDA3 0.991004 102106 40
CPU10 45.131122 102067 sgemm sgemm CUDA3 0.069799 102107 40
CPU6 45.171656 102068 sgemm sgemm CUDA2 1.233022 102108 40
CPU11 44.800234 102069 sgemm sgemm CUDA1 1.168938 102109 40
CPU5 44.967189 102070 sgemm sgemm CUDA3 0.996304 102110 40
CPU8 24.958374 102073 ssyrk ssyrk CPU17 97.151259 102113 40
CPU16 44.798546 102074 sgemm sgemm CUDA0 1.223067 102114 40
CPU0 45.358836 102075 sgemm sgemm CUDA2 0.996981 102115 40
CPU5 44.951280 102076 sgemm sgemm CUDA2 1.000048 102116 40
CPU4 45.199543 102077 sgemm sgemm CUDA0 1.171821 102117 40
CPU3 45.128410 102078 sgemm sgemm CUDA0 1.172551 102118 40
CPU10 45.159816 102079 sgemm sgemm CUDA3 1.163756 102119 40
CPU6 45.358857 102080 sgemm sgemm CUDA0 1.172633 102120 40
CPU11 44.763383 102081 sgemm sgemm CUDA2 0.999321 102121 40
CPU3 45.180012 102082 sgemm sgemm CUDA3 0.995193 102122 40
CPU11 44.865953 102083 sgemm sgemm CUDA0 12.368981 102123 40
CPU18 44.862069 102084 sgemm sgemm CUDA0 0.979345 102124 40
CPU2 44.735394 102085 sgemm sgemm CUDA0 1.231525 102125 40
CPU1 44.850080 102086 sgemm sgemm CUDA2 0.993727 102126 40
CPU1 45.182925 102087 sgemm sgemm CUDA1 1.002522 102127 40
CPU1 45.180154 102088 sgemm sgemm CUDA2 1.314005 102128 40
CPU12 45.109611 102089 sgemm sgemm CUDA1 0.993101 102129 40
CPU14 45.161625 102090 sgemm sgemm CUDA0 0.078264 102130 40
CPU16 45.076448 102091 sgemm sgemm CUDA2 1.167478 102131 40
CPU4 44.942085 102092 sgemm sgemm CUDA0 1.286857 102132 40
CPU7 25.666596 102095 ssyrk ssyrk CPU26 97.685500 102135 40
CPU16 44.864450 102096 sgemm sgemm CUDA3 1.166513 102136 40
CPU13 44.998315 102097 sgemm sgemm CUDA0 0.080255 102137 40
CPU0 45.869436 102098 sgemm sgemm CUDA3 1.235126 102138 40
CPU10 45.081335 102099 sgemm sgemm CUDA1 1.171270 102139 40
CPU8 45.289237 102100 sgemm sgemm CUDA0 0.997751 102140 40
CPU9 45.365478 102101 sgemm sgemm CUDA0 1.007349 102141 40
CPU0 45.536257 102102 sgemm sgemm CUDA0 0.983962 102142 40
CPU14 44.848202 102103 sgemm sgemm CUDA3 0.078505 102143 40
CPU4 45.261150 102104 sgemm sgemm CUDA1 1.166568 102144 40
CPU19 44.879992 102105 sgemm sgemm CUDA3 0.998505 102145 40
CPU5 45.634853 102106 sgemm sgemm CUDA0 12.085348 102146 40
CPU16 45.136081 102107 sgemm sgemm CUDA3 0.996026 102147 40
CPU12 44.664882 102108 sgemm sgemm CUDA3 13.216562 102148 40
CPU8 45.360535 102109 sgemm sgemm CUDA1 1.169779 102149 40
CPU7 45.043416 102110 sgemm sgemm CUDA3 1.002615 102150 40
CPU6 45.485828 102111 sgemm sgemm CUDA3 0.997507 102151 40
CPU15 44.968687 102112 sgemm sgemm CUDA3 1.249985 102152 40
CPU5 44.996819 102113 sgemm sgemm CUDA3 0.065668 102153 40
CPU10 25.281062 102116 ssyrk ssyrk CPU -1 102156 40
CPU12 45.533703 102117 sgemm sgemm CUDA2 0.998998 102157 40
CPU5 44.849287 102118 sgemm sgemm CUDA3 0.994741 102158 40
CPU6 45.163205 102119 sgemm sgemm CUDA0 1.001360 102159 40
CPU12 44.959891 102120 sgemm sgemm CUDA3 1.165710 102160 40
CPU6 45.304024 102121 sgemm sgemm CUDA0 1.166135 102161 40
CPU8 46.049040 102122 sgemm sgemm CUDA3 0.997123 102162 40
CPU4 45.343338 102123 sgemm sgemm CUDA2 10.994833 102163 40
CPU7 45.352835 102124 sgemm sgemm CUDA2 0.999685 102164 40
CPU18 45.123543 102125 sgemm sgemm CUDA3 1.167328 102165 40
CPU2 44.834860 102126 sgemm sgemm CUDA0 1.169784 102166 40
CPU15 44.819681 102127 sgemm sgemm CUDA2 1.166925 102167 40
CPU3 45.255370 102128 sgemm sgemm CUDA3 1.001945 102168 40
CPU8 44.867045 102129 sgemm sgemm CUDA1 0.992471 102169 40
CPU9 44.985939 102130 sgemm sgemm CUDA2 1.165430 102170 40
CPU16 44.731578 102131 sgemm sgemm CUDA3 1.002460 102171 40
CPU8 45.103419 102132 sgemm sgemm CUDA1 0.996638 102172 40
CPU8 44.861897 102133 sgemm sgemm CUDA2 1.169645 102173 40
CPU10 25.372145 102136 ssyrk ssyrk CPU30 97.827271 102176 40
CPU10 44.861459 102137 sgemm sgemm CUDA0 1.001360 102177 40
CPU10 45.000410 102138 sgemm sgemm CUDA0 1.002054 102178 40
CPU3 45.114503 102139 sgemm sgemm CUDA0 1.248557 102179 40
CPU10 45.106901 102140 sgemm sgemm CUDA2 0.987828 102180 40
CPU16 44.799200 102141 sgemm sgemm CUDA2 0.948136 102181 40
CPU10 45.080539 102142 sgemm sgemm CUDA0 0.050821 102182 40
CPU5 45.040112 102143 sgemm sgemm CUDA0 1.000735 102183 40
CPU18 44.775650 102144 sgemm sgemm CUDA0 1.170226 102184 40
CPU4 44.642903 102145 sgemm sgemm CUDA2 0.997032 102185 40
CPU0 45.267223 102146 sgemm sgemm CUDA2 1.244137 102186 40
CPU12 44.906619 102147 sgemm sgemm CUDA2 1.166475 102187 40
CPU3 45.115283 102148 sgemm sgemm CUDA2 1.161120 102188 40
CPU11 45.084076 102149 sgemm sgemm CUDA0 0.053836 102189 40
CPU3 45.320467 102150 sgemm sgemm CUDA0 1.243001 102190 40
CPU14 45.043165 102151 sgemm sgemm CUDA0 0.985635 102191 40
CPU8 44.878668 102152 sgemm sgemm CUDA2 0.997484 102192 40
CPU9 24.862576 102155 ssyrk ssyrk CPU31 97.763287 102195 40
CPU9 44.682658 102156 sgemm sgemm CUDA0 0.063037 102196 40
CPU14 45.308268 102157 sgemm sgemm CUDA3 1.159101 102197 40
CPU1 44.847926 102158 sgemm sgemm CUDA3 1.160904 102198 40
CPU12 45.080695 102159 sgemm sgemm CUDA0 12.096267 102199 40
CPU9 44.913568 102160 sgemm sgemm CUDA3 0.996529 102200 40
CPU0 45.357379 102161 sgemm sgemm CUDA0 0.997471 102201 40
CPU18 44.821570 102162 sgemm sgemm CUDA3 0.997941 102202 40
CPU5 44.633001 102163 sgemm sgemm CUDA0 0.057847 102203 40
CPU9 44.614128 102164 sgemm sgemm CUDA3 1.159086 102204 40
CPU11 44.830776 102165 sgemm sgemm CUDA1 1.166968 102205 40
CPU6 45.163908 102166 sgemm sgemm CUDA1 1.253492 102206 40
CPU3 44.860646 102167 sgemm sgemm CUDA3 1.001876 102207 40
CPU12 45.294924 102168 sgemm sgemm CUDA3 1.002014 102208 40
CPU15 45.165881 102169 sgemm sgemm CUDA3 1.165023 102209 40
CPU9 44.760820 102170 sgemm sgemm CUDA0 0.993684 102210 40
CPU15 24.785817 102173 ssyrk ssyrk CPU32 85.843965 102213 40
CPU11 44.845352 102174 sgemm sgemm CUDA0 1.153943 102214 40
CPU15 44.816936 102175 sgemm sgemm CUDA2 1.167076 102215 40
CPU5 45.204115 102176 sgemm sgemm CUDA2 0.998475 102216 40
CPU2 44.954093 102177 sgemm sgemm CUDA1 1.167694 102217 40
CPU11 44.913145 102178 sgemm sgemm CUDA1 1.139455 102218 40
CPU18 44.753683 102179 sgemm sgemm CUDA2 0.152603 102219 40
CPU15 44.656370 102180 sgemm sgemm CUDA2 1.000006 102220 40
CPU16 44.948438 102181 sgemm sgemm CUDA2 0.995958 102221 40
CPU16 44.599086 102182 sgemm sgemm CUDA1 0.990966 102222 40
CPU12 45.052862 102183 sgemm sgemm CUDA2 1.164098 102223 40
CPU0 45.213409 102184 sgemm sgemm CUDA1 0.996902 102224 40
CPU7 45.111254 102185 sgemm sgemm CUDA2 0.053986 102225 40
CPU13 45.215968 102186 sgemm sgemm CUDA2 1.174060 102226 40
CPU0 45.355723 102187 sgemm sgemm CUDA2 1.006240 102227 40
CPU16 24.926555 102190 ssyrk ssyrk CPU26 90.632899 102230 40
CPU16 45.252893 102191 sgemm sgemm CUDA3 0.998742 102231 40
CPU8 45.285665 102192 sgemm sgemm CUDA3 0.996634 102232 40
CPU13 44.983980 102193 sgemm sgemm CUDA2 1.202867 102233 40
CPU10 44.888304 102194 sgemm sgemm CUDA2 1.163896 102234 40
CPU18 44.572798 102195 sgemm sgemm CUDA3 1.170136 102235 40
CPU16 45.205211 102196 sgemm sgemm CUDA3 1.159245 102236 40
CPU17 45.051944 102197 sgemm sgemm CUDA3 1.205489 102237 40
CPU6 45.355097 102198 sgemm sgemm CUDA2 1.001630 102238 40
CPU16 45.229560 102199 sgemm sgemm CUDA2 1.001569 102239 40
CPU14 45.241030 102200 sgemm sgemm CUDA2 0.988926 102240 40
CPU13 45.197431 102201 sgemm sgemm CUDA3 0.997421 102241 40
CPU10 45.063173 102202 sgemm sgemm CUDA2 1.282332 102242 40
CPU7 44.965577 102203 sgemm sgemm CUDA3 1.002409 102243 40
CPU6 25.325976 102206 ssyrk ssyrk CPU22 97.310754 102246 40
CPU11 44.840763 102207 sgemm sgemm CUDA3 0.994104 102247 40
CPU11 44.831636 102208 sgemm sgemm CUDA0 14.327036 102248 40
CPU14 44.880414 102209 sgemm sgemm CUDA3 1.168940 102249 40
CPU19 44.625963 102210 sgemm sgemm CUDA0 0.067813 102250 40
CPU1 44.645840 102211 sgemm sgemm CUDA2 0.070066 102251 40
CPU13 44.976399 102212 sgemm sgemm CUDA3 1.167110 102252 40
CPU10 44.907097 102213 sgemm sgemm CUDA2 1.165399 102253 40
CPU10 44.857325 102214 sgemm sgemm CUDA2 1.165043 102254 40
CPU4 45.030744 102215 sgemm sgemm CUDA0 1.000095 102255 40
CPU12 44.993402 102216 sgemm sgemm CUDA2 1.138188 102256 40
CPU13 44.780704 102217 sgemm sgemm CUDA2 1.258815 102257 40
CPU5 45.085964 102218 sgemm sgemm CUDA0 1.003266 102258 40
CPU9 25.160741 102221 ssyrk ssyrk CPU16 94.189094 102261 40
CPU3 45.351599 102222 sgemm sgemm CUDA2 0.997197 102262 40
CPU3 45.316793 102223 sgemm sgemm CUDA3 1.172378 102263 40
CPU8 44.919473 102224 sgemm sgemm CUDA2 1.254534 102264 40
CPU2 45.150249 102225 sgemm sgemm CUDA0 0.091321 102265 40
CPU19 45.176834 102226 sgemm sgemm CUDA2 1.164442 102266 40
CPU2 45.182165 102227 sgemm sgemm CUDA3 1.000307 102267 40
CPU6 45.373265 102228 sgemm sgemm CUDA2 1.111582 102268 40
CPU8 45.052052 102229 sgemm sgemm CUDA2 0.997374 102269 40
CPU1 45.116349 102230 sgemm sgemm CUDA3 0.997705 102270 40
CPU4 45.247092 102231 sgemm sgemm CUDA0 0.999217 102271 40
CPU9 44.757401 102232 sgemm sgemm CUDA2 0.082802 102272 40
CPU1 25.839894 102235 ssyrk ssyrk CPU -1 102275 40
CPU9 45.312597 102236 sgemm sgemm CUDA3 0.056629 102276 40
CPU6 45.434119 102237 sgemm sgemm CUDA3 1.163315 102277 40
CPU7 45.001226 102238 sgemm sgemm CUDA2 0.992030 102278 40
CPU5 44.844949 102239 sgemm sgemm CUDA0 1.166981 102279 40
CPU14 44.929175 102240 sgemm sgemm CUDA2 1.169518 102280 40
CPU1 45.959593 102241 sgemm sgemm CUDA1 1.176201 102281 40
CPU1 44.702360 102242 sgemm sgemm CUDA2 1.171933 102282 40
CPU13 44.716875 102243 sgemm sgemm CUDA0 1.174874 102283 40
CPU5 45.282598 102244 sgemm sgemm CUDA0 9.452998 102284 40
CPU1 44.772239 102245 sgemm sgemm CUDA3 1.237669 102285 40
CPU3 25.155510 102248 ssyrk ssyrk CPU23 94.507426 102288 40
CPU17 44.703271 102249 sgemm sgemm CUDA0 1.169149 102289 40
CPU16 44.912549 102250 sgemm sgemm CUDA0 1.167353 102290 40
CPU13 44.898155 102251 sgemm sgemm CUDA1 0.999253 102291 40
CPU9 45.072756 102252 sgemm sgemm CUDA1 0.063277 102292 40
CPU10 44.704165 102253 sgemm sgemm CUDA3 1.003840 102293 40
CPU11 44.797561 102254 sgemm sgemm CUDA3 8.341708 102294 40
CPU12 44.736889 102255 sgemm sgemm CUDA2 0.081843 102295 40
CPU0 45.353725 102256 sgemm sgemm CUDA0 1.190039 102296 40
CPU14 45.019717 102257 sgemm sgemm CUDA2 1.163428 102297 40
CPU19 25.073652 102260 ssyrk ssyrk CPU17 74.456571 102300 40
CPU6 45.086462 102261 sgemm sgemm CUDA3 0.986312 102301 40
CPU15 44.696173 102262 sgemm sgemm CUDA3 1.171724 102302 40
CPU6 45.302926 102263 sgemm sgemm CUDA3 0.890146 102303 40
CPU11 45.386896 102264 sgemm sgemm CUDA2 1.219422 102304 40
CPU6 44.986041 102265 sgemm sgemm CUDA0 1.001144 102305 40
CPU15 44.647644 102266 sgemm sgemm CUDA3 0.051357 102306 40
CPU3 45.067336 102267 sgemm sgemm CUDA0 1.145224 102307 40
CPU6 45.233196 102268 sgemm sgemm CUDA2 0.130224 102308 40
CPU8 24.756736 102271 ssyrk ssyrk CPU25 91.903859 102311 40
CPU14 45.025724 102272 sgemm sgemm CUDA2 0.996991 102312 40
CPU11 45.102374 102273 sgemm sgemm CUDA3 12.033577 102313 40
CPU0 45.386558 102274 sgemm sgemm CUDA0 1.192861 102314 40
CPU14 45.309540 102275 sgemm sgemm CUDA2 1.221333 102315 40
CPU5 45.023709 102276 sgemm sgemm CUDA1 12.055700 102316 40
CPU12 45.108960 102277 sgemm sgemm CUDA2 0.114854 102317 40
CPU0 45.151743 102278 sgemm sgemm CUDA2 1.233387 102318 40
CPU15 24.757706 102281 ssyrk ssyrk CPU26 97.774630 102321 40
CPU14 44.866385 102282 sgemm sgemm CUDA2 1.298722 102322 40
CPU14 44.739832 102283 sgemm sgemm CUDA0 0.085181 102323 40
CPU15 44.727890 102284 sgemm sgemm CUDA2 0.988529 102324 40
CPU16 44.683924 102285 sgemm sgemm CUDA0 1.160377 102325 40
CPU8 44.867583 102286 sgemm sgemm CUDA3 0.766697 102326 40
CPU16 44.989817 102287 sgemm sgemm CUDA0 1.218082 102327 40
CPU17 25.038315 102290 ssyrk ssyrk CPU16 83.535612 102330 40
CPU10 44.983258 102291 sgemm sgemm CUDA1 0.990645 102331 40
CPU12 44.903994 102292 sgemm sgemm CUDA3 1.191686 102332 40
CPU16 44.850651 102293 sgemm sgemm CUDA2 0.938825 102333 40
CPU15 44.843783 102294 sgemm sgemm CUDA2 1.142554 102334 40
CPU17 44.878269 102295 sgemm sgemm CUDA1 0.185799 102335 40
CPU12 25.030561 102298 ssyrk ssyrk CPU -1 102338 40
CPU13 44.965634 102299 sgemm sgemm CUDA3 0.989806 102339 40
CPU16 44.807257 102300 sgemm sgemm CUDA3 1.197328 102340 40
CPU15 44.795231 102301 sgemm sgemm CUDA3 1.049917 102341 40
CPU7 45.823913 102302 sgemm sgemm CUDA1 12.086188 102342 40
CPU1 24.881807 102305 ssyrk ssyrk CPU -1 102345 40
CPU16 44.860137 102306 sgemm sgemm CUDA1 20.164227 102346 40
CPU19 45.091766 102307 sgemm sgemm CUDA2 0.726768 102347 40
CPU8 44.703741 102308 sgemm sgemm CUDA2 1.163684 102348 40
CPU17 25.044488 102311 ssyrk ssyrk CPU16 94.551250 102351 40
CPU0 45.617253 102312 sgemm sgemm CUDA0 0.990368 102352 40
CPU17 46.302867 102313 sgemm sgemm CUDA2 0.991705 102353 40
CPU18 24.994982 102316 ssyrk ssyrk CPU -1 102356 40
CPU18 45.006394 102317 sgemm sgemm CUDA3 1.215161 102357 40
CPU2 25.085956 102320 ssyrk ssyrk CPU12 84.277059 102360 40
CPU5 13.732194 102323 spotrf spotrf CPU -1 102363 40
CPU19 30.785487 102324 strsm strsm CUDA1 2.825048 102364 40
CPU4 30.755821 102325 strsm strsm CUDA1 2.805680 102365 40
CPU2 30.014346 102326 strsm strsm CUDA2 2.954405 102366 40
CPU4 30.807196 102327 strsm strsm CUDA1 2.878039 102367 40
CPU4 30.460990 102328 strsm strsm CPU -1 102368 40
CPU9 30.180535 102329 strsm strsm CPU13 102.948165 102369 40
CPU19 30.710952 102330 strsm strsm CPU19 88.826431 102370 40
CPU6 30.791939 102331 strsm strsm CPU23 98.673848 102371 40
CPU9 29.979746 102332 strsm strsm CPU11 103.593159 102372 40
CPU4 30.715546 102333 strsm strsm CPU -1 102373 40
CPU3 30.108028 102334 strsm strsm CPU15 92.232897 102374 40
CPU1 30.191422 102335 strsm strsm CPU -1 102375 40
CPU8 29.992713 102336 strsm strsm CPU -1 102376 40
CPU16 30.023395 102337 strsm strsm CPU -1 102377 40
CPU3 30.041935 102338 strsm strsm CPU -1 102378 40
CPU16 30.100796 102339 strsm strsm CPU12 99.934322 102379 40
CPU13 30.880248 102340 strsm strsm CPU -1 102380 40
CPU8 30.292434 102341 strsm strsm CPU11 100.145393 102381 40
CPU13 30.914827 102342 strsm strsm CPU16 99.520073 102382 40
CPU14 30.647481 102343 strsm strsm CPU18 92.970853 102383 40
CPU16 30.387575 102344 strsm strsm CPU -1 102384 40
CPU17 30.490472 102345 strsm strsm CPU20 98.601625 102385 40
CPU5 29.961303 102346 strsm strsm CPU32 100.010011 102386 40
CPU7 30.749305 102347 strsm strsm CPU -1 102387 40
CPU4 30.481183 102348 strsm strsm CPU10 91.695192 102388 40
CPU10 30.552035 102349 strsm strsm CPU23 98.531928 102389 40
CPU0 30.574205 102350 strsm strsm CPU16 110.832776 102390 40
CPU15 30.120917 102351 strsm strsm CPU33 99.694305 102391 40
CPU16 30.421605 102352 strsm strsm CPU -1 102392 40
CPU6 30.819284 102353 strsm strsm CPU29 91.786221 102393 40
CPU9 30.078422 102354 strsm strsm CPU -1 102394 40
CPU1 30.074135 102355 strsm strsm CPU -1 102395 40
CPU3 30.036383 102356 strsm strsm CPU -1 102396 40
CPU19 30.517112 102357 strsm strsm CPU -1 102397 40
CPU8 30.002566 102358 strsm strsm CPU13 99.239496 102398 40
CPU15 30.021618 102359 strsm strsm CPU20 98.511791 102399 40
CPU17 30.753463 102360 strsm strsm CPU -1 102400 40
CPU7 30.982591 102361 strsm strsm CPU15 98.866152 102401 40
CPU1 30.356047 102362 strsm strsm CPU -1 102402 40
CPU19 30.350945 102363 strsm strsm CPU12 105.647423 102403 40
CPU18 30.060680 102364 strsm strsm CPU -1 102404 40
CPU2 30.067920 102365 strsm strsm CPU12 69.421772 102405 40
CPU19 25.439780 102368 ssyrk ssyrk CUDA1 0.577791 102408 40
CPU18 44.850931 102369 sgemm sgemm CUDA1 0.993544 102409 40
CPU19 45.125244 102370 sgemm sgemm CUDA2 0.987831 102410 40
CPU8 44.932111 102371 sgemm sgemm CUDA1 1.051553 102411 40
CPU19 45.192201 102372 sgemm sgemm CUDA2 1.222383 102412 40
CPU7 45.117559 102373 sgemm sgemm CUDA2 0.989119 102413 40
CPU19 45.292584 102374 sgemm sgemm CUDA1 1.221026 102414 40
CPU18 44.702380 102375 sgemm sgemm CUDA1 1.216159 102415 40
CPU5 44.740264 102376 sgemm sgemm CUDA2 0.197717 102416 40
CPU6 45.055724 102377 sgemm sgemm CUDA2 1.174081 102417 40
CPU9 44.862687 102378 sgemm sgemm CUDA2 0.990648 102418 40
CPU9 45.059613 102379 sgemm sgemm CUDA1 1.062837 102419 40
CPU8 44.562966 102380 sgemm sgemm CUDA2 0.982129 102420 40
CPU16 44.815268 102381 sgemm sgemm CUDA1 8.649389 102421 40
CPU3 44.811551 102382 sgemm sgemm CUDA2 1.223381 102422 40
CPU13 45.029581 102383 sgemm sgemm CUDA1 12.246981 102423 40
CPU14 45.227160 102384 sgemm sgemm CUDA1 1.172804 102424 40
CPU9 44.983482 102385 sgemm sgemm CUDA3 1.266073 102425 40
CPU13 44.561330 102386 sgemm sgemm CUDA1 1.046340 102426 40
CPU19 45.121052 102387 sgemm sgemm CUDA2 0.056742 102427 40
CPU16 45.142523 102388 sgemm sgemm CUDA3 1.177550 102428 40
CPU14 45.034387 102389 sgemm sgemm CUDA3 1.276387 102429 40
CPU1 44.725430 102390 sgemm sgemm CUDA3 1.285659 102430 40
CPU2 44.976460 102391 sgemm sgemm CUDA3 1.048587 102431 40
CPU1 44.887262 102392 sgemm sgemm CUDA2 1.003957 102432 40
CPU10 45.099457 102393 sgemm sgemm CUDA2 1.174042 102433 40
CPU0 45.025145 102394 sgemm sgemm CUDA1 1.255945 102434 40
CPU15 44.865812 102395 sgemm sgemm CUDA2 1.308227 102435 40
CPU16 45.041273 102396 sgemm sgemm CUDA3 0.998576 102436 40
CPU6 45.102963 102397 sgemm sgemm CUDA2 0.995102 102437 40
CPU8 44.799346 102398 sgemm sgemm CUDA3 1.168408 102438 40
CPU8 44.620662 102399 sgemm sgemm CUDA2 1.254373 102439 40
CPU13 46.108608 102400 sgemm sgemm CUDA1 0.998253 102440 40
CPU19 45.189641 102401 sgemm sgemm CUDA2 0.125620 102441 40
CPU8 44.862920 102402 sgemm sgemm CUDA3 0.993997 102442 40
CPU15 45.187194 102403 sgemm sgemm CUDA3 1.222279 102443 40
CPU9 45.236281 102404 sgemm sgemm CUDA2 1.229986 102444 40
CPU7 45.172563 102405 sgemm sgemm CUDA3 0.997369 102445 40
CPU1 45.005244 102406 sgemm sgemm CUDA3 0.996729 102446 40
CPU14 44.956473 102407 sgemm sgemm CUDA1 1.003600 102447 40
CPU18 45.053306 102408 sgemm sgemm CUDA2 0.148686 102448 40
CPU4 45.063770 102409 sgemm sgemm CUDA2 1.001754 102449 40
CPU4 25.352856 102412 ssyrk ssyrk CUDA1 13.858536 102452 40
CPU4 45.234505 102413 sgemm sgemm CUDA1 0.998272 102453 40
CPU4 45.070720 102414 sgemm sgemm CUDA1 1.052918 102454 40
CPU9 44.621549 102415 sgemm sgemm CUDA1 1.177674 102455 40
CPU8 44.732311 102416 sgemm sgemm CUDA2 1.218776 102456 40
CPU10 44.890377 102417 sgemm sgemm CUDA1 1.177079 102457 40
CPU1 44.682429 102418 sgemm sgemm CUDA1 1.184063 102458 40
CPU5 44.848807 102419 sgemm sgemm CUDA2 1.173461 102459 40
CPU10 44.905128 102420 sgemm sgemm CUDA2 1.172601 102460 40
CPU10 44.941909 102421 sgemm sgemm CUDA2 1.061182 102461 40
CPU0 44.949323 102422 sgemm sgemm CUDA1 1.167495 102462 40
CPU11 44.862201 102423 sgemm sgemm CUDA2 1.056027 102463 40
CPU12 44.983144 102424 sgemm sgemm CUDA1 1.169707 102464 40
CPU2 45.024039 102425 sgemm sgemm CUDA2 1.007207 102465 40
CPU0 45.188281 102426 sgemm sgemm CUDA1 1.175665 102466 40
CPU13 44.964265 102427 sgemm sgemm CUDA1 1.174187 102467 40
CPU8 45.000475 102428 sgemm sgemm CUDA3 1.049146 102468 40
CPU9 44.960344 102429 sgemm sgemm CUDA1 1.050325 102469 40
CPU1 44.873150 102430 sgemm sgemm CUDA1 1.174724 102470 40
CPU16 45.081564 102431 sgemm sgemm CUDA3 1.174687 102471 40
CPU17 44.800537 102432 sgemm sgemm CUDA3 1.179239 102472 40
CPU9 44.870668 102433 sgemm sgemm CUDA3 1.005083 102473 40
CPU5 44.732686 102434 sgemm sgemm CUDA3 1.006549 102474 40
CPU3 44.854355 102435 sgemm sgemm CUDA2 1.283439 102475 40
CPU12 44.959824 102436 sgemm sgemm CUDA2 1.156348 102476 40
CPU3 44.978063 102437 sgemm sgemm CUDA1 0.118661 102477 40
CPU15 44.690386 102438 sgemm sgemm CUDA2 1.168652 102478 40
CPU13 45.139832 102439 sgemm sgemm CUDA3 0.058242 102479 40
CPU5 45.176159 102440 sgemm sgemm CPU -1 102480 40
CPU9 45.059904 102441 sgemm sgemm CUDA3 1.168066 102481 40
CPU6 45.113608 102442 sgemm sgemm CUDA2 1.261394 102482 40
CPU3 45.070893 102443 sgemm sgemm CUDA1 1.164806 102483 40
CPU18 44.596480 102444 sgemm sgemm CUDA2 1.209111 102484 40
CPU8 44.898319 102445 sgemm sgemm CUDA3 1.249846 102485 40
CPU12 44.982185 102446 sgemm sgemm CUDA2 0.998039 102486 40
CPU17 44.812516 102447 sgemm sgemm CUDA2 0.057472 102487 40
CPU1 45.254026 102448 sgemm sgemm CUDA3 0.994711 102488 40
CPU2 45.203663 102449 sgemm sgemm CUDA3 25.076701 102489 40
CPU1 45.208935 102450 sgemm sgemm CUDA1 0.138481 102490 40
CPU7 45.172109 102451 sgemm sgemm CUDA2 0.078966 102491 40
CPU2 44.698370 102452 sgemm sgemm CUDA2 0.997878 102492 40
CPU2 25.103403 102455 ssyrk ssyrk CUDA2 0.574430 102495 40
CPU7 44.635511 102456 sgemm sgemm CUDA1 1.223768 102496 40
CPU3 44.268650 102457 sgemm sgemm CUDA1 1.174971 102497 40
CPU3 44.872354 102458 sgemm sgemm CUDA2 1.177184 102498 40
CPU19 44.920477 102459 sgemm sgemm CUDA1 1.051828 102499 40
CPU7 45.155488 102460 sgemm sgemm CUDA1 0.999055 102500 40
CPU9 44.728916 102461 sgemm sgemm CUDA2 0.082069 102501 40
CPU4 44.901972 102462 sgemm sgemm CUDA2 1.000542 102502 40
CPU11 45.056014 102463 sgemm sgemm CUDA2 13.058190 102503 40
CPU5 44.298624 102464 sgemm sgemm CUDA1 1.004959 102504 40
CPU12 45.156379 102465 sgemm sgemm CUDA2 1.003122 102505 40
CPU18 44.820043 102466 sgemm sgemm CUDA1 1.008209 102506 40
CPU9 44.740626 102467 sgemm sgemm CUDA2 1.171663 102507 40
CPU19 45.064927 102468 sgemm sgemm CUDA1 1.219395 102508 40
CPU0 45.177931 102469 sgemm sgemm CUDA1 1.006943 102509 40
CPU7 45.233115 102470 sgemm sgemm CUDA3 1.049136 102510 40
CPU1 44.827581 102471 sgemm sgemm CUDA1 0.097001 102511 40
CPU11 45.130190 102472 sgemm sgemm CUDA3 1.054060 102512 40
CPU16 45.215912 102473 sgemm sgemm CUDA3 1.220359 102513 40
CPU12 45.269134 102474 sgemm sgemm CUDA3 1.178658 102514 40
CPU14 45.209728 102475 sgemm sgemm CUDA3 1.218421 102515 40
CPU8 44.879025 102476 sgemm sgemm CUDA3 0.998736 102516 40
CPU13 45.040672 102477 sgemm sgemm CUDA2 1.243159 102517 40
CPU15 44.841865 102478 sgemm sgemm CUDA2 1.164079 102518 40
CPU2 45.119391 102479 sgemm sgemm CUDA1 0.214423 102519 40
CPU12 45.097368 102480 sgemm sgemm CUDA2 1.220060 102520 40
CPU1 44.783511 102481 sgemm sgemm CUDA3 1.166315 102521 40
CPU6 45.091253 102482 sgemm sgemm CUDA2 1.165403 102522 40
CPU2 44.678863 102483 sgemm sgemm CUDA3 1.000631 102523 40
CPU6 45.235513 102484 sgemm sgemm CUDA2 1.273160 102524 40
CPU3 44.982061 102485 sgemm sgemm CUDA2 0.105578 102525 40
CPU19 44.877410 102486 sgemm sgemm CUDA2 1.169544 102526 40
CPU0 44.921481 102487 sgemm sgemm CUDA3 0.988400 102527 40
CPU9 44.899373 102488 sgemm sgemm CUDA3 0.998103 102528 40
CPU14 44.834065 102489 sgemm sgemm CUDA2 0.064238 102529 40
CPU0 45.348645 102490 sgemm sgemm CUDA3 1.159743 102530 40
CPU6 45.380824 102491 sgemm sgemm CUDA3 0.999976 102531 40
CPU17 44.960937 102492 sgemm sgemm CUDA1 0.999966 102532 40
CPU19 45.461207 102493 sgemm sgemm CUDA3 1.169938 102533 40
CPU2 44.545755 102494 sgemm sgemm CUDA2 1.165817 102534 40
CPU4 25.432039 102497 ssyrk ssyrk CUDA1 0.572930 102537 40
CPU0 45.245098 102498 sgemm sgemm CUDA1 0.982958 102538 40
CPU5 45.123200 102499 sgemm sgemm CUDA1 1.054711 102539 40
CPU2 44.459398 102500 sgemm sgemm CUDA1 1.019558 102540 40
CPU1 44.321680 102501 sgemm sgemm CUDA1 1.002225 102541 40
CPU8 44.885739 102502 sgemm sgemm CUDA1 1.004503 102542 40
CPU6 45.171557 102503 sgemm sgemm CUDA1 1.263203 102543 40
CPU0 45.357095 102504 sgemm sgemm CUDA1 1.224878 102544 40
CPU6 44.731121 102505 sgemm sgemm CUDA1 0.142544 102545 40
CPU6 45.216410 102506 sgemm sgemm CUDA3 1.064456 102546 40
CPU16 44.728036 102507 sgemm sgemm CUDA1 1.179326 102547 40
CPU8 45.009029 102508 sgemm sgemm CUDA1 1.017877 102548 40
CPU15 44.749518 102509 sgemm sgemm CUDA0 1.223800 102549 40
CPU14 45.278170 102510 sgemm sgemm CUDA3 1.222759 102550 40
CPU7 45.197925 102511 sgemm sgemm CUDA3 1.006853 102551 40
CPU19 44.812187 102512 sgemm sgemm CUDA1 1.221839 102552 40
CPU2 44.887550 102513 sgemm sgemm CUDA1 1.006064 102553 40
CPU16 44.883810 102514 sgemm sgemm CUDA3 1.254708 102554 40
CPU15 44.725127 102515 sgemm sgemm CUDA3 1.001923 102555 40
CPU12 44.869026 102516 sgemm sgemm CUDA3 1.160502 102556 40
CPU7 45.321145 102517 sgemm sgemm CUDA0 1.161194 102557 40
CPU14 45.036957 102518 sgemm sgemm CUDA0 1.175891 102558 40
CPU16 44.904170 102519 sgemm sgemm CUDA2 12.253447 102559 40
CPU0 45.485199 102520 sgemm sgemm CUDA0 1.000414 102560 40
CPU15 44.905896 102521 sgemm sgemm CUDA2 1.170378 102561 40
CPU5 44.890372 102522 sgemm sgemm CUDA3 1.231786 102562 40
CPU3 44.956246 102523 sgemm sgemm CUDA2 1.409876 102563 40
CPU6 45.245509 102524 sgemm sgemm CUDA0 1.001899 102564 40
CPU1 45.278083 102525 sgemm sgemm CUDA2 1.216049 102565 40
CPU15 44.985844 102526 sgemm sgemm CUDA0 0.998972 102566 40
CPU19 44.779553 102527 sgemm sgemm CUDA0 0.997368 102567 40
CPU8 44.853156 102528 sgemm sgemm CUDA3 0.998710 102568 40
CPU11 44.799270 102529 sgemm sgemm CUDA2 1.001468 102569 40
CPU17 45.319404 102530 sgemm sgemm CUDA2 0.996213 102570 40
CPU3 45.084935 102531 sgemm sgemm CUDA3 1.053320 102571 40
CPU9 45.210568 102532 sgemm sgemm CUDA3 1.162794 102572 40
CPU2 44.976779 102533 sgemm sgemm CUDA0 0.073489 102573 40
CPU2 45.681533 102534 sgemm sgemm CUDA3 1.172665 102574 40
CPU0 44.718242 102535 sgemm sgemm CUDA2 0.998741 102575 40
CPU4 25.169564 102538 ssyrk ssyrk CPU22 153.521590 102578 40
CPU0 44.921688 102539 sgemm sgemm CUDA1 1.071250 102579 40
CPU1 44.873014 102540 sgemm sgemm CUDA2 1.177562 102580 40
CPU2 44.868164 102541 sgemm sgemm CUDA1 0.185379 102581 40
CPU7 44.807236 102542 sgemm sgemm CUDA1 0.200538 102582 40
CPU1 44.994519 102543 sgemm sgemm CUDA1 1.169760 102583 40
CPU1 44.833616 102544 sgemm sgemm CUDA1 1.049820 102584 40
CPU2 44.852857 102545 sgemm sgemm CUDA1 1.156771 102585 40
CPU13 45.179826 102546 sgemm sgemm CUDA3 0.989360 102586 40
CPU10 45.065768 102547 sgemm sgemm CUDA3 1.073813 102587 40
CPU7 44.907436 102548 sgemm sgemm CUDA1 1.006578 102588 40
CPU9 44.822242 102549 sgemm sgemm CUDA1 1.009844 102589 40
CPU9 44.714776 102550 sgemm sgemm CUDA1 13.213045 102590 40
CPU14 45.023326 102551 sgemm sgemm CUDA3 1.171343 102591 40
CPU12 45.028219 102552 sgemm sgemm CUDA1 1.230272 102592 40
CPU18 45.123661 102553 sgemm sgemm CUDA1 0.993462 102593 40
CPU15 45.243666 102554 sgemm sgemm CUDA3 1.003934 102594 40
CPU3 45.056155 102555 sgemm sgemm CUDA3 1.003321 102595 40
CPU11 45.177437 102556 sgemm sgemm CUDA3 0.060035 102596 40
CPU1 44.916483 102557 sgemm sgemm CUDA3 1.174200 102597 40
CPU10 45.143490 102558 sgemm sgemm CUDA0 0.119862 102598 40
CPU4 45.219041 102559 sgemm sgemm CUDA2 0.072504 102599 40
CPU6 44.963910 102560 sgemm sgemm CUDA1 1.050299 102600 40
CPU16 45.061009 102561 sgemm sgemm CUDA2 1.166715 102601 40
CPU10 45.094088 102562 sgemm sgemm CUDA3 1.169594 102602 40
CPU2 45.114173 102563 sgemm sgemm CUDA0 1.174841 102603 40
CPU13 45.101939 102564 sgemm sgemm CUDA0 0.991267 102604 40
CPU18 44.988205 102565 sgemm sgemm CUDA2 1.167201 102605 40
CPU1 45.028795 102566 sgemm sgemm CUDA1 1.169856 102606 40
CPU19 45.117156 102567 sgemm sgemm CUDA0 1.002463 102607 40
CPU8 44.517099 102568 sgemm sgemm CUDA3 1.272130 102608 40
CPU0 44.897721 102569 sgemm sgemm CUDA3 0.994312 102609 40
CPU4 45.148299 102570 sgemm sgemm CUDA2 0.993702 102610 40
CPU8 44.993893 102571 sgemm sgemm CUDA3 1.242808 102611 40
CPU3 45.143844 102572 sgemm sgemm CUDA3 1.164438 102612 40
CPU18 44.802544 102573 sgemm sgemm CUDA1 0.993215 102613 40
CPU10 45.599600 102574 sgemm sgemm CUDA3 0.996915 102614 40
CPU0 44.676495 102575 sgemm sgemm CUDA2 1.167628 102615 40
CPU9 24.852516 102578 ssyrk ssyrk CPU -1 102618 40
CPU2 44.990121 102579 sgemm sgemm CUDA2 0.994746 102619 40
CPU12 44.862543 102580 sgemm sgemm CUDA1 1.000686 102620 40
CPU10 44.978403 102581 sgemm sgemm CUDA2 1.176563 102621 40
CPU11 44.987799 102582 sgemm sgemm CUDA2 1.191107 102622 40
CPU3 44.925846 102583 sgemm sgemm CUDA2 13.669644 102623 40
CPU12 45.007034 102584 sgemm sgemm CUDA1 1.015507 102624 40
CPU12 45.161357 102585 sgemm sgemm CUDA2 1.004471 102625 40
CPU19 44.692037 102586 sgemm sgemm CUDA0 1.176654 102626 40
CPU5 44.610507 102587 sgemm sgemm CUDA2 1.172650 102627 40
CPU14 44.936924 102588 sgemm sgemm CUDA0 1.009312 102628 40
CPU17 44.971763 102589 sgemm sgemm CUDA3 1.006448 102629 40
CPU14 44.875031 102590 sgemm sgemm CUDA3 12.216250 102630 40
CPU18 44.779360 102591 sgemm sgemm CUDA1 1.182881 102631 40
CPU1 44.872875 102592 sgemm sgemm CUDA2 1.008558 102632 40
CPU15 45.026508 102593 sgemm sgemm CUDA3 1.167410 102633 40
CPU3 45.124181 102594 sgemm sgemm CUDA3 13.058958 102634 40
CPU12 44.960427 102595 sgemm sgemm CUDA3 1.000725 102635 40
CPU7 45.377745 102596 sgemm sgemm CUDA0 1.160261 102636 40
CPU16 44.842497 102597 sgemm sgemm CUDA2 1.163458 102637 40
CPU15 44.909200 102598 sgemm sgemm CUDA2 0.934417 102638 40
CPU8 44.984036 102599 sgemm sgemm CUDA0 1.000649 102639 40
CPU0 45.380915 102600 sgemm sgemm CUDA2 0.100782 102640 40
CPU13 45.010886 102601 sgemm sgemm CUDA3 1.168087 102641 40
CPU0 45.433345 102602 sgemm sgemm CUDA0 0.988878 102642 40
CPU13 45.111545 102603 sgemm sgemm CUDA3 1.002369 102643 40
CPU10 44.933112 102604 sgemm sgemm CUDA2 1.167120 102644 40
CPU6 45.431509 102605 sgemm sgemm CUDA0 1.219522 102645 40
CPU19 45.013519 102606 sgemm sgemm CUDA2 1.003450 102646 40
CPU3 44.724770 102607 sgemm sgemm CUDA3 0.989862 102647 40
CPU1 45.041398 102608 sgemm sgemm CUDA2 1.157946 102648 40
CPU17 44.896900 102609 sgemm sgemm CUDA3 1.163681 102649 40
CPU1 45.002695 102610 sgemm sgemm CUDA3 1.169301 102650 40
CPU7 45.327070 102611 sgemm sgemm CUDA3 1.163964 102651 40
CPU9 45.310079 102612 sgemm sgemm CUDA0 12.340785 102652 40
CPU4 45.085865 102613 sgemm sgemm CUDA3 1.162170 102653 40
CPU8 44.629408 102614 sgemm sgemm CUDA2 1.167021 102654 40
CPU19 25.260866 102617 ssyrk ssyrk CPU29 94.188789 102657 40
CPU6 45.111736 102618 sgemm sgemm CUDA1 1.174676 102658 40
CPU3 44.787704 102619 sgemm sgemm CUDA2 1.247823 102659 40
CPU4 45.045047 102620 sgemm sgemm CUDA1 1.158430 102660 40
CPU0 45.303103 102621 sgemm sgemm CUDA2 1.277826 102661 40
CPU10 44.990787 102622 sgemm sgemm CUDA2 1.018555 102662 40
CPU7 44.927773 102623 sgemm sgemm CUDA2 0.093799 102663 40
CPU2 45.012964 102624 sgemm sgemm CUDA3 0.226131 102664 40
CPU8 44.886536 102625 sgemm sgemm CUDA2 0.998517 102665 40
CPU15 45.064275 102626 sgemm sgemm CUDA1 0.999771 102666 40
CPU13 45.458540 102627 sgemm sgemm CUDA3 1.006895 102667 40
CPU15 44.932733 102628 sgemm sgemm CUDA3 1.178014 102668 40
CPU2 45.414207 102629 sgemm sgemm CUDA2 1.243168 102669 40
CPU3 44.828592 102630 sgemm sgemm CUDA2 1.172375 102670 40
CPU15 45.073524 102631 sgemm sgemm CPU -1 102671 40
CPU17 44.908984 102632 sgemm sgemm CUDA2 0.998300 102672 40
CPU11 44.967153 102633 sgemm sgemm CUDA3 12.067271 102673 40
CPU9 45.235991 102634 sgemm sgemm CUDA3 1.169848 102674 40
CPU7 44.839093 102635 sgemm sgemm CUDA0 1.168720 102675 40
CPU10 44.990993 102636 sgemm sgemm CUDA0 1.003846 102676 40
CPU8 44.745637 102637 sgemm sgemm CUDA0 12.094400 102677 40
CPU9 45.064242 102638 sgemm sgemm CUDA2 0.061319 102678 40
CPU16 45.096907 102639 sgemm sgemm CUDA0 1.003385 102679 40
CPU8 44.883857 102640 sgemm sgemm CUDA2 1.168269 102680 40
CPU13 45.273701 102641 sgemm sgemm CUDA0 1.165617 102681 40
CPU0 45.250644 102642 sgemm sgemm CUDA2 0.987965 102682 40
CPU6 44.968773 102643 sgemm sgemm CUDA0 1.186625 102683 40
CPU19 45.145408 102644 sgemm sgemm CUDA2 1.167556 102684 40
CPU9 44.900606 102645 sgemm sgemm CUDA2 1.166448 102685 40
CPU9 44.891554 102646 sgemm sgemm CUDA2 1.163792 102686 40
CPU3 45.124530 102647 sgemm sgemm CUDA2 0.996391 102687 40
CPU0 45.123248 102648 sgemm sgemm CUDA3 1.003114 102688 40
CPU2 45.027691 102649 sgemm sgemm CUDA3 12.949743 102689 40
CPU10 45.006127 102650 sgemm sgemm CUDA0 0.992792 102690 40
CPU12 45.143760 102651 sgemm sgemm CUDA3 1.000754 102691 40
CPU0 44.985471 102652 sgemm sgemm CUDA0 12.102088 102692 40
CPU6 25.493594 102655 ssyrk ssyrk CPU -1 102695 40
CPU2 45.015333 102656 sgemm sgemm CUDA2 1.009682 102696 40
CPU0 45.485456 102657 sgemm sgemm CUDA2 1.007881 102697 40
CPU8 45.015008 102658 sgemm sgemm CUDA1 1.243050 102698 40
CPU4 45.239814 102659 sgemm sgemm CUDA1 1.005394 102699 40
CPU3 45.143010 102660 sgemm sgemm CUDA2 11.261329 102700 40
CPU11 44.721007 102661 sgemm sgemm CUDA1 1.006741 102701 40
CPU7 45.039614 102662 sgemm sgemm CUDA1 1.178102 102702 40
CPU12 45.046005 102663 sgemm sgemm CUDA1 0.115515 102703 40
CPU11 45.105304 102664 sgemm sgemm CUDA1 1.173109 102704 40
CPU16 44.790726 102665 sgemm sgemm CUDA2 12.432161 102705 40
CPU12 45.276020 102666 sgemm sgemm CUDA2 1.173039 102706 40
CPU11 44.872362 102667 sgemm sgemm CUDA2 0.052232 102707 40
CPU16 45.075710 102668 sgemm sgemm CUDA0 1.054031 102708 40
CPU8 45.208234 102669 sgemm sgemm CUDA2 1.158765 102709 40
CPU15 45.096334 102670 sgemm sgemm CUDA1 1.297174 102710 40
CPU8 45.282329 102671 sgemm sgemm CUDA1 1.161315 102711 40
CPU12 44.960800 102672 sgemm sgemm CUDA2 1.164072 102712 40
CPU18 44.863891 102673 sgemm sgemm CUDA0 1.858668 102713 40
CPU9 45.038392 102674 sgemm sgemm CUDA1 0.995253 102714 40
CPU12 45.019774 102675 sgemm sgemm CUDA2 0.997875 102715 40
CPU15 45.097818 102676 sgemm sgemm CUDA0 0.996407 102716 40
CPU9 44.969112 102677 sgemm sgemm CUDA0 0.997484 102717 40
CPU8 45.227181 102678 sgemm sgemm CUDA0 1.169372 102718 40
CPU17 44.993280 102679 sgemm sgemm CUDA2 1.219403 102719 40
CPU12 45.543846 102680 sgemm sgemm CUDA0 12.638720 102720 40
CPU18 44.796204 102681 sgemm sgemm CUDA0 1.166396 102721 40
CPU5 44.902624 102682 sgemm sgemm CUDA2 0.999521 102722 40
CPU9 44.888448 102683 sgemm sgemm CUDA1 0.992572 102723 40
CPU17 44.998607 102684 sgemm sgemm CUDA2 1.166571 102724 40
CPU3 45.277524 102685 sgemm sgemm CUDA2 0.992173 102725 40
CPU4 45.214194 102686 sgemm sgemm CUDA0 1.239692 102726 40
CPU19 44.620093 102687 sgemm sgemm CUDA1 0.999395 102727 40
CPU11 44.855881 102688 sgemm sgemm CUDA2 0.997617 102728 40
CPU3 44.839642 102689 sgemm sgemm CUDA2 1.168107 102729 40
CPU9 24.879541 102692 ssyrk ssyrk CPU16 83.921926 102732 40
CPU5 44.679959 102693 sgemm sgemm CUDA2 1.008217 102733 40
CPU9 44.676287 102694 sgemm sgemm CUDA2 1.177474 102734 40
CPU2 44.965560 102695 sgemm sgemm CUDA2 1.176204 102735 40
CPU2 44.481362 102696 sgemm sgemm CUDA2 1.177936 102736 40
CPU6 45.115090 102697 sgemm sgemm CPU28 190.740086 102737 40
CPU4 44.815156 102698 sgemm sgemm CUDA2 1.176535 102738 40
CPU15 44.849727 102699 sgemm sgemm CUDA1 1.374682 102739 40
CPU9 44.768247 102700 sgemm sgemm CUDA3 1.051801 102740 40
CPU14 45.142103 102701 sgemm sgemm CUDA3 1.260399 102741 40
CPU12 45.162388 102702 sgemm sgemm CUDA2 1.171207 102742 40
CPU0 44.908779 102703 sgemm sgemm CUDA2 1.171369 102743 40
CPU14 45.085323 102704 sgemm sgemm CUDA3 1.219149 102744 40
CPU17 44.937406 102705 sgemm sgemm CUDA1 1.168474 102745 40
CPU12 45.188888 102706 sgemm sgemm CUDA3 0.996382 102746 40
CPU10 45.364966 102707 sgemm sgemm CUDA1 0.999275 102747 40
CPU2 44.701872 102708 sgemm sgemm CUDA0 0.999870 102748 40
CPU12 45.035810 102709 sgemm sgemm CUDA2 13.103081 102749 40
CPU6 44.958110 102710 sgemm sgemm CUDA1 1.221024 102750 40
CPU13 45.097257 102711 sgemm sgemm CUDA2 1.169503 102751 40
CPU9 44.702616 102712 sgemm sgemm CUDA3 1.169166 102752 40
CPU0 45.075555 102713 sgemm sgemm CUDA2 1.115098 102753 40
CPU1 44.748590 102714 sgemm sgemm CUDA0 1.218585 102754 40
CPU16 45.057757 102715 sgemm sgemm CUDA2 1.199870 102755 40
CPU18 45.108389 102716 sgemm sgemm CUDA2 0.994499 102756 40
CPU19 45.095154 102717 sgemm sgemm CUDA2 1.170292 102757 40
CPU0 44.881197 102718 sgemm sgemm CUDA2 1.153085 102758 40
CPU7 45.035184 102719 sgemm sgemm CUDA1 1.166051 102759 40
CPU14 45.013479 102720 sgemm sgemm CUDA3 1.322293 102760 40
CPU8 44.776074 102721 sgemm sgemm CUDA3 1.219765 102761 40
CPU13 45.131575 102722 sgemm sgemm CUDA3 1.189894 102762 40
CPU12 44.996984 102723 sgemm sgemm CUDA1 1.170079 102763 40
CPU12 45.089829 102724 sgemm sgemm CUDA2 0.069083 102764 40
CPU6 44.817482 102725 sgemm sgemm CUDA0 0.996716 102765 40
CPU4 25.356481 102728 ssyrk ssyrk CPU24 90.990356 102768 40
CPU6 45.091142 102729 sgemm sgemm CUDA2 1.176641 102769 40
CPU9 44.862358 102730 sgemm sgemm CUDA2 1.172659 102770 40
CPU14 45.013488 102731 sgemm sgemm CUDA2 1.170383 102771 40
CPU16 44.853097 102732 sgemm sgemm CPU16 183.565391 102772 40
CPU3 45.010981 102733 sgemm sgemm CUDA2 1.003930 102773 40
CPU14 45.276402 102734 sgemm sgemm CUDA2 0.998940 102774 40
CPU10 45.175670 102735 sgemm sgemm CUDA1 0.101815 102775 40
CPU11 44.613237 102736 sgemm sgemm CUDA2 1.004419 102776 40
CPU6 45.268543 102737 sgemm sgemm CUDA2 0.987054 102777 40
CPU10 44.998752 102738 sgemm sgemm CUDA2 1.002231 102778 40
CPU15 44.977439 102739 sgemm sgemm CUDA0 1.171982 102779 40
CPU13 44.863887 102740 sgemm sgemm CUDA2 0.999942 102780 40
CPU4 45.285212 102741 sgemm sgemm CUDA1 1.003053 102781 40
CPU11 45.065286 102742 sgemm sgemm CUDA1 1.165883 102782 40
CPU15 44.950670 102743 sgemm sgemm CUDA0 1.169073 102783 40
CPU13 44.853359 102744 sgemm sgemm CUDA0 1.307632 102784 40
CPU19 44.864121 102745 sgemm sgemm CUDA0 1.170875 102785 40
CPU15 44.873265 102746 sgemm sgemm CUDA2 0.998658 102786 40
CPU10 45.116520 102747 sgemm sgemm CUDA0 0.088654 102787 40
CPU7 45.107675 102748 sgemm sgemm CUDA0 0.995031 102788 40
CPU16 46.270175 102749 sgemm sgemm CUDA3 1.217212 102789 40
CPU14 44.968548 102750 sgemm sgemm CUDA0 1.168440 102790 40
CPU14 45.017874 102751 sgemm sgemm CUDA0 0.994691 102791 40
CPU19 45.109049 102752 sgemm sgemm CUDA0 7.916387 102792 40
CPU8 44.691773 102753 sgemm sgemm CUDA2 0.994008 102793 40
CPU2 44.977272 102754 sgemm sgemm CUDA3 1.164649 102794 40
CPU17 44.841616 102755 sgemm sgemm CUDA3 0.992281 102795 40
CPU11 44.590869 102756 sgemm sgemm CUDA2 0.993473 102796 40
CPU12 44.893261 102757 sgemm sgemm CUDA3 0.074375 102797 40
CPU19 44.704140 102758 sgemm sgemm CUDA0 1.164206 102798 40
CPU6 45.323086 102759 sgemm sgemm CUDA3 1.247967 102799 40
CPU9 44.645239 102760 sgemm sgemm CUDA2 0.993535 102800 40
CPU3 24.939428 102763 ssyrk ssyrk CPU -1 102803 40
CPU4 44.721186 102764 sgemm sgemm CUDA1 0.372042 102804 40
CPU9 44.909212 102765 sgemm sgemm CUDA2 0.206463 102805 40
CPU15 44.887474 102766 sgemm sgemm CUDA3 1.168056 102806 40
CPU11 45.198829 102767 sgemm sgemm CUDA1 0.997570 102807 40
CPU11 44.921569 102768 sgemm sgemm CUDA2 1.177772 102808 40
CPU13 45.232976 102769 sgemm sgemm CUDA3 1.001445 102809 40
CPU16 44.848500 102770 sgemm sgemm CUDA3 1.174666 102810 40
CPU9 44.910510 102771 sgemm sgemm CUDA2 1.249972 102811 40
CPU8 44.823736 102772 sgemm sgemm CUDA2 24.077494 102812 40
CPU12 45.349330 102773 sgemm sgemm CUDA3 1.169796 102813 40
CPU16 44.874461 102774 sgemm sgemm CUDA2 1.002829 102814 40
CPU4 45.017617 102775 sgemm sgemm CUDA3 1.173440 102815 40
CPU15 44.778139 102776 sgemm sgemm CUDA3 1.172018 102816 40
CPU14 45.111268 102777 sgemm sgemm CUDA2 1.001817 102817 40
CPU6 45.355101 102778 sgemm sgemm CUDA2 0.986942 102818 40
CPU10 44.893407 102779 sgemm sgemm CUDA1 0.987259 102819 40
CPU9 44.926887 102780 sgemm sgemm CUDA2 1.001679 102820 40
CPU14 45.219439 102781 sgemm sgemm CUDA2 1.005048 102821 40
CPU4 45.020484 102782 sgemm sgemm CUDA2 11.675314 102822 40
CPU11 44.974087 102783 sgemm sgemm CUDA2 1.165596 102823 40
CPU5 44.969848 102784 sgemm sgemm CUDA2 1.154995 102824 40
CPU11 44.991418 102785 sgemm sgemm CUDA2 1.167035 102825 40
CPU18 44.947592 102786 sgemm sgemm CUDA2 1.168206 102826 40
CPU0 45.054676 102787 sgemm sgemm CUDA2 0.996942 102827 40
CPU6 44.931238 102788 sgemm sgemm CUDA2 0.998913 102828 40
CPU17 45.068078 102789 sgemm sgemm CUDA3 1.169335 102829 40
CPU5 44.742373 102790 sgemm sgemm CUDA3 1.165016 102830 40
CPU9 45.007413 102791 sgemm sgemm CUDA3 0.995341 102831 40
CPU9 45.284243 102792 sgemm sgemm CUDA1 1.165532 102832 40
CPU15 44.880876 102793 sgemm sgemm CUDA1 1.003059 102833 40
CPU7 44.686712 102794 sgemm sgemm CUDA3 0.144661 102834 40
CPU1 25.241389 102797 ssyrk ssyrk CPU20 96.598312 102837 40
CPU16 44.953769 102798 sgemm sgemm CUDA1 1.180091 102838 40
CPU15 44.726693 102799 sgemm sgemm CUDA0 1.162707 102839 40
CPU9 44.929474 102800 sgemm sgemm CUDA2 1.005286 102840 40
CPU9 45.155300 102801 sgemm sgemm CUDA0 13.131015 102841 40
CPU15 45.112077 102802 sgemm sgemm CUDA1 0.998481 102842 40
CPU4 45.227590 102803 sgemm sgemm CUDA0 12.194319 102843 40
CPU10 45.064561 102804 sgemm sgemm CUDA1 1.170297 102844 40
CPU12 45.092253 102805 sgemm sgemm CUDA3 0.074731 102845 40
CPU15 45.100056 102806 sgemm sgemm CUDA0 1.171439 102846 40
CPU6 45.211225 102807 sgemm sgemm CUDA3 1.168134 102847 40
CPU1 45.123089 102808 sgemm sgemm CUDA3 1.163361 102848 40
CPU13 44.956268 102809 sgemm sgemm CUDA3 1.167601 102849 40
CPU14 45.039851 102810 sgemm sgemm CUDA0 1.163552 102850 40
CPU16 45.455174 102811 sgemm sgemm CUDA0 1.248603 102851 40
CPU1 44.795819 102812 sgemm sgemm CUDA0 1.167291 102852 40
CPU6 45.110147 102813 sgemm sgemm CUDA2 1.166781 102853 40
CPU14 45.224540 102814 sgemm sgemm CUDA0 1.167967 102854 40
CPU3 44.807514 102815 sgemm sgemm CUDA0 1.168014 102855 40
CPU2 44.736056 102816 sgemm sgemm CUDA2 1.256301 102856 40
CPU5 45.206181 102817 sgemm sgemm CUDA0 0.047741 102857 40
CPU14 45.019541 102818 sgemm sgemm CUDA0 0.998771 102858 40
CPU18 44.769365 102819 sgemm sgemm CUDA0 1.165423 102859 40
CPU8 44.627472 102820 sgemm sgemm CUDA2 0.995588 102860 40
CPU13 45.060924 102821 sgemm sgemm CUDA3 0.996792 102861 40
CPU10 44.921661 102822 sgemm sgemm CUDA3 0.053641 102862 40
CPU4 45.080759 102823 sgemm sgemm CUDA2 1.170701 102863 40
CPU14 45.170212 102824 sgemm sgemm CUDA2 1.169960 102864 40
CPU12 44.900725 102825 sgemm sgemm CUDA1 9.120552 102865 40
CPU1 44.849326 102826 sgemm sgemm CUDA1 1.163482 102866 40
CPU2 44.693965 102827 sgemm sgemm CUDA3 1.167841 102867 40
CPU8 24.881181 102830 ssyrk ssyrk CPU18 91.529766 102870 40
CPU10 45.169115 102831 sgemm sgemm CUDA3 0.093772 102871 40
CPU2 44.683848 102832 sgemm sgemm CUDA1 1.010539 102872 40
CPU16 44.964725 102833 sgemm sgemm CUDA2 0.999695 102873 40
CPU13 45.155498 102834 sgemm sgemm CUDA1 1.007472 102874 40
CPU15 44.889442 102835 sgemm sgemm CUDA3 1.259710 102875 40
CPU3 44.731983 102836 sgemm sgemm CUDA2 0.992427 102876 40
CPU19 44.869123 102837 sgemm sgemm CUDA1 8.226744 102877 40
CPU15 45.126792 102838 sgemm sgemm CUDA3 1.172128 102878 40
CPU11 44.779923 102839 sgemm sgemm CUDA3 0.995080 102879 40
CPU11 45.022639 102840 sgemm sgemm CUDA3 1.167268 102880 40
CPU12 45.068166 102841 sgemm sgemm CUDA3 0.996478 102881 40
CPU16 45.169181 102842 sgemm sgemm CUDA2 0.065345 102882 40
CPU14 45.134748 102843 sgemm sgemm CUDA0 0.996078 102883 40
CPU5 44.730406 102844 sgemm sgemm CUDA0 1.205763 102884 40
CPU2 44.837956 102845 sgemm sgemm CUDA2 0.998828 102885 40
CPU12 45.345147 102846 sgemm sgemm CUDA3 1.174507 102886 40
CPU8 44.878409 102847 sgemm sgemm CUDA0 1.221841 102887 40
CPU10 45.409925 102848 sgemm sgemm CUDA0 1.166510 102888 40
CPU15 45.059315 102849 sgemm sgemm CUDA0 1.048672 102889 40
CPU1 44.858639 102850 sgemm sgemm CUDA0 0.997872 102890 40
CPU18 44.918080 102851 sgemm sgemm CUDA2 1.159320 102891 40
CPU9 44.604499 102852 sgemm sgemm CUDA2 1.221942 102892 40
CPU11 44.898689 102853 sgemm sgemm CUDA1 0.056720 102893 40
CPU10 45.026385 102854 sgemm sgemm CUDA1 0.997690 102894 40
CPU9 44.820792 102855 sgemm sgemm CUDA3 0.154795 102895 40
CPU5 44.760166 102856 sgemm sgemm CUDA2 1.001621 102896 40
CPU1 45.210323 102857 sgemm sgemm CUDA2 0.055611 102897 40
CPU2 44.737021 102858 sgemm sgemm CUDA2 1.100042 102898 40
CPU5 44.494052 102859 sgemm sgemm CUDA3 13.120419 102899 40
CPU16 24.972210 102862 ssyrk ssyrk CPU -1 102902 40
CPU12 45.043363 102863 sgemm sgemm CUDA3 1.004385 102903 40
CPU12 45.184044 102864 sgemm sgemm CUDA0 1.168816 102904 40
CPU0 45.367694 102865 sgemm sgemm CUDA0 1.002014 102905 40
CPU5 45.205529 102866 sgemm sgemm CUDA0 1.164698 102906 40
CPU13 44.941822 102867 sgemm sgemm CUDA3 0.287307 102907 40
CPU16 44.661028 102868 sgemm sgemm CUDA3 1.172354 102908 40
CPU14 45.105829 102869 sgemm sgemm CUDA0 1.006029 102909 40
CPU14 44.976821 102870 sgemm sgemm CUDA3 1.165671 102910 40
CPU16 44.747909 102871 sgemm sgemm CUDA3 0.997122 102911 40
CPU19 45.005558 102872 sgemm sgemm CUDA1 1.153284 102912 40
CPU14 45.149475 102873 sgemm sgemm CUDA0 1.161952 102913 40
CPU0 45.345067 102874 sgemm sgemm CUDA0 0.077288 102914 40
CPU10 45.080705 102875 sgemm sgemm CUDA1 0.997741 102915 40
CPU12 44.997399 102876 sgemm sgemm CUDA1 1.166053 102916 40
CPU8 44.788215 102877 sgemm sgemm CUDA3 1.163487 102917 40
CPU9 45.058044 102878 sgemm sgemm CUDA3 1.247018 102918 40
CPU2 45.291473 102879 sgemm sgemm CUDA0 1.159259 102919 40
CPU9 45.370223 102880 sgemm sgemm CUDA0 0.998233 102920 40
CPU3 45.192578 102881 sgemm sgemm CUDA0 0.048070 102921 40
CPU19 44.968845 102882 sgemm sgemm CUDA0 1.166928 102922 40
CPU5 45.049756 102883 sgemm sgemm CUDA3 0.998244 102923 40
CPU8 45.005149 102884 sgemm sgemm CUDA3 0.995238 102924 40
CPU11 44.719165 102885 sgemm sgemm CUDA3 0.075242 102925 40
CPU6 45.234156 102886 sgemm sgemm CUDA3 0.997372 102926 40
CPU8 45.136880 102887 sgemm sgemm CUDA3 12.980503 102927 40
CPU8 45.397226 102888 sgemm sgemm CUDA0 1.291456 102928 40
CPU8 44.972875 102889 sgemm sgemm CUDA1 0.993934 102929 40
CPU0 45.249886 102890 sgemm sgemm CUDA3 0.123361 102930 40
CPU3 24.826578 102893 ssyrk ssyrk CPU17 90.093440 102933 40
CPU16 44.928852 102894 sgemm sgemm CUDA2 0.996115 102934 40
CPU16 44.989675 102895 sgemm sgemm CUDA3 0.092631 102935 40
CPU11 45.031664 102896 sgemm sgemm CUDA1 0.992823 102936 40
CPU7 44.900225 102897 sgemm sgemm CUDA2 12.920990 102937 40
CPU5 44.791469 102898 sgemm sgemm CUDA3 1.003714 102938 40
CPU13 45.253115 102899 sgemm sgemm CUDA0 0.130664 102939 40
CPU15 44.808328 102900 sgemm sgemm CUDA3 0.999719 102940 40
CPU14 45.078299 102901 sgemm sgemm CUDA3 0.989149 102941 40
CPU14 46.040290 102902 sgemm sgemm CUDA1 0.049967 102942 40
CPU5 44.690684 102903 sgemm sgemm CUDA0 0.997666 102943 40
CPU16 45.105607 102904 sgemm sgemm CUDA2 0.999058 102944 40
CPU7 44.375820 102905 sgemm sgemm CUDA1 0.995462 102945 40
CPU4 45.056251 102906 sgemm sgemm CUDA2 0.153014 102946 40
CPU12 45.402780 102907 sgemm sgemm CUDA2 1.245331 102947 40
CPU1 45.046007 102908 sgemm sgemm CUDA2 0.997158 102948 40
CPU8 45.383553 102909 sgemm sgemm CUDA2 0.066957 102949 40
CPU8 45.312390 102910 sgemm sgemm CUDA0 1.166553 102950 40
CPU4 45.436057 102911 sgemm sgemm CUDA2 1.160578 102951 40
CPU18 44.825636 102912 sgemm sgemm CUDA0 1.167867 102952 40
CPU6 44.851327 102913 sgemm sgemm CUDA1 1.169604 102953 40
CPU5 44.920191 102914 sgemm sgemm CUDA2 1.169836 102954 40
CPU6 45.428322 102915 sgemm sgemm CUDA3 1.167255 102955 40
CPU8 45.250821 102916 sgemm sgemm CUDA3 0.072358 102956 40
CPU7 45.301427 102917 sgemm sgemm CUDA2 1.170784 102957 40
CPU4 44.769067 102918 sgemm sgemm CUDA2 0.999553 102958 40
CPU8 44.895633 102919 sgemm sgemm CUDA2 1.169010 102959 40
CPU6 44.820188 102920 sgemm sgemm CUDA3 0.997930 102960 40
CPU16 25.011557 102923 ssyrk ssyrk CPU13 97.696040 102963 40
CPU13 45.139424 102924 sgemm sgemm CUDA1 1.003930 102964 40
CPU11 44.816895 102925 sgemm sgemm CUDA0 1.267048 102965 40
CPU14 45.084564 102926 sgemm sgemm CUDA2 0.044695 102966 40
CPU7 45.233552 102927 sgemm sgemm CUDA1 0.132662 102967 40
CPU5 44.600994 102928 sgemm sgemm CUDA3 0.998358 102968 40
CPU15 44.948442 102929 sgemm sgemm CUDA1 1.166302 102969 40
CPU3 44.839353 102930 sgemm sgemm CUDA3 1.001084 102970 40
CPU2 44.755108 102931 sgemm sgemm CUDA3 0.994705 102971 40
CPU15 45.020531 102932 sgemm sgemm CUDA3 1.225002 102972 40
CPU19 45.157739 102933 sgemm sgemm CUDA2 1.178771 102973 40
CPU16 45.192020 102934 sgemm sgemm CUDA1 1.166107 102974 40
CPU3 44.929701 102935 sgemm sgemm CUDA1 0.100619 102975 40
CPU0 45.143313 102936 sgemm sgemm CUDA3 0.987783 102976 40
CPU2 45.285800 102937 sgemm sgemm CUDA2 1.181721 102977 40
CPU4 45.242873 102938 sgemm sgemm CUDA3 1.169077 102978 40
CPU11 44.757018 102939 sgemm sgemm CUDA2 1.167212 102979 40
CPU7 45.427972 102940 sgemm sgemm CUDA2 0.996216 102980 40
CPU18 44.724486 102941 sgemm sgemm CUDA2 1.046042 102981 40
CPU4 44.804339 102942 sgemm sgemm CUDA2 0.996734 102982 40
CPU15 45.041854 102943 sgemm sgemm CUDA2 1.166772 102983 40
CPU11 44.744645 102944 sgemm sgemm CUDA1 1.161981 102984 40
CPU2 44.890951 102945 sgemm sgemm CUDA2 1.167592 102985 40
CPU3 44.955209 102946 sgemm sgemm CUDA2 1.168244 102986 40
CPU15 44.645927 102947 sgemm sgemm CUDA2 1.167199 102987 40
CPU0 45.610218 102948 sgemm sgemm CUDA1 1.164566 102988 40
CPU9 44.654267 102949 sgemm sgemm CUDA3 1.166594 102989 40
CPU13 25.647676 102952 ssyrk ssyrk CPU22 109.516298 102992 40
CPU13 45.114595 102953 sgemm sgemm CUDA3 1.000039 102993 40
CPU15 44.866826 102954 sgemm sgemm CUDA1 0.114010 102994 40
CPU10 45.015152 102955 sgemm sgemm CUDA1 1.167221 102995 40
CPU5 44.769407 102956 sgemm sgemm CUDA3 0.144100 102996 40
CPU13 45.098061 102957 sgemm sgemm CUDA1 1.250093 102997 40
CPU3 44.619505 102958 sgemm sgemm CUDA3 1.173179 102998 40
CPU15 45.080749 102959 sgemm sgemm CUDA0 0.996640 102999 40
CPU16 45.244803 102960 sgemm sgemm CUDA3 12.789214 103000 40
CPU4 45.305989 102961 sgemm sgemm CUDA0 0.997843 103001 40
CPU15 45.069669 102962 sgemm sgemm CUDA0 1.166565 103002 40
CPU9 45.229619 102963 sgemm sgemm CUDA1 1.360448 103003 40
CPU3 44.811390 102964 sgemm sgemm CUDA0 1.169818 103004 40
CPU13 45.791210 102965 sgemm sgemm CUDA0 0.112339 103005 40
CPU15 45.080450 102966 sgemm sgemm CUDA0 1.165060 103006 40
CPU6 45.261262 102967 sgemm sgemm CUDA2 1.173802 103007 40
CPU13 44.840779 102968 sgemm sgemm CUDA2 1.235818 103008 40
CPU19 45.027688 102969 sgemm sgemm CUDA0 1.160631 103009 40
CPU9 44.498091 102970 sgemm sgemm CUDA3 1.155711 103010 40
CPU7 45.164518 102971 sgemm sgemm CUDA1 0.993399 103011 40
CPU2 45.092414 102972 sgemm sgemm CUDA1 1.221881 103012 40
CPU10 45.000840 102973 sgemm sgemm CUDA2 1.172160 103013 40
CPU1 45.026779 102974 sgemm sgemm CUDA3 8.118913 103014 40
CPU16 44.885494 102975 sgemm sgemm CUDA2 8.212597 103015 40
CPU4 45.091904 102976 sgemm sgemm CUDA1 0.152286 103016 40
CPU8 44.536295 102977 sgemm sgemm CUDA3 0.998750 103017 40
CPU8 25.137635 102980 ssyrk ssyrk CPU10 97.855815 103020 40
CPU8 45.043219 102981 sgemm sgemm CUDA3 1.001080 103021 40
CPU5 44.934161 102982 sgemm sgemm CUDA1 1.167712 103022 40
CPU9 44.895412 102983 sgemm sgemm CUDA0 1.164580 103023 40
CPU7 45.013246 102984 sgemm sgemm CUDA1 1.166924 103024 40
CPU12 44.923799 102985 sgemm sgemm CUDA1 1.153340 103025 40
CPU14 45.107149 102986 sgemm sgemm CUDA0 1.217033 103026 40
CPU11 46.326113 102987 sgemm sgemm CUDA0 0.995453 103027 40
CPU0 45.524707 102988 sgemm sgemm CUDA0 0.998009 103028 40
CPU7 44.895374 102989 sgemm sgemm CUDA0 5.979689 103029 40
CPU1 45.361105 102990 sgemm sgemm CUDA1 1.230120 103030 40
CPU10 45.043443 102991 sgemm sgemm CUDA3 0.997256 103031 40
CPU5 45.131429 102992 sgemm sgemm CUDA0 1.166384 103032 40
CPU3 45.192160 102993 sgemm sgemm CUDA3 8.243264 103033 40
CPU19 45.081428 102994 sgemm sgemm CUDA0 1.160576 103034 40
CPU16 45.161483 102995 sgemm sgemm CUDA0 1.162791 103035 40
CPU18 44.729686 102996 sgemm sgemm CUDA2 1.164019 103036 40
CPU5 44.309140 102997 sgemm sgemm CUDA1 0.993512 103037 40
CPU17 44.927760 102998 sgemm sgemm CUDA1 1.164285 103038 40
CPU14 45.492545 102999 sgemm sgemm CUDA3 1.162850 103039 40
CPU5 45.215313 103000 sgemm sgemm CUDA3 1.271630 103040 40
CPU11 44.754613 103001 sgemm sgemm CUDA3 0.997146 103041 40
CPU8 45.391053 103002 sgemm sgemm CUDA0 1.281585 103042 40
CPU19 45.044595 103003 sgemm sgemm CUDA1 0.995957 103043 40
CPU6 45.030082 103004 sgemm sgemm CUDA3 1.167324 103044 40
CPU13 25.248720 103007 ssyrk ssyrk CPU19 89.955973 103047 40
CPU10 45.206000 103008 sgemm sgemm CUDA3 1.169550 103048 40
CPU1 44.793591 103009 sgemm sgemm CUDA3 1.163897 103049 40
CPU19 45.042059 103010 sgemm sgemm CUDA2 1.167764 103050 40
CPU16 45.029427 103011 sgemm sgemm CUDA2 1.167196 103051 40
CPU0 45.446571 103012 sgemm sgemm CUDA1 0.997612 103052 40
CPU13 45.145739 103013 sgemm sgemm CUDA2 0.048520 103053 40
CPU7 45.177159 103014 sgemm sgemm CUDA2 1.167511 103054 40
CPU19 45.261778 103015 sgemm sgemm CUDA1 0.993633 103055 40
CPU13 45.060615 103016 sgemm sgemm CUDA2 1.171811 103056 40
CPU0 45.083088 103017 sgemm sgemm CUDA2 0.059509 103057 40
CPU8 44.940339 103018 sgemm sgemm CUDA3 1.003705 103058 40
CPU11 45.059007 103019 sgemm sgemm CUDA3 1.168503 103059 40
CPU13 44.948286 103020 sgemm sgemm CUDA3 1.266873 103060 40
CPU12 45.022727 103021 sgemm sgemm CUDA2 1.168196 103061 40
CPU18 44.761672 103022 sgemm sgemm CUDA3 1.173248 103062 40
CPU9 44.548011 103023 sgemm sgemm CUDA2 1.167181 103063 40
CPU1 44.918360 103024 sgemm sgemm CUDA2 1.001351 103064 40
CPU16 44.864960 103025 sgemm sgemm CUDA2 1.160093 103065 40
CPU3 45.226994 103026 sgemm sgemm CUDA2 0.998067 103066 40
CPU6 45.194572 103027 sgemm sgemm CUDA2 1.004621 103067 40
CPU1 45.128606 103028 sgemm sgemm CUDA2 1.001730 103068 40
CPU15 44.956003 103029 sgemm sgemm CUDA3 1.164014 103069 40
CPU7 44.785589 103030 sgemm sgemm CUDA2 0.988517 103070 40
CPU14 25.077399 103033 ssyrk ssyrk CPU -1 103073 40
CPU15 44.991271 103034 sgemm sgemm CUDA0 1.165155 103074 40
CPU19 45.079469 103035 sgemm sgemm CUDA2 0.115211 103075 40
CPU11 44.780423 103036 sgemm sgemm CUDA3 0.998507 103076 40
CPU15 44.769953 103037 sgemm sgemm CUDA3 0.995025 103077 40
CPU16 44.944445 103038 sgemm sgemm CUDA1 0.998602 103078 40
CPU19 45.117890 103039 sgemm sgemm CUDA0 0.996965 103079 40
CPU10 45.154118 103040 sgemm sgemm CUDA1 1.170066 103080 40
CPU4 45.013500 103041 sgemm sgemm CUDA2 0.999208 103081 40
CPU1 44.775089 103042 sgemm sgemm CUDA0 1.168325 103082 40
CPU1 45.157733 103043 sgemm sgemm CUDA0 0.989412 103083 40
CPU14 45.121280 103044 sgemm sgemm CUDA2 1.165178 103084 40
CPU13 44.981322 103045 sgemm sgemm CUDA2 1.168539 103085 40
CPU15 44.688159 103046 sgemm sgemm CUDA0 1.167149 103086 40
CPU19 44.962883 103047 sgemm sgemm CUDA0 1.238279 103087 40
CPU3 44.902086 103048 sgemm sgemm CUDA3 1.000439 103088 40
CPU15 44.935347 103049 sgemm sgemm CUDA2 1.199398 103089 40
CPU14 44.823073 103050 sgemm sgemm CUDA1 0.061840 103090 40
CPU11 44.570710 103051 sgemm sgemm CUDA2 1.160206 103091 40
CPU13 44.988681 103052 sgemm sgemm CUDA0 0.073221 103092 40
CPU10 45.063399 103053 sgemm sgemm CUDA2 0.995862 103093 40
CPU14 45.034632 103054 sgemm sgemm CUDA3 1.183786 103094 40
CPU7 44.816427 103055 sgemm sgemm CUDA0 0.992662 103095 40
CPU16 25.130767 103058 ssyrk ssyrk CPU35 97.930327 103098 40
CPU5 44.847352 103059 sgemm sgemm CUDA3 0.993636 103099 40
CPU6 44.861209 103060 sgemm sgemm CUDA3 1.299755 103100 40
CPU11 45.119171 103061 sgemm sgemm CUDA0 1.206497 103101 40
CPU8 45.229613 103062 sgemm sgemm CUDA0 0.999234 103102 40
CPU5 45.067070 103063 sgemm sgemm CUDA2 0.997340 103103 40
CPU11 45.077823 103064 sgemm sgemm CUDA0 1.169248 103104 40
CPU19 45.024202 103065 sgemm sgemm CUDA0 0.089827 103105 40
CPU14 45.177334 103066 sgemm sgemm CUDA0 1.163561 103106 40
CPU6 45.161391 103067 sgemm sgemm CUDA2 1.165699 103107 40
CPU16 45.256491 103068 sgemm sgemm CUDA2 1.002756 103108 40
CPU4 45.302283 103069 sgemm sgemm CUDA2 1.163921 103109 40
CPU13 45.067131 103070 sgemm sgemm CUDA2 1.250576 103110 40
CPU18 44.990605 103071 sgemm sgemm CUDA0 1.165961 103111 40
CPU6 44.769654 103072 sgemm sgemm CUDA3 0.999039 103112 40
CPU14 45.060159 103073 sgemm sgemm CUDA2 1.168714 103113 40
CPU17 44.915198 103074 sgemm sgemm CUDA3 1.000428 103114 40
CPU2 45.002884 103075 sgemm sgemm CUDA2 1.161055 103115 40
CPU14 45.103792 103076 sgemm sgemm CUDA0 0.995367 103116 40
CPU13 44.905146 103077 sgemm sgemm CUDA2 0.073151 103117 40
CPU6 44.753150 103078 sgemm sgemm CUDA0 0.997314 103118 40
CPU4 44.873901 103079 sgemm sgemm CUDA2 1.004088 103119 40
CPU17 25.140317 103082 ssyrk ssyrk CPU30 97.932821 103122 40
CPU12 44.945914 103083 sgemm sgemm CUDA2 1.000481 103123 40
CPU7 45.133981 103084 sgemm sgemm CUDA3 0.996911 103124 40
CPU12 44.904226 103085 sgemm sgemm CUDA3 1.219113 103125 40
CPU2 45.070489 103086 sgemm sgemm CUDA2 1.169065 103126 40
CPU0 45.404827 103087 sgemm sgemm CUDA1 0.998587 103127 40
CPU2 45.246889 103088 sgemm sgemm CUDA2 1.171707 103128 40
CPU13 44.895182 103089 sgemm sgemm CUDA3 1.170615 103129 40
CPU16 44.710604 103090 sgemm sgemm CUDA3 1.203941 103130 40
CPU5 45.137926 103091 sgemm sgemm CUDA2 1.218444 103131 40
CPU14 45.100081 103092 sgemm sgemm CUDA2 0.066521 103132 40
CPU2 45.223766 103093 sgemm sgemm CUDA1 1.169277 103133 40
CPU19 44.817357 103094 sgemm sgemm CUDA3 0.054668 103134 40
CPU14 45.019474 103095 sgemm sgemm CUDA3 0.994965 103135 40
CPU6 45.100918 103096 sgemm sgemm CUDA3 0.996870 103136 40
CPU2 45.117384 103097 sgemm sgemm CUDA2 1.167448 103137 40
CPU6 45.470760 103098 sgemm sgemm CUDA3 0.107096 103138 40
CPU15 44.734451 103099 sgemm sgemm CUDA3 0.998188 103139 40
CPU6 45.157450 103100 sgemm sgemm CUDA2 0.990284 103140 40
CPU11 44.836114 103101 sgemm sgemm CUDA1 0.997579 103141 40
CPU5 44.775712 103102 sgemm sgemm CUDA3 1.171177 103142 40
CPU5 25.333688 103105 ssyrk ssyrk CPU14 97.756693 103145 40
CPU16 44.905375 103106 sgemm sgemm CUDA0 1.273492 103146 40
CPU0 45.404426 103107 sgemm sgemm CUDA2 0.996122 103147 40
CPU5 44.829454 103108 sgemm sgemm CUDA2 1.166289 103148 40
CPU4 45.319797 103109 sgemm sgemm CUDA0 0.994746 103149 40
CPU3 45.207128 103110 sgemm sgemm CUDA0 1.167123 103150 40
CPU10 45.193930 103111 sgemm sgemm CUDA3 0.049411 103151 40
CPU6 45.211046 103112 sgemm sgemm CUDA0 1.165253 103152 40
CPU11 44.715952 103113 sgemm sgemm CUDA2 0.988442 103153 40
CPU3 45.171244 103114 sgemm sgemm CUDA3 1.164971 103154 40
CPU11 44.754780 103115 sgemm sgemm CUDA0 1.163116 103155 40
CPU18 44.886213 103116 sgemm sgemm CUDA0 0.383617 103156 40
CPU2 44.780028 103117 sgemm sgemm CUDA3 1.163492 103157 40
CPU1 44.767241 103118 sgemm sgemm CUDA2 1.162752 103158 40
CPU1 45.165160 103119 sgemm sgemm CUDA1 1.165908 103159 40
CPU1 45.214366 103120 sgemm sgemm CUDA2 1.218859 103160 40
CPU12 44.997068 103121 sgemm sgemm CUDA2 0.074893 103161 40
CPU14 45.183005 103122 sgemm sgemm CUDA0 1.165454 103162 40
CPU16 44.999830 103123 sgemm sgemm CUDA2 1.167146 103163 40
CPU4 44.927386 103124 sgemm sgemm CUDA0 1.163706 103164 40
CPU7 25.141989 103127 ssyrk ssyrk CPU33 97.567983 103167 40
CPU16 45.007319 103128 sgemm sgemm CUDA3 1.166014 103168 40
CPU13 45.189848 103129 sgemm sgemm CUDA0 0.996775 103169 40
CPU0 45.007410 103130 sgemm sgemm CUDA0 0.997545 103170 40
CPU10 45.128583 103131 sgemm sgemm CUDA1 0.995902 103171 40
CPU8 44.990833 103132 sgemm sgemm CUDA0 1.165092 103172 40
CPU9 44.819307 103133 sgemm sgemm CUDA0 0.242692 103173 40
CPU0 45.483734 103134 sgemm sgemm CUDA0 1.163037 103174 40
CPU14 44.975328 103135 sgemm sgemm CUDA3 0.053647 103175 40
CPU4 45.190715 103136 sgemm sgemm CUDA1 1.167026 103176 40
CPU19 44.936365 103137 sgemm sgemm CUDA3 1.159116 103177 40
CPU5 44.631455 103138 sgemm sgemm CUDA1 1.164256 103178 40
CPU16 45.172878 103139 sgemm sgemm CUDA3 1.165550 103179 40
CPU12 44.900707 103140 sgemm sgemm CUDA3 0.994744 103180 40
CPU8 44.968106 103141 sgemm sgemm CUDA1 1.170031 103181 40
CPU7 45.249285 103142 sgemm sgemm CUDA3 1.003331 103182 40
CPU6 45.290470 103143 sgemm sgemm CUDA3 1.001298 103183 40
CPU15 45.121133 103144 sgemm sgemm CUDA3 1.172585 103184 40
CPU5 44.661047 103145 sgemm sgemm CUDA3 1.001599 103185 40
CPU4 25.258318 103148 ssyrk ssyrk CPU -1 103188 40
CPU12 45.296510 103149 sgemm sgemm CUDA2 0.996990 103189 40
CPU4 45.021771 103150 sgemm sgemm CUDA0 0.995472 103190 40
CPU6 45.147665 103151 sgemm sgemm CUDA0 1.165859 103191 40
CPU12 45.337933 103152 sgemm sgemm CUDA3 1.165871 103192 40
CPU3 45.058054 103153 sgemm sgemm CUDA0 0.069498 103193 40
CPU8 45.180405 103154 sgemm sgemm CUDA3 13.005908 103194 40
CPU4 45.272404 103155 sgemm sgemm CUDA2 1.190800 103195 40
CPU7 45.464459 103156 sgemm sgemm CUDA2 1.163845 103196 40
CPU18 45.151452 103157 sgemm sgemm CUDA3 0.174932 103197 40
CPU2 44.864275 103158 sgemm sgemm CUDA1 1.144954 103198 40
CPU15 44.847391 103159 sgemm sgemm CUDA2 1.167232 103199 40
CPU3 45.233989 103160 sgemm sgemm CUDA3 1.178059 103200 40
CPU8 44.770121 103161 sgemm sgemm CUDA1 1.166182 103201 40
CPU9 44.956694 103162 sgemm sgemm CUDA2 0.997903 103202 40
CPU16 44.855933 103163 sgemm sgemm CUDA3 1.002643 103203 40
CPU8 45.104673 103164 sgemm sgemm CUDA1 1.171872 103204 40
CPU8 44.698057 103165 sgemm sgemm CUDA2 1.170132 103205 40
CPU10 25.224192 103168 ssyrk ssyrk CPU -1 103208 40
CPU10 44.951207 103169 sgemm sgemm CUDA0 1.165721 103209 40
CPU10 44.952549 103170 sgemm sgemm CUDA0 0.057141 103210 40
CPU3 44.976466 103171 sgemm sgemm CUDA0 0.990694 103211 40
CPU10 45.085655 103172 sgemm sgemm CUDA2 0.989679 103212 40
CPU16 44.750227 103173 sgemm sgemm CUDA2 0.921676 103213 40
CPU10 45.066830 103174 sgemm sgemm CUDA0 0.049653 103214 40
CPU5 45.051634 103175 sgemm sgemm CUDA0 12.501971 103215 40
CPU18 44.901875 103176 sgemm sgemm CUDA0 0.997337 103216 40
CPU4 44.778886 103177 sgemm sgemm CUDA2 0.996850 103217 40
CPU0 45.273238 103178 sgemm sgemm CUDA2 0.995618 103218 40
CPU12 44.881245 103179 sgemm sgemm CUDA2 1.001123 103219 40
CPU3 45.222564 103180 sgemm sgemm CUDA2 0.993810 103220 40
CPU11 44.844842 103181 sgemm sgemm CUDA0 1.159740 103221 40
CPU3 45.209003 103182 sgemm sgemm CUDA0 1.005102 103222 40
CPU14 44.999200 103183 sgemm sgemm CUDA0 0.054876 103223 40
CPU8 44.642660 103184 sgemm sgemm CUDA2 1.004537 103224 40
CPU0 25.526238 103187 ssyrk ssyrk CPU35 97.781379 103227 40
CPU9 44.626868 103188 sgemm sgemm CUDA0 1.005241 103228 40
CPU14 45.347330 103189 sgemm sgemm CUDA3 1.168581 103229 40
CPU1 44.924914 103190 sgemm sgemm CUDA3 0.985720 103230 40
CPU12 45.096279 103191 sgemm sgemm CUDA0 14.885603 103231 40
CPU9 45.105651 103192 sgemm sgemm CUDA3 1.261173 103232 40
CPU0 45.304482 103193 sgemm sgemm CUDA0 1.001554 103233 40
CPU18 45.086497 103194 sgemm sgemm CUDA3 1.249167 103234 40
CPU5 44.801034 103195 sgemm sgemm CUDA3 1.283866 103235 40
CPU9 44.591279 103196 sgemm sgemm CUDA3 0.993732 103236 40
CPU11 44.825449 103197 sgemm sgemm CUDA1 1.168210 103237 40
CPU6 45.475138 103198 sgemm sgemm CUDA1 0.994891 103238 40
CPU3 45.204135 103199 sgemm sgemm CUDA3 1.002346 103239 40
CPU12 45.460747 103200 sgemm sgemm CUDA3 0.999211 103240 40
CPU15 45.114163 103201 sgemm sgemm CUDA3 1.166834 103241 40
CPU9 44.616857 103202 sgemm sgemm CUDA0 1.105290 103242 40
CPU15 24.975970 103205 ssyrk ssyrk CPU -1 103245 40
CPU11 45.009202 103206 sgemm sgemm CUDA0 1.160064 103246 40
CPU15 44.779562 103207 sgemm sgemm CUDA2 0.997451 103247 40
CPU5 45.242820 103208 sgemm sgemm CUDA2 0.999891 103248 40
CPU2 45.007843 103209 sgemm sgemm CUDA2 1.000327 103249 40
CPU11 44.909356 103210 sgemm sgemm CUDA1 1.167283 103250 40
CPU18 44.693881 103211 sgemm sgemm CUDA2 1.114571 103251 40
CPU15 44.720308 103212 sgemm sgemm CUDA2 1.220928 103252 40
CPU16 44.956347 103213 sgemm sgemm CUDA2 1.004561 103253 40
CPU16 44.702522 103214 sgemm sgemm CUDA1 0.994528 103254 40
CPU12 45.151625 103215 sgemm sgemm CUDA2 1.166814 103255 40
CPU0 45.535038 103216 sgemm sgemm CUDA2 0.079231 103256 40
CPU7 45.176764 103217 sgemm sgemm CUDA2 0.071895 103257 40
CPU13 45.086858 103218 sgemm sgemm CUDA2 0.997261 103258 40
CPU0 45.141804 103219 sgemm sgemm CUDA2 5.397918 103259 40
CPU16 24.950570 103222 ssyrk ssyrk CPU -1 103262 40
CPU16 45.379261 103223 sgemm sgemm CUDA3 0.993650 103263 40
CPU8 45.102846 103224 sgemm sgemm CUDA3 1.170266 103264 40
CPU13 45.107135 103225 sgemm sgemm CUDA2 1.235612 103265 40
CPU10 44.933092 103226 sgemm sgemm CUDA2 1.162125 103266 40
CPU18 44.734480 103227 sgemm sgemm CUDA3 1.162664 103267 40
CPU16 45.431263 103228 sgemm sgemm CUDA3 0.995715 103268 40
CPU17 45.267482 103229 sgemm sgemm CUDA3 1.001160 103269 40
CPU6 45.170704 103230 sgemm sgemm CUDA2 0.998095 103270 40
CPU16 45.358857 103231 sgemm sgemm CUDA2 1.172626 103271 40
CPU14 45.270787 103232 sgemm sgemm CUDA2 1.173575 103272 40
CPU13 45.173584 103233 sgemm sgemm CUDA3 1.004658 103273 40
CPU10 45.159712 103234 sgemm sgemm CUDA2 1.163106 103274 40
CPU7 44.740082 103235 sgemm sgemm CUDA3 0.175919 103275 40
CPU6 25.353842 103238 ssyrk ssyrk CPU18 69.312227 103278 40
CPU11 44.888871 103239 sgemm sgemm CUDA3 0.056377 103279 40
CPU11 44.818459 103240 sgemm sgemm CUDA0 1.220067 103280 40
CPU14 44.961417 103241 sgemm sgemm CUDA2 0.994316 103281 40
CPU18 44.695694 103242 sgemm sgemm CUDA0 5.098961 103282 40
CPU1 44.674942 103243 sgemm sgemm CUDA2 1.149430 103283 40
CPU13 45.101505 103244 sgemm sgemm CUDA3 1.164401 103284 40
CPU10 45.129118 103245 sgemm sgemm CUDA2 1.001949 103285 40
CPU10 44.987064 103246 sgemm sgemm CUDA2 1.001504 103286 40
CPU4 45.317472 103247 sgemm sgemm CUDA0 0.990745 103287 40
CPU12 44.994075 103248 sgemm sgemm CUDA2 1.278380 103288 40
CPU13 44.827865 103249 sgemm sgemm CUDA2 1.342140 103289 40
CPU5 45.067727 103250 sgemm sgemm CUDA0 0.987770 103290 40
CPU9 24.744417 103253 ssyrk ssyrk CPU -1 103293 40
CPU3 45.239207 103254 sgemm sgemm CUDA2 0.995078 103294 40
CPU3 45.293343 103255 sgemm sgemm CUDA2 1.176288 103295 40
CPU8 44.925043 103256 sgemm sgemm CUDA2 0.060391 103296 40
CPU2 44.720804 103257 sgemm sgemm CUDA3 0.097166 103297 40
CPU19 45.290182 103258 sgemm sgemm CUDA2 1.170519 103298 40
CPU2 45.156640 103259 sgemm sgemm CUDA3 1.169046 103299 40
CPU6 44.920082 103260 sgemm sgemm CUDA2 0.750740 103300 40
CPU8 44.849487 103261 sgemm sgemm CUDA2 1.242696 103301 40
CPU1 45.053282 103262 sgemm sgemm CUDA3 1.202607 103302 40
CPU4 45.258061 103263 sgemm sgemm CUDA0 1.153490 103303 40
CPU6 44.662484 103264 sgemm sgemm CUDA2 1.155182 103304 40
CPU1 24.888113 103267 ssyrk ssyrk CPU23 97.247765 103307 40
CPU9 45.264024 103268 sgemm sgemm CUDA0 0.120977 103308 40
CPU6 45.341166 103269 sgemm sgemm CUDA3 1.261994 103309 40
CPU7 44.856658 103270 sgemm sgemm CUDA2 1.167334 103310 40
CPU5 44.890662 103271 sgemm sgemm CUDA3 0.985763 103311 40
CPU14 44.913854 103272 sgemm sgemm CUDA2 1.170470 103312 40
CPU1 44.854303 103273 sgemm sgemm CUDA3 1.163699 103313 40
CPU0 45.197666 103274 sgemm sgemm CUDA2 0.060791 103314 40
CPU11 44.729222 103275 sgemm sgemm CUDA0 0.996487 103315 40
CPU5 45.262288 103276 sgemm sgemm CUDA0 1.025964 103316 40
CPU1 44.526116 103277 sgemm sgemm CUDA3 0.989096 103317 40
CPU3 25.129665 103280 ssyrk ssyrk CPU12 85.583497 103320 40
CPU17 44.757220 103281 sgemm sgemm CUDA0 5.116843 103321 40
CPU16 45.002068 103282 sgemm sgemm CUDA1 0.998613 103322 40
CPU13 44.966313 103283 sgemm sgemm CUDA1 1.164778 103323 40
CPU9 45.097415 103284 sgemm sgemm CUDA1 1.166074 103324 40
CPU10 44.663535 103285 sgemm sgemm CUDA1 11.724205 103325 40
CPU11 44.573249 103286 sgemm sgemm CUDA3 1.294579 103326 40
CPU12 44.795294 103287 sgemm sgemm CUDA2 0.045716 103327 40
CPU0 45.388629 103288 sgemm sgemm CUDA0 0.983768 103328 40
CPU14 45.352358 103289 sgemm sgemm CUDA2 1.391665 103329 40
CPU19 25.196611 103292 ssyrk ssyrk CPU24 90.491886 103332 40
CPU6 45.132366 103293 sgemm sgemm CUDA3 1.000962 103333 40
CPU15 44.729135 103294 sgemm sgemm CUDA3 1.229569 103334 40
CPU6 45.435038 103295 sgemm sgemm CUDA3 0.996305 103335 40
CPU11 45.244540 103296 sgemm sgemm CUDA2 0.991206 103336 40
CPU6 45.154099 103297 sgemm sgemm CUDA0 0.094251 103337 40
CPU15 44.619929 103298 sgemm sgemm CUDA3 1.108138 103338 40
CPU3 44.988670 103299 sgemm sgemm CUDA0 1.158734 103339 40
CPU6 45.172274 103300 sgemm sgemm CUDA2 1.220646 103340 40
CPU8 24.795326 103303 ssyrk ssyrk CPU -1 103343 40
CPU14 44.967742 103304 sgemm sgemm CUDA2 1.226899 103344 40
CPU11 44.911428 103305 sgemm sgemm CUDA3 0.046159 103345 40
CPU0 45.293730 103306 sgemm sgemm CUDA2 1.221613 103346 40
CPU14 45.062101 103307 sgemm sgemm CUDA2 0.994061 103347 40
CPU5 45.112388 103308 sgemm sgemm CUDA2 0.262312 103348 40
CPU12 45.092820 103309 sgemm sgemm CUDA2 1.163316 103349 40
CPU0 45.068794 103310 sgemm sgemm CUDA2 0.568477 103350 40
CPU15 24.827732 103313 ssyrk ssyrk CPU21 80.200012 103353 40
CPU14 44.868931 103314 sgemm sgemm CUDA2 1.163120 103354 40
CPU7 45.257488 103315 sgemm sgemm CUDA3 1.072962 103355 40
CPU3 45.302881 103316 sgemm sgemm CUDA2 1.162075 103356 40
CPU16 44.779072 103317 sgemm sgemm CUDA3 1.000787 103357 40
CPU8 44.831078 103318 sgemm sgemm CUDA2 1.238931 103358 40
CPU15 45.065905 103319 sgemm sgemm CUDA3 0.984630 103359 40
CPU17 24.884645 103322 ssyrk ssyrk CPU12 92.478721 103362 40
CPU10 44.951305 103323 sgemm sgemm CUDA1 1.163367 103363 40
CPU12 44.778872 103324 sgemm sgemm CUDA3 1.157152 103364 40
CPU16 44.729892 103325 sgemm sgemm CUDA2 6.624678 103365 40
CPU15 44.875845 103326 sgemm sgemm CUDA2 1.049246 103366 40
CPU17 46.233145 103327 sgemm sgemm CUDA3 1.108922 103367 40
CPU7 25.630246 103330 ssyrk ssyrk CPU -1 103370 40
CPU13 44.726386 103331 sgemm sgemm CUDA3 0.987697 103371 40
CPU13 45.126846 103332 sgemm sgemm CUDA3 0.992797 103372 40
CPU15 44.729154 103333 sgemm sgemm CUDA3 0.883996 103373 40
CPU7 45.067919 103334 sgemm sgemm CUDA1 0.062098 103374 40
CPU1 25.171045 103337 ssyrk ssyrk CPU -1 103377 40
CPU16 44.594793 103338 sgemm sgemm CUDA0 0.990406 103378 40
CPU19 45.028300 103339 sgemm sgemm CUDA2 1.100912 103379 40
CPU8 44.857904 103340 sgemm sgemm CUDA2 12.211958 103380 40
CPU19 25.049155 103343 ssyrk ssyrk CPU13 108.263020 103383 40
CPU0 45.434538 103344 sgemm sgemm CUDA0 1.158047 103384 40
CPU17 44.916538 103345 sgemm sgemm CUDA2 0.178955 103385 40
CPU18 25.114120 103348 ssyrk ssyrk CPU23 93.941160 103388 40
CPU18 44.969729 103349 sgemm sgemm CUDA3 1.056454 103389 40
CPU2 24.915261 103352 ssyrk ssyrk CPU -1 103392 40
CPU19 13.833849 103355 spotrf spotrf CPU -1 103395 40
CPU18 29.941655 103356 strsm strsm CPU -1 103396 40
CPU19 30.743196 103357 strsm strsm CPU -1 103397 40
CPU8 30.350260 103358 strsm strsm CPU -1 103398 40
CPU19 30.804354 103359 strsm strsm CPU29 95.253579 103399 40
CPU7 30.743708 103360 strsm strsm CPU20 98.302611 103400 40
CPU19 30.751202 103361 strsm strsm CPU22 179.563758 103401 40
CPU18 29.927856 103362 strsm strsm CPU10 99.691546 103402 40
CPU5 30.043758 103363 strsm strsm CPU27 99.613130 103403 40
CPU6 30.866322 103364 strsm strsm CPU21 86.446141 103404 40
CPU9 30.100821 103365 strsm strsm CPU31 111.976366 103405 40
CPU9 30.373673 103366 strsm strsm CPU13 99.598176 103406 40
CPU8 29.951039 103367 strsm strsm CPU34 98.427772 103407 40
CPU16 29.996573 103368 strsm strsm CPU13 112.067775 103408 40
CPU3 30.080072 103369 strsm strsm CPU17 110.816126 103409 40
CPU13 30.766276 103370 strsm strsm CPU18 81.491784 103410 40
CPU14 30.662284 103371 strsm strsm CPU -1 103411 40
CPU9 30.591513 103372 strsm strsm CPU34 99.776823 103412 40
CPU13 30.866298 103373 strsm strsm CPU13 100.057832 103413 40
CPU19 30.627065 103374 strsm strsm CPU18 97.690931 103414 40
CPU16 30.289228 103375 strsm strsm CPU -1 103415 40
CPU14 30.506972 103376 strsm strsm CPU21 98.518290 103416 40
CPU1 30.266618 103377 strsm strsm CPU13 99.947944 103417 40
CPU2 30.455446 103378 strsm strsm CPU32 99.993312 103418 40
CPU1 29.941233 103379 strsm strsm CPU10 98.713316 103419 40
CPU10 30.723735 103380 strsm strsm CPU30 93.617738 103420 40
CPU0 30.566690 103381 strsm strsm CPU17 85.947689 103421 40
CPU15 30.014023 103382 strsm strsm CPU20 99.556870 103422 40
CPU16 30.247202 103383 strsm strsm CPU -1 103423 40
CPU6 30.827097 103384 strsm strsm CPU19 83.779234 103424 40
CPU8 30.345079 103385 strsm strsm CPU25 100.241527 103425 40
CPU8 30.351505 103386 strsm strsm CPU17 84.693871 103426 40
CPU13 30.761616 103387 strsm strsm CPU16 94.907635 103427 40
CPU19 30.484287 103388 strsm strsm CPU -1 103428 40
CPU8 30.045919 103389 strsm strsm CPU -1 103429 40
CPU15 29.971689 103390 strsm strsm CPU -1 103430 40
CPU9 30.484413 103391 strsm strsm CPU17 78.167341 103431 40
CPU7 30.914081 103392 strsm strsm CPU -1 103432 40
CPU1 30.363833 103393 strsm strsm CPU -1 103433 40
CPU14 30.684000 103394 strsm strsm CPU -1 103434 40
CPU18 30.276499 103395 strsm strsm CPU -1 103435 40
CPU4 30.500180 103396 strsm strsm CPU28 89.563668 103436 40
CPU18 24.879815 103399 ssyrk ssyrk CPU11 89.622102 103439 40
CPU19 44.991316 103400 sgemm sgemm CUDA1 0.075059 103440 40
CPU18 44.925386 103401 sgemm sgemm CUDA1 1.351491 103441 40
CPU19 45.114998 103402 sgemm sgemm CUDA1 1.051423 103442 40
CPU8 44.465421 103403 sgemm sgemm CUDA1 1.061062 103443 40
CPU18 44.812211 103404 sgemm sgemm CUDA1 1.168938 103444 40
CPU18 44.792373 103405 sgemm sgemm CUDA1 1.054081 103445 40
CPU5 44.854243 103406 sgemm sgemm CUDA2 1.221750 103446 40
CPU6 45.186520 103407 sgemm sgemm CUDA2 1.053607 103447 40
CPU10 44.973738 103408 sgemm sgemm CUDA2 1.238121 103448 40
CPU0 45.194482 103409 sgemm sgemm CUDA1 1.172411 103449 40
CPU11 44.851990 103410 sgemm sgemm CUDA2 1.050508 103450 40
CPU12 45.021071 103411 sgemm sgemm CUDA1 1.321088 103451 40
CPU2 44.996227 103412 sgemm sgemm CUDA2 0.203995 103452 40
CPU0 45.136990 103413 sgemm sgemm CUDA1 1.171129 103453 40
CPU13 44.916851 103414 sgemm sgemm CUDA1 0.141169 103454 40
CPU6 45.260142 103415 sgemm sgemm CUDA2 1.046975 103455 40
CPU13 44.995924 103416 sgemm sgemm CUDA1 1.177199 103456 40
CPU1 44.932767 103417 sgemm sgemm CUDA1 1.167157 103457 40
CPU16 45.029083 103418 sgemm sgemm CUDA3 1.012737 103458 40
CPU17 44.970677 103419 sgemm sgemm CUDA3 12.332470 103459 40
CPU7 45.220323 103420 sgemm sgemm CUDA3 1.175510 103460 40
CPU6 44.944270 103421 sgemm sgemm CUDA3 1.176377 103461 40
CPU1 44.593876 103422 sgemm sgemm CUDA2 3.532505 103462 40
CPU12 45.240462 103423 sgemm sgemm CUDA2 1.340043 103463 40
CPU3 45.017240 103424 sgemm sgemm CUDA1 1.051663 103464 40
CPU15 44.854380 103425 sgemm sgemm CUDA2 1.173684 103465 40
CPU13 44.984680 103426 sgemm sgemm CUDA3 1.004307 103466 40
CPU5 45.129906 103427 sgemm sgemm CUDA2 0.997858 103467 40
CPU9 45.353560 103428 sgemm sgemm CUDA3 0.997930 103468 40
CPU8 45.189541 103429 sgemm sgemm CUDA2 1.159848 103469 40
CPU13 45.097489 103430 sgemm sgemm CUDA1 1.159650 103470 40
CPU18 44.579600 103431 sgemm sgemm CUDA2 1.013590 103471 40
CPU7 45.355039 103432 sgemm sgemm CUDA3 1.227803 103472 40
CPU12 44.944746 103433 sgemm sgemm CUDA2 1.166600 103473 40
CPU17 45.325091 103434 sgemm sgemm CUDA2 1.322759 103474 40
CPU1 45.141018 103435 sgemm sgemm CUDA3 1.004753 103475 40
CPU2 45.090677 103436 sgemm sgemm CUDA3 0.075007 103476 40
CPU11 45.018172 103437 sgemm sgemm CUDA3 1.219068 103477 40
CPU18 44.958242 103438 sgemm sgemm CUDA2 0.064969 103478 40
CPU4 44.812038 103439 sgemm sgemm CUDA2 1.169565 103479 40
CPU19 25.062782 103442 ssyrk ssyrk CPU25 87.568936 103482 40
CPU19 45.088272 103443 sgemm sgemm CUDA1 1.001621 103483 40
CPU19 44.953510 103444 sgemm sgemm CUDA1 1.056538 103484 40
CPU3 45.081534 103445 sgemm sgemm CUDA1 0.096552 103485 40
CPU19 45.086425 103446 sgemm sgemm CUDA1 0.148879 103486 40
CPU18 44.763934 103447 sgemm sgemm CUDA1 1.012708 103487 40
CPU4 44.840379 103448 sgemm sgemm CUDA2 0.068078 103488 40
CPU8 44.940760 103449 sgemm sgemm CUDA2 1.019637 103489 40
CPU7 45.039149 103450 sgemm sgemm CUDA2 1.052195 103490 40
CPU5 45.027798 103451 sgemm sgemm CUDA1 1.001982 103491 40
CPU12 45.120824 103452 sgemm sgemm CUDA2 1.006857 103492 40
CPU18 44.715579 103453 sgemm sgemm CUDA1 1.469546 103493 40
CPU9 44.749808 103454 sgemm sgemm CUDA2 1.216234 103494 40
CPU19 45.100011 103455 sgemm sgemm CUDA1 1.007249 103495 40
CPU0 45.362833 103456 sgemm sgemm CUDA1 1.182077 103496 40
CPU9 45.245103 103457 sgemm sgemm CUDA2 1.007563 103497 40
CPU5 44.899280 103458 sgemm sgemm CUDA1 1.170022 103498 40
CPU11 45.145788 103459 sgemm sgemm CUDA3 12.374311 103499 40
CPU16 45.017570 103460 sgemm sgemm CUDA3 0.990997 103500 40
CPU14 45.009153 103461 sgemm sgemm CUDA3 1.005701 103501 40
CPU14 44.932972 103462 sgemm sgemm CUDA3 0.093259 103502 40
CPU2 45.238412 103463 sgemm sgemm CUDA3 1.006530 103503 40
CPU13 45.016599 103464 sgemm sgemm CUDA2 0.168632 103504 40
CPU15 44.893381 103465 sgemm sgemm CUDA2 1.002181 103505 40
CPU2 44.811120 103466 sgemm sgemm CUDA1 1.254343 103506 40
CPU12 45.014821 103467 sgemm sgemm CUDA2 1.329736 103507 40
CPU1 44.952892 103468 sgemm sgemm CUDA3 0.181419 103508 40
CPU6 45.090094 103469 sgemm sgemm CUDA2 0.997241 103509 40
CPU2 44.775103 103470 sgemm sgemm CUDA3 1.001662 103510 40
CPU6 45.360776 103471 sgemm sgemm CUDA2 0.997171 103511 40
CPU13 45.038480 103472 sgemm sgemm CUDA1 0.068929 103512 40
CPU19 44.923555 103473 sgemm sgemm CUDA2 0.997469 103513 40
CPU0 45.098232 103474 sgemm sgemm CUDA3 0.994540 103514 40
CPU9 44.906962 103475 sgemm sgemm CUDA3 0.989700 103515 40
CPU3 45.028108 103476 sgemm sgemm CUDA2 0.998102 103516 40
CPU0 44.822073 103477 sgemm sgemm CUDA3 0.173244 103517 40
CPU6 45.452095 103478 sgemm sgemm CUDA3 0.089669 103518 40
CPU12 45.279386 103479 sgemm sgemm CUDA3 1.167875 103519 40
CPU19 45.172060 103480 sgemm sgemm CUDA2 1.164531 103520 40
CPU3 44.681346 103481 sgemm sgemm CUDA2 0.995753 103521 40
CPU8 25.085525 103484 ssyrk ssyrk CPU19 74.057454 103524 40
CPU19 44.917369 103485 sgemm sgemm CUDA1 12.251131 103525 40
CPU5 45.019122 103486 sgemm sgemm CUDA1 1.052659 103526 40
CPU19 44.727603 103487 sgemm sgemm CUDA1 1.171126 103527 40
CPU18 44.792614 103488 sgemm sgemm CUDA1 0.992655 103528 40
CPU4 45.127590 103489 sgemm sgemm CUDA1 0.998357 103529 40
CPU1 45.125539 103490 sgemm sgemm CUDA1 1.003846 103530 40
CPU0 45.386987 103491 sgemm sgemm CUDA1 1.007321 103531 40
CPU6 44.602744 103492 sgemm sgemm CUDA1 1.246418 103532 40
CPU6 45.277606 103493 sgemm sgemm CUDA3 1.178994 103533 40
CPU16 44.769713 103494 sgemm sgemm CUDA1 1.018763 103534 40
CPU8 45.100202 103495 sgemm sgemm CUDA1 1.219958 103535 40
CPU19 44.868728 103496 sgemm sgemm CUDA3 1.050013 103536 40
CPU14 45.216198 103497 sgemm sgemm CUDA3 1.219492 103537 40
CPU7 44.601445 103498 sgemm sgemm CUDA3 1.180037 103538 40
CPU19 44.857275 103499 sgemm sgemm CUDA1 1.000645 103539 40
CPU2 44.808199 103500 sgemm sgemm CUDA1 1.272891 103540 40
CPU16 44.763799 103501 sgemm sgemm CUDA3 1.169904 103541 40
CPU15 44.791565 103502 sgemm sgemm CUDA3 1.174653 103542 40
CPU12 44.692335 103503 sgemm sgemm CUDA3 1.001972 103543 40
CPU1 45.288628 103504 sgemm sgemm CUDA3 1.010069 103544 40
CPU14 44.985708 103505 sgemm sgemm CUDA3 1.168632 103545 40
CPU16 44.939324 103506 sgemm sgemm CUDA2 1.164588 103546 40
CPU0 45.536193 103507 sgemm sgemm CUDA1 0.999188 103547 40
CPU15 44.965683 103508 sgemm sgemm CUDA2 1.167326 103548 40
CPU5 45.127332 103509 sgemm sgemm CUDA3 0.999501 103549 40
CPU7 45.167227 103510 sgemm sgemm CUDA2 1.184333 103550 40
CPU6 45.479884 103511 sgemm sgemm CUDA3 1.000258 103551 40
CPU1 45.480378 103512 sgemm sgemm CUDA2 1.167308 103552 40
CPU15 44.971938 103513 sgemm sgemm CUDA1 1.116998 103553 40
CPU19 44.680719 103514 sgemm sgemm CUDA2 1.169396 103554 40
CPU4 45.101808 103515 sgemm sgemm CUDA3 1.004520 103555 40
CPU11 44.923079 103516 sgemm sgemm CUDA2 1.000856 103556 40
CPU6 45.507762 103517 sgemm sgemm CUDA2 0.984386 103557 40
CPU3 45.027436 103518 sgemm sgemm CUDA3 1.172413 103558 40
CPU1 45.302760 103519 sgemm sgemm CUDA3 0.996443 103559 40
CPU2 45.090285 103520 sgemm sgemm CUDA3 1.169769 103560 40
CPU2 44.799118 103521 sgemm sgemm CUDA3 0.995806 103561 40
CPU4 45.007839 103522 sgemm sgemm CUDA2 0.998818 103562 40
CPU19 25.430719 103525 ssyrk ssyrk CPU33 88.650810 103565 40
CPU1 44.589042 103526 sgemm sgemm CUDA1 1.001018 103566 40
CPU18 44.900412 103527 sgemm sgemm CUDA1 1.222307 103567 40
CPU18 44.870772 103528 sgemm sgemm CUDA1 1.219696 103568 40
CPU8 44.677725 103529 sgemm sgemm CUDA1 1.011694 103569 40
CPU1 44.981105 103530 sgemm sgemm CUDA1 1.002984 103570 40
CPU1 44.856338 103531 sgemm sgemm CUDA1 1.168644 103571 40
CPU7 44.521587 103532 sgemm sgemm CUDA1 1.168516 103572 40
CPU13 45.155255 103533 sgemm sgemm CUDA3 1.221108 103573 40
CPU10 45.080207 103534 sgemm sgemm CUDA3 0.109121 103574 40
CPU7 44.957456 103535 sgemm sgemm CUDA1 1.256590 103575 40
CPU9 44.599449 103536 sgemm sgemm CUDA1 1.176327 103576 40
CPU14 45.300445 103537 sgemm sgemm CUDA1 1.008361 103577 40
CPU14 45.123210 103538 sgemm sgemm CUDA3 1.003495 103578 40
CPU12 45.028944 103539 sgemm sgemm CUDA1 1.176357 103579 40
CPU18 45.174510 103540 sgemm sgemm CUDA1 1.260058 103580 40
CPU15 45.186000 103541 sgemm sgemm CUDA3 1.243185 103581 40
CPU3 45.098885 103542 sgemm sgemm CUDA3 1.224880 103582 40
CPU11 44.887900 103543 sgemm sgemm CUDA3 1.008345 103583 40
CPU1 45.122048 103544 sgemm sgemm CUDA3 1.161062 103584 40
CPU10 45.022863 103545 sgemm sgemm CUDA3 1.000309 103585 40
CPU4 44.842827 103546 sgemm sgemm CUDA2 0.108698 103586 40
CPU8 44.761290 103547 sgemm sgemm CUDA1 1.354016 103587 40
CPU16 44.979690 103548 sgemm sgemm CUDA2 7.692281 103588 40
CPU10 44.962515 103549 sgemm sgemm CUDA3 0.995905 103589 40
CPU0 45.208691 103550 sgemm sgemm CUDA2 1.002600 103590 40
CPU13 44.862481 103551 sgemm sgemm CUDA3 1.162420 103591 40
CPU18 45.051305 103552 sgemm sgemm CUDA2 1.167492 103592 40
CPU13 45.005129 103553 sgemm sgemm CUDA1 0.996183 103593 40
CPU19 45.080612 103554 sgemm sgemm CUDA2 1.170215 103594 40
CPU8 44.622231 103555 sgemm sgemm CUDA3 0.108733 103595 40
CPU0 44.855662 103556 sgemm sgemm CUDA3 0.085922 103596 40
CPU4 45.046220 103557 sgemm sgemm CUDA2 1.165066 103597 40
CPU8 45.062254 103558 sgemm sgemm CUDA3 0.994882 103598 40
CPU1 44.491370 103559 sgemm sgemm CUDA3 1.168319 103599 40
CPU18 44.878283 103560 sgemm sgemm CUDA1 1.166802 103600 40
CPU10 45.306292 103561 sgemm sgemm CUDA3 0.071012 103601 40
CPU4 45.040981 103562 sgemm sgemm CUDA2 1.169353 103602 40
CPU7 25.239577 103565 ssyrk ssyrk CPU -1 103605 40
CPU7 45.078802 103566 sgemm sgemm CUDA1 1.230263 103606 40
CPU12 44.988144 103567 sgemm sgemm CUDA1 1.004390 103607 40
CPU10 45.064592 103568 sgemm sgemm CUDA2 0.134397 103608 40
CPU8 44.788392 103569 sgemm sgemm CUDA2 1.220385 103609 40
CPU3 44.883668 103570 sgemm sgemm CUDA2 1.176854 103610 40
CPU12 44.998358 103571 sgemm sgemm CUDA1 1.175427 103611 40
CPU12 45.028329 103572 sgemm sgemm CUDA2 13.154080 103612 40
CPU19 44.832044 103573 sgemm sgemm CUDA1 1.162818 103613 40
CPU5 45.004407 103574 sgemm sgemm CUDA2 1.009158 103614 40
CPU14 44.991130 103575 sgemm sgemm CUDA1 0.984510 103615 40
CPU11 44.900651 103576 sgemm sgemm CUDA1 1.175926 103616 40
CPU14 44.900261 103577 sgemm sgemm CUDA3 12.978344 103617 40
CPU12 44.844253 103578 sgemm sgemm CUDA1 1.175216 103618 40
CPU1 44.994301 103579 sgemm sgemm CUDA2 0.998094 103619 40
CPU13 45.295878 103580 sgemm sgemm CUDA3 1.169899 103620 40
CPU14 44.998944 103581 sgemm sgemm CUDA3 1.214295 103621 40
CPU12 44.797613 103582 sgemm sgemm CUDA3 1.051367 103622 40
CPU7 45.570960 103583 sgemm sgemm CUDA3 0.994554 103623 40
CPU16 44.928769 103584 sgemm sgemm CUDA2 1.211325 103624 40
CPU15 45.008670 103585 sgemm sgemm CUDA2 0.158676 103625 40
CPU4 44.802648 103586 sgemm sgemm CUDA1 1.047887 103626 40
CPU0 45.361194 103587 sgemm sgemm CUDA2 1.235545 103627 40
CPU13 45.095982 103588 sgemm sgemm CUDA3 12.243745 103628 40
CPU7 44.532731 103589 sgemm sgemm CUDA2 1.170412 103629 40
CPU13 45.167649 103590 sgemm sgemm CUDA3 1.000958 103630 40
CPU10 44.971018 103591 sgemm sgemm CUDA2 0.099920 103631 40
CPU10 45.063583 103592 sgemm sgemm CUDA1 1.229088 103632 40
CPU19 45.104382 103593 sgemm sgemm CUDA2 1.002241 103633 40
CPU3 44.872299 103594 sgemm sgemm CUDA3 12.190274 103634 40
CPU1 44.848902 103595 sgemm sgemm CUDA2 0.994713 103635 40
CPU6 45.577390 103596 sgemm sgemm CUDA2 0.994098 103636 40
CPU7 45.115357 103597 sgemm sgemm CUDA3 0.063658 103637 40
CPU7 45.251970 103598 sgemm sgemm CUDA3 0.996923 103638 40
CPU9 45.167446 103599 sgemm sgemm CUDA3 1.171109 103639 40
CPU4 45.055253 103600 sgemm sgemm CUDA3 0.048796 103640 40
CPU8 44.738227 103601 sgemm sgemm CUDA2 1.001154 103641 40
CPU19 25.277580 103604 ssyrk ssyrk CPU28 86.049054 103644 40
CPU18 44.861649 103605 sgemm sgemm CUDA1 1.009224 103645 40
CPU3 44.738878 103606 sgemm sgemm CUDA2 1.050689 103646 40
CPU4 44.965366 103607 sgemm sgemm CUDA1 1.176852 103647 40
CPU0 45.271381 103608 sgemm sgemm CUDA2 1.004136 103648 40
CPU8 44.502149 103609 sgemm sgemm CUDA1 1.007414 103649 40
CPU7 44.912464 103610 sgemm sgemm CUDA2 12.045193 103650 40
CPU2 45.053905 103611 sgemm sgemm CUDA3 0.071137 103651 40
CPU3 44.848736 103612 sgemm sgemm CUDA2 1.175448 103652 40
CPU15 45.037794 103613 sgemm sgemm CUDA1 1.020620 103653 40
CPU11 44.911741 103614 sgemm sgemm CUDA3 1.049780 103654 40
CPU15 44.847780 103615 sgemm sgemm CUDA3 1.001461 103655 40
CPU2 44.797493 103616 sgemm sgemm CUDA2 0.997814 103656 40
CPU3 44.830123 103617 sgemm sgemm CUDA2 1.223447 103657 40
CPU16 45.079299 103618 sgemm sgemm CUDA3 1.164896 103658 40
CPU19 45.055668 103619 sgemm sgemm CUDA2 0.994101 103659 40
CPU11 44.745674 103620 sgemm sgemm CUDA3 0.997576 103660 40
CPU9 45.098433 103621 sgemm sgemm CUDA3 1.003154 103661 40
CPU7 44.929452 103622 sgemm sgemm CUDA2 1.163571 103662 40
CPU10 45.129109 103623 sgemm sgemm CUDA2 0.994729 103663 40
CPU8 44.694624 103624 sgemm sgemm CUDA1 1.168784 103664 40
CPU9 45.000084 103625 sgemm sgemm CUDA2 1.166610 103665 40
CPU16 44.988461 103626 sgemm sgemm CUDA3 0.097236 103666 40
CPU0 45.210635 103627 sgemm sgemm CUDA2 1.161378 103667 40
CPU13 45.511126 103628 sgemm sgemm CUDA3 1.169512 103668 40
CPU0 45.479568 103629 sgemm sgemm CUDA2 1.160872 103669 40
CPU4 44.950256 103630 sgemm sgemm CUDA3 1.169087 103670 40
CPU18 44.775174 103631 sgemm sgemm CUDA2 1.169064 103671 40
CPU9 44.724358 103632 sgemm sgemm CUDA2 0.997991 103672 40
CPU9 44.972723 103633 sgemm sgemm CUDA2 0.056784 103673 40
CPU3 45.211479 103634 sgemm sgemm CUDA2 1.001970 103674 40
CPU7 45.156957 103635 sgemm sgemm CUDA3 1.167834 103675 40
CPU7 44.564040 103636 sgemm sgemm CUDA3 1.218182 103676 40
CPU10 45.182543 103637 sgemm sgemm CUDA3 1.169877 103677 40
CPU12 45.186123 103638 sgemm sgemm CUDA3 1.001136 103678 40
CPU0 45.061504 103639 sgemm sgemm CUDA2 1.164285 103679 40
CPU18 24.798442 103642 ssyrk ssyrk CPU26 81.598981 103682 40
CPU2 45.008758 103643 sgemm sgemm CUDA2 1.177106 103683 40
CPU0 45.418324 103644 sgemm sgemm CUDA2 0.998589 103684 40
CPU8 45.017855 103645 sgemm sgemm CUDA1 1.172958 103685 40
CPU4 45.313669 103646 sgemm sgemm CUDA1 1.005519 103686 40
CPU3 45.227992 103647 sgemm sgemm CUDA2 1.003232 103687 40
CPU11 44.851921 103648 sgemm sgemm CUDA1 1.172560 103688 40
CPU3 45.006774 103649 sgemm sgemm CUDA1 1.176134 103689 40
CPU12 45.125160 103650 sgemm sgemm CUDA1 1.170198 103690 40
CPU14 45.020405 103651 sgemm sgemm CUDA1 1.006838 103691 40
CPU16 44.821238 103652 sgemm sgemm CUDA2 1.296543 103692 40
CPU8 45.022590 103653 sgemm sgemm CUDA2 1.157944 103693 40
CPU11 44.901436 103654 sgemm sgemm CUDA2 1.049707 103694 40
CPU16 45.101531 103655 sgemm sgemm CUDA0 1.172850 103695 40
CPU8 45.125301 103656 sgemm sgemm CUDA2 1.175011 103696 40
CPU15 44.904113 103657 sgemm sgemm CUDA1 1.006147 103697 40
CPU8 45.413292 103658 sgemm sgemm CUDA1 1.164921 103698 40
CPU12 44.952606 103659 sgemm sgemm CUDA2 1.162739 103699 40
CPU18 45.067347 103660 sgemm sgemm CUDA2 1.168004 103700 40
CPU9 44.905002 103661 sgemm sgemm CUDA1 1.149226 103701 40
CPU12 45.024502 103662 sgemm sgemm CUDA2 0.996817 103702 40
CPU15 44.967563 103663 sgemm sgemm CUDA0 0.992476 103703 40
CPU3 44.802050 103664 sgemm sgemm CUDA2 1.168624 103704 40
CPU8 45.436598 103665 sgemm sgemm CUDA0 1.165394 103705 40
CPU17 45.041161 103666 sgemm sgemm CUDA2 1.169765 103706 40
CPU6 45.640136 103667 sgemm sgemm CUDA1 1.168261 103707 40
CPU18 44.609374 103668 sgemm sgemm CUDA0 1.206798 103708 40
CPU5 44.939067 103669 sgemm sgemm CUDA2 1.167309 103709 40
CPU9 44.890085 103670 sgemm sgemm CUDA1 1.206968 103710 40
CPU7 44.973500 103671 sgemm sgemm CUDA2 1.166766 103711 40
CPU0 44.768416 103672 sgemm sgemm CUDA2 1.162575 103712 40
CPU4 45.181524 103673 sgemm sgemm CUDA0 13.000493 103713 40
CPU14 44.963159 103674 sgemm sgemm CUDA1 0.996551 103714 40
CPU11 45.097183 103675 sgemm sgemm CUDA2 1.168114 103715 40
CPU3 44.826947 103676 sgemm sgemm CUDA2 0.069948 103716 40
CPU5 25.025312 103679 ssyrk ssyrk CPU -1 103719 40
CPU5 44.688667 103680 sgemm sgemm CUDA2 1.004432 103720 40
CPU9 44.702768 103681 sgemm sgemm CUDA2 1.009038 103721 40
CPU2 45.047940 103682 sgemm sgemm CUDA1 1.180456 103722 40
CPU2 44.539322 103683 sgemm sgemm CUDA2 1.179451 103723 40
CPU6 45.212696 103684 sgemm sgemm CUDA1 1.007057 103724 40
CPU4 44.882601 103685 sgemm sgemm CUDA2 1.178289 103725 40
CPU15 44.912895 103686 sgemm sgemm CUDA1 0.135302 103726 40
CPU13 45.206463 103687 sgemm sgemm CUDA3 1.004638 103727 40
CPU14 45.070890 103688 sgemm sgemm CUDA3 0.996440 103728 40
CPU18 45.363385 103689 sgemm sgemm CUDA2 0.963739 103729 40
CPU0 45.010219 103690 sgemm sgemm CUDA2 1.001955 103730 40
CPU14 45.067364 103691 sgemm sgemm CUDA3 1.249382 103731 40
CPU13 45.179701 103692 sgemm sgemm CUDA3 1.222025 103732 40
CPU12 45.103268 103693 sgemm sgemm CUDA3 1.172611 103733 40
CPU10 45.032017 103694 sgemm sgemm CUDA1 0.983700 103734 40
CPU2 44.715861 103695 sgemm sgemm CUDA3 1.165862 103735 40
CPU12 45.197120 103696 sgemm sgemm CUDA2 1.165068 103736 40
CPU6 44.898037 103697 sgemm sgemm CUDA1 1.165767 103737 40
CPU13 45.074589 103698 sgemm sgemm CUDA2 0.999557 103738 40
CPU9 44.819206 103699 sgemm sgemm CUDA3 1.001320 103739 40
CPU0 45.134885 103700 sgemm sgemm CUDA2 0.086822 103740 40
CPU1 45.037246 103701 sgemm sgemm CUDA0 1.156407 103741 40
CPU16 45.130629 103702 sgemm sgemm CUDA2 1.266533 103742 40
CPU0 44.742311 103703 sgemm sgemm CUDA2 1.001624 103743 40
CPU19 45.056802 103704 sgemm sgemm CUDA2 0.994561 103744 40
CPU0 44.947200 103705 sgemm sgemm CUDA2 1.171929 103745 40
CPU7 44.880895 103706 sgemm sgemm CUDA1 1.165172 103746 40
CPU14 45.117122 103707 sgemm sgemm CUDA2 0.995347 103747 40
CPU7 45.085951 103708 sgemm sgemm CUDA3 1.168618 103748 40
CPU13 45.110499 103709 sgemm sgemm CUDA3 1.219767 103749 40
CPU12 45.136833 103710 sgemm sgemm CUDA1 0.055272 103750 40
CPU12 45.249349 103711 sgemm sgemm CUDA2 1.157290 103751 40
CPU6 44.520796 103712 sgemm sgemm CUDA2 0.991039 103752 40
CPU6 25.336697 103715 ssyrk ssyrk CPU18 78.095254 103755 40
CPU6 44.744833 103716 sgemm sgemm CUDA2 1.174601 103756 40
CPU9 44.972868 103717 sgemm sgemm CUDA2 12.494877 103757 40
CPU14 44.974511 103718 sgemm sgemm CUDA2 1.049342 103758 40
CPU16 44.704925 103719 sgemm sgemm CUDA1 1.176174 103759 40
CPU3 44.998779 103720 sgemm sgemm CUDA2 1.170952 103760 40
CPU14 45.158723 103721 sgemm sgemm CUDA2 0.995346 103761 40
CPU10 45.178694 103722 sgemm sgemm CUDA1 1.170890 103762 40
CPU11 44.549014 103723 sgemm sgemm CUDA2 1.166259 103763 40
CPU6 45.139504 103724 sgemm sgemm CUDA2 0.980108 103764 40
CPU10 45.000967 103725 sgemm sgemm CUDA2 0.999085 103765 40
CPU15 44.947374 103726 sgemm sgemm CUDA0 0.997118 103766 40
CPU14 44.896241 103727 sgemm sgemm CUDA2 1.163421 103767 40
CPU4 45.420211 103728 sgemm sgemm CUDA1 13.140254 103768 40
CPU11 45.149419 103729 sgemm sgemm CUDA1 0.996503 103769 40
CPU15 44.972373 103730 sgemm sgemm CUDA0 12.118424 103770 40
CPU13 45.007750 103731 sgemm sgemm CUDA0 1.048470 103771 40
CPU9 44.901037 103732 sgemm sgemm CUDA0 17.916073 103772 40
CPU15 44.855537 103733 sgemm sgemm CUDA2 12.199137 103773 40
CPU10 45.024331 103734 sgemm sgemm CUDA0 1.255639 103774 40
CPU7 45.063423 103735 sgemm sgemm CUDA0 0.992191 103775 40
CPU16 44.793058 103736 sgemm sgemm CUDA3 12.971338 103776 40
CPU14 45.098958 103737 sgemm sgemm CUDA0 6.087081 103777 40
CPU1 44.843907 103738 sgemm sgemm CUDA1 1.182787 103778 40
CPU19 45.080237 103739 sgemm sgemm CUDA0 1.167646 103779 40
CPU3 44.837813 103740 sgemm sgemm CUDA2 1.170452 103780 40
CPU2 44.930117 103741 sgemm sgemm CUDA3 1.170636 103781 40
CPU12 45.007256 103742 sgemm sgemm CUDA3 10.092558 103782 40
CPU11 44.688094 103743 sgemm sgemm CUDA2 1.167769 103783 40
CPU12 45.013078 103744 sgemm sgemm CUDA3 0.070454 103784 40
CPU14 45.024634 103745 sgemm sgemm CUDA0 1.168547 103785 40
CPU6 44.937345 103746 sgemm sgemm CUDA3 1.164616 103786 40
CPU9 44.705070 103747 sgemm sgemm CUDA2 1.155601 103787 40
CPU9 24.923792 103750 ssyrk ssyrk CPU -1 103790 40
CPU8 44.704872 103751 sgemm sgemm CUDA1 1.005544 103791 40
CPU9 44.864083 103752 sgemm sgemm CUDA2 1.172224 103792 40
CPU15 44.887412 103753 sgemm sgemm CUDA3 0.995963 103793 40
CPU11 44.985751 103754 sgemm sgemm CUDA1 0.994698 103794 40
CPU11 44.919199 103755 sgemm sgemm CUDA2 0.999723 103795 40
CPU11 44.786845 103756 sgemm sgemm CUDA3 1.166140 103796 40
CPU16 44.859298 103757 sgemm sgemm CUDA3 1.286291 103797 40
CPU9 44.939065 103758 sgemm sgemm CUDA2 1.120108 103798 40
CPU8 44.905166 103759 sgemm sgemm CUDA2 0.088657 103799 40
CPU12 45.324757 103760 sgemm sgemm CUDA3 1.052134 103800 40
CPU14 45.108100 103761 sgemm sgemm CUDA2 0.992221 103801 40
CPU4 45.173524 103762 sgemm sgemm CUDA3 0.994683 103802 40
CPU15 44.628052 103763 sgemm sgemm CUDA3 0.997666 103803 40
CPU14 45.168915 103764 sgemm sgemm CUDA2 1.312127 103804 40
CPU6 45.119091 103765 sgemm sgemm CUDA2 1.164790 103805 40
CPU6 44.978437 103766 sgemm sgemm CUDA1 0.996336 103806 40
CPU9 44.808877 103767 sgemm sgemm CUDA2 0.992727 103807 40
CPU14 45.078768 103768 sgemm sgemm CUDA2 1.165629 103808 40
CPU4 44.959766 103769 sgemm sgemm CUDA2 1.159539 103809 40
CPU11 44.922956 103770 sgemm sgemm CUDA2 1.162646 103810 40
CPU5 44.969815 103771 sgemm sgemm CUDA2 0.080117 103811 40
CPU9 44.915153 103772 sgemm sgemm CUDA2 1.002239 103812 40
CPU19 45.263266 103773 sgemm sgemm CUDA2 1.171054 103813 40
CPU8 44.682987 103774 sgemm sgemm CUDA2 0.996599 103814 40
CPU6 44.922195 103775 sgemm sgemm CUDA2 0.995732 103815 40
CPU1 45.168646 103776 sgemm sgemm CUDA3 0.996707 103816 40
CPU5 44.829519 103777 sgemm sgemm CUDA3 0.993789 103817 40
CPU9 44.919836 103778 sgemm sgemm CUDA3 1.168555 103818 40
CPU9 45.042446 103779 sgemm sgemm CUDA1 1.163788 103819 40
CPU15 45.015455 103780 sgemm sgemm CUDA1 1.167024 103820 40
CPU7 44.803740 103781 sgemm sgemm CUDA3 0.995632 103821 40
CPU9 25.415424 103784 ssyrk ssyrk CPU -1 103824 40
CPU16 44.797897 103785 sgemm sgemm CUDA1 0.116268 103825 40
CPU15 44.658168 103786 sgemm sgemm CPU -1 103826 40
CPU9 44.980729 103787 sgemm sgemm CUDA2 1.170439 103827 40
CPU9 45.312265 103788 sgemm sgemm CUDA2 0.993445 103828 40
CPU15 44.938196 103789 sgemm sgemm CUDA1 1.174194 103829 40
CPU4 45.335274 103790 sgemm sgemm CPU -1 103830 40
CPU10 44.815648 103791 sgemm sgemm CUDA1 1.170720 103831 40
CPU12 45.047894 103792 sgemm sgemm CUDA3 12.676252 103832 40
CPU18 45.165321 103793 sgemm sgemm CUDA0 1.166860 103833 40
CPU6 45.359201 103794 sgemm sgemm CUDA3 0.995805 103834 40
CPU1 45.430269 103795 sgemm sgemm CUDA3 0.058719 103835 40
CPU13 44.852581 103796 sgemm sgemm CUDA3 0.974434 103836 40
CPU14 45.019654 103797 sgemm sgemm CUDA0 1.162213 103837 40
CPU16 44.923901 103798 sgemm sgemm CUDA0 1.160594 103838 40
CPU1 44.925851 103799 sgemm sgemm CUDA0 1.166748 103839 40
CPU6 45.295872 103800 sgemm sgemm CUDA2 0.999190 103840 40
CPU14 44.913982 103801 sgemm sgemm CUDA0 0.998834 103841 40
CPU3 44.917323 103802 sgemm sgemm CUDA0 0.993874 103842 40
CPU2 45.067942 103803 sgemm sgemm CUDA2 1.208086 103843 40
CPU5 45.392280 103804 sgemm sgemm CUDA0 1.001032 103844 40
CPU13 45.119890 103805 sgemm sgemm CUDA2 1.120489 103845 40
CPU19 44.692706 103806 sgemm sgemm CUDA0 0.993809 103846 40
CPU4 44.935433 103807 sgemm sgemm CUDA2 1.165808 103847 40
CPU13 45.041898 103808 sgemm sgemm CUDA3 1.168052 103848 40
CPU10 44.948932 103809 sgemm sgemm CUDA3 0.050954 103849 40
CPU4 45.163622 103810 sgemm sgemm CUDA2 1.168865 103850 40
CPU14 45.144190 103811 sgemm sgemm CUDA2 1.159393 103851 40
CPU12 44.822900 103812 sgemm sgemm CUDA1 0.948700 103852 40
CPU1 44.763335 103813 sgemm sgemm CUDA1 0.995096 103853 40
CPU2 44.849254 103814 sgemm sgemm CUDA3 0.991352 103854 40
CPU8 25.014892 103817 ssyrk ssyrk CPU12 85.891297 103857 40
CPU10 45.101999 103818 sgemm sgemm CUDA3 1.178920 103858 40
CPU2 44.748133 103819 sgemm sgemm CUDA1 0.064973 103859 40
CPU16 44.890850 103820 sgemm sgemm CUDA2 1.159893 103860 40
CPU13 45.044539 103821 sgemm sgemm CUDA1 0.994908 103861 40
CPU15 44.756179 103822 sgemm sgemm CUDA3 1.174803 103862 40
CPU3 44.839474 103823 sgemm sgemm CUDA2 1.171205 103863 40
CPU19 44.946996 103824 sgemm sgemm CUDA1 1.159087 103864 40
CPU15 45.083811 103825 sgemm sgemm CUDA3 1.164229 103865 40
CPU14 45.114261 103826 sgemm sgemm CUDA3 1.378177 103866 40
CPU11 44.831760 103827 sgemm sgemm CUDA3 0.999073 103867 40
CPU12 44.935772 103828 sgemm sgemm CUDA3 1.155438 103868 40
CPU16 45.071322 103829 sgemm sgemm CUDA2 1.218962 103869 40
CPU14 45.135846 103830 sgemm sgemm CUDA0 1.082845 103870 40
CPU5 44.807434 103831 sgemm sgemm CUDA0 12.922713 103871 40
CPU2 44.849361 103832 sgemm sgemm CUDA2 1.001826 103872 40
CPU12 45.278598 103833 sgemm sgemm CUDA3 1.006722 103873 40
CPU8 44.709251 103834 sgemm sgemm CUDA0 1.165002 103874 40
CPU10 45.082731 103835 sgemm sgemm CUDA0 1.255206 103875 40
CPU15 44.886564 103836 sgemm sgemm CUDA0 0.998802 103876 40
CPU7 44.749906 103837 sgemm sgemm CUDA1 1.016403 103877 40
CPU18 44.701838 103838 sgemm sgemm CUDA2 1.154883 103878 40
CPU9 44.693426 103839 sgemm sgemm CUDA2 1.240224 103879 40
CPU11 44.985898 103840 sgemm sgemm CUDA1 0.111151 103880 40
CPU5 45.019963 103841 sgemm sgemm CUDA1 0.997341 103881 40
CPU9 44.791129 103842 sgemm sgemm CUDA3 1.001862 103882 40
CPU5 44.759779 103843 sgemm sgemm CUDA2 0.061704 103883 40
CPU1 45.014760 103844 sgemm sgemm CUDA2 1.224066 103884 40
CPU2 44.636812 103845 sgemm sgemm CUDA2 1.112899 103885 40
CPU5 44.545498 103846 sgemm sgemm CUDA3 0.070873 103886 40
CPU16 24.894808 103849 ssyrk ssyrk CPU -1 103889 40
CPU12 45.063580 103850 sgemm sgemm CUDA1 1.168176 103890 40
CPU12 45.215513 103851 sgemm sgemm CUDA3 1.052448 103891 40
CPU0 45.629040 103852 sgemm sgemm CUDA1 0.999275 103892 40
CPU5 45.272143 103853 sgemm sgemm CUDA3 12.105655 103893 40
CPU13 44.945759 103854 sgemm sgemm CUDA3 1.239109 103894 40
CPU16 44.738143 103855 sgemm sgemm CUDA3 1.372794 103895 40
CPU14 45.111661 103856 sgemm sgemm CUDA0 1.168043 103896 40
CPU14 44.978590 103857 sgemm sgemm CUDA3 12.985247 103897 40
CPU16 44.610484 103858 sgemm sgemm CUDA3 1.238494 103898 40
CPU19 45.202338 103859 sgemm sgemm CUDA1 1.048157 103899 40
CPU14 45.008262 103860 sgemm sgemm CUDA0 1.167586 103900 40
CPU0 45.044439 103861 sgemm sgemm CUDA0 1.164885 103901 40
CPU10 45.054289 103862 sgemm sgemm CUDA1 0.100642 103902 40
CPU12 44.951226 103863 sgemm sgemm CUDA1 1.167022 103903 40
CPU8 45.020163 103864 sgemm sgemm CUDA3 0.101545 103904 40
CPU9 45.011886 103865 sgemm sgemm CUDA0 0.995162 103905 40
CPU2 45.122803 103866 sgemm sgemm CUDA0 1.164651 103906 40
CPU9 45.168363 103867 sgemm sgemm CUDA0 1.162998 103907 40
CPU3 44.886034 103868 sgemm sgemm CUDA3 0.998950 103908 40
CPU18 44.928767 103869 sgemm sgemm CUDA0 0.995434 103909 40
CPU5 44.943683 103870 sgemm sgemm CUDA3 0.996453 103910 40
CPU8 45.112779 103871 sgemm sgemm CUDA3 0.999765 103911 40
CPU11 44.765807 103872 sgemm sgemm CUDA3 1.205681 103912 40
CPU6 45.235579 103873 sgemm sgemm CUDA3 1.001536 103913 40
CPU8 45.146459 103874 sgemm sgemm CUDA3 0.991997 103914 40
CPU8 44.944290 103875 sgemm sgemm CUDA0 1.161743 103915 40
CPU8 44.694405 103876 sgemm sgemm CUDA1 0.065010 103916 40
CPU0 45.112915 103877 sgemm sgemm CUDA3 1.272828 103917 40
CPU3 24.994760 103880 ssyrk ssyrk CPU -1 103920 40
CPU16 44.845689 103881 sgemm sgemm CUDA2 1.169213 103921 40
CPU16 44.947235 103882 sgemm sgemm CUDA3 1.171102 103922 40
CPU11 44.862065 103883 sgemm sgemm CUDA1 0.997626 103923 40
CPU7 44.954324 103884 sgemm sgemm CUDA2 0.063450 103924 40
CPU5 44.827381 103885 sgemm sgemm CUDA3 0.997020 103925 40
CPU13 45.250274 103886 sgemm sgemm CUDA0 0.989976 103926 40
CPU14 45.137155 103887 sgemm sgemm CUDA3 10.639974 103927 40
CPU14 45.758322 103888 sgemm sgemm CUDA3 1.172467 103928 40
CPU14 44.981635 103889 sgemm sgemm CUDA1 0.999273 103929 40
CPU5 44.758047 103890 sgemm sgemm CUDA0 0.993681 103930 40
CPU16 45.260159 103891 sgemm sgemm CUDA2 1.169751 103931 40
CPU7 44.432114 103892 sgemm sgemm CUDA1 1.167153 103932 40
CPU4 45.035237 103893 sgemm sgemm CUDA2 0.052260 103933 40
CPU12 45.173339 103894 sgemm sgemm CUDA2 1.164214 103934 40
CPU1 45.000372 103895 sgemm sgemm CUDA2 1.169561 103935 40
CPU8 45.041975 103896 sgemm sgemm CUDA2 0.051861 103936 40
CPU8 45.061356 103897 sgemm sgemm CUDA0 1.166525 103937 40
CPU4 44.975794 103898 sgemm sgemm CUDA2 1.000978 103938 40
CPU18 44.628704 103899 sgemm sgemm CUDA0 1.172978 103939 40
CPU1 44.852688 103900 sgemm sgemm CUDA1 0.993252 103940 40
CPU5 44.782088 103901 sgemm sgemm CUDA2 0.998924 103941 40
CPU7 45.222003 103902 sgemm sgemm CUDA3 1.165176 103942 40
CPU8 45.278909 103903 sgemm sgemm CUDA3 1.120833 103943 40
CPU7 45.206659 103904 sgemm sgemm CUDA2 0.997069 103944 40
CPU4 44.738906 103905 sgemm sgemm CUDA2 1.162796 103945 40
CPU8 44.616953 103906 sgemm sgemm CUDA2 0.989854 103946 40
CPU6 44.862100 103907 sgemm sgemm CUDA3 1.165945 103947 40
CPU13 25.309525 103910 ssyrk ssyrk CPU10 97.730653 103950 40
CPU13 44.989461 103911 sgemm sgemm CUDA1 13.075604 103951 40
CPU11 44.765062 103912 sgemm sgemm CUDA3 1.166237 103952 40
CPU14 46.257455 103913 sgemm sgemm CUDA2 1.168330 103953 40
CPU7 45.212892 103914 sgemm sgemm CUDA3 1.167518 103954 40
CPU5 44.563898 103915 sgemm sgemm CUDA3 0.997494 103955 40
CPU15 44.925097 103916 sgemm sgemm CUDA3 1.193118 103956 40
CPU3 44.920927 103917 sgemm sgemm CUDA3 1.154319 103957 40
CPU2 44.859991 103918 sgemm sgemm CUDA3 12.741840 103958 40
CPU15 45.079087 103919 sgemm sgemm CUDA3 1.168046 103959 40
CPU19 45.135142 103920 sgemm sgemm CUDA2 1.166609 103960 40
CPU16 45.063378 103921 sgemm sgemm CUDA1 0.997401 103961 40
CPU3 44.786716 103922 sgemm sgemm CUDA1 1.168709 103962 40
CPU0 45.329675 103923 sgemm sgemm CUDA3 0.993502 103963 40
CPU2 45.201681 103924 sgemm sgemm CUDA2 1.441545 103964 40
CPU4 45.382963 103925 sgemm sgemm CUDA3 0.996989 103965 40
CPU11 44.777225 103926 sgemm sgemm CUDA2 12.929937 103966 40
CPU7 45.246105 103927 sgemm sgemm CUDA2 12.571600 103967 40
CPU18 44.972872 103928 sgemm sgemm CUDA2 1.281348 103968 40
CPU6 45.061568 103929 sgemm sgemm CUDA2 0.994923 103969 40
CPU15 45.143715 103930 sgemm sgemm CUDA2 1.172455 103970 40
CPU11 44.780368 103931 sgemm sgemm CUDA1 0.993099 103971 40
CPU2 44.820997 103932 sgemm sgemm CUDA2 0.993954 103972 40
CPU3 44.912766 103933 sgemm sgemm CUDA2 0.991681 103973 40
CPU15 44.738471 103934 sgemm sgemm CUDA2 1.168468 103974 40
CPU0 45.417400 103935 sgemm sgemm CUDA1 1.168655 103975 40
CPU9 44.659459 103936 sgemm sgemm CUDA3 1.237372 103976 40
CPU14 25.237851 103939 ssyrk ssyrk CPU29 97.897988 103979 40
CPU13 44.915917 103940 sgemm sgemm CUDA3 0.999163 103980 40
CPU15 44.924721 103941 sgemm sgemm CUDA1 1.164550 103981 40
CPU10 44.916963 103942 sgemm sgemm CUDA1 1.163887 103982 40
CPU5 44.784890 103943 sgemm sgemm CUDA3 1.168021 103983 40
CPU13 45.081795 103944 sgemm sgemm CUDA1 12.540554 103984 40
CPU3 44.946197 103945 sgemm sgemm CUDA3 1.170171 103985 40
CPU15 45.005174 103946 sgemm sgemm CUDA1 1.255719 103986 40
CPU16 45.128381 103947 sgemm sgemm CUDA3 1.000011 103987 40
CPU4 44.872248 103948 sgemm sgemm CUDA0 1.001701 103988 40
CPU15 45.028307 103949 sgemm sgemm CUDA0 1.199949 103989 40
CPU9 45.118657 103950 sgemm sgemm CUDA1 11.987432 103990 40
CPU3 45.046949 103951 sgemm sgemm CUDA0 0.997577 103991 40
CPU14 44.983428 103952 sgemm sgemm CUDA0 1.167920 103992 40
CPU15 45.066634 103953 sgemm sgemm CUDA0 1.167803 103993 40
CPU6 45.303642 103954 sgemm sgemm CUDA2 12.667432 103994 40
CPU13 44.928646 103955 sgemm sgemm CUDA2 12.615623 103995 40
CPU19 45.296625 103956 sgemm sgemm CUDA0 1.216306 103996 40
CPU9 44.629221 103957 sgemm sgemm CUDA3 0.998289 103997 40
CPU7 45.009351 103958 sgemm sgemm CUDA1 1.314671 103998 40
CPU2 45.189535 103959 sgemm sgemm CUDA1 0.997570 103999 40
CPU10 44.955516 103960 sgemm sgemm CUDA2 0.992228 104000 40
CPU1 45.138047 103961 sgemm sgemm CUDA3 12.113266 104001 40
CPU16 44.886496 103962 sgemm sgemm CUDA2 1.169860 104002 40
CPU4 44.873551 103963 sgemm sgemm CUDA1 1.166069 104003 40
CPU8 44.662549 103964 sgemm sgemm CUDA3 0.056820 104004 40
CPU9 25.872619 103967 ssyrk ssyrk CPU -1 104007 40
CPU8 45.011572 103968 sgemm sgemm CUDA3 1.166913 104008 40
CPU5 45.042719 103969 sgemm sgemm CUDA1 1.161903 104009 40
CPU9 44.976548 103970 sgemm sgemm CUDA0 1.366761 104010 40
CPU7 44.999752 103971 sgemm sgemm CUDA1 0.996017 104011 40
CPU12 44.763703 103972 sgemm sgemm CUDA1 1.000989 104012 40
CPU14 44.859428 103973 sgemm sgemm CUDA3 1.166892 104013 40
CPU11 45.101813 103974 sgemm sgemm CUDA0 0.090935 104014 40
CPU0 45.537088 103975 sgemm sgemm CUDA0 0.118543 104015 40
CPU7 44.980607 103976 sgemm sgemm CUDA0 1.167124 104016 40
CPU1 45.402077 103977 sgemm sgemm CUDA1 1.168192 104017 40
CPU10 44.944335 103978 sgemm sgemm CUDA3 0.997522 104018 40
CPU7 44.909534 103979 sgemm sgemm CUDA0 1.161987 104019 40
CPU3 45.216393 103980 sgemm sgemm CUDA3 0.050857 104020 40
CPU19 45.233816 103981 sgemm sgemm CUDA0 1.000704 104021 40
CPU16 45.208442 103982 sgemm sgemm CUDA0 1.163989 104022 40
CPU18 44.595129 103983 sgemm sgemm CUDA2 1.218541 104023 40
CPU8 44.851587 103984 sgemm sgemm CUDA1 0.996720 104024 40
CPU17 45.071083 103985 sgemm sgemm CUDA1 1.158303 104025 40
CPU14 45.484673 103986 sgemm sgemm CUDA3 1.162930 104026 40
CPU5 45.242826 103987 sgemm sgemm CUDA3 1.163961 104027 40
CPU11 44.637555 103988 sgemm sgemm CUDA3 1.167022 104028 40
CPU8 45.251122 103989 sgemm sgemm CUDA0 0.993990 104029 40
CPU19 45.092018 103990 sgemm sgemm CUDA1 1.170320 104030 40
CPU6 45.034321 103991 sgemm sgemm CUDA3 1.162566 104031 40
CPU13 25.171975 103994 ssyrk ssyrk CPU -1 104034 40
CPU10 45.170905 103995 sgemm sgemm CUDA3 1.165012 104035 40
CPU1 44.814627 103996 sgemm sgemm CUDA3 1.158834 104036 40
CPU19 44.931968 103997 sgemm sgemm CUDA2 1.284342 104037 40
CPU16 44.943460 103998 sgemm sgemm CUDA3 1.265313 104038 40
CPU0 45.449912 103999 sgemm sgemm CUDA1 0.995071 104039 40
CPU13 45.251124 104000 sgemm sgemm CUDA2 0.950785 104040 40
CPU7 45.205515 104001 sgemm sgemm CUDA2 1.000336 104041 40
CPU19 45.226395 104002 sgemm sgemm CUDA1 0.996707 104042 40
CPU13 45.022438 104003 sgemm sgemm CUDA2 0.993623 104043 40
CPU0 45.400488 104004 sgemm sgemm CUDA2 0.055064 104044 40
CPU8 44.916024 104005 sgemm sgemm CUDA3 0.994653 104045 40
CPU11 44.986321 104006 sgemm sgemm CUDA3 1.311157 104046 40
CPU13 44.733389 104007 sgemm sgemm CUDA3 1.008287 104047 40
CPU12 45.034784 104008 sgemm sgemm CUDA2 15.386959 104048 40
CPU18 44.657395 104009 sgemm sgemm CUDA3 1.168487 104049 40
CPU8 44.713823 104010 sgemm sgemm CUDA2 1.166709 104050 40
CPU1 44.983871 104011 sgemm sgemm CUDA2 1.163066 104051 40
CPU16 44.827344 104012 sgemm sgemm CUDA2 1.163073 104052 40
CPU3 45.192713 104013 sgemm sgemm CUDA2 1.163011 104053 40
CPU6 45.218752 104014 sgemm sgemm CUDA2 1.166069 104054 40
CPU1 45.104128 104015 sgemm sgemm CUDA2 1.000241 104055 40
CPU15 44.873234 104016 sgemm sgemm CUDA3 1.166196 104056 40
CPU7 44.816739 104017 sgemm sgemm CUDA2 1.173426 104057 40
CPU19 25.275231 104020 ssyrk ssyrk CPU17 97.589736 104060 40
CPU15 44.990263 104021 sgemm sgemm CUDA0 1.118367 104061 40
CPU19 44.804063 104022 sgemm sgemm CUDA2 0.941185 104062 40
CPU11 44.744038 104023 sgemm sgemm CUDA3 1.171997 104063 40
CPU15 44.617088 104024 sgemm sgemm CUDA3 1.166791 104064 40
CPU16 45.040371 104025 sgemm sgemm CUDA2 1.168953 104065 40
CPU19 45.227709 104026 sgemm sgemm CUDA0 1.163753 104066 40
CPU10 45.133151 104027 sgemm sgemm CUDA1 12.096503 104067 40
CPU4 45.147031 104028 sgemm sgemm CUDA2 1.000355 104068 40
CPU1 45.065940 104029 sgemm sgemm CUDA0 1.168220 104069 40
CPU1 45.168204 104030 sgemm sgemm CUDA0 1.260349 104070 40
CPU14 45.045720 104031 sgemm sgemm CUDA2 1.157107 104071 40
CPU13 44.907453 104032 sgemm sgemm CUDA2 1.154702 104072 40
CPU15 44.733576 104033 sgemm sgemm CUDA0 1.163138 104073 40
CPU19 44.936617 104034 sgemm sgemm CUDA0 1.165643 104074 40
CPU0 45.059631 104035 sgemm sgemm CUDA3 1.167729 104075 40
CPU15 44.834479 104036 sgemm sgemm CUDA2 1.162874 104076 40
CPU14 44.748960 104037 sgemm sgemm CUDA1 0.065404 104077 40
CPU11 44.587027 104038 sgemm sgemm CUDA2 1.165151 104078 40
CPU13 44.910414 104039 sgemm sgemm CUDA0 1.001996 104079 40
CPU10 44.917049 104040 sgemm sgemm CUDA2 0.160855 104080 40
CPU14 44.958730 104041 sgemm sgemm CUDA3 1.168460 104081 40
CPU7 44.783890 104042 sgemm sgemm CUDA2 1.160629 104082 40
CPU16 25.076449 104045 ssyrk ssyrk CPU15 97.743130 104085 40
CPU5 44.804208 104046 sgemm sgemm CUDA3 1.222130 104086 40
CPU6 45.051099 104047 sgemm sgemm CUDA3 1.154043 104087 40
CPU11 44.949825 104048 sgemm sgemm CUDA0 1.151300 104088 40
CPU8 44.822572 104049 sgemm sgemm CUDA0 12.155045 104089 40
CPU5 44.799965 104050 sgemm sgemm CUDA2 0.995365 104090 40
CPU11 45.030490 104051 sgemm sgemm CUDA0 0.997656 104091 40
CPU19 45.032140 104052 sgemm sgemm CUDA0 1.246157 104092 40
CPU14 45.070839 104053 sgemm sgemm CUDA0 0.994719 104093 40
CPU6 45.150043 104054 sgemm sgemm CUDA2 1.168328 104094 40
CPU16 45.242121 104055 sgemm sgemm CUDA2 1.000397 104095 40
CPU4 45.445165 104056 sgemm sgemm CUDA2 0.999786 104096 40
CPU13 45.223143 104057 sgemm sgemm CUDA2 0.385019 104097 40
CPU18 44.996614 104058 sgemm sgemm CUDA0 0.997743 104098 40
CPU6 44.855922 104059 sgemm sgemm CUDA3 1.244098 104099 40
CPU14 44.998445 104060 sgemm sgemm CUDA2 0.998408 104100 40
CPU1 45.181054 104061 sgemm sgemm CUDA3 0.992297 104101 40
CPU2 45.055322 104062 sgemm sgemm CUDA2 1.161218 104102 40
CPU10 45.208447 104063 sgemm sgemm CUDA0 1.166707 104103 40
CPU13 45.008480 104064 sgemm sgemm CUDA2 1.114461 104104 40
CPU6 44.617159 104065 sgemm sgemm CUDA2 1.113368 104105 40
CPU4 44.894683 104066 sgemm sgemm CUDA2 1.167108 104106 40
CPU14 25.038527 104069 ssyrk ssyrk CPU19 97.290803 104109 40
CPU12 44.882832 104070 sgemm sgemm CUDA2 1.002358 104110 40
CPU7 45.173443 104071 sgemm sgemm CUDA3 0.999963 104111 40
CPU12 45.051258 104072 sgemm sgemm CUDA3 1.164295 104112 40
CPU2 44.849413 104073 sgemm sgemm CUDA2 1.168657 104113 40
CPU0 45.481598 104074 sgemm sgemm CUDA1 12.541550 104114 40
CPU2 45.137907 104075 sgemm sgemm CUDA2 1.171645 104115 40
CPU13 44.754583 104076 sgemm sgemm CUDA3 1.172158 104116 40
CPU16 44.812008 104077 sgemm sgemm CUDA3 1.226040 104117 40
CPU5 45.019027 104078 sgemm sgemm CUDA2 1.241531 104118 40
CPU14 45.061858 104079 sgemm sgemm CUDA2 0.993448 104119 40
CPU2 45.175516 104080 sgemm sgemm CUDA1 13.174371 104120 40
CPU14 44.755188 104081 sgemm sgemm CUDA3 0.992026 104121 40
CPU14 44.891233 104082 sgemm sgemm CUDA3 13.113619 104122 40
CPU6 45.133700 104083 sgemm sgemm CUDA3 0.997498 104123 40
CPU2 45.122402 104084 sgemm sgemm CUDA2 1.167404 104124 40
CPU6 45.473024 104085 sgemm sgemm CUDA3 1.170246 104125 40
CPU15 44.759138 104086 sgemm sgemm CUDA3 0.996724 104126 40
CPU6 44.935184 104087 sgemm sgemm CUDA2 1.171879 104127 40
CPU11 44.866404 104088 sgemm sgemm CUDA1 0.996152 104128 40
CPU14 45.180623 104089 sgemm sgemm CUDA3 1.004136 104129 40
CPU1 25.247177 104092 ssyrk ssyrk CPU23 97.316891 104132 40
CPU16 44.630703 104093 sgemm sgemm CUDA3 1.001160 104133 40
CPU0 45.230177 104094 sgemm sgemm CUDA2 0.060357 104134 40
CPU5 44.909949 104095 sgemm sgemm CUDA2 1.169529 104135 40
CPU2 45.101848 104096 sgemm sgemm CUDA0 1.235263 104136 40
CPU3 45.356222 104097 sgemm sgemm CUDA0 1.167838 104137 40
CPU10 45.032577 104098 sgemm sgemm CUDA3 0.065339 104138 40
CPU9 45.036178 104099 sgemm sgemm CUDA0 1.164153 104139 40
CPU11 44.621508 104100 sgemm sgemm CUDA2 1.163568 104140 40
CPU3 45.734005 104101 sgemm sgemm CUDA3 0.994057 104141 40
CPU11 44.711886 104102 sgemm sgemm CUDA0 0.999565 104142 40
CPU18 44.625296 104103 sgemm sgemm CUDA0 0.053121 104143 40
CPU2 44.886189 104104 sgemm sgemm CUDA3 0.994489 104144 40
CPU1 44.976939 104105 sgemm sgemm CUDA2 0.996546 104145 40
CPU1 45.314898 104106 sgemm sgemm CUDA1 1.169543 104146 40
CPU1 45.372149 104107 sgemm sgemm CUDA2 1.000944 104147 40
CPU12 44.845253 104108 sgemm sgemm CUDA2 0.062162 104148 40
CPU14 45.151422 104109 sgemm sgemm CUDA0 1.050493 104149 40
CPU16 45.048700 104110 sgemm sgemm CUDA2 0.996425 104150 40
CPU4 45.027152 104111 sgemm sgemm CUDA2 0.999181 104151 40
CPU2 25.085295 104114 ssyrk ssyrk CPU -1 104154 40
CPU16 44.976724 104115 sgemm sgemm CUDA3 0.998359 104155 40
CPU13 45.367525 104116 sgemm sgemm CUDA0 1.160254 104156 40
CPU0 45.144877 104117 sgemm sgemm CUDA0 1.165540 104157 40
CPU10 45.089380 104118 sgemm sgemm CUDA1 0.999554 104158 40
CPU8 45.249925 104119 sgemm sgemm CUDA0 1.165033 104159 40
CPU9 44.839483 104120 sgemm sgemm CUDA0 1.245527 104160 40
CPU0 46.078325 104121 sgemm sgemm CUDA0 1.172261 104161 40
CPU14 44.889441 104122 sgemm sgemm CUDA3 0.999953 104162 40
CPU4 45.085175 104123 sgemm sgemm CUDA1 0.995884 104163 40
CPU19 44.638068 104124 sgemm sgemm CUDA3 13.162951 104164 40
CPU5 44.882234 104125 sgemm sgemm CUDA1 1.169424 104165 40
CPU16 45.199594 104126 sgemm sgemm CUDA3 0.995940 104166 40
CPU12 44.861732 104127 sgemm sgemm CUDA3 11.833894 104167 40
CPU8 45.183259 104128 sgemm sgemm CUDA1 1.167774 104168 40
CPU7 45.369575 104129 sgemm sgemm CUDA3 1.165123 104169 40
CPU6 45.235623 104130 sgemm sgemm CUDA3 0.999552 104170 40
CPU15 45.133725 104131 sgemm sgemm CUDA3 1.159084 104171 40
CPU5 44.740475 104132 sgemm sgemm CUDA3 1.218680 104172 40
CPU1 24.888780 104135 ssyrk ssyrk CPU16 69.231515 104175 40
CPU12 45.285575 104136 sgemm sgemm CUDA2 0.996216 104176 40
CPU1 44.788818 104137 sgemm sgemm CUDA0 1.154169 104177 40
CPU6 44.883645 104138 sgemm sgemm CUDA0 0.995857 104178 40
CPU12 45.206199 104139 sgemm sgemm CUDA3 1.173079 104179 40
CPU3 45.041604 104140 sgemm sgemm CUDA0 1.173518 104180 40
CPU8 44.917775 104141 sgemm sgemm CUDA3 1.164377 104181 40
CPU4 44.986744 104142 sgemm sgemm CUDA2 0.995614 104182 40
CPU7 44.836626 104143 sgemm sgemm CUDA2 0.993698 104183 40
CPU18 45.092742 104144 sgemm sgemm CUDA3 0.998873 104184 40
CPU2 44.818199 104145 sgemm sgemm CUDA1 1.175121 104185 40
CPU15 45.140336 104146 sgemm sgemm CUDA2 1.172535 104186 40
CPU3 45.068593 104147 sgemm sgemm CUDA3 1.118025 104187 40
CPU8 44.820279 104148 sgemm sgemm CUDA1 1.163512 104188 40
CPU9 45.082253 104149 sgemm sgemm CUDA2 0.992642 104189 40
CPU16 45.251368 104150 sgemm sgemm CUDA3 1.167980 104190 40
CPU8 44.712592 104151 sgemm sgemm CUDA1 1.170609 104191 40
CPU8 44.709542 104152 sgemm sgemm CUDA2 0.999011 104192 40
CPU10 25.424919 104155 ssyrk ssyrk CPU -1 104195 40
CPU10 45.218756 104156 sgemm sgemm CUDA0 1.145737 104196 40
CPU10 45.151051 104157 sgemm sgemm CUDA0 1.162985 104197 40
CPU3 44.891024 104158 sgemm sgemm CUDA0 1.147939 104198 40
CPU10 45.255980 104159 sgemm sgemm CUDA2 0.997873 104199 40
CPU16 44.906556 104160 sgemm sgemm CUDA2 0.087801 104200 40
CPU10 45.225399 104161 sgemm sgemm CUDA0 0.996233 104201 40
CPU5 44.641140 104162 sgemm sgemm CUDA0 0.686542 104202 40
CPU18 45.060007 104163 sgemm sgemm CUDA0 0.997150 104203 40
CPU4 44.744970 104164 sgemm sgemm CUDA2 1.172055 104204 40
CPU0 45.051746 104165 sgemm sgemm CUDA2 1.214730 104205 40
CPU12 45.058737 104166 sgemm sgemm CUDA2 1.167731 104206 40
CPU3 45.038398 104167 sgemm sgemm CUDA2 1.167403 104207 40
CPU11 44.904875 104168 sgemm sgemm CUDA0 1.199136 104208 40
CPU3 44.841303 104169 sgemm sgemm CUDA0 0.992648 104209 40
CPU14 45.487534 104170 sgemm sgemm CUDA0 0.914275 104210 40
CPU8 44.533640 104171 sgemm sgemm CUDA2 1.178943 104211 40
CPU0 25.430977 104174 ssyrk ssyrk CPU -1 104214 40
CPU9 44.750081 104175 sgemm sgemm CUDA0 0.148296 104215 40
CPU14 45.154359 104176 sgemm sgemm CUDA3 0.988646 104216 40
CPU9 44.791127 104177 sgemm sgemm CUDA3 1.415016 104217 40
CPU12 45.103794 104178 sgemm sgemm CUDA0 1.165897 104218 40
CPU9 45.048517 104179 sgemm sgemm CUDA3 1.160779 104219 40
CPU0 45.104272 104180 sgemm sgemm CUDA0 1.142411 104220 40
CPU18 44.818367 104181 sgemm sgemm CUDA3 0.145633 104221 40
CPU5 44.785855 104182 sgemm sgemm CUDA3 0.999959 104222 40
CPU9 44.772317 104183 sgemm sgemm CUDA3 1.166260 104223 40
CPU11 44.897900 104184 sgemm sgemm CUDA1 1.235397 104224 40
CPU6 45.320124 104185 sgemm sgemm CUDA1 1.170595 104225 40
CPU3 45.242555 104186 sgemm sgemm CUDA3 1.162521 104226 40
CPU12 45.359402 104187 sgemm sgemm CUDA3 0.998208 104227 40
CPU15 45.289702 104188 sgemm sgemm CUDA3 0.981636 104228 40
CPU9 44.734424 104189 sgemm sgemm CUDA0 1.222077 104229 40
CPU15 24.915326 104192 ssyrk ssyrk CPU18 97.094760 104232 40
CPU11 44.917045 104193 sgemm sgemm CUDA0 0.996470 104233 40
CPU15 44.789105 104194 sgemm sgemm CUDA2 0.996407 104234 40
CPU5 45.168347 104195 sgemm sgemm CUDA2 1.164397 104235 40
CPU2 44.902031 104196 sgemm sgemm CUDA2 1.001441 104236 40
CPU11 44.958982 104197 sgemm sgemm CUDA1 0.999156 104237 40
CPU18 44.714756 104198 sgemm sgemm CUDA2 0.059051 104238 40
CPU15 44.782766 104199 sgemm sgemm CUDA2 1.000313 104239 40
CPU16 45.001597 104200 sgemm sgemm CUDA2 1.169871 104240 40
CPU16 44.774948 104201 sgemm sgemm CUDA1 1.168125 104241 40
CPU12 45.204293 104202 sgemm sgemm CUDA2 1.175505 104242 40
CPU0 45.531712 104203 sgemm sgemm CUDA2 0.076453 104243 40
CPU7 45.015666 104204 sgemm sgemm CUDA2 1.134218 104244 40
CPU13 45.286107 104205 sgemm sgemm CUDA2 0.060358 104245 40
CPU0 45.261913 104206 sgemm sgemm CUDA2 0.995337 104246 40
CPU16 24.843321 104209 ssyrk ssyrk CPU -1 104249 40
CPU16 45.091650 104210 sgemm sgemm CUDA3 0.982925 104250 40
CPU8 45.343510 104211 sgemm sgemm CUDA3 1.218155 104251 40
CPU13 44.971370 104212 sgemm sgemm CUDA2 0.999758 104252 40
CPU10 45.032836 104213 sgemm sgemm CUDA2 0.994718 104253 40
CPU18 44.577988 104214 sgemm sgemm CUDA3 0.998113 104254 40
CPU16 45.121255 104215 sgemm sgemm CUDA3 1.001901 104255 40
CPU17 44.904440 104216 sgemm sgemm CUDA3 1.166722 104256 40
CPU6 45.401491 104217 sgemm sgemm CUDA2 0.999674 104257 40
CPU16 45.042505 104218 sgemm sgemm CUDA2 0.997258 104258 40
CPU14 45.153497 104219 sgemm sgemm CUDA2 1.009580 104259 40
CPU13 45.047737 104220 sgemm sgemm CUDA3 0.996192 104260 40
CPU10 45.213995 104221 sgemm sgemm CUDA2 1.160864 104261 40
CPU7 44.844914 104222 sgemm sgemm CUDA3 0.802505 104262 40
CPU6 25.422748 104225 ssyrk ssyrk CPU13 109.605165 104265 40
CPU11 44.788438 104226 sgemm sgemm CUDA3 1.162992 104266 40
CPU11 44.839577 104227 sgemm sgemm CUDA0 1.203949 104267 40
CPU14 45.052310 104228 sgemm sgemm CUDA2 1.167131 104268 40
CPU18 44.750647 104229 sgemm sgemm CUDA0 9.305268 104269 40
CPU1 44.629293 104230 sgemm sgemm CUDA2 1.001405 104270 40
CPU13 45.063153 104231 sgemm sgemm CUDA3 1.211948 104271 40
CPU10 45.007089 104232 sgemm sgemm CUDA2 1.169045 104272 40
CPU10 44.961605 104233 sgemm sgemm CUDA2 1.008568 104273 40
CPU4 45.310042 104234 sgemm sgemm CUDA0 0.717845 104274 40
CPU12 45.194726 104235 sgemm sgemm CUDA2 1.115086 104275 40
CPU13 45.353499 104236 sgemm sgemm CUDA2 0.437796 104276 40
CPU5 44.930982 104237 sgemm sgemm CUDA0 12.191070 104277 40
CPU8 25.009409 104240 ssyrk ssyrk CPU -1 104280 40
CPU3 45.256832 104241 sgemm sgemm CUDA2 1.207263 104281 40
CPU3 45.131891 104242 sgemm sgemm CUDA2 1.236123 104282 40
CPU8 45.291310 104243 sgemm sgemm CUDA2 0.999531 104283 40
CPU2 45.007384 104244 sgemm sgemm CUDA3 1.162926 104284 40
CPU19 45.219281 104245 sgemm sgemm CUDA2 1.168508 104285 40
CPU2 45.139299 104246 sgemm sgemm CUDA3 1.159082 104286 40
CPU6 45.223069 104247 sgemm sgemm CUDA2 0.057826 104287 40
CPU8 45.286977 104248 sgemm sgemm CUDA2 0.055842 104288 40
CPU1 44.930806 104249 sgemm sgemm CUDA3 1.107048 104289 40
CPU4 45.183116 104250 sgemm sgemm CUDA0 0.801254 104290 40
CPU6 45.068403 104251 sgemm sgemm CUDA2 1.154329 104291 40
CPU8 25.165955 104254 ssyrk ssyrk CPU16 89.348890 104294 40
CPU9 45.094129 104255 sgemm sgemm CUDA0 12.970459 104295 40
CPU6 45.495200 104256 sgemm sgemm CUDA3 12.077826 104296 40
CPU7 45.154612 104257 sgemm sgemm CUDA2 1.001237 104297 40
CPU5 44.870009 104258 sgemm sgemm CUDA3 8.094885 104298 40
CPU14 44.994582 104259 sgemm sgemm CUDA2 1.162355 104299 40
CPU1 44.976906 104260 sgemm sgemm CUDA3 7.309938 104300 40
CPU0 45.399807 104261 sgemm sgemm CUDA2 1.153873 104301 40
CPU11 44.870092 104262 sgemm sgemm CUDA0 7.613440 104302 40
CPU5 45.106091 104263 sgemm sgemm CUDA0 1.160515 104303 40
CPU1 44.754771 104264 sgemm sgemm CUDA3 0.999863 104304 40
CPU13 25.339676 104267 ssyrk ssyrk CPU23 81.506992 104307 40
CPU13 44.964422 104268 sgemm sgemm CUDA0 0.826011 104308 40
CPU16 45.131376 104269 sgemm sgemm CUDA1 1.240967 104309 40
CPU13 45.094645 104270 sgemm sgemm CUDA1 0.766385 104310 40
CPU9 44.993412 104271 sgemm sgemm CUDA1 1.218683 104311 40
CPU10 44.929676 104272 sgemm sgemm CUDA1 0.077665 104312 40
CPU11 44.697133 104273 sgemm sgemm CUDA3 1.162322 104313 40
CPU12 45.085832 104274 sgemm sgemm CUDA2 1.105766 104314 40
CPU0 44.991898 104275 sgemm sgemm CUDA2 4.152067 104315 40
CPU14 45.562399 104276 sgemm sgemm CUDA2 1.105780 104316 40
CPU19 25.201629 104279 ssyrk ssyrk CPU18 67.889209 104319 40
CPU19 46.065853 104280 sgemm sgemm CUDA3 1.167436 104320 40
CPU15 44.754426 104281 sgemm sgemm CUDA3 0.993404 104321 40
CPU6 45.357807 104282 sgemm sgemm CUDA3 8.198515 104322 40
CPU11 44.907592 104283 sgemm sgemm CUDA2 0.991523 104323 40
CPU6 45.439999 104284 sgemm sgemm CUDA0 1.214099 104324 40
CPU15 44.807318 104285 sgemm sgemm CUDA3 0.947007 104325 40
CPU3 44.844837 104286 sgemm sgemm CUDA0 1.222786 104326 40
CPU6 45.073999 104287 sgemm sgemm CUDA2 1.218111 104327 40
CPU8 24.790674 104290 ssyrk ssyrk CPU10 97.326465 104330 40
CPU14 45.078749 104291 sgemm sgemm CUDA2 1.222830 104331 40
CPU11 45.051537 104292 sgemm sgemm CUDA1 1.812389 104332 40
CPU0 44.988858 104293 sgemm sgemm CUDA2 1.163636 104333 40
CPU14 45.099764 104294 sgemm sgemm CUDA2 17.750152 104334 40
CPU5 45.026093 104295 sgemm sgemm CUDA2 0.046626 104335 40
CPU12 45.305662 104296 sgemm sgemm CUDA2 1.161018 104336 40
CPU0 45.081323 104297 sgemm sgemm CUDA2 1.160204 104337 40
CPU15 25.183054 104300 ssyrk ssyrk CPU10 95.815124 104340 40
CPU14 44.757075 104301 sgemm sgemm CUDA2 1.159756 104341 40
CPU7 45.047842 104302 sgemm sgemm CUDA3 0.942359 104342 40
CPU3 45.247189 104303 sgemm sgemm CUDA2 1.215735 104343 40
CPU16 45.148737 104304 sgemm sgemm CUDA3 1.106410 104344 40
CPU8 44.582702 104305 sgemm sgemm CUDA2 0.990358 104345 40
CPU15 45.020834 104306 sgemm sgemm CUDA3 1.163412 104346 40
CPU9 25.241968 104309 ssyrk ssyrk CPU -1 104349 40
CPU1 45.384288 104310 sgemm sgemm CUDA1 1.219958 104350 40
CPU12 44.842501 104311 sgemm sgemm CUDA3 1.163901 104351 40
CPU16 44.732261 104312 sgemm sgemm CUDA2 1.113512 104352 40
CPU15 45.063596 104313 sgemm sgemm CUDA2 0.993729 104353 40
CPU17 45.126115 104314 sgemm sgemm CUDA3 1.052491 104354 40
CPU7 25.519328 104317 ssyrk ssyrk CPU19 92.762619 104357 40
CPU13 44.703747 104318 sgemm sgemm CUDA3 0.990029 104358 40
CPU13 44.874877 104319 sgemm sgemm CUDA3 1.219673 104359 40
CPU15 45.011918 104320 sgemm sgemm CUDA3 1.048141 104360 40
CPU7 45.181098 104321 sgemm sgemm CUDA3 0.993262 104361 40
CPU1 25.056120 104324 ssyrk ssyrk CPU23 96.936647 104364 40
CPU16 44.749764 104325 sgemm sgemm CUDA0 1.165905 104365 40
CPU19 45.145713 104326 sgemm sgemm CUDA2 1.218958 104366 40
CPU8 44.729135 104327 sgemm sgemm CUDA0 1.163053 104367 40
CPU14 25.120645 104330 ssyrk ssyrk CPU13 105.375062 104370 40
CPU0 45.283051 104331 sgemm sgemm CUDA0 1.166463 104371 40
CPU0 45.119640 104332 sgemm sgemm CUDA2 0.065098 104372 40
CPU18 25.233993 104335 ssyrk ssyrk CPU -1 104375 40
CPU18 45.023882 104336 sgemm sgemm CUDA3 0.530285 104376 40
CPU4 25.386137 104339 ssyrk ssyrk CPU11 97.508811 104379 40
CPU18 13.767840 104342 spotrf spotrf CPU -1 104382 40
CPU19 30.532904 104343 strsm strsm CPU25 98.785045 104383 40
CPU18 30.220662 104344 strsm strsm CPU26 107.093722 104384 40
CPU19 30.450104 104345 strsm strsm CPU34 91.217839 104385 40
CPU8 30.105058 104346 strsm strsm CPU -1 104386 40
CPU18 29.853840 104347 strsm strsm CPU28 103.269173 104387 40
CPU18 30.195653 104348 strsm strsm CPU24 90.552527 104388 40
CPU5 30.222127 104349 strsm strsm CPU14 89.192382 104389 40
CPU6 30.611347 104350 strsm strsm CPU33 100.095607 104390 40
CPU10 30.590105 104351 strsm strsm CPU16 91.061966 104391 40
CPU0 30.577825 104352 strsm strsm CPU -1 104392 40
CPU11 30.087421 104353 strsm strsm CPU -1 104393 40
CPU12 30.791377 104354 strsm strsm CPU11 99.571240 104394 40
CPU2 30.296735 104355 strsm strsm CPU15 99.616245 104395 40
CPU0 30.546318 104356 strsm strsm CPU -1 104396 40
CPU13 30.677813 104357 strsm strsm CPU28 99.728212 104397 40
CPU6 30.731589 104358 strsm strsm CPU -1 104398 40
CPU13 30.708090 104359 strsm strsm CPU25 98.723973 104399 40
CPU1 29.935608 104360 strsm strsm CPU17 110.410452 104400 40
CPU16 29.960799 104361 strsm strsm CPU -1 104401 40
CPU17 30.415729 104362 strsm strsm CPU24 104.716149 104402 40
CPU7 30.892088 104363 strsm strsm CPU -1 104403 40
CPU6 30.666238 104364 strsm strsm CPU22 98.755151 104404 40
CPU1 30.056855 104365 strsm strsm CPU -1 104405 40
CPU12 30.694094 104366 strsm strsm CPU11 86.723344 104406 40
CPU3 30.246647 104367 strsm strsm CPU18 98.764532 104407 40
CPU15 29.951881 104368 strsm strsm CPU22 109.660126 104408 40
CPU13 30.602014 104369 strsm strsm CPU14 105.855364 104409 40
CPU5 30.008546 104370 strsm strsm CPU -1 104410 40
CPU9 30.391524 104371 strsm strsm CPU -1 104411 40
CPU8 30.437846 104372 strsm strsm CPU -1 104412 40
CPU13 30.680787 104373 strsm strsm CPU13 98.458851 104413 40
CPU18 29.869332 104374 strsm strsm CPU -1 104414 40
CPU7 30.953812 104375 strsm strsm CPU11 98.681097 104415 40
CPU12 30.506882 104376 strsm strsm CPU10 98.187956 104416 40
CPU17 30.465171 104377 strsm strsm CPU14 98.769239 104417 40
CPU1 30.378702 104378 strsm strsm CPU -1 104418 40
CPU2 30.406131 104379 strsm strsm CPU10 98.335630 104419 40
CPU11 30.105586 104380 strsm strsm CPU -1 104420 40
CPU18 30.058764 104381 strsm strsm CPU -1 104421 40
CPU4 30.459663 104382 strsm strsm CPU27 107.759889 104422 40
CPU19 25.221065 104385 ssyrk ssyrk CPU -1 104425 40
CPU19 45.222090 104386 sgemm sgemm CUDA1 10.623020 104426 40
CPU18 44.751669 104387 sgemm sgemm CUDA1 1.344635 104427 40
CPU1 44.791322 104388 sgemm sgemm CUDA1 1.173305 104428 40
CPU19 44.931250 104389 sgemm sgemm CUDA1 1.310289 104429 40
CPU18 45.089963 104390 sgemm sgemm CUDA1 1.181583 104430 40
CPU7 45.219161 104391 sgemm sgemm CUDA0 1.196318 104431 40
CPU7 44.899895 104392 sgemm sgemm CUDA0 0.987237 104432 40
CPU7 44.959363 104393 sgemm sgemm CUDA0 1.267351 104433 40
CPU2 44.739570 104394 sgemm sgemm CUDA1 13.149002 104434 40
CPU11 44.914499 104395 sgemm sgemm CUDA1 1.009647 104435 40
CPU18 44.913208 104396 sgemm sgemm CUDA1 1.019847 104436 40
CPU6 44.975748 104397 sgemm sgemm CUDA1 1.053188 104437 40
CPU19 45.101526 104398 sgemm sgemm CUDA1 1.141770 104438 40
CPU0 45.452686 104399 sgemm sgemm CUDA1 1.177004 104439 40
CPU6 45.235275 104400 sgemm sgemm CUDA0 12.331170 104440 40
CPU11 44.998795 104401 sgemm sgemm CUDA1 1.313608 104441 40
CPU6 44.855625 104402 sgemm sgemm CUDA3 1.249805 104442 40
CPU18 44.792114 104403 sgemm sgemm CUDA0 1.002718 104443 40
CPU16 44.652199 104404 sgemm sgemm CUDA3 1.181375 104444 40
CPU14 44.933366 104405 sgemm sgemm CUDA3 0.180448 104445 40
CPU6 44.949199 104406 sgemm sgemm CUDA3 1.045652 104446 40
CPU13 45.067258 104407 sgemm sgemm CUDA0 1.298105 104447 40
CPU15 44.776667 104408 sgemm sgemm CUDA1 1.169152 104448 40
CPU2 44.780456 104409 sgemm sgemm CUDA1 1.000580 104449 40
CPU12 44.813552 104410 sgemm sgemm CUDA2 1.165803 104450 40
CPU1 45.042997 104411 sgemm sgemm CUDA3 0.998818 104451 40
CPU6 44.918384 104412 sgemm sgemm CUDA2 0.998865 104452 40
CPU9 44.707888 104413 sgemm sgemm CUDA3 1.169713 104453 40
CPU8 45.106515 104414 sgemm sgemm CUDA2 0.995207 104454 40
CPU13 44.910937 104415 sgemm sgemm CUDA1 1.173745 104455 40
CPU18 44.611786 104416 sgemm sgemm CUDA2 1.164723 104456 40
CPU7 45.077007 104417 sgemm sgemm CUDA3 1.050803 104457 40
CPU12 44.868130 104418 sgemm sgemm CUDA3 1.169277 104458 40
CPU18 44.785173 104419 sgemm sgemm CUDA2 0.998120 104459 40
CPU1 45.312919 104420 sgemm sgemm CUDA3 12.877308 104460 40
CPU2 45.125936 104421 sgemm sgemm CUDA3 1.163642 104461 40
CPU12 45.149971 104422 sgemm sgemm CUDA3 1.167872 104462 40
CPU19 45.094070 104423 sgemm sgemm CUDA2 1.738981 104463 40
CPU3 44.807149 104424 sgemm sgemm CUDA2 0.994543 104464 40
CPU18 25.090930 104427 ssyrk ssyrk CPU18 69.388062 104467 40
CPU19 45.034982 104428 sgemm sgemm CUDA1 1.218048 104468 40
CPU5 44.527874 104429 sgemm sgemm CUDA1 1.162548 104469 40
CPU18 44.920942 104430 sgemm sgemm CUDA1 1.065460 104470 40
CPU18 45.079605 104431 sgemm sgemm CUDA1 0.995802 104471 40
CPU4 44.999931 104432 sgemm sgemm CUDA1 1.154084 104472 40
CPU6 44.993009 104433 sgemm sgemm CUDA1 1.004265 104473 40
CPU10 44.996959 104434 sgemm sgemm CUDA1 1.014296 104474 40
CPU4 44.430075 104435 sgemm sgemm CUDA1 1.180940 104475 40
CPU11 44.865491 104436 sgemm sgemm CUDA1 1.004672 104476 40
CPU16 45.055961 104437 sgemm sgemm CUDA1 1.000913 104477 40
CPU8 44.889522 104438 sgemm sgemm CUDA1 12.768762 104478 40
CPU0 44.987992 104439 sgemm sgemm CUDA1 1.012242 104479 40
CPU14 45.213187 104440 sgemm sgemm CUDA1 1.255311 104480 40
CPU6 45.027097 104441 sgemm sgemm CUDA0 1.176204 104481 40
CPU19 44.553558 104442 sgemm sgemm CUDA1 1.157220 104482 40
CPU7 44.816578 104443 sgemm sgemm CUDA1 12.538854 104483 40
CPU19 44.983820 104444 sgemm sgemm CUDA0 0.999905 104484 40
CPU4 45.153758 104445 sgemm sgemm CUDA3 1.166291 104485 40
CPU12 44.968208 104446 sgemm sgemm CUDA3 1.219115 104486 40
CPU1 44.738865 104447 sgemm sgemm CUDA3 1.000121 104487 40
CPU14 45.191863 104448 sgemm sgemm CUDA0 0.996725 104488 40
CPU16 44.983171 104449 sgemm sgemm CUDA1 0.857886 104489 40
CPU0 45.194090 104450 sgemm sgemm CUDA1 0.060687 104490 40
CPU15 45.010561 104451 sgemm sgemm CUDA2 0.126900 104491 40
CPU5 44.976744 104452 sgemm sgemm CUDA3 1.170757 104492 40
CPU5 44.424588 104453 sgemm sgemm CUDA2 1.114442 104493 40
CPU9 44.639838 104454 sgemm sgemm CUDA3 0.066484 104494 40
CPU8 45.096553 104455 sgemm sgemm CUDA2 0.103204 104495 40
CPU15 44.915195 104456 sgemm sgemm CUDA1 0.068291 104496 40
CPU18 44.996374 104457 sgemm sgemm CUDA2 0.995024 104497 40
CPU4 45.137976 104458 sgemm sgemm CUDA3 1.172488 104498 40
CPU11 44.971803 104459 sgemm sgemm CUDA2 0.993727 104499 40
CPU6 45.175425 104460 sgemm sgemm CUDA2 1.000716 104500 40
CPU3 44.722054 104461 sgemm sgemm CUDA3 1.253300 104501 40
CPU4 44.974900 104462 sgemm sgemm CUDA3 0.990016 104502 40
CPU2 44.919638 104463 sgemm sgemm CUDA3 1.002248 104503 40
CPU2 44.801307 104464 sgemm sgemm CUDA3 0.997028 104504 40
CPU4 44.817738 104465 sgemm sgemm CUDA2 0.993771 104505 40
CPU19 25.267543 104468 ssyrk ssyrk CPU -1 104508 40
CPU8 44.429679 104469 sgemm sgemm CUDA1 1.177490 104509 40
CPU18 44.794248 104470 sgemm sgemm CUDA1 12.101758 104510 40
CPU19 45.297974 104471 sgemm sgemm CUDA1 1.176342 104511 40
CPU8 45.117684 104472 sgemm sgemm CUDA1 1.010350 104512 40
CPU1 45.004901 104473 sgemm sgemm CUDA1 0.059711 104513 40
CPU8 45.145224 104474 sgemm sgemm CUDA1 1.006085 104514 40
CPU19 46.062562 104475 sgemm sgemm CUDA1 1.010368 104515 40
CPU13 44.894353 104476 sgemm sgemm CUDA1 12.993473 104516 40
CPU10 44.994855 104477 sgemm sgemm CUDA1 1.174509 104517 40
CPU7 45.136138 104478 sgemm sgemm CUDA1 1.051453 104518 40
CPU0 45.104293 104479 sgemm sgemm CUDA1 1.000377 104519 40
CPU13 44.840437 104480 sgemm sgemm CUDA1 1.001214 104520 40
CPU14 45.056409 104481 sgemm sgemm CUDA0 1.177883 104521 40
CPU13 45.004145 104482 sgemm sgemm CUDA1 0.353629 104522 40
CPU9 44.812372 104483 sgemm sgemm CUDA1 1.172634 104523 40
CPU16 44.712275 104484 sgemm sgemm CUDA0 0.662463 104524 40
CPU3 45.289117 104485 sgemm sgemm CUDA3 1.155802 104525 40
CPU11 44.713457 104486 sgemm sgemm CUDA3 12.872170 104526 40
CPU4 45.119383 104487 sgemm sgemm CUDA3 1.154502 104527 40
CPU10 44.889119 104488 sgemm sgemm CUDA3 0.058549 104528 40
CPU4 45.210053 104489 sgemm sgemm CUDA1 1.002302 104529 40
CPU8 45.103981 104490 sgemm sgemm CUDA1 1.168104 104530 40
CPU16 44.648914 104491 sgemm sgemm CUDA2 0.989951 104531 40
CPU13 44.599042 104492 sgemm sgemm CUDA3 1.163467 104532 40
CPU0 45.158968 104493 sgemm sgemm CUDA2 0.996258 104533 40
CPU13 44.898875 104494 sgemm sgemm CUDA3 12.109153 104534 40
CPU18 44.790978 104495 sgemm sgemm CUDA2 0.996774 104535 40
CPU3 45.430577 104496 sgemm sgemm CUDA1 1.165842 104536 40
CPU19 44.960689 104497 sgemm sgemm CUDA2 1.167248 104537 40
CPU8 44.982045 104498 sgemm sgemm CUDA3 1.167182 104538 40
CPU12 45.041561 104499 sgemm sgemm CUDA3 0.056229 104539 40
CPU4 45.215579 104500 sgemm sgemm CUDA2 1.262988 104540 40
CPU8 45.307569 104501 sgemm sgemm CUDA3 1.226114 104541 40
CPU7 45.044493 104502 sgemm sgemm CUDA3 0.072656 104542 40
CPU18 44.654449 104503 sgemm sgemm CUDA3 1.047116 104543 40
CPU10 45.325778 104504 sgemm sgemm CUDA3 1.234474 104544 40
CPU4 44.979281 104505 sgemm sgemm CUDA2 0.993264 104545 40
CPU8 24.786251 104508 ssyrk ssyrk CPU15 97.786103 104548 40
CPU5 44.867856 104509 sgemm sgemm CUDA1 1.007989 104549 40
CPU12 45.376131 104510 sgemm sgemm CUDA1 1.009380 104550 40
CPU10 45.053292 104511 sgemm sgemm CUDA1 0.093911 104551 40
CPU8 44.630445 104512 sgemm sgemm CUDA0 1.218356 104552 40
CPU10 44.971839 104513 sgemm sgemm CUDA0 1.225914 104553 40
CPU12 45.183294 104514 sgemm sgemm CUDA1 12.756633 104554 40
CPU11 44.971101 104515 sgemm sgemm CUDA1 1.051595 104555 40
CPU19 45.031583 104516 sgemm sgemm CUDA1 12.475562 104556 40
CPU5 44.971601 104517 sgemm sgemm CUDA1 1.174627 104557 40
CPU0 45.165113 104518 sgemm sgemm CUDA1 1.180605 104558 40
CPU11 44.894163 104519 sgemm sgemm CUDA1 1.020552 104559 40
CPU14 45.260290 104520 sgemm sgemm CUDA0 1.012146 104560 40
CPU12 44.437046 104521 sgemm sgemm CUDA1 1.002122 104561 40
CPU1 44.878294 104522 sgemm sgemm CUDA1 1.000051 104562 40
CPU13 45.123802 104523 sgemm sgemm CUDA0 0.147708 104563 40
CPU6 45.291566 104524 sgemm sgemm CUDA3 1.170133 104564 40
CPU12 44.821359 104525 sgemm sgemm CUDA3 1.048904 104565 40
CPU7 44.959419 104526 sgemm sgemm CUDA3 1.000228 104566 40
CPU16 44.955832 104527 sgemm sgemm CUDA3 11.692365 104567 40
CPU15 45.112270 104528 sgemm sgemm CUDA1 0.989616 104568 40
CPU4 44.549613 104529 sgemm sgemm CUDA1 1.000000 104569 40
CPU0 45.727282 104530 sgemm sgemm CUDA2 0.997416 104570 40
CPU13 44.941206 104531 sgemm sgemm CUDA3 0.098927 104571 40
CPU7 44.451944 104532 sgemm sgemm CUDA2 1.165240 104572 40
CPU13 45.089424 104533 sgemm sgemm CUDA3 3.550286 104573 40
CPU10 44.965208 104534 sgemm sgemm CUDA2 0.996689 104574 40
CPU10 45.440284 104535 sgemm sgemm CUDA1 1.168198 104575 40
CPU19 44.935179 104536 sgemm sgemm CUDA2 0.995357 104576 40
CPU3 44.903898 104537 sgemm sgemm CUDA3 1.168330 104577 40
CPU12 45.135335 104538 sgemm sgemm CUDA2 0.994035 104578 40
CPU6 45.451166 104539 sgemm sgemm CUDA2 1.166296 104579 40
CPU8 45.025588 104540 sgemm sgemm CUDA3 0.999553 104580 40
CPU4 45.195187 104541 sgemm sgemm CUDA3 0.995701 104581 40
CPU3 45.195994 104542 sgemm sgemm CUDA3 0.995489 104582 40
CPU4 45.190751 104543 sgemm sgemm CUDA3 1.165522 104583 40
CPU4 44.871284 104544 sgemm sgemm CUDA2 1.003074 104584 40
CPU18 24.937896 104547 ssyrk ssyrk CPU21 97.773746 104587 40
CPU18 44.979143 104548 sgemm sgemm CUDA1 12.923433 104588 40
CPU3 44.910622 104549 sgemm sgemm CUDA1 1.006010 104589 40
CPU4 44.876270 104550 sgemm sgemm CUDA1 0.999459 104590 40
CPU0 45.258027 104551 sgemm sgemm CPU -1 104591 40
CPU18 44.971593 104552 sgemm sgemm CUDA1 1.173065 104592 40
CPU10 44.928725 104553 sgemm sgemm CUDA2 1.170711 104593 40
CPU2 44.958205 104554 sgemm sgemm CUDA1 1.008240 104594 40
CPU0 44.877295 104555 sgemm sgemm CUDA2 1.009520 104595 40
CPU15 45.264116 104556 sgemm sgemm CUDA1 1.007423 104596 40
CPU13 44.923718 104557 sgemm sgemm CUDA1 1.172856 104597 40
CPU15 45.042771 104558 sgemm sgemm CUDA3 12.920419 104598 40
CPU2 44.805325 104559 sgemm sgemm CUDA1 1.231428 104599 40
CPU3 44.362521 104560 sgemm sgemm CUDA2 0.995146 104600 40
CPU4 45.344340 104561 sgemm sgemm CUDA3 1.280241 104601 40
CPU19 45.138316 104562 sgemm sgemm CUDA3 1.166742 104602 40
CPU11 44.727244 104563 sgemm sgemm CUDA3 1.161474 104603 40
CPU9 44.963710 104564 sgemm sgemm CUDA3 0.994572 104604 40
CPU7 44.869015 104565 sgemm sgemm CUDA2 0.993533 104605 40
CPU10 45.101178 104566 sgemm sgemm CUDA2 0.993977 104606 40
CPU3 44.631784 104567 sgemm sgemm CUDA1 1.165448 104607 40
CPU9 45.169076 104568 sgemm sgemm CUDA2 1.167394 104608 40
CPU16 44.966882 104569 sgemm sgemm CUDA3 1.166024 104609 40
CPU0 45.117251 104570 sgemm sgemm CUDA2 1.168748 104610 40
CPU13 45.463723 104571 sgemm sgemm CUDA3 1.004686 104611 40
CPU0 45.442078 104572 sgemm sgemm CUDA2 1.167405 104612 40
CPU4 45.140483 104573 sgemm sgemm CUDA3 1.170863 104613 40
CPU18 44.734853 104574 sgemm sgemm CUDA2 0.996087 104614 40
CPU9 44.876781 104575 sgemm sgemm CUDA2 1.008132 104615 40
CPU9 45.093858 104576 sgemm sgemm CUDA2 1.278665 104616 40
CPU3 45.257465 104577 sgemm sgemm CUDA2 1.162965 104617 40
CPU3 45.128281 104578 sgemm sgemm CUDA3 1.261822 104618 40
CPU7 44.969258 104579 sgemm sgemm CUDA3 0.999560 104619 40
CPU10 45.289538 104580 sgemm sgemm CUDA3 1.002102 104620 40
CPU12 44.979862 104581 sgemm sgemm CUDA3 1.000815 104621 40
CPU0 45.085554 104582 sgemm sgemm CUDA2 1.155209 104622 40
CPU18 25.178122 104585 ssyrk ssyrk CPU11 97.958670 104625 40
CPU2 44.964418 104586 sgemm sgemm CUDA1 1.048456 104626 40
CPU0 45.009924 104587 sgemm sgemm CPU12 190.525925 104627 40
CPU8 44.739944 104588 sgemm sgemm CUDA1 1.179429 104628 40
CPU0 44.669179 104589 sgemm sgemm CUDA1 1.056281 104629 40
CPU11 45.034395 104590 sgemm sgemm CUDA2 1.178313 104630 40
CPU11 45.210731 104591 sgemm sgemm CUDA1 1.007349 104631 40
CPU3 44.838202 104592 sgemm sgemm CUDA1 1.006706 104632 40
CPU12 45.450204 104593 sgemm sgemm CUDA1 1.050292 104633 40
CPU13 45.085693 104594 sgemm sgemm CUDA1 12.129518 104634 40
CPU16 45.214110 104595 sgemm sgemm CUDA2 0.065509 104635 40
CPU8 44.800865 104596 sgemm sgemm CUDA2 1.160657 104636 40
CPU11 45.133008 104597 sgemm sgemm CUDA2 1.335223 104637 40
CPU15 45.103445 104598 sgemm sgemm CUDA0 0.999774 104638 40
CPU8 45.020171 104599 sgemm sgemm CUDA2 1.159235 104639 40
CPU15 44.982104 104600 sgemm sgemm CUDA1 1.168023 104640 40
CPU8 44.702308 104601 sgemm sgemm CUDA1 0.996887 104641 40
CPU12 45.199255 104602 sgemm sgemm CUDA2 0.996446 104642 40
CPU18 45.102240 104603 sgemm sgemm CUDA2 1.202311 104643 40
CPU8 44.613036 104604 sgemm sgemm CUDA1 1.255230 104644 40
CPU12 45.175873 104605 sgemm sgemm CUDA2 1.260141 104645 40
CPU15 45.019422 104606 sgemm sgemm CUDA0 0.995434 104646 40
CPU3 44.473002 104607 sgemm sgemm CUDA2 1.169891 104647 40
CPU8 45.060560 104608 sgemm sgemm CUDA0 1.225797 104648 40
CPU17 45.091108 104609 sgemm sgemm CUDA2 12.227005 104649 40
CPU6 45.282961 104610 sgemm sgemm CUDA1 0.988624 104650 40
CPU18 44.748594 104611 sgemm sgemm CUDA2 1.163009 104651 40
CPU5 44.982892 104612 sgemm sgemm CUDA2 0.994903 104652 40
CPU9 44.668018 104613 sgemm sgemm CUDA1 1.210468 104653 40
CPU7 44.910896 104614 sgemm sgemm CUDA2 1.001932 104654 40
CPU0 45.220705 104615 sgemm sgemm CUDA2 1.001183 104655 40
CPU4 44.911182 104616 sgemm sgemm CUDA0 12.337765 104656 40
CPU11 44.892741 104617 sgemm sgemm CUDA0 0.073513 104657 40
CPU11 44.983451 104618 sgemm sgemm CUDA2 1.197869 104658 40
CPU2 44.569291 104619 sgemm sgemm CUDA2 1.165787 104659 40
CPU5 25.015311 104622 ssyrk ssyrk CPU -1 104662 40
CPU5 44.776549 104623 sgemm sgemm CUDA1 0.999670 104663 40
CPU9 44.941603 104624 sgemm sgemm CUDA0 1.000818 104664 40
CPU2 45.017054 104625 sgemm sgemm CUDA1 1.010571 104665 40
CPU10 44.934507 104626 sgemm sgemm CUDA2 1.006969 104666 40
CPU6 45.299831 104627 sgemm sgemm CUDA1 1.007010 104667 40
CPU4 45.046744 104628 sgemm sgemm CUDA2 0.998609 104668 40
CPU15 44.954024 104629 sgemm sgemm CUDA1 1.277599 104669 40
CPU12 44.854810 104630 sgemm sgemm CUDA1 0.997792 104670 40
CPU14 45.044453 104631 sgemm sgemm CUDA3 0.996703 104671 40
CPU18 44.745516 104632 sgemm sgemm CUDA2 1.002832 104672 40
CPU0 45.375711 104633 sgemm sgemm CUDA2 0.988761 104673 40
CPU14 44.672243 104634 sgemm sgemm CUDA3 0.987272 104674 40
CPU13 45.093067 104635 sgemm sgemm CUDA3 1.001313 104675 40
CPU12 44.862704 104636 sgemm sgemm CUDA3 1.242714 104676 40
CPU10 45.003041 104637 sgemm sgemm CUDA1 4.462116 104677 40
CPU2 44.913673 104638 sgemm sgemm CUDA3 1.107520 104678 40
CPU12 44.960898 104639 sgemm sgemm CUDA2 1.219467 104679 40
CPU4 44.615471 104640 sgemm sgemm CUDA1 1.167063 104680 40
CPU13 44.910283 104641 sgemm sgemm CUDA2 1.164034 104681 40
CPU9 45.012047 104642 sgemm sgemm CUDA3 1.167424 104682 40
CPU4 44.928609 104643 sgemm sgemm CUDA2 0.122711 104683 40
CPU1 44.984044 104644 sgemm sgemm CUDA0 1.007725 104684 40
CPU16 44.888971 104645 sgemm sgemm CUDA2 1.163429 104685 40
CPU0 44.898507 104646 sgemm sgemm CUDA2 1.001498 104686 40
CPU19 44.715813 104647 sgemm sgemm CUDA2 1.203965 104687 40
CPU0 45.113238 104648 sgemm sgemm CUDA2 0.999543 104688 40
CPU7 45.248190 104649 sgemm sgemm CUDA1 1.165989 104689 40
CPU4 45.295669 104650 sgemm sgemm CUDA2 1.170059 104690 40
CPU7 45.153952 104651 sgemm sgemm CUDA3 0.990980 104691 40
CPU13 44.949828 104652 sgemm sgemm CUDA3 1.000301 104692 40
CPU12 44.936693 104653 sgemm sgemm CUDA3 0.994396 104693 40
CPU12 44.992718 104654 sgemm sgemm CUDA2 1.117441 104694 40
CPU6 45.151759 104655 sgemm sgemm CUDA2 1.258069 104695 40
CPU6 25.230162 104658 ssyrk ssyrk CPU -1 104698 40
CPU6 44.606786 104659 sgemm sgemm CUDA1 1.005743 104699 40
CPU9 44.644174 104660 sgemm sgemm CUDA1 1.173662 104700 40
CPU11 44.749055 104661 sgemm sgemm CUDA2 1.313841 104701 40
CPU16 44.875870 104662 sgemm sgemm CUDA1 1.175573 104702 40
CPU3 44.880599 104663 sgemm sgemm CUDA2 1.167051 104703 40
CPU14 45.223183 104664 sgemm sgemm CUDA2 1.165402 104704 40
CPU10 45.117871 104665 sgemm sgemm CUDA1 0.159322 104705 40
CPU11 44.879680 104666 sgemm sgemm CUDA2 1.171959 104706 40
CPU6 45.048305 104667 sgemm sgemm CUDA2 0.997398 104707 40
CPU9 44.862791 104668 sgemm sgemm CUDA2 1.165761 104708 40
CPU15 44.792615 104669 sgemm sgemm CUDA0 1.172877 104709 40
CPU6 45.296944 104670 sgemm sgemm CUDA2 1.145423 104710 40
CPU4 45.411596 104671 sgemm sgemm CUDA1 1.168376 104711 40
CPU11 45.081004 104672 sgemm sgemm CUDA1 1.168423 104712 40
CPU15 45.139889 104673 sgemm sgemm CUDA0 0.122053 104713 40
CPU13 45.032282 104674 sgemm sgemm CUDA0 1.158041 104714 40
CPU9 44.847795 104675 sgemm sgemm CUDA0 0.055646 104715 40
CPU15 44.788562 104676 sgemm sgemm CUDA2 1.165097 104716 40
CPU10 45.074404 104677 sgemm sgemm CUDA0 0.999086 104717 40
CPU5 44.428432 104678 sgemm sgemm CUDA0 0.996113 104718 40
CPU16 44.987198 104679 sgemm sgemm CUDA3 0.989413 104719 40
CPU14 45.165982 104680 sgemm sgemm CUDA0 16.723374 104720 40
CPU1 44.967381 104681 sgemm sgemm CUDA1 1.121044 104721 40
CPU19 44.775125 104682 sgemm sgemm CUDA0 1.165065 104722 40
CPU3 44.989860 104683 sgemm sgemm CUDA2 12.952790 104723 40
CPU2 44.922203 104684 sgemm sgemm CUDA3 0.998644 104724 40
CPU12 44.957389 104685 sgemm sgemm CUDA2 1.177207 104725 40
CPU0 44.844825 104686 sgemm sgemm CUDA2 1.003175 104726 40
CPU12 44.948697 104687 sgemm sgemm CUDA3 0.988127 104727 40
CPU14 44.926588 104688 sgemm sgemm CUDA0 1.002304 104728 40
CPU6 45.105610 104689 sgemm sgemm CUDA3 1.166914 104729 40
CPU9 44.620461 104690 sgemm sgemm CUDA2 1.217322 104730 40
CPU10 25.440667 104693 ssyrk ssyrk CPU15 110.461710 104733 40
CPU7 44.809305 104694 sgemm sgemm CUDA1 1.178939 104734 40
CPU9 45.059754 104695 sgemm sgemm CUDA2 1.164555 104735 40
CPU15 44.898265 104696 sgemm sgemm CUDA1 0.998093 104736 40
CPU11 44.936948 104697 sgemm sgemm CUDA1 0.059739 104737 40
CPU11 44.945814 104698 sgemm sgemm CUDA2 1.170672 104738 40
CPU13 44.929496 104699 sgemm sgemm CUDA0 0.999035 104739 40
CPU16 44.817726 104700 sgemm sgemm CUDA3 1.167998 104740 40
CPU9 44.934719 104701 sgemm sgemm CUDA2 0.066821 104741 40
CPU8 44.719564 104702 sgemm sgemm CUDA2 1.163668 104742 40
CPU12 45.235698 104703 sgemm sgemm CUDA3 0.996645 104743 40
CPU17 45.076309 104704 sgemm sgemm CUDA2 1.240284 104744 40
CPU4 45.274728 104705 sgemm sgemm CUDA3 1.304327 104745 40
CPU15 44.816966 104706 sgemm sgemm CUDA3 1.165349 104746 40
CPU14 45.086559 104707 sgemm sgemm CUDA2 1.296343 104747 40
CPU6 45.247862 104708 sgemm sgemm CUDA2 1.160169 104748 40
CPU6 44.995731 104709 sgemm sgemm CUDA1 1.161816 104749 40
CPU9 45.060913 104710 sgemm sgemm CUDA2 0.997839 104750 40
CPU14 45.010751 104711 sgemm sgemm CUDA2 0.050900 104751 40
CPU4 44.868081 104712 sgemm sgemm CUDA2 1.242544 104752 40
CPU11 44.970283 104713 sgemm sgemm CUDA3 0.051471 104753 40
CPU5 45.055627 104714 sgemm sgemm CUDA2 8.674128 104754 40
CPU9 45.145372 104715 sgemm sgemm CUDA2 1.165418 104755 40
CPU19 44.867544 104716 sgemm sgemm CUDA2 1.281612 104756 40
CPU8 44.912322 104717 sgemm sgemm CUDA2 0.992040 104757 40
CPU6 45.164480 104718 sgemm sgemm CUDA2 1.159478 104758 40
CPU1 45.127326 104719 sgemm sgemm CUDA3 1.175338 104759 40
CPU5 44.956542 104720 sgemm sgemm CUDA3 1.155995 104760 40
CPU9 45.049242 104721 sgemm sgemm CUDA3 0.995547 104761 40
CPU9 45.083971 104722 sgemm sgemm CUDA0 1.165303 104762 40
CPU15 44.894909 104723 sgemm sgemm CUDA3 0.986705 104763 40
CPU7 44.882735 104724 sgemm sgemm CUDA3 0.997971 104764 40
CPU0 25.469093 104727 ssyrk ssyrk CPU -1 104767 40
CPU16 44.852248 104728 sgemm sgemm CUDA1 1.167237 104768 40
CPU15 44.916810 104729 sgemm sgemm CUDA1 1.166138 104769 40
CPU9 45.467885 104730 sgemm sgemm CUDA1 1.000071 104770 40
CPU9 45.093120 104731 sgemm sgemm CUDA2 1.002570 104771 40
CPU15 44.790645 104732 sgemm sgemm CUDA1 0.122190 104772 40
CPU4 45.046689 104733 sgemm sgemm CUDA2 0.052481 104773 40
CPU10 44.878942 104734 sgemm sgemm CUDA1 0.999761 104774 40
CPU12 45.264013 104735 sgemm sgemm CUDA1 0.996919 104775 40
CPU18 45.115863 104736 sgemm sgemm CUDA0 1.167653 104776 40
CPU15 44.930065 104737 sgemm sgemm CUDA3 0.999935 104777 40
CPU1 45.030051 104738 sgemm sgemm CUDA3 1.236873 104778 40
CPU13 45.180412 104739 sgemm sgemm CUDA3 0.993670 104779 40
CPU14 45.329667 104740 sgemm sgemm CUDA0 12.951269 104780 40
CPU16 44.967248 104741 sgemm sgemm CUDA0 0.996438 104781 40
CPU1 44.669329 104742 sgemm sgemm CUDA0 1.167421 104782 40
CPU6 45.028041 104743 sgemm sgemm CUDA2 1.259439 104783 40
CPU14 45.084631 104744 sgemm sgemm CUDA0 1.265845 104784 40
CPU3 44.503917 104745 sgemm sgemm CUDA0 1.049982 104785 40
CPU2 44.637844 104746 sgemm sgemm CUDA3 0.981179 104786 40
CPU5 45.036111 104747 sgemm sgemm CUDA0 0.049414 104787 40
CPU13 45.258766 104748 sgemm sgemm CUDA2 0.057384 104788 40
CPU19 45.045652 104749 sgemm sgemm CUDA0 0.136768 104789 40
CPU4 44.927163 104750 sgemm sgemm CUDA2 0.049309 104790 40
CPU13 45.076805 104751 sgemm sgemm CUDA3 0.999298 104791 40
CPU10 44.995781 104752 sgemm sgemm CUDA3 0.932524 104792 40
CPU4 44.909813 104753 sgemm sgemm CUDA2 0.992158 104793 40
CPU14 45.324659 104754 sgemm sgemm CUDA2 1.166602 104794 40
CPU12 45.072754 104755 sgemm sgemm CUDA1 0.999401 104795 40
CPU1 44.614721 104756 sgemm sgemm CUDA1 1.152152 104796 40
CPU2 44.666955 104757 sgemm sgemm CUDA3 0.071866 104797 40
CPU11 24.812192 104760 ssyrk ssyrk CPU22 97.367232 104800 40
CPU10 45.118762 104761 sgemm sgemm CUDA1 1.171395 104801 40
CPU11 44.714697 104762 sgemm sgemm CUDA1 0.120760 104802 40
CPU16 44.817083 104763 sgemm sgemm CUDA2 0.996412 104803 40
CPU13 44.879072 104764 sgemm sgemm CUDA1 1.169059 104804 40
CPU15 44.718472 104765 sgemm sgemm CUDA3 1.220949 104805 40
CPU10 45.709872 104766 sgemm sgemm CUDA2 0.996107 104806 40
CPU11 44.639199 104767 sgemm sgemm CUDA1 1.170156 104807 40
CPU10 45.979163 104768 sgemm sgemm CUDA3 0.137560 104808 40
CPU19 44.810111 104769 sgemm sgemm CUDA3 0.995791 104809 40
CPU11 44.654762 104770 sgemm sgemm CUDA3 1.244220 104810 40
CPU12 45.053644 104771 sgemm sgemm CUDA3 1.169774 104811 40
CPU16 44.918539 104772 sgemm sgemm CUDA2 0.049055 104812 40
CPU14 44.890032 104773 sgemm sgemm CUDA2 1.165337 104813 40
CPU18 45.229559 104774 sgemm sgemm CUDA1 1.000640 104814 40
CPU2 45.196037 104775 sgemm sgemm CUDA2 1.164621 104815 40
CPU12 45.172304 104776 sgemm sgemm CUDA3 0.998272 104816 40
CPU8 44.645195 104777 sgemm sgemm CUDA0 1.162390 104817 40
CPU10 45.087700 104778 sgemm sgemm CUDA0 1.160644 104818 40
CPU15 44.985039 104779 sgemm sgemm CUDA0 0.995344 104819 40
CPU7 45.261614 104780 sgemm sgemm CUDA1 1.166558 104820 40
CPU18 44.592309 104781 sgemm sgemm CUDA2 1.241029 104821 40
CPU9 44.967977 104782 sgemm sgemm CUDA2 1.166195 104822 40
CPU11 44.793844 104783 sgemm sgemm CUDA1 1.273488 104823 40
CPU4 45.540209 104784 sgemm sgemm CUDA1 1.166866 104824 40
CPU9 45.052247 104785 sgemm sgemm CUDA3 0.998805 104825 40
CPU5 44.990604 104786 sgemm sgemm CUDA2 0.995351 104826 40
CPU1 45.258274 104787 sgemm sgemm CUDA0 1.215331 104827 40
CPU2 44.886907 104788 sgemm sgemm CUDA2 1.107606 104828 40
CPU5 44.699361 104789 sgemm sgemm CUDA3 12.493862 104829 40
CPU12 25.348250 104792 ssyrk ssyrk CPU15 97.698820 104832 40
CPU12 45.087324 104793 sgemm sgemm CUDA1 0.065799 104833 40
CPU12 45.356913 104794 sgemm sgemm CUDA1 0.993454 104834 40
CPU0 45.481465 104795 sgemm sgemm CUDA1 0.999062 104835 40
CPU5 44.772466 104796 sgemm sgemm CUDA3 1.165480 104836 40
CPU13 45.146928 104797 sgemm sgemm CUDA1 0.094772 104837 40
CPU16 45.010521 104798 sgemm sgemm CUDA3 1.230429 104838 40
CPU14 45.070871 104799 sgemm sgemm CUDA3 0.994218 104839 40
CPU13 45.101345 104800 sgemm sgemm CUDA3 0.999540 104840 40
CPU16 44.795580 104801 sgemm sgemm CUDA3 1.289212 104841 40
CPU19 45.338441 104802 sgemm sgemm CUDA1 1.232879 104842 40
CPU14 45.133714 104803 sgemm sgemm CUDA3 1.170198 104843 40
CPU0 45.062713 104804 sgemm sgemm CUDA0 1.149692 104844 40
CPU10 45.105082 104805 sgemm sgemm CUDA1 0.993311 104845 40
CPU12 44.903659 104806 sgemm sgemm CUDA1 1.173368 104846 40
CPU8 44.889959 104807 sgemm sgemm CUDA3 1.171767 104847 40
CPU9 44.758767 104808 sgemm sgemm CUDA0 1.242131 104848 40
CPU2 44.917789 104809 sgemm sgemm CUDA0 0.997663 104849 40
CPU9 45.056621 104810 sgemm sgemm CUDA0 1.266291 104850 40
CPU3 44.934839 104811 sgemm sgemm CUDA3 1.168348 104851 40
CPU18 45.010503 104812 sgemm sgemm CUDA0 12.876438 104852 40
CPU5 45.001453 104813 sgemm sgemm CUDA3 0.897654 104853 40
CPU8 45.253888 104814 sgemm sgemm CUDA3 1.052877 104854 40
CPU11 44.773113 104815 sgemm sgemm CUDA3 1.162235 104855 40
CPU6 45.166298 104816 sgemm sgemm CUDA3 0.995154 104856 40
CPU8 45.057867 104817 sgemm sgemm CUDA3 1.163375 104857 40
CPU8 44.894344 104818 sgemm sgemm CUDA0 1.222820 104858 40
CPU8 44.810062 104819 sgemm sgemm CUDA1 0.087078 104859 40
CPU0 45.014373 104820 sgemm sgemm CUDA3 0.994866 104860 40
CPU2 24.986314 104823 ssyrk ssyrk CPU35 97.964542 104863 40
CPU16 44.979051 104824 sgemm sgemm CUDA2 0.995205 104864 40
CPU16 44.973141 104825 sgemm sgemm CUDA0 1.008618 104865 40
CPU11 44.853155 104826 sgemm sgemm CUDA2 1.001577 104866 40
CPU7 44.963490 104827 sgemm sgemm CUDA2 1.166762 104867 40
CPU5 44.648406 104828 sgemm sgemm CUDA3 0.141551 104868 40
CPU13 45.009905 104829 sgemm sgemm CUDA0 1.166238 104869 40
CPU8 45.037626 104830 sgemm sgemm CUDA3 0.087080 104870 40
CPU14 45.133081 104831 sgemm sgemm CUDA3 1.169767 104871 40
CPU14 45.176867 104832 sgemm sgemm CUDA1 0.993651 104872 40
CPU5 44.731696 104833 sgemm sgemm CUDA0 1.163456 104873 40
CPU16 45.337999 104834 sgemm sgemm CUDA2 1.166826 104874 40
CPU7 45.047308 104835 sgemm sgemm CUDA1 0.990853 104875 40
CPU4 45.235322 104836 sgemm sgemm CUDA2 0.079536 104876 40
CPU12 45.212862 104837 sgemm sgemm CUDA2 0.994204 104877 40
CPU1 44.876268 104838 sgemm sgemm CUDA2 0.108010 104878 40
CPU8 44.801024 104839 sgemm sgemm CUDA0 0.134274 104879 40
CPU8 45.866902 104840 sgemm sgemm CUDA0 0.993696 104880 40
CPU4 45.343069 104841 sgemm sgemm CUDA2 1.175172 104881 40
CPU18 44.652763 104842 sgemm sgemm CUDA0 12.918028 104882 40
CPU1 44.994482 104843 sgemm sgemm CUDA3 1.215276 104883 40
CPU5 45.069265 104844 sgemm sgemm CUDA2 1.167277 104884 40
CPU17 44.942724 104845 sgemm sgemm CUDA3 1.168455 104885 40
CPU8 45.196570 104846 sgemm sgemm CUDA3 1.108447 104886 40
CPU7 45.329102 104847 sgemm sgemm CUDA2 1.001680 104887 40
CPU4 45.066166 104848 sgemm sgemm CUDA3 1.160956 104888 40
CPU8 44.784206 104849 sgemm sgemm CUDA2 1.161202 104889 40
CPU6 45.119005 104850 sgemm sgemm CUDA3 0.985238 104890 40
CPU0 25.306972 104853 ssyrk ssyrk CPU14 110.158323 104893 40
CPU13 45.000616 104854 sgemm sgemm CUDA1 0.991318 104894 40
CPU11 45.043570 104855 sgemm sgemm CUDA3 1.163509 104895 40
CPU14 45.077679 104856 sgemm sgemm CUDA2 1.168015 104896 40
CPU7 44.773919 104857 sgemm sgemm CUDA3 0.052813 104897 40
CPU0 45.163405 104858 sgemm sgemm CUDA3 0.991348 104898 40
CPU15 44.854451 104859 sgemm sgemm CUDA3 0.112450 104899 40
CPU3 44.846191 104860 sgemm sgemm CUDA3 1.161661 104900 40
CPU2 44.485405 104861 sgemm sgemm CUDA3 1.170315 104901 40
CPU15 45.180251 104862 sgemm sgemm CUDA3 0.986086 104902 40
CPU19 45.211165 104863 sgemm sgemm CUDA2 1.226589 104903 40
CPU0 45.008597 104864 sgemm sgemm CUDA1 0.999441 104904 40
CPU3 44.877307 104865 sgemm sgemm CUDA1 0.996445 104905 40
CPU0 45.097763 104866 sgemm sgemm CUDA3 1.231077 104906 40
CPU2 44.866299 104867 sgemm sgemm CUDA2 0.944372 104907 40
CPU4 44.846758 104868 sgemm sgemm CUDA3 0.993986 104908 40
CPU11 44.848297 104869 sgemm sgemm CUDA2 1.001112 104909 40
CPU7 45.156149 104870 sgemm sgemm CUDA2 6.141957 104910 40
CPU18 44.987281 104871 sgemm sgemm CUDA2 1.160033 104911 40
CPU6 45.197850 104872 sgemm sgemm CUDA2 0.996858 104912 40
CPU15 45.024134 104873 sgemm sgemm CUDA2 0.984144 104913 40
CPU16 45.045009 104874 sgemm sgemm CUDA1 1.157603 104914 40
CPU2 44.779383 104875 sgemm sgemm CUDA2 1.003276 104915 40
CPU3 44.721739 104876 sgemm sgemm CUDA2 1.159642 104916 40
CPU15 44.953885 104877 sgemm sgemm CUDA2 0.996996 104917 40
CPU0 45.210541 104878 sgemm sgemm CUDA1 0.991324 104918 40
CPU9 44.644501 104879 sgemm sgemm CUDA3 1.001274 104919 40
CPU13 25.004284 104882 ssyrk ssyrk CPU21 97.312501 104922 40
CPU13 45.064328 104883 sgemm sgemm CUDA0 1.204510 104923 40
CPU15 44.948432 104884 sgemm sgemm CUDA1 1.168668 104924 40
CPU10 44.922735 104885 sgemm sgemm CUDA1 0.999355 104925 40
CPU5 45.350026 104886 sgemm sgemm CUDA3 1.175643 104926 40
CPU13 44.941916 104887 sgemm sgemm CUDA3 0.993525 104927 40
CPU3 45.173881 104888 sgemm sgemm CUDA3 1.177527 104928 40
CPU15 45.027756 104889 sgemm sgemm CUDA1 1.261039 104929 40
CPU16 44.974075 104890 sgemm sgemm CUDA3 1.001458 104930 40
CPU4 45.142250 104891 sgemm sgemm CUDA0 0.992771 104931 40
CPU15 44.776117 104892 sgemm sgemm CUDA0 0.998993 104932 40
CPU9 45.471036 104893 sgemm sgemm CUDA1 1.159189 104933 40
CPU3 45.517421 104894 sgemm sgemm CUDA0 12.849743 104934 40
CPU12 44.920285 104895 sgemm sgemm CUDA0 0.981003 104935 40
CPU15 45.048153 104896 sgemm sgemm CUDA0 1.170040 104936 40
CPU6 45.377491 104897 sgemm sgemm CUDA2 1.164650 104937 40
CPU13 44.820737 104898 sgemm sgemm CUDA2 0.055149 104938 40
CPU19 44.943816 104899 sgemm sgemm CUDA0 0.984188 104939 40
CPU4 44.915285 104900 sgemm sgemm CUDA3 1.159721 104940 40
CPU7 45.254319 104901 sgemm sgemm CUDA1 0.999436 104941 40
CPU2 45.245610 104902 sgemm sgemm CUDA1 1.159330 104942 40
CPU10 44.949454 104903 sgemm sgemm CUDA2 0.073889 104943 40
CPU1 45.286829 104904 sgemm sgemm CUDA3 1.176176 104944 40
CPU16 44.866540 104905 sgemm sgemm CUDA2 0.998043 104945 40
CPU4 45.149073 104906 sgemm sgemm CUDA1 0.999147 104946 40
CPU8 44.772549 104907 sgemm sgemm CUDA3 1.160044 104947 40
CPU6 25.216461 104910 ssyrk ssyrk CPU -1 104950 40
CPU8 44.866614 104911 sgemm sgemm CUDA3 1.051359 104951 40
CPU5 44.684033 104912 sgemm sgemm CUDA1 0.993490 104952 40
CPU9 44.876568 104913 sgemm sgemm CUDA3 0.995759 104953 40
CPU17 45.103584 104914 sgemm sgemm CUDA1 0.991430 104954 40
CPU12 44.895134 104915 sgemm sgemm CUDA1 1.162266 104955 40
CPU14 45.119068 104916 sgemm sgemm CUDA3 1.164038 104956 40
CPU11 45.314758 104917 sgemm sgemm CUDA0 0.994751 104957 40
CPU0 45.497672 104918 sgemm sgemm CUDA0 1.165292 104958 40
CPU7 44.880286 104919 sgemm sgemm CUDA0 1.171398 104959 40
CPU1 45.379094 104920 sgemm sgemm CUDA1 1.260482 104960 40
CPU10 44.957455 104921 sgemm sgemm CUDA3 1.169070 104961 40
CPU7 44.766211 104922 sgemm sgemm CUDA0 0.999956 104962 40
CPU3 44.924648 104923 sgemm sgemm CUDA3 0.990739 104963 40
CPU19 45.304478 104924 sgemm sgemm CUDA0 1.166206 104964 40
CPU16 45.164859 104925 sgemm sgemm CUDA2 0.996200 104965 40
CPU18 44.701044 104926 sgemm sgemm CUDA2 1.000037 104966 40
CPU9 44.974472 104927 sgemm sgemm CUDA1 0.981935 104967 40
CPU17 44.847910 104928 sgemm sgemm CUDA1 1.237833 104968 40
CPU14 45.165242 104929 sgemm sgemm CUDA3 1.008230 104969 40
CPU5 45.137064 104930 sgemm sgemm CUDA3 1.163091 104970 40
CPU11 44.655831 104931 sgemm sgemm CUDA3 7.775307 104971 40
CPU8 45.001547 104932 sgemm sgemm CUDA0 0.994450 104972 40
CPU19 45.155712 104933 sgemm sgemm CUDA1 1.397095 104973 40
CPU6 44.849370 104934 sgemm sgemm CUDA3 0.991632 104974 40
CPU13 25.250913 104937 ssyrk ssyrk CPU11 101.861209 104977 40
CPU10 45.306433 104938 sgemm sgemm CUDA3 1.236980 104978 40
CPU1 45.043448 104939 sgemm sgemm CUDA3 1.168811 104979 40
CPU19 45.026637 104940 sgemm sgemm CUDA2 0.999202 104980 40
CPU16 44.923018 104941 sgemm sgemm CUDA3 1.167098 104981 40
CPU0 45.169831 104942 sgemm sgemm CUDA1 0.994082 104982 40
CPU13 45.125204 104943 sgemm sgemm CUDA2 1.117367 104983 40
CPU7 45.109789 104944 sgemm sgemm CUDA2 9.517004 104984 40
CPU19 45.120472 104945 sgemm sgemm CUDA1 1.000583 104985 40
CPU13 44.977420 104946 sgemm sgemm CUDA2 1.168862 104986 40
CPU0 45.364015 104947 sgemm sgemm CUDA2 1.001036 104987 40
CPU8 44.843526 104948 sgemm sgemm CUDA3 1.173058 104988 40
CPU11 45.042851 104949 sgemm sgemm CUDA3 1.283778 104989 40
CPU13 44.827199 104950 sgemm sgemm CUDA2 1.162563 104990 40
CPU12 45.079187 104951 sgemm sgemm CUDA2 1.170523 104991 40
CPU18 44.609576 104952 sgemm sgemm CUDA3 1.227900 104992 40
CPU8 44.942651 104953 sgemm sgemm CUDA2 1.230554 104993 40
CPU1 44.985863 104954 sgemm sgemm CUDA2 1.266239 104994 40
CPU16 44.866641 104955 sgemm sgemm CUDA2 1.199701 104995 40
CPU3 45.307784 104956 sgemm sgemm CUDA2 0.994209 104996 40
CPU6 45.195206 104957 sgemm sgemm CUDA2 1.000350 104997 40
CPU1 44.899614 104958 sgemm sgemm CUDA2 1.169747 104998 40
CPU15 44.942251 104959 sgemm sgemm CUDA3 1.157688 104999 40
CPU7 44.824906 104960 sgemm sgemm CUDA2 0.997776 105000 40
CPU1 24.994052 104963 ssyrk ssyrk CPU26 111.551553 105003 40
CPU15 44.860206 104964 sgemm sgemm CUDA3 1.167528 105004 40
CPU19 45.817058 104965 sgemm sgemm CUDA2 0.089648 105005 40
CPU11 44.830106 104966 sgemm sgemm CUDA3 1.235641 105006 40
CPU15 44.767706 104967 sgemm sgemm CUDA3 0.998745 105007 40
CPU16 45.219799 104968 sgemm sgemm CUDA2 0.996157 105008 40
CPU19 45.294556 104969 sgemm sgemm CUDA2 0.166487 105009 40
CPU10 45.232107 104970 sgemm sgemm CUDA1 0.997927 105010 40
CPU4 45.251843 104971 sgemm sgemm CUDA2 0.054219 105011 40
CPU1 45.174408 104972 sgemm sgemm CUDA3 4.304492 105012 40
CPU1 44.810318 104973 sgemm sgemm CUDA0 1.000734 105013 40
CPU14 44.981064 104974 sgemm sgemm CUDA2 0.994100 105014 40
CPU13 44.851900 104975 sgemm sgemm CUDA2 1.167797 105015 40
CPU15 44.649421 104976 sgemm sgemm CUDA3 1.149285 105016 40
CPU19 45.008682 104977 sgemm sgemm CUDA0 0.997494 105017 40
CPU0 45.093765 104978 sgemm sgemm CUDA3 0.993442 105018 40
CPU15 44.672306 104979 sgemm sgemm CUDA2 11.029460 105019 40
CPU14 44.834931 104980 sgemm sgemm CUDA1 0.069076 105020 40
CPU11 44.738468 104981 sgemm sgemm CUDA2 0.993404 105021 40
CPU13 45.011257 104982 sgemm sgemm CUDA0 0.994157 105022 40
CPU10 44.995602 104983 sgemm sgemm CUDA2 0.998470 105023 40
CPU14 44.873270 104984 sgemm sgemm CUDA3 1.005554 105024 40
CPU7 44.699595 104985 sgemm sgemm CUDA2 0.998044 105025 40
CPU16 24.824542 104988 ssyrk ssyrk CPU26 97.807222 105028 40
CPU5 45.289347 104989 sgemm sgemm CUDA3 1.168912 105029 40
CPU6 45.343269 104990 sgemm sgemm CUDA3 0.998243 105030 40
CPU11 44.987091 104991 sgemm sgemm CUDA0 0.110929 105031 40
CPU8 45.060340 104992 sgemm sgemm CUDA0 1.167366 105032 40
CPU5 45.098674 104993 sgemm sgemm CUDA2 0.077902 105033 40
CPU11 44.786835 104994 sgemm sgemm CUDA0 0.995972 105034 40
CPU19 44.672843 104995 sgemm sgemm CUDA0 1.209466 105035 40
CPU14 44.950055 104996 sgemm sgemm CUDA0 1.066988 105036 40
CPU6 45.216252 104997 sgemm sgemm CUDA2 0.996355 105037 40
CPU16 45.283929 104998 sgemm sgemm CUDA2 1.165442 105038 40
CPU4 45.760262 104999 sgemm sgemm CUDA2 4.549074 105039 40
CPU13 44.810501 105000 sgemm sgemm CUDA2 0.058439 105040 40
CPU18 44.817423 105001 sgemm sgemm CUDA0 1.166369 105041 40
CPU2 44.993111 105002 sgemm sgemm CUDA3 1.171565 105042 40
CPU14 44.636743 105003 sgemm sgemm CUDA2 0.997944 105043 40
CPU1 45.384168 105004 sgemm sgemm CUDA3 1.167025 105044 40
CPU2 45.298464 105005 sgemm sgemm CUDA2 0.118918 105045 40
CPU10 45.128651 105006 sgemm sgemm CUDA0 0.998042 105046 40
CPU13 44.721284 105007 sgemm sgemm CUDA2 0.123260 105047 40
CPU6 45.138621 105008 sgemm sgemm CUDA2 0.049158 105048 40
CPU4 45.023341 105009 sgemm sgemm CUDA2 0.059255 105049 40
CPU17 25.141119 105012 ssyrk ssyrk CPU25 97.361024 105052 40
CPU12 45.014395 105013 sgemm sgemm CUDA2 1.170068 105053 40
CPU7 45.035072 105014 sgemm sgemm CUDA3 0.084721 105054 40
CPU12 45.032972 105015 sgemm sgemm CUDA3 1.169034 105055 40
CPU2 45.048159 105016 sgemm sgemm CUDA2 1.000473 105056 40
CPU0 45.533282 105017 sgemm sgemm CUDA1 1.213676 105057 40
CPU2 45.325883 105018 sgemm sgemm CUDA2 1.000121 105058 40
CPU13 44.726853 105019 sgemm sgemm CUDA3 1.174284 105059 40
CPU16 44.857852 105020 sgemm sgemm CUDA3 1.002316 105060 40
CPU5 45.030865 105021 sgemm sgemm CUDA2 1.209348 105061 40
CPU14 44.887443 105022 sgemm sgemm CUDA2 1.168114 105062 40
CPU2 45.602168 105023 sgemm sgemm CUDA1 37.391702 105063 40
CPU10 44.902347 105024 sgemm sgemm CUDA3 0.995061 105064 40
CPU14 44.745714 105025 sgemm sgemm CUDA3 1.000879 105065 40
CPU6 45.282591 105026 sgemm sgemm CUDA3 1.165004 105066 40
CPU2 45.245245 105027 sgemm sgemm CUDA2 0.992526 105067 40
CPU6 45.559485 105028 sgemm sgemm CUDA3 1.172742 105068 40
CPU15 44.656339 105029 sgemm sgemm CUDA3 1.009292 105069 40
CPU6 45.086488 105030 sgemm sgemm CUDA2 0.998673 105070 40
CPU11 44.683823 105031 sgemm sgemm CUDA1 1.177051 105071 40
CPU17 45.107568 105032 sgemm sgemm CUDA3 0.999809 105072 40
CPU7 25.764346 105035 ssyrk ssyrk CPU14 104.259994 105075 40
CPU16 44.819902 105036 sgemm sgemm CUDA3 13.005710 105076 40
CPU0 45.222730 105037 sgemm sgemm CUDA2 1.172395 105077 40
CPU5 45.176038 105038 sgemm sgemm CUDA2 1.166079 105078 40
CPU3 45.377611 105039 sgemm sgemm CUDA0 1.162720 105079 40
CPU3 45.471582 105040 sgemm sgemm CUDA0 1.166746 105080 40
CPU10 45.113229 105041 sgemm sgemm CUDA3 1.000279 105081 40
CPU7 44.959512 105042 sgemm sgemm CUDA0 0.998373 105082 40
CPU11 44.826473 105043 sgemm sgemm CUDA2 0.999292 105083 40
CPU3 45.647291 105044 sgemm sgemm CUDA3 1.166754 105084 40
CPU11 44.727406 105045 sgemm sgemm CUDA3 1.230403 105085 40
CPU18 44.443671 105046 sgemm sgemm CUDA0 1.043516 105086 40
CPU3 45.134398 105047 sgemm sgemm CUDA3 0.994266 105087 40
CPU1 45.070355 105048 sgemm sgemm CUDA2 1.220530 105088 40
CPU1 45.397769 105049 sgemm sgemm CUDA1 1.172846 105089 40
CPU1 45.424865 105050 sgemm sgemm CUDA2 1.002812 105090 40
CPU12 44.763506 105051 sgemm sgemm CUDA2 1.112998 105091 40
CPU14 45.217729 105052 sgemm sgemm CUDA0 1.170624 105092 40
CPU16 45.093812 105053 sgemm sgemm CUDA2 1.294464 105093 40
CPU4 44.976059 105054 sgemm sgemm CUDA2 1.002741 105094 40
CPU6 24.915592 105057 ssyrk ssyrk CPU -1 105097 40
CPU16 45.093403 105058 sgemm sgemm CUDA3 1.146612 105098 40
CPU13 45.396062 105059 sgemm sgemm CUDA0 1.005228 105099 40
CPU2 44.375851 105060 sgemm sgemm CUDA0 0.154435 105100 40
CPU10 45.140300 105061 sgemm sgemm CUDA1 1.165941 105101 40
CPU8 45.044548 105062 sgemm sgemm CUDA0 0.999141 105102 40
CPU1 44.538330 105063 sgemm sgemm CUDA0 0.211302 105103 40
CPU0 45.493609 105064 sgemm sgemm CUDA0 1.165534 105104 40
CPU14 45.127589 105065 sgemm sgemm CUDA3 0.988501 105105 40
CPU4 45.037288 105066 sgemm sgemm CUDA1 1.156078 105106 40
CPU18 44.674411 105067 sgemm sgemm CUDA3 1.158793 105107 40
CPU5 44.566788 105068 sgemm sgemm CUDA1 0.103362 105108 40
CPU16 45.561982 105069 sgemm sgemm CUDA3 0.997109 105109 40
CPU12 45.155083 105070 sgemm sgemm CUDA3 1.162276 105110 40
CPU8 44.448304 105071 sgemm sgemm CUDA1 1.000467 105111 40
CPU7 44.947967 105072 sgemm sgemm CUDA3 1.162657 105112 40
CPU6 44.991449 105073 sgemm sgemm CUDA3 1.000018 105113 40
CPU15 45.064724 105074 sgemm sgemm CUDA3 1.000813 105114 40
CPU5 44.580151 105075 sgemm sgemm CUDA3 23.820045 105115 40
CPU1 24.703650 105078 ssyrk ssyrk CPU23 92.176931 105118 40
CPU12 45.151766 105079 sgemm sgemm CUDA2 0.995194 105119 40
CPU1 44.843214 105080 sgemm sgemm CUDA0 12.173061 105120 40
CPU6 45.060908 105081 sgemm sgemm CUDA0 1.000802 105121 40
CPU12 45.320954 105082 sgemm sgemm CUDA3 13.005257 105122 40
CPU0 44.912376 105083 sgemm sgemm CUDA0 1.149542 105123 40
CPU8 44.815017 105084 sgemm sgemm CUDA3 1.292313 105124 40
CPU4 45.053934 105085 sgemm sgemm CUDA2 0.999059 105125 40
CPU7 45.037219 105086 sgemm sgemm CUDA2 1.161676 105126 40
CPU18 44.932336 105087 sgemm sgemm CUDA3 0.053366 105127 40
CPU2 44.895079 105088 sgemm sgemm CUDA2 0.996958 105128 40
CPU15 45.040764 105089 sgemm sgemm CUDA2 0.988009 105129 40
CPU3 45.038104 105090 sgemm sgemm CUDA3 0.078113 105130 40
CPU8 44.833295 105091 sgemm sgemm CUDA1 1.001783 105131 40
CPU9 45.043020 105092 sgemm sgemm CUDA2 8.302823 105132 40
CPU16 45.271600 105093 sgemm sgemm CUDA3 1.002265 105133 40
CPU8 44.798790 105094 sgemm sgemm CUDA1 7.047000 105134 40
CPU8 45.434867 105095 sgemm sgemm CUDA2 1.276223 105135 40
CPU12 25.374667 105098 ssyrk ssyrk CPU -1 105138 40
CPU11 44.676925 105099 sgemm sgemm CUDA0 1.168390 105139 40
CPU10 45.019690 105100 sgemm sgemm CUDA0 0.994135 105140 40
CPU3 45.090933 105101 sgemm sgemm CUDA0 1.295930 105141 40
CPU10 45.230639 105102 sgemm sgemm CUDA2 0.992365 105142 40
CPU16 44.858218 105103 sgemm sgemm CUDA2 0.067159 105143 40
CPU10 45.030713 105104 sgemm sgemm CUDA0 0.998989 105144 40
CPU5 45.000561 105105 sgemm sgemm CUDA2 1.000505 105145 40
CPU18 45.142093 105106 sgemm sgemm CUDA0 0.993003 105146 40
CPU4 44.566071 105107 sgemm sgemm CUDA2 1.164520 105147 40
CPU0 45.223906 105108 sgemm sgemm CUDA2 0.998575 105148 40
CPU12 44.974271 105109 sgemm sgemm CUDA2 16.275355 105149 40
CPU3 45.092783 105110 sgemm sgemm CUDA2 1.167140 105150 40
CPU11 44.731703 105111 sgemm sgemm CUDA0 1.165081 105151 40
CPU3 44.889562 105112 sgemm sgemm CUDA0 1.002406 105152 40
CPU14 45.122799 105113 sgemm sgemm CUDA0 1.001507 105153 40
CPU8 44.607526 105114 sgemm sgemm CUDA2 0.047533 105154 40
CPU3 24.857419 105117 ssyrk ssyrk CPU11 97.375460 105157 40
CPU9 45.075525 105118 sgemm sgemm CUDA0 1.172254 105158 40
CPU14 45.050357 105119 sgemm sgemm CUDA0 1.171163 105159 40
CPU9 44.799197 105120 sgemm sgemm CUDA0 1.157652 105160 40
CPU12 45.152518 105121 sgemm sgemm CUDA0 1.001750 105161 40
CPU9 45.172674 105122 sgemm sgemm CUDA3 1.378362 105162 40
CPU0 45.478425 105123 sgemm sgemm CUDA0 0.996920 105163 40
CPU18 44.791850 105124 sgemm sgemm CUDA3 0.696679 105164 40
CPU2 45.184391 105125 sgemm sgemm CUDA3 1.174888 105165 40
CPU9 45.042447 105126 sgemm sgemm CUDA3 0.996234 105166 40
CPU11 44.945902 105127 sgemm sgemm CUDA1 1.001126 105167 40
CPU6 45.279201 105128 sgemm sgemm CUDA1 1.231749 105168 40
CPU3 45.218983 105129 sgemm sgemm CUDA3 0.996607 105169 40
CPU12 45.326886 105130 sgemm sgemm CUDA3 0.992671 105170 40
CPU15 45.110874 105131 sgemm sgemm CUDA3 0.083905 105171 40
CPU9 44.730517 105132 sgemm sgemm CUDA3 1.219616 105172 40
CPU15 24.641059 105135 ssyrk ssyrk CPU19 81.213047 105175 40
CPU11 44.798272 105136 sgemm sgemm CUDA0 1.048469 105176 40
CPU13 44.902685 105137 sgemm sgemm CUDA2 1.001666 105177 40
CPU5 45.149640 105138 sgemm sgemm CUDA2 1.166617 105178 40
CPU2 44.995678 105139 sgemm sgemm CUDA2 0.992917 105179 40
CPU11 44.754794 105140 sgemm sgemm CUDA1 1.167461 105180 40
CPU18 44.620496 105141 sgemm sgemm CUDA2 1.108407 105181 40
CPU15 44.667480 105142 sgemm sgemm CUDA2 0.999341 105182 40
CPU16 44.636009 105143 sgemm sgemm CUDA2 1.007134 105183 40
CPU16 44.818598 105144 sgemm sgemm CUDA1 1.167699 105184 40
CPU12 45.272842 105145 sgemm sgemm CUDA2 0.999724 105185 40
CPU0 45.805482 105146 sgemm sgemm CUDA2 0.056810 105186 40
CPU7 45.116513 105147 sgemm sgemm CUDA2 1.315809 105187 40
CPU13 45.080583 105148 sgemm sgemm CUDA2 0.994865 105188 40
CPU0 45.318154 105149 sgemm sgemm CUDA2 1.162059 105189 40
CPU13 25.502842 105152 ssyrk ssyrk CPU -1 105192 40
CPU13 46.002156 105153 sgemm sgemm CUDA3 1.166564 105193 40
CPU8 45.218673 105154 sgemm sgemm CUDA3 1.165302 105194 40
CPU13 44.879921 105155 sgemm sgemm CUDA2 1.162720 105195 40
CPU10 44.659973 105156 sgemm sgemm CUDA2 1.303957 105196 40
CPU13 44.697075 105157 sgemm sgemm CUDA3 1.166749 105197 40
CPU13 44.653772 105158 sgemm sgemm CUDA3 0.997202 105198 40
CPU17 44.705911 105159 sgemm sgemm CUDA3 0.997461 105199 40
CPU6 45.448126 105160 sgemm sgemm CUDA2 8.196397 105200 40
CPU13 45.630708 105161 sgemm sgemm CUDA2 1.109911 105201 40
CPU13 44.681387 105162 sgemm sgemm CUDA2 0.991588 105202 40
CPU13 45.009622 105163 sgemm sgemm CUDA3 1.167182 105203 40
CPU10 44.979169 105164 sgemm sgemm CUDA2 1.167040 105204 40
CPU13 45.094324 105165 sgemm sgemm CUDA3 1.277511 105205 40
CPU5 24.933022 105168 ssyrk ssyrk CPU10 97.723855 105208 40
CPU11 45.060451 105169 sgemm sgemm CUDA3 12.546724 105209 40
CPU11 44.920857 105170 sgemm sgemm CUDA0 1.280085 105210 40
CPU14 45.234843 105171 sgemm sgemm CUDA2 0.997799 105211 40
CPU18 44.981288 105172 sgemm sgemm CUDA0 1.169770 105212 40
CPU1 44.302855 105173 sgemm sgemm CUDA2 1.297163 105213 40
CPU13 45.038192 105174 sgemm sgemm CUDA3 0.995611 105214 40
CPU10 45.098840 105175 sgemm sgemm CUDA2 0.060895 105215 40
CPU10 44.987437 105176 sgemm sgemm CUDA2 1.197588 105216 40
CPU4 45.224531 105177 sgemm sgemm CUDA0 1.161825 105217 40
CPU12 45.215603 105178 sgemm sgemm CUDA2 0.936206 105218 40
CPU13 45.114253 105179 sgemm sgemm CUDA0 0.996235 105219 40
CPU5 44.730877 105180 sgemm sgemm CUDA3 1.162019 105220 40
CPU9 24.804877 105183 ssyrk ssyrk CPU -1 105223 40
CPU3 45.051654 105184 sgemm sgemm CUDA2 1.002127 105224 40
CPU3 45.266308 105185 sgemm sgemm CUDA2 0.992762 105225 40
CPU8 45.167889 105186 sgemm sgemm CUDA2 0.045929 105226 40
CPU2 44.978569 105187 sgemm sgemm CUDA3 0.065005 105227 40
CPU19 45.207400 105188 sgemm sgemm CUDA2 1.160281 105228 40
CPU2 45.060713 105189 sgemm sgemm CUDA3 1.237114 105229 40
CPU6 45.071999 105190 sgemm sgemm CUDA2 0.046453 105230 40
CPU8 45.137135 105191 sgemm sgemm CUDA2 1.160643 105231 40
CPU1 44.941581 105192 sgemm sgemm CUDA3 0.988684 105232 40
CPU4 45.117750 105193 sgemm sgemm CUDA0 1.158513 105233 40
CPU6 45.010440 105194 sgemm sgemm CUDA2 0.992372 105234 40
CPU8 24.897899 105197 ssyrk ssyrk CPU -1 105237 40
CPU9 45.242360 105198 sgemm sgemm CUDA0 1.000127 105238 40
CPU6 45.489783 105199 sgemm sgemm CUDA3 1.163176 105239 40
CPU7 45.255756 105200 sgemm sgemm CUDA2 1.222799 105240 40
CPU5 45.361749 105201 sgemm sgemm CUDA3 0.080497 105241 40
CPU14 45.039949 105202 sgemm sgemm CUDA2 0.992327 105242 40
CPU1 45.009214 105203 sgemm sgemm CUDA3 1.218428 105243 40
CPU0 45.508799 105204 sgemm sgemm CUDA0 0.998685 105244 40
CPU11 44.842083 105205 sgemm sgemm CUDA0 0.993143 105245 40
CPU5 45.114532 105206 sgemm sgemm CUDA0 0.994021 105246 40
CPU1 44.726437 105207 sgemm sgemm CUDA3 12.651780 105247 40
CPU13 25.068274 105210 ssyrk ssyrk CPU14 96.664760 105250 40
CPU13 44.705433 105211 sgemm sgemm CUDA0 0.998282 105251 40
CPU16 44.698303 105212 sgemm sgemm CUDA1 11.191440 105252 40
CPU13 44.915564 105213 sgemm sgemm CUDA1 12.727164 105253 40
CPU9 45.085171 105214 sgemm sgemm CUDA1 1.161918 105254 40
CPU10 44.709210 105215 sgemm sgemm CUDA1 1.214545 105255 40
CPU11 44.503072 105216 sgemm sgemm CUDA3 0.982595 105256 40
CPU12 44.948248 105217 sgemm sgemm CUDA2 1.101459 105257 40
CPU0 45.463520 105218 sgemm sgemm CUDA2 0.990160 105258 40
CPU14 45.191202 105219 sgemm sgemm CUDA2 1.101355 105259 40
CPU18 24.896435 105222 ssyrk ssyrk CPU15 97.412325 105262 40
CPU19 44.916466 105223 sgemm sgemm CUDA3 0.990990 105263 40
CPU15 44.651074 105224 sgemm sgemm CUDA3 1.155013 105264 40
CPU6 45.377299 105225 sgemm sgemm CUDA3 1.217001 105265 40
CPU11 45.006059 105226 sgemm sgemm CUDA2 0.993364 105266 40
CPU6 45.341736 105227 sgemm sgemm CUDA0 0.984600 105267 40
CPU11 44.892499 105228 sgemm sgemm CUDA3 0.049435 105268 40
CPU3 44.951913 105229 sgemm sgemm CUDA0 0.980297 105269 40
CPU6 45.003674 105230 sgemm sgemm CUDA2 0.992107 105270 40
CPU7 25.321672 105233 ssyrk ssyrk CPU16 99.020732 105273 40
CPU14 44.832523 105234 sgemm sgemm CUDA2 7.837392 105274 40
CPU11 44.968680 105235 sgemm sgemm CUDA1 1.149858 105275 40
CPU0 45.231681 105236 sgemm sgemm CUDA2 0.182157 105276 40
CPU14 44.885355 105237 sgemm sgemm CUDA3 0.989233 105277 40
CPU5 45.205907 105238 sgemm sgemm CUDA2 0.990009 105278 40
CPU12 45.056129 105239 sgemm sgemm CUDA2 1.161937 105279 40
CPU0 45.126232 105240 sgemm sgemm CUDA2 1.050566 105280 40
CPU12 24.930805 105243 ssyrk ssyrk CPU -1 105283 40
CPU14 44.701213 105244 sgemm sgemm CUDA2 1.157436 105284 40
CPU12 44.763481 105245 sgemm sgemm CUDA3 1.223186 105285 40
CPU12 44.737059 105246 sgemm sgemm CUDA2 1.223090 105286 40
CPU16 45.102119 105247 sgemm sgemm CUDA3 0.086925 105287 40
CPU8 45.027598 105248 sgemm sgemm CUDA2 0.992766 105288 40
CPU15 44.848963 105249 sgemm sgemm CUDA3 1.222220 105289 40
CPU17 25.555111 105252 ssyrk ssyrk CPU -1 105292 40
CPU1 45.277041 105253 sgemm sgemm CUDA1 0.994128 105293 40
CPU12 44.975934 105254 sgemm sgemm CUDA3 0.990605 105294 40
CPU16 44.747122 105255 sgemm sgemm CUDA2 0.938348 105295 40
CPU15 44.870108 105256 sgemm sgemm CUDA2 1.164374 105296 40
CPU10 45.091316 105257 sgemm sgemm CUDA3 1.104826 105297 40
CPU1 25.309290 105260 ssyrk ssyrk CPU -1 105300 40
CPU13 44.802123 105261 sgemm sgemm CUDA3 13.040243 105301 40
CPU13 44.929649 105262 sgemm sgemm CUDA3 12.400001 105302 40
CPU15 44.873206 105263 sgemm sgemm CUDA3 2.188154 105303 40
CPU7 45.140939 105264 sgemm sgemm CUDA3 0.992528 105304 40
CPU2 25.197794 105267 ssyrk ssyrk CPU11 86.256998 105307 40
CPU16 44.846446 105268 sgemm sgemm CUDA0 1.048670 105308 40
CPU19 45.430094 105269 sgemm sgemm CUDA2 1.047159 105309 40
CPU8 44.679886 105270 sgemm sgemm CUDA3 1.215716 105310 40
CPU11 24.703403 105273 ssyrk ssyrk CPU -1 105313 40
CPU0 45.347644 105274 sgemm sgemm CUDA0 1.048894 105314 40
CPU0 45.106583 105275 sgemm sgemm CUDA2 0.936370 105315 40
CPU18 25.013057 105278 ssyrk ssyrk CPU28 80.414341 105318 40
CPU18 44.987128 105279 sgemm sgemm CUDA3 1.194746 105319 40
CPU4 25.133716 105282 ssyrk ssyrk CPU15 97.372583 105322 40
CPU19 13.635509 105285 spotrf spotrf CPU11 25.596548 105325 40
CPU19 30.719436 105286 strsm strsm CPU17 86.587325 105326 40
CPU18 29.782234 105287 strsm strsm CPU19 99.200328 105327 40
CPU1 30.174775 105288 strsm strsm CPU22 157.152654 105328 40
CPU19 30.362494 105289 strsm strsm CPU16 97.960040 105329 40
CPU18 30.024100 105290 strsm strsm CPU10 99.684289 105330 40
CPU7 30.860622 105291 strsm strsm CPU14 100.571677 105331 40
CPU7 30.683990 105292 strsm strsm CPU33 99.918664 105332 40
CPU7 30.798361 105293 strsm strsm CPU30 112.157699 105333 40
CPU2 30.132643 105294 strsm strsm CPU11 111.725421 105334 40
CPU11 30.111509 105295 strsm strsm CPU -1 105335 40
CPU18 30.047118 105296 strsm strsm CPU -1 105336 40
CPU6 30.788566 105297 strsm strsm CPU -1 105337 40
CPU19 30.389442 105298 strsm strsm CPU33 99.743798 105338 40
CPU0 31.012347 105299 strsm strsm CPU14 106.054920 105339 40
CPU6 30.967829 105300 strsm strsm CPU15 111.971838 105340 40
CPU11 30.069926 105301 strsm strsm CPU35 99.588569 105341 40
CPU6 30.655460 105302 strsm strsm CPU24 99.323700 105342 40
CPU18 29.814593 105303 strsm strsm CPU -1 105343 40
CPU16 29.790378 105304 strsm strsm CPU -1 105344 40
CPU14 30.551927 105305 strsm strsm CPU19 89.251887 105345 40
CPU6 31.127914 105306 strsm strsm CPU -1 105346 40
CPU13 30.566701 105307 strsm strsm CPU -1 105347 40
CPU15 29.825335 105308 strsm strsm CPU18 63.122364 105348 40
CPU2 30.460102 105309 strsm strsm CPU10 94.573087 105349 40
CPU12 30.402549 105310 strsm strsm CPU -1 105350 40
CPU1 30.382121 105311 strsm strsm CPU -1 105351 40
CPU6 30.738252 105312 strsm strsm CPU -1 105352 40
CPU9 30.318275 105313 strsm strsm CPU19 81.387424 105353 40
CPU8 30.403363 105314 strsm strsm CPU -1 105354 40
CPU13 30.500486 105315 strsm strsm CPU23 85.873265 105355 40
CPU18 29.828159 105316 strsm strsm CPU18 97.202214 105356 40
CPU7 30.656523 105317 strsm strsm CPU13 86.619281 105357 40
CPU12 30.504292 105318 strsm strsm CPU19 91.544498 105358 40
CPU18 29.887121 105319 strsm strsm CPU15 98.662094 105359 40
CPU1 30.396593 105320 strsm strsm CPU -1 105360 40
CPU2 30.465086 105321 strsm strsm CPU -1 105361 40
CPU12 30.762522 105322 strsm strsm CPU27 99.054121 105362 40
CPU19 30.669862 105323 strsm strsm CPU12 93.777878 105363 40
CPU3 30.026413 105324 strsm strsm CPU14 103.231562 105364 40
CPU19 25.392749 105327 ssyrk ssyrk CPU26 98.653954 105367 40
CPU19 45.058942 105328 sgemm sgemm CUDA1 1.226087 105368 40
CPU5 44.675772 105329 sgemm sgemm CUDA1 1.048428 105369 40
CPU18 44.627594 105330 sgemm sgemm CUDA1 1.052111 105370 40
CPU19 45.243374 105331 sgemm sgemm CUDA1 1.228066 105371 40
CPU7 45.060462 105332 sgemm sgemm CUDA1 1.173749 105372 40
CPU7 44.934303 105333 sgemm sgemm CUDA1 0.106400 105373 40
CPU7 45.187257 105334 sgemm sgemm CUDA0 1.250612 105374 40
CPU19 46.123707 105335 sgemm sgemm CUDA1 1.010349 105375 40
CPU11 44.785086 105336 sgemm sgemm CUDA1 1.277843 105376 40
CPU18 44.989271 105337 sgemm sgemm CUDA1 12.048998 105377 40
CPU1 44.938006 105338 sgemm sgemm CPU30 198.091986 105378 40
CPU19 44.867373 105339 sgemm sgemm CUDA1 1.011243 105379 40
CPU0 45.389560 105340 sgemm sgemm CUDA0 4.902646 105380 40
CPU6 45.169371 105341 sgemm sgemm CUDA0 12.218671 105381 40
CPU5 45.032356 105342 sgemm sgemm CUDA1 1.167994 105382 40
CPU1 44.878938 105343 sgemm sgemm CUDA1 1.001358 105383 40
CPU19 45.046627 105344 sgemm sgemm CUDA0 0.992120 105384 40
CPU4 45.144059 105345 sgemm sgemm CUDA3 1.236005 105385 40
CPU14 44.888404 105346 sgemm sgemm CUDA0 1.163836 105386 40
CPU3 44.958147 105347 sgemm sgemm CUDA3 1.288352 105387 40
CPU13 44.751615 105348 sgemm sgemm CUDA0 0.994635 105388 40
CPU16 44.879473 105349 sgemm sgemm CUDA1 1.000471 105389 40
CPU5 44.689794 105350 sgemm sgemm CUDA1 0.996000 105390 40
CPU12 45.004200 105351 sgemm sgemm CUDA3 1.168229 105391 40
CPU5 45.189949 105352 sgemm sgemm CUDA0 0.137371 105392 40
CPU6 45.006743 105353 sgemm sgemm CUDA0 1.312929 105393 40
CPU9 44.668614 105354 sgemm sgemm CUDA3 1.164766 105394 40
CPU8 45.162258 105355 sgemm sgemm CUDA1 1.002411 105395 40
CPU15 44.795969 105356 sgemm sgemm CUDA1 1.164962 105396 40
CPU18 44.898219 105357 sgemm sgemm CUDA2 1.167855 105397 40
CPU7 44.970485 105358 sgemm sgemm CUDA3 0.998346 105398 40
CPU11 44.863528 105359 sgemm sgemm CUDA2 1.167870 105399 40
CPU18 44.881945 105360 sgemm sgemm CUDA2 0.991597 105400 40
CPU1 44.973009 105361 sgemm sgemm CUDA3 1.001915 105401 40
CPU2 45.002684 105362 sgemm sgemm CUDA3 0.995907 105402 40
CPU9 44.865762 105363 sgemm sgemm CUDA3 1.000226 105403 40
CPU19 45.160543 105364 sgemm sgemm CUDA3 0.988761 105404 40
CPU3 44.785295 105365 sgemm sgemm CUDA2 1.167045 105405 40
CPU18 25.036830 105368 ssyrk ssyrk CPU15 98.304904 105408 40
CPU3 44.409852 105369 sgemm sgemm CUDA1 12.171648 105409 40
CPU19 44.697390 105370 sgemm sgemm CUDA1 1.223988 105410 40
CPU18 44.855383 105371 sgemm sgemm CUDA1 1.050186 105411 40
CPU8 45.175355 105372 sgemm sgemm CUDA1 12.142365 105412 40
CPU1 45.030294 105373 sgemm sgemm CUDA1 0.372272 105413 40
CPU6 45.175159 105374 sgemm sgemm CUDA1 1.228408 105414 40
CPU19 44.848376 105375 sgemm sgemm CUDA1 0.115511 105415 40
CPU13 44.753790 105376 sgemm sgemm CUDA1 1.307114 105416 40
CPU10 44.931418 105377 sgemm sgemm CUDA1 1.173315 105417 40
CPU2 45.467968 105378 sgemm sgemm CUDA1 0.139543 105418 40
CPU19 44.842941 105379 sgemm sgemm CUDA1 1.171867 105419 40
CPU8 45.207643 105380 sgemm sgemm CUDA0 1.305217 105420 40
CPU14 44.887796 105381 sgemm sgemm CUDA0 1.283485 105421 40
CPU11 44.866507 105382 sgemm sgemm CUDA1 1.296643 105422 40
CPU3 44.689512 105383 sgemm sgemm CUDA1 1.163385 105423 40
CPU16 44.922925 105384 sgemm sgemm CUDA0 13.045573 105424 40
CPU16 44.641488 105385 sgemm sgemm CUDA3 1.013068 105425 40
CPU14 44.746576 105386 sgemm sgemm CUDA0 0.980758 105426 40
CPU9 44.366044 105387 sgemm sgemm CUDA3 1.002426 105427 40
CPU13 44.818740 105388 sgemm sgemm CUDA0 1.158118 105428 40
CPU4 45.383278 105389 sgemm sgemm CUDA1 1.158231 105429 40
CPU3 45.036213 105390 sgemm sgemm CUDA1 1.165640 105430 40
CPU11 44.528568 105391 sgemm sgemm CUDA3 1.308198 105431 40
CPU1 45.203682 105392 sgemm sgemm CUDA3 1.002433 105432 40
CPU7 44.807125 105393 sgemm sgemm CUDA0 1.162905 105433 40
CPU13 44.838194 105394 sgemm sgemm CUDA3 1.050436 105434 40
CPU18 44.564572 105395 sgemm sgemm CUDA1 1.003094 105435 40
CPU3 45.472414 105396 sgemm sgemm CUDA1 1.166654 105436 40
CPU19 44.967769 105397 sgemm sgemm CUDA2 1.164193 105437 40
CPU3 44.593288 105398 sgemm sgemm CUDA3 1.163778 105438 40
CPU12 45.171369 105399 sgemm sgemm CUDA3 1.158467 105439 40
CPU18 44.609440 105400 sgemm sgemm CUDA2 0.123488 105440 40
CPU7 44.700152 105401 sgemm sgemm CUDA3 1.303517 105441 40
CPU4 45.333378 105402 sgemm sgemm CUDA3 1.166440 105442 40
CPU10 45.090595 105403 sgemm sgemm CUDA3 0.999089 105443 40
CPU10 45.217510 105404 sgemm sgemm CUDA3 0.931409 105444 40
CPU4 44.958848 105405 sgemm sgemm CUDA2 1.163456 105445 40
CPU1 24.815195 105408 ssyrk ssyrk CPU -1 105448 40
CPU18 44.630917 105409 sgemm sgemm CUDA1 1.176187 105449 40
CPU12 45.253523 105410 sgemm sgemm CUDA1 1.010503 105450 40
CPU10 45.009520 105411 sgemm sgemm CUDA1 1.000298 105451 40
CPU8 44.616154 105412 sgemm sgemm CUDA0 1.176827 105452 40
CPU0 45.393447 105413 sgemm sgemm CUDA0 1.050501 105453 40
CPU12 45.260895 105414 sgemm sgemm CUDA1 1.006758 105454 40
CPU11 44.906779 105415 sgemm sgemm CUDA1 1.172208 105455 40
CPU19 44.805699 105416 sgemm sgemm CUDA1 1.224291 105456 40
CPU5 45.045297 105417 sgemm sgemm CUDA1 1.001714 105457 40
CPU19 44.993009 105418 sgemm sgemm CUDA1 13.017427 105458 40
CPU11 44.767059 105419 sgemm sgemm CUDA1 0.058389 105459 40
CPU14 45.033970 105420 sgemm sgemm CUDA0 1.000399 105460 40
CPU3 44.979468 105421 sgemm sgemm CUDA1 1.171183 105461 40
CPU6 44.631885 105422 sgemm sgemm CUDA1 1.168581 105462 40
CPU13 45.348073 105423 sgemm sgemm CUDA0 1.293358 105463 40
CPU6 45.326080 105424 sgemm sgemm CUDA3 12.368108 105464 40
CPU14 44.773930 105425 sgemm sgemm CUDA0 1.002836 105465 40
CPU7 45.342357 105426 sgemm sgemm CUDA3 12.846979 105466 40
CPU16 44.638603 105427 sgemm sgemm CUDA3 1.169145 105467 40
CPU15 44.979234 105428 sgemm sgemm CUDA1 12.871138 105468 40
CPU2 44.611344 105429 sgemm sgemm CUDA1 0.994383 105469 40
CPU0 45.588870 105430 sgemm sgemm CUDA3 1.219715 105470 40
CPU1 45.183469 105431 sgemm sgemm CUDA3 0.995240 105471 40
CPU7 44.675762 105432 sgemm sgemm CUDA0 1.001040 105472 40
CPU13 45.095054 105433 sgemm sgemm CUDA3 0.989792 105473 40
CPU10 45.157258 105434 sgemm sgemm CUDA1 1.159129 105474 40
CPU10 45.417693 105435 sgemm sgemm CUDA1 1.167356 105475 40
CPU19 45.050556 105436 sgemm sgemm CUDA2 1.166626 105476 40
CPU4 44.682219 105437 sgemm sgemm CUDA3 1.166517 105477 40
CPU12 45.170681 105438 sgemm sgemm CUDA2 0.996002 105478 40
CPU6 45.224839 105439 sgemm sgemm CUDA2 0.995896 105479 40
CPU0 44.501288 105440 sgemm sgemm CUDA3 0.132094 105480 40
CPU4 45.229872 105441 sgemm sgemm CUDA3 1.164785 105481 40
CPU12 45.139070 105442 sgemm sgemm CUDA3 1.166223 105482 40
CPU19 45.057008 105443 sgemm sgemm CUDA3 6.709158 105483 40
CPU4 44.827385 105444 sgemm sgemm CUDA2 0.998074 105484 40
CPU19 25.088706 105447 ssyrk ssyrk CPU -1 105487 40
CPU18 44.675491 105448 sgemm sgemm CUDA1 12.216619 105488 40
CPU3 45.024973 105449 sgemm sgemm CUDA1 1.175362 105489 40
CPU3 44.952596 105450 sgemm sgemm CUDA1 1.171152 105490 40
CPU1 44.983521 105451 sgemm sgemm CUDA1 1.005926 105491 40
CPU19 44.962375 105452 sgemm sgemm CUDA1 0.105707 105492 40
CPU10 44.841987 105453 sgemm sgemm CUDA2 1.447709 105493 40
CPU2 45.063419 105454 sgemm sgemm CUDA1 1.006039 105494 40
CPU4 45.086200 105455 sgemm sgemm CUDA1 1.172483 105495 40
CPU19 44.967614 105456 sgemm sgemm CUDA1 1.170118 105496 40
CPU7 45.228968 105457 sgemm sgemm CUDA1 1.162181 105497 40
CPU15 44.770488 105458 sgemm sgemm CPU28 189.903344 105498 40
CPU11 45.017124 105459 sgemm sgemm CUDA1 0.098226 105499 40
CPU6 45.055546 105460 sgemm sgemm CUDA1 1.171316 105500 40
CPU4 45.455672 105461 sgemm sgemm CUDA3 1.391089 105501 40
CPU19 45.063798 105462 sgemm sgemm CUDA3 1.000857 105502 40
CPU11 44.617587 105463 sgemm sgemm CUDA3 0.998518 105503 40
CPU9 45.416646 105464 sgemm sgemm CUDA3 1.006563 105504 40
CPU7 45.427553 105465 sgemm sgemm CUDA2 1.049603 105505 40
CPU10 44.829971 105466 sgemm sgemm CUDA2 0.996348 105506 40
CPU4 45.097892 105467 sgemm sgemm CUDA1 12.278253 105507 40
CPU9 45.363276 105468 sgemm sgemm CUDA2 0.982047 105508 40
CPU16 44.849452 105469 sgemm sgemm CUDA3 0.135982 105509 40
CPU0 45.252471 105470 sgemm sgemm CUDA2 1.166888 105510 40
CPU13 45.341269 105471 sgemm sgemm CUDA3 13.162783 105511 40
CPU0 45.690985 105472 sgemm sgemm CUDA2 12.359526 105512 40
CPU4 45.338725 105473 sgemm sgemm CUDA3 1.155827 105513 40
CPU18 44.548326 105474 sgemm sgemm CUDA2 1.171281 105514 40
CPU9 44.846588 105475 sgemm sgemm CUDA3 0.992481 105515 40
CPU9 45.113498 105476 sgemm sgemm CUDA2 1.228523 105516 40
CPU18 44.589079 105477 sgemm sgemm CUDA2 1.168616 105517 40
CPU1 45.219936 105478 sgemm sgemm CUDA3 0.998272 105518 40
CPU2 45.136628 105479 sgemm sgemm CUDA3 1.164574 105519 40
CPU12 45.130034 105480 sgemm sgemm CUDA3 0.997763 105520 40
CPU19 45.003755 105481 sgemm sgemm CUDA3 0.991961 105521 40
CPU0 45.038782 105482 sgemm sgemm CUDA2 1.165909 105522 40
CPU18 25.167002 105485 ssyrk ssyrk CPU10 98.449191 105525 40
CPU2 44.999476 105486 sgemm sgemm CUDA1 12.763387 105526 40
CPU0 45.149740 105487 sgemm sgemm CUDA0 1.003821 105527 40
CPU6 44.929086 105488 sgemm sgemm CUDA1 1.173471 105528 40
CPU1 44.845275 105489 sgemm sgemm CUDA1 1.004942 105529 40
CPU11 44.774978 105490 sgemm sgemm CUDA1 1.266938 105530 40
CPU11 45.264110 105491 sgemm sgemm CUDA1 0.984552 105531 40
CPU6 44.871061 105492 sgemm sgemm CUDA1 1.004384 105532 40
CPU12 45.079443 105493 sgemm sgemm CUDA1 1.234472 105533 40
CPU0 45.337219 105494 sgemm sgemm CUDA1 1.171901 105534 40
CPU16 44.984751 105495 sgemm sgemm CUDA0 1.000023 105535 40
CPU8 44.879172 105496 sgemm sgemm CUDA1 0.095542 105536 40
CPU11 45.082062 105497 sgemm sgemm CUDA1 1.237516 105537 40
CPU15 45.046843 105498 sgemm sgemm CUDA0 1.220308 105538 40
CPU8 44.963046 105499 sgemm sgemm CUDA2 1.257646 105539 40
CPU15 44.905880 105500 sgemm sgemm CUDA0 0.126981 105540 40
CPU8 45.241956 105501 sgemm sgemm CUDA1 0.083924 105541 40
CPU12 44.849529 105502 sgemm sgemm CUDA2 0.106836 105542 40
CPU18 45.132477 105503 sgemm sgemm CUDA2 0.990745 105543 40
CPU1 44.711961 105504 sgemm sgemm CUDA1 1.048377 105544 40
CPU12 44.864005 105505 sgemm sgemm CUDA2 0.995892 105545 40
CPU15 44.995869 105506 sgemm sgemm CUDA0 0.996336 105546 40
CPU3 44.277072 105507 sgemm sgemm CUDA2 0.996199 105547 40
CPU8 44.986362 105508 sgemm sgemm CUDA0 12.504442 105548 40
CPU19 44.933029 105509 sgemm sgemm CUDA2 1.004581 105549 40
CPU3 45.144866 105510 sgemm sgemm CUDA1 1.166904 105550 40
CPU18 44.981257 105511 sgemm sgemm CUDA2 1.167485 105551 40
CPU5 45.022032 105512 sgemm sgemm CUDA2 0.997238 105552 40
CPU9 44.827355 105513 sgemm sgemm CUDA1 1.170587 105553 40
CPU7 44.892450 105514 sgemm sgemm CUDA2 1.168096 105554 40
CPU5 44.781870 105515 sgemm sgemm CUDA2 1.168753 105555 40
CPU2 44.919770 105516 sgemm sgemm CUDA0 5.530987 105556 40
CPU10 45.230087 105517 sgemm sgemm CUDA0 12.328948 105557 40
CPU11 44.962443 105518 sgemm sgemm CUDA2 0.995574 105558 40
CPU2 44.566614 105519 sgemm sgemm CUDA2 0.993850 105559 40
CPU7 25.644021 105522 ssyrk ssyrk CPU14 97.536874 105562 40
CPU9 44.751212 105523 sgemm sgemm CUDA1 1.217934 105563 40
CPU5 44.909669 105524 sgemm sgemm CUDA0 1.255554 105564 40
CPU2 45.051468 105525 sgemm sgemm CUDA1 1.172022 105565 40
CPU10 44.997630 105526 sgemm sgemm CUDA2 0.997703 105566 40
CPU6 45.258787 105527 sgemm sgemm CUDA1 1.219071 105567 40
CPU4 44.998220 105528 sgemm sgemm CUDA2 10.628512 105568 40
CPU15 44.664994 105529 sgemm sgemm CUDA1 1.166936 105569 40
CPU0 45.671511 105530 sgemm sgemm CUDA1 1.173281 105570 40
CPU14 44.845891 105531 sgemm sgemm CUDA0 0.397219 105571 40
CPU18 44.826136 105532 sgemm sgemm CUDA2 0.983602 105572 40
CPU0 45.183837 105533 sgemm sgemm CUDA2 1.168878 105573 40
CPU14 44.787370 105534 sgemm sgemm CUDA0 13.070203 105574 40
CPU13 45.115754 105535 sgemm sgemm CUDA3 0.993690 105575 40
CPU12 44.848167 105536 sgemm sgemm CUDA3 1.168155 105576 40
CPU10 44.835217 105537 sgemm sgemm CUDA1 0.990987 105577 40
CPU2 45.189669 105538 sgemm sgemm CUDA3 1.178901 105578 40
CPU12 44.967163 105539 sgemm sgemm CUDA2 1.169612 105579 40
CPU4 44.910343 105540 sgemm sgemm CUDA1 1.163201 105580 40
CPU12 44.674463 105541 sgemm sgemm CUDA2 1.001202 105581 40
CPU9 44.978888 105542 sgemm sgemm CUDA3 1.166393 105582 40
CPU4 45.006635 105543 sgemm sgemm CUDA2 1.163115 105583 40
CPU1 44.918263 105544 sgemm sgemm CUDA0 0.999382 105584 40
CPU16 45.002015 105545 sgemm sgemm CUDA2 0.995047 105585 40
CPU0 45.027123 105546 sgemm sgemm CUDA3 0.995716 105586 40
CPU19 44.812159 105547 sgemm sgemm CUDA2 1.227209 105587 40
CPU0 44.994269 105548 sgemm sgemm CUDA2 1.161343 105588 40
CPU7 45.185563 105549 sgemm sgemm CUDA1 0.998971 105589 40
CPU4 45.239351 105550 sgemm sgemm CUDA2 0.993078 105590 40
CPU7 44.665644 105551 sgemm sgemm CUDA3 0.993552 105591 40
CPU2 45.006892 105552 sgemm sgemm CUDA3 0.986828 105592 40
CPU12 45.010182 105553 sgemm sgemm CUDA3 1.181804 105593 40
CPU12 44.965945 105554 sgemm sgemm CUDA2 0.117254 105594 40
CPU3 44.408846 105555 sgemm sgemm CUDA2 0.996917 105595 40
CPU7 25.289263 105558 ssyrk ssyrk CPU25 97.783983 105598 40
CPU6 44.710429 105559 sgemm sgemm CUDA1 1.221455 105599 40
CPU9 44.678267 105560 sgemm sgemm CUDA1 0.997542 105600 40
CPU10 44.948307 105561 sgemm sgemm CUDA2 1.168345 105601 40
CPU16 44.845636 105562 sgemm sgemm CUDA1 1.166087 105602 40
CPU3 44.870018 105563 sgemm sgemm CUDA2 1.001270 105603 40
CPU14 45.158780 105564 sgemm sgemm CUDA2 0.108663 105604 40
CPU3 45.071755 105565 sgemm sgemm CUDA1 1.174734 105605 40
CPU11 44.709715 105566 sgemm sgemm CUDA2 0.997843 105606 40
CPU6 45.051041 105567 sgemm sgemm CUDA2 1.164534 105607 40
CPU9 44.813196 105568 sgemm sgemm CUDA2 0.997417 105608 40
CPU18 44.782081 105569 sgemm sgemm CUDA0 0.997840 105609 40
CPU6 45.290491 105570 sgemm sgemm CUDA2 0.978961 105610 40
CPU4 45.414838 105571 sgemm sgemm CUDA1 0.993783 105611 40
CPU11 44.887135 105572 sgemm sgemm CUDA1 1.164802 105612 40
CPU15 45.076036 105573 sgemm sgemm CUDA0 1.169479 105613 40
CPU13 44.977945 105574 sgemm sgemm CUDA0 1.167314 105614 40
CPU0 45.456216 105575 sgemm sgemm CUDA0 1.043530 105615 40
CPU15 44.759579 105576 sgemm sgemm CUDA2 0.086322 105616 40
CPU10 45.005376 105577 sgemm sgemm CUDA0 1.170717 105617 40
CPU5 44.350245 105578 sgemm sgemm CUDA0 0.106130 105618 40
CPU16 44.998608 105579 sgemm sgemm CUDA3 1.167274 105619 40
CPU14 45.131716 105580 sgemm sgemm CUDA0 1.161511 105620 40
CPU1 45.013604 105581 sgemm sgemm CUDA1 1.166343 105621 40
CPU19 45.005904 105582 sgemm sgemm CUDA2 1.243894 105622 40
CPU3 44.915893 105583 sgemm sgemm CUDA2 0.998906 105623 40
CPU2 44.806112 105584 sgemm sgemm CUDA3 0.055277 105624 40
CPU12 44.920841 105585 sgemm sgemm CUDA2 0.989180 105625 40
CPU0 44.785842 105586 sgemm sgemm CUDA2 1.167597 105626 40
CPU12 45.041210 105587 sgemm sgemm CUDA3 1.244837 105627 40
CPU12 45.206659 105588 sgemm sgemm CUDA0 1.164477 105628 40
CPU6 45.057182 105589 sgemm sgemm CUDA3 0.050417 105629 40
CPU3 44.672202 105590 sgemm sgemm CUDA2 1.241135 105630 40
CPU7 25.168759 105593 ssyrk ssyrk CPU31 97.753223 105633 40
CPU6 44.775420 105594 sgemm sgemm CUDA1 1.000042 105634 40
CPU9 44.939412 105595 sgemm sgemm CUDA2 1.163945 105635 40
CPU15 44.913683 105596 sgemm sgemm CUDA1 0.998986 105636 40
CPU11 44.944696 105597 sgemm sgemm CUDA1 1.003753 105637 40
CPU11 44.816120 105598 sgemm sgemm CUDA2 1.167666 105638 40
CPU7 45.132840 105599 sgemm sgemm CUDA0 1.011106 105639 40
CPU16 44.759883 105600 sgemm sgemm CUDA0 1.142513 105640 40
CPU9 44.880534 105601 sgemm sgemm CUDA2 1.164860 105641 40
CPU8 44.704481 105602 sgemm sgemm CUDA2 0.075687 105642 40
CPU12 45.184363 105603 sgemm sgemm CUDA0 1.050523 105643 40
CPU17 44.904854 105604 sgemm sgemm CUDA2 1.167105 105644 40
CPU4 45.280774 105605 sgemm sgemm CUDA3 1.201105 105645 40
CPU15 44.644325 105606 sgemm sgemm CUDA3 1.385214 105646 40
CPU14 44.910263 105607 sgemm sgemm CUDA2 1.069371 105647 40
CPU6 45.294372 105608 sgemm sgemm CUDA2 1.165824 105648 40
CPU2 44.965315 105609 sgemm sgemm CUDA1 1.167191 105649 40
CPU9 44.966558 105610 sgemm sgemm CUDA2 0.995304 105650 40
CPU14 45.001901 105611 sgemm sgemm CUDA2 1.175323 105651 40
CPU9 44.366960 105612 sgemm sgemm CUDA2 0.073169 105652 40
CPU11 45.075880 105613 sgemm sgemm CUDA3 0.116680 105653 40
CPU5 45.014949 105614 sgemm sgemm CUDA2 1.169757 105654 40
CPU9 45.142084 105615 sgemm sgemm CUDA2 1.157597 105655 40
CPU18 44.879888 105616 sgemm sgemm CUDA2 1.171200 105656 40
CPU8 44.739055 105617 sgemm sgemm CUDA2 1.002318 105657 40
CPU6 45.190185 105618 sgemm sgemm CUDA2 1.161817 105658 40
CPU1 45.213992 105619 sgemm sgemm CUDA3 1.161826 105659 40
CPU5 44.888657 105620 sgemm sgemm CUDA3 1.316834 105660 40
CPU9 45.749184 105621 sgemm sgemm CUDA3 1.001429 105661 40
CPU12 45.088169 105622 sgemm sgemm CUDA0 0.990726 105662 40
CPU15 44.957906 105623 sgemm sgemm CUDA3 0.999441 105663 40
CPU2 44.660002 105624 sgemm sgemm CUDA3 0.051058 105664 40
CPU2 25.001724 105627 ssyrk ssyrk CPU12 97.774892 105667 40
CPU16 44.930102 105628 sgemm sgemm CUDA1 1.000640 105668 40
CPU15 44.855033 105629 sgemm sgemm CUDA1 1.170213 105669 40
CPU9 44.737028 105630 sgemm sgemm CUDA1 1.171971 105670 40
CPU9 45.155534 105631 sgemm sgemm CUDA1 1.166211 105671 40
CPU6 45.073479 105632 sgemm sgemm CUDA1 2.495269 105672 40
CPU4 45.098493 105633 sgemm sgemm CUDA2 0.065404 105673 40
CPU5 44.688021 105634 sgemm sgemm CUDA1 0.988490 105674 40
CPU3 44.991359 105635 sgemm sgemm CUDA1 1.166775 105675 40
CPU18 45.002155 105636 sgemm sgemm CUDA0 1.249831 105676 40
CPU15 44.881050 105637 sgemm sgemm CUDA2 1.166653 105677 40
CPU1 45.058346 105638 sgemm sgemm CUDA3 0.985081 105678 40
CPU13 45.043288 105639 sgemm sgemm CUDA3 1.168018 105679 40
CPU14 45.151000 105640 sgemm sgemm CUDA0 1.118477 105680 40
CPU16 44.822858 105641 sgemm sgemm CUDA0 0.985518 105681 40
CPU1 44.830406 105642 sgemm sgemm CUDA0 1.169207 105682 40
CPU6 45.068112 105643 sgemm sgemm CUDA2 1.009666 105683 40
CPU14 45.070127 105644 sgemm sgemm CUDA0 1.230005 105684 40
CPU2 44.765422 105645 sgemm sgemm CUDA0 0.994903 105685 40
CPU2 44.759934 105646 sgemm sgemm CUDA3 0.990934 105686 40
CPU5 45.033608 105647 sgemm sgemm CUDA0 0.994625 105687 40
CPU13 45.273079 105648 sgemm sgemm CUDA2 1.112814 105688 40
CPU18 45.049313 105649 sgemm sgemm CUDA0 1.000255 105689 40
CPU4 44.845382 105650 sgemm sgemm CUDA2 8.701775 105690 40
CPU13 45.022148 105651 sgemm sgemm CUDA3 1.145893 105691 40
CPU18 44.910963 105652 sgemm sgemm CUDA3 0.076095 105692 40
CPU4 44.939540 105653 sgemm sgemm CUDA2 1.168106 105693 40
CPU14 45.283185 105654 sgemm sgemm CUDA2 1.171409 105694 40
CPU12 45.108186 105655 sgemm sgemm CUDA1 1.218310 105695 40
CPU1 44.637085 105656 sgemm sgemm CUDA1 1.157408 105696 40
CPU2 44.656821 105657 sgemm sgemm CUDA3 0.996739 105697 40
CPU11 24.810713 105660 ssyrk ssyrk CPU -1 105700 40
CPU10 45.055386 105661 sgemm sgemm CUDA1 1.250394 105701 40
CPU11 44.817413 105662 sgemm sgemm CUDA1 1.003072 105702 40
CPU16 44.620864 105663 sgemm sgemm CUDA2 1.000029 105703 40
CPU8 45.189264 105664 sgemm sgemm CUDA1 10.683276 105704 40
CPU15 44.701420 105665 sgemm sgemm CUDA2 1.171025 105705 40
CPU10 44.820949 105666 sgemm sgemm CUDA2 0.987016 105706 40
CPU11 44.682112 105667 sgemm sgemm CUDA1 1.167136 105707 40
CPU10 45.059844 105668 sgemm sgemm CUDA3 0.158124 105708 40
CPU19 44.689161 105669 sgemm sgemm CUDA3 1.153688 105709 40
CPU11 44.717733 105670 sgemm sgemm CUDA3 0.997232 105710 40
CPU12 44.885476 105671 sgemm sgemm CUDA3 0.995703 105711 40
CPU16 44.711522 105672 sgemm sgemm CUDA2 0.060958 105712 40
CPU14 45.147134 105673 sgemm sgemm CUDA2 0.992842 105713 40
CPU18 44.574034 105674 sgemm sgemm CUDA1 1.165820 105714 40
CPU2 45.216401 105675 sgemm sgemm CUDA2 1.001797 105715 40
CPU12 45.174726 105676 sgemm sgemm CUDA3 0.089196 105716 40
CPU5 44.866906 105677 sgemm sgemm CUDA0 0.115192 105717 40
CPU10 45.055286 105678 sgemm sgemm CUDA0 1.166394 105718 40
CPU15 44.895423 105679 sgemm sgemm CUDA0 0.995310 105719 40
CPU7 45.311855 105680 sgemm sgemm CUDA1 1.003145 105720 40
CPU18 44.572540 105681 sgemm sgemm CUDA2 1.165018 105721 40
CPU9 44.845000 105682 sgemm sgemm CUDA2 1.163818 105722 40
CPU11 44.786183 105683 sgemm sgemm CUDA1 1.117320 105723 40
CPU4 45.349124 105684 sgemm sgemm CUDA3 1.165453 105724 40
CPU9 44.988435 105685 sgemm sgemm CUDA3 1.265112 105725 40
CPU5 44.976336 105686 sgemm sgemm CUDA2 1.168156 105726 40
CPU12 45.072601 105687 sgemm sgemm CUDA0 0.995235 105727 40
CPU2 44.798144 105688 sgemm sgemm CUDA2 0.054442 105728 40
CPU5 44.674012 105689 sgemm sgemm CUDA3 11.876467 105729 40
CPU18 24.946288 105692 ssyrk ssyrk CPU -1 105732 40
CPU12 45.052720 105693 sgemm sgemm CUDA1 1.166286 105733 40
CPU12 45.041980 105694 sgemm sgemm CUDA1 1.166898 105734 40
CPU0 45.497979 105695 sgemm sgemm CUDA1 1.170631 105735 40
CPU5 44.931719 105696 sgemm sgemm CUDA1 1.001204 105736 40
CPU13 45.143174 105697 sgemm sgemm CUDA1 0.993868 105737 40
CPU16 44.954790 105698 sgemm sgemm CUDA1 0.989537 105738 40
CPU14 45.077387 105699 sgemm sgemm CUDA3 1.166442 105739 40
CPU13 44.909733 105700 sgemm sgemm CUDA3 0.999286 105740 40
CPU16 44.817168 105701 sgemm sgemm CUDA3 1.007349 105741 40
CPU19 45.472317 105702 sgemm sgemm CUDA1 1.170250 105742 40
CPU14 44.900050 105703 sgemm sgemm CUDA3 0.969366 105743 40
CPU0 45.207386 105704 sgemm sgemm CUDA1 0.999023 105744 40
CPU10 45.188763 105705 sgemm sgemm CUDA1 12.097692 105745 40
CPU12 44.956002 105706 sgemm sgemm CUDA3 1.227736 105746 40
CPU8 44.896880 105707 sgemm sgemm CUDA3 0.991701 105747 40
CPU9 45.201336 105708 sgemm sgemm CUDA0 8.251410 105748 40
CPU2 44.912397 105709 sgemm sgemm CUDA0 1.227284 105749 40
CPU9 45.119232 105710 sgemm sgemm CUDA0 0.996817 105750 40
CPU3 45.051268 105711 sgemm sgemm CUDA3 1.169025 105751 40
CPU18 45.117461 105712 sgemm sgemm CUDA0 1.158032 105752 40
CPU5 45.067696 105713 sgemm sgemm CUDA3 0.117011 105753 40
CPU8 45.080072 105714 sgemm sgemm CUDA3 1.235876 105754 40
CPU18 44.757837 105715 sgemm sgemm CUDA3 0.069270 105755 40
CPU6 45.224860 105716 sgemm sgemm CUDA3 1.160301 105756 40
CPU8 45.006231 105717 sgemm sgemm CUDA3 0.992093 105757 40
CPU8 44.772692 105718 sgemm sgemm CUDA0 7.048600 105758 40
CPU8 44.938919 105719 sgemm sgemm CUDA1 1.012966 105759 40
CPU0 45.154347 105720 sgemm sgemm CUDA3 1.165289 105760 40
CPU6 25.268447 105723 ssyrk ssyrk CPU24 101.576448 105763 40
CPU16 44.822366 105724 sgemm sgemm CUDA2 0.996436 105764 40
CPU3 45.122876 105725 sgemm sgemm CUDA0 1.170939 105765 40
CPU11 44.708135 105726 sgemm sgemm CUDA2 1.169218 105766 40
CPU7 44.857015 105727 sgemm sgemm CUDA2 1.285114 105767 40
CPU5 44.870884 105728 sgemm sgemm CUDA1 1.000563 105768 40
CPU13 44.997290 105729 sgemm sgemm CUDA0 1.237904 105769 40
CPU8 44.938210 105730 sgemm sgemm CUDA3 1.005011 105770 40
CPU14 44.964329 105731 sgemm sgemm CUDA3 0.092112 105771 40
CPU14 45.203938 105732 sgemm sgemm CUDA1 1.170445 105772 40
CPU5 45.053068 105733 sgemm sgemm CUDA0 1.161774 105773 40
CPU16 45.462691 105734 sgemm sgemm CUDA2 0.996476 105774 40
CPU7 44.847568 105735 sgemm sgemm CUDA1 0.987494 105775 40
CPU4 45.232518 105736 sgemm sgemm CUDA2 0.059397 105776 40
CPU12 45.164982 105737 sgemm sgemm CUDA2 1.163971 105777 40
CPU1 44.837143 105738 sgemm sgemm CUDA2 1.166392 105778 40
CPU8 44.710188 105739 sgemm sgemm CUDA0 0.996361 105779 40
CPU8 44.951746 105740 sgemm sgemm CUDA0 0.050988 105780 40
CPU4 45.167384 105741 sgemm sgemm CUDA2 0.985412 105781 40
CPU18 44.652389 105742 sgemm sgemm CUDA0 1.047120 105782 40
CPU1 44.851722 105743 sgemm sgemm CUDA3 1.258973 105783 40
CPU5 45.179653 105744 sgemm sgemm CUDA2 0.092322 105784 40
CPU17 44.872535 105745 sgemm sgemm CUDA3 1.165686 105785 40
CPU8 45.124497 105746 sgemm sgemm CUDA3 1.165800 105786 40
CPU7 45.268593 105747 sgemm sgemm CUDA2 1.000929 105787 40
CPU3 44.843060 105748 sgemm sgemm CUDA3 1.160437 105788 40
CPU8 44.735816 105749 sgemm sgemm CUDA2 11.922498 105789 40
CPU6 45.173262 105750 sgemm sgemm CUDA3 0.992042 105790 40
CPU19 25.144011 105753 ssyrk ssyrk CPU33 106.044578 105793 40
CPU13 44.838740 105754 sgemm sgemm CUDA1 0.999683 105794 40
CPU11 44.780401 105755 sgemm sgemm CUDA2 1.002657 105795 40
CPU14 45.155909 105756 sgemm sgemm CUDA2 1.168102 105796 40
CPU7 45.130098 105757 sgemm sgemm CUDA2 0.998642 105797 40
CPU18 44.730858 105758 sgemm sgemm CUDA3 1.160968 105798 40
CPU15 44.920856 105759 sgemm sgemm CUDA3 0.998326 105799 40
CPU3 45.070294 105760 sgemm sgemm CUDA3 1.234440 105800 40
CPU2 45.036887 105761 sgemm sgemm CUDA3 0.991305 105801 40
CPU15 44.998722 105762 sgemm sgemm CUDA3 0.999200 105802 40
CPU19 45.002579 105763 sgemm sgemm CUDA2 1.000558 105803 40
CPU19 44.982454 105764 sgemm sgemm CUDA1 1.167251 105804 40
CPU3 45.226030 105765 sgemm sgemm CUDA3 1.168691 105805 40
CPU0 45.333199 105766 sgemm sgemm CUDA3 0.989385 105806 40
CPU2 45.186418 105767 sgemm sgemm CUDA2 1.125476 105807 40
CPU4 45.226605 105768 sgemm sgemm CUDA3 1.162342 105808 40
CPU11 44.766970 105769 sgemm sgemm CUDA2 1.167433 105809 40
CPU7 45.589300 105770 sgemm sgemm CUDA2 1.167403 105810 40
CPU18 44.676382 105771 sgemm sgemm CUDA2 1.001017 105811 40
CPU6 45.151594 105772 sgemm sgemm CUDA2 1.161750 105812 40
CPU15 44.804115 105773 sgemm sgemm CUDA2 1.170389 105813 40
CPU16 44.687592 105774 sgemm sgemm CUDA3 1.150709 105814 40
CPU2 45.022258 105775 sgemm sgemm CUDA2 0.990571 105815 40
CPU3 44.932687 105776 sgemm sgemm CUDA2 0.997590 105816 40
CPU15 44.800327 105777 sgemm sgemm CUDA2 1.144430 105817 40
CPU0 45.491729 105778 sgemm sgemm CUDA1 1.166830 105818 40
CPU9 44.793830 105779 sgemm sgemm CUDA3 0.994972 105819 40
CPU0 25.818445 105782 ssyrk ssyrk CPU27 90.695473 105822 40
CPU13 45.022108 105783 sgemm sgemm CUDA0 0.103522 105823 40
CPU15 44.918351 105784 sgemm sgemm CUDA1 0.997634 105824 40
CPU10 44.945433 105785 sgemm sgemm CUDA1 0.999968 105825 40
CPU5 45.527718 105786 sgemm sgemm CUDA3 1.000850 105826 40
CPU13 44.912463 105787 sgemm sgemm CUDA3 1.160029 105827 40
CPU3 45.092584 105788 sgemm sgemm CUDA3 0.998965 105828 40
CPU15 44.778978 105789 sgemm sgemm CUDA1 1.010629 105829 40
CPU16 44.668810 105790 sgemm sgemm CUDA3 1.267819 105830 40
CPU4 45.338228 105791 sgemm sgemm CUDA0 11.705237 105831 40
CPU15 44.581535 105792 sgemm sgemm CUDA0 12.820870 105832 40
CPU9 45.416503 105793 sgemm sgemm CUDA3 1.165226 105833 40
CPU3 45.544647 105794 sgemm sgemm CUDA0 1.001300 105834 40
CPU5 45.092616 105795 sgemm sgemm CUDA0 0.995172 105835 40
CPU15 45.104491 105796 sgemm sgemm CUDA0 1.167993 105836 40
CPU6 45.456280 105797 sgemm sgemm CUDA2 1.244565 105837 40
CPU13 44.792139 105798 sgemm sgemm CUDA2 10.446598 105838 40
CPU19 44.935426 105799 sgemm sgemm CUDA0 11.726589 105839 40
CPU0 45.313404 105800 sgemm sgemm CUDA3 1.152815 105840 40
CPU7 45.278091 105801 sgemm sgemm CUDA1 1.218839 105841 40
CPU2 45.212523 105802 sgemm sgemm CUDA1 0.995064 105842 40
CPU2 45.281443 105803 sgemm sgemm CUDA2 1.157513 105843 40
CPU8 45.991462 105804 sgemm sgemm CUDA3 0.991952 105844 40
CPU16 44.817755 105805 sgemm sgemm CUDA2 1.170844 105845 40
CPU4 45.073377 105806 sgemm sgemm CUDA1 1.260525 105846 40
CPU8 44.843639 105807 sgemm sgemm CUDA3 0.997510 105847 40
CPU6 25.623683 105810 ssyrk ssyrk CPU29 98.067084 105850 40
CPU8 45.050906 105811 sgemm sgemm CUDA1 0.992077 105851 40
CPU5 44.911563 105812 sgemm sgemm CUDA1 1.164158 105852 40
CPU9 45.252663 105813 sgemm sgemm CUDA3 1.170245 105853 40
CPU17 45.127628 105814 sgemm sgemm CUDA1 0.990717 105854 40
CPU12 44.841775 105815 sgemm sgemm CUDA1 0.997652 105855 40
CPU14 44.745010 105816 sgemm sgemm CUDA3 1.170205 105856 40
CPU11 45.104098 105817 sgemm sgemm CUDA0 0.993810 105857 40
CPU0 45.834108 105818 sgemm sgemm CUDA0 1.177595 105858 40
CPU7 45.265980 105819 sgemm sgemm CUDA0 1.162513 105859 40
CPU1 45.714465 105820 sgemm sgemm CUDA1 1.167129 105860 40
CPU10 44.868649 105821 sgemm sgemm CUDA3 0.992130 105861 40
CPU7 44.967390 105822 sgemm sgemm CUDA0 1.162564 105862 40
CPU3 45.027342 105823 sgemm sgemm CUDA3 1.164236 105863 40
CPU19 45.161422 105824 sgemm sgemm CUDA0 0.989694 105864 40
CPU16 45.032701 105825 sgemm sgemm CUDA2 0.994034 105865 40
CPU18 44.558257 105826 sgemm sgemm CUDA2 0.997426 105866 40
CPU9 44.876597 105827 sgemm sgemm CUDA3 1.162221 105867 40
CPU7 45.468822 105828 sgemm sgemm CUDA1 0.997350 105868 40
CPU18 44.478997 105829 sgemm sgemm CUDA3 0.997831 105869 40
CPU5 45.243655 105830 sgemm sgemm CUDA3 1.164238 105870 40
CPU11 44.658052 105831 sgemm sgemm CUDA3 0.996561 105871 40
CPU8 45.130813 105832 sgemm sgemm CUDA0 1.289528 105872 40
CPU19 45.006224 105833 sgemm sgemm CUDA1 1.166370 105873 40
CPU6 45.066814 105834 sgemm sgemm CUDA3 12.205856 105874 40
CPU11 24.973477 105837 ssyrk ssyrk CPU -1 105877 40
CPU10 45.344143 105838 sgemm sgemm CUDA2 1.167179 105878 40
CPU1 45.015907 105839 sgemm sgemm CUDA3 0.996986 105879 40
CPU19 45.006502 105840 sgemm sgemm CUDA2 1.003265 105880 40
CPU16 44.832854 105841 sgemm sgemm CUDA3 1.225966 105881 40
CPU0 45.488042 105842 sgemm sgemm CUDA1 1.000602 105882 40
CPU13 44.966318 105843 sgemm sgemm CUDA2 0.938039 105883 40
CPU7 45.243668 105844 sgemm sgemm CUDA2 1.160067 105884 40
CPU19 45.067733 105845 sgemm sgemm CUDA1 1.169124 105885 40
CPU13 44.979557 105846 sgemm sgemm CUDA2 0.992723 105886 40
CPU0 45.253569 105847 sgemm sgemm CUDA2 1.168043 105887 40
CPU8 44.864587 105848 sgemm sgemm CUDA3 12.668520 105888 40
CPU11 45.040052 105849 sgemm sgemm CUDA3 0.996427 105889 40
CPU13 44.854944 105850 sgemm sgemm CUDA2 1.164811 105890 40
CPU12 45.071832 105851 sgemm sgemm CUDA2 0.991220 105891 40
CPU18 44.742389 105852 sgemm sgemm CUDA3 1.164095 105892 40
CPU8 44.623777 105853 sgemm sgemm CUDA2 1.167549 105893 40
CPU1 45.162828 105854 sgemm sgemm CUDA2 1.171249 105894 40
CPU16 44.897018 105855 sgemm sgemm CUDA2 1.156961 105895 40
CPU3 45.240078 105856 sgemm sgemm CUDA2 1.002379 105896 40
CPU6 45.151067 105857 sgemm sgemm CUDA2 0.939735 105897 40
CPU1 44.715278 105858 sgemm sgemm CUDA2 0.991573 105898 40
CPU15 44.827933 105859 sgemm sgemm CUDA3 0.059452 105899 40
CPU7 44.816297 105860 sgemm sgemm CUDA2 1.004365 105900 40
CPU6 25.279503 105863 ssyrk ssyrk CPU -1 105903 40
CPU15 44.920735 105864 sgemm sgemm CUDA3 1.162185 105904 40
CPU19 45.825497 105865 sgemm sgemm CUDA2 0.995372 105905 40
CPU11 44.895691 105866 sgemm sgemm CUDA3 1.166906 105906 40
CPU15 44.510938 105867 sgemm sgemm CUDA3 1.242809 105907 40
CPU16 45.127424 105868 sgemm sgemm CUDA2 0.993784 105908 40
CPU19 45.258926 105869 sgemm sgemm CUDA2 0.083998 105909 40
CPU10 45.065006 105870 sgemm sgemm CUDA1 0.993447 105910 40
CPU4 45.298658 105871 sgemm sgemm CUDA2 0.998004 105911 40
CPU1 45.454555 105872 sgemm sgemm CUDA3 0.995425 105912 40
CPU1 44.899374 105873 sgemm sgemm CUDA0 0.997689 105913 40
CPU14 45.109520 105874 sgemm sgemm CUDA0 0.069415 105914 40
CPU13 44.831321 105875 sgemm sgemm CUDA2 0.999998 105915 40
CPU15 44.738959 105876 sgemm sgemm CUDA3 1.162927 105916 40
CPU19 44.893409 105877 sgemm sgemm CUDA0 1.165698 105917 40
CPU0 44.910415 105878 sgemm sgemm CUDA3 0.999194 105918 40
CPU15 44.687474 105879 sgemm sgemm CUDA2 1.165455 105919 40
CPU18 44.608987 105880 sgemm sgemm CUDA1 0.070856 105920 40
CPU11 44.718146 105881 sgemm sgemm CUDA2 1.165665 105921 40
CPU13 45.063111 105882 sgemm sgemm CUDA0 1.047372 105922 40
CPU10 45.012540 105883 sgemm sgemm CUDA2 1.203862 105923 40
CPU14 44.853474 105884 sgemm sgemm CUDA3 1.166455 105924 40
CPU7 44.767537 105885 sgemm sgemm CUDA2 0.060090 105925 40
CPU18 24.958836 105888 ssyrk ssyrk CPU28 94.978700 105928 40
CPU5 45.467203 105889 sgemm sgemm CUDA3 0.997422 105929 40
CPU6 45.194202 105890 sgemm sgemm CUDA3 1.172866 105930 40
CPU11 44.794858 105891 sgemm sgemm CUDA3 1.244027 105931 40
CPU8 45.337497 105892 sgemm sgemm CUDA0 1.169873 105932 40
CPU5 45.209064 105893 sgemm sgemm CUDA2 0.984683 105933 40
CPU11 44.677809 105894 sgemm sgemm CUDA0 0.984829 105934 40
CPU19 44.681768 105895 sgemm sgemm CUDA3 0.983606 105935 40
CPU14 44.920854 105896 sgemm sgemm CUDA0 1.164925 105936 40
CPU6 45.175786 105897 sgemm sgemm CUDA2 0.137124 105937 40
CPU16 45.348370 105898 sgemm sgemm CUDA0 12.362901 105938 40
CPU4 45.758486 105899 sgemm sgemm CUDA2 1.173336 105939 40
CPU13 44.839929 105900 sgemm sgemm CUDA2 1.166626 105940 40
CPU18 44.860071 105901 sgemm sgemm CUDA0 1.171054 105941 40
CPU2 44.872974 105902 sgemm sgemm CUDA3 1.003880 105942 40
CPU14 44.721069 105903 sgemm sgemm CUDA2 0.996430 105943 40
CPU1 45.381067 105904 sgemm sgemm CUDA3 12.728483 105944 40
CPU2 45.261230 105905 sgemm sgemm CUDA2 0.999683 105945 40
CPU10 45.265192 105906 sgemm sgemm CUDA0 0.997595 105946 40
CPU13 44.919499 105907 sgemm sgemm CUDA2 1.110407 105947 40
CPU6 45.177216 105908 sgemm sgemm CUDA2 1.146176 105948 40
CPU4 45.000319 105909 sgemm sgemm CUDA2 1.001659 105949 40
CPU16 24.757677 105912 ssyrk ssyrk CPU -1 105952 40
CPU12 44.906427 105913 sgemm sgemm CUDA2 1.165754 105953 40
CPU7 45.386863 105914 sgemm sgemm CUDA3 1.166437 105954 40
CPU12 44.897688 105915 sgemm sgemm CUDA3 0.993178 105955 40
CPU2 45.104870 105916 sgemm sgemm CUDA2 1.241102 105956 40
CPU0 45.788715 105917 sgemm sgemm CUDA1 0.995294 105957 40
CPU2 45.344167 105918 sgemm sgemm CUDA2 1.165364 105958 40
CPU13 44.902441 105919 sgemm sgemm CUDA3 0.998148 105959 40
CPU16 44.987193 105920 sgemm sgemm CUDA3 0.993521 105960 40
CPU5 44.954183 105921 sgemm sgemm CUDA3 1.215788 105961 40
CPU14 44.874367 105922 sgemm sgemm CUDA2 1.273398 105962 40
CPU2 45.443937 105923 sgemm sgemm CUDA2 1.151241 105963 40
CPU10 44.759824 105924 sgemm sgemm CUDA3 1.165440 105964 40
CPU14 44.963693 105925 sgemm sgemm CUDA3 1.164881 105965 40
CPU6 45.381221 105926 sgemm sgemm CUDA3 1.163136 105966 40
CPU2 45.381826 105927 sgemm sgemm CUDA2 0.996128 105967 40
CPU6 45.532892 105928 sgemm sgemm CUDA3 1.304717 105968 40
CPU15 44.609485 105929 sgemm sgemm CUDA3 0.998655 105969 40
CPU6 44.976096 105930 sgemm sgemm CUDA2 1.173492 105970 40
CPU11 44.642679 105931 sgemm sgemm CUDA1 0.995963 105971 40
CPU17 45.085565 105932 sgemm sgemm CUDA3 1.167826 105972 40
CPU14 25.023085 105935 ssyrk ssyrk CPU25 105.516456 105975 40
CPU16 44.675844 105936 sgemm sgemm CUDA3 1.001991 105976 40
CPU0 45.735664 105937 sgemm sgemm CUDA2 12.412119 105977 40
CPU5 45.431624 105938 sgemm sgemm CUDA2 0.998419 105978 40
CPU14 44.652152 105939 sgemm sgemm CUDA0 1.167824 105979 40
CPU3 45.483581 105940 sgemm sgemm CUDA2 0.987649 105980 40
CPU10 45.126849 105941 sgemm sgemm CUDA3 1.225317 105981 40
CPU13 45.368807 105942 sgemm sgemm CUDA0 0.996900 105982 40
CPU11 44.812607 105943 sgemm sgemm CUDA2 1.160215 105983 40
CPU3 45.504681 105944 sgemm sgemm CUDA1 1.169116 105984 40
CPU11 44.765024 105945 sgemm sgemm CUDA3 1.000548 105985 40
CPU18 44.425626 105946 sgemm sgemm CUDA0 0.997771 105986 40
CPU14 45.231676 105947 sgemm sgemm CUDA3 0.996793 105987 40
CPU1 45.118060 105948 sgemm sgemm CUDA2 0.998073 105988 40
CPU1 45.350959 105949 sgemm sgemm CUDA1 1.001481 105989 40
CPU1 45.474095 105950 sgemm sgemm CUDA2 1.170403 105990 40
CPU12 44.771649 105951 sgemm sgemm CUDA2 3.502845 105991 40
CPU14 45.368492 105952 sgemm sgemm CUDA0 0.992174 105992 40
CPU16 45.070934 105953 sgemm sgemm CUDA2 1.820983 105993 40
CPU4 44.974935 105954 sgemm sgemm CUDA2 1.215736 105994 40
CPU6 25.303365 105957 ssyrk ssyrk CPU29 98.718149 105997 40
CPU16 44.727754 105958 sgemm sgemm CUDA3 1.049026 105998 40
CPU13 45.066727 105959 sgemm sgemm CUDA1 0.992253 105999 40
CPU5 44.996856 105960 sgemm sgemm CUDA0 0.990168 106000 40
CPU10 44.962894 105961 sgemm sgemm CUDA1 0.998984 106001 40
CPU8 45.309535 105962 sgemm sgemm CUDA0 0.996245 106002 40
CPU1 44.751737 105963 sgemm sgemm CUDA0 0.991755 106003 40
CPU0 45.742314 105964 sgemm sgemm CUDA0 0.996428 106004 40
CPU14 44.910048 105965 sgemm sgemm CUDA3 1.171350 106005 40
CPU4 45.166321 105966 sgemm sgemm CUDA1 1.170424 106006 40
CPU18 44.532967 105967 sgemm sgemm CUDA3 1.166482 106007 40
CPU6 45.053737 105968 sgemm sgemm CUDA1 1.163597 106008 40
CPU16 45.321678 105969 sgemm sgemm CUDA3 0.995049 106009 40
CPU12 44.831602 105970 sgemm sgemm CUDA3 3.994889 106010 40
CPU4 45.138292 105971 sgemm sgemm CUDA1 1.175905 106011 40
CPU1 45.369106 105972 sgemm sgemm CUDA3 1.167945 106012 40
CPU6 45.314929 105973 sgemm sgemm CUDA3 0.980671 106013 40
CPU15 44.726281 105974 sgemm sgemm CUDA3 3.899384 106014 40
CPU5 44.733920 105975 sgemm sgemm CUDA3 11.897703 106015 40
CPU13 25.076130 105978 ssyrk ssyrk CPU24 80.506036 106018 40
CPU12 44.943144 105979 sgemm sgemm CUDA2 1.248494 106019 40
CPU13 44.937665 105980 sgemm sgemm CUDA0 1.166596 106020 40
CPU6 45.355836 105981 sgemm sgemm CUDA0 0.996057 106021 40
CPU12 45.029727 105982 sgemm sgemm CUDA3 0.996876 106022 40
CPU13 44.863281 105983 sgemm sgemm CUDA0 0.986335 106023 40
CPU8 45.005444 105984 sgemm sgemm CUDA3 0.995413 106024 40
CPU4 45.352260 105985 sgemm sgemm CUDA2 0.999922 106025 40
CPU7 45.295001 105986 sgemm sgemm CUDA2 1.058323 106026 40
CPU18 44.682124 105987 sgemm sgemm CUDA3 1.003287 106027 40
CPU13 44.820677 105988 sgemm sgemm CUDA2 0.996234 106028 40
CPU15 44.777146 105989 sgemm sgemm CUDA2 1.168190 106029 40
CPU3 45.360346 105990 sgemm sgemm CUDA3 0.951496 106030 40
CPU8 45.118131 105991 sgemm sgemm CUDA3 1.235618 106031 40
CPU9 45.341209 105992 sgemm sgemm CUDA2 0.105108 106032 40
CPU16 45.247702 105993 sgemm sgemm CUDA3 1.185628 106033 40
CPU8 45.305965 105994 sgemm sgemm CUDA1 0.989358 106034 40
CPU8 44.873679 105995 sgemm sgemm CUDA2 0.978791 106035 40
CPU15 25.131624 105998 ssyrk ssyrk CPU12 80.334951 106038 40
CPU2 46.126546 105999 sgemm sgemm CUDA0 0.981214 106039 40
CPU10 44.945450 106000 sgemm sgemm CUDA0 1.165954 106040 40
CPU3 45.173285 106001 sgemm sgemm CUDA0 0.995102 106041 40
CPU15 45.669177 106002 sgemm sgemm CUDA2 0.992778 106042 40
CPU16 44.777669 106003 sgemm sgemm CUDA2 1.120963 106043 40
CPU10 44.986462 106004 sgemm sgemm CUDA0 0.068576 106044 40
CPU5 45.260187 106005 sgemm sgemm CUDA2 1.163498 106045 40
CPU15 44.614710 106006 sgemm sgemm CUDA0 0.994547 106046 40
CPU9 45.911413 106007 sgemm sgemm CUDA2 1.005229 106047 40
CPU0 45.405669 106008 sgemm sgemm CUDA2 0.995953 106048 40
CPU12 44.911606 106009 sgemm sgemm CUDA2 1.231682 106049 40
CPU5 45.667428 106010 sgemm sgemm CUDA2 0.997082 106050 40
CPU4 45.552324 106011 sgemm sgemm CUDA0 1.000005 106051 40
CPU3 44.864438 106012 sgemm sgemm CUDA0 0.989776 106052 40
CPU13 45.199391 106013 sgemm sgemm CUDA0 16.894898 106053 40
CPU8 44.708210 106014 sgemm sgemm CUDA2 1.218653 106054 40
CPU2 25.073042 106017 ssyrk ssyrk CPU11 97.240012 106057 40
CPU9 45.154860 106018 sgemm sgemm CUDA0 1.170821 106058 40
CPU14 44.967094 106019 sgemm sgemm CUDA0 1.168955 106059 40
CPU9 44.947430 106020 sgemm sgemm CUDA0 0.993840 106060 40
CPU12 45.042502 106021 sgemm sgemm CUDA0 12.590391 106061 40
CPU9 45.250366 106022 sgemm sgemm CUDA3 1.002679 106062 40
CPU0 45.553958 106023 sgemm sgemm CUDA0 0.996556 106063 40
CPU18 44.626402 106024 sgemm sgemm CUDA3 0.992779 106064 40
CPU2 45.028865 106025 sgemm sgemm CUDA3 1.167656 106065 40
CPU9 45.055957 106026 sgemm sgemm CUDA3 1.166971 106066 40
CPU11 44.852345 106027 sgemm sgemm CUDA1 1.334765 106067 40
CPU6 45.288992 106028 sgemm sgemm CUDA1 1.169239 106068 40
CPU3 46.305829 106029 sgemm sgemm CUDA3 0.996535 106069 40
CPU12 45.372781 106030 sgemm sgemm CUDA3 12.551913 106070 40
CPU15 44.935214 106031 sgemm sgemm CUDA1 0.047032 106071 40
CPU9 44.762241 106032 sgemm sgemm CUDA3 12.460796 106072 40
CPU12 25.365046 106035 ssyrk ssyrk CPU18 78.907448 106075 40
CPU11 44.721939 106036 sgemm sgemm CUDA0 1.001110 106076 40
CPU11 45.630461 106037 sgemm sgemm CUDA2 1.175006 106077 40
CPU5 45.123215 106038 sgemm sgemm CUDA2 1.159715 106078 40
CPU2 45.003983 106039 sgemm sgemm CUDA2 0.104593 106079 40
CPU11 44.856623 106040 sgemm sgemm CUDA1 1.002000 106080 40
CPU12 44.650154 106041 sgemm sgemm CUDA2 0.943389 106081 40
CPU12 44.819951 106042 sgemm sgemm CUDA2 0.060346 106082 40
CPU16 44.688970 106043 sgemm sgemm CUDA2 1.161871 106083 40
CPU16 45.010706 106044 sgemm sgemm CUDA1 0.998515 106084 40
CPU12 45.731261 106045 sgemm sgemm CUDA2 1.224774 106085 40
CPU12 44.776344 106046 sgemm sgemm CUDA2 1.047842 106086 40
CPU7 45.068393 106047 sgemm sgemm CUDA2 1.109092 106087 40
CPU13 45.106789 106048 sgemm sgemm CUDA0 10.408037 106088 40
CPU3 44.886323 106049 sgemm sgemm CUDA2 1.165000 106089 40
CPU1 25.226025 106052 ssyrk ssyrk CPU -1 106092 40
CPU1 45.051565 106053 sgemm sgemm CUDA3 12.234671 106093 40
CPU8 45.157275 106054 sgemm sgemm CUDA3 1.168820 106094 40
CPU13 44.989539 106055 sgemm sgemm CUDA2 1.173854 106095 40
CPU10 44.752042 106056 sgemm sgemm CUDA2 0.992475 106096 40
CPU1 45.350716 106057 sgemm sgemm CUDA3 0.702868 106097 40
CPU1 45.212173 106058 sgemm sgemm CUDA3 1.002520 106098 40
CPU17 45.242999 106059 sgemm sgemm CUDA3 0.996713 106099 40
CPU6 45.255888 106060 sgemm sgemm CUDA2 0.992600 106100 40
CPU1 45.389201 106061 sgemm sgemm CUDA2 1.160198 106101 40
CPU1 45.295232 106062 sgemm sgemm CUDA2 0.068128 106102 40
CPU13 45.128037 106063 sgemm sgemm CUDA3 0.048967 106103 40
CPU10 45.157599 106064 sgemm sgemm CUDA2 0.986813 106104 40
CPU1 44.744442 106065 sgemm sgemm CUDA3 12.550557 106105 40
CPU6 25.126844 106068 ssyrk ssyrk CPU15 85.606340 106108 40
CPU11 45.014908 106069 sgemm sgemm CUDA3 0.997692 106109 40
CPU11 45.058968 106070 sgemm sgemm CUDA0 0.997946 106110 40
CPU14 45.343522 106071 sgemm sgemm CUDA2 1.171535 106111 40
CPU18 44.925638 106072 sgemm sgemm CUDA0 0.999107 106112 40
CPU1 44.626457 106073 sgemm sgemm CUDA2 0.997028 106113 40
CPU13 45.165567 106074 sgemm sgemm CUDA3 0.988238 106114 40
CPU10 45.093206 106075 sgemm sgemm CUDA2 1.151300 106115 40
CPU10 44.909541 106076 sgemm sgemm CUDA2 1.159616 106116 40
CPU4 45.154512 106077 sgemm sgemm CUDA0 1.165279 106117 40
CPU12 45.358413 106078 sgemm sgemm CUDA2 1.104885 106118 40
CPU13 45.284107 106079 sgemm sgemm CUDA0 1.165129 106119 40
CPU5 44.749005 106080 sgemm sgemm CUDA2 1.160421 106120 40
CPU9 24.793175 106083 ssyrk ssyrk CPU -1 106123 40
CPU3 44.977664 106084 sgemm sgemm CUDA2 1.247619 106124 40
CPU3 45.232043 106085 sgemm sgemm CUDA2 1.239445 106125 40
CPU8 45.056786 106086 sgemm sgemm CUDA2 1.167634 106126 40
CPU2 44.950989 106087 sgemm sgemm CUDA3 8.146439 106127 40
CPU19 45.219088 106088 sgemm sgemm CUDA2 0.993296 106128 40
CPU2 45.070248 106089 sgemm sgemm CUDA3 1.219633 106129 40
CPU6 45.191667 106090 sgemm sgemm CUDA2 12.973375 106130 40
CPU8 45.057787 106091 sgemm sgemm CUDA2 0.070959 106131 40
CPU1 44.890367 106092 sgemm sgemm CUDA3 1.218975 106132 40
CPU4 45.094418 106093 sgemm sgemm CUDA0 12.514441 106133 40
CPU6 44.966264 106094 sgemm sgemm CUDA2 0.992341 106134 40
CPU8 24.975732 106097 ssyrk ssyrk CPU23 81.191134 106137 40
CPU9 45.141575 106098 sgemm sgemm CUDA0 1.166498 106138 40
CPU6 45.419527 106099 sgemm sgemm CUDA3 1.164024 106139 40
CPU7 45.104404 106100 sgemm sgemm CUDA2 1.159598 106140 40
CPU5 45.354752 106101 sgemm sgemm CUDA1 1.159288 106141 40
CPU14 45.150791 106102 sgemm sgemm CUDA2 1.047579 106142 40
CPU0 45.465816 106103 sgemm sgemm CUDA3 0.225069 106143 40
CPU0 45.462363 106104 sgemm sgemm CUDA0 0.902252 106144 40
CPU11 44.995278 106105 sgemm sgemm CUDA0 0.253462 106145 40
CPU5 45.128017 106106 sgemm sgemm CUDA0 0.654593 106146 40
CPU1 45.406124 106107 sgemm sgemm CUDA3 0.991419 106147 40
CPU13 25.001459 106110 ssyrk ssyrk CPU -1 106150 40
CPU13 44.808672 106111 sgemm sgemm CUDA0 0.988995 106151 40
CPU16 44.949020 106112 sgemm sgemm CUDA1 0.989480 106152 40
CPU13 44.785222 106113 sgemm sgemm CUDA1 1.156360 106153 40
CPU9 45.130089 106114 sgemm sgemm CUDA1 1.130922 106154 40
CPU10 44.795147 106115 sgemm sgemm CUDA1 1.220974 106155 40
CPU11 44.707124 106116 sgemm sgemm CUDA3 23.766583 106156 40
CPU12 45.078374 106117 sgemm sgemm CUDA1 0.185555 106157 40
CPU0 45.409708 106118 sgemm sgemm CUDA2 1.162061 106158 40
CPU14 45.162609 106119 sgemm sgemm CUDA2 0.935997 106159 40
CPU18 24.928855 106122 ssyrk ssyrk CPU -1 106162 40
CPU18 44.836952 106123 sgemm sgemm CUDA3 12.365270 106163 40
CPU15 44.604614 106124 sgemm sgemm CUDA3 1.257357 106164 40
CPU6 45.411824 106125 sgemm sgemm CUDA3 1.222564 106165 40
CPU11 44.914787 106126 sgemm sgemm CUDA2 1.221484 106166 40
CPU6 45.323986 106127 sgemm sgemm CUDA0 0.989073 106167 40
CPU11 44.742469 106128 sgemm sgemm CUDA3 1.108437 106168 40
CPU3 44.888172 106129 sgemm sgemm CUDA0 15.369992 106169 40
CPU6 44.974509 106130 sgemm sgemm CUDA2 12.339611 106170 40
CPU7 25.299000 106133 ssyrk ssyrk CPU -1 106173 40
CPU14 44.968726 106134 sgemm sgemm CUDA2 12.698217 106174 40
CPU11 45.090607 106135 sgemm sgemm CUDA1 0.971312 106175 40
CPU0 45.113449 106136 sgemm sgemm CUDA2 1.161322 106176 40
CPU14 45.029483 106137 sgemm sgemm CUDA3 0.991522 106177 40
CPU5 44.795729 106138 sgemm sgemm CUDA2 1.219079 106178 40
CPU12 45.177624 106139 sgemm sgemm CUDA2 1.160421 106179 40
CPU0 45.080343 106140 sgemm sgemm CUDA2 0.822211 106180 40
CPU12 25.092207 106143 ssyrk ssyrk CPU -1 106183 40
CPU14 44.763996 106144 sgemm sgemm CUDA2 0.991582 106184 40
CPU12 44.386855 106145 sgemm sgemm CUDA3 1.163504 106185 40
CPU0 45.899478 106146 sgemm sgemm CUDA2 16.297784 106186 40
CPU16 45.156470 106147 sgemm sgemm CUDA3 12.813025 106187 40
CPU8 45.036897 106148 sgemm sgemm CUDA2 0.993031 106188 40
CPU10 45.252006 106149 sgemm sgemm CUDA3 1.162073 106189 40
CPU18 24.652481 106152 ssyrk ssyrk CPU -1 106192 40
CPU1 45.303384 106153 sgemm sgemm CUDA1 12.821132 106193 40
CPU12 44.897096 106154 sgemm sgemm CUDA3 11.977321 106194 40
CPU16 44.839468 106155 sgemm sgemm CUDA2 1.051443 106195 40
CPU15 44.724058 106156 sgemm sgemm CUDA2 1.369870 106196 40
CPU10 45.283334 106157 sgemm sgemm CUDA3 1.107979 106197 40
CPU1 25.163477 106160 ssyrk ssyrk CPU -1 106200 40
CPU13 44.837963 106161 sgemm sgemm CUDA3 1.222949 106201 40
CPU13 45.057892 106162 sgemm sgemm CUDA1 12.863876 106202 40
CPU15 44.848889 106163 sgemm sgemm CUDA3 1.053880 106203 40
CPU7 45.071721 106164 sgemm sgemm CUDA3 0.993642 106204 40
CPU2 25.218607 106167 ssyrk ssyrk CPU -1 106207 40
CPU16 44.931110 106168 sgemm sgemm CUDA0 1.160871 106208 40
CPU19 45.187529 106169 sgemm sgemm CUDA2 0.938068 106209 40
CPU8 44.776514 106170 sgemm sgemm CUDA3 2.235078 106210 40
CPU12 25.262888 106173 ssyrk ssyrk CPU21 80.312305 106213 40
CPU0 45.308794 106174 sgemm sgemm CUDA0 12.050165 106214 40
CPU0 45.013816 106175 sgemm sgemm CUDA2 0.941963 106215 40
CPU19 25.354489 106178 ssyrk ssyrk CPU11 97.642571 106218 40
CPU19 45.204427 106179 sgemm sgemm CUDA3 1.160238 106219 40
CPU3 24.885666 106182 ssyrk ssyrk CPU -1 106222 40
CPU19 13.783912 106185 spotrf spotrf CPU32 37.508523 106225 40
CPU19 30.611104 106186 strsm strsm CPU -1 106226 40
CPU5 30.074886 106187 strsm strsm CPU -1 106227 40
CPU18 29.810254 106188 strsm strsm CPU11 100.439097 106228 40
CPU19 30.811372 106189 strsm strsm CPU19 108.033576 106229 40
CPU7 30.782908 106190 strsm strsm CPU17 110.465366 106230 40
CPU7 30.560724 106191 strsm strsm CPU32 111.913430 106231 40
CPU7 30.955041 106192 strsm strsm CPU30 99.797266 106232 40
CPU19 30.452764 106193 strsm strsm CPU27 111.909147 106233 40
CPU11 30.011193 106194 strsm strsm CPU29 99.950812 106234 40
CPU18 30.093912 106195 strsm strsm CPU13 99.727861 106235 40
CPU1 30.212238 106196 strsm strsm CPU11 91.992773 106236 40
CPU19 30.448565 106197 strsm strsm CPU19 114.047857 106237 40
CPU0 30.942752 106198 strsm strsm CPU31 99.718082 106238 40
CPU6 30.690445 106199 strsm strsm CPU12 99.664786 106239 40
CPU5 30.363132 106200 strsm strsm CPU13 90.777638 106240 40
CPU1 29.958828 106201 strsm strsm CPU -1 106241 40
CPU19 30.577154 106202 strsm strsm CPU -1 106242 40
CPU4 30.770016 106203 strsm strsm CPU28 108.636650 106243 40
CPU14 30.487707 106204 strsm strsm CPU16 81.748934 106244 40
CPU3 30.233092 106205 strsm strsm CPU33 108.913322 106245 40
CPU13 30.649354 106206 strsm strsm CPU14 102.721336 106246 40
CPU16 30.041746 106207 strsm strsm CPU -1 106247 40
CPU5 30.334212 106208 strsm strsm CPU14 98.588172 106248 40
CPU12 30.601263 106209 strsm strsm CPU -1 106249 40
CPU5 30.323137 106210 strsm strsm CPU10 98.509653 106250 40
CPU4 30.487654 106211 strsm strsm CPU -1 106251 40
CPU9 30.112615 106212 strsm strsm CPU15 98.681072 106252 40
CPU8 30.291289 106213 strsm strsm CPU17 94.581885 106253 40
CPU15 29.981211 106214 strsm strsm CPU18 93.645004 106254 40
CPU18 29.883245 106215 strsm strsm CPU -1 106255 40
CPU7 30.841045 106216 strsm strsm CPU11 98.763062 106256 40
CPU11 30.120725 106217 strsm strsm CPU28 92.330939 106257 40
CPU18 29.998508 106218 strsm strsm CPU -1 106258 40
CPU1 29.961210 106219 strsm strsm CPU -1 106259 40
CPU2 30.189205 106220 strsm strsm CPU20 81.243930 106260 40
CPU9 30.421895 106221 strsm strsm CPU13 95.054543 106261 40
CPU19 30.710054 106222 strsm strsm CPU18 92.707079 106262 40
CPU3 29.995892 106223 strsm strsm CPU28 99.013768 106263 40
CPU19 25.243427 106226 ssyrk ssyrk CPU -1 106266 40
CPU19 44.914765 106227 sgemm sgemm CUDA1 0.227732 106267 40
CPU19 45.006597 106228 sgemm sgemm CUDA1 1.179130 106268 40
CPU18 45.137413 106229 sgemm sgemm CUDA1 1.276209 106269 40
CPU7 45.115079 106230 sgemm sgemm CUDA1 1.177819 106270 40
CPU1 44.988313 106231 sgemm sgemm CUDA1 1.008047 106271 40
CPU7 45.219241 106232 sgemm sgemm CUDA1 1.053331 106272 40
CPU19 44.694802 106233 sgemm sgemm CUDA1 1.174512 106273 40
CPU13 44.658441 106234 sgemm sgemm CUDA1 1.176031 106274 40
CPU18 44.757089 106235 sgemm sgemm CUDA1 1.162869 106275 40
CPU8 45.295938 106236 sgemm sgemm CUDA1 0.095948 106276 40
CPU19 44.991589 106237 sgemm sgemm CUDA1 1.190455 106277 40
CPU8 45.143831 106238 sgemm sgemm CPU -1 106278 40
CPU14 45.085166 106239 sgemm sgemm CPU34 177.626290 106279 40
CPU4 45.253674 106240 sgemm sgemm CUDA1 1.254134 106280 40
CPU9 44.551056 106241 sgemm sgemm CUDA1 1.167231 106281 40
CPU16 44.921988 106242 sgemm sgemm CUDA0 0.148856 106282 40
CPU4 45.428394 106243 sgemm sgemm CUDA0 0.998587 106283 40
CPU14 44.679644 106244 sgemm sgemm CUDA0 1.167875 106284 40
CPU0 45.381346 106245 sgemm sgemm CUDA3 0.990931 106285 40
CPU13 44.850266 106246 sgemm sgemm CUDA0 0.325521 106286 40
CPU4 45.351342 106247 sgemm sgemm CUDA1 0.992171 106287 40
CPU5 45.125822 106248 sgemm sgemm CUDA1 0.082565 106288 40
CPU11 44.489075 106249 sgemm sgemm CUDA3 1.176610 106289 40
CPU5 45.103654 106250 sgemm sgemm CUDA3 1.246791 106290 40
CPU4 44.594045 106251 sgemm sgemm CUDA0 0.108605 106291 40
CPU13 44.907376 106252 sgemm sgemm CUDA3 0.996246 106292 40
CPU18 44.520940 106253 sgemm sgemm CUDA1 1.162514 106293 40
CPU13 45.118426 106254 sgemm sgemm CUDA1 1.165164 106294 40
CPU19 45.215105 106255 sgemm sgemm CUDA1 1.164768 106295 40
CPU7 44.988774 106256 sgemm sgemm CUDA3 0.163689 106296 40
CPU11 45.049715 106257 sgemm sgemm CUDA3 1.221642 106297 40
CPU18 44.661885 106258 sgemm sgemm CUDA0 1.169350 106298 40
CPU7 44.573220 106259 sgemm sgemm CUDA3 1.248605 106299 40
CPU4 45.045876 106260 sgemm sgemm CUDA3 1.167353 106300 40
CPU3 45.630635 106261 sgemm sgemm CUDA3 0.989084 106301 40
CPU19 45.231600 106262 sgemm sgemm CUDA3 1.165789 106302 40
CPU3 44.734378 106263 sgemm sgemm CUDA2 1.168132 106303 40
CPU5 24.887403 106266 ssyrk ssyrk CPU24 97.618299 106306 40
CPU18 44.752151 106267 sgemm sgemm CUDA1 1.019725 106307 40
CPU12 45.141442 106268 sgemm sgemm CUDA1 1.221690 106308 40
CPU10 44.932458 106269 sgemm sgemm CUDA1 1.056532 106309 40
CPU8 44.630292 106270 sgemm sgemm CUDA0 1.180596 106310 40
CPU0 45.527970 106271 sgemm sgemm CUDA0 1.174988 106311 40
CPU19 44.822006 106272 sgemm sgemm CUDA1 0.999690 106312 40
CPU11 44.662240 106273 sgemm sgemm CUDA1 0.169040 106313 40
CPU18 44.837167 106274 sgemm sgemm CUDA1 0.998164 106314 40
CPU5 45.289801 106275 sgemm sgemm CUDA1 1.000620 106315 40
CPU18 44.757917 106276 sgemm sgemm CUDA1 1.000409 106316 40
CPU11 44.860444 106277 sgemm sgemm CUDA1 0.998965 106317 40
CPU14 45.102395 106278 sgemm sgemm CUDA0 1.000118 106318 40
CPU3 45.115577 106279 sgemm sgemm CUDA1 10.448090 106319 40
CPU7 44.454911 106280 sgemm sgemm CUDA1 0.998938 106320 40
CPU18 45.006210 106281 sgemm sgemm CUDA0 0.984672 106321 40
CPU6 45.328350 106282 sgemm sgemm CUDA0 1.316745 106322 40
CPU14 44.929920 106283 sgemm sgemm CUDA0 0.143457 106323 40
CPU7 45.510811 106284 sgemm sgemm CUDA3 0.994951 106324 40
CPU16 44.675755 106285 sgemm sgemm CUDA3 1.000367 106325 40
CPU15 45.023167 106286 sgemm sgemm CUDA1 1.260644 106326 40
CPU4 45.180005 106287 sgemm sgemm CUDA1 1.309954 106327 40
CPU0 45.569418 106288 sgemm sgemm CUDA3 1.264746 106328 40
CPU2 45.151710 106289 sgemm sgemm CUDA3 0.995925 106329 40
CPU2 44.980597 106290 sgemm sgemm CUDA0 1.001444 106330 40
CPU13 45.149730 106291 sgemm sgemm CUDA3 1.048599 106331 40
CPU10 45.038655 106292 sgemm sgemm CUDA1 1.166321 106332 40
CPU15 45.031089 106293 sgemm sgemm CUDA1 1.171876 106333 40
CPU19 45.021486 106294 sgemm sgemm CUDA1 1.243781 106334 40
CPU0 44.959945 106295 sgemm sgemm CUDA3 0.990744 106335 40
CPU19 45.286643 106296 sgemm sgemm CUDA3 1.001683 106336 40
CPU6 45.245414 106297 sgemm sgemm CUDA0 0.997280 106337 40
CPU0 44.621450 106298 sgemm sgemm CUDA3 0.998040 106338 40
CPU5 44.853427 106299 sgemm sgemm CUDA3 1.198683 106339 40
CPU9 45.278735 106300 sgemm sgemm CUDA3 0.996403 106340 40
CPU19 45.253806 106301 sgemm sgemm CUDA3 1.169388 106341 40
CPU4 44.857228 106302 sgemm sgemm CUDA2 1.166345 106342 40
CPU18 24.724744 106305 ssyrk ssyrk CPU -1 106345 40
CPU18 44.646810 106306 sgemm sgemm CUDA1 1.219412 106346 40
CPU3 44.970390 106307 sgemm sgemm CUDA1 1.012022 106347 40
CPU7 45.007938 106308 sgemm sgemm CUDA1 1.178578 106348 40
CPU1 45.171529 106309 sgemm sgemm CUDA1 0.070209 106349 40
CPU18 44.778870 106310 sgemm sgemm CUDA1 0.991409 106350 40
CPU10 44.737360 106311 sgemm sgemm CUDA1 1.303554 106351 40
CPU2 45.158115 106312 sgemm sgemm CUDA1 1.426160 106352 40
CPU1 45.280739 106313 sgemm sgemm CUDA1 1.295240 106353 40
CPU19 44.679816 106314 sgemm sgemm CUDA1 12.167867 106354 40
CPU7 45.173865 106315 sgemm sgemm CUDA1 34.504555 106355 40
CPU15 44.796163 106316 sgemm sgemm CUDA1 1.005423 106356 40
CPU11 44.826743 106317 sgemm sgemm CUDA1 0.096597 106357 40
CPU6 45.096350 106318 sgemm sgemm CUDA1 1.227352 106358 40
CPU4 45.230922 106319 sgemm sgemm CUDA0 1.163952 106359 40
CPU19 45.165346 106320 sgemm sgemm CUDA0 0.992566 106360 40
CPU11 44.546310 106321 sgemm sgemm CUDA0 0.999717 106361 40
CPU9 45.395711 106322 sgemm sgemm CUDA3 1.219140 106362 40
CPU7 45.411110 106323 sgemm sgemm CUDA0 0.997962 106363 40
CPU10 44.841333 106324 sgemm sgemm CUDA1 1.001555 106364 40
CPU4 45.228499 106325 sgemm sgemm CUDA1 12.381401 106365 40
CPU9 45.361145 106326 sgemm sgemm CUDA3 0.976015 106366 40
CPU16 44.848074 106327 sgemm sgemm CUDA3 1.159038 106367 40
CPU0 44.992989 106328 sgemm sgemm CUDA0 0.059513 106368 40
CPU13 45.240675 106329 sgemm sgemm CUDA3 1.218423 106369 40
CPU0 45.544940 106330 sgemm sgemm CUDA1 0.127113 106370 40
CPU15 44.939898 106331 sgemm sgemm CUDA3 0.132490 106371 40
CPU18 44.571943 106332 sgemm sgemm CUDA1 1.302092 106372 40
CPU0 45.174195 106333 sgemm sgemm CUDA3 0.997058 106373 40
CPU19 45.102196 106334 sgemm sgemm CUDA3 0.941663 106374 40
CPU18 44.718553 106335 sgemm sgemm CUDA0 0.986768 106375 40
CPU1 44.830402 106336 sgemm sgemm CUDA3 1.168985 106376 40
CPU2 44.952015 106337 sgemm sgemm CUDA3 1.155468 106377 40
CPU18 44.933791 106338 sgemm sgemm CUDA3 0.993202 106378 40
CPU19 44.794413 106339 sgemm sgemm CUDA3 1.165488 106379 40
CPU3 45.035293 106340 sgemm sgemm CUDA2 0.987769 106380 40
CPU19 25.406723 106343 ssyrk ssyrk CPU23 103.256719 106383 40
CPU2 45.038390 106344 sgemm sgemm CUDA1 1.221720 106384 40
CPU0 45.283039 106345 sgemm sgemm CUDA0 1.177897 106385 40
CPU6 45.122892 106346 sgemm sgemm CUDA1 1.049681 106386 40
CPU19 44.902960 106347 sgemm sgemm CUDA1 1.002636 106387 40
CPU11 44.597354 106348 sgemm sgemm CUDA1 1.000846 106388 40
CPU18 45.024339 106349 sgemm sgemm CUDA1 12.742286 106389 40
CPU1 45.123853 106350 sgemm sgemm CUDA1 0.244996 106390 40
CPU12 45.060711 106351 sgemm sgemm CUDA1 1.171227 106391 40
CPU2 44.924911 106352 sgemm sgemm CUDA1 1.175147 106392 40
CPU16 45.113994 106353 sgemm sgemm CUDA0 1.171278 106393 40
CPU8 44.844239 106354 sgemm sgemm CUDA1 1.165499 106394 40
CPU11 45.077130 106355 sgemm sgemm CUDA1 1.297844 106395 40
CPU15 45.094275 106356 sgemm sgemm CUDA0 1.197747 106396 40
CPU8 44.670799 106357 sgemm sgemm CUDA0 0.999509 106397 40
CPU15 44.907446 106358 sgemm sgemm CUDA0 0.994376 106398 40
CPU8 45.190356 106359 sgemm sgemm CUDA1 1.160555 106399 40
CPU12 44.897830 106360 sgemm sgemm CUDA0 1.222595 106400 40
CPU18 44.906471 106361 sgemm sgemm CUDA0 0.993755 106401 40
CPU1 44.720868 106362 sgemm sgemm CUDA1 1.164640 106402 40
CPU11 44.779884 106363 sgemm sgemm CUDA2 1.227203 106403 40
CPU5 44.735589 106364 sgemm sgemm CUDA0 8.286961 106404 40
CPU3 44.822733 106365 sgemm sgemm CUDA0 0.060473 106405 40
CPU8 45.001745 106366 sgemm sgemm CUDA0 0.997583 106406 40
CPU19 44.945012 106367 sgemm sgemm CUDA2 1.165957 106407 40
CPU15 45.089823 106368 sgemm sgemm CUDA1 0.986062 106408 40
CPU18 44.779399 106369 sgemm sgemm CUDA2 1.003296 106409 40
CPU2 44.747289 106370 sgemm sgemm CUDA2 12.897725 106410 40
CPU11 44.928927 106371 sgemm sgemm CUDA1 0.111775 106411 40
CPU7 44.870091 106372 sgemm sgemm CUDA0 1.165565 106412 40
CPU5 44.468640 106373 sgemm sgemm CUDA2 1.170446 106413 40
CPU9 44.198005 106374 sgemm sgemm CUDA0 12.291701 106414 40
CPU10 44.902818 106375 sgemm sgemm CUDA0 0.082976 106415 40
CPU11 44.932108 106376 sgemm sgemm CUDA2 1.283070 106416 40
CPU2 44.580184 106377 sgemm sgemm CUDA2 0.999527 106417 40
CPU7 25.534637 106380 ssyrk ssyrk CPU23 89.297177 106420 40
CPU2 44.841543 106381 sgemm sgemm CUDA1 1.006879 106421 40
CPU5 45.079400 106382 sgemm sgemm CUDA1 1.171378 106422 40
CPU2 45.132375 106383 sgemm sgemm CUDA1 0.049083 106423 40
CPU10 44.915388 106384 sgemm sgemm CUDA1 0.999676 106424 40
CPU6 45.419668 106385 sgemm sgemm CUDA1 1.215750 106425 40
CPU4 45.386805 106386 sgemm sgemm CUDA1 0.233654 106426 40
CPU15 44.608807 106387 sgemm sgemm CUDA1 0.998599 106427 40
CPU0 45.705489 106388 sgemm sgemm CUDA1 1.131144 106428 40
CPU14 45.033991 106389 sgemm sgemm CUDA0 0.999447 106429 40
CPU18 44.715945 106390 sgemm sgemm CUDA1 1.205088 106430 40
CPU0 45.413844 106391 sgemm sgemm CUDA1 1.233998 106431 40
CPU14 44.969940 106392 sgemm sgemm CUDA0 1.167354 106432 40
CPU13 45.142160 106393 sgemm sgemm CUDA0 0.993583 106433 40
CPU12 44.870981 106394 sgemm sgemm CUDA0 1.051128 106434 40
CPU10 44.835787 106395 sgemm sgemm CUDA1 1.158860 106435 40
CPU2 45.183004 106396 sgemm sgemm CUDA3 1.168812 106436 40
CPU12 45.078865 106397 sgemm sgemm CUDA1 1.247468 106437 40
CPU7 45.253442 106398 sgemm sgemm CUDA1 1.164686 106438 40
CPU12 44.782091 106399 sgemm sgemm CUDA2 11.815540 106439 40
CPU9 45.067297 106400 sgemm sgemm CUDA3 1.049349 106440 40
CPU5 44.857551 106401 sgemm sgemm CUDA2 0.996682 106441 40
CPU1 44.965543 106402 sgemm sgemm CUDA0 0.997201 106442 40
CPU16 44.815010 106403 sgemm sgemm CUDA2 1.169137 106443 40
CPU1 45.252314 106404 sgemm sgemm CUDA3 1.171489 106444 40
CPU19 44.795955 106405 sgemm sgemm CUDA2 1.166821 106445 40
CPU0 44.898974 106406 sgemm sgemm CUDA2 0.971138 106446 40
CPU7 45.128318 106407 sgemm sgemm CUDA1 0.997465 106447 40
CPU4 45.286565 106408 sgemm sgemm CUDA2 1.162752 106448 40
CPU4 44.865204 106409 sgemm sgemm CUDA3 1.172252 106449 40
CPU1 45.083501 106410 sgemm sgemm CUDA3 0.995621 106450 40
CPU10 44.874843 106411 sgemm sgemm CUDA3 1.157673 106451 40
CPU12 44.954168 106412 sgemm sgemm CUDA2 12.294605 106452 40
CPU3 45.081127 106413 sgemm sgemm CUDA2 0.145751 106453 40
CPU7 25.420107 106416 ssyrk ssyrk CPU18 76.661582 106456 40
CPU0 45.354614 106417 sgemm sgemm CUDA1 0.999551 106457 40
CPU9 45.035897 106418 sgemm sgemm CUDA1 1.170091 106458 40
CPU10 44.951057 106419 sgemm sgemm CUDA1 1.000171 106459 40
CPU16 44.863647 106420 sgemm sgemm CUDA1 1.172250 106460 40
CPU3 44.981090 106421 sgemm sgemm CUDA1 0.997975 106461 40
CPU14 45.226121 106422 sgemm sgemm CUDA0 0.997977 106462 40
CPU3 45.221512 106423 sgemm sgemm CUDA1 1.168119 106463 40
CPU11 44.790287 106424 sgemm sgemm CUDA0 1.168495 106464 40
CPU6 45.135380 106425 sgemm sgemm CUDA1 1.248783 106465 40
CPU4 45.061374 106426 sgemm sgemm CUDA1 1.282139 106466 40
CPU19 44.520701 106427 sgemm sgemm CUDA0 0.991279 106467 40
CPU6 45.306070 106428 sgemm sgemm CUDA0 0.996357 106468 40
CPU4 45.446966 106429 sgemm sgemm CUDA1 0.994748 106469 40
CPU11 44.948705 106430 sgemm sgemm CUDA1 0.986095 106470 40
CPU15 45.028718 106431 sgemm sgemm CUDA0 1.166404 106471 40
CPU13 45.037453 106432 sgemm sgemm CUDA0 0.985922 106472 40
CPU0 45.513362 106433 sgemm sgemm CUDA0 1.166691 106473 40
CPU15 44.691364 106434 sgemm sgemm CUDA2 0.117025 106474 40
CPU8 45.236276 106435 sgemm sgemm CUDA0 1.313584 106475 40
CPU3 45.042907 106436 sgemm sgemm CUDA0 1.214696 106476 40
CPU16 44.991219 106437 sgemm sgemm CUDA3 1.235147 106477 40
CPU14 45.112919 106438 sgemm sgemm CUDA1 1.167496 106478 40
CPU15 45.140956 106439 sgemm sgemm CUDA1 1.231146 106479 40
CPU19 45.058140 106440 sgemm sgemm CUDA2 1.201327 106480 40
CPU3 44.966084 106441 sgemm sgemm CUDA2 1.262079 106481 40
CPU2 44.891160 106442 sgemm sgemm CUDA3 1.160947 106482 40
CPU12 45.046891 106443 sgemm sgemm CUDA2 1.156434 106483 40
CPU0 44.701272 106444 sgemm sgemm CUDA2 1.168317 106484 40
CPU12 45.141667 106445 sgemm sgemm CUDA3 1.163876 106485 40
CPU18 45.052990 106446 sgemm sgemm CUDA0 1.164678 106486 40
CPU6 45.138787 106447 sgemm sgemm CUDA3 0.996406 106487 40
CPU3 45.069918 106448 sgemm sgemm CUDA2 0.100695 106488 40
CPU7 25.485861 106451 ssyrk ssyrk CPU35 97.557640 106491 40
CPU6 45.193534 106452 sgemm sgemm CUDA1 1.007954 106492 40
CPU9 45.221649 106453 sgemm sgemm CUDA2 1.169821 106493 40
CPU15 44.709829 106454 sgemm sgemm CUDA1 1.285900 106494 40
CPU11 44.812264 106455 sgemm sgemm CUDA1 12.881055 106495 40
CPU11 44.648041 106456 sgemm sgemm CUDA1 1.163810 106496 40
CPU7 45.409838 106457 sgemm sgemm CUDA0 1.254847 106497 40
CPU16 44.742044 106458 sgemm sgemm CUDA0 1.000950 106498 40
CPU9 45.149937 106459 sgemm sgemm CUDA1 0.067145 106499 40
CPU8 44.884549 106460 sgemm sgemm CUDA1 1.171067 106500 40
CPU12 44.971204 106461 sgemm sgemm CUDA0 0.998454 106501 40
CPU15 45.191241 106462 sgemm sgemm CUDA2 0.142379 106502 40
CPU4 45.512735 106463 sgemm sgemm CUDA0 1.174306 106503 40
CPU15 44.846811 106464 sgemm sgemm CUDA3 1.222144 106504 40
CPU14 44.694060 106465 sgemm sgemm CUDA3 0.118308 106505 40
CPU6 45.434674 106466 sgemm sgemm CUDA2 0.059802 106506 40
CPU2 44.916517 106467 sgemm sgemm CUDA1 1.213802 106507 40
CPU9 45.147936 106468 sgemm sgemm CUDA2 1.166235 106508 40
CPU14 44.943570 106469 sgemm sgemm CUDA3 0.996142 106509 40
CPU0 44.908324 106470 sgemm sgemm CUDA2 1.170392 106510 40
CPU11 45.000220 106471 sgemm sgemm CUDA3 12.539049 106511 40
CPU5 45.186696 106472 sgemm sgemm CUDA2 1.165823 106512 40
CPU15 45.099463 106473 sgemm sgemm CUDA2 1.277496 106513 40
CPU18 44.905421 106474 sgemm sgemm CUDA2 0.130671 106514 40
CPU8 44.882213 106475 sgemm sgemm CUDA2 0.996413 106515 40
CPU6 45.404855 106476 sgemm sgemm CUDA2 1.172775 106516 40
CPU1 45.229252 106477 sgemm sgemm CUDA3 1.155926 106517 40
CPU5 44.657692 106478 sgemm sgemm CUDA3 0.994712 106518 40
CPU9 44.868620 106479 sgemm sgemm CUDA3 0.987330 106519 40
CPU12 44.942845 106480 sgemm sgemm CUDA0 0.992463 106520 40
CPU15 44.973028 106481 sgemm sgemm CUDA3 1.174387 106521 40
CPU2 45.004622 106482 sgemm sgemm CUDA3 0.053028 106522 40
CPU19 25.022356 106485 ssyrk ssyrk CPU -1 106525 40
CPU16 44.628169 106486 sgemm sgemm CUDA1 1.001521 106526 40
CPU15 44.711402 106487 sgemm sgemm CUDA1 1.165569 106527 40
CPU18 44.564125 106488 sgemm sgemm CUDA1 1.001545 106528 40
CPU9 45.366386 106489 sgemm sgemm CUDA1 1.179766 106529 40
CPU6 45.354051 106490 sgemm sgemm CUDA1 1.165495 106530 40
CPU4 45.332093 106491 sgemm sgemm CUDA1 1.157034 106531 40
CPU5 45.123306 106492 sgemm sgemm CUDA1 1.165738 106532 40
CPU3 45.119689 106493 sgemm sgemm CUDA1 0.997240 106533 40
CPU18 44.707448 106494 sgemm sgemm CUDA0 0.990664 106534 40
CPU15 44.666845 106495 sgemm sgemm CUDA0 0.997898 106535 40
CPU1 45.282091 106496 sgemm sgemm CUDA0 0.990519 106536 40
CPU13 44.747243 106497 sgemm sgemm CUDA1 1.164667 106537 40
CPU14 44.807464 106498 sgemm sgemm CUDA0 1.300400 106538 40
CPU16 44.558077 106499 sgemm sgemm CUDA0 1.169106 106539 40
CPU1 44.907563 106500 sgemm sgemm CUDA0 15.191894 106540 40
CPU6 45.460849 106501 sgemm sgemm CUDA2 1.162322 106541 40
CPU5 45.154268 106502 sgemm sgemm CUDA0 1.168655 106542 40
CPU2 44.924490 106503 sgemm sgemm CUDA0 0.998803 106543 40
CPU2 45.102321 106504 sgemm sgemm CUDA3 0.989865 106544 40
CPU5 45.512751 106505 sgemm sgemm CUDA1 0.998304 106545 40
CPU15 44.755310 106506 sgemm sgemm CUDA2 12.476207 106546 40
CPU18 44.872045 106507 sgemm sgemm CUDA1 0.093419 106547 40
CPU4 44.994202 106508 sgemm sgemm CUDA2 0.063642 106548 40
CPU13 44.893079 106509 sgemm sgemm CUDA3 1.168684 106549 40
CPU18 44.674744 106510 sgemm sgemm CUDA3 1.178000 106550 40
CPU4 44.834682 106511 sgemm sgemm CUDA2 1.169394 106551 40
CPU8 45.069275 106512 sgemm sgemm CUDA2 1.166723 106552 40
CPU4 45.495247 106513 sgemm sgemm CUDA1 0.122363 106553 40
CPU1 45.053305 106514 sgemm sgemm CUDA2 1.165390 106554 40
CPU3 44.876104 106515 sgemm sgemm CUDA3 0.056454 106555 40
CPU11 24.781560 106518 ssyrk ssyrk CPU -1 106558 40
CPU10 45.081483 106519 sgemm sgemm CUDA1 1.167248 106559 40
CPU11 44.568054 106520 sgemm sgemm CUDA1 1.319734 106560 40
CPU16 44.617775 106521 sgemm sgemm CUDA2 1.168935 106561 40
CPU8 45.282977 106522 sgemm sgemm CUDA1 0.996597 106562 40
CPU15 44.585946 106523 sgemm sgemm CUDA2 1.221553 106563 40
CPU10 44.552556 106524 sgemm sgemm CUDA2 1.150612 106564 40
CPU11 44.678915 106525 sgemm sgemm CUDA1 1.000665 106565 40
CPU10 44.713124 106526 sgemm sgemm CUDA0 1.002930 106566 40
CPU19 44.723728 106527 sgemm sgemm CUDA2 1.165784 106567 40
CPU11 44.602652 106528 sgemm sgemm CUDA1 1.167528 106568 40
CPU12 44.716800 106529 sgemm sgemm CUDA1 1.162940 106569 40
CPU16 44.574651 106530 sgemm sgemm CUDA2 1.211200 106570 40
CPU14 45.062719 106531 sgemm sgemm CUDA2 1.170005 106571 40
CPU18 44.373015 106532 sgemm sgemm CUDA1 1.165038 106572 40
CPU2 45.324401 106533 sgemm sgemm CUDA2 1.000846 106573 40
CPU12 45.132457 106534 sgemm sgemm CUDA3 1.156206 106574 40
CPU5 44.988388 106535 sgemm sgemm CUDA0 1.239014 106575 40
CPU10 44.979600 106536 sgemm sgemm CUDA0 12.362763 106576 40
CPU15 45.099063 106537 sgemm sgemm CUDA2 0.079345 106577 40
CPU13 44.873384 106538 sgemm sgemm CUDA1 1.169954 106578 40
CPU18 44.632337 106539 sgemm sgemm CUDA2 0.984932 106579 40
CPU9 44.942586 106540 sgemm sgemm CUDA2 0.995163 106580 40
CPU11 44.894687 106541 sgemm sgemm CUDA1 1.168196 106581 40
CPU4 45.560411 106542 sgemm sgemm CUDA3 12.532614 106582 40
CPU9 44.774839 106543 sgemm sgemm CUDA3 1.162360 106583 40
CPU5 44.806749 106544 sgemm sgemm CUDA2 12.129731 106584 40
CPU12 44.970727 106545 sgemm sgemm CUDA0 0.182637 106585 40
CPU2 44.977484 106546 sgemm sgemm CUDA2 1.211782 106586 40
CPU3 44.890476 106547 sgemm sgemm CUDA3 1.157443 106587 40
CPU18 25.073806 106550 ssyrk ssyrk CPU14 97.857395 106590 40
CPU12 44.611614 106551 sgemm sgemm CUDA1 1.238162 106591 40
CPU12 44.959912 106552 sgemm sgemm CUDA1 0.995306 106592 40
CPU0 45.498635 106553 sgemm sgemm CUDA1 1.228074 106593 40
CPU5 44.756068 106554 sgemm sgemm CUDA1 0.994878 106594 40
CPU13 44.955374 106555 sgemm sgemm CUDA1 0.997145 106595 40
CPU16 44.912581 106556 sgemm sgemm CUDA1 1.160681 106596 40
CPU14 44.992319 106557 sgemm sgemm CUDA1 1.167251 106597 40
CPU13 44.920293 106558 sgemm sgemm CUDA3 1.166938 106598 40
CPU16 44.901406 106559 sgemm sgemm CUDA3 0.998394 106599 40
CPU19 45.277902 106560 sgemm sgemm CUDA1 0.112049 106600 40
CPU14 44.913044 106561 sgemm sgemm CUDA3 0.996218 106601 40
CPU0 45.263991 106562 sgemm sgemm CUDA1 0.999346 106602 40
CPU10 45.009811 106563 sgemm sgemm CUDA1 0.993806 106603 40
CPU12 44.953383 106564 sgemm sgemm CUDA3 1.219203 106604 40
CPU4 45.128433 106565 sgemm sgemm CUDA3 12.399557 106605 40
CPU2 44.877071 106566 sgemm sgemm CUDA0 1.163296 106606 40
CPU2 44.903400 106567 sgemm sgemm CUDA0 1.170344 106607 40
CPU9 45.083690 106568 sgemm sgemm CUDA1 1.294246 106608 40
CPU3 45.121679 106569 sgemm sgemm CUDA3 1.165953 106609 40
CPU18 44.966483 106570 sgemm sgemm CUDA0 13.190308 106610 40
CPU5 45.087660 106571 sgemm sgemm CUDA3 0.995631 106611 40
CPU8 45.143562 106572 sgemm sgemm CUDA3 0.995981 106612 40
CPU18 44.722783 106573 sgemm sgemm CUDA3 1.176474 106613 40
CPU6 44.865321 106574 sgemm sgemm CUDA3 0.999467 106614 40
CPU8 44.644719 106575 sgemm sgemm CUDA3 17.793215 106615 40
CPU8 45.196672 106576 sgemm sgemm CUDA0 0.997870 106616 40
CPU8 45.047417 106577 sgemm sgemm CUDA1 0.958286 106617 40
CPU0 45.071347 106578 sgemm sgemm CUDA3 1.169891 106618 40
CPU1 25.067366 106581 ssyrk ssyrk CPU -1 106621 40
CPU16 44.720382 106582 sgemm sgemm CUDA2 1.249842 106622 40
CPU3 45.241340 106583 sgemm sgemm CUDA1 1.216913 106623 40
CPU11 44.622380 106584 sgemm sgemm CUDA2 0.995135 106624 40
CPU7 45.163767 106585 sgemm sgemm CUDA2 12.506266 106625 40
CPU5 44.992505 106586 sgemm sgemm CUDA1 1.000857 106626 40
CPU13 44.923712 106587 sgemm sgemm CUDA0 1.050418 106627 40
CPU8 45.142368 106588 sgemm sgemm CUDA2 1.165225 106628 40
CPU14 44.876979 106589 sgemm sgemm CUDA1 1.164921 106629 40
CPU14 45.052960 106590 sgemm sgemm CUDA1 1.170671 106630 40
CPU5 45.291615 106591 sgemm sgemm CUDA0 1.165163 106631 40
CPU16 45.179858 106592 sgemm sgemm CUDA2 0.995806 106632 40
CPU7 45.211503 106593 sgemm sgemm CUDA1 1.167376 106633 40
CPU4 45.511227 106594 sgemm sgemm CUDA2 0.998654 106634 40
CPU12 45.038842 106595 sgemm sgemm CUDA0 1.199196 106635 40
CPU7 45.204461 106596 sgemm sgemm CUDA2 12.489460 106636 40
CPU8 44.806999 106597 sgemm sgemm CUDA0 0.996279 106637 40
CPU8 45.141086 106598 sgemm sgemm CUDA1 1.164673 106638 40
CPU4 45.357395 106599 sgemm sgemm CUDA2 1.155555 106639 40
CPU18 44.799871 106600 sgemm sgemm CUDA0 0.999237 106640 40
CPU1 44.973104 106601 sgemm sgemm CUDA2 0.994277 106641 40
CPU5 45.201240 106602 sgemm sgemm CUDA2 0.998485 106642 40
CPU17 44.918991 106603 sgemm sgemm CUDA3 1.171900 106643 40
CPU8 44.983265 106604 sgemm sgemm CUDA3 1.179143 106644 40
CPU7 45.238473 106605 sgemm sgemm CUDA2 0.305271 106645 40
CPU3 45.397833 106606 sgemm sgemm CUDA3 1.163734 106646 40
CPU8 45.090545 106607 sgemm sgemm CUDA2 0.936355 106647 40
CPU6 45.239487 106608 sgemm sgemm CUDA3 0.134782 106648 40
CPU19 25.146691 106611 ssyrk ssyrk CPU -1 106651 40
CPU13 44.878356 106612 sgemm sgemm CUDA1 0.051950 106652 40
CPU11 44.916519 106613 sgemm sgemm CUDA2 1.167677 106653 40
CPU14 45.016349 106614 sgemm sgemm CUDA2 0.997626 106654 40
CPU7 45.235540 106615 sgemm sgemm CUDA2 0.993209 106655 40
CPU18 44.724605 106616 sgemm sgemm CUDA0 0.995427 106656 40
CPU15 44.863168 106617 sgemm sgemm CUDA3 0.123985 106657 40
CPU3 45.046923 106618 sgemm sgemm CUDA3 0.998898 106658 40
CPU2 45.061759 106619 sgemm sgemm CUDA3 1.005025 106659 40
CPU15 45.223385 106620 sgemm sgemm CUDA3 3.906436 106660 40
CPU19 44.989346 106621 sgemm sgemm CUDA2 0.989441 106661 40
CPU19 45.218926 106622 sgemm sgemm CUDA1 12.949096 106662 40
CPU3 45.238862 106623 sgemm sgemm CUDA3 1.003098 106663 40
CPU0 45.526409 106624 sgemm sgemm CUDA3 0.057364 106664 40
CPU5 45.687099 106625 sgemm sgemm CUDA2 1.112764 106665 40
CPU4 45.331134 106626 sgemm sgemm CUDA3 0.997510 106666 40
CPU11 45.153933 106627 sgemm sgemm CUDA2 1.171459 106667 40
CPU7 45.491678 106628 sgemm sgemm CUDA2 1.158642 106668 40
CPU18 44.720518 106629 sgemm sgemm CUDA2 0.997751 106669 40
CPU6 45.006215 106630 sgemm sgemm CUDA2 1.001097 106670 40
CPU15 44.726823 106631 sgemm sgemm CUDA2 0.064059 106671 40
CPU16 44.804110 106632 sgemm sgemm CUDA3 0.993669 106672 40
CPU2 44.918123 106633 sgemm sgemm CUDA2 1.006351 106673 40
CPU3 44.763989 106634 sgemm sgemm CUDA2 1.170492 106674 40
CPU15 44.841163 106635 sgemm sgemm CUDA2 1.166816 106675 40
CPU0 45.640961 106636 sgemm sgemm CUDA1 1.162954 106676 40
CPU9 44.740901 106637 sgemm sgemm CUDA3 1.169476 106677 40
CPU0 25.726597 106640 ssyrk ssyrk CPU -1 106680 40
CPU13 45.060959 106641 sgemm sgemm CUDA0 1.162085 106681 40
CPU15 44.914418 106642 sgemm sgemm CUDA1 0.999522 106682 40
CPU10 44.901673 106643 sgemm sgemm CUDA1 1.210977 106683 40
CPU5 45.339462 106644 sgemm sgemm CUDA1 0.998395 106684 40
CPU13 44.916551 106645 sgemm sgemm CUDA3 1.168157 106685 40
CPU3 45.049249 106646 sgemm sgemm CUDA3 1.221648 106686 40
CPU15 44.848390 106647 sgemm sgemm CUDA1 1.237517 106687 40
CPU16 44.794167 106648 sgemm sgemm CUDA3 1.175879 106688 40
CPU4 45.299715 106649 sgemm sgemm CUDA0 0.074805 106689 40
CPU15 44.764163 106650 sgemm sgemm CUDA0 1.219125 106690 40
CPU9 45.355982 106651 sgemm sgemm CUDA3 0.999161 106691 40
CPU3 45.442406 106652 sgemm sgemm CUDA0 0.991238 106692 40
CPU5 45.029675 106653 sgemm sgemm CUDA0 0.992577 106693 40
CPU15 44.973646 106654 sgemm sgemm CUDA0 0.993954 106694 40
CPU6 45.454460 106655 sgemm sgemm CUDA2 1.165491 106695 40
CPU13 44.773723 106656 sgemm sgemm CUDA2 12.736177 106696 40
CPU18 44.694218 106657 sgemm sgemm CUDA0 1.164600 106697 40
CPU0 45.341390 106658 sgemm sgemm CUDA3 0.055722 106698 40
CPU7 45.808514 106659 sgemm sgemm CUDA1 0.996115 106699 40
CPU2 45.237245 106660 sgemm sgemm CUDA0 1.395249 106700 40
CPU2 44.935755 106661 sgemm sgemm CUDA2 1.000750 106701 40
CPU8 45.138806 106662 sgemm sgemm CUDA3 1.001702 106702 40
CPU16 44.711798 106663 sgemm sgemm CUDA2 1.167357 106703 40
CPU4 45.195581 106664 sgemm sgemm CUDA1 1.174284 106704 40
CPU8 44.933967 106665 sgemm sgemm CUDA3 1.308358 106705 40
CPU6 25.345827 106668 ssyrk ssyrk CPU -1 106708 40
CPU6 44.966573 106669 sgemm sgemm CUDA1 1.154912 106709 40
CPU6 44.965522 106670 sgemm sgemm CUDA1 0.992544 106710 40
CPU9 44.959943 106671 sgemm sgemm CUDA1 1.167368 106711 40
CPU7 45.300135 106672 sgemm sgemm CUDA1 1.160585 106712 40
CPU12 44.972120 106673 sgemm sgemm CUDA1 1.234277 106713 40
CPU14 44.928114 106674 sgemm sgemm CUDA1 0.996145 106714 40
CPU11 44.845264 106675 sgemm sgemm CUDA0 1.217216 106715 40
CPU0 45.613352 106676 sgemm sgemm CUDA0 1.006013 106716 40
CPU7 44.948686 106677 sgemm sgemm CUDA0 0.994106 106717 40
CPU1 45.366201 106678 sgemm sgemm CUDA1 0.989746 106718 40
CPU10 44.927791 106679 sgemm sgemm CUDA0 0.993384 106719 40
CPU7 44.962737 106680 sgemm sgemm CUDA0 12.067156 106720 40
CPU3 44.828927 106681 sgemm sgemm CUDA3 1.165151 106721 40
CPU19 45.344094 106682 sgemm sgemm CUDA0 0.997660 106722 40
CPU16 44.941010 106683 sgemm sgemm CUDA2 0.996497 106723 40
CPU18 44.873816 106684 sgemm sgemm CUDA2 1.000534 106724 40
CPU9 44.752998 106685 sgemm sgemm CUDA3 0.990271 106725 40
CPU7 45.395974 106686 sgemm sgemm CUDA1 1.157094 106726 40
CPU18 44.526936 106687 sgemm sgemm CUDA3 1.172151 106727 40
CPU5 44.770274 106688 sgemm sgemm CUDA3 0.983724 106728 40
CPU11 44.890162 106689 sgemm sgemm CUDA3 0.996970 106729 40
CPU8 45.448037 106690 sgemm sgemm CUDA0 1.165711 106730 40
CPU19 45.004281 106691 sgemm sgemm CUDA1 1.177407 106731 40
CPU6 44.889394 106692 sgemm sgemm CUDA3 1.170356 106732 40
CPU5 25.140629 106695 ssyrk ssyrk CPU15 97.893863 106735 40
CPU10 45.175827 106696 sgemm sgemm CUDA2 1.002789 106736 40
CPU1 45.092168 106697 sgemm sgemm CUDA1 1.145530 106737 40
CPU19 44.833668 106698 sgemm sgemm CUDA2 1.170253 106738 40
CPU16 44.644985 106699 sgemm sgemm CUDA1 1.003311 106739 40
CPU0 45.616792 106700 sgemm sgemm CUDA1 1.164798 106740 40
CPU13 44.835249 106701 sgemm sgemm CUDA2 0.179946 106741 40
CPU7 45.438862 106702 sgemm sgemm CUDA2 1.165880 106742 40
CPU19 44.849571 106703 sgemm sgemm CUDA1 1.169375 106743 40
CPU13 44.809642 106704 sgemm sgemm CUDA2 0.068786 106744 40
CPU0 45.672806 106705 sgemm sgemm CUDA2 1.321867 106745 40
CPU8 45.027193 106706 sgemm sgemm CUDA2 1.164864 106746 40
CPU11 44.934170 106707 sgemm sgemm CUDA3 0.997564 106747 40
CPU13 45.302721 106708 sgemm sgemm CUDA2 0.999285 106748 40
CPU12 45.153357 106709 sgemm sgemm CUDA2 1.166509 106749 40
CPU18 44.671082 106710 sgemm sgemm CUDA3 0.996911 106750 40
CPU8 44.701803 106711 sgemm sgemm CUDA2 0.978813 106751 40
CPU1 45.206760 106712 sgemm sgemm CUDA2 1.165564 106752 40
CPU16 44.817928 106713 sgemm sgemm CUDA2 1.002024 106753 40
CPU3 45.137966 106714 sgemm sgemm CUDA2 1.167365 106754 40
CPU6 45.119554 106715 sgemm sgemm CUDA2 1.169345 106755 40
CPU1 45.353476 106716 sgemm sgemm CUDA2 1.171729 106756 40
CPU15 44.694744 106717 sgemm sgemm CUDA3 12.310763 106757 40
CPU7 44.911931 106718 sgemm sgemm CUDA2 1.050506 106758 40
CPU1 25.021807 106721 ssyrk ssyrk CPU23 97.112724 106761 40
CPU15 44.945692 106722 sgemm sgemm CUDA1 1.001757 106762 40
CPU19 45.049825 106723 sgemm sgemm CUDA2 1.168915 106763 40
CPU11 44.797984 106724 sgemm sgemm CUDA1 0.996050 106764 40
CPU15 44.838739 106725 sgemm sgemm CUDA3 1.166365 106765 40
CPU16 45.184446 106726 sgemm sgemm CUDA2 1.165397 106766 40
CPU19 45.101822 106727 sgemm sgemm CUDA2 0.051929 106767 40
CPU10 45.037666 106728 sgemm sgemm CUDA1 1.167490 106768 40
CPU4 45.327626 106729 sgemm sgemm CUDA2 0.998377 106769 40
CPU1 44.833541 106730 sgemm sgemm CUDA3 13.124423 106770 40
CPU1 45.055281 106731 sgemm sgemm CUDA0 0.998724 106771 40
CPU14 46.182697 106732 sgemm sgemm CUDA0 0.995809 106772 40
CPU13 44.775199 106733 sgemm sgemm CUDA2 1.174443 106773 40
CPU15 44.890428 106734 sgemm sgemm CUDA3 1.168923 106774 40
CPU19 44.972846 106735 sgemm sgemm CUDA0 1.003275 106775 40
CPU0 44.973572 106736 sgemm sgemm CUDA3 1.053358 106776 40
CPU15 44.654185 106737 sgemm sgemm CUDA2 1.222215 106777 40
CPU18 44.508686 106738 sgemm sgemm CUDA3 2.065118 106778 40
CPU11 44.877128 106739 sgemm sgemm CUDA2 0.997580 106779 40
CPU13 45.178372 106740 sgemm sgemm CUDA0 1.003163 106780 40
CPU10 44.733856 106741 sgemm sgemm CUDA2 11.939548 106781 40
CPU14 44.827230 106742 sgemm sgemm CUDA3 1.222393 106782 40
CPU7 44.872269 106743 sgemm sgemm CUDA2 1.002460 106783 40
CPU19 25.408514 106746 ssyrk ssyrk CPU -1 106786 40
CPU5 45.329857 106747 sgemm sgemm CUDA1 0.997066 106787 40
CPU6 45.259660 106748 sgemm sgemm CUDA0 0.997350 106788 40
CPU11 44.799616 106749 sgemm sgemm CUDA3 1.170106 106789 40
CPU8 45.360439 106750 sgemm sgemm CUDA0 1.171385 106790 40
CPU5 45.278708 106751 sgemm sgemm CUDA2 0.981791 106791 40
CPU11 44.610257 106752 sgemm sgemm CUDA0 0.995075 106792 40
CPU19 44.805651 106753 sgemm sgemm CUDA3 0.993035 106793 40
CPU14 44.951625 106754 sgemm sgemm CUDA0 0.065707 106794 40
CPU6 45.022101 106755 sgemm sgemm CUDA2 1.167884 106795 40
CPU16 45.084073 106756 sgemm sgemm CUDA0 14.473205 106796 40
CPU4 45.685595 106757 sgemm sgemm CUDA2 0.993093 106797 40
CPU13 44.934907 106758 sgemm sgemm CUDA2 1.000180 106798 40
CPU18 44.909283 106759 sgemm sgemm CUDA0 1.295204 106799 40
CPU2 44.835208 106760 sgemm sgemm CUDA3 0.998535 106800 40
CPU14 44.793750 106761 sgemm sgemm CUDA2 0.995354 106801 40
CPU1 45.310285 106762 sgemm sgemm CUDA3 1.169993 106802 40
CPU2 44.793581 106763 sgemm sgemm CUDA2 1.003586 106803 40
CPU10 45.268484 106764 sgemm sgemm CUDA0 0.995417 106804 40
CPU13 44.727249 106765 sgemm sgemm CUDA2 0.051557 106805 40
CPU6 45.182663 106766 sgemm sgemm CUDA2 1.129652 106806 40
CPU4 45.081241 106767 sgemm sgemm CUDA2 1.168698 106807 40
CPU4 25.778764 106770 ssyrk ssyrk CPU -1 106810 40
CPU12 44.934494 106771 sgemm sgemm CUDA2 0.993113 106811 40
CPU7 45.311537 106772 sgemm sgemm CUDA3 1.001208 106812 40
CPU12 44.825219 106773 sgemm sgemm CUDA3 1.164061 106813 40
CPU2 45.099343 106774 sgemm sgemm CUDA2 1.169523 106814 40
CPU0 45.642191 106775 sgemm sgemm CUDA1 1.055983 106815 40
CPU2 45.339552 106776 sgemm sgemm CUDA2 1.166091 106816 40
CPU13 44.745429 106777 sgemm sgemm CUDA3 0.997474 106817 40
CPU16 44.913395 106778 sgemm sgemm CUDA0 1.167110 106818 40
CPU5 44.907274 106779 sgemm sgemm CUDA3 0.991907 106819 40
CPU14 44.862131 106780 sgemm sgemm CUDA2 0.993970 106820 40
CPU2 45.630458 106781 sgemm sgemm CUDA2 8.115738 106821 40
CPU10 44.821098 106782 sgemm sgemm CUDA3 0.998499 106822 40
CPU14 45.106546 106783 sgemm sgemm CUDA3 1.172261 106823 40
CPU6 45.396883 106784 sgemm sgemm CUDA3 1.165523 106824 40
CPU2 45.265856 106785 sgemm sgemm CUDA2 1.001069 106825 40
CPU6 45.168659 106786 sgemm sgemm CUDA3 12.347732 106826 40
CPU15 44.695020 106787 sgemm sgemm CUDA3 0.087937 106827 40
CPU6 45.187440 106788 sgemm sgemm CUDA2 0.048356 106828 40
CPU11 44.730183 106789 sgemm sgemm CUDA1 0.986455 106829 40
CPU14 45.334605 106790 sgemm sgemm CUDA3 1.163267 106830 40
CPU14 24.962571 106793 ssyrk ssyrk CPU -1 106833 40
CPU16 44.718553 106794 sgemm sgemm CUDA3 1.168608 106834 40
CPU0 45.614386 106795 sgemm sgemm CUDA2 12.240544 106835 40
CPU5 45.230532 106796 sgemm sgemm CUDA2 0.987829 106836 40
CPU14 45.176016 106797 sgemm sgemm CUDA0 0.996602 106837 40
CPU3 45.507259 106798 sgemm sgemm CUDA2 1.154269 106838 40
CPU10 45.186605 106799 sgemm sgemm CUDA3 4.763382 106839 40
CPU13 44.996050 106800 sgemm sgemm CUDA0 0.998501 106840 40
CPU11 44.882042 106801 sgemm sgemm CUDA0 1.155470 106841 40
CPU3 45.412435 106802 sgemm sgemm CUDA1 1.168711 106842 40
CPU11 44.726548 106803 sgemm sgemm CUDA3 1.000698 106843 40
CPU18 44.383038 106804 sgemm sgemm CUDA0 0.068483 106844 40
CPU14 44.669072 106805 sgemm sgemm CUDA3 1.165865 106845 40
CPU1 45.116296 106806 sgemm sgemm CUDA2 1.171921 106846 40
CPU1 45.252118 106807 sgemm sgemm CUDA1 1.404945 106847 40
CPU1 45.219593 106808 sgemm sgemm CUDA2 1.168445 106848 40
CPU12 44.924206 106809 sgemm sgemm CUDA2 0.936792 106849 40
CPU14 45.034612 106810 sgemm sgemm CUDA0 1.280869 106850 40
CPU16 44.972653 106811 sgemm sgemm CUDA2 1.192461 106851 40
CPU4 44.992638 106812 sgemm sgemm CUDA2 1.220476 106852 40
CPU3 25.034478 106815 ssyrk ssyrk CPU -1 106855 40
CPU16 44.930461 106816 sgemm sgemm CUDA3 1.194001 106856 40
CPU13 45.092034 106817 sgemm sgemm CUDA1 0.997737 106857 40
CPU3 45.165962 106818 sgemm sgemm CUDA1 1.168187 106858 40
CPU10 45.140802 106819 sgemm sgemm CUDA1 1.000863 106859 40
CPU8 45.335468 106820 sgemm sgemm CUDA0 0.995150 106860 40
CPU1 45.043312 106821 sgemm sgemm CUDA0 1.002311 106861 40
CPU0 45.759429 106822 sgemm sgemm CUDA0 0.054356 106862 40
CPU14 44.889439 106823 sgemm sgemm CUDA1 1.001668 106863 40
CPU4 45.201893 106824 sgemm sgemm CUDA1 1.166114 106864 40
CPU18 44.484521 106825 sgemm sgemm CUDA3 1.000467 106865 40
CPU3 44.908902 106826 sgemm sgemm CUDA3 1.289043 106866 40
CPU16 45.169373 106827 sgemm sgemm CUDA3 1.171065 106867 40
CPU12 44.884269 106828 sgemm sgemm CUDA3 1.005178 106868 40
CPU1 44.841078 106829 sgemm sgemm CUDA3 0.076607 106869 40
CPU1 45.365051 106830 sgemm sgemm CUDA3 8.108868 106870 40
CPU6 45.411502 106831 sgemm sgemm CUDA3 0.058486 106871 40
CPU15 44.711545 106832 sgemm sgemm CUDA3 1.217819 106872 40
CPU5 44.742603 106833 sgemm sgemm CUDA3 16.767266 106873 40
CPU13 25.164221 106836 ssyrk ssyrk CPU -1 106876 40
CPU12 45.015538 106837 sgemm sgemm CUDA2 0.999322 106877 40
CPU13 44.686943 106838 sgemm sgemm CUDA0 1.165298 106878 40
CPU6 45.440281 106839 sgemm sgemm CUDA0 1.165809 106879 40
CPU12 44.947408 106840 sgemm sgemm CUDA3 13.005792 106880 40
CPU13 44.842833 106841 sgemm sgemm CUDA0 1.217262 106881 40
CPU8 45.042182 106842 sgemm sgemm CUDA3 1.002731 106882 40
CPU4 45.387802 106843 sgemm sgemm CUDA2 0.997552 106883 40
CPU7 45.443145 106844 sgemm sgemm CUDA2 0.993595 106884 40
CPU18 44.601203 106845 sgemm sgemm CUDA3 0.047949 106885 40
CPU13 44.981244 106846 sgemm sgemm CUDA2 1.004175 106886 40
CPU15 44.798231 106847 sgemm sgemm CUDA2 0.994079 106887 40
CPU3 45.317415 106848 sgemm sgemm CUDA3 1.109234 106888 40
CPU8 44.861977 106849 sgemm sgemm CUDA3 0.984509 106889 40
CPU9 45.231526 106850 sgemm sgemm CUDA2 8.170049 106890 40
CPU16 44.871714 106851 sgemm sgemm CUDA3 0.987459 106891 40
CPU8 45.217465 106852 sgemm sgemm CUDA2 1.168309 106892 40
CPU8 44.992525 106853 sgemm sgemm CUDA2 1.166210 106893 40
CPU16 24.809888 106856 ssyrk ssyrk CPU20 91.344489 106896 40
CPU16 45.007810 106857 sgemm sgemm CUDA0 0.997511 106897 40
CPU10 44.900112 106858 sgemm sgemm CUDA0 0.997418 106898 40
CPU3 45.220787 106859 sgemm sgemm CUDA0 12.630574 106899 40
CPU16 44.890088 106860 sgemm sgemm CUDA2 0.994397 106900 40
CPU16 44.791935 106861 sgemm sgemm CUDA2 0.104885 106901 40
CPU10 44.842924 106862 sgemm sgemm CUDA0 1.169338 106902 40
CPU5 45.245437 106863 sgemm sgemm CUDA2 1.266847 106903 40
CPU11 44.552888 106864 sgemm sgemm CUDA0 0.997740 106904 40
CPU16 44.949937 106865 sgemm sgemm CUDA2 11.947307 106905 40
CPU0 45.382985 106866 sgemm sgemm CUDA2 11.639540 106906 40
CPU12 44.921521 106867 sgemm sgemm CUDA2 0.998433 106907 40
CPU11 44.785900 106868 sgemm sgemm CUDA2 0.045705 106908 40
CPU16 44.920080 106869 sgemm sgemm CUDA0 0.868134 106909 40
CPU3 45.602050 106870 sgemm sgemm CUDA0 1.221124 106910 40
CPU13 44.988635 106871 sgemm sgemm CUDA0 0.991534 106911 40
CPU8 44.674022 106872 sgemm sgemm CUDA2 1.155194 106912 40
CPU5 25.392673 106875 ssyrk ssyrk CPU12 92.440987 106915 40
CPU9 45.177593 106876 sgemm sgemm CUDA0 1.051084 106916 40
CPU14 44.908041 106877 sgemm sgemm CUDA0 0.991262 106917 40
CPU9 44.983236 106878 sgemm sgemm CUDA0 1.161389 106918 40
CPU12 45.021323 106879 sgemm sgemm CUDA0 1.165221 106919 40
CPU9 45.242830 106880 sgemm sgemm CUDA1 1.171346 106920 40
CPU0 45.543784 106881 sgemm sgemm CUDA0 1.192342 106921 40
CPU18 44.527983 106882 sgemm sgemm CUDA3 1.001207 106922 40
CPU2 45.013922 106883 sgemm sgemm CUDA3 1.137397 106923 40
CPU9 45.008272 106884 sgemm sgemm CUDA3 0.665798 106924 40
CPU11 44.906572 106885 sgemm sgemm CUDA1 1.165332 106925 40
CPU6 45.178959 106886 sgemm sgemm CUDA1 2.555633 106926 40
CPU3 45.058846 106887 sgemm sgemm CUDA3 1.163102 106927 40
CPU12 45.254456 106888 sgemm sgemm CUDA0 1.155456 106928 40
CPU15 44.839058 106889 sgemm sgemm CUDA1 0.990559 106929 40
CPU9 44.806492 106890 sgemm sgemm CUDA3 0.992801 106930 40
CPU12 24.979084 106893 ssyrk ssyrk CPU -1 106933 40
CPU11 44.570145 106894 sgemm sgemm CUDA0 1.170803 106934 40
CPU11 44.600645 106895 sgemm sgemm CUDA2 1.225873 106935 40
CPU5 45.181035 106896 sgemm sgemm CUDA2 1.173637 106936 40
CPU2 45.018604 106897 sgemm sgemm CUDA2 5.943129 106937 40
CPU11 44.737450 106898 sgemm sgemm CUDA1 12.755338 106938 40
CPU12 44.725869 106899 sgemm sgemm CUDA2 0.095600 106939 40
CPU11 44.592301 106900 sgemm sgemm CUDA2 1.000002 106940 40
CPU16 44.681073 106901 sgemm sgemm CUDA2 0.999424 106941 40
CPU16 44.838339 106902 sgemm sgemm CUDA1 1.223257 106942 40
CPU9 45.104559 106903 sgemm sgemm CUDA2 0.996040 106943 40
CPU12 44.988374 106904 sgemm sgemm CUDA2 1.216995 106944 40
CPU7 45.233053 106905 sgemm sgemm CUDA2 1.225584 106945 40
CPU11 44.930050 106906 sgemm sgemm CUDA0 1.160194 106946 40
CPU3 44.808620 106907 sgemm sgemm CUDA2 0.989043 106947 40
CPU5 25.471563 106910 ssyrk ssyrk CPU -1 106950 40
CPU8 44.891223 106911 sgemm sgemm CUDA0 1.169626 106951 40
CPU8 45.270010 106912 sgemm sgemm CUDA3 0.999445 106952 40
CPU13 44.806604 106913 sgemm sgemm CUDA2 0.949922 106953 40
CPU10 44.789444 106914 sgemm sgemm CUDA2 1.173443 106954 40
CPU4 45.574883 106915 sgemm sgemm CUDA3 1.167004 106955 40
CPU9 45.191987 106916 sgemm sgemm CUDA3 1.151622 106956 40
CPU4 45.573518 106917 sgemm sgemm CUDA3 0.155558 106957 40
CPU6 45.271522 106918 sgemm sgemm CUDA2 1.185045 106958 40
CPU5 44.809723 106919 sgemm sgemm CUDA3 0.995101 106959 40
CPU2 45.201680 106920 sgemm sgemm CUDA2 0.995034 106960 40
CPU13 44.985258 106921 sgemm sgemm CUDA3 1.169029 106961 40
CPU10 44.941676 106922 sgemm sgemm CUDA2 1.162324 106962 40
CPU3 44.739169 106923 sgemm sgemm CUDA3 0.990854 106963 40
CPU4 25.372415 106926 ssyrk ssyrk CPU -1 106966 40
CPU11 44.871623 106927 sgemm sgemm CUDA2 1.247483 106967 40
CPU11 44.964214 106928 sgemm sgemm CUDA0 1.001741 106968 40
CPU14 45.147565 106929 sgemm sgemm CUDA2 0.993691 106969 40
CPU18 44.821100 106930 sgemm sgemm CUDA0 1.160650 106970 40
CPU3 44.812977 106931 sgemm sgemm CUDA2 12.265244 106971 40
CPU13 45.078492 106932 sgemm sgemm CUDA3 1.166544 106972 40
CPU10 45.120047 106933 sgemm sgemm CUDA0 1.212626 106973 40
CPU10 45.261307 106934 sgemm sgemm CUDA2 1.165462 106974 40
CPU4 45.034886 106935 sgemm sgemm CUDA0 1.160011 106975 40
CPU12 45.013174 106936 sgemm sgemm CUDA2 0.939378 106976 40
CPU13 45.185227 106937 sgemm sgemm CUDA0 1.156257 106977 40
CPU5 44.819199 106938 sgemm sgemm CUDA2 0.566876 106978 40
CPU9 24.696940 106941 ssyrk ssyrk CPU10 97.717827 106981 40
CPU3 45.018195 106942 sgemm sgemm CUDA2 1.165175 106982 40
CPU3 45.151548 106943 sgemm sgemm CUDA2 0.049545 106983 40
CPU3 45.128028 106944 sgemm sgemm CUDA2 0.044705 106984 40
CPU9 44.895925 106945 sgemm sgemm CUDA3 1.161465 106985 40
CPU19 45.165907 106946 sgemm sgemm CUDA2 0.990211 106986 40
CPU2 44.977849 106947 sgemm sgemm CUDA3 1.149393 106987 40
CPU4 44.141963 106948 sgemm sgemm CUDA2 0.756777 106988 40
CPU8 44.717283 106949 sgemm sgemm CUDA2 1.163694 106989 40
CPU1 45.128154 106950 sgemm sgemm CUDA3 12.096468 106990 40
CPU4 45.195601 106951 sgemm sgemm CUDA0 1.160737 106991 40
CPU6 44.857810 106952 sgemm sgemm CUDA2 0.987512 106992 40
CPU8 24.896649 106955 ssyrk ssyrk CPU20 79.831395 106995 40
CPU9 45.191526 106956 sgemm sgemm CUDA0 2.480239 106996 40
CPU8 45.124203 106957 sgemm sgemm CUDA0 1.160695 106997 40
CPU6 45.129717 106958 sgemm sgemm CUDA2 1.148300 106998 40
CPU5 45.185361 106959 sgemm sgemm CUDA2 1.149082 106999 40
CPU14 45.240281 106960 sgemm sgemm CUDA2 0.993441 107000 40
CPU0 45.012755 106961 sgemm sgemm CUDA1 0.227882 107001 40
CPU0 45.263077 106962 sgemm sgemm CUDA0 1.163964 107002 40
CPU3 45.489260 106963 sgemm sgemm CUDA0 1.158971 107003 40
CPU5 45.172867 106964 sgemm sgemm CUDA2 1.219849 107004 40
CPU1 44.798118 106965 sgemm sgemm CUDA2 1.216904 107005 40
CPU15 24.677099 106968 ssyrk ssyrk CPU -1 107008 40
CPU13 44.765396 106969 sgemm sgemm CUDA3 0.988286 107009 40
CPU16 45.158256 106970 sgemm sgemm CUDA1 1.166759 107010 40
CPU13 44.902295 106971 sgemm sgemm CUDA1 1.161470 107011 40
CPU9 45.070215 106972 sgemm sgemm CUDA1 1.053584 107012 40
CPU10 45.146678 106973 sgemm sgemm CUDA1 1.156412 107013 40
CPU11 45.001114 106974 sgemm sgemm CUDA3 1.164459 107014 40
CPU12 44.853030 106975 sgemm sgemm CUDA1 1.050143 107015 40
CPU0 45.453246 106976 sgemm sgemm CUDA2 1.157277 107016 40
CPU14 45.171098 106977 sgemm sgemm CUDA2 1.107220 107017 40
CPU18 24.886045 106980 ssyrk ssyrk CPU -1 107020 40
CPU18 44.732480 106981 sgemm sgemm CUDA3 0.992265 107021 40
CPU15 44.560402 106982 sgemm sgemm CUDA3 0.996340 107022 40
CPU6 45.418009 106983 sgemm sgemm CUDA3 1.157199 107023 40
CPU11 44.985216 106984 sgemm sgemm CUDA2 1.991119 107024 40
CPU6 44.957396 106985 sgemm sgemm CUDA0 1.053683 107025 40
CPU11 44.682571 106986 sgemm sgemm CUDA3 0.987715 107026 40
CPU3 44.960007 106987 sgemm sgemm CUDA0 0.287720 107027 40
CPU6 45.053927 106988 sgemm sgemm CUDA2 1.159342 107028 40
CPU7 25.247045 106991 ssyrk ssyrk CPU -1 107031 40
CPU14 44.989666 106992 sgemm sgemm CUDA2 0.939891 107032 40
CPU11 45.328315 106993 sgemm sgemm CUDA1 1.181043 107033 40
CPU0 45.241508 106994 sgemm sgemm CUDA2 0.992296 107034 40
CPU14 45.165997 106995 sgemm sgemm CUDA3 11.477599 107035 40
CPU5 44.871217 106996 sgemm sgemm CUDA2 0.989579 107036 40
CPU12 45.246547 106997 sgemm sgemm CUDA2 0.996275 107037 40
CPU0 45.002960 106998 sgemm sgemm CUDA2 0.936076 107038 40
CPU11 24.668813 107001 ssyrk ssyrk CPU -1 107041 40
CPU14 44.824373 107002 sgemm sgemm CUDA2 1.182290 107042 40
CPU9 44.953407 107003 sgemm sgemm CUDA3 1.371796 107043 40
CPU19 45.082725 107004 sgemm sgemm CUDA2 0.992332 107044 40
CPU16 45.295988 107005 sgemm sgemm CUDA3 0.093004 107045 40
CPU8 45.248932 107006 sgemm sgemm CUDA2 1.107716 107046 40
CPU6 45.039859 107007 sgemm sgemm CUDA3 0.040145 107047 40
CPU18 24.729059 107010 ssyrk ssyrk CPU -1 107050 40
CPU1 44.938711 107011 sgemm sgemm CUDA1 1.048937 107051 40
CPU12 45.013043 107012 sgemm sgemm CUDA3 1.217610 107052 40
CPU16 44.617470 107013 sgemm sgemm CUDA2 0.836890 107053 40
CPU15 44.784169 107014 sgemm sgemm CUDA2 0.992896 107054 40
CPU3 44.966310 107015 sgemm sgemm CUDA3 0.940061 107055 40
CPU1 24.847758 107018 ssyrk ssyrk CPU14 97.281117 107058 40
CPU13 45.244067 107019 sgemm sgemm CUDA3 1.162644 107059 40
CPU13 45.204969 107020 sgemm sgemm CUDA1 0.990320 107060 40
CPU15 44.961381 107021 sgemm sgemm CUDA3 1.043669 107061 40
CPU7 44.721153 107022 sgemm sgemm CUDA3 1.287088 107062 40
CPU2 25.032473 107025 ssyrk ssyrk CPU -1 107065 40
CPU16 44.898431 107026 sgemm sgemm CUDA0 1.156334 107066 40
CPU19 45.414171 107027 sgemm sgemm CUDA2 0.261947 107067 40
CPU8 44.711085 107028 sgemm sgemm CUDA3 1.163164 107068 40
CPU9 25.181959 107031 ssyrk ssyrk CPU -1 107071 40
CPU0 45.486920 107032 sgemm sgemm CUDA0 12.844149 107072 40
CPU0 45.492887 107033 sgemm sgemm CUDA2 0.945356 107073 40
CPU19 25.340170 107036 ssyrk ssyrk CPU29 97.477934 107076 40
CPU19 45.048440 107037 sgemm sgemm CUDA3 1.161028 107077 40
CPU3 24.931932 107040 ssyrk ssyrk CPU22 97.208997 107080 40
CPU19 13.900900 107043 spotrf spotrf CPU -1 107083 40
CPU19 30.695940 107044 strsm strsm CPU24 104.356550 107084 40
CPU19 30.433179 107045 strsm strsm CPU11 99.851207 107085 40
CPU18 30.234496 107046 strsm strsm CPU16 106.988410 107086 40
CPU7 30.771213 107047 strsm strsm CPU26 111.857156 107087 40
CPU1 30.022388 107048 strsm strsm CPU11 107.885847 107088 40
CPU7 30.789180 107049 strsm strsm CPU -1 107089 40
CPU19 30.427855 107050 strsm strsm CPU19 98.678905 107090 40
CPU13 30.620070 107051 strsm strsm CPU32 87.375529 107091 40
CPU18 30.036463 107052 strsm strsm CPU -1 107092 40
CPU8 30.227955 107053 strsm strsm CPU19 98.266260 107093 40
CPU19 30.780675 107054 strsm strsm CPU18 82.546604 107094 40
CPU8 30.172319 107055 strsm strsm CPU -1 107095 40
CPU14 30.739580 107056 strsm strsm CPU21 97.991323 107096 40
CPU4 30.773894 107057 strsm strsm CPU19 94.789398 107097 40
CPU7 30.529343 107058 strsm strsm CPU22 97.189244 107098 40
CPU16 30.026268 107059 strsm strsm CPU15 87.278517 107099 40
CPU4 30.809474 107060 strsm strsm CPU11 102.626872 107100 40
CPU14 30.444782 107061 strsm strsm CPU -1 107101 40
CPU0 30.851551 107062 strsm strsm CPU -1 107102 40
CPU13 30.595919 107063 strsm strsm CPU24 79.759494 107103 40
CPU4 30.550937 107064 strsm strsm CPU11 98.673624 107104 40
CPU5 30.391960 107065 strsm strsm CPU -1 107105 40
CPU11 30.047805 107066 strsm strsm CPU20 89.546758 107106 40
CPU5 30.226241 107067 strsm strsm CPU14 102.217057 107107 40
CPU4 30.401602 107068 strsm strsm CPU -1 107108 40
CPU13 30.635692 107069 strsm strsm CPU25 81.503737 107109 40
CPU18 29.932913 107070 strsm strsm CPU16 104.117393 107110 40
CPU13 30.676559 107071 strsm strsm CPU -1 107111 40
CPU19 30.623317 107072 strsm strsm CPU -1 107112 40
CPU7 30.492185 107073 strsm strsm CPU -1 107113 40
CPU11 30.372920 107074 strsm strsm CPU21 91.453302 107114 40
CPU18 29.942833 107075 strsm strsm CPU20 93.655900 107115 40
CPU7 30.789973 107076 strsm strsm CPU10 108.614924 107116 40
CPU4 30.842667 107077 strsm strsm CPU17 92.273671 107117 40
CPU3 30.228796 107078 strsm strsm CPU -1 107118 40
CPU19 30.603296 107079 strsm strsm CPU12 105.708217 107119 40
CPU3 29.939105 107080 strsm strsm CPU -1 107120 40
CPU19 25.394243 107083 ssyrk ssyrk CPU11 97.805702 107123 40
CPU18 44.581828 107084 sgemm sgemm CUDA1 1.018811 107124 40
CPU18 45.108139 107085 sgemm sgemm CUDA1 1.184333 107125 40
CPU10 44.937154 107086 sgemm sgemm CUDA1 1.006744 107126 40
CPU8 44.728773 107087 sgemm sgemm CUDA0 1.176545 107127 40
CPU1 45.149028 107088 sgemm sgemm CUDA0 1.327845 107128 40
CPU19 44.800881 107089 sgemm sgemm CUDA1 0.075692 107129 40
CPU13 45.173806 107090 sgemm sgemm CUDA1 0.080487 107130 40
CPU18 44.941019 107091 sgemm sgemm CUDA1 0.998997 107131 40
CPU5 45.111622 107092 sgemm sgemm CUDA1 1.174319 107132 40
CPU18 44.826476 107093 sgemm sgemm CUDA1 10.278032 107133 40
CPU11 44.916588 107094 sgemm sgemm CUDA1 1.169651 107134 40
CPU10 45.074989 107095 sgemm sgemm CUDA0 0.993299 107135 40
CPU2 44.961045 107096 sgemm sgemm CUDA1 0.065522 107136 40
CPU9 45.499375 107097 sgemm sgemm CUDA1 12.305741 107137 40
CPU16 44.887246 107098 sgemm sgemm CUDA0 1.296246 107138 40
CPU6 45.402900 107099 sgemm sgemm CUDA0 1.166557 107139 40
CPU14 44.816431 107100 sgemm sgemm CUDA0 0.999578 107140 40
CPU7 45.430089 107101 sgemm sgemm CUDA3 1.163413 107141 40
CPU16 44.581872 107102 sgemm sgemm CUDA3 1.165183 107142 40
CPU4 45.195232 107103 sgemm sgemm CUDA1 1.365158 107143 40
CPU4 44.704262 107104 sgemm sgemm CUDA1 0.998099 107144 40
CPU0 45.588267 107105 sgemm sgemm CUDA3 0.999843 107145 40
CPU2 45.186634 107106 sgemm sgemm CUDA3 1.170470 107146 40
CPU4 44.810856 107107 sgemm sgemm CUDA0 1.164871 107147 40
CPU13 44.999561 107108 sgemm sgemm CUDA3 0.992820 107148 40
CPU10 44.948561 107109 sgemm sgemm CUDA1 1.166724 107149 40
CPU13 44.931060 107110 sgemm sgemm CUDA1 1.166436 107150 40
CPU19 45.306967 107111 sgemm sgemm CUDA1 0.050353 107151 40
CPU7 45.011219 107112 sgemm sgemm CUDA3 1.246551 107152 40
CPU7 44.730254 107113 sgemm sgemm CUDA3 1.000312 107153 40
CPU6 45.077359 107114 sgemm sgemm CUDA0 0.976954 107154 40
CPU7 44.816137 107115 sgemm sgemm CUDA3 0.099470 107155 40
CPU5 45.187470 107116 sgemm sgemm CUDA3 0.999257 107156 40
CPU9 45.226622 107117 sgemm sgemm CUDA3 1.165636 107157 40
CPU19 44.832421 107118 sgemm sgemm CUDA3 1.166616 107158 40
CPU2 44.690637 107119 sgemm sgemm CUDA2 10.395268 107159 40
CPU19 25.180668 107122 ssyrk ssyrk CPU33 100.788119 107162 40
CPU18 45.032515 107123 sgemm sgemm CUDA1 0.167981 107163 40
CPU3 45.054831 107124 sgemm sgemm CUDA1 12.387537 107164 40
CPU1 44.932779 107125 sgemm sgemm CUDA1 1.167395 107165 40
CPU7 45.305605 107126 sgemm sgemm CUDA1 0.200507 107166 40
CPU18 44.680083 107127 sgemm sgemm CUDA1 1.000881 107167 40
CPU11 44.553364 107128 sgemm sgemm CUDA1 1.000143 107168 40
CPU2 45.150216 107129 sgemm sgemm CUDA1 0.997915 107169 40
CPU18 44.771357 107130 sgemm sgemm CUDA1 1.001417 107170 40
CPU19 45.000576 107131 sgemm sgemm CUDA1 1.370640 107171 40
CPU5 44.778291 107132 sgemm sgemm CUDA1 1.170903 107172 40
CPU15 44.834829 107133 sgemm sgemm CUDA1 1.304377 107173 40
CPU4 45.311215 107134 sgemm sgemm CUDA1 13.825805 107174 40
CPU2 44.734357 107135 sgemm sgemm CUDA1 1.171612 107175 40
CPU12 44.949311 107136 sgemm sgemm CUDA0 1.000276 107176 40
CPU19 45.329605 107137 sgemm sgemm CUDA0 1.008565 107177 40
CPU11 44.642818 107138 sgemm sgemm CUDA0 0.994204 107178 40
CPU9 45.257256 107139 sgemm sgemm CUDA3 1.167506 107179 40
CPU7 45.419825 107140 sgemm sgemm CUDA0 1.278376 107180 40
CPU4 45.156756 107141 sgemm sgemm CUDA1 13.209258 107181 40
CPU8 44.804668 107142 sgemm sgemm CUDA1 1.000614 107182 40
CPU9 45.541369 107143 sgemm sgemm CUDA3 0.996709 107183 40
CPU16 44.875084 107144 sgemm sgemm CUDA3 1.165431 107184 40
CPU5 44.773219 107145 sgemm sgemm CUDA0 1.171720 107185 40
CPU13 45.056315 107146 sgemm sgemm CUDA3 0.999719 107186 40
CPU18 44.672447 107147 sgemm sgemm CUDA1 1.161622 107187 40
CPU15 45.131375 107148 sgemm sgemm CUDA1 0.997295 107188 40
CPU19 44.969155 107149 sgemm sgemm CUDA1 1.169676 107189 40
CPU0 45.226289 107150 sgemm sgemm CUDA3 1.048057 107190 40
CPU19 45.276354 107151 sgemm sgemm CUDA3 0.946874 107191 40
CPU18 44.793513 107152 sgemm sgemm CUDA0 1.264807 107192 40
CPU1 45.215421 107153 sgemm sgemm CUDA3 0.998373 107193 40
CPU2 45.104856 107154 sgemm sgemm CUDA3 0.994133 107194 40
CPU18 44.905902 107155 sgemm sgemm CUDA3 1.171623 107195 40
CPU19 45.255362 107156 sgemm sgemm CUDA3 1.158087 107196 40
CPU3 45.075144 107157 sgemm sgemm CUDA2 1.164202 107197 40
CPU18 24.979217 107160 ssyrk ssyrk CPU -1 107200 40
CPU2 45.022842 107161 sgemm sgemm CUDA1 1.179042 107201 40
CPU0 45.220276 107162 sgemm sgemm CUDA0 2.015764 107202 40
CPU7 45.076042 107163 sgemm sgemm CUDA1 1.168609 107203 40
CPU18 44.732304 107164 sgemm sgemm CUDA1 0.999161 107204 40
CPU13 44.768440 107165 sgemm sgemm CUDA1 12.113662 107205 40
CPU18 45.046151 107166 sgemm sgemm CUDA1 1.170036 107206 40
CPU1 44.926791 107167 sgemm sgemm CUDA1 1.190128 107207 40
CPU12 45.176490 107168 sgemm sgemm CUDA1 9.262301 107208 40
CPU2 44.807238 107169 sgemm sgemm CUDA1 1.167652 107209 40
CPU16 45.078954 107170 sgemm sgemm CUDA0 1.168995 107210 40
CPU0 45.435381 107171 sgemm sgemm CUDA1 1.165797 107211 40
CPU11 44.964938 107172 sgemm sgemm CUDA1 1.247961 107212 40
CPU15 45.064012 107173 sgemm sgemm CUDA0 1.304796 107213 40
CPU4 45.286210 107174 sgemm sgemm CUDA0 1.166874 107214 40
CPU15 44.798774 107175 sgemm sgemm CUDA0 0.094977 107215 40
CPU8 45.204432 107176 sgemm sgemm CUDA1 0.056663 107216 40
CPU12 44.816319 107177 sgemm sgemm CUDA0 1.161787 107217 40
CPU18 44.860930 107178 sgemm sgemm CUDA0 1.001499 107218 40
CPU0 44.836116 107179 sgemm sgemm CUDA1 0.990230 107219 40
CPU11 44.827118 107180 sgemm sgemm CUDA2 1.264029 107220 40
CPU5 44.746203 107181 sgemm sgemm CUDA0 1.164966 107221 40
CPU3 44.713638 107182 sgemm sgemm CUDA0 1.001484 107222 40
CPU8 45.218778 107183 sgemm sgemm CUDA0 1.002577 107223 40
CPU19 45.029569 107184 sgemm sgemm CUDA1 1.257053 107224 40
CPU13 44.991296 107185 sgemm sgemm CUDA1 1.166645 107225 40
CPU18 45.193963 107186 sgemm sgemm CUDA2 1.218862 107226 40
CPU2 44.719974 107187 sgemm sgemm CUDA2 0.993300 107227 40
CPU11 45.199928 107188 sgemm sgemm CUDA1 0.999461 107228 40
CPU7 44.851434 107189 sgemm sgemm CUDA0 0.987118 107229 40
CPU5 44.893406 107190 sgemm sgemm CUDA2 1.169813 107230 40
CPU9 44.486646 107191 sgemm sgemm CUDA0 1.167521 107231 40
CPU10 44.960182 107192 sgemm sgemm CUDA0 0.997333 107232 40
CPU11 44.919163 107193 sgemm sgemm CUDA2 1.171955 107233 40
CPU2 44.559990 107194 sgemm sgemm CUDA2 0.995134 107234 40
CPU7 25.411906 107197 ssyrk ssyrk CPU10 97.762645 107237 40
CPU1 44.776408 107198 sgemm sgemm CUDA1 1.241842 107238 40
CPU5 44.995746 107199 sgemm sgemm CUDA1 1.216592 107239 40
CPU2 45.030981 107200 sgemm sgemm CUDA1 1.169568 107240 40
CPU13 44.846999 107201 sgemm sgemm CUDA1 1.169221 107241 40
CPU6 45.477407 107202 sgemm sgemm CUDA1 1.001124 107242 40
CPU4 45.418290 107203 sgemm sgemm CUDA1 1.007456 107243 40
CPU15 44.862337 107204 sgemm sgemm CUDA1 1.165511 107244 40
CPU0 45.383728 107205 sgemm sgemm CUDA1 0.999038 107245 40
CPU14 44.951534 107206 sgemm sgemm CUDA1 13.187680 107246 40
CPU6 44.587796 107207 sgemm sgemm CUDA1 1.153176 107247 40
CPU0 45.296064 107208 sgemm sgemm CUDA1 1.164823 107248 40
CPU15 44.900580 107209 sgemm sgemm CUDA0 1.156965 107249 40
CPU13 45.176059 107210 sgemm sgemm CUDA0 1.243893 107250 40
CPU12 44.897550 107211 sgemm sgemm CUDA0 1.169223 107251 40
CPU10 44.877004 107212 sgemm sgemm CUDA1 1.160708 107252 40
CPU2 45.070806 107213 sgemm sgemm CUDA3 2.072536 107253 40
CPU4 45.158109 107214 sgemm sgemm CUDA1 1.000894 107254 40
CPU7 44.726462 107215 sgemm sgemm CUDA1 1.000044 107255 40
CPU12 44.812907 107216 sgemm sgemm CUDA2 1.000316 107256 40
CPU9 45.129177 107217 sgemm sgemm CUDA3 0.999527 107257 40
CPU5 44.660087 107218 sgemm sgemm CUDA2 0.999324 107258 40
CPU1 45.042901 107219 sgemm sgemm CUDA0 0.104970 107259 40
CPU16 44.790492 107220 sgemm sgemm CUDA1 1.166113 107260 40
CPU1 45.192750 107221 sgemm sgemm CUDA3 0.997127 107261 40
CPU19 45.119058 107222 sgemm sgemm CUDA2 1.166702 107262 40
CPU0 44.993701 107223 sgemm sgemm CUDA2 1.000246 107263 40
CPU7 44.808317 107224 sgemm sgemm CUDA1 1.248320 107264 40
CPU4 45.117481 107225 sgemm sgemm CUDA2 1.163244 107265 40
CPU4 45.071004 107226 sgemm sgemm CUDA3 1.160461 107266 40
CPU1 45.155498 107227 sgemm sgemm CUDA3 0.987239 107267 40
CPU10 44.822283 107228 sgemm sgemm CUDA3 1.167467 107268 40
CPU12 44.996736 107229 sgemm sgemm CUDA2 1.112202 107269 40
CPU3 44.935781 107230 sgemm sgemm CUDA2 1.249296 107270 40
CPU1 24.962232 107233 ssyrk ssyrk CPU -1 107273 40
CPU0 45.374485 107234 sgemm sgemm CUDA1 1.008710 107274 40
CPU9 45.052110 107235 sgemm sgemm CUDA1 1.167336 107275 40
CPU13 44.715570 107236 sgemm sgemm CUDA1 0.998803 107276 40
CPU16 44.745840 107237 sgemm sgemm CUDA1 12.891003 107277 40
CPU3 44.869757 107238 sgemm sgemm CUDA1 12.882895 107278 40
CPU14 45.195456 107239 sgemm sgemm CUDA0 0.194060 107279 40
CPU2 45.028308 107240 sgemm sgemm CUDA1 1.162517 107280 40
CPU11 44.881184 107241 sgemm sgemm CUDA0 0.977017 107281 40
CPU6 45.223055 107242 sgemm sgemm CUDA1 1.172695 107282 40
CPU7 44.976389 107243 sgemm sgemm CUDA1 0.998651 107283 40
CPU12 44.844818 107244 sgemm sgemm CUDA0 1.168805 107284 40
CPU6 45.365136 107245 sgemm sgemm CUDA0 0.996268 107285 40
CPU4 45.726872 107246 sgemm sgemm CUDA1 0.995829 107286 40
CPU11 44.749869 107247 sgemm sgemm CUDA1 1.162646 107287 40
CPU15 44.951333 107248 sgemm sgemm CUDA0 0.995382 107288 40
CPU4 45.024055 107249 sgemm sgemm CUDA0 0.994004 107289 40
CPU5 45.113065 107250 sgemm sgemm CUDA0 0.204622 107290 40
CPU15 44.634984 107251 sgemm sgemm CUDA2 0.997294 107291 40
CPU8 45.093788 107252 sgemm sgemm CUDA0 1.167775 107292 40
CPU3 44.777753 107253 sgemm sgemm CUDA0 1.161392 107293 40
CPU16 44.920671 107254 sgemm sgemm CUDA0 0.999104 107294 40
CPU14 45.128264 107255 sgemm sgemm CUDA1 1.000145 107295 40
CPU19 45.202721 107256 sgemm sgemm CUDA1 1.160244 107296 40
CPU19 45.123824 107257 sgemm sgemm CUDA2 1.262860 107297 40
CPU3 44.778406 107258 sgemm sgemm CUDA2 0.995362 107298 40
CPU2 44.619634 107259 sgemm sgemm CUDA3 1.171097 107299 40
CPU12 45.106430 107260 sgemm sgemm CUDA2 0.993633 107300 40
CPU0 45.063436 107261 sgemm sgemm CUDA2 0.995068 107301 40
CPU4 45.349583 107262 sgemm sgemm CUDA3 0.057935 107302 40
CPU18 44.959155 107263 sgemm sgemm CUDA0 1.312347 107303 40
CPU6 45.345178 107264 sgemm sgemm CUDA3 0.998202 107304 40
CPU2 44.801739 107265 sgemm sgemm CUDA2 0.940937 107305 40
CPU7 25.355226 107268 ssyrk ssyrk CPU20 90.631605 107308 40
CPU6 45.205119 107269 sgemm sgemm CUDA1 1.301023 107309 40
CPU9 45.312318 107270 sgemm sgemm CUDA1 1.162812 107310 40
CPU15 44.717626 107271 sgemm sgemm CUDA1 1.206344 107311 40
CPU11 44.928739 107272 sgemm sgemm CUDA1 1.230430 107312 40
CPU11 44.842749 107273 sgemm sgemm CUDA1 0.084913 107313 40
CPU7 45.261977 107274 sgemm sgemm CUDA0 1.001403 107314 40
CPU16 44.747502 107275 sgemm sgemm CUDA0 1.156655 107315 40
CPU9 44.948201 107276 sgemm sgemm CUDA1 0.996932 107316 40
CPU6 44.495722 107277 sgemm sgemm CUDA1 0.998766 107317 40
CPU12 44.773009 107278 sgemm sgemm CUDA0 1.173544 107318 40
CPU15 44.908877 107279 sgemm sgemm CUDA0 4.819445 107319 40
CPU4 45.433155 107280 sgemm sgemm CUDA0 0.995030 107320 40
CPU15 45.001279 107281 sgemm sgemm CUDA3 0.138424 107321 40
CPU14 44.814403 107282 sgemm sgemm CUDA3 1.163564 107322 40
CPU6 45.432841 107283 sgemm sgemm CUDA0 1.226015 107323 40
CPU3 45.236885 107284 sgemm sgemm CUDA1 1.168649 107324 40
CPU9 45.199397 107285 sgemm sgemm CUDA2 1.003199 107325 40
CPU14 44.965047 107286 sgemm sgemm CUDA3 1.049734 107326 40
CPU0 44.886020 107287 sgemm sgemm CUDA2 1.167881 107327 40
CPU11 44.764236 107288 sgemm sgemm CUDA3 0.076022 107328 40
CPU5 45.239448 107289 sgemm sgemm CUDA2 1.151666 107329 40
CPU3 45.315127 107290 sgemm sgemm CUDA1 1.218478 107330 40
CPU18 44.937396 107291 sgemm sgemm CUDA2 0.988270 107331 40
CPU8 44.789985 107292 sgemm sgemm CUDA2 1.168134 107332 40
CPU6 44.883270 107293 sgemm sgemm CUDA1 1.157981 107333 40
CPU1 45.275076 107294 sgemm sgemm CUDA2 1.212683 107334 40
CPU6 45.234108 107295 sgemm sgemm CUDA3 1.172796 107335 40
CPU9 45.002364 107296 sgemm sgemm CUDA3 0.998548 107336 40
CPU7 45.421279 107297 sgemm sgemm CUDA0 0.998759 107337 40
CPU15 45.096809 107298 sgemm sgemm CUDA3 1.159680 107338 40
CPU2 44.835818 107299 sgemm sgemm CUDA3 1.164947 107339 40
CPU19 25.024814 107302 ssyrk ssyrk CPU20 97.068557 107342 40
CPU16 44.585802 107303 sgemm sgemm CUDA1 1.170067 107343 40
CPU15 44.603199 107304 sgemm sgemm CUDA1 1.166397 107344 40
CPU18 45.090697 107305 sgemm sgemm CUDA1 0.998352 107345 40
CPU9 45.137204 107306 sgemm sgemm CUDA1 1.164831 107346 40
CPU6 45.255479 107307 sgemm sgemm CUDA1 0.994477 107347 40
CPU4 45.215611 107308 sgemm sgemm CUDA1 0.086780 107348 40
CPU5 45.041762 107309 sgemm sgemm CUDA1 12.129803 107349 40
CPU3 44.508441 107310 sgemm sgemm CUDA1 0.997730 107350 40
CPU18 44.764530 107311 sgemm sgemm CUDA0 1.167658 107351 40
CPU15 44.672966 107312 sgemm sgemm CUDA0 0.998664 107352 40
CPU1 45.297399 107313 sgemm sgemm CUDA0 1.182765 107353 40
CPU13 44.794834 107314 sgemm sgemm CUDA1 1.162655 107354 40
CPU14 44.826984 107315 sgemm sgemm CUDA0 1.050141 107355 40
CPU16 44.752284 107316 sgemm sgemm CUDA0 1.212272 107356 40
CPU1 44.792889 107317 sgemm sgemm CUDA0 1.171436 107357 40
CPU6 45.396435 107318 sgemm sgemm CUDA2 0.996660 107358 40
CPU5 45.105768 107319 sgemm sgemm CUDA0 0.993999 107359 40
CPU0 44.767502 107320 sgemm sgemm CUDA0 1.292757 107360 40
CPU2 45.264646 107321 sgemm sgemm CUDA0 1.194113 107361 40
CPU5 45.367400 107322 sgemm sgemm CUDA1 0.996962 107362 40
CPU15 44.799123 107323 sgemm sgemm CUDA1 0.076922 107363 40
CPU18 44.874187 107324 sgemm sgemm CUDA1 1.157449 107364 40
CPU4 44.853100 107325 sgemm sgemm CUDA2 0.052995 107365 40
CPU13 45.017805 107326 sgemm sgemm CUDA3 1.158889 107366 40
CPU18 44.644664 107327 sgemm sgemm CUDA0 1.052871 107367 40
CPU4 45.210686 107328 sgemm sgemm CUDA2 0.996117 107368 40
CPU8 45.191910 107329 sgemm sgemm CUDA2 0.056067 107369 40
CPU4 45.515362 107330 sgemm sgemm CUDA1 1.004476 107370 40
CPU1 45.131530 107331 sgemm sgemm CUDA2 0.148460 107371 40
CPU2 44.750902 107332 sgemm sgemm CUDA3 12.145683 107372 40
CPU13 25.060526 107335 ssyrk ssyrk CPU -1 107375 40
CPU10 44.975456 107336 sgemm sgemm CUDA1 1.169680 107376 40
CPU19 44.939123 107337 sgemm sgemm CUDA1 1.166535 107377 40
CPU16 44.729088 107338 sgemm sgemm CUDA1 0.997875 107378 40
CPU7 45.312086 107339 sgemm sgemm CUDA1 0.998177 107379 40
CPU15 44.624701 107340 sgemm sgemm CUDA1 0.996133 107380 40
CPU10 44.723282 107341 sgemm sgemm CUDA1 0.998626 107381 40
CPU11 44.671436 107342 sgemm sgemm CUDA1 0.998145 107382 40
CPU10 44.679300 107343 sgemm sgemm CUDA0 1.049833 107383 40
CPU19 44.769999 107344 sgemm sgemm CUDA0 0.995571 107384 40
CPU11 44.690016 107345 sgemm sgemm CUDA1 1.157910 107385 40
CPU12 44.661244 107346 sgemm sgemm CUDA1 1.173247 107386 40
CPU16 44.654057 107347 sgemm sgemm CUDA0 0.138615 107387 40
CPU14 45.040727 107348 sgemm sgemm CUDA0 0.994703 107388 40
CPU18 44.374270 107349 sgemm sgemm CUDA1 1.168362 107389 40
CPU2 45.215410 107350 sgemm sgemm CUDA2 0.089271 107390 40
CPU12 44.977370 107351 sgemm sgemm CUDA3 8.337780 107391 40
CPU2 45.016922 107352 sgemm sgemm CUDA0 1.249432 107392 40
CPU10 44.937779 107353 sgemm sgemm CUDA0 1.001923 107393 40
CPU15 45.078883 107354 sgemm sgemm CUDA2 0.948739 107394 40
CPU13 44.968238 107355 sgemm sgemm CUDA1 1.372829 107395 40
CPU19 44.876542 107356 sgemm sgemm CUDA2 0.998478 107396 40
CPU9 45.046849 107357 sgemm sgemm CUDA2 1.259810 107397 40
CPU11 44.873378 107358 sgemm sgemm CUDA1 0.994766 107398 40
CPU4 45.424402 107359 sgemm sgemm CUDA0 0.996137 107399 40
CPU0 45.209488 107360 sgemm sgemm CUDA3 12.309939 107400 40
CPU4 45.200297 107361 sgemm sgemm CUDA2 1.000623 107401 40
CPU12 44.922346 107362 sgemm sgemm CUDA0 0.995245 107402 40
CPU2 45.067500 107363 sgemm sgemm CUDA2 1.173566 107403 40
CPU3 44.713971 107364 sgemm sgemm CUDA3 1.002543 107404 40
CPU18 24.934943 107367 ssyrk ssyrk CPU -1 107407 40
CPU18 45.007889 107368 sgemm sgemm CUDA1 1.439256 107408 40
CPU12 45.175245 107369 sgemm sgemm CUDA1 0.993515 107409 40
CPU0 45.390250 107370 sgemm sgemm CUDA1 1.153270 107410 40
CPU5 44.831456 107371 sgemm sgemm CUDA1 1.167997 107411 40
CPU13 44.815297 107372 sgemm sgemm CUDA1 0.249558 107412 40
CPU16 44.886752 107373 sgemm sgemm CUDA1 1.160839 107413 40
CPU14 45.053227 107374 sgemm sgemm CUDA1 1.161401 107414 40
CPU13 44.872315 107375 sgemm sgemm CUDA3 1.164605 107415 40
CPU16 44.826801 107376 sgemm sgemm CUDA3 1.164446 107416 40
CPU19 45.042726 107377 sgemm sgemm CUDA1 1.165720 107417 40
CPU14 44.994094 107378 sgemm sgemm CUDA3 0.973529 107418 40
CPU0 45.138522 107379 sgemm sgemm CUDA1 0.998963 107419 40
CPU10 45.155493 107380 sgemm sgemm CUDA1 1.235105 107420 40
CPU12 44.950327 107381 sgemm sgemm CUDA3 1.277948 107421 40
CPU2 45.010164 107382 sgemm sgemm CUDA3 1.158884 107422 40
CPU2 44.834101 107383 sgemm sgemm CUDA0 0.979200 107423 40
CPU2 45.109605 107384 sgemm sgemm CUDA0 1.257049 107424 40
CPU9 45.234483 107385 sgemm sgemm CUDA1 0.997183 107425 40
CPU3 45.078079 107386 sgemm sgemm CUDA3 12.100708 107426 40
CPU18 45.090049 107387 sgemm sgemm CUDA1 0.151120 107427 40
CPU5 44.797574 107388 sgemm sgemm CUDA3 0.997033 107428 40
CPU8 45.439700 107389 sgemm sgemm CUDA3 0.998189 107429 40
CPU18 44.736540 107390 sgemm sgemm CUDA3 1.184741 107430 40
CPU6 45.350432 107391 sgemm sgemm CUDA3 0.996402 107431 40
CPU8 44.881766 107392 sgemm sgemm CUDA3 0.988243 107432 40
CPU8 45.150547 107393 sgemm sgemm CUDA0 1.162484 107433 40
CPU8 45.103813 107394 sgemm sgemm CUDA1 1.165624 107434 40
CPU0 45.176469 107395 sgemm sgemm CUDA3 0.065086 107435 40
CPU8 24.904555 107398 ssyrk ssyrk CPU22 97.047175 107438 40
CPU16 44.923229 107399 sgemm sgemm CUDA1 1.165589 107439 40
CPU3 44.948157 107400 sgemm sgemm CUDA1 1.161115 107440 40
CPU11 44.910672 107401 sgemm sgemm CUDA1 1.164156 107441 40
CPU7 44.941858 107402 sgemm sgemm CUDA1 0.990433 107442 40
CPU5 44.921923 107403 sgemm sgemm CUDA1 0.998377 107443 40
CPU13 44.715825 107404 sgemm sgemm CUDA0 0.104923 107444 40
CPU8 45.050718 107405 sgemm sgemm CUDA0 1.291143 107445 40
CPU14 45.053974 107406 sgemm sgemm CUDA1 1.169871 107446 40
CPU14 45.171483 107407 sgemm sgemm CUDA1 0.993755 107447 40
CPU5 45.173443 107408 sgemm sgemm CUDA0 1.320993 107448 40
CPU16 45.269880 107409 sgemm sgemm CUDA0 1.346084 107449 40
CPU8 44.803567 107410 sgemm sgemm CUDA1 1.002162 107450 40
CPU4 45.259522 107411 sgemm sgemm CUDA2 1.161889 107451 40
CPU12 45.066834 107412 sgemm sgemm CUDA0 0.083294 107452 40
CPU7 44.769954 107413 sgemm sgemm CUDA2 0.999569 107453 40
CPU8 45.463494 107414 sgemm sgemm CUDA0 1.162232 107454 40
CPU8 44.967705 107415 sgemm sgemm CUDA1 0.993105 107455 40
CPU4 45.206585 107416 sgemm sgemm CUDA2 1.002415 107456 40
CPU19 45.132914 107417 sgemm sgemm CUDA0 0.995039 107457 40
CPU1 44.852323 107418 sgemm sgemm CUDA2 0.069844 107458 40
CPU5 44.687767 107419 sgemm sgemm CUDA1 1.169055 107459 40
CPU17 45.209847 107420 sgemm sgemm CUDA3 1.164781 107460 40
CPU8 45.056723 107421 sgemm sgemm CUDA3 1.166657 107461 40
CPU7 45.244976 107422 sgemm sgemm CUDA2 1.249920 107462 40
CPU3 45.137714 107423 sgemm sgemm CUDA3 1.002366 107463 40
CPU8 44.805154 107424 sgemm sgemm CUDA2 0.990831 107464 40
CPU6 45.246163 107425 sgemm sgemm CUDA3 1.167642 107465 40
CPU19 25.424712 107428 ssyrk ssyrk CPU25 85.162869 107468 40
CPU13 45.215710 107429 sgemm sgemm CUDA1 1.301591 107469 40
CPU11 45.047933 107430 sgemm sgemm CUDA0 0.999328 107470 40
CPU14 45.061841 107431 sgemm sgemm CUDA1 0.989276 107471 40
CPU7 45.026854 107432 sgemm sgemm CUDA1 0.995702 107472 40
CPU18 44.994312 107433 sgemm sgemm CUDA0 1.164103 107473 40
CPU15 44.961930 107434 sgemm sgemm CUDA0 1.170069 107474 40
CPU3 44.820156 107435 sgemm sgemm CUDA0 0.075598 107475 40
CPU2 44.860135 107436 sgemm sgemm CUDA3 1.302147 107476 40
CPU15 45.112291 107437 sgemm sgemm CUDA3 1.232344 107477 40
CPU19 45.144566 107438 sgemm sgemm CUDA0 0.982277 107478 40
CPU19 45.283451 107439 sgemm sgemm CUDA1 0.998903 107479 40
CPU3 44.983554 107440 sgemm sgemm CUDA3 12.461588 107480 40
CPU0 45.225576 107441 sgemm sgemm CUDA3 1.049817 107481 40
CPU5 44.630843 107442 sgemm sgemm CUDA2 1.108315 107482 40
CPU4 45.128358 107443 sgemm sgemm CUDA3 0.996398 107483 40
CPU11 45.228567 107444 sgemm sgemm CUDA2 1.169636 107484 40
CPU7 45.525857 107445 sgemm sgemm CUDA2 12.403688 107485 40
CPU18 44.951635 107446 sgemm sgemm CUDA2 1.164793 107486 40
CPU6 44.812273 107447 sgemm sgemm CUDA2 17.510259 107487 40
CPU15 45.822080 107448 sgemm sgemm CUDA2 1.157212 107488 40
CPU16 44.883965 107449 sgemm sgemm CUDA3 0.995934 107489 40
CPU2 45.065573 107450 sgemm sgemm CUDA2 12.831469 107490 40
CPU3 44.955900 107451 sgemm sgemm CUDA2 12.102883 107491 40
CPU15 44.793451 107452 sgemm sgemm CUDA1 1.000571 107492 40
CPU0 45.657425 107453 sgemm sgemm CUDA1 1.171147 107493 40
CPU9 44.648004 107454 sgemm sgemm CUDA3 1.219038 107494 40
CPU8 25.191036 107457 ssyrk ssyrk CPU -1 107497 40
CPU13 45.038338 107458 sgemm sgemm CUDA0 0.941935 107498 40
CPU15 44.836406 107459 sgemm sgemm CUDA1 0.995239 107499 40
CPU10 45.022470 107460 sgemm sgemm CUDA1 1.192602 107500 40
CPU5 45.115006 107461 sgemm sgemm CUDA1 0.992626 107501 40
CPU13 44.974820 107462 sgemm sgemm CUDA0 1.203188 107502 40
CPU3 45.095826 107463 sgemm sgemm CUDA3 0.994463 107503 40
CPU15 44.904865 107464 sgemm sgemm CUDA1 0.996144 107504 40
CPU16 44.884081 107465 sgemm sgemm CUDA3 0.067307 107505 40
CPU4 45.036826 107466 sgemm sgemm CUDA0 0.061152 107506 40
CPU15 44.777133 107467 sgemm sgemm CUDA0 1.167104 107507 40
CPU9 45.092982 107468 sgemm sgemm CUDA3 12.141965 107508 40
CPU3 45.319561 107469 sgemm sgemm CUDA0 1.297965 107509 40
CPU5 44.730897 107470 sgemm sgemm CUDA0 0.999436 107510 40
CPU15 44.740838 107471 sgemm sgemm CUDA0 1.167144 107511 40
CPU6 45.308928 107472 sgemm sgemm CUDA2 0.048508 107512 40
CPU13 44.692462 107473 sgemm sgemm CUDA2 1.166954 107513 40
CPU18 44.773016 107474 sgemm sgemm CUDA0 0.995714 107514 40
CPU0 45.032194 107475 sgemm sgemm CUDA3 0.999715 107515 40
CPU7 44.885350 107476 sgemm sgemm CUDA1 1.159359 107516 40
CPU2 45.200840 107477 sgemm sgemm CUDA0 1.170631 107517 40
CPU2 45.148197 107478 sgemm sgemm CUDA2 1.165481 107518 40
CPU8 45.112756 107479 sgemm sgemm CUDA3 12.915229 107519 40
CPU16 44.700130 107480 sgemm sgemm CUDA2 12.938091 107520 40
CPU4 45.242585 107481 sgemm sgemm CUDA1 0.070124 107521 40
CPU8 45.009218 107482 sgemm sgemm CUDA3 1.174428 107522 40
CPU14 25.229099 107485 ssyrk ssyrk CPU24 80.166585 107525 40
CPU11 44.743206 107486 sgemm sgemm CUDA1 1.165583 107526 40
CPU19 44.986597 107487 sgemm sgemm CUDA1 1.161559 107527 40
CPU14 44.926906 107488 sgemm sgemm CUDA1 1.175143 107528 40
CPU7 45.215477 107489 sgemm sgemm CUDA1 0.997388 107529 40
CPU12 44.957923 107490 sgemm sgemm CUDA1 0.998526 107530 40
CPU14 44.972445 107491 sgemm sgemm CUDA1 2.322558 107531 40
CPU11 44.945628 107492 sgemm sgemm CUDA0 1.220369 107532 40
CPU0 45.346683 107493 sgemm sgemm CUDA0 0.994494 107533 40
CPU6 45.107073 107494 sgemm sgemm CUDA0 13.309938 107534 40
CPU1 45.271415 107495 sgemm sgemm CUDA1 0.063999 107535 40
CPU10 44.913788 107496 sgemm sgemm CUDA0 1.163964 107536 40
CPU11 44.834899 107497 sgemm sgemm CUDA0 0.996530 107537 40
CPU3 45.140460 107498 sgemm sgemm CUDA3 0.994781 107538 40
CPU19 45.289696 107499 sgemm sgemm CUDA0 0.079321 107539 40
CPU16 45.246373 107500 sgemm sgemm CUDA1 1.166137 107540 40
CPU19 45.011822 107501 sgemm sgemm CUDA0 1.181362 107541 40
CPU9 44.679170 107502 sgemm sgemm CUDA3 1.167438 107542 40
CPU7 45.130128 107503 sgemm sgemm CUDA1 0.997641 107543 40
CPU18 44.635163 107504 sgemm sgemm CUDA3 0.993984 107544 40
CPU5 45.094821 107505 sgemm sgemm CUDA3 1.161122 107545 40
CPU11 44.736724 107506 sgemm sgemm CUDA3 0.067389 107546 40
CPU8 45.362042 107507 sgemm sgemm CUDA0 1.164229 107547 40
CPU19 44.965739 107508 sgemm sgemm CUDA1 1.117104 107548 40
CPU6 44.964305 107509 sgemm sgemm CUDA3 1.166414 107549 40
CPU4 25.493090 107512 ssyrk ssyrk CPU11 89.351409 107552 40
CPU10 45.113255 107513 sgemm sgemm CUDA1 1.169323 107553 40
CPU1 45.025970 107514 sgemm sgemm CUDA1 0.996764 107554 40
CPU19 44.874724 107515 sgemm sgemm CUDA1 1.365905 107555 40
CPU16 44.775400 107516 sgemm sgemm CUDA1 0.087479 107556 40
CPU0 45.645172 107517 sgemm sgemm CUDA1 0.994945 107557 40
CPU13 44.779529 107518 sgemm sgemm CUDA0 0.997594 107558 40
CPU7 45.231828 107519 sgemm sgemm CUDA0 1.171155 107559 40
CPU19 44.855769 107520 sgemm sgemm CUDA1 0.994837 107560 40
CPU13 44.992808 107521 sgemm sgemm CUDA2 1.160154 107561 40
CPU0 45.606717 107522 sgemm sgemm CUDA2 0.067119 107562 40
CPU8 44.840877 107523 sgemm sgemm CUDA2 0.994635 107563 40
CPU11 44.939102 107524 sgemm sgemm CUDA3 1.010596 107564 40
CPU13 44.757409 107525 sgemm sgemm CUDA2 1.167543 107565 40
CPU12 45.371432 107526 sgemm sgemm CUDA2 0.991619 107566 40
CPU19 44.908728 107527 sgemm sgemm CUDA1 0.999318 107567 40
CPU8 44.671636 107528 sgemm sgemm CUDA2 1.168370 107568 40
CPU1 44.676133 107529 sgemm sgemm CUDA2 1.166074 107569 40
CPU16 44.892502 107530 sgemm sgemm CUDA2 0.990463 107570 40
CPU3 45.291957 107531 sgemm sgemm CUDA2 1.002920 107571 40
CPU6 45.300044 107532 sgemm sgemm CUDA2 1.157336 107572 40
CPU1 45.176910 107533 sgemm sgemm CUDA2 0.991252 107573 40
CPU15 44.684743 107534 sgemm sgemm CUDA3 1.170857 107574 40
CPU7 44.909942 107535 sgemm sgemm CUDA2 1.165727 107575 40
CPU7 25.364965 107538 ssyrk ssyrk CPU -1 107578 40
CPU14 44.730234 107539 sgemm sgemm CUDA1 1.167268 107579 40
CPU19 45.045498 107540 sgemm sgemm CUDA1 1.157741 107580 40
CPU11 44.792068 107541 sgemm sgemm CUDA1 12.836182 107581 40
CPU15 44.705784 107542 sgemm sgemm CUDA1 1.163956 107582 40
CPU16 45.208223 107543 sgemm sgemm CUDA3 1.165038 107583 40
CPU19 45.161560 107544 sgemm sgemm CUDA1 1.163765 107584 40
CPU10 45.026077 107545 sgemm sgemm CUDA1 1.001203 107585 40
CPU4 45.008185 107546 sgemm sgemm CUDA2 0.997923 107586 40
CPU1 44.842552 107547 sgemm sgemm CUDA3 0.994945 107587 40
CPU1 44.902327 107548 sgemm sgemm CUDA0 1.165797 107588 40
CPU14 45.170974 107549 sgemm sgemm CUDA0 8.545551 107589 40
CPU13 44.981825 107550 sgemm sgemm CUDA2 16.256508 107590 40
CPU15 45.075303 107551 sgemm sgemm CUDA3 0.997711 107591 40
CPU19 45.090364 107552 sgemm sgemm CUDA0 1.344353 107592 40
CPU0 44.863279 107553 sgemm sgemm CUDA3 1.001658 107593 40
CPU15 45.050599 107554 sgemm sgemm CUDA2 1.179944 107594 40
CPU18 44.933760 107555 sgemm sgemm CUDA3 1.242768 107595 40
CPU11 44.641072 107556 sgemm sgemm CUDA2 1.165396 107596 40
CPU13 45.192894 107557 sgemm sgemm CUDA0 0.992080 107597 40
CPU10 44.951515 107558 sgemm sgemm CUDA2 0.105078 107598 40
CPU14 45.074100 107559 sgemm sgemm CUDA3 0.058237 107599 40
CPU7 44.880125 107560 sgemm sgemm CUDA2 0.059937 107600 40
CPU16 25.004906 107563 ssyrk ssyrk CPU -1 107603 40
CPU5 45.171819 107564 sgemm sgemm CUDA1 0.056314 107604 40
CPU6 45.193277 107565 sgemm sgemm CUDA0 0.993484 107605 40
CPU11 44.812217 107566 sgemm sgemm CUDA1 0.997475 107606 40
CPU8 45.283355 107567 sgemm sgemm CUDA0 0.053099 107607 40
CPU5 45.235298 107568 sgemm sgemm CUDA1 1.156090 107608 40
CPU11 44.727902 107569 sgemm sgemm CUDA0 1.157678 107609 40
CPU19 44.798312 107570 sgemm sgemm CUDA3 1.161915 107610 40
CPU14 45.016637 107571 sgemm sgemm CUDA0 1.174895 107611 40
CPU6 44.777112 107572 sgemm sgemm CUDA2 0.981651 107612 40
CPU16 44.993063 107573 sgemm sgemm CUDA0 0.993888 107613 40
CPU4 45.339765 107574 sgemm sgemm CUDA2 12.534295 107614 40
CPU13 45.183765 107575 sgemm sgemm CUDA2 1.159673 107615 40
CPU18 44.965659 107576 sgemm sgemm CUDA0 0.994070 107616 40
CPU2 44.710250 107577 sgemm sgemm CUDA3 1.241848 107617 40
CPU14 45.099630 107578 sgemm sgemm CUDA2 1.171879 107618 40
CPU1 45.130425 107579 sgemm sgemm CUDA3 0.999764 107619 40
CPU2 45.100135 107580 sgemm sgemm CUDA2 0.053241 107620 40
CPU10 45.090937 107581 sgemm sgemm CUDA0 0.997907 107621 40
CPU13 44.868453 107582 sgemm sgemm CUDA2 0.944931 107622 40
CPU6 45.115696 107583 sgemm sgemm CUDA2 10.690251 107623 40
CPU4 44.982223 107584 sgemm sgemm CUDA2 0.993966 107624 40
CPU4 25.718705 107587 ssyrk ssyrk CPU -1 107627 40
CPU12 45.198047 107588 sgemm sgemm CUDA0 1.050436 107628 40
CPU7 45.305867 107589 sgemm sgemm CUDA3 4.177602 107629 40
CPU12 44.854959 107590 sgemm sgemm CUDA3 0.993695 107630 40
CPU2 45.012067 107591 sgemm sgemm CUDA0 0.120535 107631 40
CPU0 45.620349 107592 sgemm sgemm CUDA1 1.220302 107632 40
CPU2 45.355867 107593 sgemm sgemm CUDA1 1.000318 107633 40
CPU13 44.862833 107594 sgemm sgemm CUDA3 0.996605 107634 40
CPU16 44.923226 107595 sgemm sgemm CUDA0 0.995077 107635 40
CPU5 45.037042 107596 sgemm sgemm CUDA3 1.167309 107636 40
CPU14 44.854862 107597 sgemm sgemm CUDA1 1.170877 107637 40
CPU2 45.630404 107598 sgemm sgemm CUDA3 1.051011 107638 40
CPU10 44.849331 107599 sgemm sgemm CUDA1 1.168060 107639 40
CPU14 45.075481 107600 sgemm sgemm CUDA3 1.001062 107640 40
CPU6 44.969777 107601 sgemm sgemm CUDA3 1.000196 107641 40
CPU2 45.089499 107602 sgemm sgemm CUDA2 0.050546 107642 40
CPU6 45.448222 107603 sgemm sgemm CUDA3 1.109464 107643 40
CPU15 44.546525 107604 sgemm sgemm CUDA3 1.172129 107644 40
CPU6 45.164718 107605 sgemm sgemm CUDA2 1.172982 107645 40
CPU11 44.673529 107606 sgemm sgemm CUDA1 0.995044 107646 40
CPU14 45.211338 107607 sgemm sgemm CUDA3 1.162393 107647 40
CPU14 24.958479 107610 ssyrk ssyrk CPU -1 107650 40
CPU16 44.722069 107611 sgemm sgemm CUDA3 0.108558 107651 40
CPU0 45.671586 107612 sgemm sgemm CUDA0 0.992796 107652 40
CPU5 44.955107 107613 sgemm sgemm CUDA1 1.124108 107653 40
CPU14 44.688850 107614 sgemm sgemm CUDA0 1.267662 107654 40
CPU3 45.485244 107615 sgemm sgemm CUDA2 0.997757 107655 40
CPU10 45.325915 107616 sgemm sgemm CUDA3 1.247643 107656 40
CPU13 45.014803 107617 sgemm sgemm CUDA0 1.191341 107657 40
CPU11 44.874821 107618 sgemm sgemm CUDA0 0.060422 107658 40
CPU3 45.574859 107619 sgemm sgemm CUDA1 1.164072 107659 40
CPU11 44.748130 107620 sgemm sgemm CUDA3 0.998093 107660 40
CPU18 44.668263 107621 sgemm sgemm CUDA0 0.941104 107661 40
CPU14 44.849794 107622 sgemm sgemm CUDA3 0.992501 107662 40
CPU1 44.818924 107623 sgemm sgemm CUDA2 1.234302 107663 40
CPU1 45.206340 107624 sgemm sgemm CUDA2 0.996398 107664 40
CPU1 45.493496 107625 sgemm sgemm CUDA2 0.994342 107665 40
CPU12 44.706142 107626 sgemm sgemm CUDA2 1.161752 107666 40
CPU14 44.980442 107627 sgemm sgemm CUDA0 1.157266 107667 40
CPU16 44.848491 107628 sgemm sgemm CUDA2 1.297640 107668 40
CPU4 44.901030 107629 sgemm sgemm CUDA2 0.119699 107669 40
CPU0 25.409069 107632 ssyrk ssyrk CPU21 80.421599 107672 40
CPU16 44.810834 107633 sgemm sgemm CUDA3 0.994190 107673 40
CPU13 45.194609 107634 sgemm sgemm CUDA1 1.254107 107674 40
CPU9 45.003371 107635 sgemm sgemm CUDA1 1.166799 107675 40
CPU10 45.177016 107636 sgemm sgemm CUDA1 1.171055 107676 40
CPU8 45.255510 107637 sgemm sgemm CUDA0 0.992982 107677 40
CPU1 44.826447 107638 sgemm sgemm CUDA0 1.150198 107678 40
CPU0 46.076885 107639 sgemm sgemm CUDA0 0.997645 107679 40
CPU14 45.116198 107640 sgemm sgemm CUDA1 1.170874 107680 40
CPU4 45.256627 107641 sgemm sgemm CUDA1 0.997098 107681 40
CPU18 44.696294 107642 sgemm sgemm CUDA0 1.234106 107682 40
CPU3 44.524123 107643 sgemm sgemm CUDA3 1.173278 107683 40
CPU16 45.135360 107644 sgemm sgemm CUDA3 11.766491 107684 40
CPU12 44.935536 107645 sgemm sgemm CUDA3 0.995222 107685 40
CPU1 45.235548 107646 sgemm sgemm CUDA3 0.065502 107686 40
CPU0 45.115439 107647 sgemm sgemm CUDA3 0.993677 107687 40
CPU6 45.413057 107648 sgemm sgemm CUDA3 0.942228 107688 40
CPU15 44.666719 107649 sgemm sgemm CUDA3 12.906850 107689 40
CPU5 44.737287 107650 sgemm sgemm CUDA0 1.161859 107690 40
CPU13 25.141739 107653 ssyrk ssyrk CPU -1 107693 40
CPU12 44.969214 107654 sgemm sgemm CUDA0 1.142192 107694 40
CPU13 44.681692 107655 sgemm sgemm CUDA0 0.988328 107695 40
CPU6 45.435143 107656 sgemm sgemm CUDA0 0.067891 107696 40
CPU12 44.919026 107657 sgemm sgemm CUDA3 1.166302 107697 40
CPU13 44.964184 107658 sgemm sgemm CUDA0 0.052877 107698 40
CPU8 45.174605 107659 sgemm sgemm CUDA3 1.159892 107699 40
CPU4 45.322657 107660 sgemm sgemm CUDA2 1.001010 107700 40
CPU7 45.372864 107661 sgemm sgemm CUDA2 1.283101 107701 40
CPU18 44.830443 107662 sgemm sgemm CUDA3 0.998250 107702 40
CPU13 44.928169 107663 sgemm sgemm CUDA2 0.082658 107703 40
CPU15 45.032558 107664 sgemm sgemm CUDA2 1.188268 107704 40
CPU3 45.196744 107665 sgemm sgemm CUDA3 1.246746 107705 40
CPU8 45.167078 107666 sgemm sgemm CUDA3 1.163964 107706 40
CPU9 45.251498 107667 sgemm sgemm CUDA2 8.915816 107707 40
CPU13 44.939894 107668 sgemm sgemm CUDA3 1.046462 107708 40
CPU8 45.188193 107669 sgemm sgemm CUDA2 12.612759 107709 40
CPU8 44.864338 107670 sgemm sgemm CUDA2 0.993426 107710 40
CPU4 25.552877 107673 ssyrk ssyrk CPU20 92.243711 107713 40
CPU2 44.796581 107674 sgemm sgemm CUDA0 1.162855 107714 40
CPU10 45.050338 107675 sgemm sgemm CUDA0 0.055646 107715 40
CPU3 45.043425 107676 sgemm sgemm CUDA0 1.265007 107716 40
CPU4 45.717369 107677 sgemm sgemm CUDA2 0.047925 107717 40
CPU16 44.925939 107678 sgemm sgemm CUDA2 0.904159 107718 40
CPU10 44.956253 107679 sgemm sgemm CUDA0 1.170785 107719 40
CPU5 45.077711 107680 sgemm sgemm CUDA2 1.248408 107720 40
CPU0 45.876003 107681 sgemm sgemm CUDA0 1.169690 107721 40
CPU3 44.758591 107682 sgemm sgemm CUDA2 1.205609 107722 40
CPU0 44.940359 107683 sgemm sgemm CUDA2 11.678382 107723 40
CPU12 45.082759 107684 sgemm sgemm CUDA2 0.991777 107724 40
CPU2 44.925324 107685 sgemm sgemm CUDA2 1.165763 107725 40
CPU1 45.138497 107686 sgemm sgemm CUDA0 1.158232 107726 40
CPU3 45.342269 107687 sgemm sgemm CUDA0 12.934983 107727 40
CPU11 44.987323 107688 sgemm sgemm CUDA1 1.215972 107728 40
CPU4 44.664053 107689 sgemm sgemm CUDA2 1.161340 107729 40
CPU5 25.165889 107692 ssyrk ssyrk CPU18 66.627103 107732 40
CPU9 45.142445 107693 sgemm sgemm CUDA0 1.188884 107733 40
CPU14 44.901258 107694 sgemm sgemm CUDA0 1.242557 107734 40
CPU9 44.813829 107695 sgemm sgemm CUDA0 0.998367 107735 40
CPU12 44.858088 107696 sgemm sgemm CUDA0 1.002723 107736 40
CPU9 45.297884 107697 sgemm sgemm CUDA1 3.934301 107737 40
CPU0 45.542352 107698 sgemm sgemm CUDA0 1.053878 107738 40
CPU18 44.624564 107699 sgemm sgemm CUDA1 0.064680 107739 40
CPU6 45.097327 107700 sgemm sgemm CUDA3 0.046036 107740 40
CPU9 44.735520 107701 sgemm sgemm CUDA3 1.243181 107741 40
CPU11 44.870037 107702 sgemm sgemm CUDA1 10.268456 107742 40
CPU6 45.443050 107703 sgemm sgemm CUDA1 1.032487 107743 40
CPU3 45.149289 107704 sgemm sgemm CUDA3 0.989064 107744 40
CPU12 45.224061 107705 sgemm sgemm CUDA0 1.156110 107745 40
CPU15 44.750315 107706 sgemm sgemm CUDA1 1.219050 107746 40
CPU9 44.819554 107707 sgemm sgemm CUDA3 1.164466 107747 40
CPU11 24.539966 107710 ssyrk ssyrk CPU14 100.362285 107750 40
CPU11 44.644817 107711 sgemm sgemm CUDA0 1.000986 107751 40
CPU11 44.690201 107712 sgemm sgemm CUDA2 0.069668 107752 40
CPU5 45.422057 107713 sgemm sgemm CUDA2 0.998645 107753 40
CPU2 45.044696 107714 sgemm sgemm CUDA2 1.162459 107754 40
CPU11 44.643641 107715 sgemm sgemm CUDA3 1.172295 107755 40
CPU10 44.879786 107716 sgemm sgemm CUDA2 10.821927 107756 40
CPU11 44.578650 107717 sgemm sgemm CUDA2 0.990184 107757 40
CPU16 44.940320 107718 sgemm sgemm CUDA2 1.341592 107758 40
CPU16 44.733666 107719 sgemm sgemm CUDA1 1.049256 107759 40
CPU9 45.509262 107720 sgemm sgemm CUDA2 1.155742 107760 40
CPU12 44.892888 107721 sgemm sgemm CUDA2 1.106697 107761 40
CPU7 45.305759 107722 sgemm sgemm CUDA2 9.090595 107762 40
CPU11 44.807306 107723 sgemm sgemm CUDA0 0.988309 107763 40
CPU3 44.840594 107724 sgemm sgemm CUDA2 1.046066 107764 40
CPU5 25.263981 107727 ssyrk ssyrk CPU -1 107767 40
CPU8 44.762538 107728 sgemm sgemm CUDA0 1.001662 107768 40
CPU8 45.338254 107729 sgemm sgemm CUDA3 1.004096 107769 40
CPU13 44.885425 107730 sgemm sgemm CUDA2 0.124879 107770 40
CPU10 44.664728 107731 sgemm sgemm CUDA2 0.060384 107771 40
CPU4 45.227445 107732 sgemm sgemm CUDA3 9.195835 107772 40
CPU9 44.946646 107733 sgemm sgemm CUDA3 0.994940 107773 40
CPU4 45.026016 107734 sgemm sgemm CUDA3 0.202669 107774 40
CPU6 45.324106 107735 sgemm sgemm CUDA2 1.164307 107775 40
CPU5 45.216468 107736 sgemm sgemm CUDA3 0.992464 107776 40
CPU2 45.378540 107737 sgemm sgemm CUDA2 1.159820 107777 40
CPU13 44.923269 107738 sgemm sgemm CUDA3 0.993131 107778 40
CPU10 44.872778 107739 sgemm sgemm CUDA2 1.144918 107779 40
CPU3 44.863669 107740 sgemm sgemm CUDA3 1.154702 107780 40
CPU4 25.023424 107743 ssyrk ssyrk CPU -1 107783 40
CPU11 44.919529 107744 sgemm sgemm CUDA2 0.053698 107784 40
CPU11 45.060243 107745 sgemm sgemm CUDA0 1.168485 107785 40
CPU14 45.215825 107746 sgemm sgemm CUDA2 0.988767 107786 40
CPU18 45.076746 107747 sgemm sgemm CUDA0 0.992858 107787 40
CPU3 44.706185 107748 sgemm sgemm CUDA2 12.081672 107788 40
CPU13 45.420048 107749 sgemm sgemm CUDA3 0.988391 107789 40
CPU10 45.212850 107750 sgemm sgemm CUDA0 12.088542 107790 40
CPU10 45.154782 107751 sgemm sgemm CUDA2 1.160604 107791 40
CPU4 45.082450 107752 sgemm sgemm CUDA0 1.055597 107792 40
CPU12 45.092583 107753 sgemm sgemm CUDA2 0.936602 107793 40
CPU13 45.163976 107754 sgemm sgemm CUDA0 0.841845 107794 40
CPU5 44.721730 107755 sgemm sgemm CUDA2 1.054318 107795 40
CPU13 25.216353 107758 ssyrk ssyrk CPU10 85.538410 107798 40
CPU3 45.166311 107759 sgemm sgemm CUDA2 1.380746 107799 40
CPU3 45.377962 107760 sgemm sgemm CUDA2 12.860818 107800 40
CPU4 45.252362 107761 sgemm sgemm CUDA3 0.990589 107801 40
CPU13 45.021723 107762 sgemm sgemm CUDA3 0.075162 107802 40
CPU19 45.289782 107763 sgemm sgemm CUDA2 0.988682 107803 40
CPU2 45.281532 107764 sgemm sgemm CUDA3 0.998090 107804 40
CPU13 44.933734 107765 sgemm sgemm CUDA3 12.101565 107805 40
CPU13 44.912316 107766 sgemm sgemm CUDA2 1.161547 107806 40
CPU1 45.258227 107767 sgemm sgemm CUDA3 0.991596 107807 40
CPU4 45.271094 107768 sgemm sgemm CUDA0 0.993495 107808 40
CPU13 45.174405 107769 sgemm sgemm CUDA2 1.163728 107809 40
CPU18 25.187680 107772 ssyrk ssyrk CPU14 85.397734 107812 40
CPU9 45.097189 107773 sgemm sgemm CUDA0 1.161993 107813 40
CPU18 44.717686 107774 sgemm sgemm CUDA0 0.990780 107814 40
CPU18 44.914544 107775 sgemm sgemm CUDA2 1.167918 107815 40
CPU5 45.131286 107776 sgemm sgemm CUDA2 1.213213 107816 40
CPU14 45.156977 107777 sgemm sgemm CUDA2 24.801325 107817 40
CPU18 44.733474 107778 sgemm sgemm CUDA1 3.878467 107818 40
CPU18 44.790606 107779 sgemm sgemm CUDA0 1.161585 107819 40
CPU3 45.348022 107780 sgemm sgemm CUDA0 1.152771 107820 40
CPU5 45.194118 107781 sgemm sgemm CUDA2 1.162107 107821 40
CPU18 44.937909 107782 sgemm sgemm CUDA2 0.517151 107822 40
CPU13 25.058017 107785 ssyrk ssyrk CPU12 80.935348 107825 40
CPU13 44.960887 107786 sgemm sgemm CUDA3 0.998740 107826 40
CPU16 45.188705 107787 sgemm sgemm CUDA1 0.991505 107827 40
CPU13 45.185753 107788 sgemm sgemm CUDA1 0.939707 107828 40
CPU9 45.060084 107789 sgemm sgemm CUDA1 1.161779 107829 40
CPU10 44.797320 107790 sgemm sgemm CUDA1 1.053112 107830 40
CPU2 45.248405 107791 sgemm sgemm CUDA3 1.162179 107831 40
CPU12 44.810962 107792 sgemm sgemm CUDA1 0.138328 107832 40
CPU0 45.617452 107793 sgemm sgemm CUDA2 1.160683 107833 40
CPU14 45.145169 107794 sgemm sgemm CUDA2 0.933938 107834 40
CPU19 25.382102 107797 ssyrk ssyrk CPU13 97.504158 107837 40
CPU18 44.850583 107798 sgemm sgemm CUDA3 15.225200 107838 40
CPU15 45.015893 107799 sgemm sgemm CUDA3 1.165651 107839 40
CPU6 45.090518 107800 sgemm sgemm CUDA3 0.457960 107840 40
CPU19 45.460208 107801 sgemm sgemm CUDA2 1.162823 107841 40
CPU6 45.098033 107802 sgemm sgemm CUDA0 1.047651 107842 40
CPU11 44.896486 107803 sgemm sgemm CUDA3 12.869192 107843 40
CPU3 44.825043 107804 sgemm sgemm CUDA0 0.044565 107844 40
CPU6 44.928403 107805 sgemm sgemm CUDA2 1.020449 107845 40
CPU7 25.158704 107808 ssyrk ssyrk CPU15 97.545445 107848 40
CPU14 45.187514 107809 sgemm sgemm CUDA2 1.219847 107849 40
CPU11 45.084984 107810 sgemm sgemm CUDA1 0.989810 107850 40
CPU0 45.305458 107811 sgemm sgemm CUDA2 1.161331 107851 40
CPU14 45.131641 107812 sgemm sgemm CUDA3 1.049401 107852 40
CPU5 44.852613 107813 sgemm sgemm CUDA2 1.047363 107853 40
CPU12 45.296314 107814 sgemm sgemm CUDA2 0.580832 107854 40
CPU0 44.980082 107815 sgemm sgemm CUDA2 15.288248 107855 40
CPU11 25.066830 107818 ssyrk ssyrk CPU -1 107858 40
CPU14 45.027968 107819 sgemm sgemm CUDA2 1.163537 107859 40
CPU9 44.881831 107820 sgemm sgemm CUDA3 12.842903 107860 40
CPU19 44.849278 107821 sgemm sgemm CUDA2 1.222854 107861 40
CPU16 45.043548 107822 sgemm sgemm CUDA3 1.106206 107862 40
CPU8 44.857763 107823 sgemm sgemm CUDA2 0.987376 107863 40
CPU6 44.585885 107824 sgemm sgemm CUDA3 0.990210 107864 40
CPU18 24.810461 107827 ssyrk ssyrk CPU -1 107867 40
CPU1 45.234961 107828 sgemm sgemm CUDA1 1.198209 107868 40
CPU12 44.936971 107829 sgemm sgemm CUDA3 5.934679 107869 40
CPU16 44.788969 107830 sgemm sgemm CUDA2 0.047799 107870 40
CPU15 44.899185 107831 sgemm sgemm CUDA2 1.053041 107871 40
CPU3 44.858391 107832 sgemm sgemm CUDA3 1.213242 107872 40
CPU7 25.664230 107835 ssyrk ssyrk CPU17 86.114913 107875 40
CPU13 44.880906 107836 sgemm sgemm CUDA3 0.992706 107876 40
CPU13 45.225095 107837 sgemm sgemm CUDA1 0.991169 107877 40
CPU15 44.694202 107838 sgemm sgemm CUDA3 12.839302 107878 40
CPU7 45.098937 107839 sgemm sgemm CUDA3 1.354651 107879 40
CPU4 25.424137 107842 ssyrk ssyrk CPU21 91.922766 107882 40
CPU16 44.620030 107843 sgemm sgemm CUDA0 1.222835 107883 40
CPU19 45.110662 107844 sgemm sgemm CUDA2 0.061074 107884 40
CPU8 44.863100 107845 sgemm sgemm CUDA3 0.989846 107885 40
CPU3 25.352040 107848 ssyrk ssyrk CPU -1 107888 40
CPU0 45.450754 107849 sgemm sgemm CUDA0 1.156667 107889 40
CPU0 45.631303 107850 sgemm sgemm CUDA2 0.922132 107890 40
CPU19 25.124888 107853 ssyrk ssyrk CPU17 79.433008 107893 40
CPU19 44.929813 107854 sgemm sgemm CUDA3 0.173194 107894 40
CPU3 24.826570 107857 ssyrk ssyrk CPU -1 107897 40
CPU19 14.081458 107860 spotrf spotrf CPU31 25.533722 107900 40
CPU18 29.993805 107861 strsm strsm CPU19 98.603609 107901 40
CPU18 30.240512 107862 strsm strsm CPU15 99.896650 107902 40
CPU10 30.642461 107863 strsm strsm CPU -1 107903 40
CPU8 29.878988 107864 strsm strsm CPU22 98.714772 107904 40
CPU1 30.338661 107865 strsm strsm CPU23 98.459005 107905 40
CPU19 30.783903 107866 strsm strsm CPU14 98.813264 107906 40
CPU13 30.735578 107867 strsm strsm CPU16 84.434829 107907 40
CPU18 30.061657 107868 strsm strsm CPU26 91.789898 107908 40
CPU5 30.272265 107869 strsm strsm CPU10 97.410166 107909 40
CPU18 29.990837 107870 strsm strsm CPU13 98.769466 107910 40
CPU11 30.015732 107871 strsm strsm CPU -1 107911 40
CPU10 30.721377 107872 strsm strsm CPU17 81.570196 107912 40
CPU2 30.286369 107873 strsm strsm CPU -1 107913 40
CPU9 30.069984 107874 strsm strsm CPU -1 107914 40
CPU16 30.097320 107875 strsm strsm CPU18 89.238893 107915 40
CPU6 30.848363 107876 strsm strsm CPU12 81.995298 107916 40
CPU14 30.585418 107877 strsm strsm CPU21 86.556223 107917 40
CPU7 30.731846 107878 strsm strsm CPU17 111.324821 107918 40
CPU16 29.975441 107879 strsm strsm CPU18 77.806046 107919 40
CPU4 30.581184 107880 strsm strsm CPU -1 107920 40
CPU4 30.693845 107881 strsm strsm CPU -1 107921 40
CPU0 30.821167 107882 strsm strsm CPU -1 107922 40
CPU2 30.318718 107883 strsm strsm CPU10 98.974055 107923 40
CPU4 30.591458 107884 strsm strsm CPU12 81.744397 107924 40
CPU13 31.081352 107885 strsm strsm CPU21 81.358800 107925 40
CPU10 30.626467 107886 strsm strsm CPU12 88.032433 107926 40
CPU13 30.736171 107887 strsm strsm CPU -1 107927 40
CPU19 30.686476 107888 strsm strsm CPU18 85.875739 107928 40
CPU7 30.591209 107889 strsm strsm CPU -1 107929 40
CPU7 30.453083 107890 strsm strsm CPU -1 107930 40
CPU6 30.669081 107891 strsm strsm CPU25 93.347314 107931 40
CPU7 30.407372 107892 strsm strsm CPU -1 107932 40
CPU5 30.313361 107893 strsm strsm CPU20 81.241268 107933 40
CPU9 30.308432 107894 strsm strsm CPU17 69.627616 107934 40
CPU19 30.538857 107895 strsm strsm CPU -1 107935 40
CPU2 29.994645 107896 strsm strsm CPU14 86.721330 107936 40
CPU18 24.882077 107899 ssyrk ssyrk CPU -1 107939 40
CPU18 44.870457 107900 sgemm sgemm CUDA1 1.003823 107940 40
CPU10 44.919847 107901 sgemm sgemm CUDA1 0.126386 107941 40
CPU8 44.698541 107902 sgemm sgemm CUDA1 0.998728 107942 40
CPU1 44.784697 107903 sgemm sgemm CPU10 178.052653 107943 40
CPU19 44.998260 107904 sgemm sgemm CUDA1 1.214654 107944 40
CPU11 44.527760 107905 sgemm sgemm CUDA1 1.015418 107945 40
CPU2 45.177290 107906 sgemm sgemm CUDA1 1.001716 107946 40
CPU0 45.623996 107907 sgemm sgemm CUDA1 0.994024 107947 40
CPU19 44.751665 107908 sgemm sgemm CUDA1 1.165837 107948 40
CPU11 44.724707 107909 sgemm sgemm CUDA1 0.149041 107949 40
CPU15 44.772304 107910 sgemm sgemm CUDA1 0.997826 107950 40
CPU2 45.027443 107911 sgemm sgemm CUDA1 0.994080 107951 40
CPU2 44.766453 107912 sgemm sgemm CUDA1 1.061451 107952 40
CPU16 44.693854 107913 sgemm sgemm CUDA0 0.998205 107953 40
CPU6 45.401171 107914 sgemm sgemm CUDA0 11.892423 107954 40
CPU11 44.585753 107915 sgemm sgemm CUDA0 1.172071 107955 40
CPU9 45.343272 107916 sgemm sgemm CUDA3 0.134527 107956 40
CPU16 44.872885 107917 sgemm sgemm CUDA0 12.444582 107957 40
CPU4 45.199927 107918 sgemm sgemm CUDA1 1.167591 107958 40
CPU0 45.223315 107919 sgemm sgemm CUDA1 0.994904 107959 40
CPU9 45.153060 107920 sgemm sgemm CUDA3 0.097363 107960 40
CPU16 45.064995 107921 sgemm sgemm CUDA3 1.166087 107961 40
CPU4 45.017479 107922 sgemm sgemm CUDA0 1.172575 107962 40
CPU13 44.963405 107923 sgemm sgemm CUDA3 1.170075 107963 40
CPU6 45.580294 107924 sgemm sgemm CUDA1 0.085047 107964 40
CPU10 44.750251 107925 sgemm sgemm CUDA1 11.856639 107965 40
CPU19 44.875709 107926 sgemm sgemm CUDA1 0.988964 107966 40
CPU7 44.951408 107927 sgemm sgemm CUDA3 1.201244 107967 40
CPU7 44.756373 107928 sgemm sgemm CUDA3 1.114635 107968 40
CPU6 45.225759 107929 sgemm sgemm CUDA0 1.160653 107969 40
CPU7 44.720207 107930 sgemm sgemm CUDA3 0.994763 107970 40
CPU2 45.939232 107931 sgemm sgemm CUDA3 1.158337 107971 40
CPU7 45.151154 107932 sgemm sgemm CUDA3 0.990136 107972 40
CPU19 45.102897 107933 sgemm sgemm CUDA3 1.049954 107973 40
CPU3 44.832522 107934 sgemm sgemm CUDA3 0.993961 107974 40
CPU18 25.032058 107937 ssyrk ssyrk CPU15 97.632934 107977 40
CPU10 45.054752 107938 sgemm sgemm CUDA1 1.224836 107978 40
CPU4 44.766695 107939 sgemm sgemm CUDA0 1.001321 107979 40
CPU7 45.078116 107940 sgemm sgemm CUDA1 1.229403 107980 40
CPU18 44.890157 107941 sgemm sgemm CUDA1 1.173803 107981 40
CPU12 44.995745 107942 sgemm sgemm CUDA1 0.177172 107982 40
CPU18 44.944204 107943 sgemm sgemm CUDA1 0.998968 107983 40
CPU1 44.970179 107944 sgemm sgemm CUDA1 1.165609 107984 40
CPU18 44.820368 107945 sgemm sgemm CUDA1 0.984956 107985 40
CPU10 45.012908 107946 sgemm sgemm CUDA1 0.996205 107986 40
CPU16 45.093507 107947 sgemm sgemm CUDA0 1.001242 107987 40
CPU9 45.017426 107948 sgemm sgemm CUDA1 0.996865 107988 40
CPU8 44.702607 107949 sgemm sgemm CUDA1 0.115112 107989 40
CPU15 44.916234 107950 sgemm sgemm CUDA0 1.171330 107990 40
CPU1 45.044400 107951 sgemm sgemm CUDA0 0.999591 107991 40
CPU15 44.772578 107952 sgemm sgemm CUDA0 0.999175 107992 40
CPU7 45.174981 107953 sgemm sgemm CUDA1 1.166822 107993 40
CPU16 44.689703 107954 sgemm sgemm CUDA0 12.147994 107994 40
CPU18 44.884667 107955 sgemm sgemm CUDA0 1.221631 107995 40
CPU4 45.201904 107956 sgemm sgemm CUDA1 1.254350 107996 40
CPU0 45.445810 107957 sgemm sgemm CUDA2 0.997547 107997 40
CPU2 45.031149 107958 sgemm sgemm CUDA0 1.166340 107998 40
CPU3 44.678141 107959 sgemm sgemm CUDA0 1.173242 107999 40
CPU13 45.095045 107960 sgemm sgemm CUDA0 1.168152 108000 40
CPU19 44.891928 107961 sgemm sgemm CUDA1 1.159553 108001 40
CPU13 44.993007 107962 sgemm sgemm CUDA1 1.158264 108002 40
CPU18 45.144671 107963 sgemm sgemm CUDA2 1.214564 108003 40
CPU4 44.670133 107964 sgemm sgemm CUDA2 1.000609 108004 40
CPU1 44.564449 107965 sgemm sgemm CUDA1 1.163213 108005 40
CPU7 44.849662 107966 sgemm sgemm CUDA0 1.170522 108006 40
CPU4 44.678282 107967 sgemm sgemm CUDA2 1.002134 108007 40
CPU9 44.912338 107968 sgemm sgemm CUDA0 0.138598 108008 40
CPU9 45.048016 107969 sgemm sgemm CUDA0 1.240079 108009 40
CPU11 44.882888 107970 sgemm sgemm CUDA2 1.168306 108010 40
CPU2 44.959612 107971 sgemm sgemm CUDA2 1.002845 108011 40
CPU10 25.135071 107974 ssyrk ssyrk CPU25 108.168480 108014 40
CPU8 44.495319 107975 sgemm sgemm CUDA1 0.993140 108015 40
CPU5 44.940060 107976 sgemm sgemm CUDA1 1.256290 108016 40
CPU2 44.862098 107977 sgemm sgemm CUDA1 1.166588 108017 40
CPU11 44.861213 107978 sgemm sgemm CUDA1 1.219871 108018 40
CPU6 45.320689 107979 sgemm sgemm CUDA1 0.997061 108019 40
CPU4 44.891738 107980 sgemm sgemm CUDA1 1.171263 108020 40
CPU15 44.792041 107981 sgemm sgemm CUDA1 0.998904 108021 40
CPU11 44.961294 107982 sgemm sgemm CUDA1 1.241629 108022 40
CPU14 44.939574 107983 sgemm sgemm CUDA1 0.995874 108023 40
CPU6 44.573374 107984 sgemm sgemm CUDA1 0.994429 108024 40
CPU9 44.546835 107985 sgemm sgemm CUDA1 1.291962 108025 40
CPU15 44.801559 107986 sgemm sgemm CUDA0 0.064919 108026 40
CPU12 45.176143 107987 sgemm sgemm CUDA0 1.162156 108027 40
CPU12 44.868367 107988 sgemm sgemm CUDA0 1.164801 108028 40
CPU7 45.262176 107989 sgemm sgemm CUDA1 1.160138 108029 40
CPU16 44.718813 107990 sgemm sgemm CUDA0 3.262279 108030 40
CPU4 44.985898 107991 sgemm sgemm CUDA1 0.996823 108031 40
CPU3 45.028088 107992 sgemm sgemm CUDA1 0.996205 108032 40
CPU0 45.614242 107993 sgemm sgemm CUDA2 1.000670 108033 40
CPU9 45.168469 107994 sgemm sgemm CUDA3 1.167329 108034 40
CPU3 44.836010 107995 sgemm sgemm CUDA0 0.087841 108035 40
CPU1 45.084365 107996 sgemm sgemm CUDA0 1.165283 108036 40
CPU16 45.147290 107997 sgemm sgemm CUDA1 0.996613 108037 40
CPU1 45.137242 107998 sgemm sgemm CUDA1 0.046528 108038 40
CPU19 45.053719 107999 sgemm sgemm CUDA2 0.994176 108039 40
CPU0 44.542877 108000 sgemm sgemm CUDA2 0.998025 108040 40
CPU7 44.847163 108001 sgemm sgemm CUDA1 1.163526 108041 40
CPU4 45.097703 108002 sgemm sgemm CUDA2 0.994648 108042 40
CPU0 44.653789 108003 sgemm sgemm CUDA3 1.001103 108043 40
CPU1 45.082879 108004 sgemm sgemm CUDA3 1.360626 108044 40
CPU10 44.894827 108005 sgemm sgemm CUDA3 0.993966 108045 40
CPU12 44.998343 108006 sgemm sgemm CUDA2 0.107278 108046 40
CPU3 44.769872 108007 sgemm sgemm CUDA2 12.266688 108047 40
CPU8 24.586941 108010 ssyrk ssyrk CPU -1 108050 40
CPU0 45.138954 108011 sgemm sgemm CUDA1 0.074839 108051 40
CPU9 44.713683 108012 sgemm sgemm CUDA1 0.110371 108052 40
CPU13 45.098984 108013 sgemm sgemm CUDA1 0.997004 108053 40
CPU16 44.871917 108014 sgemm sgemm CUDA1 1.164904 108054 40
CPU3 44.834600 108015 sgemm sgemm CUDA1 0.091805 108055 40
CPU14 45.278025 108016 sgemm sgemm CUDA0 1.169072 108056 40
CPU11 44.963411 108017 sgemm sgemm CUDA1 0.125145 108057 40
CPU11 45.033420 108018 sgemm sgemm CUDA0 1.152696 108058 40
CPU7 45.006030 108019 sgemm sgemm CUDA1 1.003936 108059 40
CPU4 44.919142 108020 sgemm sgemm CUDA1 0.997427 108060 40
CPU12 45.164960 108021 sgemm sgemm CUDA0 0.995937 108061 40
CPU6 45.163949 108022 sgemm sgemm CUDA0 0.998384 108062 40
CPU4 45.353325 108023 sgemm sgemm CUDA1 1.165099 108063 40
CPU11 44.753368 108024 sgemm sgemm CUDA1 1.165007 108064 40
CPU15 44.694288 108025 sgemm sgemm CUDA0 0.994237 108065 40
CPU3 44.863393 108026 sgemm sgemm CUDA0 1.163739 108066 40
CPU4 45.205400 108027 sgemm sgemm CUDA1 1.168940 108067 40
CPU15 44.803098 108028 sgemm sgemm CUDA2 0.994201 108068 40
CPU8 44.861958 108029 sgemm sgemm CUDA0 0.161642 108069 40
CPU0 44.739445 108030 sgemm sgemm CUDA0 1.163365 108070 40
CPU16 45.060067 108031 sgemm sgemm CUDA0 0.992053 108071 40
CPU14 45.340464 108032 sgemm sgemm CUDA1 1.162341 108072 40
CPU19 45.173626 108033 sgemm sgemm CUDA1 0.115047 108073 40
CPU19 45.085399 108034 sgemm sgemm CUDA2 0.058895 108074 40
CPU1 44.655198 108035 sgemm sgemm CUDA2 0.991050 108075 40
CPU2 44.469847 108036 sgemm sgemm CUDA3 0.999120 108076 40
CPU12 45.171228 108037 sgemm sgemm CUDA2 0.997946 108077 40
CPU4 44.748754 108038 sgemm sgemm CUDA2 0.998479 108078 40
CPU0 44.673646 108039 sgemm sgemm CUDA3 0.062893 108079 40
CPU18 45.092757 108040 sgemm sgemm CUDA0 1.001434 108080 40
CPU6 45.088700 108041 sgemm sgemm CUDA3 0.992379 108081 40
CPU2 44.747716 108042 sgemm sgemm CUDA2 0.057846 108082 40
CPU1 24.924959 108045 ssyrk ssyrk CPU29 105.297428 108085 40
CPU6 44.922581 108046 sgemm sgemm CUDA1 0.075928 108086 40
CPU9 45.028098 108047 sgemm sgemm CUDA1 1.155461 108087 40
CPU15 44.753220 108048 sgemm sgemm CUDA1 1.002269 108088 40
CPU11 44.795613 108049 sgemm sgemm CUDA1 1.167960 108089 40
CPU11 44.758339 108050 sgemm sgemm CUDA1 0.997822 108090 40
CPU11 44.845292 108051 sgemm sgemm CUDA1 1.167713 108091 40
CPU16 44.763849 108052 sgemm sgemm CUDA0 1.143240 108092 40
CPU9 45.029983 108053 sgemm sgemm CUDA1 0.999433 108093 40
CPU8 44.710345 108054 sgemm sgemm CUDA1 12.923269 108094 40
CPU12 44.806996 108055 sgemm sgemm CUDA0 0.996002 108095 40
CPU15 44.742565 108056 sgemm sgemm CUDA0 1.165765 108096 40
CPU4 45.321540 108057 sgemm sgemm CUDA0 0.998165 108097 40
CPU7 45.225296 108058 sgemm sgemm CUDA3 1.220869 108098 40
CPU14 44.512923 108059 sgemm sgemm CUDA0 1.164622 108099 40
CPU7 45.671440 108060 sgemm sgemm CUDA0 1.167385 108100 40
CPU3 45.208727 108061 sgemm sgemm CUDA1 1.164426 108101 40
CPU9 45.134961 108062 sgemm sgemm CUDA2 1.320807 108102 40
CPU14 45.012432 108063 sgemm sgemm CUDA3 0.990281 108103 40
CPU8 44.814419 108064 sgemm sgemm CUDA2 0.986402 108104 40
CPU11 44.902452 108065 sgemm sgemm CUDA3 0.947157 108105 40
CPU5 45.260595 108066 sgemm sgemm CUDA2 1.204158 108106 40
CPU3 45.262764 108067 sgemm sgemm CUDA1 1.314917 108107 40
CPU18 44.908645 108068 sgemm sgemm CUDA2 1.198259 108108 40
CPU4 44.924906 108069 sgemm sgemm CUDA2 1.256252 108109 40
CPU6 44.951432 108070 sgemm sgemm CUDA1 1.168884 108110 40
CPU1 45.192994 108071 sgemm sgemm CUDA2 1.152071 108111 40
CPU0 44.707849 108072 sgemm sgemm CUDA3 1.160083 108112 40
CPU5 45.040731 108073 sgemm sgemm CUDA3 0.999381 108113 40
CPU7 45.371296 108074 sgemm sgemm CUDA0 0.998198 108114 40
CPU15 45.020222 108075 sgemm sgemm CUDA3 12.314584 108115 40
CPU2 44.734416 108076 sgemm sgemm CUDA3 0.998449 108116 40
CPU19 25.181526 108079 ssyrk ssyrk CPU -1 108119 40
CPU16 44.900485 108080 sgemm sgemm CUDA1 12.891509 108120 40
CPU15 44.725632 108081 sgemm sgemm CUDA1 0.119632 108121 40
CPU18 44.901281 108082 sgemm sgemm CUDA1 0.995187 108122 40
CPU9 45.075698 108083 sgemm sgemm CUDA1 1.167396 108123 40
CPU11 45.039988 108084 sgemm sgemm CUDA1 1.166243 108124 40
CPU4 44.978604 108085 sgemm sgemm CUDA1 1.167088 108125 40
CPU6 44.856468 108086 sgemm sgemm CUDA1 3.570882 108126 40
CPU9 44.439966 108087 sgemm sgemm CUDA1 1.165859 108127 40
CPU18 44.791066 108088 sgemm sgemm CUDA0 1.167168 108128 40
CPU15 44.818566 108089 sgemm sgemm CUDA0 1.221925 108129 40
CPU1 45.010094 108090 sgemm sgemm CUDA0 0.999296 108130 40
CPU7 45.078033 108091 sgemm sgemm CUDA1 0.998323 108131 40
CPU14 44.947403 108092 sgemm sgemm CUDA0 1.166471 108132 40
CPU16 44.998168 108093 sgemm sgemm CUDA0 1.160228 108133 40
CPU4 45.075556 108094 sgemm sgemm CUDA0 12.893366 108134 40
CPU6 45.281456 108095 sgemm sgemm CUDA2 0.924246 108135 40
CPU5 44.849315 108096 sgemm sgemm CUDA0 9.078437 108136 40
CPU0 44.624155 108097 sgemm sgemm CUDA0 0.069158 108137 40
CPU2 44.983188 108098 sgemm sgemm CUDA0 1.227812 108138 40
CPU5 45.148067 108099 sgemm sgemm CUDA1 1.161043 108139 40
CPU15 44.849974 108100 sgemm sgemm CUDA1 1.165802 108140 40
CPU18 44.910102 108101 sgemm sgemm CUDA1 0.991488 108141 40
CPU4 44.691161 108102 sgemm sgemm CUDA2 0.996982 108142 40
CPU13 45.180325 108103 sgemm sgemm CUDA1 1.161036 108143 40
CPU3 44.803953 108104 sgemm sgemm CUDA0 1.304166 108144 40
CPU4 44.505110 108105 sgemm sgemm CUDA2 0.051859 108145 40
CPU8 44.947747 108106 sgemm sgemm CUDA2 1.165393 108146 40
CPU4 45.246613 108107 sgemm sgemm CUDA0 9.846687 108147 40
CPU1 44.900306 108108 sgemm sgemm CUDA2 0.984073 108148 40
CPU2 44.685834 108109 sgemm sgemm CUDA2 1.168100 108149 40
CPU13 25.269253 108112 ssyrk ssyrk CPU -1 108152 40
CPU10 45.007727 108113 sgemm sgemm CUDA1 0.995886 108153 40
CPU19 44.923758 108114 sgemm sgemm CUDA1 1.265717 108154 40
CPU16 44.746046 108115 sgemm sgemm CUDA1 1.225263 108155 40
CPU11 44.924270 108116 sgemm sgemm CUDA1 1.166727 108156 40
CPU15 44.773687 108117 sgemm sgemm CUDA1 1.001068 108157 40
CPU10 44.893243 108118 sgemm sgemm CUDA1 1.168840 108158 40
CPU11 44.646968 108119 sgemm sgemm CUDA1 0.994896 108159 40
CPU10 44.958896 108120 sgemm sgemm CUDA0 1.165195 108160 40
CPU19 44.875297 108121 sgemm sgemm CUDA0 0.999669 108161 40
CPU11 44.860624 108122 sgemm sgemm CUDA1 1.164326 108162 40
CPU2 45.155328 108123 sgemm sgemm CUDA1 0.998660 108163 40
CPU16 44.621632 108124 sgemm sgemm CUDA0 1.167815 108164 40
CPU14 45.149067 108125 sgemm sgemm CUDA0 15.568074 108165 40
CPU18 44.671980 108126 sgemm sgemm CUDA1 0.999995 108166 40
CPU2 45.059249 108127 sgemm sgemm CUDA2 0.997949 108167 40
CPU12 45.022212 108128 sgemm sgemm CUDA3 12.999662 108168 40
CPU2 44.974390 108129 sgemm sgemm CUDA0 1.047749 108169 40
CPU10 45.066772 108130 sgemm sgemm CUDA0 0.994774 108170 40
CPU15 45.062450 108131 sgemm sgemm CUDA2 0.072012 108171 40
CPU13 44.978704 108132 sgemm sgemm CUDA1 1.249279 108172 40
CPU19 44.929068 108133 sgemm sgemm CUDA2 1.166934 108173 40
CPU9 44.770888 108134 sgemm sgemm CUDA2 1.169626 108174 40
CPU11 44.893062 108135 sgemm sgemm CUDA1 1.165684 108175 40
CPU4 45.296801 108136 sgemm sgemm CUDA0 0.795571 108176 40
CPU0 44.629363 108137 sgemm sgemm CUDA3 1.154923 108177 40
CPU4 45.006466 108138 sgemm sgemm CUDA2 1.000256 108178 40
CPU12 45.002841 108139 sgemm sgemm CUDA0 1.168182 108179 40
CPU2 44.985268 108140 sgemm sgemm CUDA2 0.996796 108180 40
CPU3 44.627500 108141 sgemm sgemm CUDA3 1.168439 108181 40
CPU18 25.032427 108144 ssyrk ssyrk CPU20 82.882730 108184 40
CPU18 44.911835 108145 sgemm sgemm CUDA1 1.165226 108185 40
CPU12 44.910982 108146 sgemm sgemm CUDA1 1.170286 108186 40
CPU0 45.660063 108147 sgemm sgemm CUDA1 1.000565 108187 40
CPU5 44.816912 108148 sgemm sgemm CUDA1 1.165034 108188 40
CPU18 44.912005 108149 sgemm sgemm CUDA1 1.163576 108189 40
CPU18 45.020214 108150 sgemm sgemm CUDA1 1.055321 108190 40
CPU18 45.001687 108151 sgemm sgemm CUDA1 1.165992 108191 40
CPU13 45.010010 108152 sgemm sgemm CUDA3 12.719675 108192 40
CPU16 44.849856 108153 sgemm sgemm CUDA1 1.166109 108193 40
CPU19 44.931164 108154 sgemm sgemm CUDA1 1.158304 108194 40
CPU14 44.903641 108155 sgemm sgemm CUDA3 1.166768 108195 40
CPU0 45.113373 108156 sgemm sgemm CUDA1 1.169955 108196 40
CPU18 45.002524 108157 sgemm sgemm CUDA1 1.342131 108197 40
CPU12 44.945485 108158 sgemm sgemm CUDA3 1.000874 108198 40
CPU2 45.030484 108159 sgemm sgemm CUDA3 0.994048 108199 40
CPU9 44.984290 108160 sgemm sgemm CUDA0 0.996724 108200 40
CPU2 45.101492 108161 sgemm sgemm CUDA0 12.096729 108201 40
CPU9 45.276765 108162 sgemm sgemm CUDA1 0.987598 108202 40
CPU3 45.066528 108163 sgemm sgemm CUDA1 1.171148 108203 40
CPU18 44.917002 108164 sgemm sgemm CUDA1 0.944976 108204 40
CPU5 44.196209 108165 sgemm sgemm CUDA3 1.162868 108205 40
CPU8 44.698433 108166 sgemm sgemm CUDA3 12.122987 108206 40
CPU6 45.144909 108167 sgemm sgemm CUDA0 0.995003 108207 40
CPU4 44.959744 108168 sgemm sgemm CUDA3 0.068802 108208 40
CPU4 45.011922 108169 sgemm sgemm CUDA3 1.216152 108209 40
CPU8 45.086278 108170 sgemm sgemm CUDA0 1.171880 108210 40
CPU8 45.102106 108171 sgemm sgemm CUDA3 1.229309 108211 40
CPU0 45.067821 108172 sgemm sgemm CUDA3 1.000772 108212 40
CPU5 25.072832 108175 ssyrk ssyrk CPU16 69.724253 108215 40
CPU16 44.740317 108176 sgemm sgemm CUDA1 0.130583 108216 40
CPU11 44.660039 108177 sgemm sgemm CUDA1 1.225770 108217 40
CPU11 44.698302 108178 sgemm sgemm CUDA1 0.053203 108218 40
CPU7 45.051010 108179 sgemm sgemm CUDA1 0.998854 108219 40
CPU5 44.997938 108180 sgemm sgemm CUDA1 1.166518 108220 40
CPU13 44.632975 108181 sgemm sgemm CUDA0 1.169921 108221 40
CPU8 45.310744 108182 sgemm sgemm CUDA0 1.165694 108222 40
CPU14 44.874121 108183 sgemm sgemm CUDA1 1.001880 108223 40
CPU14 45.015887 108184 sgemm sgemm CUDA1 1.001110 108224 40
CPU5 45.275975 108185 sgemm sgemm CUDA0 1.217755 108225 40
CPU16 45.026089 108186 sgemm sgemm CUDA0 0.998996 108226 40
CPU8 45.115599 108187 sgemm sgemm CUDA1 11.837587 108227 40
CPU4 45.469310 108188 sgemm sgemm CUDA2 1.165557 108228 40
CPU12 44.967926 108189 sgemm sgemm CUDA0 1.255403 108229 40
CPU7 44.916150 108190 sgemm sgemm CUDA2 0.070780 108230 40
CPU8 44.847487 108191 sgemm sgemm CUDA0 1.341677 108231 40
CPU8 45.166332 108192 sgemm sgemm CUDA1 1.205850 108232 40
CPU4 45.396154 108193 sgemm sgemm CUDA2 0.051679 108233 40
CPU19 44.853047 108194 sgemm sgemm CUDA2 12.946408 108234 40
CPU1 44.721998 108195 sgemm sgemm CUDA2 1.161634 108235 40
CPU5 44.960622 108196 sgemm sgemm CUDA1 0.934364 108236 40
CPU17 44.929967 108197 sgemm sgemm CUDA0 1.170861 108237 40
CPU8 44.880095 108198 sgemm sgemm CUDA3 1.169263 108238 40
CPU7 45.323886 108199 sgemm sgemm CUDA2 1.160520 108239 40
CPU3 45.286315 108200 sgemm sgemm CUDA3 1.002512 108240 40
CPU8 45.120531 108201 sgemm sgemm CUDA2 1.000442 108241 40
CPU6 45.226405 108202 sgemm sgemm CUDA3 1.174866 108242 40
CPU18 24.857609 108205 ssyrk ssyrk CPU12 80.251950 108245 40
CPU13 44.880405 108206 sgemm sgemm CUDA1 0.994785 108246 40
CPU11 44.897110 108207 sgemm sgemm CUDA0 1.164050 108247 40
CPU14 44.982597 108208 sgemm sgemm CUDA1 5.928712 108248 40
CPU7 45.263484 108209 sgemm sgemm CUDA1 1.168944 108249 40
CPU18 44.825631 108210 sgemm sgemm CUDA0 1.001029 108250 40
CPU1 45.264117 108211 sgemm sgemm CUDA0 0.997384 108251 40
CPU3 45.104270 108212 sgemm sgemm CUDA0 0.997037 108252 40
CPU2 45.068006 108213 sgemm sgemm CUDA1 1.169519 108253 40
CPU15 44.896801 108214 sgemm sgemm CUDA3 0.992871 108254 40
CPU19 45.097743 108215 sgemm sgemm CUDA0 1.167159 108255 40
CPU19 44.846330 108216 sgemm sgemm CUDA1 0.998507 108256 40
CPU3 45.458802 108217 sgemm sgemm CUDA3 0.080521 108257 40
CPU0 45.561541 108218 sgemm sgemm CUDA3 1.163434 108258 40
CPU5 44.919231 108219 sgemm sgemm CUDA2 0.194977 108259 40
CPU4 45.430225 108220 sgemm sgemm CUDA3 0.997308 108260 40
CPU11 45.411567 108221 sgemm sgemm CUDA2 0.996140 108261 40
CPU7 45.413545 108222 sgemm sgemm CUDA2 1.171575 108262 40
CPU19 44.795690 108223 sgemm sgemm CUDA2 1.166665 108263 40
CPU6 45.026150 108224 sgemm sgemm CUDA2 1.159993 108264 40
CPU15 45.020840 108225 sgemm sgemm CUDA1 1.174545 108265 40
CPU16 44.964958 108226 sgemm sgemm CUDA2 1.186961 108266 40
CPU8 44.834733 108227 sgemm sgemm CUDA2 1.163774 108267 40
CPU3 44.980053 108228 sgemm sgemm CUDA2 1.171202 108268 40
CPU15 44.860524 108229 sgemm sgemm CUDA1 1.002252 108269 40
CPU0 45.729844 108230 sgemm sgemm CUDA1 1.005430 108270 40
CPU9 44.806210 108231 sgemm sgemm CUDA3 0.100897 108271 40
CPU11 24.706316 108234 ssyrk ssyrk CPU -1 108274 40
CPU11 44.751971 108235 sgemm sgemm CUDA0 0.062939 108275 40
CPU15 44.738134 108236 sgemm sgemm CUDA1 1.155720 108276 40
CPU10 45.150716 108237 sgemm sgemm CUDA1 1.171526 108277 40
CPU5 45.283051 108238 sgemm sgemm CUDA1 12.190339 108278 40
CPU6 45.628641 108239 sgemm sgemm CUDA0 1.001163 108279 40
CPU3 45.135664 108240 sgemm sgemm CUDA1 1.169715 108280 40
CPU15 44.956426 108241 sgemm sgemm CUDA1 0.991970 108281 40
CPU16 44.771332 108242 sgemm sgemm CUDA3 0.071499 108282 40
CPU4 45.175459 108243 sgemm sgemm CUDA0 0.094188 108283 40
CPU15 44.833702 108244 sgemm sgemm CUDA0 1.228346 108284 40
CPU9 45.344350 108245 sgemm sgemm CUDA3 0.947608 108285 40
CPU3 45.378527 108246 sgemm sgemm CUDA0 12.478574 108286 40
CPU2 45.104914 108247 sgemm sgemm CUDA0 1.166336 108287 40
CPU15 44.635847 108248 sgemm sgemm CUDA0 1.049464 108288 40
CPU6 45.471988 108249 sgemm sgemm CUDA2 0.054141 108289 40
CPU13 44.711207 108250 sgemm sgemm CUDA2 0.987448 108290 40
CPU5 44.700879 108251 sgemm sgemm CUDA0 1.168959 108291 40
CPU11 45.016808 108252 sgemm sgemm CUDA3 1.237433 108292 40
CPU7 44.975811 108253 sgemm sgemm CUDA1 1.155085 108293 40
CPU2 45.328402 108254 sgemm sgemm CUDA0 1.241321 108294 40
CPU7 45.163189 108255 sgemm sgemm CUDA2 0.094587 108295 40
CPU10 44.813280 108256 sgemm sgemm CUDA3 1.171896 108296 40
CPU16 44.789002 108257 sgemm sgemm CUDA2 0.998629 108297 40
CPU4 45.337741 108258 sgemm sgemm CUDA1 0.189916 108298 40
CPU1 44.700268 108259 sgemm sgemm CUDA3 1.250236 108299 40
CPU10 25.183472 108262 ssyrk ssyrk CPU -1 108302 40
CPU10 44.384506 108263 sgemm sgemm CUDA1 0.996359 108303 40
CPU4 44.943638 108264 sgemm sgemm CUDA1 0.997641 108304 40
CPU5 44.366054 108265 sgemm sgemm CUDA1 1.234482 108305 40
CPU7 45.174804 108266 sgemm sgemm CUDA1 1.246351 108306 40
CPU12 44.963244 108267 sgemm sgemm CUDA1 1.166127 108307 40
CPU14 44.981670 108268 sgemm sgemm CUDA1 0.994821 108308 40
CPU11 44.973461 108269 sgemm sgemm CUDA0 0.991576 108309 40
CPU0 45.394705 108270 sgemm sgemm CUDA0 0.995359 108310 40
CPU6 45.131894 108271 sgemm sgemm CUDA0 0.999186 108311 40
CPU1 45.290703 108272 sgemm sgemm CUDA1 1.168218 108312 40
CPU10 44.865941 108273 sgemm sgemm CUDA0 0.985201 108313 40
CPU11 44.757586 108274 sgemm sgemm CUDA0 1.159671 108314 40
CPU3 44.953234 108275 sgemm sgemm CUDA3 0.996755 108315 40
CPU19 45.163145 108276 sgemm sgemm CUDA0 0.066996 108316 40
CPU16 45.317997 108277 sgemm sgemm CUDA1 1.171164 108317 40
CPU19 44.992111 108278 sgemm sgemm CUDA0 11.568584 108318 40
CPU9 44.645490 108279 sgemm sgemm CUDA3 0.992134 108319 40
CPU7 45.081348 108280 sgemm sgemm CUDA1 0.999392 108320 40
CPU3 45.276905 108281 sgemm sgemm CUDA3 1.300200 108321 40
CPU5 44.870230 108282 sgemm sgemm CUDA3 0.999615 108322 40
CPU11 44.742781 108283 sgemm sgemm CUDA3 1.175124 108323 40
CPU8 45.392154 108284 sgemm sgemm CUDA0 1.172519 108324 40
CPU19 44.966647 108285 sgemm sgemm CUDA1 0.996807 108325 40
CPU6 45.048232 108286 sgemm sgemm CUDA3 1.000321 108326 40
CPU2 25.075003 108289 ssyrk ssyrk CPU -1 108329 40
CPU10 45.126137 108290 sgemm sgemm CUDA1 0.996937 108330 40
CPU1 44.948351 108291 sgemm sgemm CUDA1 1.001510 108331 40
CPU19 44.839282 108292 sgemm sgemm CUDA1 0.992115 108332 40
CPU16 44.963691 108293 sgemm sgemm CUDA1 0.997952 108333 40
CPU0 45.670353 108294 sgemm sgemm CUDA1 0.994420 108334 40
CPU13 44.965599 108295 sgemm sgemm CUDA0 1.172174 108335 40
CPU7 45.280020 108296 sgemm sgemm CUDA0 1.166403 108336 40
CPU19 44.973494 108297 sgemm sgemm CUDA1 0.998574 108337 40
CPU13 44.984014 108298 sgemm sgemm CUDA2 0.999521 108338 40
CPU0 45.583276 108299 sgemm sgemm CUDA0 1.167500 108339 40
CPU8 44.995606 108300 sgemm sgemm CUDA2 1.000127 108340 40
CPU11 44.787842 108301 sgemm sgemm CUDA3 1.188333 108341 40
CPU13 44.777209 108302 sgemm sgemm CUDA2 1.000461 108342 40
CPU12 45.292009 108303 sgemm sgemm CUDA2 1.000711 108343 40
CPU19 44.970911 108304 sgemm sgemm CUDA1 1.166166 108344 40
CPU8 44.797533 108305 sgemm sgemm CUDA2 1.000458 108345 40
CPU1 44.955247 108306 sgemm sgemm CUDA2 1.271681 108346 40
CPU16 44.858402 108307 sgemm sgemm CUDA2 1.160763 108347 40
CPU3 44.994492 108308 sgemm sgemm CUDA2 0.998575 108348 40
CPU6 45.264415 108309 sgemm sgemm CUDA2 0.999735 108349 40
CPU1 45.219779 108310 sgemm sgemm CUDA2 0.990304 108350 40
CPU13 45.205158 108311 sgemm sgemm CUDA3 0.995863 108351 40
CPU7 44.880130 108312 sgemm sgemm CUDA2 1.051963 108352 40
CPU9 24.956228 108315 ssyrk ssyrk CPU -1 108355 40
CPU14 44.793926 108316 sgemm sgemm CUDA1 0.990105 108356 40
CPU19 45.194017 108317 sgemm sgemm CUDA1 1.211412 108357 40
CPU11 44.798097 108318 sgemm sgemm CUDA1 1.166006 108358 40
CPU15 44.667629 108319 sgemm sgemm CUDA1 1.162929 108359 40
CPU16 45.324665 108320 sgemm sgemm CUDA3 1.158266 108360 40
CPU19 45.046310 108321 sgemm sgemm CUDA1 1.161566 108361 40
CPU10 45.094854 108322 sgemm sgemm CUDA1 0.996385 108362 40
CPU4 45.055081 108323 sgemm sgemm CUDA2 1.315350 108363 40
CPU1 44.967619 108324 sgemm sgemm CUDA3 0.061048 108364 40
CPU1 44.955930 108325 sgemm sgemm CUDA0 11.162546 108365 40
CPU14 45.422048 108326 sgemm sgemm CUDA0 1.417831 108366 40
CPU13 44.927654 108327 sgemm sgemm CUDA2 0.058352 108367 40
CPU15 45.117126 108328 sgemm sgemm CUDA3 1.168140 108368 40
CPU19 45.038718 108329 sgemm sgemm CUDA0 1.171539 108369 40
CPU0 44.902054 108330 sgemm sgemm CUDA3 1.167852 108370 40
CPU15 45.025955 108331 sgemm sgemm CUDA2 1.232221 108371 40
CPU9 44.950718 108332 sgemm sgemm CUDA3 1.177774 108372 40
CPU11 44.831344 108333 sgemm sgemm CUDA2 1.166813 108373 40
CPU13 45.056507 108334 sgemm sgemm CUDA0 0.995349 108374 40
CPU10 45.111132 108335 sgemm sgemm CUDA2 0.070423 108375 40
CPU14 45.049576 108336 sgemm sgemm CUDA3 1.220068 108376 40
CPU7 44.992835 108337 sgemm sgemm CUDA2 1.157915 108377 40
CPU16 25.019885 108340 ssyrk ssyrk CPU -1 108380 40
CPU1 45.061488 108341 sgemm sgemm CUDA1 1.000343 108381 40
CPU6 45.179998 108342 sgemm sgemm CUDA0 0.996536 108382 40
CPU11 44.755377 108343 sgemm sgemm CUDA1 1.157687 108383 40
CPU8 45.183558 108344 sgemm sgemm CUDA0 0.999056 108384 40
CPU5 45.093926 108345 sgemm sgemm CUDA1 1.166361 108385 40
CPU11 44.805889 108346 sgemm sgemm CUDA0 0.991392 108386 40
CPU19 44.858408 108347 sgemm sgemm CUDA3 1.163118 108387 40
CPU14 44.968838 108348 sgemm sgemm CUDA0 1.001484 108388 40
CPU6 44.848548 108349 sgemm sgemm CUDA0 1.157750 108389 40
CPU16 45.150403 108350 sgemm sgemm CUDA0 1.314195 108390 40
CPU4 45.297689 108351 sgemm sgemm CUDA0 1.235120 108391 40
CPU13 45.154946 108352 sgemm sgemm CUDA2 0.996440 108392 40
CPU19 44.924314 108353 sgemm sgemm CUDA0 1.170579 108393 40
CPU2 44.611925 108354 sgemm sgemm CUDA3 0.910387 108394 40
CPU14 45.130091 108355 sgemm sgemm CUDA2 0.999476 108395 40
CPU1 45.138914 108356 sgemm sgemm CUDA3 1.001861 108396 40
CPU2 44.753369 108357 sgemm sgemm CUDA2 1.240233 108397 40
CPU10 44.979603 108358 sgemm sgemm CUDA0 1.000478 108398 40
CPU13 44.787115 108359 sgemm sgemm CUDA2 0.940479 108399 40
CPU6 45.074500 108360 sgemm sgemm CUDA2 1.161093 108400 40
CPU4 44.965278 108361 sgemm sgemm CUDA2 1.153229 108401 40
CPU6 25.764598 108364 ssyrk ssyrk CPU18 70.520416 108404 40
CPU0 45.740961 108365 sgemm sgemm CUDA0 0.996538 108405 40
CPU7 45.184887 108366 sgemm sgemm CUDA3 1.158803 108406 40
CPU12 45.084882 108367 sgemm sgemm CUDA3 1.168950 108407 40
CPU2 45.014462 108368 sgemm sgemm CUDA0 0.123669 108408 40
CPU0 45.943829 108369 sgemm sgemm CUDA1 1.172591 108409 40
CPU2 45.211919 108370 sgemm sgemm CUDA1 1.172575 108410 40
CPU13 44.804461 108371 sgemm sgemm CUDA3 0.995937 108411 40
CPU16 44.872360 108372 sgemm sgemm CUDA0 1.164001 108412 40
CPU5 44.964187 108373 sgemm sgemm CUDA3 1.170235 108413 40
CPU14 44.852122 108374 sgemm sgemm CUDA1 1.005242 108414 40
CPU2 45.574382 108375 sgemm sgemm CUDA3 0.057301 108415 40
CPU10 44.712432 108376 sgemm sgemm CUDA1 1.000597 108416 40
CPU14 44.986389 108377 sgemm sgemm CUDA3 12.872774 108417 40
CPU6 45.037953 108378 sgemm sgemm CUDA3 1.158563 108418 40
CPU2 45.033110 108379 sgemm sgemm CUDA2 0.053888 108419 40
CPU6 45.163444 108380 sgemm sgemm CUDA3 0.947033 108420 40
CPU15 44.597218 108381 sgemm sgemm CUDA3 1.051102 108421 40
CPU6 45.125898 108382 sgemm sgemm CUDA2 0.994401 108422 40
CPU11 44.735864 108383 sgemm sgemm CUDA1 1.159842 108423 40
CPU14 45.334887 108384 sgemm sgemm CUDA3 15.844352 108424 40
CPU14 25.132704 108387 ssyrk ssyrk CPU -1 108427 40
CPU16 44.706991 108388 sgemm sgemm CUDA3 1.165309 108428 40
CPU0 45.882178 108389 sgemm sgemm CUDA0 1.000055 108429 40
CPU5 44.975988 108390 sgemm sgemm CUDA1 1.163829 108430 40
CPU14 44.715996 108391 sgemm sgemm CUDA0 1.000378 108431 40
CPU3 45.445741 108392 sgemm sgemm CUDA1 0.999851 108432 40
CPU10 45.349228 108393 sgemm sgemm CUDA3 12.083788 108433 40
CPU13 44.734174 108394 sgemm sgemm CUDA0 0.993432 108434 40
CPU11 44.796843 108395 sgemm sgemm CUDA0 1.167185 108435 40
CPU3 45.287386 108396 sgemm sgemm CUDA1 1.297376 108436 40
CPU11 44.687777 108397 sgemm sgemm CUDA3 1.278978 108437 40
CPU19 44.822401 108398 sgemm sgemm CUDA0 0.996946 108438 40
CPU14 44.865247 108399 sgemm sgemm CUDA3 0.069880 108439 40
CPU1 44.805781 108400 sgemm sgemm CUDA2 1.163046 108440 40
CPU1 45.161972 108401 sgemm sgemm CUDA2 1.154484 108441 40
CPU1 45.217343 108402 sgemm sgemm CUDA2 20.037595 108442 40
CPU12 44.821047 108403 sgemm sgemm CUDA2 1.163839 108443 40
CPU14 44.954282 108404 sgemm sgemm CUDA0 1.164305 108444 40
CPU16 45.037431 108405 sgemm sgemm CUDA2 1.163853 108445 40
CPU4 44.890313 108406 sgemm sgemm CUDA2 1.048889 108446 40
CPU7 25.438349 108409 ssyrk ssyrk CPU -1 108449 40
CPU16 44.852048 108410 sgemm sgemm CUDA3 1.172719 108450 40
CPU13 45.036126 108411 sgemm sgemm CUDA1 0.998731 108451 40
CPU4 45.180586 108412 sgemm sgemm CUDA1 1.282399 108452 40
CPU10 45.081879 108413 sgemm sgemm CUDA1 12.519360 108453 40
CPU8 45.238761 108414 sgemm sgemm CUDA3 1.154967 108454 40
CPU6 45.001859 108415 sgemm sgemm CUDA0 1.000734 108455 40
CPU0 45.857039 108416 sgemm sgemm CUDA0 1.000018 108456 40
CPU14 45.050805 108417 sgemm sgemm CUDA1 1.173855 108457 40
CPU4 45.298745 108418 sgemm sgemm CUDA1 1.169088 108458 40
CPU7 45.134892 108419 sgemm sgemm CUDA0 1.212617 108459 40
CPU3 44.873989 108420 sgemm sgemm CUDA3 0.628507 108460 40
CPU16 45.123012 108421 sgemm sgemm CUDA3 1.221255 108461 40
CPU12 45.109121 108422 sgemm sgemm CUDA3 8.339467 108462 40
CPU4 45.178744 108423 sgemm sgemm CUDA3 0.991499 108463 40
CPU6 45.173615 108424 sgemm sgemm CUDA3 1.164176 108464 40
CPU6 45.373308 108425 sgemm sgemm CUDA3 1.218776 108465 40
CPU15 44.574475 108426 sgemm sgemm CUDA3 0.177684 108466 40
CPU7 44.746801 108427 sgemm sgemm CUDA3 1.109111 108467 40
CPU16 25.081892 108430 ssyrk ssyrk CPU -1 108470 40
CPU12 45.008155 108431 sgemm sgemm CUDA0 0.992057 108471 40
CPU12 45.236696 108432 sgemm sgemm CUDA0 1.000245 108472 40
CPU6 45.358956 108433 sgemm sgemm CUDA3 1.163670 108473 40
CPU12 44.985800 108434 sgemm sgemm CUDA3 1.167058 108474 40
CPU15 45.067734 108435 sgemm sgemm CUDA0 1.001171 108475 40
CPU8 45.213629 108436 sgemm sgemm CUDA3 0.995087 108476 40
CPU4 45.339460 108437 sgemm sgemm CUDA2 1.170515 108477 40
CPU7 45.357437 108438 sgemm sgemm CUDA2 1.246251 108478 40
CPU13 44.815396 108439 sgemm sgemm CUDA0 0.095825 108479 40
CPU16 44.920288 108440 sgemm sgemm CUDA2 1.143708 108480 40
CPU15 45.109112 108441 sgemm sgemm CUDA2 0.046650 108481 40
CPU3 45.246612 108442 sgemm sgemm CUDA3 1.153522 108482 40
CPU16 44.835695 108443 sgemm sgemm CUDA3 1.165770 108483 40
CPU12 44.624573 108444 sgemm sgemm CUDA2 1.051168 108484 40
CPU13 44.828039 108445 sgemm sgemm CUDA3 0.055718 108485 40
CPU8 45.188439 108446 sgemm sgemm CUDA2 1.223974 108486 40
CPU8 44.758711 108447 sgemm sgemm CUDA2 12.073565 108487 40
CPU4 25.453703 108450 ssyrk ssyrk CPU11 97.313321 108490 40
CPU2 45.551082 108451 sgemm sgemm CUDA0 0.998455 108491 40
CPU10 45.087530 108452 sgemm sgemm CUDA1 0.990181 108492 40
CPU3 45.088269 108453 sgemm sgemm CUDA0 1.165031 108493 40
CPU4 45.009063 108454 sgemm sgemm CUDA0 1.238467 108494 40
CPU16 44.927149 108455 sgemm sgemm CUDA0 1.170319 108495 40
CPU10 45.152675 108456 sgemm sgemm CUDA0 1.166134 108496 40
CPU5 45.145871 108457 sgemm sgemm CUDA2 0.982421 108497 40
CPU0 45.343114 108458 sgemm sgemm CUDA0 1.165738 108498 40
CPU3 44.610401 108459 sgemm sgemm CUDA2 1.204690 108499 40
CPU0 45.013849 108460 sgemm sgemm CUDA2 0.994012 108500 40
CPU12 45.211923 108461 sgemm sgemm CUDA2 1.051020 108501 40
CPU2 44.653719 108462 sgemm sgemm CUDA2 1.164256 108502 40
CPU1 45.109304 108463 sgemm sgemm CUDA0 0.992589 108503 40
CPU3 45.121772 108464 sgemm sgemm CUDA0 1.214430 108504 40
CPU11 44.848324 108465 sgemm sgemm CUDA1 0.051054 108505 40
CPU4 44.660731 108466 sgemm sgemm CUDA2 0.991049 108506 40
CPU4 25.660347 108469 ssyrk ssyrk CPU -1 108509 40
CPU9 44.878687 108470 sgemm sgemm CUDA0 0.998115 108510 40
CPU14 45.060941 108471 sgemm sgemm CUDA0 1.166803 108511 40
CPU9 44.987625 108472 sgemm sgemm CUDA0 1.172402 108512 40
CPU12 45.038303 108473 sgemm sgemm CUDA0 1.171006 108513 40
CPU9 45.063114 108474 sgemm sgemm CUDA1 10.669181 108514 40
CPU0 45.365086 108475 sgemm sgemm CUDA0 0.217875 108515 40
CPU18 44.664920 108476 sgemm sgemm CUDA1 0.993223 108516 40
CPU6 45.028274 108477 sgemm sgemm CUDA3 1.161607 108517 40
CPU9 44.431654 108478 sgemm sgemm CUDA3 1.169035 108518 40
CPU11 45.020977 108479 sgemm sgemm CUDA0 0.916528 108519 40
CPU6 45.036015 108480 sgemm sgemm CUDA3 0.979571 108520 40
CPU3 45.007649 108481 sgemm sgemm CUDA3 1.160643 108521 40
CPU12 45.304807 108482 sgemm sgemm CUDA0 1.163188 108522 40
CPU15 44.975074 108483 sgemm sgemm CUDA1 0.991338 108523 40
CPU9 44.835744 108484 sgemm sgemm CUDA3 0.042191 108524 40
CPU0 25.725300 108487 ssyrk ssyrk CPU11 97.372435 108527 40
CPU11 44.539875 108488 sgemm sgemm CUDA0 1.220738 108528 40
CPU0 45.652545 108489 sgemm sgemm CUDA2 0.058764 108529 40
CPU5 45.302562 108490 sgemm sgemm CUDA2 1.155005 108530 40
CPU2 45.100014 108491 sgemm sgemm CUDA2 1.216854 108531 40
CPU11 44.624858 108492 sgemm sgemm CUDA3 0.995439 108532 40
CPU0 45.826145 108493 sgemm sgemm CUDA2 1.161300 108533 40
CPU0 45.542029 108494 sgemm sgemm CUDA2 6.471020 108534 40
CPU16 45.029717 108495 sgemm sgemm CUDA2 1.159754 108535 40
CPU16 44.729529 108496 sgemm sgemm CUDA3 12.178517 108536 40
CPU1 44.973126 108497 sgemm sgemm CUDA2 1.897912 108537 40
CPU7 45.214040 108498 sgemm sgemm CUDA2 11.331633 108538 40
CPU7 45.383680 108499 sgemm sgemm CUDA2 1.109145 108539 40
CPU4 45.236470 108500 sgemm sgemm CUDA3 0.044019 108540 40
CPU3 44.822505 108501 sgemm sgemm CUDA2 0.991210 108541 40
CPU2 25.343427 108504 ssyrk ssyrk CPU -1 108544 40
CPU8 45.006128 108505 sgemm sgemm CUDA0 0.052058 108545 40
CPU8 46.114269 108506 sgemm sgemm CUDA3 0.999189 108546 40
CPU13 44.805136 108507 sgemm sgemm CUDA2 1.105698 108547 40
CPU10 44.583925 108508 sgemm sgemm CUDA2 1.162015 108548 40
CPU4 45.258985 108509 sgemm sgemm CUDA3 0.991746 108549 40
CPU9 45.114322 108510 sgemm sgemm CUDA3 0.985295 108550 40
CPU4 45.210915 108511 sgemm sgemm CUDA3 1.050048 108551 40
CPU6 45.362757 108512 sgemm sgemm CUDA2 0.984197 108552 40
CPU5 44.944310 108513 sgemm sgemm CUDA3 1.162750 108553 40
CPU2 45.278629 108514 sgemm sgemm CUDA2 1.165638 108554 40
CPU13 44.835160 108515 sgemm sgemm CUDA3 1.221168 108555 40
CPU10 44.900913 108516 sgemm sgemm CUDA2 1.047277 108556 40
CPU3 44.690431 108517 sgemm sgemm CUDA3 1.053011 108557 40
CPU4 25.270006 108520 ssyrk ssyrk CPU -1 108560 40
CPU11 44.795070 108521 sgemm sgemm CUDA2 12.942196 108561 40
CPU11 44.953691 108522 sgemm sgemm CUDA0 1.154770 108562 40
CPU14 45.221590 108523 sgemm sgemm CUDA2 1.216500 108563 40
CPU18 44.876052 108524 sgemm sgemm CUDA0 0.044734 108564 40
CPU3 44.701872 108525 sgemm sgemm CUDA2 0.929520 108565 40
CPU13 45.313058 108526 sgemm sgemm CUDA2 0.044456 108566 40
CPU10 45.118913 108527 sgemm sgemm CUDA0 0.992058 108567 40
CPU10 45.335759 108528 sgemm sgemm CUDA2 0.988195 108568 40
CPU4 45.202900 108529 sgemm sgemm CUDA0 0.994169 108569 40
CPU12 44.924147 108530 sgemm sgemm CUDA2 0.940926 108570 40
CPU13 44.952425 108531 sgemm sgemm CUDA0 0.046739 108571 40
CPU5 44.962732 108532 sgemm sgemm CUDA2 1.142408 108572 40
CPU13 25.330007 108535 ssyrk ssyrk CPU18 75.918579 108575 40
CPU3 45.108043 108536 sgemm sgemm CUDA2 0.661044 108576 40
CPU3 45.287491 108537 sgemm sgemm CUDA2 1.221781 108577 40
CPU13 44.922595 108538 sgemm sgemm CUDA3 1.161349 108578 40
CPU7 44.928450 108539 sgemm sgemm CUDA2 7.447299 108579 40
CPU19 45.238167 108540 sgemm sgemm CUDA2 1.160164 108580 40
CPU2 45.090369 108541 sgemm sgemm CUDA3 1.160683 108581 40
CPU8 44.870945 108542 sgemm sgemm CUDA2 0.992564 108582 40
CPU13 45.025122 108543 sgemm sgemm CUDA2 0.220924 108583 40
CPU1 45.165169 108544 sgemm sgemm CUDA3 1.054394 108584 40
CPU4 45.358018 108545 sgemm sgemm CUDA0 1.214418 108585 40
CPU13 45.270534 108546 sgemm sgemm CUDA2 1.157085 108586 40
CPU10 25.240943 108549 ssyrk ssyrk CPU -1 108589 40
CPU9 45.227556 108550 sgemm sgemm CUDA0 1.131620 108590 40
CPU10 44.915286 108551 sgemm sgemm CUDA0 1.222143 108591 40
CPU10 45.052115 108552 sgemm sgemm CUDA2 1.049239 108592 40
CPU5 44.902240 108553 sgemm sgemm CUDA2 0.990207 108593 40
CPU14 45.083648 108554 sgemm sgemm CUDA0 1.162720 108594 40
CPU10 45.181716 108555 sgemm sgemm CUDA2 1.161425 108595 40
CPU10 44.929362 108556 sgemm sgemm CUDA0 12.007494 108596 40
CPU3 45.307773 108557 sgemm sgemm CUDA2 0.083845 108597 40
CPU5 45.341991 108558 sgemm sgemm CUDA2 0.997119 108598 40
CPU3 44.854390 108559 sgemm sgemm CUDA2 12.199786 108599 40
CPU13 25.033853 108562 ssyrk ssyrk CPU27 85.758167 108602 40
CPU13 44.897373 108563 sgemm sgemm CUDA3 1.221748 108603 40
CPU16 45.051111 108564 sgemm sgemm CUDA3 1.227928 108604 40
CPU13 45.062742 108565 sgemm sgemm CUDA1 12.839261 108605 40
CPU9 44.999915 108566 sgemm sgemm CUDA3 0.043339 108606 40
CPU10 45.101139 108567 sgemm sgemm CUDA1 1.242653 108607 40
CPU2 45.128675 108568 sgemm sgemm CUDA3 0.046672 108608 40
CPU12 44.887329 108569 sgemm sgemm CUDA1 12.909089 108609 40
CPU0 45.597846 108570 sgemm sgemm CUDA2 0.987597 108610 40
CPU14 45.130968 108571 sgemm sgemm CUDA2 0.168258 108611 40
CPU19 25.426257 108574 ssyrk ssyrk CPU13 97.282245 108614 40
CPU18 45.361619 108575 sgemm sgemm CUDA3 0.990932 108615 40
CPU15 45.061327 108576 sgemm sgemm CUDA3 0.994072 108616 40
CPU6 45.138894 108577 sgemm sgemm CUDA3 0.988317 108617 40
CPU19 45.114494 108578 sgemm sgemm CUDA2 1.162443 108618 40
CPU19 46.110101 108579 sgemm sgemm CUDA0 1.252394 108619 40
CPU11 45.115154 108580 sgemm sgemm CUDA3 0.988004 108620 40
CPU3 44.913271 108581 sgemm sgemm CUDA0 1.167811 108621 40
CPU6 44.970410 108582 sgemm sgemm CUDA2 0.989318 108622 40
CPU7 25.104195 108585 ssyrk ssyrk CPU26 74.453918 108625 40
CPU14 45.340506 108586 sgemm sgemm CUDA2 1.161865 108626 40
CPU11 45.253708 108587 sgemm sgemm CUDA3 1.223153 108627 40
CPU0 45.057458 108588 sgemm sgemm CUDA2 0.995747 108628 40
CPU14 45.169775 108589 sgemm sgemm CUDA3 0.558176 108629 40
CPU5 44.860538 108590 sgemm sgemm CUDA2 1.217737 108630 40
CPU12 45.176677 108591 sgemm sgemm CUDA3 12.846827 108631 40
CPU0 44.927719 108592 sgemm sgemm CUDA2 8.818346 108632 40
CPU7 25.306049 108595 ssyrk ssyrk CPU29 97.539280 108635 40
CPU14 45.220599 108596 sgemm sgemm CUDA2 1.049841 108636 40
CPU9 44.506789 108597 sgemm sgemm CUDA3 1.165879 108637 40
CPU19 44.787711 108598 sgemm sgemm CUDA2 1.220037 108638 40
CPU15 44.850652 108599 sgemm sgemm CUDA3 1.108792 108639 40
CPU8 44.988196 108600 sgemm sgemm CUDA2 13.282464 108640 40
CPU6 44.558593 108601 sgemm sgemm CUDA3 0.992678 108641 40
CPU6 25.406346 108604 ssyrk ssyrk CPU14 93.425482 108644 40
CPU1 44.958420 108605 sgemm sgemm CUDA3 12.950359 108645 40
CPU12 45.198535 108606 sgemm sgemm CUDA3 0.994039 108646 40
CPU16 44.818165 108607 sgemm sgemm CUDA2 0.214948 108647 40
CPU15 44.814306 108608 sgemm sgemm CUDA2 1.049936 108648 40
CPU3 44.782573 108609 sgemm sgemm CUDA3 11.848087 108649 40
CPU7 25.127185 108612 ssyrk ssyrk CPU -1 108652 40
CPU13 45.076896 108613 sgemm sgemm CUDA3 1.218526 108653 40
CPU13 45.313821 108614 sgemm sgemm CUDA1 1.051107 108654 40
CPU15 45.106611 108615 sgemm sgemm CUDA1 0.163856 108655 40
CPU7 44.920142 108616 sgemm sgemm CUDA3 0.198966 108656 40
CPU5 25.172200 108619 ssyrk ssyrk CPU -1 108659 40
CPU16 44.690291 108620 sgemm sgemm CUDA0 1.439190 108660 40
CPU19 44.902646 108621 sgemm sgemm CUDA2 1.095027 108661 40
CPU8 44.960469 108622 sgemm sgemm CUDA3 12.488566 108662 40
CPU9 25.318867 108625 ssyrk ssyrk CPU -1 108665 40
CPU0 45.436167 108626 sgemm sgemm CUDA0 1.156383 108666 40
CPU0 45.667081 108627 sgemm sgemm CUDA2 12.289245 108667 40
CPU19 25.266885 108630 ssyrk ssyrk CPU19 95.504985 108670 40
CPU19 44.997975 108631 sgemm sgemm CUDA3 1.163946 108671 40
CPU2 24.877128 108634 ssyrk ssyrk CPU13 97.476434 108674 40
CPU18 13.694339 108637 spotrf spotrf CPU14 25.649390 108677 40
CPU18 29.996762 108638 strsm strsm CPU16 93.055966 108678 40
CPU10 30.719100 108639 strsm strsm CPU -1 108679 40
CPU8 30.009776 108640 strsm strsm CPU -1 108680 40
CPU1 30.287695 108641 strsm strsm CPU24 80.535414 108681 40
CPU19 30.715259 108642 strsm strsm CPU27 96.630063 108682 40
CPU11 30.120210 108643 strsm strsm CPU15 98.768853 108683 40
CPU2 30.340331 108644 strsm strsm CPU -1 108684 40
CPU0 30.862726 108645 strsm strsm CPU18 78.600273 108685 40
CPU19 30.740762 108646 strsm strsm CPU20 110.365232 108686 40
CPU11 30.148021 108647 strsm strsm CPU17 94.177185 108687 40
CPU15 30.080113 108648 strsm strsm CPU -1 108688 40
CPU2 30.152410 108649 strsm strsm CPU15 107.469711 108689 40
CPU2 30.164491 108650 strsm strsm CPU -1 108690 40
CPU16 30.052935 108651 strsm strsm CPU -1 108691 40
CPU6 30.893835 108652 strsm strsm CPU19 71.647146 108692 40
CPU11 29.898075 108653 strsm strsm CPU22 81.089113 108693 40
CPU9 30.534442 108654 strsm strsm CPU -1 108694 40
CPU16 29.952178 108655 strsm strsm CPU12 95.966636 108695 40
CPU4 30.613710 108656 strsm strsm CPU19 57.119112 108696 40
CPU0 30.504447 108657 strsm strsm CPU20 81.410621 108697 40
CPU9 30.320809 108658 strsm strsm CPU24 87.632224 108698 40
CPU16 30.199054 108659 strsm strsm CPU -1 108699 40
CPU4 30.491341 108660 strsm strsm CPU -1 108700 40
CPU13 30.680114 108661 strsm strsm CPU17 82.554569 108701 40
CPU6 30.934054 108662 strsm strsm CPU23 90.446309 108702 40
CPU10 30.536333 108663 strsm strsm CPU -1 108703 40
CPU19 30.670660 108664 strsm strsm CPU15 86.574348 108704 40
CPU7 30.555794 108665 strsm strsm CPU15 109.910234 108705 40
CPU7 30.505045 108666 strsm strsm CPU30 98.910867 108706 40
CPU6 30.907587 108667 strsm strsm CPU23 97.418141 108707 40
CPU7 30.501061 108668 strsm strsm CPU10 98.738373 108708 40
CPU2 30.478234 108669 strsm strsm CPU19 94.734178 108709 40
CPU7 30.546769 108670 strsm strsm CPU -1 108710 40
CPU19 30.554155 108671 strsm strsm CPU28 80.319789 108711 40
CPU3 29.963588 108672 strsm strsm CPU -1 108712 40
CPU18 24.975067 108675 ssyrk ssyrk CPU -1 108715 40
CPU10 45.292791 108676 sgemm sgemm CUDA3 1.262316 108716 40
CPU4 45.017948 108677 sgemm sgemm CUDA0 0.105869 108717 40
CPU8 45.101746 108678 sgemm sgemm CUDA3 1.262123 108718 40
CPU19 45.343264 108679 sgemm sgemm CUDA0 1.169174 108719 40
CPU12 44.915692 108680 sgemm sgemm CUDA1 0.091511 108720 40
CPU0 45.202847 108681 sgemm sgemm CUDA1 0.993477 108721 40
CPU9 45.124375 108682 sgemm sgemm CUDA1 12.937829 108722 40
CPU19 44.831517 108683 sgemm sgemm CUDA1 1.251621 108723 40
CPU10 45.016416 108684 sgemm sgemm CUDA1 1.001919 108724 40
CPU15 44.919437 108685 sgemm sgemm CUDA0 1.162955 108725 40
CPU2 45.017847 108686 sgemm sgemm CUDA1 0.997982 108726 40
CPU3 44.928835 108687 sgemm sgemm CUDA1 1.130244 108727 40
CPU15 44.800139 108688 sgemm sgemm CUDA0 1.160806 108728 40
CPU4 45.336576 108689 sgemm sgemm CUDA0 1.170216 108729 40
CPU11 44.646477 108690 sgemm sgemm CUDA0 0.998445 108730 40
CPU9 45.258041 108691 sgemm sgemm CUDA1 0.995945 108731 40
CPU16 44.688066 108692 sgemm sgemm CUDA0 0.992835 108732 40
CPU18 44.886131 108693 sgemm sgemm CUDA0 5.865415 108733 40
CPU8 44.896252 108694 sgemm sgemm CUDA1 0.996873 108734 40
CPU3 45.334292 108695 sgemm sgemm CUDA2 1.173158 108735 40
CPU11 45.025249 108696 sgemm sgemm CUDA0 1.221176 108736 40
CPU9 44.776847 108697 sgemm sgemm CUDA0 12.107931 108737 40
CPU13 44.703016 108698 sgemm sgemm CUDA0 0.998845 108738 40
CPU19 44.728515 108699 sgemm sgemm CUDA1 1.163635 108739 40
CPU10 44.763731 108700 sgemm sgemm CUDA1 1.169183 108740 40
CPU18 44.735862 108701 sgemm sgemm CUDA2 0.997026 108741 40
CPU7 44.996050 108702 sgemm sgemm CUDA2 0.994516 108742 40
CPU9 44.590787 108703 sgemm sgemm CUDA1 0.998585 108743 40
CPU7 45.131903 108704 sgemm sgemm CUDA0 0.993835 108744 40
CPU7 44.857765 108705 sgemm sgemm CUDA2 0.997080 108745 40
CPU2 44.507896 108706 sgemm sgemm CUDA0 1.224557 108746 40
CPU6 45.112807 108707 sgemm sgemm CUDA0 0.071035 108747 40
CPU11 44.941012 108708 sgemm sgemm CUDA2 1.210846 108748 40
CPU3 44.823684 108709 sgemm sgemm CUDA2 0.998192 108749 40
CPU10 25.176861 108712 ssyrk ssyrk CPU13 97.692862 108752 40
CPU8 44.540753 108713 sgemm sgemm CUDA3 1.221477 108753 40
CPU5 44.911902 108714 sgemm sgemm CUDA3 1.172801 108754 40
CPU2 44.808500 108715 sgemm sgemm CUDA1 1.295694 108755 40
CPU11 44.906539 108716 sgemm sgemm CUDA1 1.219234 108756 40
CPU6 45.303713 108717 sgemm sgemm CUDA1 1.049619 108757 40
CPU4 44.874999 108718 sgemm sgemm CUDA1 0.045971 108758 40
CPU15 44.820328 108719 sgemm sgemm CUDA1 1.172586 108759 40
CPU10 44.959178 108720 sgemm sgemm CUDA1 1.164940 108760 40
CPU15 44.794170 108721 sgemm sgemm CUDA1 1.170418 108761 40
CPU7 45.110611 108722 sgemm sgemm CUDA1 1.157750 108762 40
CPU2 44.331144 108723 sgemm sgemm CUDA1 0.121082 108763 40
CPU16 44.850360 108724 sgemm sgemm CUDA0 1.195404 108764 40
CPU12 44.934651 108725 sgemm sgemm CUDA0 1.004384 108765 40
CPU11 44.603880 108726 sgemm sgemm CUDA0 1.167984 108766 40
CPU9 45.242215 108727 sgemm sgemm CUDA1 1.161340 108767 40
CPU16 44.729053 108728 sgemm sgemm CUDA0 1.214719 108768 40
CPU4 45.003860 108729 sgemm sgemm CUDA1 0.066098 108769 40
CPU7 44.657290 108730 sgemm sgemm CUDA1 0.997752 108770 40
CPU9 45.022023 108731 sgemm sgemm CUDA2 1.164534 108771 40
CPU9 45.048935 108732 sgemm sgemm CUDA3 1.166202 108772 40
CPU4 44.788759 108733 sgemm sgemm CUDA0 1.143880 108773 40
CPU13 45.145031 108734 sgemm sgemm CUDA0 0.985398 108774 40
CPU16 45.079340 108735 sgemm sgemm CUDA1 1.000409 108775 40
CPU6 45.146200 108736 sgemm sgemm CUDA1 0.055198 108776 40
CPU19 45.127289 108737 sgemm sgemm CUDA2 0.993446 108777 40
CPU2 44.527134 108738 sgemm sgemm CUDA2 0.988694 108778 40
CPU7 44.823739 108739 sgemm sgemm CUDA1 0.992655 108779 40
CPU4 45.335134 108740 sgemm sgemm CUDA2 0.995930 108780 40
CPU9 44.453112 108741 sgemm sgemm CUDA3 0.994183 108781 40
CPU1 45.057938 108742 sgemm sgemm CUDA0 0.994391 108782 40
CPU10 45.288402 108743 sgemm sgemm CUDA3 12.876143 108783 40
CPU12 45.068518 108744 sgemm sgemm CUDA2 1.115263 108784 40
CPU3 44.745989 108745 sgemm sgemm CUDA2 1.230557 108785 40
CPU8 24.788565 108748 ssyrk ssyrk CPU -1 108788 40
CPU0 45.143458 108749 sgemm sgemm CUDA3 0.078343 108789 40
CPU5 44.717782 108750 sgemm sgemm CUDA1 1.168856 108790 40
CPU13 45.079640 108751 sgemm sgemm CUDA1 0.044527 108791 40
CPU2 44.901468 108752 sgemm sgemm CUDA1 1.295839 108792 40
CPU3 44.823350 108753 sgemm sgemm CUDA1 6.283380 108793 40
CPU14 45.301757 108754 sgemm sgemm CUDA0 1.001026 108794 40
CPU11 45.001322 108755 sgemm sgemm CUDA1 1.000877 108795 40
CPU11 45.026258 108756 sgemm sgemm CUDA0 1.166816 108796 40
CPU1 44.753544 108757 sgemm sgemm CUDA1 0.986605 108797 40
CPU4 44.795195 108758 sgemm sgemm CUDA1 1.269369 108798 40
CPU16 44.894596 108759 sgemm sgemm CUDA0 0.083760 108799 40
CPU6 45.148725 108760 sgemm sgemm CUDA0 1.157256 108800 40
CPU4 45.280342 108761 sgemm sgemm CUDA1 1.167573 108801 40
CPU6 45.129632 108762 sgemm sgemm CUDA1 12.095723 108802 40
CPU15 44.621850 108763 sgemm sgemm CUDA0 1.318534 108803 40
CPU3 45.938791 108764 sgemm sgemm CUDA0 1.165448 108804 40
CPU1 44.837682 108765 sgemm sgemm CUDA1 0.052566 108805 40
CPU2 44.308427 108766 sgemm sgemm CUDA2 0.992254 108806 40
CPU16 44.896527 108767 sgemm sgemm CUDA0 0.051213 108807 40
CPU3 44.660751 108768 sgemm sgemm CUDA0 1.168682 108808 40
CPU16 44.981607 108769 sgemm sgemm CUDA0 1.224991 108809 40
CPU14 45.303297 108770 sgemm sgemm CUDA1 0.998722 108810 40
CPU19 44.983154 108771 sgemm sgemm CUDA1 1.254880 108811 40
CPU19 45.163812 108772 sgemm sgemm CUDA2 0.059252 108812 40
CPU3 44.517455 108773 sgemm sgemm CUDA2 1.005445 108813 40
CPU2 44.449407 108774 sgemm sgemm CUDA3 0.070936 108814 40
CPU12 45.003140 108775 sgemm sgemm CUDA2 1.163682 108815 40
CPU4 44.857903 108776 sgemm sgemm CUDA2 1.241396 108816 40
CPU1 44.969650 108777 sgemm sgemm CUDA3 1.164560 108817 40
CPU18 45.152635 108778 sgemm sgemm CUDA0 1.163739 108818 40
CPU6 44.983680 108779 sgemm sgemm CUDA3 1.002748 108819 40
CPU2 44.688370 108780 sgemm sgemm CUDA2 0.997795 108820 40
CPU1 25.052123 108783 ssyrk ssyrk CPU -1 108823 40
CPU6 45.116424 108784 sgemm sgemm CUDA1 1.230396 108824 40
CPU9 45.033233 108785 sgemm sgemm CUDA1 0.989693 108825 40
CPU1 44.956657 108786 sgemm sgemm CUDA1 0.996555 108826 40
CPU11 44.790945 108787 sgemm sgemm CUDA1 13.055261 108827 40
CPU11 44.852601 108788 sgemm sgemm CUDA1 0.417762 108828 40
CPU11 44.893308 108789 sgemm sgemm CUDA1 1.163276 108829 40
CPU16 44.832272 108790 sgemm sgemm CUDA0 0.999097 108830 40
CPU3 44.448728 108791 sgemm sgemm CUDA1 0.088491 108831 40
CPU8 44.768180 108792 sgemm sgemm CUDA1 1.000129 108832 40
CPU12 44.855651 108793 sgemm sgemm CUDA0 1.295104 108833 40
CPU15 44.739707 108794 sgemm sgemm CUDA0 0.996640 108834 40
CPU4 45.392780 108795 sgemm sgemm CUDA0 0.993559 108835 40
CPU7 45.271841 108796 sgemm sgemm CUDA3 1.167796 108836 40
CPU14 44.484557 108797 sgemm sgemm CUDA0 0.995746 108837 40
CPU7 45.465614 108798 sgemm sgemm CUDA0 0.989346 108838 40
CPU3 44.842763 108799 sgemm sgemm CUDA1 0.972285 108839 40
CPU9 45.033269 108800 sgemm sgemm CUDA2 1.001039 108840 40
CPU10 44.576150 108801 sgemm sgemm CUDA3 1.000177 108841 40
CPU0 44.824265 108802 sgemm sgemm CUDA2 0.070681 108842 40
CPU13 44.994530 108803 sgemm sgemm CUDA3 1.249952 108843 40
CPU5 45.191277 108804 sgemm sgemm CUDA2 1.165164 108844 40
CPU3 44.676842 108805 sgemm sgemm CUDA1 0.988441 108845 40
CPU19 44.922877 108806 sgemm sgemm CUDA2 1.178058 108846 40
CPU4 44.837735 108807 sgemm sgemm CUDA2 1.170080 108847 40
CPU6 44.876923 108808 sgemm sgemm CUDA1 1.002205 108848 40
CPU1 45.269246 108809 sgemm sgemm CUDA2 1.166772 108849 40
CPU0 44.874071 108810 sgemm sgemm CUDA3 1.162764 108850 40
CPU8 45.035135 108811 sgemm sgemm CUDA3 1.220941 108851 40
CPU7 45.059472 108812 sgemm sgemm CUDA0 0.098903 108852 40
CPU15 44.873496 108813 sgemm sgemm CUDA3 1.167843 108853 40
CPU2 44.750558 108814 sgemm sgemm CUDA3 0.993863 108854 40
CPU19 25.317096 108817 ssyrk ssyrk CPU15 85.666134 108857 40
CPU16 44.911813 108818 sgemm sgemm CUDA1 0.998753 108858 40
CPU2 45.067512 108819 sgemm sgemm CUDA1 1.161550 108859 40
CPU18 44.956440 108820 sgemm sgemm CUDA1 0.995424 108860 40
CPU9 45.101254 108821 sgemm sgemm CUDA1 12.888446 108861 40
CPU11 45.021969 108822 sgemm sgemm CUDA1 1.167455 108862 40
CPU4 45.086730 108823 sgemm sgemm CUDA1 0.994739 108863 40
CPU4 44.904111 108824 sgemm sgemm CUDA1 0.994054 108864 40
CPU9 44.441863 108825 sgemm sgemm CUDA1 1.166705 108865 40
CPU16 45.055793 108826 sgemm sgemm CUDA0 1.004748 108866 40
CPU15 44.897136 108827 sgemm sgemm CUDA0 1.174212 108867 40
CPU1 45.043330 108828 sgemm sgemm CUDA0 1.209195 108868 40
CPU9 45.030373 108829 sgemm sgemm CUDA1 0.997888 108869 40
CPU14 44.957563 108830 sgemm sgemm CUDA0 1.162138 108870 40
CPU16 44.973118 108831 sgemm sgemm CUDA0 0.048081 108871 40
CPU4 45.295011 108832 sgemm sgemm CUDA1 1.159198 108872 40
CPU6 45.094507 108833 sgemm sgemm CUDA2 0.097738 108873 40
CPU16 45.013367 108834 sgemm sgemm CUDA0 0.993717 108874 40
CPU7 44.866353 108835 sgemm sgemm CUDA0 1.162532 108875 40
CPU2 45.000802 108836 sgemm sgemm CUDA0 0.998385 108876 40
CPU5 45.146544 108837 sgemm sgemm CUDA1 1.162308 108877 40
CPU15 44.789234 108838 sgemm sgemm CUDA1 1.168712 108878 40
CPU18 44.653681 108839 sgemm sgemm CUDA2 1.168808 108879 40
CPU4 44.696607 108840 sgemm sgemm CUDA2 0.994164 108880 40
CPU13 45.190288 108841 sgemm sgemm CUDA1 0.997246 108881 40
CPU3 44.838945 108842 sgemm sgemm CUDA0 0.998841 108882 40
CPU0 44.912262 108843 sgemm sgemm CUDA2 0.948902 108883 40
CPU8 44.938941 108844 sgemm sgemm CUDA2 1.168884 108884 40
CPU4 45.115307 108845 sgemm sgemm CUDA0 1.001731 108885 40
CPU1 44.917512 108846 sgemm sgemm CUDA2 0.952852 108886 40
CPU2 44.646955 108847 sgemm sgemm CUDA2 1.171316 108887 40
CPU11 24.977383 108850 ssyrk ssyrk CPU11 85.283934 108890 40
CPU10 45.025679 108851 sgemm sgemm CUDA1 0.995352 108891 40
CPU19 44.976168 108852 sgemm sgemm CUDA1 1.163622 108892 40
CPU16 44.877616 108853 sgemm sgemm CUDA1 1.171082 108893 40
CPU11 44.861866 108854 sgemm sgemm CUDA1 1.002563 108894 40
CPU15 44.816183 108855 sgemm sgemm CUDA1 1.268844 108895 40
CPU10 45.066366 108856 sgemm sgemm CUDA1 1.172066 108896 40
CPU11 44.657074 108857 sgemm sgemm CUDA1 1.169393 108897 40
CPU10 45.063027 108858 sgemm sgemm CUDA0 1.163523 108898 40
CPU19 44.894723 108859 sgemm sgemm CUDA0 1.000645 108899 40
CPU11 44.507071 108860 sgemm sgemm CUDA1 0.999495 108900 40
CPU8 45.084861 108861 sgemm sgemm CUDA1 0.999209 108901 40
CPU16 44.644534 108862 sgemm sgemm CUDA0 0.993678 108902 40
CPU14 45.175618 108863 sgemm sgemm CUDA0 10.480458 108903 40
CPU18 44.992214 108864 sgemm sgemm CUDA1 0.990244 108904 40
CPU2 44.973554 108865 sgemm sgemm CUDA2 1.168183 108905 40
CPU10 44.628893 108866 sgemm sgemm CUDA0 0.991073 108906 40
CPU1 44.873885 108867 sgemm sgemm CUDA0 1.169906 108907 40
CPU10 45.091664 108868 sgemm sgemm CUDA0 1.260486 108908 40
CPU15 44.934673 108869 sgemm sgemm CUDA2 0.945764 108909 40
CPU13 44.797494 108870 sgemm sgemm CUDA1 1.177407 108910 40
CPU19 44.927904 108871 sgemm sgemm CUDA2 0.991344 108911 40
CPU6 44.845647 108872 sgemm sgemm CUDA2 1.229447 108912 40
CPU11 44.907717 108873 sgemm sgemm CUDA1 0.998618 108913 40
CPU4 45.203975 108874 sgemm sgemm CUDA0 1.166701 108914 40
CPU9 44.535005 108875 sgemm sgemm CUDA3 1.000391 108915 40
CPU1 44.850456 108876 sgemm sgemm CUDA2 0.990849 108916 40
CPU12 45.165342 108877 sgemm sgemm CUDA0 1.000505 108917 40
CPU2 44.838273 108878 sgemm sgemm CUDA2 1.258539 108918 40
CPU3 44.843629 108879 sgemm sgemm CUDA3 1.172351 108919 40
CPU2 25.612860 108882 ssyrk ssyrk CPU14 101.301993 108922 40
CPU1 45.067778 108883 sgemm sgemm CUDA1 1.001937 108923 40
CPU12 45.094050 108884 sgemm sgemm CUDA1 1.166498 108924 40
CPU0 45.384322 108885 sgemm sgemm CUDA1 0.996105 108925 40
CPU5 44.848283 108886 sgemm sgemm CUDA1 0.996543 108926 40
CPU2 45.378417 108887 sgemm sgemm CUDA1 1.000058 108927 40
CPU2 45.941687 108888 sgemm sgemm CUDA1 12.104291 108928 40
CPU2 44.956725 108889 sgemm sgemm CUDA1 1.164616 108929 40
CPU13 44.952278 108890 sgemm sgemm CUDA3 0.996375 108930 40
CPU16 44.655200 108891 sgemm sgemm CUDA1 1.164725 108931 40
CPU19 44.831326 108892 sgemm sgemm CUDA1 1.225862 108932 40
CPU14 44.884048 108893 sgemm sgemm CUDA3 1.048345 108933 40
CPU0 45.201421 108894 sgemm sgemm CUDA1 1.170749 108934 40
CPU2 45.233505 108895 sgemm sgemm CUDA1 1.165169 108935 40
CPU12 45.018248 108896 sgemm sgemm CUDA3 1.166514 108936 40
CPU16 45.188899 108897 sgemm sgemm CUDA3 1.163342 108937 40
CPU1 44.952019 108898 sgemm sgemm CUDA0 1.008746 108938 40
CPU2 45.245578 108899 sgemm sgemm CUDA0 1.165067 108939 40
CPU9 45.185619 108900 sgemm sgemm CUDA1 1.168128 108940 40
CPU19 44.829140 108901 sgemm sgemm CUDA1 25.184796 108941 40
CPU19 44.916046 108902 sgemm sgemm CUDA1 0.076422 108942 40
CPU5 44.748916 108903 sgemm sgemm CUDA3 1.254518 108943 40
CPU8 44.760363 108904 sgemm sgemm CUDA3 1.275443 108944 40
CPU6 45.150213 108905 sgemm sgemm CUDA0 1.164982 108945 40
CPU4 44.926437 108906 sgemm sgemm CUDA3 0.996327 108946 40
CPU7 44.908993 108907 sgemm sgemm CUDA3 1.168902 108947 40
CPU8 44.916406 108908 sgemm sgemm CUDA0 1.164503 108948 40
CPU8 44.974477 108909 sgemm sgemm CUDA3 1.806490 108949 40
CPU3 44.913714 108910 sgemm sgemm CUDA3 1.247856 108950 40
CPU0 25.530093 108913 ssyrk ssyrk CPU11 97.336279 108953 40
CPU16 44.873051 108914 sgemm sgemm CUDA1 0.997540 108954 40
CPU11 44.896953 108915 sgemm sgemm CUDA1 0.980782 108955 40
CPU11 44.883896 108916 sgemm sgemm CUDA1 0.998433 108956 40
CPU7 44.956019 108917 sgemm sgemm CUDA1 0.187056 108957 40
CPU5 44.749216 108918 sgemm sgemm CUDA1 0.078647 108958 40
CPU13 44.565326 108919 sgemm sgemm CUDA0 1.166366 108959 40
CPU8 45.545895 108920 sgemm sgemm CUDA0 1.224932 108960 40
CPU14 44.835545 108921 sgemm sgemm CUDA1 1.168336 108961 40
CPU14 45.146156 108922 sgemm sgemm CUDA1 1.167774 108962 40
CPU5 45.090802 108923 sgemm sgemm CUDA0 1.009060 108963 40
CPU16 44.994745 108924 sgemm sgemm CUDA0 1.010936 108964 40
CPU0 44.705267 108925 sgemm sgemm CUDA1 1.165459 108965 40
CPU4 45.425992 108926 sgemm sgemm CUDA2 0.988481 108966 40
CPU16 44.823648 108927 sgemm sgemm CUDA0 1.049976 108967 40
CPU7 44.750640 108928 sgemm sgemm CUDA2 1.109293 108968 40
CPU8 44.839706 108929 sgemm sgemm CUDA0 1.050804 108969 40
CPU8 45.106099 108930 sgemm sgemm CUDA1 0.998049 108970 40
CPU4 45.370702 108931 sgemm sgemm CUDA1 0.984630 108971 40
CPU19 44.929810 108932 sgemm sgemm CUDA2 1.001350 108972 40
CPU3 44.783978 108933 sgemm sgemm CUDA2 0.996970 108973 40
CPU5 44.824376 108934 sgemm sgemm CUDA1 0.058310 108974 40
CPU17 44.951675 108935 sgemm sgemm CUDA0 0.242755 108975 40
CPU8 44.828830 108936 sgemm sgemm CUDA2 1.168229 108976 40
CPU7 45.287364 108937 sgemm sgemm CUDA2 0.999002 108977 40
CPU3 44.991544 108938 sgemm sgemm CUDA3 1.170315 108978 40
CPU8 45.031962 108939 sgemm sgemm CUDA2 0.077900 108979 40
CPU3 44.928842 108940 sgemm sgemm CUDA3 1.164596 108980 40
CPU19 25.224154 108943 ssyrk ssyrk CPU23 85.494133 108983 40
CPU13 45.057122 108944 sgemm sgemm CUDA1 1.168724 108984 40
CPU11 44.926910 108945 sgemm sgemm CUDA0 0.115375 108985 40
CPU14 45.112118 108946 sgemm sgemm CUDA1 1.170973 108986 40
CPU7 45.107117 108947 sgemm sgemm CUDA1 1.169152 108987 40
CPU18 45.093307 108948 sgemm sgemm CUDA0 1.220442 108988 40
CPU1 45.027631 108949 sgemm sgemm CUDA0 1.166780 108989 40
CPU2 44.890847 108950 sgemm sgemm CUDA0 0.134766 108990 40
CPU2 44.754434 108951 sgemm sgemm CUDA1 0.992441 108991 40
CPU15 44.941921 108952 sgemm sgemm CUDA0 1.160904 108992 40
CPU19 45.138864 108953 sgemm sgemm CUDA0 1.171439 108993 40
CPU19 45.262312 108954 sgemm sgemm CUDA1 1.166587 108994 40
CPU0 45.423268 108955 sgemm sgemm CUDA3 0.997452 108995 40
CPU10 44.699730 108956 sgemm sgemm CUDA3 1.165644 108996 40
CPU5 44.583235 108957 sgemm sgemm CUDA0 0.995532 108997 40
CPU4 45.150054 108958 sgemm sgemm CUDA3 1.000772 108998 40
CPU11 45.182290 108959 sgemm sgemm CUDA2 0.999046 108999 40
CPU7 45.343092 108960 sgemm sgemm CUDA1 0.997764 109000 40
CPU19 45.002351 108961 sgemm sgemm CUDA2 1.120516 109001 40
CPU7 44.932809 108962 sgemm sgemm CUDA2 0.994210 109002 40
CPU15 45.857713 108963 sgemm sgemm CUDA1 0.074898 109003 40
CPU16 44.747167 108964 sgemm sgemm CUDA2 1.167840 109004 40
CPU8 44.585336 108965 sgemm sgemm CUDA2 0.996374 109005 40
CPU5 44.747510 108966 sgemm sgemm CUDA2 1.165898 109006 40
CPU15 44.909122 108967 sgemm sgemm CUDA1 1.172934 109007 40
CPU0 45.556896 108968 sgemm sgemm CUDA2 10.896563 109008 40
CPU3 44.837167 108969 sgemm sgemm CUDA3 0.997335 109009 40
CPU11 24.808979 108972 ssyrk ssyrk CPU -1 109012 40
CPU4 45.280756 108973 sgemm sgemm CUDA1 1.163943 109013 40
CPU15 44.880321 108974 sgemm sgemm CUDA1 0.989512 109014 40
CPU10 45.088186 108975 sgemm sgemm CUDA1 0.995588 109015 40
CPU5 45.182585 108976 sgemm sgemm CUDA1 0.998496 109016 40
CPU6 45.404371 108977 sgemm sgemm CUDA0 1.267284 109017 40
CPU3 44.997458 108978 sgemm sgemm CUDA1 0.986732 109018 40
CPU15 44.794304 108979 sgemm sgemm CUDA1 0.998123 109019 40
CPU16 44.981176 108980 sgemm sgemm CUDA3 1.212496 109020 40
CPU4 44.999277 108981 sgemm sgemm CUDA0 1.042972 109021 40
CPU15 44.900814 108982 sgemm sgemm CUDA0 0.996216 109022 40
CPU9 45.018547 108983 sgemm sgemm CUDA3 0.949871 109023 40
CPU16 44.953424 108984 sgemm sgemm CUDA0 1.162380 109024 40
CPU2 44.793312 108985 sgemm sgemm CUDA0 12.957103 109025 40
CPU15 44.806159 108986 sgemm sgemm CUDA0 1.327129 109026 40
CPU6 45.286412 108987 sgemm sgemm CUDA1 12.221243 109027 40
CPU13 44.778385 108988 sgemm sgemm CUDA1 1.168370 109028 40
CPU5 44.431748 108989 sgemm sgemm CUDA0 1.001832 109029 40
CPU11 45.215002 108990 sgemm sgemm CUDA3 1.163805 109030 40
CPU7 44.850001 108991 sgemm sgemm CUDA1 1.167733 109031 40
CPU2 45.360938 108992 sgemm sgemm CUDA0 0.996158 109032 40
CPU7 44.976147 108993 sgemm sgemm CUDA2 0.996707 109033 40
CPU10 44.896866 108994 sgemm sgemm CUDA3 0.058829 109034 40
CPU16 44.903850 108995 sgemm sgemm CUDA2 0.999769 109035 40
CPU4 45.082342 108996 sgemm sgemm CUDA2 0.988184 109036 40
CPU1 44.554872 108997 sgemm sgemm CUDA3 1.316143 109037 40
CPU15 24.917413 109000 ssyrk ssyrk CPU13 85.510892 109040 40
CPU13 46.020714 109001 sgemm sgemm CUDA1 1.162567 109041 40
CPU14 45.159198 109002 sgemm sgemm CUDA1 0.997354 109042 40
CPU12 45.798747 109003 sgemm sgemm CUDA1 1.156984 109043 40
CPU7 45.171073 109004 sgemm sgemm CUDA1 12.347597 109044 40
CPU12 45.015742 109005 sgemm sgemm CUDA1 1.289255 109045 40
CPU14 45.066821 109006 sgemm sgemm CUDA1 0.999814 109046 40
CPU11 44.927696 109007 sgemm sgemm CUDA0 1.348951 109047 40
CPU0 45.458811 109008 sgemm sgemm CUDA0 0.119303 109048 40
CPU11 45.777207 109009 sgemm sgemm CUDA0 1.301593 109049 40
CPU1 45.153342 109010 sgemm sgemm CUDA1 0.994346 109050 40
CPU7 45.134166 109011 sgemm sgemm CUDA0 1.045163 109051 40
CPU10 45.536166 109012 sgemm sgemm CUDA0 0.982692 109052 40
CPU3 44.948517 109013 sgemm sgemm CUDA3 0.982014 109053 40
CPU19 45.225491 109014 sgemm sgemm CUDA1 1.218316 109054 40
CPU16 44.878169 109015 sgemm sgemm CUDA1 1.160521 109055 40
CPU19 44.993947 109016 sgemm sgemm CUDA0 1.222280 109056 40
CPU9 44.606581 109017 sgemm sgemm CUDA3 0.996676 109057 40
CPU7 44.954007 109018 sgemm sgemm CUDA1 1.175667 109058 40
CPU3 45.044322 109019 sgemm sgemm CUDA3 1.166082 109059 40
CPU5 44.998084 109020 sgemm sgemm CUDA3 1.171668 109060 40
CPU11 44.813241 109021 sgemm sgemm CUDA3 0.077153 109061 40
CPU8 45.044636 109022 sgemm sgemm CUDA0 0.994913 109062 40
CPU19 45.069082 109023 sgemm sgemm CUDA1 17.684388 109063 40
CPU6 45.134069 109024 sgemm sgemm CUDA3 0.992402 109064 40
CPU2 24.890396 109027 ssyrk ssyrk CPU19 71.502472 109067 40
CPU10 45.201412 109028 sgemm sgemm CUDA1 0.997068 109068 40
CPU1 44.819855 109029 sgemm sgemm CUDA1 0.992557 109069 40
CPU19 44.998377 109030 sgemm sgemm CUDA1 1.169560 109070 40
CPU16 45.019395 109031 sgemm sgemm CUDA1 0.995934 109071 40
CPU0 45.394610 109032 sgemm sgemm CUDA1 1.167842 109072 40
CPU13 45.019814 109033 sgemm sgemm CUDA0 1.165889 109073 40
CPU7 45.155976 109034 sgemm sgemm CUDA0 1.161317 109074 40
CPU19 45.240159 109035 sgemm sgemm CUDA1 12.879860 109075 40
CPU13 45.180573 109036 sgemm sgemm CUDA1 1.000208 109076 40
CPU0 45.213793 109037 sgemm sgemm CUDA0 1.153602 109077 40
CPU4 44.996586 109038 sgemm sgemm CUDA2 1.164842 109078 40
CPU11 44.911763 109039 sgemm sgemm CUDA3 1.002021 109079 40
CPU13 44.980338 109040 sgemm sgemm CUDA2 0.997949 109080 40
CPU12 45.269579 109041 sgemm sgemm CUDA2 1.169121 109081 40
CPU19 45.025139 109042 sgemm sgemm CUDA1 1.006202 109082 40
CPU8 44.563004 109043 sgemm sgemm CUDA2 1.157345 109083 40
CPU1 44.779078 109044 sgemm sgemm CUDA2 1.167270 109084 40
CPU16 45.028221 109045 sgemm sgemm CUDA2 0.978069 109085 40
CPU3 44.764138 109046 sgemm sgemm CUDA2 1.149392 109086 40
CPU6 44.283043 109047 sgemm sgemm CUDA2 1.158440 109087 40
CPU1 44.737897 109048 sgemm sgemm CUDA2 1.006748 109088 40
CPU13 45.315569 109049 sgemm sgemm CUDA3 0.932597 109089 40
CPU3 44.852167 109050 sgemm sgemm CUDA2 0.122744 109090 40
CPU2 25.066257 109053 ssyrk ssyrk CPU12 92.046646 109093 40
CPU14 44.729120 109054 sgemm sgemm CUDA1 0.054625 109094 40
CPU19 45.056459 109055 sgemm sgemm CUDA1 0.130762 109095 40
CPU11 44.755754 109056 sgemm sgemm CUDA1 1.161160 109096 40
CPU15 44.720821 109057 sgemm sgemm CUDA1 1.167503 109097 40
CPU16 44.977748 109058 sgemm sgemm CUDA3 1.222791 109098 40
CPU19 44.968673 109059 sgemm sgemm CUDA1 0.997531 109099 40
CPU10 45.218366 109060 sgemm sgemm CUDA1 1.169391 109100 40
CPU4 44.924208 109061 sgemm sgemm CUDA2 1.112384 109101 40
CPU2 44.678665 109062 sgemm sgemm CUDA3 13.172830 109102 40
CPU1 44.820949 109063 sgemm sgemm CUDA0 1.041320 109103 40
CPU14 45.263047 109064 sgemm sgemm CUDA0 0.993754 109104 40
CPU13 44.892676 109065 sgemm sgemm CUDA2 1.169752 109105 40
CPU15 44.974694 109066 sgemm sgemm CUDA3 0.997298 109106 40
CPU18 44.839388 109067 sgemm sgemm CUDA0 0.997025 109107 40
CPU0 44.935062 109068 sgemm sgemm CUDA3 1.000066 109108 40
CPU15 44.967490 109069 sgemm sgemm CUDA2 16.687117 109109 40
CPU9 44.968922 109070 sgemm sgemm CUDA3 1.772129 109110 40
CPU11 44.814657 109071 sgemm sgemm CUDA2 1.002917 109111 40
CPU13 45.003231 109072 sgemm sgemm CUDA0 1.239493 109112 40
CPU10 45.047434 109073 sgemm sgemm CUDA2 1.222548 109113 40
CPU14 45.050638 109074 sgemm sgemm CUDA3 0.989869 109114 40
CPU7 44.946464 109075 sgemm sgemm CUDA2 4.727546 109115 40
CPU16 25.017015 109078 ssyrk ssyrk CPU11 97.433774 109118 40
CPU1 45.121116 109079 sgemm sgemm CUDA1 0.975483 109119 40
CPU6 45.191512 109080 sgemm sgemm CUDA0 0.994072 109120 40
CPU11 44.770280 109081 sgemm sgemm CUDA1 1.159691 109121 40
CPU8 45.166277 109082 sgemm sgemm CUDA0 1.166978 109122 40
CPU5 45.185528 109083 sgemm sgemm CUDA1 1.045813 109123 40
CPU11 44.991692 109084 sgemm sgemm CUDA0 0.205528 109124 40
CPU19 45.166299 109085 sgemm sgemm CUDA1 0.991502 109125 40
CPU0 44.822176 109086 sgemm sgemm CUDA0 1.216450 109126 40
CPU6 44.679826 109087 sgemm sgemm CUDA0 1.234440 109127 40
CPU16 45.116717 109088 sgemm sgemm CUDA0 12.138696 109128 40
CPU4 45.236500 109089 sgemm sgemm CUDA0 1.049650 109129 40
CPU13 45.234284 109090 sgemm sgemm CUDA2 1.004526 109130 40
CPU19 45.115463 109091 sgemm sgemm CUDA0 0.995567 109131 40
CPU2 44.702127 109092 sgemm sgemm CUDA2 0.631447 109132 40
CPU14 45.073769 109093 sgemm sgemm CUDA2 0.995858 109133 40
CPU1 45.107754 109094 sgemm sgemm CUDA0 1.210162 109134 40
CPU2 44.724698 109095 sgemm sgemm CUDA2 1.147583 109135 40
CPU10 45.093906 109096 sgemm sgemm CUDA0 0.990143 109136 40
CPU13 44.974344 109097 sgemm sgemm CUDA1 1.162934 109137 40
CPU6 45.048435 109098 sgemm sgemm CUDA2 0.177910 109138 40
CPU4 45.002512 109099 sgemm sgemm CUDA2 0.995240 109139 40
CPU6 25.627250 109102 ssyrk ssyrk CPU -1 109142 40
CPU0 45.729463 109103 sgemm sgemm CUDA0 1.215606 109143 40
CPU7 45.259040 109104 sgemm sgemm CUDA3 1.161192 109144 40
CPU12 45.050054 109105 sgemm sgemm CUDA3 1.166203 109145 40
CPU2 45.067183 109106 sgemm sgemm CUDA0 1.159517 109146 40
CPU0 45.336706 109107 sgemm sgemm CUDA1 1.001662 109147 40
CPU2 45.155508 109108 sgemm sgemm CUDA1 0.079211 109148 40
CPU13 44.872536 109109 sgemm sgemm CUDA3 1.172756 109149 40
CPU16 45.168501 109110 sgemm sgemm CUDA0 1.168720 109150 40
CPU5 44.961925 109111 sgemm sgemm CUDA3 1.000390 109151 40
CPU14 44.905316 109112 sgemm sgemm CUDA1 1.003151 109152 40
CPU2 45.518177 109113 sgemm sgemm CUDA3 1.171699 109153 40
CPU10 44.705727 109114 sgemm sgemm CUDA1 1.174028 109154 40
CPU14 44.941092 109115 sgemm sgemm CUDA3 0.988305 109155 40
CPU6 45.075460 109116 sgemm sgemm CUDA3 0.046708 109156 40
CPU2 45.101484 109117 sgemm sgemm CUDA2 0.051404 109157 40
CPU6 45.082303 109118 sgemm sgemm CUDA3 1.108643 109158 40
CPU15 44.634744 109119 sgemm sgemm CUDA3 1.217847 109159 40
CPU6 44.957629 109120 sgemm sgemm CUDA2 1.168693 109160 40
CPU11 44.846206 109121 sgemm sgemm CUDA1 1.161862 109161 40
CPU14 45.224909 109122 sgemm sgemm CUDA3 1.152614 109162 40
CPU11 25.108105 109125 ssyrk ssyrk CPU12 92.277052 109165 40
CPU16 44.591576 109126 sgemm sgemm CUDA3 1.002351 109166 40
CPU0 45.711214 109127 sgemm sgemm CUDA0 1.158246 109167 40
CPU5 44.962932 109128 sgemm sgemm CUDA1 1.168643 109168 40
CPU11 44.751936 109129 sgemm sgemm CUDA0 0.996692 109169 40
CPU3 45.264996 109130 sgemm sgemm CUDA1 0.999427 109170 40
CPU10 45.188200 109131 sgemm sgemm CUDA3 1.168227 109171 40
CPU11 44.694952 109132 sgemm sgemm CUDA0 12.458077 109172 40
CPU11 44.801310 109133 sgemm sgemm CUDA0 0.998586 109173 40
CPU3 45.277871 109134 sgemm sgemm CUDA1 1.163216 109174 40
CPU11 44.510130 109135 sgemm sgemm CUDA3 1.171640 109175 40
CPU19 45.260187 109136 sgemm sgemm CUDA0 1.003842 109176 40
CPU11 44.761143 109137 sgemm sgemm CUDA3 1.157840 109177 40
CPU1 44.853100 109138 sgemm sgemm CUDA1 1.158464 109178 40
CPU1 45.265948 109139 sgemm sgemm CUDA2 0.991542 109179 40
CPU11 44.856420 109140 sgemm sgemm CUDA2 1.172376 109180 40
CPU11 44.700046 109141 sgemm sgemm CUDA2 1.157139 109181 40
CPU14 45.056826 109142 sgemm sgemm CUDA0 0.988448 109182 40
CPU16 44.795783 109143 sgemm sgemm CUDA2 0.993340 109183 40
CPU4 44.987478 109144 sgemm sgemm CUDA2 0.986962 109184 40
CPU9 25.081489 109147 ssyrk ssyrk CPU27 88.111281 109187 40
CPU16 44.766747 109148 sgemm sgemm CUDA3 0.084240 109188 40
CPU13 45.042688 109149 sgemm sgemm CUDA1 1.160174 109189 40
CPU7 44.873646 109150 sgemm sgemm CUDA1 0.996729 109190 40
CPU10 45.390872 109151 sgemm sgemm CUDA1 0.997234 109191 40
CPU8 45.039811 109152 sgemm sgemm CUDA3 0.093400 109192 40
CPU9 44.799052 109153 sgemm sgemm CUDA0 0.997870 109193 40
CPU0 45.814635 109154 sgemm sgemm CUDA0 1.164435 109194 40
CPU14 44.975871 109155 sgemm sgemm CUDA1 0.054913 109195 40
CPU4 45.360031 109156 sgemm sgemm CUDA1 1.212891 109196 40
CPU8 45.042085 109157 sgemm sgemm CUDA0 1.150681 109197 40
CPU7 45.111523 109158 sgemm sgemm CUDA3 1.047208 109198 40
CPU16 45.252206 109159 sgemm sgemm CUDA3 1.162729 109199 40
CPU12 45.227158 109160 sgemm sgemm CUDA3 1.160399 109200 40
CPU9 44.962876 109161 sgemm sgemm CUDA3 1.045613 109201 40
CPU9 45.186301 109162 sgemm sgemm CUDA3 0.988726 109202 40
CPU6 45.129421 109163 sgemm sgemm CUDA3 1.099924 109203 40
CPU15 44.688301 109164 sgemm sgemm CUDA3 12.901053 109204 40
CPU6 44.850339 109165 sgemm sgemm CUDA3 1.102347 109205 40
CPU16 24.676851 109168 ssyrk ssyrk CPU -1 109208 40
CPU12 44.935553 109169 sgemm sgemm CUDA0 0.993212 109209 40
CPU12 44.961478 109170 sgemm sgemm CUDA0 1.338041 109210 40
CPU6 45.298296 109171 sgemm sgemm CUDA3 1.239957 109211 40
CPU12 45.013510 109172 sgemm sgemm CUDA3 1.168524 109212 40
CPU15 44.699835 109173 sgemm sgemm CUDA0 12.418819 109213 40
CPU8 45.238690 109174 sgemm sgemm CUDA3 1.165479 109214 40
CPU4 45.330016 109175 sgemm sgemm CUDA2 0.995637 109215 40
CPU7 45.301496 109176 sgemm sgemm CUDA2 1.150773 109216 40
CPU13 44.792137 109177 sgemm sgemm CUDA0 1.158337 109217 40
CPU15 44.637017 109178 sgemm sgemm CUDA2 0.042297 109218 40
CPU15 45.227020 109179 sgemm sgemm CUDA2 0.781837 109219 40
CPU3 45.245914 109180 sgemm sgemm CUDA3 0.994583 109220 40
CPU16 44.765123 109181 sgemm sgemm CUDA3 1.164007 109221 40
CPU12 44.556664 109182 sgemm sgemm CUDA2 1.220155 109222 40
CPU3 44.998614 109183 sgemm sgemm CUDA3 0.701420 109223 40
CPU8 45.039574 109184 sgemm sgemm CUDA2 0.989805 109224 40
CPU8 44.712948 109185 sgemm sgemm CUDA2 1.159699 109225 40
CPU4 25.571469 109188 ssyrk ssyrk CPU12 80.476818 109228 40
CPU2 44.725720 109189 sgemm sgemm CUDA0 1.001726 109229 40
CPU10 45.161232 109190 sgemm sgemm CUDA1 1.000821 109230 40
CPU3 44.934446 109191 sgemm sgemm CUDA0 0.998367 109231 40
CPU4 44.516481 109192 sgemm sgemm CUDA0 1.266481 109232 40
CPU16 44.812042 109193 sgemm sgemm CUDA0 1.163372 109233 40
CPU10 44.982915 109194 sgemm sgemm CUDA0 0.980277 109234 40
CPU5 45.110101 109195 sgemm sgemm CUDA2 1.179355 109235 40
CPU0 45.417920 109196 sgemm sgemm CUDA0 0.992516 109236 40
CPU3 44.766171 109197 sgemm sgemm CUDA2 1.218942 109237 40
CPU0 45.018120 109198 sgemm sgemm CUDA2 1.222768 109238 40
CPU12 45.071384 109199 sgemm sgemm CUDA2 0.994536 109239 40
CPU2 44.852156 109200 sgemm sgemm CUDA2 0.993362 109240 40
CPU1 45.106723 109201 sgemm sgemm CUDA0 0.987824 109241 40
CPU3 44.884878 109202 sgemm sgemm CUDA0 0.985051 109242 40
CPU10 45.139495 109203 sgemm sgemm CUDA1 1.162788 109243 40
CPU4 44.805300 109204 sgemm sgemm CUDA2 1.331959 109244 40
CPU0 25.123630 109207 ssyrk ssyrk CPU13 97.794134 109247 40
CPU9 44.677366 109208 sgemm sgemm CUDA1 0.061139 109248 40
CPU14 45.401190 109209 sgemm sgemm CUDA0 1.234187 109249 40
CPU5 44.472822 109210 sgemm sgemm CUDA0 0.999116 109250 40
CPU12 45.120406 109211 sgemm sgemm CUDA0 1.171280 109251 40
CPU9 45.028219 109212 sgemm sgemm CUDA1 0.993343 109252 40
CPU0 45.294918 109213 sgemm sgemm CUDA0 1.165606 109253 40
CPU18 44.820966 109214 sgemm sgemm CUDA1 1.157272 109254 40
CPU6 44.868572 109215 sgemm sgemm CUDA3 0.988142 109255 40
CPU9 44.598382 109216 sgemm sgemm CUDA3 1.163972 109256 40
CPU11 45.124898 109217 sgemm sgemm CUDA0 4.760203 109257 40
CPU6 44.765299 109218 sgemm sgemm CUDA3 1.158557 109258 40
CPU3 44.895134 109219 sgemm sgemm CUDA3 0.059136 109259 40
CPU12 45.503918 109220 sgemm sgemm CUDA0 1.054102 109260 40
CPU15 45.095736 109221 sgemm sgemm CUDA1 0.990205 109261 40
CPU9 44.579528 109222 sgemm sgemm CUDA3 1.241748 109262 40
CPU9 25.119223 109225 ssyrk ssyrk CPU20 80.588122 109265 40
CPU11 44.751597 109226 sgemm sgemm CUDA0 1.165914 109266 40
CPU8 44.861913 109227 sgemm sgemm CUDA2 1.160686 109267 40
CPU5 45.227216 109228 sgemm sgemm CUDA2 1.184077 109268 40
CPU2 44.959889 109229 sgemm sgemm CUDA2 0.989677 109269 40
CPU11 44.719073 109230 sgemm sgemm CUDA3 1.163161 109270 40
CPU7 44.864442 109231 sgemm sgemm CUDA2 0.116126 109271 40
CPU9 44.811594 109232 sgemm sgemm CUDA3 0.986351 109272 40
CPU16 45.074238 109233 sgemm sgemm CUDA2 1.164687 109273 40
CPU16 44.842502 109234 sgemm sgemm CUDA3 0.992282 109274 40
CPU2 44.697076 109235 sgemm sgemm CUDA2 12.978444 109275 40
CPU8 44.625137 109236 sgemm sgemm CUDA2 1.104468 109276 40
CPU7 44.952077 109237 sgemm sgemm CUDA2 1.499261 109277 40
CPU4 45.129241 109238 sgemm sgemm CUDA3 4.307228 109278 40
CPU7 44.622821 109239 sgemm sgemm CUDA2 5.419201 109279 40
CPU16 24.872546 109242 ssyrk ssyrk CPU15 97.542891 109282 40
CPU6 44.834881 109243 sgemm sgemm CUDA0 1.383763 109283 40
CPU8 45.182849 109244 sgemm sgemm CUDA3 1.220236 109284 40
CPU13 45.180492 109245 sgemm sgemm CUDA2 1.108108 109285 40
CPU10 44.758285 109246 sgemm sgemm CUDA2 0.992254 109286 40
CPU8 44.997051 109247 sgemm sgemm CUDA2 1.162776 109287 40
CPU10 45.258061 109248 sgemm sgemm CUDA3 0.997382 109288 40
CPU4 44.991222 109249 sgemm sgemm CUDA3 1.107176 109289 40
CPU6 45.089074 109250 sgemm sgemm CUDA2 1.160082 109290 40
CPU11 45.044784 109251 sgemm sgemm CUDA3 13.123883 109291 40
CPU16 44.877819 109252 sgemm sgemm CUDA2 0.700888 109292 40
CPU13 45.226110 109253 sgemm sgemm CUDA3 0.071083 109293 40
CPU10 45.173972 109254 sgemm sgemm CUDA2 0.714396 109294 40
CPU16 45.226927 109255 sgemm sgemm CUDA3 0.991945 109295 40
CPU4 25.101219 109258 ssyrk ssyrk CPU11 97.397044 109298 40
CPU11 44.933375 109259 sgemm sgemm CUDA2 1.158550 109299 40
CPU11 45.011256 109260 sgemm sgemm CUDA0 1.222462 109300 40
CPU14 45.157989 109261 sgemm sgemm CUDA2 0.044846 109301 40
CPU18 44.868591 109262 sgemm sgemm CUDA2 3.717357 109302 40
CPU3 44.670338 109263 sgemm sgemm CUDA2 0.207532 109303 40
CPU13 45.544750 109264 sgemm sgemm CUDA2 0.989590 109304 40
CPU10 45.175952 109265 sgemm sgemm CUDA0 0.982484 109305 40
CPU10 45.409342 109266 sgemm sgemm CUDA2 13.031797 109306 40
CPU4 45.028228 109267 sgemm sgemm CUDA0 0.988558 109307 40
CPU12 45.219294 109268 sgemm sgemm CUDA2 1.217565 109308 40
CPU13 45.348305 109269 sgemm sgemm CUDA2 1.159779 109309 40
CPU5 44.865740 109270 sgemm sgemm CUDA2 1.156814 109310 40
CPU13 25.241851 109273 ssyrk ssyrk CPU22 83.285166 109313 40
CPU3 45.198367 109274 sgemm sgemm CUDA2 1.050975 109314 40
CPU3 45.287781 109275 sgemm sgemm CUDA2 1.160590 109315 40
CPU3 45.381573 109276 sgemm sgemm CUDA3 0.991042 109316 40
CPU10 45.252680 109277 sgemm sgemm CUDA2 1.161507 109317 40
CPU19 45.339262 109278 sgemm sgemm CUDA2 0.988754 109318 40
CPU2 44.979916 109279 sgemm sgemm CUDA3 0.988032 109319 40
CPU12 44.843249 109280 sgemm sgemm CUDA2 1.046075 109320 40
CPU9 45.054067 109281 sgemm sgemm CUDA2 12.673972 109321 40
CPU1 45.011993 109282 sgemm sgemm CUDA3 0.936822 109322 40
CPU1 45.117339 109283 sgemm sgemm CUDA0 0.987346 109323 40
CPU8 44.842059 109284 sgemm sgemm CUDA2 1.160105 109324 40
CPU6 25.286429 109287 ssyrk ssyrk CPU29 97.874648 109327 40
CPU9 45.107543 109288 sgemm sgemm CUDA0 0.987558 109328 40
CPU6 45.234396 109289 sgemm sgemm CUDA0 1.164711 109329 40
CPU10 45.018947 109290 sgemm sgemm CUDA2 0.993497 109330 40
CPU5 45.053094 109291 sgemm sgemm CUDA2 1.014401 109331 40
CPU14 45.030634 109292 sgemm sgemm CUDA0 1.160655 109332 40
CPU10 45.145119 109293 sgemm sgemm CUDA2 0.992341 109333 40
CPU10 45.075748 109294 sgemm sgemm CUDA2 1.162606 109334 40
CPU3 45.184094 109295 sgemm sgemm CUDA2 1.158883 109335 40
CPU5 45.122568 109296 sgemm sgemm CUDA2 0.993601 109336 40
CPU3 44.740660 109297 sgemm sgemm CUDA2 0.569139 109337 40
CPU10 25.033092 109300 ssyrk ssyrk CPU -1 109340 40
CPU13 44.731818 109301 sgemm sgemm CUDA3 0.993296 109341 40
CPU16 45.031479 109302 sgemm sgemm CUDA3 1.348436 109342 40
CPU13 45.002949 109303 sgemm sgemm CUDA3 1.109237 109343 40
CPU9 44.945869 109304 sgemm sgemm CUDA3 1.050764 109344 40
CPU10 45.000086 109305 sgemm sgemm CUDA1 0.992832 109345 40
CPU2 45.006121 109306 sgemm sgemm CUDA3 1.160188 109346 40
CPU12 44.949499 109307 sgemm sgemm CUDA1 1.047847 109347 40
CPU0 45.550457 109308 sgemm sgemm CUDA2 0.049901 109348 40
CPU14 45.147246 109309 sgemm sgemm CUDA2 1.238068 109349 40
CPU19 25.262726 109312 ssyrk ssyrk CPU22 80.518027 109352 40
CPU18 44.975652 109313 sgemm sgemm CUDA3 0.989888 109353 40
CPU15 45.030082 109314 sgemm sgemm CUDA3 0.996875 109354 40
CPU6 45.099580 109315 sgemm sgemm CUDA3 0.985536 109355 40
CPU19 45.617941 109316 sgemm sgemm CUDA2 1.158802 109356 40
CPU19 45.108008 109317 sgemm sgemm CUDA0 0.997071 109357 40
CPU11 45.222158 109318 sgemm sgemm CUDA3 0.992409 109358 40
CPU3 44.889452 109319 sgemm sgemm CUDA0 1.164607 109359 40
CPU6 45.004093 109320 sgemm sgemm CUDA2 0.994208 109360 40
CPU7 25.116041 109323 ssyrk ssyrk CPU16 73.060659 109363 40
CPU14 45.354306 109324 sgemm sgemm CUDA2 1.103149 109364 40
CPU11 45.210609 109325 sgemm sgemm CUDA3 1.617247 109365 40
CPU0 44.943185 109326 sgemm sgemm CUDA2 0.995442 109366 40
CPU14 45.230806 109327 sgemm sgemm CUDA3 0.936319 109367 40
CPU5 44.684237 109328 sgemm sgemm CUDA2 2.013571 109368 40
CPU12 45.235862 109329 sgemm sgemm CUDA3 1.161354 109369 40
CPU0 44.936296 109330 sgemm sgemm CUDA2 11.925824 109370 40
CPU7 25.251578 109333 ssyrk ssyrk CPU -1 109373 40
CPU14 45.147579 109334 sgemm sgemm CUDA2 1.160910 109374 40
CPU1 44.623542 109335 sgemm sgemm CUDA1 1.161747 109375 40
CPU7 45.200241 109336 sgemm sgemm CUDA2 1.220192 109376 40
CPU15 44.918850 109337 sgemm sgemm CUDA3 1.105146 109377 40
CPU8 44.734286 109338 sgemm sgemm CUDA2 1.162163 109378 40
CPU1 44.345755 109339 sgemm sgemm CUDA3 0.091367 109379 40
CPU6 25.518399 109342 ssyrk ssyrk CPU16 97.395995 109382 40
CPU1 44.947983 109343 sgemm sgemm CUDA3 1.159738 109383 40
CPU12 45.110832 109344 sgemm sgemm CUDA3 1.154008 109384 40
CPU16 45.139194 109345 sgemm sgemm CUDA2 1.168255 109385 40
CPU15 44.971285 109346 sgemm sgemm CUDA2 1.147308 109386 40
CPU3 44.730506 109347 sgemm sgemm CUDA2 1.102720 109387 40
CPU7 25.125593 109350 ssyrk ssyrk CPU11 109.694073 109390 40
CPU13 45.115629 109351 sgemm sgemm CUDA3 0.881249 109391 40
CPU13 45.465141 109352 sgemm sgemm CUDA1 1.157403 109392 40
CPU15 45.209284 109353 sgemm sgemm CUDA1 1.165343 109393 40
CPU7 44.843086 109354 sgemm sgemm CUDA3 0.995322 109394 40
CPU2 25.117491 109357 ssyrk ssyrk CPU -1 109397 40
CPU16 44.880175 109358 sgemm sgemm CUDA0 24.862016 109398 40
CPU19 44.986604 109359 sgemm sgemm CUDA2 0.178774 109399 40
CPU8 45.119875 109360 sgemm sgemm CUDA3 0.990247 109400 40
CPU7 25.364164 109363 ssyrk ssyrk CPU -1 109403 40
CPU0 45.240767 109364 sgemm sgemm CUDA0 0.987322 109404 40
CPU0 45.120265 109365 sgemm sgemm CUDA2 1.101756 109405 40
CPU19 25.325214 109368 ssyrk ssyrk CPU22 87.326194 109408 40
CPU19 44.993857 109369 sgemm sgemm CUDA3 11.975708 109409 40
CPU3 24.720762 109372 ssyrk ssyrk CPU -1 109412 40
CPU18 13.748264 109375 spotrf spotrf CPU26 13.470107 109415 40
CPU10 30.452879 109376 strsm strsm CPU22 98.344966 109416 40
CPU4 30.565184 109377 strsm strsm CPU14 99.022908 109417 40
CPU8 30.515603 109378 strsm strsm CPU17 81.082482 109418 40
CPU19 30.643031 109379 strsm strsm CPU18 88.002517 109419 40
CPU12 30.457114 109380 strsm strsm CPU17 83.532466 109420 40
CPU0 30.601969 109381 strsm strsm CPU14 98.889234 109421 40
CPU9 30.313242 109382 strsm strsm CPU22 69.073691 109422 40
CPU19 30.719383 109383 strsm strsm CPU -1 109423 40
CPU10 30.700420 109384 strsm strsm CPU13 98.622561 109424 40
CPU15 30.029190 109385 strsm strsm CPU -1 109425 40
CPU2 30.337600 109386 strsm strsm CPU23 98.078130 109426 40
CPU3 30.020819 109387 strsm strsm CPU -1 109427 40
CPU15 30.021287 109388 strsm strsm CPU -1 109428 40
CPU4 30.819651 109389 strsm strsm CPU16 93.256494 109429 40
CPU11 30.086809 109390 strsm strsm CPU24 98.312639 109430 40
CPU9 30.447031 109391 strsm strsm CPU14 108.264195 109431 40
CPU16 29.918113 109392 strsm strsm CPU -1 109432 40
CPU18 29.972144 109393 strsm strsm CPU17 56.753801 109433 40
CPU8 30.149579 109394 strsm strsm CPU17 97.990108 109434 40
CPU3 30.260895 109395 strsm strsm CPU -1 109435 40
CPU11 30.220233 109396 strsm strsm CPU29 86.853556 109436 40
CPU9 30.091733 109397 strsm strsm CPU12 81.826898 109437 40
CPU13 30.597936 109398 strsm strsm CPU19 81.271698 109438 40
CPU19 30.358296 109399 strsm strsm CPU -1 109439 40
CPU10 30.543022 109400 strsm strsm CPU17 82.682537 109440 40
CPU18 29.992237 109401 strsm strsm CPU12 83.632596 109441 40
CPU7 30.548815 109402 strsm strsm CPU -1 109442 40
CPU9 30.012122 109403 strsm strsm CPU26 106.477406 109443 40
CPU7 30.572481 109404 strsm strsm CPU12 93.619362 109444 40
CPU7 30.518886 109405 strsm strsm CPU -1 109445 40
CPU2 30.403465 109406 strsm strsm CPU -1 109446 40
CPU6 31.032415 109407 strsm strsm CPU17 63.975986 109447 40
CPU11 30.191753 109408 strsm strsm CPU14 86.832100 109448 40
CPU3 30.080434 109409 strsm strsm CPU22 91.511724 109449 40
CPU10 25.171239 109412 ssyrk ssyrk CPU10 86.769481 109452 40
CPU2 45.125654 109413 sgemm sgemm CUDA3 1.050021 109453 40
CPU4 44.972232 109414 sgemm sgemm CUDA3 1.002840 109454 40
CPU2 45.040750 109415 sgemm sgemm CUDA3 1.171072 109455 40
CPU12 45.008361 109416 sgemm sgemm CUDA1 1.166546 109456 40
CPU0 45.120258 109417 sgemm sgemm CUDA1 1.000213 109457 40
CPU9 45.118205 109418 sgemm sgemm CUDA1 0.991836 109458 40
CPU15 44.779687 109419 sgemm sgemm CUDA1 1.166045 109459 40
CPU10 45.005347 109420 sgemm sgemm CUDA1 0.995878 109460 40
CPU15 44.720665 109421 sgemm sgemm CUDA1 1.159360 109461 40
CPU2 44.911921 109422 sgemm sgemm CUDA1 0.089744 109462 40
CPU8 44.891670 109423 sgemm sgemm CUDA1 1.004154 109463 40
CPU15 44.749528 109424 sgemm sgemm CUDA0 0.998354 109464 40
CPU12 44.950371 109425 sgemm sgemm CUDA0 0.991451 109465 40
CPU11 44.635398 109426 sgemm sgemm CUDA0 12.133704 109466 40
CPU9 45.097750 109427 sgemm sgemm CUDA1 1.056201 109467 40
CPU16 44.821949 109428 sgemm sgemm CUDA0 1.202866 109468 40
CPU18 44.847583 109429 sgemm sgemm CUDA1 1.157816 109469 40
CPU8 45.059736 109430 sgemm sgemm CUDA1 1.161627 109470 40
CPU3 45.035417 109431 sgemm sgemm CUDA1 0.186388 109471 40
CPU9 45.005457 109432 sgemm sgemm CUDA3 0.991992 109472 40
CPU9 44.650104 109433 sgemm sgemm CUDA0 0.991302 109473 40
CPU13 45.059459 109434 sgemm sgemm CUDA0 0.998434 109474 40
CPU19 44.703345 109435 sgemm sgemm CUDA1 1.001173 109475 40
CPU3 45.337641 109436 sgemm sgemm CUDA1 1.175634 109476 40
CPU19 45.022564 109437 sgemm sgemm CUDA2 0.122160 109477 40
CPU2 44.484156 109438 sgemm sgemm CUDA2 1.168258 109478 40
CPU7 44.767556 109439 sgemm sgemm CUDA3 0.951729 109479 40
CPU4 44.906990 109440 sgemm sgemm CUDA2 0.997341 109480 40
CPU7 44.727259 109441 sgemm sgemm CUDA3 0.067570 109481 40
CPU2 45.045791 109442 sgemm sgemm CUDA0 0.997726 109482 40
CPU1 45.316737 109443 sgemm sgemm CUDA3 0.991070 109483 40
CPU12 45.131720 109444 sgemm sgemm CUDA2 0.996131 109484 40
CPU2 44.576435 109445 sgemm sgemm CUDA2 1.177053 109485 40
CPU4 25.185862 109448 ssyrk ssyrk CPU31 97.711921 109488 40
CPU0 45.052480 109449 sgemm sgemm CUDA3 1.162444 109489 40
CPU4 44.852709 109450 sgemm sgemm CUDA3 1.002046 109490 40
CPU18 44.762592 109451 sgemm sgemm CUDA1 0.996691 109491 40
CPU0 45.169661 109452 sgemm sgemm CUDA1 1.152462 109492 40
CPU0 45.017525 109453 sgemm sgemm CUDA1 1.253703 109493 40
CPU14 45.360374 109454 sgemm sgemm CUDA3 1.159147 109494 40
CPU10 45.022687 109455 sgemm sgemm CUDA1 1.235277 109495 40
CPU11 44.924509 109456 sgemm sgemm CUDA0 0.999248 109496 40
CPU9 44.828567 109457 sgemm sgemm CUDA1 0.991141 109497 40
CPU3 44.878894 109458 sgemm sgemm CUDA1 1.226471 109498 40
CPU16 44.948003 109459 sgemm sgemm CUDA0 1.218973 109499 40
CPU6 45.247811 109460 sgemm sgemm CUDA0 1.168316 109500 40
CPU4 45.268126 109461 sgemm sgemm CUDA0 1.001702 109501 40
CPU6 45.199763 109462 sgemm sgemm CUDA1 1.008006 109502 40
CPU15 44.633510 109463 sgemm sgemm CUDA0 1.166239 109503 40
CPU18 44.841904 109464 sgemm sgemm CUDA0 1.169043 109504 40
CPU6 45.157766 109465 sgemm sgemm CUDA1 0.074702 109505 40
CPU2 44.809522 109466 sgemm sgemm CUDA1 1.232473 109506 40
CPU11 44.980603 109467 sgemm sgemm CUDA0 1.168696 109507 40
CPU3 44.661060 109468 sgemm sgemm CUDA0 1.171886 109508 40
CPU16 45.101017 109469 sgemm sgemm CUDA0 1.000445 109509 40
CPU19 44.991493 109470 sgemm sgemm CUDA1 1.168917 109510 40
CPU6 44.720402 109471 sgemm sgemm CUDA1 1.162639 109511 40
CPU18 44.751667 109472 sgemm sgemm CUDA2 0.058717 109512 40
CPU3 44.709983 109473 sgemm sgemm CUDA2 1.254646 109513 40
CPU2 44.422564 109474 sgemm sgemm CUDA3 0.078226 109514 40
CPU12 45.173933 109475 sgemm sgemm CUDA2 1.168475 109515 40
CPU0 44.940661 109476 sgemm sgemm CUDA2 1.169914 109516 40
CPU5 44.840849 109477 sgemm sgemm CUDA3 1.001888 109517 40
CPU18 45.060445 109478 sgemm sgemm CUDA0 1.167161 109518 40
CPU6 44.891930 109479 sgemm sgemm CUDA3 0.095680 109519 40
CPU3 44.747244 109480 sgemm sgemm CUDA2 0.997786 109520 40
CPU8 25.011783 109483 ssyrk ssyrk CPU13 87.011770 109523 40
CPU5 44.848620 109484 sgemm sgemm CUDA3 0.073394 109524 40
CPU9 45.201615 109485 sgemm sgemm CUDA1 1.346246 109525 40
CPU1 44.808737 109486 sgemm sgemm CUDA1 0.999980 109526 40
CPU8 44.526019 109487 sgemm sgemm CUDA1 0.066573 109527 40
CPU11 44.831633 109488 sgemm sgemm CUDA1 1.163361 109528 40
CPU11 44.935403 109489 sgemm sgemm CUDA1 0.991041 109529 40
CPU16 44.930715 109490 sgemm sgemm CUDA0 1.000428 109530 40
CPU4 45.406323 109491 sgemm sgemm CUDA1 0.081435 109531 40
CPU3 44.854633 109492 sgemm sgemm CUDA1 1.233127 109532 40
CPU12 44.959058 109493 sgemm sgemm CUDA0 1.016492 109533 40
CPU15 44.759863 109494 sgemm sgemm CUDA0 1.161900 109534 40
CPU4 45.465076 109495 sgemm sgemm CUDA0 6.022459 109535 40
CPU7 45.372414 109496 sgemm sgemm CUDA3 1.165602 109536 40
CPU14 44.734270 109497 sgemm sgemm CUDA0 1.165686 109537 40
CPU18 44.819827 109498 sgemm sgemm CUDA0 1.164544 109538 40
CPU4 45.034318 109499 sgemm sgemm CUDA1 0.998517 109539 40
CPU9 44.948077 109500 sgemm sgemm CUDA1 1.157698 109540 40
CPU0 45.295722 109501 sgemm sgemm CUDA3 0.997426 109541 40
CPU0 44.614631 109502 sgemm sgemm CUDA0 1.159248 109542 40
CPU13 45.180583 109503 sgemm sgemm CUDA3 0.991752 109543 40
CPU19 44.670398 109504 sgemm sgemm CUDA1 1.151938 109544 40
CPU10 44.976324 109505 sgemm sgemm CUDA1 1.163857 109545 40
CPU19 44.922682 109506 sgemm sgemm CUDA2 0.057825 109546 40
CPU7 44.887575 109507 sgemm sgemm CUDA2 1.001598 109547 40
CPU6 44.805722 109508 sgemm sgemm CUDA3 1.310305 109548 40
CPU1 45.095330 109509 sgemm sgemm CUDA2 0.997862 109549 40
CPU9 44.609492 109510 sgemm sgemm CUDA3 1.283493 109550 40
CPU8 45.038691 109511 sgemm sgemm CUDA3 1.167741 109551 40
CPU7 45.366703 109512 sgemm sgemm CUDA0 1.234810 109552 40
CPU15 44.848442 109513 sgemm sgemm CUDA3 1.167045 109553 40
CPU3 44.770150 109514 sgemm sgemm CUDA3 10.916181 109554 40
CPU19 25.130896 109517 ssyrk ssyrk CPU23 78.529122 109557 40
CPU16 44.763956 109518 sgemm sgemm CUDA1 0.053479 109558 40
CPU2 44.863790 109519 sgemm sgemm CUDA1 0.997827 109559 40
CPU6 45.096860 109520 sgemm sgemm CUDA1 1.167475 109560 40
CPU9 45.248416 109521 sgemm sgemm CUDA3 0.115809 109561 40
CPU11 45.862977 109522 sgemm sgemm CUDA1 1.163238 109562 40
CPU4 45.126273 109523 sgemm sgemm CUDA1 0.995058 109563 40
CPU4 45.127510 109524 sgemm sgemm CUDA1 0.997764 109564 40
CPU7 44.696846 109525 sgemm sgemm CUDA1 1.167240 109565 40
CPU12 45.222448 109526 sgemm sgemm CUDA0 1.050180 109566 40
CPU15 45.003673 109527 sgemm sgemm CUDA0 1.194862 109567 40
CPU1 45.165314 109528 sgemm sgemm CUDA0 1.170613 109568 40
CPU9 45.122583 109529 sgemm sgemm CUDA1 1.166780 109569 40
CPU14 44.920556 109530 sgemm sgemm CUDA0 1.165689 109570 40
CPU18 44.939720 109531 sgemm sgemm CUDA0 12.202103 109571 40
CPU4 44.883327 109532 sgemm sgemm CUDA1 0.996701 109572 40
CPU6 45.158514 109533 sgemm sgemm CUDA1 0.997094 109573 40
CPU2 44.349231 109534 sgemm sgemm CUDA0 1.163965 109574 40
CPU7 44.864396 109535 sgemm sgemm CUDA0 1.164955 109575 40
CPU2 44.913839 109536 sgemm sgemm CUDA0 1.274747 109576 40
CPU19 44.759573 109537 sgemm sgemm CUDA1 0.993526 109577 40
CPU15 44.679684 109538 sgemm sgemm CUDA1 1.240343 109578 40
CPU18 44.637667 109539 sgemm sgemm CUDA2 0.993240 109579 40
CPU4 44.764654 109540 sgemm sgemm CUDA2 0.072700 109580 40
CPU13 45.229144 109541 sgemm sgemm CUDA1 13.021527 109581 40
CPU8 44.858883 109542 sgemm sgemm CUDA0 1.160947 109582 40
CPU0 44.538703 109543 sgemm sgemm CUDA2 0.050637 109583 40
CPU8 44.988662 109544 sgemm sgemm CUDA0 0.142295 109584 40
CPU4 45.374494 109545 sgemm sgemm CUDA0 0.072808 109585 40
CPU1 44.924854 109546 sgemm sgemm CUDA2 0.061069 109586 40
CPU2 44.663086 109547 sgemm sgemm CUDA2 0.992475 109587 40
CPU12 25.092706 109550 ssyrk ssyrk CPU -1 109590 40
CPU10 45.072678 109551 sgemm sgemm CUDA1 8.921398 109591 40
CPU19 44.945185 109552 sgemm sgemm CUDA1 0.999933 109592 40
CPU16 44.843356 109553 sgemm sgemm CUDA1 1.303855 109593 40
CPU11 44.762630 109554 sgemm sgemm CUDA1 1.168439 109594 40
CPU15 44.891683 109555 sgemm sgemm CUDA1 0.996316 109595 40
CPU10 44.661625 109556 sgemm sgemm CUDA1 1.001122 109596 40
CPU11 44.501841 109557 sgemm sgemm CUDA1 1.166579 109597 40
CPU19 44.767658 109558 sgemm sgemm CUDA0 0.996734 109598 40
CPU19 44.685371 109559 sgemm sgemm CUDA0 12.814782 109599 40
CPU11 44.535042 109560 sgemm sgemm CUDA1 1.171737 109600 40
CPU8 45.250157 109561 sgemm sgemm CUDA1 1.159086 109601 40
CPU16 44.512434 109562 sgemm sgemm CUDA0 0.993650 109602 40
CPU18 44.710130 109563 sgemm sgemm CUDA0 0.999055 109603 40
CPU18 44.648598 109564 sgemm sgemm CUDA1 1.229150 109604 40
CPU2 45.114267 109565 sgemm sgemm CUDA1 0.185196 109605 40
CPU10 45.219468 109566 sgemm sgemm CUDA0 1.223814 109606 40
CPU1 44.509721 109567 sgemm sgemm CUDA0 0.997608 109607 40
CPU10 45.001486 109568 sgemm sgemm CUDA0 0.995596 109608 40
CPU19 44.698491 109569 sgemm sgemm CUDA1 1.000826 109609 40
CPU13 44.752149 109570 sgemm sgemm CUDA1 22.659810 109610 40
CPU18 44.623807 109571 sgemm sgemm CUDA2 1.001059 109611 40
CPU6 44.998690 109572 sgemm sgemm CUDA2 1.172053 109612 40
CPU11 44.761334 109573 sgemm sgemm CUDA1 1.006162 109613 40
CPU4 45.100184 109574 sgemm sgemm CUDA0 0.995268 109614 40
CPU9 44.632736 109575 sgemm sgemm CUDA2 0.955225 109615 40
CPU1 44.591563 109576 sgemm sgemm CUDA2 0.999770 109616 40
CPU12 44.942641 109577 sgemm sgemm CUDA0 0.980208 109617 40
CPU2 44.948878 109578 sgemm sgemm CUDA2 7.589713 109618 40
CPU3 45.024733 109579 sgemm sgemm CUDA3 12.879130 109619 40
CPU0 25.028285 109582 ssyrk ssyrk CPU -1 109622 40
CPU1 44.909799 109583 sgemm sgemm CUDA1 1.163088 109623 40
CPU12 45.178856 109584 sgemm sgemm CUDA1 0.992328 109624 40
CPU0 45.271750 109585 sgemm sgemm CUDA1 1.000846 109625 40
CPU5 44.704217 109586 sgemm sgemm CUDA1 1.165105 109626 40
CPU1 44.891398 109587 sgemm sgemm CUDA1 1.167443 109627 40
CPU2 44.697636 109588 sgemm sgemm CUDA1 1.164746 109628 40
CPU2 44.793393 109589 sgemm sgemm CUDA1 0.995721 109629 40
CPU13 45.074743 109590 sgemm sgemm CUDA3 1.051351 109630 40
CPU16 44.774411 109591 sgemm sgemm CUDA1 1.158413 109631 40
CPU19 45.001884 109592 sgemm sgemm CUDA1 1.160265 109632 40
CPU14 45.013529 109593 sgemm sgemm CUDA3 0.982472 109633 40
CPU18 44.954441 109594 sgemm sgemm CUDA1 0.996768 109634 40
CPU2 44.615872 109595 sgemm sgemm CUDA1 0.079483 109635 40
CPU12 45.080948 109596 sgemm sgemm CUDA3 1.164629 109636 40
CPU11 45.057081 109597 sgemm sgemm CUDA3 1.003517 109637 40
CPU1 44.752731 109598 sgemm sgemm CUDA0 0.064367 109638 40
CPU2 44.996236 109599 sgemm sgemm CUDA0 1.278742 109639 40
CPU19 44.900700 109600 sgemm sgemm CUDA1 0.998986 109640 40
CPU19 45.090574 109601 sgemm sgemm CUDA1 0.999755 109641 40
CPU19 45.055110 109602 sgemm sgemm CUDA1 0.077315 109642 40
CPU5 44.530094 109603 sgemm sgemm CUDA3 0.124301 109643 40
CPU8 44.541410 109604 sgemm sgemm CUDA3 1.168519 109644 40
CPU7 44.904116 109605 sgemm sgemm CUDA0 1.169475 109645 40
CPU4 44.431785 109606 sgemm sgemm CUDA3 1.168744 109646 40
CPU7 44.813697 109607 sgemm sgemm CUDA3 1.607759 109647 40
CPU8 44.953653 109608 sgemm sgemm CUDA0 1.497776 109648 40
CPU8 44.651501 109609 sgemm sgemm CUDA3 1.219095 109649 40
CPU3 44.893175 109610 sgemm sgemm CUDA3 1.172250 109650 40
CPU9 24.898025 109613 ssyrk ssyrk CPU -1 109653 40
CPU16 44.887417 109614 sgemm sgemm CUDA1 1.160956 109654 40
CPU11 44.992035 109615 sgemm sgemm CUDA1 1.166382 109655 40
CPU11 44.927169 109616 sgemm sgemm CUDA1 0.118375 109656 40
CPU7 44.561071 109617 sgemm sgemm CUDA1 0.995389 109657 40
CPU9 44.983578 109618 sgemm sgemm CUDA1 0.997016 109658 40
CPU13 44.577933 109619 sgemm sgemm CUDA0 0.992205 109659 40
CPU8 45.579995 109620 sgemm sgemm CUDA0 1.164686 109660 40
CPU14 44.778938 109621 sgemm sgemm CUDA1 12.854184 109661 40
CPU14 44.983391 109622 sgemm sgemm CUDA1 0.998751 109662 40
CPU5 45.138270 109623 sgemm sgemm CUDA0 0.996091 109663 40
CPU18 44.911963 109624 sgemm sgemm CUDA0 1.156015 109664 40
CPU5 44.800887 109625 sgemm sgemm CUDA1 1.264626 109665 40
CPU4 45.207277 109626 sgemm sgemm CUDA1 1.122023 109666 40
CPU11 44.811644 109627 sgemm sgemm CUDA0 0.996109 109667 40
CPU3 44.805094 109628 sgemm sgemm CUDA0 0.983435 109668 40
CPU8 44.861064 109629 sgemm sgemm CUDA0 1.171911 109669 40
CPU19 44.789327 109630 sgemm sgemm CUDA1 1.000379 109670 40
CPU4 45.395202 109631 sgemm sgemm CUDA1 1.157551 109671 40
CPU19 45.015224 109632 sgemm sgemm CUDA1 1.165569 109672 40
CPU3 44.680574 109633 sgemm sgemm CUDA2 0.993321 109673 40
CPU5 44.970042 109634 sgemm sgemm CUDA1 1.006783 109674 40
CPU3 44.935727 109635 sgemm sgemm CUDA0 0.997676 109675 40
CPU8 44.800358 109636 sgemm sgemm CUDA2 1.221642 109676 40
CPU7 45.221635 109637 sgemm sgemm CUDA2 11.805629 109677 40
CPU3 45.211270 109638 sgemm sgemm CUDA3 1.000844 109678 40
CPU8 44.958553 109639 sgemm sgemm CUDA2 0.159108 109679 40
CPU3 45.022608 109640 sgemm sgemm CUDA3 1.104318 109680 40
CPU19 25.341496 109643 ssyrk ssyrk CPU -1 109683 40
CPU13 45.071661 109644 sgemm sgemm CUDA1 1.166378 109684 40
CPU11 44.967123 109645 sgemm sgemm CUDA1 1.168588 109685 40
CPU14 45.004992 109646 sgemm sgemm CUDA1 0.070955 109686 40
CPU7 45.129800 109647 sgemm sgemm CUDA1 1.169925 109687 40
CPU18 44.923427 109648 sgemm sgemm CUDA0 1.217215 109688 40
CPU4 45.398145 109649 sgemm sgemm CUDA0 0.993246 109689 40
CPU2 44.995933 109650 sgemm sgemm CUDA0 0.989862 109690 40
CPU2 44.767696 109651 sgemm sgemm CUDA1 0.997009 109691 40
CPU15 45.068715 109652 sgemm sgemm CUDA0 0.973518 109692 40
CPU18 44.739912 109653 sgemm sgemm CUDA0 0.993236 109693 40
CPU19 45.051108 109654 sgemm sgemm CUDA1 0.992994 109694 40
CPU0 45.321045 109655 sgemm sgemm CUDA3 0.117828 109695 40
CPU10 45.161299 109656 sgemm sgemm CUDA3 1.217535 109696 40
CPU0 44.723296 109657 sgemm sgemm CUDA0 1.163439 109697 40
CPU4 45.185347 109658 sgemm sgemm CUDA3 0.990098 109698 40
CPU19 44.823736 109659 sgemm sgemm CUDA1 1.175618 109699 40
CPU7 45.191979 109660 sgemm sgemm CUDA1 1.167078 109700 40
CPU19 44.970669 109661 sgemm sgemm CUDA1 0.993527 109701 40
CPU7 44.898285 109662 sgemm sgemm CUDA2 1.051615 109702 40
CPU15 45.135624 109663 sgemm sgemm CUDA1 0.151930 109703 40
CPU16 45.114851 109664 sgemm sgemm CUDA2 0.999464 109704 40
CPU8 44.430872 109665 sgemm sgemm CUDA2 9.958792 109705 40
CPU5 44.805274 109666 sgemm sgemm CUDA2 0.141066 109706 40
CPU15 44.992378 109667 sgemm sgemm CUDA1 1.290644 109707 40
CPU0 45.243632 109668 sgemm sgemm CUDA2 12.127652 109708 40
CPU3 44.772843 109669 sgemm sgemm CUDA3 1.164069 109709 40
CPU10 25.275389 109672 ssyrk ssyrk CPU20 82.965210 109712 40
CPU4 45.225528 109673 sgemm sgemm CUDA1 1.303649 109713 40
CPU15 44.884491 109674 sgemm sgemm CUDA1 0.981077 109714 40
CPU10 45.046680 109675 sgemm sgemm CUDA1 1.166331 109715 40
CPU5 44.964532 109676 sgemm sgemm CUDA1 0.064282 109716 40
CPU6 45.401381 109677 sgemm sgemm CUDA0 1.170350 109717 40
CPU3 44.912592 109678 sgemm sgemm CUDA1 1.168365 109718 40
CPU15 44.860802 109679 sgemm sgemm CUDA1 0.941361 109719 40
CPU16 45.029341 109680 sgemm sgemm CUDA3 1.157642 109720 40
CPU4 45.064921 109681 sgemm sgemm CUDA0 1.165884 109721 40
CPU15 44.971597 109682 sgemm sgemm CUDA1 1.161278 109722 40
CPU9 44.984480 109683 sgemm sgemm CUDA3 0.064678 109723 40
CPU16 45.081992 109684 sgemm sgemm CUDA0 1.169048 109724 40
CPU2 44.946724 109685 sgemm sgemm CUDA0 0.977004 109725 40
CPU15 44.852896 109686 sgemm sgemm CUDA0 1.170660 109726 40
CPU19 44.803418 109687 sgemm sgemm CUDA1 1.161682 109727 40
CPU13 44.971556 109688 sgemm sgemm CUDA1 1.171151 109728 40
CPU5 44.260985 109689 sgemm sgemm CUDA0 1.002422 109729 40
CPU11 45.266955 109690 sgemm sgemm CUDA3 1.001943 109730 40
CPU7 44.842421 109691 sgemm sgemm CUDA1 0.995009 109731 40
CPU2 44.932864 109692 sgemm sgemm CUDA0 1.001903 109732 40
CPU7 45.014108 109693 sgemm sgemm CUDA2 15.976008 109733 40
CPU10 44.791729 109694 sgemm sgemm CUDA3 1.167650 109734 40
CPU16 44.952269 109695 sgemm sgemm CUDA2 0.992896 109735 40
CPU4 45.083753 109696 sgemm sgemm CUDA2 1.244763 109736 40
CPU1 44.540696 109697 sgemm sgemm CUDA3 1.222693 109737 40
CPU15 24.979014 109700 ssyrk ssyrk CPU -1 109740 40
CPU13 44.766529 109701 sgemm sgemm CUDA1 13.611970 109741 40
CPU14 45.073256 109702 sgemm sgemm CUDA1 1.245515 109742 40
CPU12 44.786432 109703 sgemm sgemm CUDA1 1.006900 109743 40
CPU7 45.169311 109704 sgemm sgemm CUDA0 0.115784 109744 40
CPU12 45.032201 109705 sgemm sgemm CUDA1 1.273528 109745 40
CPU14 45.047626 109706 sgemm sgemm CUDA1 1.164209 109746 40
CPU11 44.943092 109707 sgemm sgemm CUDA0 0.082466 109747 40
CPU18 44.805216 109708 sgemm sgemm CUDA0 1.001364 109748 40
CPU11 44.680953 109709 sgemm sgemm CUDA0 0.996159 109749 40
CPU1 45.189880 109710 sgemm sgemm CUDA1 1.001681 109750 40
CPU7 45.103153 109711 sgemm sgemm CUDA0 1.163365 109751 40
CPU10 45.062494 109712 sgemm sgemm CUDA0 0.997738 109752 40
CPU3 44.924916 109713 sgemm sgemm CUDA3 1.167749 109753 40
CPU19 44.792392 109714 sgemm sgemm CUDA1 1.168987 109754 40
CPU16 44.845723 109715 sgemm sgemm CUDA1 0.997694 109755 40
CPU19 44.985791 109716 sgemm sgemm CUDA0 0.995772 109756 40
CPU9 44.579206 109717 sgemm sgemm CUDA3 1.000925 109757 40
CPU7 45.003123 109718 sgemm sgemm CUDA1 11.828588 109758 40
CPU7 45.114233 109719 sgemm sgemm CUDA3 1.159029 109759 40
CPU5 44.985145 109720 sgemm sgemm CUDA3 1.001038 109760 40
CPU11 44.697959 109721 sgemm sgemm CUDA3 0.066192 109761 40
CPU8 45.222260 109722 sgemm sgemm CUDA0 1.047412 109762 40
CPU19 45.145765 109723 sgemm sgemm CUDA3 1.161084 109763 40
CPU6 44.987084 109724 sgemm sgemm CUDA3 1.220553 109764 40
CPU2 25.060674 109727 ssyrk ssyrk CPU16 97.579563 109767 40
CPU10 45.107845 109728 sgemm sgemm CUDA1 1.165401 109768 40
CPU1 44.897440 109729 sgemm sgemm CUDA1 0.997236 109769 40
CPU19 44.953052 109730 sgemm sgemm CUDA1 1.164664 109770 40
CPU16 44.815103 109731 sgemm sgemm CUDA1 1.153513 109771 40
CPU0 45.509917 109732 sgemm sgemm CUDA1 1.163852 109772 40
CPU13 44.955387 109733 sgemm sgemm CUDA0 1.171210 109773 40
CPU7 45.270511 109734 sgemm sgemm CUDA0 1.000005 109774 40
CPU19 45.041656 109735 sgemm sgemm CUDA1 1.171366 109775 40
CPU13 45.051245 109736 sgemm sgemm CUDA1 1.002871 109776 40
CPU0 45.467352 109737 sgemm sgemm CUDA0 1.166821 109777 40
CPU4 45.037387 109738 sgemm sgemm CUDA0 1.219916 109778 40
CPU11 44.861202 109739 sgemm sgemm CUDA3 0.995819 109779 40
CPU19 44.825696 109740 sgemm sgemm CUDA1 0.998406 109780 40
CPU12 45.162796 109741 sgemm sgemm CUDA1 1.165561 109781 40
CPU19 45.070770 109742 sgemm sgemm CUDA1 0.993953 109782 40
CPU8 44.719607 109743 sgemm sgemm CUDA2 1.169143 109783 40
CPU1 45.018049 109744 sgemm sgemm CUDA2 1.283094 109784 40
CPU8 44.867938 109745 sgemm sgemm CUDA2 4.652564 109785 40
CPU3 44.958655 109746 sgemm sgemm CUDA2 1.165431 109786 40
CPU6 44.636124 109747 sgemm sgemm CUDA2 0.993433 109787 40
CPU6 45.343174 109748 sgemm sgemm CUDA2 1.288837 109788 40
CPU13 45.273027 109749 sgemm sgemm CUDA3 5.985898 109789 40
CPU3 44.890403 109750 sgemm sgemm CUDA2 0.991640 109790 40
CPU3 25.257847 109753 ssyrk ssyrk CPU20 86.229522 109793 40
CPU14 44.754873 109754 sgemm sgemm CUDA1 0.986019 109794 40
CPU19 44.959658 109755 sgemm sgemm CUDA1 1.291786 109795 40
CPU11 44.740836 109756 sgemm sgemm CUDA1 1.171958 109796 40
CPU15 44.762831 109757 sgemm sgemm CUDA1 1.166558 109797 40
CPU16 44.880323 109758 sgemm sgemm CUDA3 1.222082 109798 40
CPU19 45.161928 109759 sgemm sgemm CUDA1 1.164824 109799 40
CPU10 45.079676 109760 sgemm sgemm CUDA1 0.997907 109800 40
CPU4 44.866345 109761 sgemm sgemm CUDA1 0.999958 109801 40
CPU2 44.852654 109762 sgemm sgemm CUDA3 0.988880 109802 40
CPU7 44.821924 109763 sgemm sgemm CUDA0 1.170453 109803 40
CPU14 45.258381 109764 sgemm sgemm CUDA0 0.994927 109804 40
CPU19 44.836337 109765 sgemm sgemm CUDA1 1.163029 109805 40
CPU15 44.890493 109766 sgemm sgemm CUDA1 6.566903 109806 40
CPU18 44.854063 109767 sgemm sgemm CUDA0 0.997972 109807 40
CPU0 44.913520 109768 sgemm sgemm CUDA3 1.162476 109808 40
CPU15 45.066403 109769 sgemm sgemm CUDA2 0.997107 109809 40
CPU7 45.169932 109770 sgemm sgemm CUDA3 0.358414 109810 40
CPU11 44.812055 109771 sgemm sgemm CUDA2 1.158992 109811 40
CPU13 45.039309 109772 sgemm sgemm CUDA0 12.587127 109812 40
CPU10 45.024560 109773 sgemm sgemm CUDA2 1.160644 109813 40
CPU14 45.087809 109774 sgemm sgemm CUDA3 0.049102 109814 40
CPU7 44.994560 109775 sgemm sgemm CUDA2 1.160172 109815 40
CPU15 25.062240 109778 ssyrk ssyrk CPU16 100.750938 109818 40
CPU1 45.048541 109779 sgemm sgemm CUDA1 1.172324 109819 40
CPU6 45.272391 109780 sgemm sgemm CUDA0 0.996911 109820 40
CPU11 44.750235 109781 sgemm sgemm CUDA1 0.996776 109821 40
CPU8 45.231295 109782 sgemm sgemm CUDA0 0.996123 109822 40
CPU5 45.049153 109783 sgemm sgemm CUDA1 1.169084 109823 40
CPU11 44.889608 109784 sgemm sgemm CUDA0 1.165583 109824 40
CPU19 45.093616 109785 sgemm sgemm CUDA1 0.998003 109825 40
CPU0 44.836182 109786 sgemm sgemm CUDA0 1.169429 109826 40
CPU1 44.732091 109787 sgemm sgemm CUDA0 1.916555 109827 40
CPU16 45.038608 109788 sgemm sgemm CUDA0 1.166498 109828 40
CPU19 44.834350 109789 sgemm sgemm CUDA1 1.177852 109829 40
CPU13 45.158713 109790 sgemm sgemm CUDA1 1.003773 109830 40
CPU19 45.281530 109791 sgemm sgemm CUDA0 12.901206 109831 40
CPU4 44.707454 109792 sgemm sgemm CUDA2 0.049493 109832 40
CPU14 45.102557 109793 sgemm sgemm CUDA2 1.166588 109833 40
CPU1 44.880498 109794 sgemm sgemm CUDA0 0.168319 109834 40
CPU2 44.654210 109795 sgemm sgemm CUDA2 5.336396 109835 40
CPU10 44.942100 109796 sgemm sgemm CUDA0 1.224257 109836 40
CPU13 44.976912 109797 sgemm sgemm CUDA1 0.992570 109837 40
CPU6 44.976056 109798 sgemm sgemm CUDA2 1.104623 109838 40
CPU4 45.041387 109799 sgemm sgemm CUDA2 1.218794 109839 40
CPU4 25.633963 109802 ssyrk ssyrk CPU14 97.354473 109842 40
CPU0 45.598392 109803 sgemm sgemm CUDA0 0.998797 109843 40
CPU7 45.344476 109804 sgemm sgemm CUDA3 0.996977 109844 40
CPU12 45.062728 109805 sgemm sgemm CUDA3 1.162809 109845 40
CPU2 45.164884 109806 sgemm sgemm CUDA0 1.167105 109846 40
CPU0 45.541206 109807 sgemm sgemm CUDA1 1.165983 109847 40
CPU2 45.136083 109808 sgemm sgemm CUDA1 1.001163 109848 40
CPU13 44.807883 109809 sgemm sgemm CUDA3 1.166070 109849 40
CPU16 45.100697 109810 sgemm sgemm CUDA0 1.160393 109850 40
CPU5 44.877847 109811 sgemm sgemm CUDA3 1.291310 109851 40
CPU19 44.926949 109812 sgemm sgemm CUDA1 1.201712 109852 40
CPU2 45.299039 109813 sgemm sgemm CUDA1 1.284192 109853 40
CPU10 44.776922 109814 sgemm sgemm CUDA1 1.156159 109854 40
CPU14 45.073924 109815 sgemm sgemm CUDA3 1.162095 109855 40
CPU6 44.982001 109816 sgemm sgemm CUDA3 0.076646 109856 40
CPU8 44.886314 109817 sgemm sgemm CUDA3 1.158999 109857 40
CPU6 45.144654 109818 sgemm sgemm CUDA3 1.105136 109858 40
CPU15 44.618679 109819 sgemm sgemm CUDA3 1.161149 109859 40
CPU6 45.103713 109820 sgemm sgemm CUDA0 1.219453 109860 40
CPU11 44.885594 109821 sgemm sgemm CUDA1 12.308043 109861 40
CPU14 45.213320 109822 sgemm sgemm CUDA3 0.994038 109862 40
CPU11 24.795022 109825 ssyrk ssyrk CPU -1 109865 40
CPU16 44.667678 109826 sgemm sgemm CUDA3 1.169575 109866 40
CPU0 45.741936 109827 sgemm sgemm CUDA0 0.102731 109867 40
CPU5 45.044576 109828 sgemm sgemm CUDA1 1.225599 109868 40
CPU11 44.505447 109829 sgemm sgemm CUDA0 1.168553 109869 40
CPU3 45.290081 109830 sgemm sgemm CUDA1 1.170336 109870 40
CPU10 45.225536 109831 sgemm sgemm CUDA3 1.171066 109871 40
CPU11 44.858207 109832 sgemm sgemm CUDA0 1.220273 109872 40
CPU11 44.813195 109833 sgemm sgemm CUDA0 1.003742 109873 40
CPU19 44.855794 109834 sgemm sgemm CUDA1 0.891665 109874 40
CPU11 44.702176 109835 sgemm sgemm CUDA1 0.048489 109875 40
CPU18 44.650066 109836 sgemm sgemm CUDA0 0.973967 109876 40
CPU11 44.890760 109837 sgemm sgemm CUDA3 0.995867 109877 40
CPU1 44.797730 109838 sgemm sgemm CUDA1 0.994520 109878 40
CPU1 45.038374 109839 sgemm sgemm CUDA2 0.994991 109879 40
CPU11 44.857163 109840 sgemm sgemm CUDA2 0.991591 109880 40
CPU11 44.640710 109841 sgemm sgemm CUDA2 17.098450 109881 40
CPU14 44.869996 109842 sgemm sgemm CUDA0 0.980590 109882 40
CPU16 44.783278 109843 sgemm sgemm CUDA2 12.436863 109883 40
CPU4 45.029973 109844 sgemm sgemm CUDA2 0.059825 109884 40
CPU9 25.028238 109847 ssyrk ssyrk CPU -1 109887 40
CPU16 44.710829 109848 sgemm sgemm CUDA3 12.940691 109888 40
CPU13 45.121375 109849 sgemm sgemm CUDA1 1.172602 109889 40
CPU7 45.721883 109850 sgemm sgemm CUDA1 1.052448 109890 40
CPU10 45.206147 109851 sgemm sgemm CUDA1 1.148040 109891 40
CPU8 45.738866 109852 sgemm sgemm CUDA3 1.002116 109892 40
CPU9 44.739320 109853 sgemm sgemm CUDA0 0.135150 109893 40
CPU0 45.727653 109854 sgemm sgemm CUDA0 1.002424 109894 40
CPU19 45.019493 109855 sgemm sgemm CUDA1 0.997532 109895 40
CPU4 45.335990 109856 sgemm sgemm CUDA1 0.992040 109896 40
CPU8 45.207662 109857 sgemm sgemm CUDA0 1.160364 109897 40
CPU7 45.123497 109858 sgemm sgemm CUDA3 18.103858 109898 40
CPU16 45.130217 109859 sgemm sgemm CUDA3 1.130034 109899 40
CPU12 45.199254 109860 sgemm sgemm CUDA3 1.155820 109900 40
CPU3 44.929435 109861 sgemm sgemm CUDA3 1.052665 109901 40
CPU9 45.234038 109862 sgemm sgemm CUDA3 0.205401 109902 40
CPU6 45.300940 109863 sgemm sgemm CUDA3 0.934511 109903 40
CPU15 44.851990 109864 sgemm sgemm CUDA3 1.160644 109904 40
CPU6 44.877705 109865 sgemm sgemm CUDA3 1.402759 109905 40
CPU16 24.638070 109868 ssyrk ssyrk CPU -1 109908 40
CPU12 44.959183 109869 sgemm sgemm CUDA0 1.170089 109909 40
CPU12 44.973555 109870 sgemm sgemm CUDA0 1.159730 109910 40
CPU6 45.260441 109871 sgemm sgemm CUDA3 0.997720 109911 40
CPU12 45.032212 109872 sgemm sgemm CUDA3 1.170584 109912 40
CPU15 44.716665 109873 sgemm sgemm CUDA0 1.168886 109913 40
CPU8 45.192538 109874 sgemm sgemm CUDA3 0.998428 109914 40
CPU19 44.987199 109875 sgemm sgemm CUDA0 1.215512 109915 40
CPU7 45.287416 109876 sgemm sgemm CUDA2 0.992605 109916 40
CPU13 44.715987 109877 sgemm sgemm CUDA0 0.993439 109917 40
CPU15 44.652865 109878 sgemm sgemm CUDA2 1.221475 109918 40
CPU15 45.194302 109879 sgemm sgemm CUDA2 11.233594 109919 40
CPU3 45.114266 109880 sgemm sgemm CUDA3 0.994915 109920 40
CPU16 44.700417 109881 sgemm sgemm CUDA3 1.968595 109921 40
CPU12 44.614418 109882 sgemm sgemm CUDA2 0.990581 109922 40
CPU3 45.138170 109883 sgemm sgemm CUDA3 1.163096 109923 40
CPU8 45.068798 109884 sgemm sgemm CUDA2 1.162223 109924 40
CPU8 44.681192 109885 sgemm sgemm CUDA2 0.989430 109925 40
CPU18 24.953365 109888 ssyrk ssyrk CPU -1 109928 40
CPU18 45.085910 109889 sgemm sgemm CUDA0 1.340699 109929 40
CPU10 45.243760 109890 sgemm sgemm CUDA1 1.000004 109930 40
CPU3 44.975262 109891 sgemm sgemm CUDA0 0.999011 109931 40
CPU18 44.946051 109892 sgemm sgemm CUDA0 0.998718 109932 40
CPU16 44.867513 109893 sgemm sgemm CUDA0 1.167622 109933 40
CPU19 45.239951 109894 sgemm sgemm CUDA0 8.322396 109934 40
CPU5 45.140356 109895 sgemm sgemm CUDA2 1.053235 109935 40
CPU18 45.070566 109896 sgemm sgemm CUDA0 0.842312 109936 40
CPU18 45.164290 109897 sgemm sgemm CUDA2 0.993451 109937 40
CPU0 44.931485 109898 sgemm sgemm CUDA2 1.162077 109938 40
CPU12 45.206279 109899 sgemm sgemm CUDA2 0.169463 109939 40
CPU18 44.998754 109900 sgemm sgemm CUDA2 1.160625 109940 40
CPU18 44.961223 109901 sgemm sgemm CUDA0 7.827471 109941 40
CPU3 45.005356 109902 sgemm sgemm CUDA0 1.237505 109942 40
CPU10 45.066876 109903 sgemm sgemm CUDA1 10.989422 109943 40
CPU18 45.175222 109904 sgemm sgemm CUDA2 1.219762 109944 40
CPU8 25.097439 109907 ssyrk ssyrk CPU10 85.427607 109947 40
CPU9 44.964858 109908 sgemm sgemm CUDA1 1.162768 109948 40
CPU14 45.155568 109909 sgemm sgemm CUDA0 1.169799 109949 40
CPU5 44.515970 109910 sgemm sgemm CUDA0 1.218124 109950 40
CPU12 45.157936 109911 sgemm sgemm CUDA0 12.226897 109951 40
CPU9 45.038711 109912 sgemm sgemm CUDA1 1.163380 109952 40
CPU0 45.321767 109913 sgemm sgemm CUDA1 1.162344 109953 40
CPU18 44.793739 109914 sgemm sgemm CUDA1 0.986291 109954 40
CPU1 44.458195 109915 sgemm sgemm CUDA3 0.993957 109955 40
CPU9 44.741957 109916 sgemm sgemm CUDA3 12.967822 109956 40
CPU11 45.099083 109917 sgemm sgemm CUDA0 0.983287 109957 40
CPU6 44.868823 109918 sgemm sgemm CUDA3 0.820015 109958 40
CPU3 45.015018 109919 sgemm sgemm CUDA3 0.994528 109959 40
CPU12 45.241266 109920 sgemm sgemm CUDA0 12.970685 109960 40
CPU12 45.279391 109921 sgemm sgemm CUDA1 1.162896 109961 40
CPU9 44.780119 109922 sgemm sgemm CUDA3 1.166123 109962 40
CPU3 25.111976 109925 ssyrk ssyrk CPU -1 109965 40
CPU11 44.769005 109926 sgemm sgemm CUDA0 11.072550 109966 40
CPU9 44.536617 109927 sgemm sgemm CUDA0 1.162522 109967 40
CPU5 45.300714 109928 sgemm sgemm CUDA3 1.160373 109968 40
CPU2 44.913517 109929 sgemm sgemm CUDA2 1.051023 109969 40
CPU11 44.753156 109930 sgemm sgemm CUDA3 1.170878 109970 40
CPU8 45.105542 109931 sgemm sgemm CUDA2 0.991826 109971 40
CPU9 44.567790 109932 sgemm sgemm CUDA3 11.967855 109972 40
CPU16 45.103027 109933 sgemm sgemm CUDA2 1.163701 109973 40
CPU16 44.953286 109934 sgemm sgemm CUDA3 1.051487 109974 40
CPU2 44.567840 109935 sgemm sgemm CUDA2 1.157859 109975 40
CPU8 44.682197 109936 sgemm sgemm CUDA2 13.981210 109976 40
CPU7 45.181590 109937 sgemm sgemm CUDA2 1.107323 109977 40
CPU6 45.126952 109938 sgemm sgemm CUDA3 2.762081 109978 40
CPU7 44.681970 109939 sgemm sgemm CUDA2 1.162544 109979 40
CPU11 24.891057 109942 ssyrk ssyrk CPU -1 109982 40
CPU6 44.941023 109943 sgemm sgemm CUDA0 0.995092 109983 40
CPU8 45.160899 109944 sgemm sgemm CUDA3 2.973220 109984 40
CPU13 45.020976 109945 sgemm sgemm CUDA0 0.062207 109985 40
CPU10 44.786780 109946 sgemm sgemm CUDA2 0.988693 109986 40
CPU8 45.039053 109947 sgemm sgemm CUDA2 0.994677 109987 40
CPU10 45.278678 109948 sgemm sgemm CUDA3 1.223409 109988 40
CPU4 45.061501 109949 sgemm sgemm CUDA3 0.946810 109989 40
CPU6 45.050079 109950 sgemm sgemm CUDA2 0.410206 109990 40
CPU11 45.052064 109951 sgemm sgemm CUDA3 0.042381 109991 40
CPU10 45.233167 109952 sgemm sgemm CUDA2 0.987865 109992 40
CPU13 45.108503 109953 sgemm sgemm CUDA3 1.157559 109993 40
CPU10 45.075202 109954 sgemm sgemm CUDA2 1.052396 109994 40
CPU16 45.201348 109955 sgemm sgemm CUDA3 1.167099 109995 40
CPU9 24.856861 109958 ssyrk ssyrk CPU14 97.616915 109998 40
CPU11 45.035439 109959 sgemm sgemm CUDA0 1.035666 109999 40
CPU11 45.082175 109960 sgemm sgemm CUDA0 1.158065 110000 40
CPU14 45.183280 109961 sgemm sgemm CUDA2 0.577020 110001 40
CPU18 44.862182 109962 sgemm sgemm CUDA2 0.992373 110002 40
CPU6 44.957689 109963 sgemm sgemm CUDA2 1.108273 110003 40
CPU13 45.474864 109964 sgemm sgemm CUDA2 0.989504 110004 40
CPU10 45.325127 109965 sgemm sgemm CUDA0 1.159927 110005 40
CPU10 45.517191 109966 sgemm sgemm CUDA2 1.157021 110006 40
CPU4 45.050241 109967 sgemm sgemm CUDA0 1.162878 110007 40
CPU12 45.120944 109968 sgemm sgemm CUDA2 1.096442 110008 40
CPU6 45.012677 109969 sgemm sgemm CUDA2 1.160806 110009 40
CPU5 44.909842 109970 sgemm sgemm CUDA2 0.996567 110010 40
CPU13 25.271102 109973 ssyrk ssyrk CPU11 97.303635 110013 40
CPU3 45.231197 109974 sgemm sgemm CUDA2 0.440363 110014 40
CPU3 45.311895 109975 sgemm sgemm CUDA2 1.164195 110015 40
CPU3 45.179624 109976 sgemm sgemm CUDA3 0.992197 110016 40
CPU10 45.331586 109977 sgemm sgemm CUDA2 1.051633 110017 40
CPU19 45.243128 109978 sgemm sgemm CUDA2 8.471375 110018 40
CPU2 44.788060 109979 sgemm sgemm CUDA3 0.992226 110019 40
CPU12 44.796369 109980 sgemm sgemm CUDA2 13.151486 110020 40
CPU9 45.063140 109981 sgemm sgemm CUDA2 0.243277 110021 40
CPU1 45.072436 109982 sgemm sgemm CUDA3 1.163147 110022 40
CPU1 45.027489 109983 sgemm sgemm CUDA2 0.164997 110023 40
CPU8 44.855920 109984 sgemm sgemm CUDA2 0.997815 110024 40
CPU19 25.183566 109987 ssyrk ssyrk CPU -1 110027 40
CPU9 45.092654 109988 sgemm sgemm CUDA2 1.109558 110028 40
CPU19 45.170779 109989 sgemm sgemm CUDA0 1.053483 110029 40
CPU19 45.343285 109990 sgemm sgemm CUDA2 1.164713 110030 40
CPU5 45.026839 109991 sgemm sgemm CUDA2 1.051905 110031 40
CPU14 45.211122 109992 sgemm sgemm CUDA0 1.221253 110032 40
CPU19 45.306401 109993 sgemm sgemm CUDA2 0.410936 110033 40
CPU19 45.252545 109994 sgemm sgemm CUDA2 1.159554 110034 40
CPU3 45.408447 109995 sgemm sgemm CUDA2 1.030482 110035 40
CPU5 45.070271 109996 sgemm sgemm CUDA2 12.546742 110036 40
CPU19 45.408479 109997 sgemm sgemm CUDA2 12.865556 110037 40
CPU10 25.237358 110000 ssyrk ssyrk CPU -1 110040 40
CPU13 44.762295 110001 sgemm sgemm CUDA3 12.790882 110041 40
CPU16 45.041789 110002 sgemm sgemm CUDA3 0.990423 110042 40
CPU13 44.979879 110003 sgemm sgemm CUDA3 1.026445 110043 40
CPU9 44.926148 110004 sgemm sgemm CUDA3 0.991653 110044 40
CPU10 44.980236 110005 sgemm sgemm CUDA1 0.915147 110045 40
CPU2 45.129697 110006 sgemm sgemm CUDA3 0.992787 110046 40
CPU12 44.808206 110007 sgemm sgemm CUDA1 0.993215 110047 40
CPU0 45.468774 110008 sgemm sgemm CUDA2 0.986016 110048 40
CPU14 45.150781 110009 sgemm sgemm CUDA2 0.939842 110049 40
CPU18 25.002874 110012 ssyrk ssyrk CPU -1 110052 40
CPU18 45.034942 110013 sgemm sgemm CUDA3 7.564522 110053 40
CPU15 45.019816 110014 sgemm sgemm CUDA3 1.158889 110054 40
CPU6 45.079449 110015 sgemm sgemm CUDA3 12.106154 110055 40
CPU19 45.065691 110016 sgemm sgemm CUDA2 1.221676 110056 40
CPU19 45.047172 110017 sgemm sgemm CUDA0 1.155588 110057 40
CPU11 45.162011 110018 sgemm sgemm CUDA3 0.993610 110058 40
CPU3 44.934691 110019 sgemm sgemm CUDA2 0.995608 110059 40
CPU6 44.996369 110020 sgemm sgemm CUDA2 1.190013 110060 40
CPU7 25.075129 110023 ssyrk ssyrk CPU25 101.198413 110063 40
CPU14 45.406277 110024 sgemm sgemm CUDA2 11.983824 110064 40
CPU11 45.278166 110025 sgemm sgemm CUDA3 0.944213 110065 40
CPU0 45.089055 110026 sgemm sgemm CUDA2 0.172677 110066 40
CPU14 45.251855 110027 sgemm sgemm CUDA3 0.936192 110067 40
CPU5 44.863053 110028 sgemm sgemm CUDA2 1.289366 110068 40
CPU12 45.303449 110029 sgemm sgemm CUDA3 0.992160 110069 40
CPU0 45.065301 110030 sgemm sgemm CUDA2 1.218039 110070 40
CPU9 24.819217 110033 ssyrk ssyrk CPU19 85.910285 110073 40
CPU14 45.214377 110034 sgemm sgemm CUDA2 0.993161 110074 40
CPU9 44.534063 110035 sgemm sgemm CUDA1 1.157364 110075 40
CPU9 44.966268 110036 sgemm sgemm CUDA2 0.118950 110076 40
CPU15 45.026035 110037 sgemm sgemm CUDA3 0.930007 110077 40
CPU8 44.733648 110038 sgemm sgemm CUDA2 0.989056 110078 40
CPU1 43.923758 110039 sgemm sgemm CUDA3 1.164735 110079 40
CPU7 25.249342 110042 ssyrk ssyrk CPU24 68.299621 110082 40
CPU1 44.661998 110043 sgemm sgemm CUDA3 0.993825 110083 40
CPU12 45.296793 110044 sgemm sgemm CUDA3 1.153124 110084 40
CPU16 44.940278 110045 sgemm sgemm CUDA0 1.223251 110085 40
CPU15 45.235765 110046 sgemm sgemm CUDA2 1.148705 110086 40
CPU3 44.390462 110047 sgemm sgemm CUDA2 1.103950 110087 40
CPU7 25.195506 110050 ssyrk ssyrk CPU16 78.503116 110090 40
CPU13 45.101071 110051 sgemm sgemm CUDA3 1.304984 110091 40
CPU13 45.323118 110052 sgemm sgemm CUDA1 1.049613 110092 40
CPU15 45.210465 110053 sgemm sgemm CUDA1 0.117196 110093 40
CPU7 44.864821 110054 sgemm sgemm CUDA3 2.558801 110094 40
CPU2 25.204442 110057 ssyrk ssyrk CPU -1 110097 40
CPU16 44.611122 110058 sgemm sgemm CUDA0 1.220952 110098 40
CPU19 45.367542 110059 sgemm sgemm CUDA2 0.094927 110099 40
CPU8 44.991458 110060 sgemm sgemm CUDA3 0.042722 110100 40
CPU6 25.728021 110063 ssyrk ssyrk CPU16 103.531506 110103 40
CPU0 45.265595 110064 sgemm sgemm CUDA1 1.242586 110104 40
CPU7 45.378437 110065 sgemm sgemm CUDA2 1.989864 110105 40
CPU11 25.037097 110068 ssyrk ssyrk CPU29 97.834683 110108 40
CPU3 45.193745 110069 sgemm sgemm CUDA3 1.054938 110109 40
CPU3 25.022982 110072 ssyrk ssyrk CPU15 85.402101 110112 40
CPU10 13.676754 110075 spotrf spotrf CPU -1 110115 40
CPU2 30.199728 110076 strsm strsm CPU -1 110116 40
CPU4 30.777964 110077 strsm strsm CPU -1 110117 40
CPU2 30.154222 110078 strsm strsm CPU25 85.219205 110118 40
CPU12 30.859160 110079 strsm strsm CPU14 86.611266 110119 40
CPU0 30.709998 110080 strsm strsm CPU -1 110120 40
CPU9 30.490081 110081 strsm strsm CPU11 98.836822 110121 40
CPU15 29.809738 110082 strsm strsm CPU21 81.371019 110122 40
CPU10 30.526265 110083 strsm strsm CPU13 98.471629 110123 40
CPU15 29.914970 110084 strsm strsm CPU -1 110124 40
CPU2 30.419684 110085 strsm strsm CPU11 98.426935 110125 40
CPU8 30.103063 110086 strsm strsm CPU18 86.827721 110126 40
CPU15 29.803058 110087 strsm strsm CPU10 86.546521 110127 40
CPU12 30.530612 110088 strsm strsm CPU16 70.689154 110128 40
CPU11 29.966425 110089 strsm strsm CPU15 99.040037 110129 40
CPU9 30.605434 110090 strsm strsm CPU26 82.114032 110130 40
CPU16 29.930275 110091 strsm strsm CPU14 91.625845 110131 40
CPU18 30.009744 110092 strsm strsm CPU20 81.150387 110132 40
CPU8 30.442255 110093 strsm strsm CPU14 98.655402 110133 40
CPU3 30.338653 110094 strsm strsm CPU -1 110134 40
CPU9 30.245615 110095 strsm strsm CPU13 98.819369 110135 40
CPU9 30.016806 110096 strsm strsm CPU -1 110136 40
CPU13 30.738071 110097 strsm strsm CPU26 81.875433 110137 40
CPU19 30.440038 110098 strsm strsm CPU24 113.120417 110138 40
CPU3 30.415400 110099 strsm strsm CPU -1 110139 40
CPU19 30.568197 110100 strsm strsm CPU12 102.015869 110140 40
CPU2 30.084718 110101 strsm strsm CPU16 101.865789 110141 40
CPU7 30.940393 110102 strsm strsm CPU14 99.447470 110142 40
CPU4 30.691834 110103 strsm strsm CPU25 90.817365 110143 40
CPU7 30.556697 110104 strsm strsm CPU13 98.864254 110144 40
CPU2 30.382857 110105 strsm strsm CPU23 100.925326 110145 40
CPU1 30.412667 110106 strsm strsm CPU17 60.604949 110146 40
CPU12 30.635883 110107 strsm strsm CPU -1 110147 40
CPU2 30.091219 110108 strsm strsm CPU31 101.369986 110148 40
CPU2 24.820638 110111 ssyrk ssyrk CPU -1 110151 40
CPU5 44.791759 110112 sgemm sgemm CUDA3 0.996833 110152 40
CPU0 45.053529 110113 sgemm sgemm CUDA3 1.156458 110153 40
CPU18 44.965004 110114 sgemm sgemm CUDA1 0.998875 110154 40
CPU0 45.284170 110115 sgemm sgemm CUDA1 0.998807 110155 40
CPU8 44.854577 110116 sgemm sgemm CUDA1 1.255891 110156 40
CPU14 45.336023 110117 sgemm sgemm CUDA3 0.152569 110157 40
CPU10 44.887040 110118 sgemm sgemm CUDA1 0.991852 110158 40
CPU11 44.850036 110119 sgemm sgemm CUDA0 0.993757 110159 40
CPU8 45.239761 110120 sgemm sgemm CUDA1 1.049187 110160 40
CPU2 44.814945 110121 sgemm sgemm CUDA1 0.997398 110161 40
CPU16 44.806457 110122 sgemm sgemm CUDA0 1.001946 110162 40
CPU6 45.315094 110123 sgemm sgemm CUDA0 0.996180 110163 40
CPU4 45.270576 110124 sgemm sgemm CUDA0 0.069250 110164 40
CPU6 45.191439 110125 sgemm sgemm CUDA1 1.173073 110165 40
CPU11 44.754458 110126 sgemm sgemm CUDA0 0.998245 110166 40
CPU18 44.880468 110127 sgemm sgemm CUDA0 0.994267 110167 40
CPU6 45.234721 110128 sgemm sgemm CUDA1 0.094855 110168 40
CPU2 44.843440 110129 sgemm sgemm CUDA1 0.994946 110169 40
CPU9 44.810652 110130 sgemm sgemm CUDA0 0.079621 110170 40
CPU2 44.404360 110131 sgemm sgemm CUDA0 0.995167 110171 40
CPU16 45.055201 110132 sgemm sgemm CUDA0 1.165991 110172 40
CPU19 44.896792 110133 sgemm sgemm CUDA1 1.158823 110173 40
CPU3 45.042194 110134 sgemm sgemm CUDA1 1.173639 110174 40
CPU18 44.741301 110135 sgemm sgemm CUDA2 1.169761 110175 40
CPU2 44.712979 110136 sgemm sgemm CUDA2 1.173657 110176 40
CPU7 44.799507 110137 sgemm sgemm CUDA3 1.237745 110177 40
CPU2 45.031389 110138 sgemm sgemm CUDA2 1.245588 110178 40
CPU0 44.760921 110139 sgemm sgemm CUDA3 1.279985 110179 40
CPU2 44.947111 110140 sgemm sgemm CUDA3 1.000712 110180 40
CPU6 45.001191 110141 sgemm sgemm CUDA0 1.284232 110181 40
CPU6 45.052318 110142 sgemm sgemm CUDA3 0.114496 110182 40
CPU2 44.650647 110143 sgemm sgemm CUDA2 0.612255 110183 40
CPU4 25.330210 110146 ssyrk ssyrk CPU21 106.000729 110186 40
CPU4 44.740824 110147 sgemm sgemm CUDA3 0.996672 110187 40
CPU9 44.907883 110148 sgemm sgemm CUDA1 1.239136 110188 40
CPU9 45.115811 110149 sgemm sgemm CUDA1 1.000421 110189 40
CPU4 45.131352 110150 sgemm sgemm CUDA1 12.084549 110190 40
CPU15 44.679792 110151 sgemm sgemm CUDA3 1.165364 110191 40
CPU10 44.912615 110152 sgemm sgemm CUDA1 1.161879 110192 40
CPU16 44.993539 110153 sgemm sgemm CUDA0 1.163633 110193 40
CPU9 44.869484 110154 sgemm sgemm CUDA1 1.165042 110194 40
CPU3 44.766000 110155 sgemm sgemm CUDA1 1.151280 110195 40
CPU15 44.820185 110156 sgemm sgemm CUDA0 0.160980 110196 40
CPU15 44.777869 110157 sgemm sgemm CUDA0 0.999277 110197 40
CPU4 45.498563 110158 sgemm sgemm CUDA0 1.238691 110198 40
CPU7 45.245110 110159 sgemm sgemm CUDA1 1.163628 110199 40
CPU14 44.934287 110160 sgemm sgemm CUDA0 0.990214 110200 40
CPU18 44.776437 110161 sgemm sgemm CUDA0 0.994419 110201 40
CPU4 45.093968 110162 sgemm sgemm CUDA1 1.164423 110202 40
CPU9 45.009454 110163 sgemm sgemm CUDA1 8.896843 110203 40
CPU9 45.086048 110164 sgemm sgemm CUDA3 0.998066 110204 40
CPU9 44.192123 110165 sgemm sgemm CUDA0 1.164604 110205 40
CPU13 45.167354 110166 sgemm sgemm CUDA3 1.166912 110206 40
CPU19 44.715108 110167 sgemm sgemm CUDA1 1.166528 110207 40
CPU9 45.333684 110168 sgemm sgemm CUDA1 1.251499 110208 40
CPU19 45.005581 110169 sgemm sgemm CUDA2 1.122852 110209 40
CPU4 44.649684 110170 sgemm sgemm CUDA2 1.321637 110210 40
CPU6 44.848363 110171 sgemm sgemm CUDA3 1.162949 110211 40
CPU1 45.211498 110172 sgemm sgemm CUDA2 1.163946 110212 40
CPU9 44.500450 110173 sgemm sgemm CUDA3 1.004078 110213 40
CPU8 44.937859 110174 sgemm sgemm CUDA3 0.061520 110214 40
CPU7 45.378081 110175 sgemm sgemm CUDA0 24.399360 110215 40
CPU15 44.832773 110176 sgemm sgemm CUDA3 1.233205 110216 40
CPU3 44.888995 110177 sgemm sgemm CUDA3 1.001162 110217 40
CPU2 25.382927 110180 ssyrk ssyrk CPU13 85.330451 110220 40
CPU16 45.155091 110181 sgemm sgemm CUDA1 1.166289 110221 40
CPU0 45.331498 110182 sgemm sgemm CUDA1 1.218521 110222 40
CPU5 44.702343 110183 sgemm sgemm CUDA1 0.133910 110223 40
CPU15 44.887952 110184 sgemm sgemm CUDA3 1.162607 110224 40
CPU11 45.046908 110185 sgemm sgemm CUDA1 1.165965 110225 40
CPU4 45.059366 110186 sgemm sgemm CUDA1 0.090051 110226 40
CPU2 44.740706 110187 sgemm sgemm CUDA1 1.047005 110227 40
CPU7 44.505924 110188 sgemm sgemm CUDA1 1.168478 110228 40
CPU12 44.713050 110189 sgemm sgemm CUDA0 1.167845 110229 40
CPU15 45.013336 110190 sgemm sgemm CUDA0 0.996302 110230 40
CPU1 44.993447 110191 sgemm sgemm CUDA0 0.999573 110231 40
CPU9 45.767927 110192 sgemm sgemm CUDA1 0.994919 110232 40
CPU14 44.997141 110193 sgemm sgemm CUDA0 1.163407 110233 40
CPU18 44.892928 110194 sgemm sgemm CUDA0 0.999646 110234 40
CPU8 44.583150 110195 sgemm sgemm CUDA1 0.988774 110235 40
CPU6 45.144135 110196 sgemm sgemm CUDA1 24.391540 110236 40
CPU9 44.832708 110197 sgemm sgemm CUDA0 1.246377 110237 40
CPU4 44.486899 110198 sgemm sgemm CUDA0 0.995386 110238 40
CPU2 44.680983 110199 sgemm sgemm CUDA0 0.995594 110239 40
CPU19 44.887444 110200 sgemm sgemm CUDA1 0.997876 110240 40
CPU1 45.151840 110201 sgemm sgemm CUDA1 1.164070 110241 40
CPU18 44.733244 110202 sgemm sgemm CUDA2 13.581797 110242 40
CPU1 44.291593 110203 sgemm sgemm CUDA2 1.304276 110243 40
CPU13 45.405167 110204 sgemm sgemm CUDA1 1.167800 110244 40
CPU4 44.901920 110205 sgemm sgemm CUDA2 1.169754 110245 40
CPU7 44.600754 110206 sgemm sgemm CUDA2 0.077308 110246 40
CPU8 44.675191 110207 sgemm sgemm CUDA0 1.287291 110247 40
CPU4 45.161656 110208 sgemm sgemm CUDA0 1.003272 110248 40
CPU1 44.799199 110209 sgemm sgemm CUDA2 0.073598 110249 40
CPU2 44.569632 110210 sgemm sgemm CUDA2 0.981316 110250 40
CPU12 25.362161 110213 ssyrk ssyrk CPU -1 110253 40
CPU10 45.188925 110214 sgemm sgemm CUDA1 1.166587 110254 40
CPU0 45.013922 110215 sgemm sgemm CUDA1 1.163499 110255 40
CPU16 45.095955 110216 sgemm sgemm CUDA1 1.165008 110256 40
CPU11 45.004468 110217 sgemm sgemm CUDA1 0.998112 110257 40
CPU15 44.880119 110218 sgemm sgemm CUDA1 1.277672 110258 40
CPU10 44.447503 110219 sgemm sgemm CUDA1 0.139211 110259 40
CPU11 44.966126 110220 sgemm sgemm CUDA1 0.083356 110260 40
CPU19 44.926163 110221 sgemm sgemm CUDA0 0.160489 110261 40
CPU19 44.904191 110222 sgemm sgemm CUDA0 1.160251 110262 40
CPU11 44.814310 110223 sgemm sgemm CUDA1 0.994873 110263 40
CPU8 45.701393 110224 sgemm sgemm CUDA1 1.160773 110264 40
CPU16 44.819424 110225 sgemm sgemm CUDA0 0.995157 110265 40
CPU18 44.866398 110226 sgemm sgemm CUDA0 0.973416 110266 40
CPU3 45.008984 110227 sgemm sgemm CUDA1 0.997133 110267 40
CPU2 44.867084 110228 sgemm sgemm CUDA1 0.992838 110268 40
CPU2 44.645735 110229 sgemm sgemm CUDA0 0.998603 110269 40
CPU5 44.071972 110230 sgemm sgemm CUDA0 1.045841 110270 40
CPU10 45.238044 110231 sgemm sgemm CUDA0 1.169404 110271 40
CPU19 44.860063 110232 sgemm sgemm CUDA1 13.166800 110272 40
CPU9 44.882215 110233 sgemm sgemm CUDA1 1.167293 110273 40
CPU18 44.833042 110234 sgemm sgemm CUDA2 1.164879 110274 40
CPU6 44.686958 110235 sgemm sgemm CUDA2 1.166235 110275 40
CPU11 44.853923 110236 sgemm sgemm CUDA1 23.981244 110276 40
CPU4 44.866478 110237 sgemm sgemm CUDA2 0.097823 110277 40
CPU4 44.482166 110238 sgemm sgemm CUDA2 1.069880 110278 40
CPU7 44.800548 110239 sgemm sgemm CUDA2 3.035040 110279 40
CPU12 45.033544 110240 sgemm sgemm CUDA0 0.081118 110280 40
CPU2 44.614040 110241 sgemm sgemm CUDA2 1.280519 110281 40
CPU3 44.715831 110242 sgemm sgemm CUDA3 12.300601 110282 40
CPU0 25.265893 110245 ssyrk ssyrk CPU20 80.280918 110285 40
CPU1 44.887633 110246 sgemm sgemm CUDA1 1.163283 110286 40
CPU12 44.893575 110247 sgemm sgemm CUDA1 1.356620 110287 40
CPU10 44.857107 110248 sgemm sgemm CUDA1 1.194486 110288 40
CPU5 44.911899 110249 sgemm sgemm CUDA1 1.169956 110289 40
CPU1 45.143343 110250 sgemm sgemm CUDA1 1.171871 110290 40
CPU2 44.855588 110251 sgemm sgemm CUDA1 1.002991 110291 40
CPU1 45.060240 110252 sgemm sgemm CUDA1 10.710184 110292 40
CPU13 44.971864 110253 sgemm sgemm CUDA3 0.992054 110293 40
CPU16 44.807703 110254 sgemm sgemm CUDA1 1.168544 110294 40
CPU19 44.872078 110255 sgemm sgemm CUDA1 0.986017 110295 40
CPU14 44.927767 110256 sgemm sgemm CUDA3 1.164998 110296 40
CPU18 44.813713 110257 sgemm sgemm CUDA1 1.173595 110297 40
CPU2 44.731323 110258 sgemm sgemm CUDA1 1.003204 110298 40
CPU12 45.104263 110259 sgemm sgemm CUDA3 1.216461 110299 40
CPU0 45.360374 110260 sgemm sgemm CUDA3 1.169075 110300 40
CPU1 44.891773 110261 sgemm sgemm CUDA0 1.000076 110301 40
CPU2 45.105334 110262 sgemm sgemm CUDA0 1.171442 110302 40
CPU18 44.746028 110263 sgemm sgemm CUDA1 1.169438 110303 40
CPU7 45.291238 110264 sgemm sgemm CUDA1 0.998657 110304 40
CPU19 44.984651 110265 sgemm sgemm CUDA0 1.300568 110305 40
CPU5 44.658711 110266 sgemm sgemm CUDA3 1.174561 110306 40
CPU8 44.910037 110267 sgemm sgemm CUDA3 1.167346 110307 40
CPU4 45.101109 110268 sgemm sgemm CUDA0 0.997731 110308 40
CPU4 44.759742 110269 sgemm sgemm CUDA3 1.170720 110309 40
CPU7 44.924358 110270 sgemm sgemm CUDA3 1.167131 110310 40
CPU7 45.275297 110271 sgemm sgemm CUDA0 0.996709 110311 40
CPU8 44.803817 110272 sgemm sgemm CUDA3 0.991937 110312 40
CPU3 44.852082 110273 sgemm sgemm CUDA3 1.054210 110313 40
CPU9 24.910187 110276 ssyrk ssyrk CPU22 89.960665 110316 40
CPU16 44.772523 110277 sgemm sgemm CUDA1 12.364991 110317 40
CPU1 45.266776 110278 sgemm sgemm CUDA1 1.004997 110318 40
CPU11 44.896809 110279 sgemm sgemm CUDA1 1.167181 110319 40
CPU3 45.181236 110280 sgemm sgemm CUDA1 0.990625 110320 40
CPU9 44.967184 110281 sgemm sgemm CUDA1 0.989358 110321 40
CPU15 44.892307 110282 sgemm sgemm CUDA0 1.239290 110322 40
CPU8 45.404998 110283 sgemm sgemm CUDA0 1.167635 110323 40
CPU14 44.815862 110284 sgemm sgemm CUDA1 0.997185 110324 40
CPU14 45.051598 110285 sgemm sgemm CUDA1 0.998256 110325 40
CPU5 45.193010 110286 sgemm sgemm CUDA0 0.994320 110326 40
CPU18 44.987798 110287 sgemm sgemm CUDA0 11.964889 110327 40
CPU5 44.243315 110288 sgemm sgemm CUDA1 1.165852 110328 40
CPU4 45.323190 110289 sgemm sgemm CUDA1 0.061130 110329 40
CPU9 44.936884 110290 sgemm sgemm CUDA0 0.056213 110330 40
CPU7 44.869062 110291 sgemm sgemm CUDA0 1.221006 110331 40
CPU8 44.930369 110292 sgemm sgemm CUDA0 1.220741 110332 40
CPU19 44.791771 110293 sgemm sgemm CUDA1 1.166846 110333 40
CPU4 45.324609 110294 sgemm sgemm CUDA1 1.216171 110334 40
CPU19 44.933146 110295 sgemm sgemm CUDA1 1.174501 110335 40
CPU3 44.689160 110296 sgemm sgemm CUDA2 1.169091 110336 40
CPU5 45.071244 110297 sgemm sgemm CUDA1 1.000504 110337 40
CPU3 45.022357 110298 sgemm sgemm CUDA0 1.176246 110338 40
CPU7 44.845872 110299 sgemm sgemm CUDA2 0.996080 110339 40
CPU8 45.087876 110300 sgemm sgemm CUDA2 0.051611 110340 40
CPU3 45.177723 110301 sgemm sgemm CUDA0 1.160761 110341 40
CPU8 45.031622 110302 sgemm sgemm CUDA2 8.232081 110342 40
CPU3 44.896293 110303 sgemm sgemm CUDA3 1.110755 110343 40
CPU15 24.772477 110306 ssyrk ssyrk CPU -1 110346 40
CPU10 44.751950 110307 sgemm sgemm CUDA1 1.222073 110347 40
CPU11 44.884424 110308 sgemm sgemm CUDA1 0.994247 110348 40
CPU14 44.882969 110309 sgemm sgemm CUDA1 0.115821 110349 40
CPU7 45.290929 110310 sgemm sgemm CUDA1 0.093187 110350 40
CPU10 45.176906 110311 sgemm sgemm CUDA0 1.166903 110351 40
CPU12 44.953646 110312 sgemm sgemm CUDA0 0.999795 110352 40
CPU2 45.092057 110313 sgemm sgemm CUDA0 0.062040 110353 40
CPU2 44.743603 110314 sgemm sgemm CUDA1 0.991267 110354 40
CPU15 45.100046 110315 sgemm sgemm CUDA0 0.086814 110355 40
CPU18 44.754464 110316 sgemm sgemm CUDA0 0.998475 110356 40
CPU15 45.680516 110317 sgemm sgemm CUDA1 1.167479 110357 40
CPU0 45.609437 110318 sgemm sgemm CUDA3 0.996145 110358 40
CPU0 45.378465 110319 sgemm sgemm CUDA3 1.172716 110359 40
CPU10 45.041720 110320 sgemm sgemm CUDA0 1.160607 110360 40
CPU4 45.248057 110321 sgemm sgemm CUDA3 1.013044 110361 40
CPU19 44.751021 110322 sgemm sgemm CUDA1 1.222430 110362 40
CPU7 45.390501 110323 sgemm sgemm CUDA1 1.003663 110363 40
CPU19 44.885960 110324 sgemm sgemm CUDA1 1.172927 110364 40
CPU7 44.949848 110325 sgemm sgemm CUDA2 0.998826 110365 40
CPU15 45.228888 110326 sgemm sgemm CUDA1 0.996979 110366 40
CPU16 44.833035 110327 sgemm sgemm CUDA2 1.164813 110367 40
CPU8 44.617789 110328 sgemm sgemm CUDA2 0.986550 110368 40
CPU5 44.996450 110329 sgemm sgemm CUDA2 0.982645 110369 40
CPU15 44.851201 110330 sgemm sgemm CUDA1 0.987804 110370 40
CPU0 45.526929 110331 sgemm sgemm CUDA2 12.786179 110371 40
CPU3 44.993498 110332 sgemm sgemm CUDA3 12.876737 110372 40
CPU10 24.920810 110335 ssyrk ssyrk CPU11 97.649936 110375 40
CPU4 45.523125 110336 sgemm sgemm CUDA1 0.989930 110376 40
CPU15 44.556033 110337 sgemm sgemm CUDA1 0.995768 110377 40
CPU10 44.983619 110338 sgemm sgemm CUDA1 1.113713 110378 40
CPU5 45.295869 110339 sgemm sgemm CUDA1 1.167772 110379 40
CPU12 44.956018 110340 sgemm sgemm CUDA0 1.208713 110380 40
CPU3 45.068923 110341 sgemm sgemm CUDA1 0.998607 110381 40
CPU15 44.816258 110342 sgemm sgemm CUDA1 1.115782 110382 40
CPU16 45.241236 110343 sgemm sgemm CUDA3 1.000630 110383 40
CPU4 45.264138 110344 sgemm sgemm CUDA0 0.071354 110384 40
CPU15 44.797034 110345 sgemm sgemm CUDA1 1.169353 110385 40
CPU9 45.215917 110346 sgemm sgemm CUDA3 4.713142 110386 40
CPU9 44.604673 110347 sgemm sgemm CUDA0 1.159439 110387 40
CPU2 45.114023 110348 sgemm sgemm CUDA0 0.998242 110388 40
CPU15 44.661730 110349 sgemm sgemm CUDA0 1.003161 110389 40
CPU19 44.582181 110350 sgemm sgemm CUDA1 1.176680 110390 40
CPU13 45.075158 110351 sgemm sgemm CUDA1 0.996636 110391 40
CPU5 44.623923 110352 sgemm sgemm CUDA0 1.347519 110392 40
CPU11 45.096321 110353 sgemm sgemm CUDA3 12.130798 110393 40
CPU7 45.222142 110354 sgemm sgemm CUDA1 0.090096 110394 40
CPU4 45.234340 110355 sgemm sgemm CUDA0 0.144458 110395 40
CPU7 45.251296 110356 sgemm sgemm CUDA2 0.991793 110396 40
CPU10 44.800343 110357 sgemm sgemm CUDA3 1.158189 110397 40
CPU16 44.658099 110358 sgemm sgemm CUDA0 0.058023 110398 40
CPU4 45.224767 110359 sgemm sgemm CUDA2 1.156347 110399 40
CPU1 44.656046 110360 sgemm sgemm CUDA3 0.052244 110400 40
CPU15 24.742685 110363 ssyrk ssyrk CPU -1 110403 40
CPU13 44.681713 110364 sgemm sgemm CUDA1 0.992830 110404 40
CPU14 44.934378 110365 sgemm sgemm CUDA1 12.074247 110405 40
CPU12 44.581046 110366 sgemm sgemm CUDA1 1.168625 110406 40
CPU7 45.258356 110367 sgemm sgemm CUDA0 1.161786 110407 40
CPU12 44.908016 110368 sgemm sgemm CUDA1 1.159447 110408 40
CPU14 45.257803 110369 sgemm sgemm CUDA1 1.237078 110409 40
CPU11 45.374886 110370 sgemm sgemm CUDA0 0.994367 110410 40
CPU18 44.710457 110371 sgemm sgemm CUDA0 1.172950 110411 40
CPU11 44.499609 110372 sgemm sgemm CUDA1 0.090403 110412 40
CPU1 45.383571 110373 sgemm sgemm CUDA1 1.000133 110413 40
CPU1 45.296264 110374 sgemm sgemm CUDA0 1.170504 110414 40
CPU10 44.930402 110375 sgemm sgemm CUDA0 13.159064 110415 40
CPU3 45.019072 110376 sgemm sgemm CUDA3 1.161585 110416 40
CPU19 44.742422 110377 sgemm sgemm CUDA1 1.168980 110417 40
CPU16 44.874000 110378 sgemm sgemm CUDA1 2.903817 110418 40
CPU19 45.091841 110379 sgemm sgemm CUDA0 1.171185 110419 40
CPU9 44.666438 110380 sgemm sgemm CUDA3 1.155000 110420 40
CPU7 45.267752 110381 sgemm sgemm CUDA1 1.160033 110421 40
CPU4 45.321648 110382 sgemm sgemm CUDA3 1.050835 110422 40
CPU5 45.116120 110383 sgemm sgemm CUDA3 0.993801 110423 40
CPU11 44.714438 110384 sgemm sgemm CUDA3 12.162033 110424 40
CPU8 45.309467 110385 sgemm sgemm CUDA0 0.991692 110425 40
CPU19 45.102522 110386 sgemm sgemm CUDA3 9.349020 110426 40
CPU6 45.066957 110387 sgemm sgemm CUDA3 0.994002 110427 40
CPU2 25.211648 110390 ssyrk ssyrk CPU17 85.501843 110430 40
CPU10 45.002849 110391 sgemm sgemm CUDA1 0.996882 110431 40
CPU1 45.062394 110392 sgemm sgemm CUDA1 0.997458 110432 40
CPU19 44.940310 110393 sgemm sgemm CUDA1 1.165433 110433 40
CPU16 44.661662 110394 sgemm sgemm CUDA1 1.169250 110434 40
CPU0 45.632540 110395 sgemm sgemm CUDA1 1.049858 110435 40
CPU13 44.956353 110396 sgemm sgemm CUDA0 0.992805 110436 40
CPU7 45.365881 110397 sgemm sgemm CUDA0 0.996029 110437 40
CPU2 44.842545 110398 sgemm sgemm CUDA1 0.117285 110438 40
CPU13 45.100892 110399 sgemm sgemm CUDA1 0.997129 110439 40
CPU0 45.490276 110400 sgemm sgemm CUDA0 0.996366 110440 40
CPU1 44.923610 110401 sgemm sgemm CUDA0 1.268577 110441 40
CPU11 44.779746 110402 sgemm sgemm CUDA3 1.170476 110442 40
CPU19 44.762458 110403 sgemm sgemm CUDA1 1.227620 110443 40
CPU12 45.271193 110404 sgemm sgemm CUDA1 1.198142 110444 40
CPU19 45.142131 110405 sgemm sgemm CUDA1 1.006989 110445 40
CPU8 44.698353 110406 sgemm sgemm CUDA2 1.207848 110446 40
CPU1 45.071033 110407 sgemm sgemm CUDA2 0.993518 110447 40
CPU3 44.959779 110408 sgemm sgemm CUDA2 1.157474 110448 40
CPU3 45.024569 110409 sgemm sgemm CUDA2 0.994453 110449 40
CPU2 45.061023 110410 sgemm sgemm CUDA2 1.000931 110450 40
CPU1 45.280382 110411 sgemm sgemm CUDA2 1.215794 110451 40
CPU13 45.304876 110412 sgemm sgemm CUDA2 1.279986 110452 40
CPU1 44.733535 110413 sgemm sgemm CUDA2 0.976069 110453 40
CPU8 25.118521 110416 ssyrk ssyrk CPU13 97.402843 110456 40
CPU12 44.788002 110417 sgemm sgemm CUDA1 0.992757 110457 40
CPU19 45.125269 110418 sgemm sgemm CUDA1 1.165901 110458 40
CPU11 44.876095 110419 sgemm sgemm CUDA1 1.167798 110459 40
CPU15 44.791658 110420 sgemm sgemm CUDA1 1.168916 110460 40
CPU16 44.906956 110421 sgemm sgemm CUDA3 0.075333 110461 40
CPU19 45.017052 110422 sgemm sgemm CUDA1 0.995831 110462 40
CPU10 45.102688 110423 sgemm sgemm CUDA1 0.990449 110463 40
CPU4 44.979263 110424 sgemm sgemm CUDA1 1.168603 110464 40
CPU7 45.063201 110425 sgemm sgemm CUDA3 0.998116 110465 40
CPU7 44.851689 110426 sgemm sgemm CUDA0 3.106313 110466 40
CPU14 45.076977 110427 sgemm sgemm CUDA0 1.168920 110467 40
CPU19 44.571058 110428 sgemm sgemm CUDA1 0.066191 110468 40
CPU15 44.900007 110429 sgemm sgemm CUDA1 1.224887 110469 40
CPU18 44.730646 110430 sgemm sgemm CUDA0 0.995757 110470 40
CPU0 44.919876 110431 sgemm sgemm CUDA3 1.164548 110471 40
CPU15 44.663586 110432 sgemm sgemm CUDA2 1.160166 110472 40
CPU4 45.288192 110433 sgemm sgemm CUDA3 0.940245 110473 40
CPU9 44.556035 110434 sgemm sgemm CUDA2 0.045579 110474 40
CPU13 45.100748 110435 sgemm sgemm CUDA0 0.991418 110475 40
CPU10 44.970603 110436 sgemm sgemm CUDA2 1.162590 110476 40
CPU14 45.398320 110437 sgemm sgemm CUDA3 1.159441 110477 40
CPU7 44.959989 110438 sgemm sgemm CUDA2 0.992885 110478 40
CPU15 24.754199 110441 ssyrk ssyrk CPU25 89.898780 110481 40
CPU19 45.098828 110442 sgemm sgemm CUDA1 1.165071 110482 40
CPU6 45.441922 110443 sgemm sgemm CUDA0 0.994647 110483 40
CPU11 44.645917 110444 sgemm sgemm CUDA1 1.170862 110484 40
CPU8 45.500113 110445 sgemm sgemm CUDA0 0.993443 110485 40
CPU5 45.273445 110446 sgemm sgemm CUDA1 0.987348 110486 40
CPU11 44.816838 110447 sgemm sgemm CUDA0 1.169019 110487 40
CPU19 44.891485 110448 sgemm sgemm CUDA1 1.050807 110488 40
CPU8 45.362866 110449 sgemm sgemm CUDA0 1.166644 110489 40
CPU1 44.844007 110450 sgemm sgemm CUDA0 1.171886 110490 40
CPU16 44.924914 110451 sgemm sgemm CUDA0 11.864843 110491 40
CPU19 44.680157 110452 sgemm sgemm CUDA1 9.279350 110492 40
CPU13 44.949974 110453 sgemm sgemm CUDA1 0.996363 110493 40
CPU19 44.929731 110454 sgemm sgemm CUDA0 1.157677 110494 40
CPU4 44.865005 110455 sgemm sgemm CUDA2 1.175068 110495 40
CPU14 44.902544 110456 sgemm sgemm CUDA2 1.165649 110496 40
CPU1 45.237002 110457 sgemm sgemm CUDA0 1.155489 110497 40
CPU2 44.807890 110458 sgemm sgemm CUDA2 1.221684 110498 40
CPU10 44.795962 110459 sgemm sgemm CUDA0 1.217363 110499 40
CPU13 44.817596 110460 sgemm sgemm CUDA1 1.223588 110500 40
CPU6 45.232485 110461 sgemm sgemm CUDA2 0.941726 110501 40
CPU2 44.753143 110462 sgemm sgemm CUDA2 0.992554 110502 40
CPU12 25.121826 110465 ssyrk ssyrk CPU -1 110505 40
CPU1 45.275012 110466 sgemm sgemm CUDA0 1.165317 110506 40
CPU12 45.172096 110467 sgemm sgemm CUDA1 1.172582 110507 40
CPU12 44.967674 110468 sgemm sgemm CUDA3 1.010068 110508 40
CPU2 45.282659 110469 sgemm sgemm CUDA0 0.124423 110509 40
CPU0 45.669076 110470 sgemm sgemm CUDA1 1.167749 110510 40
CPU2 45.180440 110471 sgemm sgemm CUDA1 13.935631 110511 40
CPU13 44.843803 110472 sgemm sgemm CUDA3 1.171894 110512 40
CPU16 45.177231 110473 sgemm sgemm CUDA0 0.988052 110513 40
CPU5 44.887919 110474 sgemm sgemm CUDA3 1.166546 110514 40
CPU19 45.216666 110475 sgemm sgemm CUDA1 1.163474 110515 40
CPU2 45.270286 110476 sgemm sgemm CUDA1 0.993467 110516 40
CPU10 44.831788 110477 sgemm sgemm CUDA1 0.994924 110517 40
CPU14 44.944916 110478 sgemm sgemm CUDA3 1.162602 110518 40
CPU6 45.065542 110479 sgemm sgemm CUDA3 1.161299 110519 40
CPU4 45.239849 110480 sgemm sgemm CUDA3 1.159964 110520 40
CPU6 45.198935 110481 sgemm sgemm CUDA3 12.884107 110521 40
CPU15 44.649494 110482 sgemm sgemm CUDA3 13.935011 110522 40
CPU6 45.140455 110483 sgemm sgemm CUDA0 1.162798 110523 40
CPU11 44.736452 110484 sgemm sgemm CUDA1 1.161951 110524 40
CPU14 45.193884 110485 sgemm sgemm CUDA3 0.181425 110525 40
CPU11 24.580605 110488 ssyrk ssyrk CPU20 91.781919 110528 40
CPU16 44.601921 110489 sgemm sgemm CUDA1 1.262317 110529 40
CPU0 45.554410 110490 sgemm sgemm CUDA0 1.168052 110530 40
CPU5 45.104231 110491 sgemm sgemm CUDA1 1.175841 110531 40
CPU11 44.557057 110492 sgemm sgemm CUDA0 1.214258 110532 40
CPU3 45.350488 110493 sgemm sgemm CUDA1 1.167872 110533 40
CPU19 45.273467 110494 sgemm sgemm CUDA0 1.058616 110534 40
CPU11 44.802377 110495 sgemm sgemm CUDA0 1.288297 110535 40
CPU11 44.881806 110496 sgemm sgemm CUDA0 0.062761 110536 40
CPU19 45.089492 110497 sgemm sgemm CUDA1 0.754999 110537 40
CPU11 44.569467 110498 sgemm sgemm CUDA1 0.988280 110538 40
CPU18 44.681229 110499 sgemm sgemm CUDA0 1.232683 110539 40
CPU11 44.860309 110500 sgemm sgemm CUDA3 0.046640 110540 40
CPU1 44.988657 110501 sgemm sgemm CUDA1 1.161870 110541 40
CPU1 45.194920 110502 sgemm sgemm CUDA3 1.160893 110542 40
CPU11 44.797599 110503 sgemm sgemm CUDA2 1.249676 110543 40
CPU11 44.520083 110504 sgemm sgemm CUDA0 0.994330 110544 40
CPU14 44.826054 110505 sgemm sgemm CUDA0 11.025034 110545 40
CPU16 44.744996 110506 sgemm sgemm CUDA3 1.226588 110546 40
CPU4 45.050201 110507 sgemm sgemm CUDA2 12.424158 110547 40
CPU9 25.025672 110510 ssyrk ssyrk CPU -1 110550 40
CPU16 44.806656 110511 sgemm sgemm CUDA3 0.171888 110551 40
CPU13 45.038617 110512 sgemm sgemm CUDA1 1.200243 110552 40
CPU7 45.172846 110513 sgemm sgemm CUDA1 0.071906 110553 40
CPU10 45.128434 110514 sgemm sgemm CUDA1 4.080202 110554 40
CPU8 45.058184 110515 sgemm sgemm CUDA3 4.634154 110555 40
CPU0 45.029808 110516 sgemm sgemm CUDA0 0.996407 110556 40
CPU0 45.548647 110517 sgemm sgemm CUDA0 1.159119 110557 40
CPU19 44.977142 110518 sgemm sgemm CUDA1 0.988728 110558 40
CPU4 45.259659 110519 sgemm sgemm CUDA1 0.991980 110559 40
CPU8 45.218008 110520 sgemm sgemm CUDA0 0.990743 110560 40
CPU7 44.996509 110521 sgemm sgemm CUDA3 1.222131 110561 40
CPU16 44.948963 110522 sgemm sgemm CUDA3 1.053723 110562 40
CPU4 45.181916 110523 sgemm sgemm CUDA3 1.222905 110563 40
CPU3 44.957444 110524 sgemm sgemm CUDA3 0.050023 110564 40
CPU9 45.208189 110525 sgemm sgemm CUDA3 1.216900 110565 40
CPU6 45.300979 110526 sgemm sgemm CUDA3 0.163932 110566 40
CPU15 44.826436 110527 sgemm sgemm CUDA3 1.160031 110567 40
CPU6 44.797188 110528 sgemm sgemm CUDA3 0.933992 110568 40
CPU16 24.707187 110531 ssyrk ssyrk CPU17 68.964490 110571 40
CPU12 44.870147 110532 sgemm sgemm CUDA0 1.167455 110572 40
CPU12 44.843288 110533 sgemm sgemm CUDA0 1.217546 110573 40
CPU6 45.428320 110534 sgemm sgemm CUDA3 0.065272 110574 40
CPU12 45.042005 110535 sgemm sgemm CUDA3 0.997481 110575 40
CPU15 44.688488 110536 sgemm sgemm CUDA0 1.160500 110576 40
CPU8 45.298374 110537 sgemm sgemm CUDA3 1.158510 110577 40
CPU19 44.960642 110538 sgemm sgemm CUDA0 1.153884 110578 40
CPU7 45.529892 110539 sgemm sgemm CUDA2 1.166473 110579 40
CPU18 44.932658 110540 sgemm sgemm CUDA0 1.157538 110580 40
CPU15 44.591761 110541 sgemm sgemm CUDA2 1.107685 110581 40
CPU12 45.287165 110542 sgemm sgemm CUDA1 1.162526 110582 40
CPU1 45.247569 110543 sgemm sgemm CUDA3 0.995541 110583 40
CPU16 44.758114 110544 sgemm sgemm CUDA3 0.989188 110584 40
CPU12 44.726361 110545 sgemm sgemm CUDA2 1.218027 110585 40
CPU3 45.163059 110546 sgemm sgemm CUDA3 1.162181 110586 40
CPU8 45.164864 110547 sgemm sgemm CUDA2 0.987502 110587 40
CPU8 44.816093 110548 sgemm sgemm CUDA2 0.045870 110588 40
CPU18 24.922165 110551 ssyrk ssyrk CPU -1 110591 40
CPU18 44.922199 110552 sgemm sgemm CUDA0 0.061175 110592 40
CPU10 45.299182 110553 sgemm sgemm CUDA1 1.205926 110593 40
CPU3 44.943856 110554 sgemm sgemm CUDA0 1.162646 110594 40
CPU18 44.870609 110555 sgemm sgemm CUDA0 0.994495 110595 40
CPU16 44.782512 110556 sgemm sgemm CUDA0 0.991852 110596 40
CPU19 45.423152 110557 sgemm sgemm CUDA0 1.251131 110597 40
CPU5 45.160503 110558 sgemm sgemm CUDA1 0.968652 110598 40
CPU18 44.779849 110559 sgemm sgemm CUDA0 1.149933 110599 40
CPU18 45.024975 110560 sgemm sgemm CUDA2 12.050682 110600 40
CPU0 45.177170 110561 sgemm sgemm CUDA2 0.179239 110601 40
CPU12 45.025363 110562 sgemm sgemm CUDA2 1.164173 110602 40
CPU18 45.021925 110563 sgemm sgemm CUDA2 1.220783 110603 40
CPU18 44.713024 110564 sgemm sgemm CUDA0 12.785769 110604 40
CPU3 45.097671 110565 sgemm sgemm CUDA0 1.157819 110605 40
CPU10 45.150474 110566 sgemm sgemm CUDA1 1.224386 110606 40
CPU18 44.991598 110567 sgemm sgemm CUDA2 1.218280 110607 40
CPU8 25.144112 110570 ssyrk ssyrk CPU17 68.550962 110610 40
CPU9 44.992285 110571 sgemm sgemm CUDA1 0.995475 110611 40
CPU14 45.108372 110572 sgemm sgemm CUDA0 0.994219 110612 40
CPU9 44.605291 110573 sgemm sgemm CUDA0 1.155307 110613 40
CPU12 44.966592 110574 sgemm sgemm CUDA0 0.088017 110614 40
CPU9 45.065314 110575 sgemm sgemm CUDA1 1.163911 110615 40
CPU0 45.378998 110576 sgemm sgemm CUDA1 1.165870 110616 40
CPU19 44.926711 110577 sgemm sgemm CUDA1 0.996786 110617 40
CPU1 44.440551 110578 sgemm sgemm CUDA3 0.995383 110618 40
CPU9 44.850718 110579 sgemm sgemm CUDA3 0.997419 110619 40
CPU11 44.944909 110580 sgemm sgemm CUDA0 12.751714 110620 40
CPU6 44.917791 110581 sgemm sgemm CUDA3 1.161124 110621 40
CPU3 45.043004 110582 sgemm sgemm CUDA3 0.994382 110622 40
CPU12 45.289520 110583 sgemm sgemm CUDA0 1.157133 110623 40
CPU12 45.178946 110584 sgemm sgemm CUDA1 1.163430 110624 40
CPU9 44.851545 110585 sgemm sgemm CUDA3 1.165482 110625 40
CPU3 25.478964 110588 ssyrk ssyrk CPU31 96.247064 110628 40
CPU11 44.664081 110589 sgemm sgemm CUDA3 0.044362 110629 40
CPU9 44.806659 110590 sgemm sgemm CUDA0 18.079836 110630 40
CPU5 45.416109 110591 sgemm sgemm CUDA3 1.164615 110631 40
CPU2 45.068731 110592 sgemm sgemm CUDA0 1.219830 110632 40
CPU11 44.640280 110593 sgemm sgemm CUDA3 1.053995 110633 40
CPU8 45.246612 110594 sgemm sgemm CUDA2 11.959515 110634 40
CPU3 44.912273 110595 sgemm sgemm CUDA3 0.993021 110635 40
CPU16 44.921160 110596 sgemm sgemm CUDA2 2.715470 110636 40
CPU16 44.753516 110597 sgemm sgemm CUDA3 1.166195 110637 40
CPU9 44.975593 110598 sgemm sgemm CUDA2 1.160960 110638 40
CPU8 45.122410 110599 sgemm sgemm CUDA2 0.938119 110639 40
CPU7 45.237780 110600 sgemm sgemm CUDA2 1.107068 110640 40
CPU6 45.173303 110601 sgemm sgemm CUDA1 3.193740 110641 40
CPU7 44.530952 110602 sgemm sgemm CUDA2 1.164413 110642 40
CPU9 25.177561 110605 ssyrk ssyrk CPU -1 110645 40
CPU9 44.995642 110606 sgemm sgemm CUDA0 0.994844 110646 40
CPU8 45.154471 110607 sgemm sgemm CUDA3 1.161339 110647 40
CPU13 44.949107 110608 sgemm sgemm CUDA0 1.212255 110648 40
CPU10 44.857502 110609 sgemm sgemm CUDA2 1.162808 110649 40
CPU9 45.214636 110610 sgemm sgemm CUDA2 1.156520 110650 40
CPU9 44.980265 110611 sgemm sgemm CUDA3 12.061604 110651 40
CPU4 45.352713 110612 sgemm sgemm CUDA3 0.935120 110652 40
CPU6 45.164619 110613 sgemm sgemm CUDA2 0.282585 110653 40
CPU5 44.944699 110614 sgemm sgemm CUDA3 1.160281 110654 40
CPU9 44.523281 110615 sgemm sgemm CUDA2 0.737117 110655 40
CPU13 45.027621 110616 sgemm sgemm CUDA3 1.216658 110656 40
CPU10 45.132856 110617 sgemm sgemm CUDA2 0.991982 110657 40
CPU7 44.992913 110618 sgemm sgemm CUDA3 1.216407 110658 40
CPU9 24.746781 110621 ssyrk ssyrk CPU13 97.378491 110661 40
CPU11 45.076320 110622 sgemm sgemm CUDA0 1.162886 110662 40
CPU11 45.022411 110623 sgemm sgemm CUDA0 0.989135 110663 40
CPU14 45.147024 110624 sgemm sgemm CUDA2 0.688832 110664 40
CPU18 44.917011 110625 sgemm sgemm CUDA2 1.160273 110665 40
CPU6 45.105253 110626 sgemm sgemm CUDA2 0.936565 110666 40
CPU13 45.411634 110627 sgemm sgemm CUDA2 1.161354 110667 40
CPU10 45.173429 110628 sgemm sgemm CUDA0 11.141231 110668 40
CPU10 45.612177 110629 sgemm sgemm CUDA2 13.106716 110669 40
CPU4 45.038999 110630 sgemm sgemm CUDA0 0.993576 110670 40
CPU12 45.083885 110631 sgemm sgemm CUDA2 0.936397 110671 40
CPU6 44.927541 110632 sgemm sgemm CUDA2 1.164361 110672 40
CPU5 44.772112 110633 sgemm sgemm CUDA2 1.051545 110673 40
CPU13 25.496993 110636 ssyrk ssyrk CPU11 81.689663 110676 40
CPU3 45.162079 110637 sgemm sgemm CUDA0 1.159266 110677 40
CPU3 45.184355 110638 sgemm sgemm CUDA2 1.157703 110678 40
CPU3 45.180480 110639 sgemm sgemm CUDA2 0.982876 110679 40
CPU10 45.377174 110640 sgemm sgemm CUDA2 0.993394 110680 40
CPU19 45.274971 110641 sgemm sgemm CUDA2 1.053809 110681 40
CPU2 44.903901 110642 sgemm sgemm CUDA3 12.472328 110682 40
CPU12 44.847212 110643 sgemm sgemm CUDA2 0.997405 110683 40
CPU9 44.947040 110644 sgemm sgemm CUDA2 1.047401 110684 40
CPU1 45.121375 110645 sgemm sgemm CUDA3 1.161819 110685 40
CPU1 45.046946 110646 sgemm sgemm CUDA2 0.990290 110686 40
CPU8 44.661479 110647 sgemm sgemm CUDA2 1.296063 110687 40
CPU19 25.144239 110650 ssyrk ssyrk CPU19 92.119131 110690 40
CPU9 45.167759 110651 sgemm sgemm CUDA2 1.105485 110691 40
CPU19 45.398720 110652 sgemm sgemm CUDA0 0.990676 110692 40
CPU19 45.339721 110653 sgemm sgemm CUDA2 1.345631 110693 40
CPU5 45.254449 110654 sgemm sgemm CUDA2 12.669335 110694 40
CPU14 45.024279 110655 sgemm sgemm CUDA0 1.225143 110695 40
CPU18 44.961101 110656 sgemm sgemm CUDA2 0.993800 110696 40
CPU19 45.457024 110657 sgemm sgemm CUDA2 0.990794 110697 40
CPU3 45.291867 110658 sgemm sgemm CUDA2 1.161205 110698 40
CPU5 45.145205 110659 sgemm sgemm CUDA2 1.165632 110699 40
CPU19 45.342193 110660 sgemm sgemm CUDA2 1.225052 110700 40
CPU3 25.389913 110663 ssyrk ssyrk CPU -1 110703 40
CPU13 44.731833 110664 sgemm sgemm CUDA3 1.160262 110704 40
CPU16 45.045361 110665 sgemm sgemm CUDA3 0.996570 110705 40
CPU13 45.036445 110666 sgemm sgemm CUDA3 0.085647 110706 40
CPU9 44.970625 110667 sgemm sgemm CUDA3 1.286024 110707 40
CPU10 45.048144 110668 sgemm sgemm CUDA3 1.168302 110708 40
CPU2 45.044020 110669 sgemm sgemm CUDA3 0.989735 110709 40
CPU12 44.844059 110670 sgemm sgemm CUDA1 12.616991 110710 40
CPU0 45.551530 110671 sgemm sgemm CUDA2 1.213520 110711 40
CPU14 45.164095 110672 sgemm sgemm CUDA2 0.932424 110712 40
CPU19 25.537248 110675 ssyrk ssyrk CPU14 90.050181 110715 40
CPU18 44.981331 110676 sgemm sgemm CUDA3 0.993556 110716 40
CPU15 44.901390 110677 sgemm sgemm CUDA3 1.163449 110717 40
CPU6 45.256821 110678 sgemm sgemm CUDA3 1.161236 110718 40
CPU18 44.833544 110679 sgemm sgemm CUDA2 2.382450 110719 40
CPU19 44.820375 110680 sgemm sgemm CUDA0 1.159128 110720 40
CPU11 44.812247 110681 sgemm sgemm CUDA3 0.986387 110721 40
CPU3 44.843409 110682 sgemm sgemm CUDA2 1.051749 110722 40
CPU6 45.016236 110683 sgemm sgemm CUDA2 1.162082 110723 40
CPU2 24.734926 110686 ssyrk ssyrk CPU12 97.441800 110726 40
CPU14 45.139834 110687 sgemm sgemm CUDA3 0.993860 110727 40
CPU11 45.148111 110688 sgemm sgemm CUDA3 2.186484 110728 40
CPU0 44.909065 110689 sgemm sgemm CUDA2 1.162451 110729 40
CPU14 45.259550 110690 sgemm sgemm CUDA3 12.971701 110730 40
CPU5 44.852178 110691 sgemm sgemm CUDA2 1.049731 110731 40
CPU12 45.266682 110692 sgemm sgemm CUDA3 0.992330 110732 40
CPU0 45.059569 110693 sgemm sgemm CUDA2 0.995275 110733 40
CPU7 25.532186 110696 ssyrk ssyrk CPU -1 110736 40
CPU14 44.957404 110697 sgemm sgemm CUDA2 0.047450 110737 40
CPU9 44.891291 110698 sgemm sgemm CUDA2 1.224629 110738 40
CPU6 45.400833 110699 sgemm sgemm CUDA2 0.935269 110739 40
CPU15 45.083626 110700 sgemm sgemm CUDA3 1.048188 110740 40
CPU8 45.039830 110701 sgemm sgemm CUDA2 0.048680 110741 40
CPU4 44.623280 110702 sgemm sgemm CUDA3 1.165062 110742 40
CPU4 25.494897 110705 ssyrk ssyrk CPU26 80.044076 110745 40
CPU1 44.950576 110706 sgemm sgemm CUDA3 1.158421 110746 40
CPU12 45.239001 110707 sgemm sgemm CUDA3 0.989303 110747 40
CPU16 44.710350 110708 sgemm sgemm CUDA0 1.164522 110748 40
CPU15 45.015162 110709 sgemm sgemm CUDA2 13.095155 110749 40
CPU3 44.751613 110710 sgemm sgemm CUDA2 0.232859 110750 40
CPU7 25.192599 110713 ssyrk ssyrk CPU12 98.204004 110753 40
CPU13 45.234854 110714 sgemm sgemm CUDA3 0.880692 110754 40
CPU13 45.399890 110715 sgemm sgemm CUDA1 0.990801 110755 40
CPU15 45.124451 110716 sgemm sgemm CUDA1 1.222521 110756 40
CPU7 44.756818 110717 sgemm sgemm CUDA2 1.051927 110757 40
CPU2 25.082897 110720 ssyrk ssyrk CPU -1 110760 40
CPU16 44.676299 110721 sgemm sgemm CUDA0 0.254963 110761 40
CPU19 44.962124 110722 sgemm sgemm CUDA2 1.043616 110762 40
CPU8 44.973439 110723 sgemm sgemm CUDA3 0.042200 110763 40
CPU1 25.333336 110726 ssyrk ssyrk CPU20 81.003554 110766 40
CPU0 45.315757 110727 sgemm sgemm CUDA1 0.992394 110767 40
CPU7 45.260201 110728 sgemm sgemm CUDA2 1.107597 110768 40
CPU12 25.315979 110731 ssyrk ssyrk CPU -1 110771 40
CPU12 44.981336 110732 sgemm sgemm CUDA3 0.270603 110772 40
CPU2 24.807779 110735 ssyrk ssyrk CPU30 63.962114 110775 40
CPU2 13.829030 110738 spotrf spotrf CPU10 25.200469 110778 40
CPU5 30.352835 110739 strsm strsm CPU -1 110779 40
CPU0 30.618176 110740 strsm strsm CPU -1 110780 40
CPU18 29.931897 110741 strsm strsm CPU17 74.912935 110781 40
CPU0 30.651098 110742 strsm strsm CPU11 98.595321 110782 40
CPU8 30.147792 110743 strsm strsm CPU12 81.653416 110783 40
CPU14 30.678714 110744 strsm strsm CPU -1 110784 40
CPU10 30.524840 110745 strsm strsm CPU -1 110785 40
CPU11 30.183024 110746 strsm strsm CPU -1 110786 40
CPU8 30.317399 110747 strsm strsm CPU -1 110787 40
CPU2 30.117249 110748 strsm strsm CPU18 95.489491 110788 40
CPU16 29.998149 110749 strsm strsm CPU12 81.775213 110789 40
CPU6 30.996446 110750 strsm strsm CPU13 98.746085 110790 40
CPU4 30.853190 110751 strsm strsm CPU -1 110791 40
CPU6 31.009886 110752 strsm strsm CPU22 113.812037 110792 40
CPU11 29.987364 110753 strsm strsm CPU -1 110793 40
CPU18 29.957627 110754 strsm strsm CPU12 81.908920 110794 40
CPU6 30.880943 110755 strsm strsm CPU -1 110795 40
CPU2 30.489337 110756 strsm strsm CPU -1 110796 40
CPU9 30.167025 110757 strsm strsm CPU17 93.018037 110797 40
CPU2 30.077775 110758 strsm strsm CPU -1 110798 40
CPU16 30.094956 110759 strsm strsm CPU -1 110799 40
CPU19 30.617801 110760 strsm strsm CPU -1 110800 40
CPU3 30.347209 110761 strsm strsm CPU10 97.795457 110801 40
CPU18 29.952235 110762 strsm strsm CPU17 74.913546 110802 40
CPU2 30.129364 110763 strsm strsm CPU22 90.276541 110803 40
CPU7 30.552780 110764 strsm strsm CPU21 79.489528 110804 40
CPU2 30.425681 110765 strsm strsm CPU12 98.305635 110805 40
CPU0 30.806977 110766 strsm strsm CPU11 98.548993 110806 40
CPU2 30.351507 110767 strsm strsm CPU16 87.417533 110807 40
CPU6 30.560562 110768 strsm strsm CPU -1 110808 40
CPU6 30.781235 110769 strsm strsm CPU13 95.128359 110809 40
CPU2 29.973791 110770 strsm strsm CPU -1 110810 40
CPU5 24.909996 110773 ssyrk ssyrk CPU17 64.977443 110813 40
CPU0 45.005597 110774 sgemm sgemm CUDA3 1.238679 110814 40
CPU9 45.358693 110775 sgemm sgemm CUDA1 0.096569 110815 40
CPU9 45.219611 110776 sgemm sgemm CUDA1 0.998047 110816 40
CPU4 45.145618 110777 sgemm sgemm CUDA1 1.171043 110817 40
CPU13 45.086471 110778 sgemm sgemm CUDA3 0.091188 110818 40
CPU10 44.803403 110779 sgemm sgemm CUDA1 1.163448 110819 40
CPU11 44.750305 110780 sgemm sgemm CUDA0 0.997737 110820 40
CPU0 45.414408 110781 sgemm sgemm CUDA1 1.168707 110821 40
CPU2 44.834418 110782 sgemm sgemm CUDA1 1.205061 110822 40
CPU13 44.447064 110783 sgemm sgemm CUDA0 1.164053 110823 40
CPU15 44.825840 110784 sgemm sgemm CUDA0 0.992844 110824 40
CPU4 45.397236 110785 sgemm sgemm CUDA0 1.161106 110825 40
CPU6 45.439093 110786 sgemm sgemm CUDA1 1.160061 110826 40
CPU14 44.833164 110787 sgemm sgemm CUDA0 1.163957 110827 40
CPU18 44.779513 110788 sgemm sgemm CUDA0 1.167385 110828 40
CPU6 44.876176 110789 sgemm sgemm CUDA1 1.000343 110829 40
CPU9 45.020331 110790 sgemm sgemm CUDA1 0.996402 110830 40
CPU9 45.032818 110791 sgemm sgemm CUDA3 1.167606 110831 40
CPU2 44.536920 110792 sgemm sgemm CUDA0 1.166994 110832 40
CPU16 44.845164 110793 sgemm sgemm CUDA3 0.991432 110833 40
CPU19 44.789261 110794 sgemm sgemm CUDA1 1.167093 110834 40
CPU6 45.498513 110795 sgemm sgemm CUDA1 1.170727 110835 40
CPU19 44.913538 110796 sgemm sgemm CUDA2 0.065997 110836 40
CPU4 44.397971 110797 sgemm sgemm CUDA2 1.160354 110837 40
CPU5 44.543084 110798 sgemm sgemm CUDA3 0.992982 110838 40
CPU2 44.908907 110799 sgemm sgemm CUDA2 1.001180 110839 40
CPU0 44.441346 110800 sgemm sgemm CUDA3 1.170785 110840 40
CPU5 45.102862 110801 sgemm sgemm CUDA3 1.170854 110841 40
CPU7 45.195921 110802 sgemm sgemm CUDA0 10.543115 110842 40
CPU15 44.869967 110803 sgemm sgemm CUDA3 0.074524 110843 40
CPU2 44.596111 110804 sgemm sgemm CUDA3 1.125587 110844 40
CPU0 25.559974 110807 ssyrk ssyrk CPU15 97.401504 110847 40
CPU16 44.991138 110808 sgemm sgemm CUDA1 0.064070 110848 40
CPU0 45.406325 110809 sgemm sgemm CUDA1 1.001647 110849 40
CPU0 45.293409 110810 sgemm sgemm CUDA1 1.168533 110850 40
CPU14 45.201789 110811 sgemm sgemm CUDA3 0.995073 110851 40
CPU10 45.279021 110812 sgemm sgemm CUDA1 12.173518 110852 40
CPU4 45.010538 110813 sgemm sgemm CUDA1 0.070662 110853 40
CPU2 45.124602 110814 sgemm sgemm CUDA1 1.162040 110854 40
CPU7 44.723451 110815 sgemm sgemm CUDA1 0.994722 110855 40
CPU16 45.196977 110816 sgemm sgemm CUDA0 0.999834 110856 40
CPU15 44.924637 110817 sgemm sgemm CUDA0 12.951453 110857 40
CPU1 44.980393 110818 sgemm sgemm CUDA0 1.164161 110858 40
CPU9 45.019553 110819 sgemm sgemm CUDA1 0.988934 110859 40
CPU14 45.009995 110820 sgemm sgemm CUDA0 0.132881 110860 40
CPU18 44.919113 110821 sgemm sgemm CUDA0 1.160131 110861 40
CPU5 44.765115 110822 sgemm sgemm CUDA1 0.998778 110862 40
CPU6 45.148850 110823 sgemm sgemm CUDA1 0.999315 110863 40
CPU2 44.707172 110824 sgemm sgemm CUDA0 1.167280 110864 40
CPU0 44.886116 110825 sgemm sgemm CUDA0 1.000392 110865 40
CPU16 45.168389 110826 sgemm sgemm CUDA0 0.992071 110866 40
CPU19 44.999617 110827 sgemm sgemm CUDA1 1.167331 110867 40
CPU1 45.140373 110828 sgemm sgemm CUDA1 1.236200 110868 40
CPU18 44.685855 110829 sgemm sgemm CUDA2 1.164560 110869 40
CPU1 44.398876 110830 sgemm sgemm CUDA2 0.998008 110870 40
CPU13 45.281540 110831 sgemm sgemm CUDA3 1.253993 110871 40
CPU2 44.882617 110832 sgemm sgemm CUDA2 0.984885 110872 40
CPU4 45.027963 110833 sgemm sgemm CUDA2 11.786058 110873 40
CPU1 44.368258 110834 sgemm sgemm CUDA3 0.881559 110874 40
CPU4 45.069228 110835 sgemm sgemm CUDA0 3.984004 110875 40
CPU6 44.792884 110836 sgemm sgemm CUDA2 7.872564 110876 40
CPU2 44.637523 110837 sgemm sgemm CUDA2 1.033845 110877 40
CPU18 24.778022 110840 ssyrk ssyrk CPU -1 110880 40
CPU10 45.002863 110841 sgemm sgemm CUDA1 1.170360 110881 40
CPU18 44.877208 110842 sgemm sgemm CUDA1 1.271895 110882 40
CPU14 45.074846 110843 sgemm sgemm CUDA1 1.217864 110883 40
CPU11 44.679804 110844 sgemm sgemm CUDA1 1.049614 110884 40
CPU15 44.728636 110845 sgemm sgemm CUDA1 0.075482 110885 40
CPU18 44.558583 110846 sgemm sgemm CUDA1 1.169387 110886 40
CPU18 44.597246 110847 sgemm sgemm CUDA1 12.392462 110887 40
CPU18 44.509958 110848 sgemm sgemm CUDA0 0.986266 110888 40
CPU19 44.647184 110849 sgemm sgemm CUDA0 1.295439 110889 40
CPU7 45.563023 110850 sgemm sgemm CUDA1 1.162632 110890 40
CPU8 45.277693 110851 sgemm sgemm CUDA1 1.161993 110891 40
CPU16 44.566720 110852 sgemm sgemm CUDA0 1.163957 110892 40
CPU18 44.886874 110853 sgemm sgemm CUDA0 0.993658 110893 40
CPU18 44.568245 110854 sgemm sgemm CUDA1 0.993492 110894 40
CPU2 45.182763 110855 sgemm sgemm CUDA1 1.224044 110895 40
CPU2 44.920900 110856 sgemm sgemm CUDA0 1.162445 110896 40
CPU7 44.645001 110857 sgemm sgemm CUDA0 0.995784 110897 40
CPU16 44.951355 110858 sgemm sgemm CUDA0 0.998923 110898 40
CPU18 44.749116 110859 sgemm sgemm CUDA1 1.163065 110899 40
CPU9 45.226809 110860 sgemm sgemm CUDA1 1.174273 110900 40
CPU18 44.561049 110861 sgemm sgemm CUDA2 1.174635 110901 40
CPU7 44.892343 110862 sgemm sgemm CUDA2 0.997945 110902 40
CPU11 44.838863 110863 sgemm sgemm CUDA1 0.199620 110903 40
CPU4 45.378857 110864 sgemm sgemm CUDA2 1.062696 110904 40
CPU4 45.206539 110865 sgemm sgemm CUDA2 1.099763 110905 40
CPU7 45.276292 110866 sgemm sgemm CUDA2 1.124439 110906 40
CPU12 44.935947 110867 sgemm sgemm CUDA0 18.757290 110907 40
CPU2 44.935417 110868 sgemm sgemm CUDA2 0.990490 110908 40
CPU9 44.974609 110869 sgemm sgemm CUDA3 1.164724 110909 40
CPU0 25.299420 110872 ssyrk ssyrk CPU -1 110912 40
CPU9 45.639302 110873 sgemm sgemm CUDA1 1.000917 110913 40
CPU14 45.246074 110874 sgemm sgemm CUDA1 12.877477 110914 40
CPU10 45.612144 110875 sgemm sgemm CUDA1 1.169842 110915 40
CPU5 44.927255 110876 sgemm sgemm CUDA1 1.170676 110916 40
CPU1 45.138138 110877 sgemm sgemm CUDA1 0.078580 110917 40
CPU2 44.956849 110878 sgemm sgemm CUDA1 1.169909 110918 40
CPU1 45.139060 110879 sgemm sgemm CUDA1 1.236395 110919 40
CPU13 44.966792 110880 sgemm sgemm CUDA3 0.066245 110920 40
CPU4 45.375811 110881 sgemm sgemm CUDA1 0.987313 110921 40
CPU19 44.748390 110882 sgemm sgemm CUDA1 0.998214 110922 40
CPU14 44.899806 110883 sgemm sgemm CUDA3 0.999107 110923 40
CPU18 44.952876 110884 sgemm sgemm CUDA1 1.162409 110924 40
CPU2 44.848319 110885 sgemm sgemm CUDA1 12.101973 110925 40
CPU12 44.898234 110886 sgemm sgemm CUDA3 1.161766 110926 40
CPU0 45.294936 110887 sgemm sgemm CUDA3 1.167185 110927 40
CPU1 44.856625 110888 sgemm sgemm CUDA0 1.167222 110928 40
CPU2 45.124846 110889 sgemm sgemm CUDA0 0.998657 110929 40
CPU18 44.735734 110890 sgemm sgemm CUDA1 1.172960 110930 40
CPU7 45.356605 110891 sgemm sgemm CUDA1 1.173690 110931 40
CPU19 44.881906 110892 sgemm sgemm CUDA0 1.164490 110932 40
CPU2 44.619869 110893 sgemm sgemm CUDA3 1.211363 110933 40
CPU8 44.980652 110894 sgemm sgemm CUDA3 1.170101 110934 40
CPU4 45.415596 110895 sgemm sgemm CUDA0 1.165823 110935 40
CPU7 45.083789 110896 sgemm sgemm CUDA3 1.262175 110936 40
CPU1 44.978924 110897 sgemm sgemm CUDA3 0.991396 110937 40
CPU7 45.195455 110898 sgemm sgemm CUDA0 0.969334 110938 40
CPU8 44.807964 110899 sgemm sgemm CUDA3 1.051896 110939 40
CPU2 44.782295 110900 sgemm sgemm CUDA3 1.158545 110940 40
CPU8 24.904322 110903 ssyrk ssyrk CPU -1 110943 40
CPU14 45.282399 110904 sgemm sgemm CUDA1 1.169251 110944 40
CPU1 45.088758 110905 sgemm sgemm CUDA1 0.987477 110945 40
CPU11 45.101681 110906 sgemm sgemm CUDA1 1.167789 110946 40
CPU8 45.613166 110907 sgemm sgemm CUDA1 0.111025 110947 40
CPU9 44.716678 110908 sgemm sgemm CUDA1 0.057385 110948 40
CPU15 44.980676 110909 sgemm sgemm CUDA0 0.994839 110949 40
CPU8 45.042598 110910 sgemm sgemm CUDA0 12.827622 110950 40
CPU3 45.035118 110911 sgemm sgemm CUDA1 1.167726 110951 40
CPU14 45.160225 110912 sgemm sgemm CUDA1 1.158668 110952 40
CPU5 45.050299 110913 sgemm sgemm CUDA0 0.993777 110953 40
CPU18 44.955464 110914 sgemm sgemm CUDA0 0.999012 110954 40
CPU5 44.734731 110915 sgemm sgemm CUDA1 12.237126 110955 40
CPU4 45.029757 110916 sgemm sgemm CUDA1 1.087474 110956 40
CPU5 44.450442 110917 sgemm sgemm CUDA0 0.997946 110957 40
CPU1 44.587583 110918 sgemm sgemm CUDA0 1.167137 110958 40
CPU8 44.720429 110919 sgemm sgemm CUDA0 1.170188 110959 40
CPU19 45.063836 110920 sgemm sgemm CUDA1 0.089517 110960 40
CPU4 45.038127 110921 sgemm sgemm CUDA1 4.612195 110961 40
CPU19 45.295018 110922 sgemm sgemm CUDA1 1.157568 110962 40
CPU3 44.623275 110923 sgemm sgemm CUDA2 11.884729 110963 40
CPU5 44.822459 110924 sgemm sgemm CUDA1 1.049438 110964 40
CPU3 44.971917 110925 sgemm sgemm CUDA0 22.121177 110965 40
CPU7 45.096978 110926 sgemm sgemm CUDA2 1.159958 110966 40
CPU8 44.911532 110927 sgemm sgemm CUDA2 0.996629 110967 40
CPU3 44.862453 110928 sgemm sgemm CUDA0 12.846588 110968 40
CPU8 44.882646 110929 sgemm sgemm CUDA2 0.991780 110969 40
CPU3 44.870263 110930 sgemm sgemm CUDA3 1.441295 110970 40
CPU14 25.472510 110933 ssyrk ssyrk CPU -1 110973 40
CPU10 44.963644 110934 sgemm sgemm CUDA1 0.996800 110974 40
CPU13 44.997159 110935 sgemm sgemm CUDA1 0.993523 110975 40
CPU14 44.950850 110936 sgemm sgemm CUDA1 0.107717 110976 40
CPU7 45.120321 110937 sgemm sgemm CUDA1 1.163206 110977 40
CPU13 45.100187 110938 sgemm sgemm CUDA0 1.170872 110978 40
CPU3 45.224408 110939 sgemm sgemm CUDA0 1.162708 110979 40
CPU4 45.050783 110940 sgemm sgemm CUDA0 1.166982 110980 40
CPU5 44.896320 110941 sgemm sgemm CUDA1 0.999726 110981 40
CPU15 45.119235 110942 sgemm sgemm CUDA0 1.168071 110982 40
CPU18 44.815988 110943 sgemm sgemm CUDA0 1.224949 110983 40
CPU10 44.832751 110944 sgemm sgemm CUDA1 0.993442 110984 40
CPU0 45.680506 110945 sgemm sgemm CUDA3 0.996399 110985 40
CPU0 45.256319 110946 sgemm sgemm CUDA3 1.169072 110986 40
CPU12 44.664472 110947 sgemm sgemm CUDA0 0.994859 110987 40
CPU4 44.998663 110948 sgemm sgemm CUDA3 0.997157 110988 40
CPU19 45.007251 110949 sgemm sgemm CUDA1 1.255596 110989 40
CPU7 45.235918 110950 sgemm sgemm CUDA1 1.301224 110990 40
CPU18 44.865171 110951 sgemm sgemm CUDA1 1.004365 110991 40
CPU14 45.401350 110952 sgemm sgemm CUDA2 1.221726 110992 40
CPU15 45.207981 110953 sgemm sgemm CUDA1 1.164727 110993 40
CPU13 45.280793 110954 sgemm sgemm CUDA2 0.990000 110994 40
CPU14 45.290786 110955 sgemm sgemm CUDA2 0.059529 110995 40
CPU14 45.279650 110956 sgemm sgemm CUDA2 0.996077 110996 40
CPU15 44.990483 110957 sgemm sgemm CUDA1 0.992814 110997 40
CPU0 45.440158 110958 sgemm sgemm CUDA2 12.940475 110998 40
CPU4 45.029971 110959 sgemm sgemm CUDA3 1.115414 110999 40
CPU10 25.088012 110962 ssyrk ssyrk CPU -1 111002 40
CPU4 45.402292 110963 sgemm sgemm CUDA1 1.368013 111003 40
CPU15 44.760621 110964 sgemm sgemm CUDA1 0.997779 111004 40
CPU10 44.855504 110965 sgemm sgemm CUDA1 0.114886 111005 40
CPU5 45.139209 110966 sgemm sgemm CUDA1 0.989281 111006 40
CPU2 45.371933 110967 sgemm sgemm CUDA0 1.000248 111007 40
CPU8 45.499558 110968 sgemm sgemm CUDA1 1.168263 111008 40
CPU15 44.842196 110969 sgemm sgemm CUDA1 0.068038 111009 40
CPU16 45.418781 110970 sgemm sgemm CUDA3 0.147848 111010 40
CPU4 45.357736 110971 sgemm sgemm CUDA0 1.168121 111011 40
CPU15 44.593620 110972 sgemm sgemm CUDA1 1.001440 111012 40
CPU9 45.451812 110973 sgemm sgemm CUDA3 1.162595 111013 40
CPU9 45.398565 110974 sgemm sgemm CUDA0 1.224395 111014 40
CPU2 44.998819 110975 sgemm sgemm CUDA0 0.083318 111015 40
CPU15 44.694080 110976 sgemm sgemm CUDA0 21.766306 111016 40
CPU19 44.821617 110977 sgemm sgemm CUDA1 0.218196 111017 40
CPU13 45.126401 110978 sgemm sgemm CUDA1 0.998396 111018 40
CPU5 44.987464 110979 sgemm sgemm CUDA0 1.170873 111019 40
CPU11 45.079072 110980 sgemm sgemm CUDA3 0.995402 111020 40
CPU7 45.017145 110981 sgemm sgemm CUDA1 1.216347 111021 40
CPU2 45.309690 110982 sgemm sgemm CUDA0 0.992932 111022 40
CPU7 45.472541 110983 sgemm sgemm CUDA2 0.990340 111023 40
CPU10 44.690162 110984 sgemm sgemm CUDA3 1.049430 111024 40
CPU1 45.211349 110985 sgemm sgemm CUDA0 0.993714 111025 40
CPU4 45.239680 110986 sgemm sgemm CUDA2 0.990124 111026 40
CPU1 44.702826 110987 sgemm sgemm CUDA3 1.158111 111027 40
CPU11 24.815946 110990 ssyrk ssyrk CPU -1 111030 40
CPU10 44.733951 110991 sgemm sgemm CUDA1 0.993179 111031 40
CPU5 45.267716 110992 sgemm sgemm CUDA1 1.165116 111032 40
CPU10 44.712578 110993 sgemm sgemm CUDA1 1.167453 111033 40
CPU7 45.124145 110994 sgemm sgemm CUDA0 0.997643 111034 40
CPU2 44.987305 110995 sgemm sgemm CUDA1 1.163095 111035 40
CPU14 45.572700 110996 sgemm sgemm CUDA1 1.219726 111036 40
CPU11 45.124541 110997 sgemm sgemm CUDA0 0.984597 111037 40
CPU18 44.773883 110998 sgemm sgemm CUDA0 1.165015 111038 40
CPU7 45.098407 110999 sgemm sgemm CUDA1 0.995605 111039 40
CPU1 45.258646 111000 sgemm sgemm CUDA1 0.112930 111040 40
CPU1 45.358454 111001 sgemm sgemm CUDA0 1.000556 111041 40
CPU1 44.678412 111002 sgemm sgemm CUDA0 1.192797 111042 40
CPU3 44.936124 111003 sgemm sgemm CUDA3 1.166398 111043 40
CPU19 44.899368 111004 sgemm sgemm CUDA1 6.151588 111044 40
CPU16 44.914966 111005 sgemm sgemm CUDA1 0.916911 111045 40
CPU19 45.004675 111006 sgemm sgemm CUDA0 2.370465 111046 40
CPU9 44.600323 111007 sgemm sgemm CUDA3 0.994301 111047 40
CPU7 45.083366 111008 sgemm sgemm CUDA1 0.985771 111048 40
CPU4 45.352373 111009 sgemm sgemm CUDA3 1.161333 111049 40
CPU5 45.358905 111010 sgemm sgemm CUDA3 0.992310 111050 40
CPU2 45.167661 111011 sgemm sgemm CUDA3 1.103397 111051 40
CPU8 45.223145 111012 sgemm sgemm CUDA0 8.566773 111052 40
CPU19 45.039893 111013 sgemm sgemm CUDA3 0.992818 111053 40
CPU2 44.695148 111014 sgemm sgemm CUDA3 12.735422 111054 40
CPU8 25.128509 111017 ssyrk ssyrk CPU10 97.446920 111057 40
CPU10 44.958309 111018 sgemm sgemm CUDA1 0.975039 111058 40
CPU1 44.902422 111019 sgemm sgemm CUDA1 1.164806 111059 40
CPU6 44.945281 111020 sgemm sgemm CUDA0 1.219247 111060 40
CPU16 44.794777 111021 sgemm sgemm CUDA1 0.994249 111061 40
CPU0 45.491552 111022 sgemm sgemm CUDA1 0.998457 111062 40
CPU13 44.943215 111023 sgemm sgemm CUDA0 1.154219 111063 40
CPU7 45.385311 111024 sgemm sgemm CUDA0 1.209468 111064 40
CPU5 45.017949 111025 sgemm sgemm CUDA1 1.001155 111065 40
CPU13 45.302799 111026 sgemm sgemm CUDA1 1.210410 111066 40
CPU0 45.447038 111027 sgemm sgemm CUDA0 1.000238 111067 40
CPU1 44.775066 111028 sgemm sgemm CUDA0 1.222530 111068 40
CPU11 44.879936 111029 sgemm sgemm CUDA0 0.978916 111069 40
CPU19 44.926708 111030 sgemm sgemm CUDA1 0.061212 111070 40
CPU12 45.204167 111031 sgemm sgemm CUDA1 0.054087 111071 40
CPU19 44.959332 111032 sgemm sgemm CUDA1 1.220686 111072 40
CPU8 44.581296 111033 sgemm sgemm CUDA2 13.041768 111073 40
CPU1 44.867084 111034 sgemm sgemm CUDA1 12.985819 111074 40
CPU3 45.097498 111035 sgemm sgemm CUDA2 1.238095 111075 40
CPU3 45.105193 111036 sgemm sgemm CUDA2 0.978724 111076 40
CPU8 44.942882 111037 sgemm sgemm CUDA2 0.991308 111077 40
CPU6 45.011984 111038 sgemm sgemm CUDA0 8.493481 111078 40
CPU13 45.309109 111039 sgemm sgemm CUDA2 1.155242 111079 40
CPU1 44.516327 111040 sgemm sgemm CUDA2 1.051438 111080 40
CPU2 25.293229 111043 ssyrk ssyrk CPU24 97.256006 111083 40
CPU12 44.961434 111044 sgemm sgemm CUDA1 0.977291 111084 40
CPU3 45.341244 111045 sgemm sgemm CUDA1 1.001462 111085 40
CPU11 45.147332 111046 sgemm sgemm CUDA1 1.172147 111086 40
CPU15 44.771360 111047 sgemm sgemm CUDA1 1.162821 111087 40
CPU16 44.986795 111048 sgemm sgemm CUDA3 1.161506 111088 40
CPU19 44.948816 111049 sgemm sgemm CUDA1 0.995386 111089 40
CPU10 45.012980 111050 sgemm sgemm CUDA1 0.992854 111090 40
CPU4 45.062107 111051 sgemm sgemm CUDA1 12.464287 111091 40
CPU7 45.081767 111052 sgemm sgemm CUDA3 0.998430 111092 40
CPU9 44.679775 111053 sgemm sgemm CUDA0 1.003093 111093 40
CPU14 45.160043 111054 sgemm sgemm CUDA0 15.687984 111094 40
CPU19 44.948785 111055 sgemm sgemm CUDA1 1.229477 111095 40
CPU15 44.828313 111056 sgemm sgemm CUDA1 1.159816 111096 40
CPU18 44.647836 111057 sgemm sgemm CUDA0 1.162121 111097 40
CPU0 45.005836 111058 sgemm sgemm CUDA3 0.994885 111098 40
CPU15 44.775981 111059 sgemm sgemm CUDA3 12.008681 111099 40
CPU9 45.223935 111060 sgemm sgemm CUDA3 12.031714 111100 40
CPU9 44.843663 111061 sgemm sgemm CUDA2 0.991006 111101 40
CPU7 45.438579 111062 sgemm sgemm CUDA2 0.936597 111102 40
CPU10 45.141725 111063 sgemm sgemm CUDA2 1.159352 111103 40
CPU14 45.294569 111064 sgemm sgemm CUDA3 0.988595 111104 40
CPU2 44.629507 111065 sgemm sgemm CUDA2 0.989694 111105 40
CPU16 24.920369 111068 ssyrk ssyrk CPU19 104.686205 111108 40
CPU2 45.402919 111069 sgemm sgemm CUDA1 0.999140 111109 40
CPU6 45.429504 111070 sgemm sgemm CUDA0 0.995542 111110 40
CPU11 44.609450 111071 sgemm sgemm CUDA1 0.994543 111111 40
CPU8 45.386929 111072 sgemm sgemm CUDA0 0.103895 111112 40
CPU5 45.317840 111073 sgemm sgemm CUDA1 12.525854 111113 40
CPU11 44.660778 111074 sgemm sgemm CUDA0 1.166552 111114 40
CPU19 44.899127 111075 sgemm sgemm CUDA1 0.995471 111115 40
CPU8 45.302189 111076 sgemm sgemm CUDA0 12.093996 111116 40
CPU4 45.124043 111077 sgemm sgemm CUDA0 0.996983 111117 40
CPU16 44.982451 111078 sgemm sgemm CUDA0 1.164600 111118 40
CPU18 44.784586 111079 sgemm sgemm CUDA1 0.992210 111119 40
CPU13 44.920736 111080 sgemm sgemm CUDA1 14.678003 111120 40
CPU19 44.891342 111081 sgemm sgemm CUDA0 0.996363 111121 40
CPU3 44.666000 111082 sgemm sgemm CUDA2 1.099128 111122 40
CPU14 45.014625 111083 sgemm sgemm CUDA2 0.987102 111123 40
CPU1 45.458266 111084 sgemm sgemm CUDA0 10.621748 111124 40
CPU2 45.166429 111085 sgemm sgemm CUDA2 1.161091 111125 40
CPU10 45.010844 111086 sgemm sgemm CUDA0 0.992680 111126 40
CPU13 45.108488 111087 sgemm sgemm CUDA1 13.025726 111127 40
CPU6 45.212564 111088 sgemm sgemm CUDA2 1.108136 111128 40
CPU2 44.813484 111089 sgemm sgemm CUDA2 0.995206 111129 40
CPU6 25.525331 111092 ssyrk ssyrk CPU -1 111132 40
CPU6 45.284166 111093 sgemm sgemm CUDA0 1.004085 111133 40
CPU3 45.365236 111094 sgemm sgemm CUDA1 1.166978 111134 40
CPU12 44.991957 111095 sgemm sgemm CUDA3 1.060390 111135 40
CPU2 45.368145 111096 sgemm sgemm CUDA0 0.995867 111136 40
CPU0 45.716062 111097 sgemm sgemm CUDA1 8.219130 111137 40
CPU2 45.251062 111098 sgemm sgemm CUDA1 10.094600 111138 40
CPU13 44.783618 111099 sgemm sgemm CUDA3 1.198482 111139 40
CPU16 45.191192 111100 sgemm sgemm CUDA0 1.163749 111140 40
CPU5 44.884805 111101 sgemm sgemm CUDA3 1.154698 111141 40
CPU19 45.143127 111102 sgemm sgemm CUDA1 0.054418 111142 40
CPU2 45.143794 111103 sgemm sgemm CUDA1 0.987983 111143 40
CPU10 44.939310 111104 sgemm sgemm CUDA1 1.159915 111144 40
CPU14 45.049213 111105 sgemm sgemm CUDA3 1.216554 111145 40
CPU6 44.989088 111106 sgemm sgemm CUDA3 0.992698 111146 40
CPU0 45.777748 111107 sgemm sgemm CUDA3 1.164385 111147 40
CPU6 45.544105 111108 sgemm sgemm CUDA3 0.938739 111148 40
CPU15 44.525881 111109 sgemm sgemm CUDA0 1.307333 111149 40
CPU6 44.984766 111110 sgemm sgemm CUDA0 1.159806 111150 40
CPU11 44.703866 111111 sgemm sgemm CUDA3 1.163509 111151 40
CPU14 45.231076 111112 sgemm sgemm CUDA3 1.163507 111152 40
CPU4 25.770736 111115 ssyrk ssyrk CPU -1 111155 40
CPU16 44.624705 111116 sgemm sgemm CUDA1 0.995093 111156 40
CPU0 45.639109 111117 sgemm sgemm CUDA0 1.160915 111157 40
CPU5 45.175856 111118 sgemm sgemm CUDA1 1.165463 111158 40
CPU4 45.388205 111119 sgemm sgemm CUDA0 0.744702 111159 40
CPU3 45.430772 111120 sgemm sgemm CUDA1 0.998355 111160 40
CPU19 45.125446 111121 sgemm sgemm CUDA0 1.167394 111161 40
CPU9 44.881824 111122 sgemm sgemm CUDA0 1.189741 111162 40
CPU11 44.767130 111123 sgemm sgemm CUDA0 1.154313 111163 40
CPU19 45.229507 111124 sgemm sgemm CUDA1 0.988165 111164 40
CPU11 44.614470 111125 sgemm sgemm CUDA1 1.330187 111165 40
CPU7 45.759956 111126 sgemm sgemm CUDA0 1.154386 111166 40
CPU3 45.111301 111127 sgemm sgemm CUDA3 0.993061 111167 40
CPU1 44.855642 111128 sgemm sgemm CUDA1 12.106801 111168 40
CPU1 45.276880 111129 sgemm sgemm CUDA3 12.494556 111169 40
CPU4 45.355813 111130 sgemm sgemm CUDA2 1.005430 111170 40
CPU2 44.791304 111131 sgemm sgemm CUDA0 1.043857 111171 40
CPU14 44.926207 111132 sgemm sgemm CUDA0 1.048410 111172 40
CPU16 44.722700 111133 sgemm sgemm CUDA3 1.162633 111173 40
CPU8 44.742192 111134 sgemm sgemm CUDA2 1.158656 111174 40
CPU6 26.123238 111137 ssyrk ssyrk CPU -1 111177 40
CPU16 44.729267 111138 sgemm sgemm CUDA3 0.110587 111178 40
CPU13 44.978221 111139 sgemm sgemm CUDA1 0.089549 111179 40
CPU7 45.224954 111140 sgemm sgemm CUDA1 0.996009 111180 40
CPU10 45.115132 111141 sgemm sgemm CUDA1 0.986755 111181 40
CPU8 45.094818 111142 sgemm sgemm CUDA3 0.989803 111182 40
CPU0 45.162895 111143 sgemm sgemm CUDA0 1.161264 111183 40
CPU0 45.494603 111144 sgemm sgemm CUDA0 0.987560 111184 40
CPU19 45.232725 111145 sgemm sgemm CUDA1 0.923151 111185 40
CPU4 45.267560 111146 sgemm sgemm CUDA1 1.161630 111186 40
CPU8 45.158511 111147 sgemm sgemm CUDA0 1.162092 111187 40
CPU7 44.936268 111148 sgemm sgemm CUDA3 0.994217 111188 40
CPU16 45.050929 111149 sgemm sgemm CUDA3 0.994134 111189 40
CPU3 45.159563 111150 sgemm sgemm CUDA3 1.163965 111190 40
CPU3 45.335715 111151 sgemm sgemm CUDA3 1.134766 111191 40
CPU9 45.291893 111152 sgemm sgemm CUDA3 0.985463 111192 40
CPU6 45.081013 111153 sgemm sgemm CUDA0 0.080679 111193 40
CPU15 44.822500 111154 sgemm sgemm CUDA3 1.217052 111194 40
CPU6 44.766138 111155 sgemm sgemm CUDA3 1.234566 111195 40
CPU11 24.769522 111158 ssyrk ssyrk CPU21 88.418439 111198 40
CPU12 44.737849 111159 sgemm sgemm CUDA0 1.164414 111199 40
CPU11 44.460112 111160 sgemm sgemm CUDA0 12.116182 111200 40
CPU6 45.455311 111161 sgemm sgemm CUDA3 1.308086 111201 40
CPU12 45.054561 111162 sgemm sgemm CUDA3 0.987855 111202 40
CPU11 44.732321 111163 sgemm sgemm CUDA0 1.161237 111203 40
CPU8 45.298673 111164 sgemm sgemm CUDA3 1.047569 111204 40
CPU19 45.179826 111165 sgemm sgemm CUDA0 1.055776 111205 40
CPU7 45.494363 111166 sgemm sgemm CUDA3 0.986871 111206 40
CPU18 44.707176 111167 sgemm sgemm CUDA0 1.224049 111207 40
CPU15 44.794323 111168 sgemm sgemm CUDA2 1.215755 111208 40
CPU12 45.260836 111169 sgemm sgemm CUDA1 0.091601 111209 40
CPU8 45.249037 111170 sgemm sgemm CUDA3 1.164823 111210 40
CPU16 44.509010 111171 sgemm sgemm CUDA3 1.160323 111211 40
CPU12 44.578597 111172 sgemm sgemm CUDA2 12.540347 111212 40
CPU3 45.001087 111173 sgemm sgemm CUDA2 1.055994 111213 40
CPU8 45.039154 111174 sgemm sgemm CUDA2 1.052957 111214 40
CPU2 44.775063 111175 sgemm sgemm CUDA2 1.163438 111215 40
CPU18 25.026946 111178 ssyrk ssyrk CPU22 108.288627 111218 40
CPU18 44.867361 111179 sgemm sgemm CUDA0 4.282357 111219 40
CPU10 45.223157 111180 sgemm sgemm CUDA1 0.987771 111220 40
CPU3 45.048930 111181 sgemm sgemm CUDA0 0.987411 111221 40
CPU18 45.055702 111182 sgemm sgemm CUDA0 14.573759 111222 40
CPU16 44.716801 111183 sgemm sgemm CUDA0 12.000439 111223 40
CPU19 45.289822 111184 sgemm sgemm CUDA0 0.175200 111224 40
CPU5 45.389549 111185 sgemm sgemm CUDA1 12.299507 111225 40
CPU18 44.902555 111186 sgemm sgemm CUDA0 1.163411 111226 40
CPU18 44.976647 111187 sgemm sgemm CUDA2 1.215665 111227 40
CPU0 45.044297 111188 sgemm sgemm CUDA2 2.514286 111228 40
CPU12 44.959091 111189 sgemm sgemm CUDA2 1.162320 111229 40
CPU18 44.878559 111190 sgemm sgemm CUDA2 0.994443 111230 40
CPU18 44.584329 111191 sgemm sgemm CUDA0 0.992053 111231 40
CPU3 45.008206 111192 sgemm sgemm CUDA0 0.988079 111232 40
CPU10 45.079165 111193 sgemm sgemm CUDA2 1.052109 111233 40
CPU18 44.955930 111194 sgemm sgemm CUDA2 12.483250 111234 40
CPU6 25.522570 111197 ssyrk ssyrk CPU -1 111237 40
CPU9 44.964696 111198 sgemm sgemm CUDA1 1.154179 111238 40
CPU14 45.000676 111199 sgemm sgemm CUDA0 1.049459 111239 40
CPU9 44.779523 111200 sgemm sgemm CUDA0 1.052039 111240 40
CPU12 44.940083 111201 sgemm sgemm CUDA0 13.046126 111241 40
CPU9 44.936801 111202 sgemm sgemm CUDA1 1.158568 111242 40
CPU0 45.485550 111203 sgemm sgemm CUDA1 0.960653 111243 40
CPU18 44.699975 111204 sgemm sgemm CUDA1 0.993099 111244 40
CPU2 44.438450 111205 sgemm sgemm CUDA3 1.049828 111245 40
CPU9 44.809583 111206 sgemm sgemm CUDA3 1.160559 111246 40
CPU11 44.802928 111207 sgemm sgemm CUDA3 0.170546 111247 40
CPU6 45.308392 111208 sgemm sgemm CUDA3 0.994484 111248 40
CPU3 45.211877 111209 sgemm sgemm CUDA3 1.361259 111249 40
CPU12 45.111743 111210 sgemm sgemm CUDA0 1.159417 111250 40
CPU12 45.162444 111211 sgemm sgemm CUDA1 1.053000 111251 40
CPU9 44.789462 111212 sgemm sgemm CUDA3 0.186694 111252 40
CPU2 25.320442 111215 ssyrk ssyrk CPU21 97.169209 111255 40
CPU11 44.666733 111216 sgemm sgemm CUDA3 12.150272 111256 40
CPU2 44.191135 111217 sgemm sgemm CUDA0 1.055772 111257 40
CPU5 45.430833 111218 sgemm sgemm CUDA3 0.990697 111258 40
CPU2 44.936712 111219 sgemm sgemm CUDA0 0.990153 111259 40
CPU11 44.656786 111220 sgemm sgemm CUDA3 12.251528 111260 40
CPU9 45.147961 111221 sgemm sgemm CUDA1 1.160044 111261 40
CPU7 45.485926 111222 sgemm sgemm CUDA3 1.159437 111262 40
CPU16 45.004865 111223 sgemm sgemm CUDA1 1.216131 111263 40
CPU16 44.970796 111224 sgemm sgemm CUDA3 0.995465 111264 40
CPU9 45.203597 111225 sgemm sgemm CUDA2 0.993347 111265 40
CPU8 44.936199 111226 sgemm sgemm CUDA2 0.935060 111266 40
CPU7 45.059038 111227 sgemm sgemm CUDA2 0.169649 111267 40
CPU6 45.158104 111228 sgemm sgemm CUDA1 1.052665 111268 40
CPU7 44.924756 111229 sgemm sgemm CUDA2 1.218721 111269 40
CPU9 25.222814 111232 ssyrk ssyrk CPU13 97.674205 111272 40
CPU8 44.923567 111233 sgemm sgemm CUDA0 0.042084 111273 40
CPU8 45.104994 111234 sgemm sgemm CUDA3 0.048438 111274 40
CPU13 45.104799 111235 sgemm sgemm CUDA0 0.992816 111275 40
CPU10 44.746674 111236 sgemm sgemm CUDA3 0.045886 111276 40
CPU9 45.237583 111237 sgemm sgemm CUDA2 1.163407 111277 40
CPU1 44.914657 111238 sgemm sgemm CUDA3 0.988937 111278 40
CPU4 44.972910 111239 sgemm sgemm CUDA3 1.096472 111279 40
CPU6 45.411998 111240 sgemm sgemm CUDA0 1.053905 111280 40
CPU5 45.176596 111241 sgemm sgemm CUDA3 1.164236 111281 40
CPU6 45.442622 111242 sgemm sgemm CUDA2 1.160661 111282 40
CPU13 45.049897 111243 sgemm sgemm CUDA2 1.190025 111283 40
CPU10 45.050681 111244 sgemm sgemm CUDA2 2.692669 111284 40
CPU7 44.963109 111245 sgemm sgemm CUDA3 0.993431 111285 40
CPU2 24.750321 111248 ssyrk ssyrk CPU -1 111288 40
CPU11 45.049834 111249 sgemm sgemm CUDA0 1.157727 111289 40
CPU11 45.095382 111250 sgemm sgemm CUDA0 11.648486 111290 40
CPU14 45.287842 111251 sgemm sgemm CUDA0 0.988318 111291 40
CPU18 44.848346 111252 sgemm sgemm CUDA2 0.987146 111292 40
CPU6 44.938760 111253 sgemm sgemm CUDA2 1.244877 111293 40
CPU13 45.507299 111254 sgemm sgemm CUDA2 1.302298 111294 40
CPU10 45.225536 111255 sgemm sgemm CUDA0 0.387135 111295 40
CPU10 45.426482 111256 sgemm sgemm CUDA2 1.163167 111296 40
CPU4 45.111348 111257 sgemm sgemm CUDA0 0.989610 111297 40
CPU12 45.271795 111258 sgemm sgemm CUDA2 0.935776 111298 40
CPU4 45.189865 111259 sgemm sgemm CUDA2 1.157379 111299 40
CPU5 44.610138 111260 sgemm sgemm CUDA2 0.140614 111300 40
CPU16 25.106550 111263 ssyrk ssyrk CPU13 85.522360 111303 40
CPU3 44.988941 111264 sgemm sgemm CUDA0 0.101983 111304 40
CPU3 45.152834 111265 sgemm sgemm CUDA0 1.074436 111305 40
CPU2 45.064406 111266 sgemm sgemm CUDA2 1.149526 111306 40
CPU13 45.337151 111267 sgemm sgemm CUDA2 11.975441 111307 40
CPU19 45.361909 111268 sgemm sgemm CUDA2 0.995629 111308 40
CPU2 45.006687 111269 sgemm sgemm CUDA2 1.937381 111309 40
CPU7 45.231047 111270 sgemm sgemm CUDA2 12.124947 111310 40
CPU12 44.538872 111271 sgemm sgemm CUDA2 1.559239 111311 40
CPU1 44.875076 111272 sgemm sgemm CUDA3 0.286790 111312 40
CPU1 45.038292 111273 sgemm sgemm CUDA2 1.159763 111313 40
CPU14 45.205524 111274 sgemm sgemm CUDA2 12.608590 111314 40
CPU19 25.311213 111277 ssyrk ssyrk CPU22 104.241931 111317 40
CPU9 44.892537 111278 sgemm sgemm CUDA1 1.165017 111318 40
CPU19 45.048408 111279 sgemm sgemm CUDA0 0.997317 111319 40
CPU19 45.187946 111280 sgemm sgemm CUDA2 1.005578 111320 40
CPU5 44.797211 111281 sgemm sgemm CUDA2 1.161732 111321 40
CPU14 45.079270 111282 sgemm sgemm CUDA0 0.058084 111322 40
CPU18 45.067567 111283 sgemm sgemm CUDA2 1.164654 111323 40
CPU19 44.955729 111284 sgemm sgemm CUDA2 1.162058 111324 40
CPU3 44.944878 111285 sgemm sgemm CUDA2 48.114332 111325 40
CPU5 44.901843 111286 sgemm sgemm CUDA2 1.163412 111326 40
CPU19 45.228909 111287 sgemm sgemm CUDA2 1.109325 111327 40
CPU3 25.336389 111290 ssyrk ssyrk CPU29 94.395160 111330 40
CPU13 44.728401 111291 sgemm sgemm CUDA3 1.165914 111331 40
CPU16 45.078288 111292 sgemm sgemm CUDA3 1.161773 111332 40
CPU13 45.032216 111293 sgemm sgemm CUDA1 1.186929 111333 40
CPU9 45.070913 111294 sgemm sgemm CUDA3 0.131857 111334 40
CPU10 44.823945 111295 sgemm sgemm CUDA3 0.987351 111335 40
CPU2 45.127917 111296 sgemm sgemm CUDA3 0.991574 111336 40
CPU12 44.854642 111297 sgemm sgemm CUDA0 0.990722 111337 40
CPU0 45.565835 111298 sgemm sgemm CUDA2 0.060695 111338 40
CPU14 45.228882 111299 sgemm sgemm CUDA2 12.229943 111339 40
CPU18 24.797460 111302 ssyrk ssyrk CPU23 92.923964 111342 40
CPU18 44.863568 111303 sgemm sgemm CUDA3 1.055467 111343 40
CPU15 44.987921 111304 sgemm sgemm CUDA3 1.160876 111344 40
CPU6 45.216212 111305 sgemm sgemm CUDA3 1.048899 111345 40
CPU18 44.512098 111306 sgemm sgemm CUDA2 1.001520 111346 40
CPU19 44.726516 111307 sgemm sgemm CUDA0 2.668313 111347 40
CPU11 44.850859 111308 sgemm sgemm CUDA3 1.159298 111348 40
CPU3 44.933107 111309 sgemm sgemm CUDA2 12.794314 111349 40
CPU6 44.903116 111310 sgemm sgemm CUDA2 1.253024 111350 40
CPU2 24.776363 111313 ssyrk ssyrk CPU14 101.585283 111353 40
CPU14 45.294947 111314 sgemm sgemm CUDA3 0.993260 111354 40
CPU11 44.944714 111315 sgemm sgemm CUDA3 36.112302 111355 40
CPU0 45.149039 111316 sgemm sgemm CUDA2 1.024940 111356 40
CPU14 45.258760 111317 sgemm sgemm CUDA3 0.931824 111357 40
CPU5 44.624908 111318 sgemm sgemm CUDA2 12.199101 111358 40
CPU12 45.368310 111319 sgemm sgemm CUDA3 12.411639 111359 40
CPU0 44.992849 111320 sgemm sgemm CUDA2 12.407574 111360 40
CPU7 25.345548 111323 ssyrk ssyrk CPU -1 111363 40
CPU14 44.948737 111324 sgemm sgemm CUDA2 0.059212 111364 40
CPU7 45.227144 111325 sgemm sgemm CUDA2 1.053018 111365 40
CPU6 45.303314 111326 sgemm sgemm CUDA2 1.107572 111366 40
CPU15 45.125951 111327 sgemm sgemm CUDA3 1.103890 111367 40
CPU8 44.888824 111328 sgemm sgemm CUDA2 0.047179 111368 40
CPU4 44.454868 111329 sgemm sgemm CUDA3 0.095350 111369 40
CPU2 25.418474 111332 ssyrk ssyrk CPU19 80.256543 111372 40
CPU1 45.604145 111333 sgemm sgemm CUDA3 1.049873 111373 40
CPU12 45.136833 111334 sgemm sgemm CUDA3 0.171782 111374 40
CPU16 44.851560 111335 sgemm sgemm CUDA0 1.159687 111375 40
CPU15 44.790458 111336 sgemm sgemm CUDA2 0.993450 111376 40
CPU3 44.866881 111337 sgemm sgemm CUDA2 0.938525 111377 40
CPU0 25.471341 111340 ssyrk ssyrk CPU -1 111380 40
CPU13 44.904820 111341 sgemm sgemm CUDA3 0.994121 111381 40
CPU13 45.117918 111342 sgemm sgemm CUDA3 1.158809 111382 40
CPU15 44.748404 111343 sgemm sgemm CUDA1 1.216233 111383 40
CPU7 44.915186 111344 sgemm sgemm CUDA2 1.709067 111384 40
CPU2 25.172699 111347 ssyrk ssyrk CPU22 82.466014 111387 40
CPU16 44.820593 111348 sgemm sgemm CUDA2 1.214453 111388 40
CPU19 44.958657 111349 sgemm sgemm CUDA2 0.936357 111389 40
CPU8 44.829281 111350 sgemm sgemm CUDA3 1.218597 111390 40
CPU6 25.385011 111353 ssyrk ssyrk CPU22 111.582865 111393 40
CPU0 45.205175 111354 sgemm sgemm CUDA1 12.691416 111394 40
CPU6 45.093298 111355 sgemm sgemm CUDA2 1.338180 111395 40
CPU6 25.194282 111358 ssyrk ssyrk CPU14 96.209908 111398 40
CPU4 44.851456 111359 sgemm sgemm CUDA3 1.925181 111399 40
CPU2 24.844663 111362 ssyrk ssyrk CPU -1 111402 40
CPU5 13.709176 111365 spotrf spotrf CPU -1 111405 40
CPU0 30.209019 111366 strsm strsm CPU -1 111406 40
CPU9 30.286028 111367 strsm strsm CPU10 98.560752 111407 40
CPU9 30.112943 111368 strsm strsm CPU17 82.724818 111408 40
CPU4 30.653103 111369 strsm strsm CPU22 81.390891 111409 40
CPU13 30.636718 111370 strsm strsm CPU -1 111410 40
CPU10 30.480606 111371 strsm strsm CPU -1 111411 40
CPU11 30.187019 111372 strsm strsm CPU -1 111412 40
CPU0 30.738596 111373 strsm strsm CPU -1 111413 40
CPU2 29.973387 111374 strsm strsm CPU12 69.588951 111414 40
CPU13 30.666454 111375 strsm strsm CPU -1 111415 40
CPU15 30.009097 111376 strsm strsm CPU -1 111416 40
CPU4 30.761660 111377 strsm strsm CPU -1 111417 40
CPU6 30.868009 111378 strsm strsm CPU -1 111418 40
CPU14 30.509292 111379 strsm strsm CPU -1 111419 40
CPU18 30.010126 111380 strsm strsm CPU16 100.243624 111420 40
CPU6 30.883446 111381 strsm strsm CPU28 108.881277 111421 40
CPU9 30.373416 111382 strsm strsm CPU -1 111422 40
CPU9 30.235777 111383 strsm strsm CPU -1 111423 40
CPU2 29.992956 111384 strsm strsm CPU -1 111424 40
CPU16 30.256735 111385 strsm strsm CPU -1 111425 40
CPU19 30.441800 111386 strsm strsm CPU17 69.411245 111426 40
CPU6 30.951755 111387 strsm strsm CPU15 98.631878 111427 40
CPU19 30.579673 111388 strsm strsm CPU -1 111428 40
CPU4 30.492438 111389 strsm strsm CPU18 87.226354 111429 40
CPU5 29.925709 111390 strsm strsm CPU -1 111430 40
CPU2 30.183879 111391 strsm strsm CPU26 147.004653 111431 40
CPU0 30.460046 111392 strsm strsm CPU20 93.738657 111432 40
CPU5 30.239630 111393 strsm strsm CPU14 93.759900 111433 40
CPU7 30.853322 111394 strsm strsm CPU27 201.908946 111434 40
CPU15 30.076043 111395 strsm strsm CPU12 118.340989 111435 40
CPU2 30.071426 111396 strsm strsm CUDA3 2.730010 111436 40
CPU0 25.277905 111399 ssyrk ssyrk CPU -1 111439 40
CPU6 44.999759 111400 sgemm sgemm CUDA1 0.257100 111440 40
CPU0 45.328428 111401 sgemm sgemm CUDA1 0.996352 111441 40
CPU0 45.185409 111402 sgemm sgemm CUDA1 0.111751 111442 40
CPU13 45.289507 111403 sgemm sgemm CUDA1 0.098621 111443 40
CPU10 45.212436 111404 sgemm sgemm CUDA1 1.248809 111444 40
CPU4 45.195082 111405 sgemm sgemm CUDA1 0.992360 111445 40
CPU0 44.992543 111406 sgemm sgemm CUDA1 0.068957 111446 40
CPU3 44.628316 111407 sgemm sgemm CUDA1 0.998531 111447 40
CPU13 45.110183 111408 sgemm sgemm CUDA0 0.993893 111448 40
CPU11 45.179581 111409 sgemm sgemm CUDA0 1.166457 111449 40
CPU1 44.970837 111410 sgemm sgemm CUDA0 1.168342 111450 40
CPU6 45.187679 111411 sgemm sgemm CUDA1 0.999290 111451 40
CPU14 44.965374 111412 sgemm sgemm CUDA0 0.080248 111452 40
CPU18 45.021973 111413 sgemm sgemm CUDA0 1.247836 111453 40
CPU6 44.841090 111414 sgemm sgemm CUDA1 0.081684 111454 40
CPU9 44.979897 111415 sgemm sgemm CUDA1 1.004426 111455 40
CPU2 44.708245 111416 sgemm sgemm CUDA0 0.994211 111456 40
CPU2 44.726121 111417 sgemm sgemm CUDA0 1.172407 111457 40
CPU16 45.180189 111418 sgemm sgemm CUDA0 9.186229 111458 40
CPU18 44.826473 111419 sgemm sgemm CUDA1 1.170595 111459 40
CPU4 45.166926 111420 sgemm sgemm CUDA1 0.998211 111460 40
CPU18 44.708437 111421 sgemm sgemm CUDA2 0.821876 111461 40
CPU4 44.650721 111422 sgemm sgemm CUDA2 1.220834 111462 40
CPU13 45.210703 111423 sgemm sgemm CUDA3 13.724006 111463 40
CPU2 44.896338 111424 sgemm sgemm CUDA2 0.606517 111464 40
CPU4 44.667890 111425 sgemm sgemm CUDA2 12.722274 111465 40
CPU5 44.667734 111426 sgemm sgemm CUDA3 0.984500 111466 40
CPU4 45.098071 111427 sgemm sgemm CUDA0 1.052361 111467 40
CPU15 44.972359 111428 sgemm sgemm CUDA2 0.361347 111468 40
CPU9 44.486020 111429 sgemm sgemm CUDA3 1.220074 111469 40
CPU9 25.076663 111432 ssyrk ssyrk CPU -1 111472 40
CPU10 45.139962 111433 sgemm sgemm CUDA1 1.166409 111473 40
CPU9 44.739747 111434 sgemm sgemm CUDA1 1.262231 111474 40
CPU14 45.140714 111435 sgemm sgemm CUDA1 5.769004 111475 40
CPU11 44.695218 111436 sgemm sgemm CUDA1 0.993232 111476 40
CPU15 44.634362 111437 sgemm sgemm CUDA1 0.139980 111477 40
CPU9 44.924609 111438 sgemm sgemm CUDA1 12.143340 111478 40
CPU9 44.908405 111439 sgemm sgemm CUDA1 1.168152 111479 40
CPU5 45.018082 111440 sgemm sgemm CUDA0 0.059993 111480 40
CPU1 45.337729 111441 sgemm sgemm CUDA0 1.167340 111481 40
CPU7 45.387550 111442 sgemm sgemm CUDA1 1.164327 111482 40
CPU2 45.309014 111443 sgemm sgemm CUDA1 1.165153 111483 40
CPU16 44.733888 111444 sgemm sgemm CUDA0 1.165298 111484 40
CPU18 44.813363 111445 sgemm sgemm CUDA0 1.238933 111485 40
CPU7 45.400531 111446 sgemm sgemm CUDA1 1.165491 111486 40
CPU2 45.237427 111447 sgemm sgemm CUDA1 1.163174 111487 40
CPU9 45.062057 111448 sgemm sgemm CUDA0 1.227799 111488 40
CPU6 45.056461 111449 sgemm sgemm CUDA0 1.169208 111489 40
CPU16 44.957183 111450 sgemm sgemm CUDA0 1.002285 111490 40
CPU18 44.591746 111451 sgemm sgemm CUDA1 1.006322 111491 40
CPU3 44.993080 111452 sgemm sgemm CUDA1 1.008762 111492 40
CPU19 45.016689 111453 sgemm sgemm CUDA2 1.168836 111493 40
CPU8 44.829554 111454 sgemm sgemm CUDA2 0.055077 111494 40
CPU11 44.864052 111455 sgemm sgemm CUDA1 1.168021 111495 40
CPU4 45.873535 111456 sgemm sgemm CUDA2 0.966342 111496 40
CPU9 44.736170 111457 sgemm sgemm CUDA2 0.927202 111497 40
CPU9 44.891767 111458 sgemm sgemm CUDA2 1.221699 111498 40
CPU12 45.001224 111459 sgemm sgemm CUDA0 1.159158 111499 40
CPU4 45.206808 111460 sgemm sgemm CUDA2 0.987787 111500 40
CPU9 44.912707 111461 sgemm sgemm CUDA3 0.993607 111501 40
CPU9 24.876415 111464 ssyrk ssyrk CPU -1 111504 40
CPU9 44.640812 111465 sgemm sgemm CUDA1 1.168467 111505 40
CPU13 45.024473 111466 sgemm sgemm CUDA1 0.977500 111506 40
CPU10 45.009958 111467 sgemm sgemm CUDA1 1.163704 111507 40
CPU5 44.842727 111468 sgemm sgemm CUDA1 0.999043 111508 40
CPU9 44.509726 111469 sgemm sgemm CUDA1 1.166177 111509 40
CPU2 44.596562 111470 sgemm sgemm CUDA1 1.158234 111510 40
CPU1 44.718836 111471 sgemm sgemm CUDA1 0.996735 111511 40
CPU15 45.011161 111472 sgemm sgemm CUDA3 0.984876 111512 40
CPU4 45.132010 111473 sgemm sgemm CUDA1 1.164040 111513 40
CPU19 44.951720 111474 sgemm sgemm CUDA1 0.993499 111514 40
CPU14 45.153319 111475 sgemm sgemm CUDA3 0.993748 111515 40
CPU18 45.006004 111476 sgemm sgemm CUDA1 0.978394 111516 40
CPU2 44.649043 111477 sgemm sgemm CUDA1 1.001671 111517 40
CPU9 44.977053 111478 sgemm sgemm CUDA3 0.996606 111518 40
CPU0 45.226053 111479 sgemm sgemm CUDA0 1.223921 111519 40
CPU1 44.708225 111480 sgemm sgemm CUDA0 0.997439 111520 40
CPU2 45.011087 111481 sgemm sgemm CUDA0 0.995884 111521 40
CPU18 44.860977 111482 sgemm sgemm CUDA1 1.229395 111522 40
CPU7 44.593149 111483 sgemm sgemm CUDA1 1.166907 111523 40
CPU19 45.065236 111484 sgemm sgemm CUDA0 0.987502 111524 40
CPU3 44.532172 111485 sgemm sgemm CUDA3 1.167725 111525 40
CPU8 44.700279 111486 sgemm sgemm CUDA3 1.164506 111526 40
CPU8 45.084962 111487 sgemm sgemm CUDA0 0.995313 111527 40
CPU7 44.546467 111488 sgemm sgemm CUDA3 0.262735 111528 40
CPU1 44.768320 111489 sgemm sgemm CUDA3 0.996814 111529 40
CPU7 45.221086 111490 sgemm sgemm CUDA0 1.160746 111530 40
CPU8 44.757891 111491 sgemm sgemm CUDA3 0.989777 111531 40
CPU2 44.770734 111492 sgemm sgemm CUDA3 1.160710 111532 40
CPU4 25.209196 111495 ssyrk ssyrk CPU18 98.591421 111535 40
CPU14 45.069386 111496 sgemm sgemm CUDA1 1.185058 111536 40
CPU1 45.055927 111497 sgemm sgemm CUDA1 1.169921 111537 40
CPU11 44.948283 111498 sgemm sgemm CUDA1 12.310401 111538 40
CPU4 44.957496 111499 sgemm sgemm CUDA1 1.169121 111539 40
CPU7 44.727506 111500 sgemm sgemm CUDA1 0.059745 111540 40
CPU12 44.895633 111501 sgemm sgemm CUDA0 1.164533 111541 40
CPU13 45.182281 111502 sgemm sgemm CUDA0 0.996775 111542 40
CPU3 44.990823 111503 sgemm sgemm CUDA1 0.058890 111543 40
CPU14 45.081627 111504 sgemm sgemm CUDA1 1.000503 111544 40
CPU5 44.926423 111505 sgemm sgemm CUDA0 1.219679 111545 40
CPU18 45.072974 111506 sgemm sgemm CUDA0 0.995351 111546 40
CPU5 45.045698 111507 sgemm sgemm CUDA1 1.310159 111547 40
CPU2 44.988558 111508 sgemm sgemm CUDA1 0.049287 111548 40
CPU5 44.497930 111509 sgemm sgemm CUDA0 1.002266 111549 40
CPU1 44.571520 111510 sgemm sgemm CUDA0 0.995679 111550 40
CPU8 44.629205 111511 sgemm sgemm CUDA0 0.066990 111551 40
CPU19 45.009710 111512 sgemm sgemm CUDA1 1.161251 111552 40
CPU4 45.199665 111513 sgemm sgemm CUDA1 1.088483 111553 40
CPU19 45.146582 111514 sgemm sgemm CUDA1 0.847569 111554 40
CPU9 44.334644 111515 sgemm sgemm CUDA2 1.162224 111555 40
CPU5 44.786764 111516 sgemm sgemm CUDA1 0.053564 111556 40
CPU3 44.858064 111517 sgemm sgemm CUDA0 17.312226 111557 40
CPU0 44.942358 111518 sgemm sgemm CUDA2 0.998258 111558 40
CPU0 45.281338 111519 sgemm sgemm CUDA2 1.163498 111559 40
CPU3 44.932200 111520 sgemm sgemm CUDA0 0.059225 111560 40
CPU2 44.865686 111521 sgemm sgemm CUDA2 1.161828 111561 40
CPU3 44.932498 111522 sgemm sgemm CUDA1 0.992141 111562 40
CPU13 25.187788 111525 ssyrk ssyrk CPU -1 111565 40
CPU1 44.765203 111526 sgemm sgemm CUDA1 1.002196 111566 40
CPU13 44.911244 111527 sgemm sgemm CUDA1 1.166665 111567 40
CPU14 45.013913 111528 sgemm sgemm CUDA1 0.992899 111568 40
CPU7 45.100433 111529 sgemm sgemm CUDA1 0.062165 111569 40
CPU13 45.099556 111530 sgemm sgemm CUDA0 6.396064 111570 40
CPU10 44.840425 111531 sgemm sgemm CUDA0 0.998920 111571 40
CPU3 45.372564 111532 sgemm sgemm CUDA0 12.565040 111572 40
CPU5 45.084626 111533 sgemm sgemm CUDA1 1.161390 111573 40
CPU15 44.994267 111534 sgemm sgemm CUDA0 1.000039 111574 40
CPU18 44.797439 111535 sgemm sgemm CUDA0 0.996569 111575 40
CPU10 44.757616 111536 sgemm sgemm CUDA1 12.746859 111576 40
CPU3 45.574968 111537 sgemm sgemm CUDA3 0.999533 111577 40
CPU0 45.416820 111538 sgemm sgemm CUDA0 0.993070 111578 40
CPU12 44.576362 111539 sgemm sgemm CUDA0 0.996379 111579 40
CPU4 45.139914 111540 sgemm sgemm CUDA3 1.164490 111580 40
CPU18 44.940981 111541 sgemm sgemm CUDA1 1.171038 111581 40
CPU7 45.481440 111542 sgemm sgemm CUDA1 1.170209 111582 40
CPU18 44.910424 111543 sgemm sgemm CUDA1 9.572904 111583 40
CPU13 45.136162 111544 sgemm sgemm CUDA2 1.161031 111584 40
CPU15 45.185393 111545 sgemm sgemm CUDA1 1.236336 111585 40
CPU13 45.040011 111546 sgemm sgemm CUDA2 0.075689 111586 40
CPU14 44.954084 111547 sgemm sgemm CUDA2 1.159649 111587 40
CPU10 44.981818 111548 sgemm sgemm CUDA2 1.161835 111588 40
CPU15 44.696850 111549 sgemm sgemm CUDA1 0.994272 111589 40
CPU0 45.623922 111550 sgemm sgemm CUDA2 1.052893 111590 40
CPU4 45.109283 111551 sgemm sgemm CUDA1 1.166840 111591 40
CPU10 24.984119 111554 ssyrk ssyrk CPU22 68.108033 111594 40
CPU4 45.394331 111555 sgemm sgemm CUDA1 1.279781 111595 40
CPU15 44.979574 111556 sgemm sgemm CUDA1 0.098685 111596 40
CPU10 44.978174 111557 sgemm sgemm CUDA1 0.062161 111597 40
CPU5 44.855266 111558 sgemm sgemm CUDA1 1.272332 111598 40
CPU19 44.811583 111559 sgemm sgemm CUDA0 0.112611 111599 40
CPU8 45.466579 111560 sgemm sgemm CUDA1 0.995665 111600 40
CPU15 44.857185 111561 sgemm sgemm CUDA1 1.120455 111601 40
CPU16 45.101543 111562 sgemm sgemm CUDA3 0.995433 111602 40
CPU4 45.255648 111563 sgemm sgemm CUDA0 1.000137 111603 40
CPU15 44.858578 111564 sgemm sgemm CUDA1 0.981101 111604 40
CPU0 45.566679 111565 sgemm sgemm CUDA3 0.996546 111605 40
CPU9 45.348203 111566 sgemm sgemm CUDA0 1.166323 111606 40
CPU2 44.972908 111567 sgemm sgemm CUDA0 0.996493 111607 40
CPU15 44.710907 111568 sgemm sgemm CUDA0 1.001428 111608 40
CPU19 44.707458 111569 sgemm sgemm CUDA1 1.164730 111609 40
CPU13 45.253110 111570 sgemm sgemm CUDA1 1.164926 111610 40
CPU5 44.971492 111571 sgemm sgemm CUDA0 1.165922 111611 40
CPU11 45.119739 111572 sgemm sgemm CUDA3 0.989885 111612 40
CPU7 45.070366 111573 sgemm sgemm CUDA1 0.991772 111613 40
CPU2 45.172790 111574 sgemm sgemm CUDA0 1.159540 111614 40
CPU7 45.156742 111575 sgemm sgemm CUDA2 1.162278 111615 40
CPU10 44.893955 111576 sgemm sgemm CUDA3 0.992978 111616 40
CPU7 45.389059 111577 sgemm sgemm CUDA0 0.991655 111617 40
CPU3 45.203638 111578 sgemm sgemm CUDA2 1.167769 111618 40
CPU1 44.826042 111579 sgemm sgemm CUDA3 0.997521 111619 40
CPU11 24.717646 111582 ssyrk ssyrk CPU18 86.334117 111622 40
CPU11 44.659595 111583 sgemm sgemm CUDA1 1.000875 111623 40
CPU5 45.113525 111584 sgemm sgemm CUDA1 0.992689 111624 40
CPU10 44.943742 111585 sgemm sgemm CUDA1 0.991654 111625 40
CPU7 45.098441 111586 sgemm sgemm CUDA0 1.049915 111626 40
CPU2 45.486806 111587 sgemm sgemm CUDA1 0.112528 111627 40
CPU14 45.483013 111588 sgemm sgemm CUDA1 1.000169 111628 40
CPU11 44.766506 111589 sgemm sgemm CUDA0 1.167612 111629 40
CPU18 44.929303 111590 sgemm sgemm CUDA0 0.999830 111630 40
CPU7 44.981528 111591 sgemm sgemm CUDA1 1.174567 111631 40
CPU1 45.345763 111592 sgemm sgemm CUDA1 0.946054 111632 40
CPU1 45.341502 111593 sgemm sgemm CUDA0 10.905177 111633 40
CPU1 44.443807 111594 sgemm sgemm CUDA0 1.003087 111634 40
CPU3 45.016856 111595 sgemm sgemm CUDA3 1.165269 111635 40
CPU19 44.963319 111596 sgemm sgemm CUDA1 0.990791 111636 40
CPU16 44.736327 111597 sgemm sgemm CUDA1 1.049364 111637 40
CPU19 45.213907 111598 sgemm sgemm CUDA0 1.048199 111638 40
CPU9 44.613989 111599 sgemm sgemm CUDA3 12.488237 111639 40
CPU7 45.193137 111600 sgemm sgemm CUDA1 1.216900 111640 40
CPU4 45.247397 111601 sgemm sgemm CUDA3 0.336673 111641 40
CPU5 44.962044 111602 sgemm sgemm CUDA3 24.999097 111642 40
CPU2 45.224042 111603 sgemm sgemm CUDA3 1.049485 111643 40
CPU8 45.993469 111604 sgemm sgemm CUDA0 1.162643 111644 40
CPU19 45.048559 111605 sgemm sgemm CUDA3 1.162711 111645 40
CPU2 44.649222 111606 sgemm sgemm CUDA1 1.102467 111646 40
CPU0 25.370464 111609 ssyrk ssyrk CPU27 96.608428 111649 40
CPU2 44.525879 111610 sgemm sgemm CUDA1 1.167293 111650 40
CPU13 44.899331 111611 sgemm sgemm CUDA1 0.449600 111651 40
CPU12 44.787078 111612 sgemm sgemm CUDA0 0.993500 111652 40
CPU16 44.987838 111613 sgemm sgemm CUDA1 0.999876 111653 40
CPU0 45.373434 111614 sgemm sgemm CUDA1 1.048622 111654 40
CPU13 45.089116 111615 sgemm sgemm CUDA0 1.172978 111655 40
CPU7 45.064747 111616 sgemm sgemm CUDA0 1.218413 111656 40
CPU5 45.168719 111617 sgemm sgemm CUDA1 1.107316 111657 40
CPU13 45.305349 111618 sgemm sgemm CUDA1 0.993935 111658 40
CPU9 44.869812 111619 sgemm sgemm CUDA0 1.168179 111659 40
CPU9 44.589686 111620 sgemm sgemm CUDA0 1.168548 111660 40
CPU11 45.102059 111621 sgemm sgemm CUDA0 1.172790 111661 40
CPU19 45.095806 111622 sgemm sgemm CUDA1 1.158372 111662 40
CPU12 45.229550 111623 sgemm sgemm CUDA1 0.991996 111663 40
CPU19 44.976356 111624 sgemm sgemm CUDA1 1.159090 111664 40
CPU8 44.357005 111625 sgemm sgemm CUDA2 0.986979 111665 40
CPU1 44.759059 111626 sgemm sgemm CUDA1 0.992028 111666 40
CPU3 44.759774 111627 sgemm sgemm CUDA2 0.990325 111667 40
CPU7 44.702851 111628 sgemm sgemm CUDA2 2.320022 111668 40
CPU8 44.606463 111629 sgemm sgemm CUDA2 1.160620 111669 40
CPU1 44.842464 111630 sgemm sgemm CUDA0 12.872723 111670 40
CPU13 45.383634 111631 sgemm sgemm CUDA2 0.990185 111671 40
CPU1 44.428702 111632 sgemm sgemm CUDA2 1.161640 111672 40
CPU2 25.001695 111635 ssyrk ssyrk CPU21 81.471047 111675 40
CPU12 45.057397 111636 sgemm sgemm CUDA1 0.985392 111676 40
CPU15 44.928152 111637 sgemm sgemm CUDA1 1.323191 111677 40
CPU11 45.090630 111638 sgemm sgemm CUDA1 0.994199 111678 40
CPU15 44.816222 111639 sgemm sgemm CUDA1 1.001376 111679 40
CPU16 44.965450 111640 sgemm sgemm CUDA3 1.166293 111680 40
CPU19 45.001379 111641 sgemm sgemm CUDA1 0.079999 111681 40
CPU6 44.960648 111642 sgemm sgemm CUDA1 16.074205 111682 40
CPU4 44.863964 111643 sgemm sgemm CUDA1 1.165196 111683 40
CPU7 44.924385 111644 sgemm sgemm CUDA3 4.346530 111684 40
CPU9 45.201530 111645 sgemm sgemm CUDA0 0.997934 111685 40
CPU14 45.173168 111646 sgemm sgemm CUDA0 1.160324 111686 40
CPU19 45.273464 111647 sgemm sgemm CUDA1 1.158133 111687 40
CPU15 44.926370 111648 sgemm sgemm CUDA1 0.985876 111688 40
CPU18 44.725708 111649 sgemm sgemm CUDA0 0.974309 111689 40
CPU0 44.951942 111650 sgemm sgemm CUDA3 1.053714 111690 40
CPU15 45.098039 111651 sgemm sgemm CUDA3 1.162894 111691 40
CPU9 44.784771 111652 sgemm sgemm CUDA3 1.105249 111692 40
CPU1 44.753990 111653 sgemm sgemm CUDA3 1.163833 111693 40
CPU7 45.048341 111654 sgemm sgemm CUDA3 1.277135 111694 40
CPU10 45.234011 111655 sgemm sgemm CUDA1 1.163693 111695 40
CPU14 45.110009 111656 sgemm sgemm CUDA3 1.165393 111696 40
CPU1 44.674083 111657 sgemm sgemm CUDA2 0.041253 111697 40
CPU13 25.395122 111660 ssyrk ssyrk CPU21 78.368082 111700 40
CPU13 45.198688 111661 sgemm sgemm CUDA1 0.993560 111701 40
CPU6 45.163360 111662 sgemm sgemm CUDA0 13.024061 111702 40
CPU11 44.843259 111663 sgemm sgemm CUDA1 1.223088 111703 40
CPU8 45.035825 111664 sgemm sgemm CUDA0 0.991789 111704 40
CPU5 44.986579 111665 sgemm sgemm CUDA1 0.996199 111705 40
CPU5 45.716732 111666 sgemm sgemm CUDA1 21.630723 111706 40
CPU19 45.092531 111667 sgemm sgemm CUDA1 1.163423 111707 40
CPU8 44.996655 111668 sgemm sgemm CUDA0 0.985663 111708 40
CPU4 44.880448 111669 sgemm sgemm CUDA0 1.051602 111709 40
CPU16 45.145890 111670 sgemm sgemm CUDA0 0.991560 111710 40
CPU18 44.859672 111671 sgemm sgemm CUDA1 0.985669 111711 40
CPU13 45.124286 111672 sgemm sgemm CUDA1 1.007290 111712 40
CPU18 44.896891 111673 sgemm sgemm CUDA0 11.990423 111713 40
CPU3 44.357485 111674 sgemm sgemm CUDA2 1.099016 111714 40
CPU14 45.212266 111675 sgemm sgemm CUDA2 1.050553 111715 40
CPU1 44.926175 111676 sgemm sgemm CUDA2 0.994722 111716 40
CPU2 44.528335 111677 sgemm sgemm CUDA2 1.162316 111717 40
CPU10 45.263211 111678 sgemm sgemm CUDA2 1.153464 111718 40
CPU13 45.227094 111679 sgemm sgemm CUDA1 8.268729 111719 40
CPU6 44.898805 111680 sgemm sgemm CUDA2 1.264555 111720 40
CPU2 44.506619 111681 sgemm sgemm CUDA2 1.163343 111721 40
CPU15 24.846442 111684 ssyrk ssyrk CPU16 100.786467 111724 40
CPU10 44.917888 111685 sgemm sgemm CUDA0 0.050128 111725 40
CPU19 44.914432 111686 sgemm sgemm CUDA1 1.165228 111726 40
CPU12 44.818083 111687 sgemm sgemm CUDA3 1.221015 111727 40
CPU15 44.757541 111688 sgemm sgemm CUDA0 0.069492 111728 40
CPU0 45.361182 111689 sgemm sgemm CUDA1 1.166094 111729 40
CPU2 45.236447 111690 sgemm sgemm CUDA1 1.246182 111730 40
CPU13 44.919433 111691 sgemm sgemm CUDA3 1.164871 111731 40
CPU16 45.382588 111692 sgemm sgemm CUDA0 0.988816 111732 40
CPU19 45.161671 111693 sgemm sgemm CUDA3 0.993384 111733 40
CPU19 44.863421 111694 sgemm sgemm CUDA1 1.160605 111734 40
CPU2 45.093776 111695 sgemm sgemm CUDA1 1.156736 111735 40
CPU10 44.933509 111696 sgemm sgemm CUDA1 1.164849 111736 40
CPU14 45.090005 111697 sgemm sgemm CUDA3 1.223426 111737 40
CPU6 44.844300 111698 sgemm sgemm CUDA3 0.992483 111738 40
CPU0 45.364663 111699 sgemm sgemm CUDA3 1.426910 111739 40
CPU6 45.096258 111700 sgemm sgemm CUDA3 1.110909 111740 40
CPU15 44.718529 111701 sgemm sgemm CUDA0 0.697208 111741 40
CPU6 45.050485 111702 sgemm sgemm CUDA0 1.157752 111742 40
CPU11 44.748619 111703 sgemm sgemm CUDA3 0.192468 111743 40
CPU14 45.353806 111704 sgemm sgemm CUDA3 0.994144 111744 40
CPU4 25.497746 111707 ssyrk ssyrk CPU19 84.636753 111747 40
CPU16 44.823875 111708 sgemm sgemm CUDA1 1.378795 111748 40
CPU0 45.658871 111709 sgemm sgemm CUDA0 0.105738 111749 40
CPU5 45.065673 111710 sgemm sgemm CUDA1 1.168546 111750 40
CPU1 45.067277 111711 sgemm sgemm CUDA1 3.101672 111751 40
CPU3 45.383977 111712 sgemm sgemm CUDA1 0.989452 111752 40
CPU19 45.098982 111713 sgemm sgemm CUDA0 1.295193 111753 40
CPU9 44.868142 111714 sgemm sgemm CUDA0 0.995114 111754 40
CPU11 44.835133 111715 sgemm sgemm CUDA0 1.157531 111755 40
CPU18 44.785170 111716 sgemm sgemm CUDA1 7.105993 111756 40
CPU11 44.595732 111717 sgemm sgemm CUDA1 1.155835 111757 40
CPU7 45.651271 111718 sgemm sgemm CUDA0 0.992722 111758 40
CPU3 45.106490 111719 sgemm sgemm CUDA3 1.162213 111759 40
CPU1 44.859386 111720 sgemm sgemm CUDA1 1.164789 111760 40
CPU1 45.251858 111721 sgemm sgemm CUDA3 1.223630 111761 40
CPU4 45.026167 111722 sgemm sgemm CUDA2 1.163519 111762 40
CPU2 44.783528 111723 sgemm sgemm CUDA0 0.988299 111763 40
CPU14 44.766417 111724 sgemm sgemm CUDA0 1.048859 111764 40
CPU16 44.769520 111725 sgemm sgemm CUDA3 1.152599 111765 40
CPU8 44.780955 111726 sgemm sgemm CUDA2 1.160112 111766 40
CPU6 25.376983 111729 ssyrk ssyrk CPU11 80.530244 111769 40
CPU16 44.747094 111730 sgemm sgemm CUDA3 1.001708 111770 40
CPU13 45.054621 111731 sgemm sgemm CUDA1 1.607038 111771 40
CPU7 45.161700 111732 sgemm sgemm CUDA1 0.994642 111772 40
CPU10 45.155398 111733 sgemm sgemm CUDA1 1.161343 111773 40
CPU8 45.169801 111734 sgemm sgemm CUDA3 1.162333 111774 40
CPU0 45.152580 111735 sgemm sgemm CUDA0 1.047264 111775 40
CPU0 45.624130 111736 sgemm sgemm CUDA0 8.657908 111776 40
CPU19 44.862468 111737 sgemm sgemm CUDA1 1.162463 111777 40
CPU4 45.215447 111738 sgemm sgemm CUDA1 1.047584 111778 40
CPU8 45.229714 111739 sgemm sgemm CUDA0 1.156458 111779 40
CPU7 44.965201 111740 sgemm sgemm CUDA3 1.218696 111780 40
CPU16 45.192200 111741 sgemm sgemm CUDA3 0.049346 111781 40
CPU3 44.964632 111742 sgemm sgemm CUDA3 12.731191 111782 40
CPU3 45.027998 111743 sgemm sgemm CUDA3 0.114575 111783 40
CPU9 45.261231 111744 sgemm sgemm CUDA3 1.048347 111784 40
CPU6 45.328509 111745 sgemm sgemm CUDA0 12.252640 111785 40
CPU15 44.902479 111746 sgemm sgemm CUDA3 1.164511 111786 40
CPU6 44.788101 111747 sgemm sgemm CUDA3 1.110612 111787 40
CPU14 25.004156 111750 ssyrk ssyrk CPU -1 111790 40
CPU12 44.753305 111751 sgemm sgemm CUDA0 1.160211 111791 40
CPU14 44.727097 111752 sgemm sgemm CUDA0 1.156694 111792 40
CPU6 45.392828 111753 sgemm sgemm CUDA3 1.305903 111793 40
CPU12 44.984970 111754 sgemm sgemm CUDA3 0.992015 111794 40
CPU14 44.840121 111755 sgemm sgemm CUDA0 0.993281 111795 40
CPU8 45.174147 111756 sgemm sgemm CUDA3 1.106882 111796 40
CPU19 44.874505 111757 sgemm sgemm CUDA0 1.051490 111797 40
CPU7 45.324837 111758 sgemm sgemm CUDA3 1.166424 111798 40
CPU18 44.761349 111759 sgemm sgemm CUDA0 1.161885 111799 40
CPU15 44.744807 111760 sgemm sgemm CUDA2 0.935138 111800 40
CPU12 45.281083 111761 sgemm sgemm CUDA1 0.092913 111801 40
CPU8 45.042513 111762 sgemm sgemm CUDA3 1.160233 111802 40
CPU16 44.843658 111763 sgemm sgemm CUDA3 1.158856 111803 40
CPU12 44.618373 111764 sgemm sgemm CUDA3 1.047017 111804 40
CPU3 45.194474 111765 sgemm sgemm CUDA2 10.742683 111805 40
CPU8 45.009122 111766 sgemm sgemm CUDA2 0.043475 111806 40
CPU2 44.829897 111767 sgemm sgemm CUDA2 0.219241 111807 40
CPU18 24.837994 111770 ssyrk ssyrk CPU14 87.844411 111810 40
CPU18 45.068465 111771 sgemm sgemm CUDA0 0.990634 111811 40
CPU10 45.120311 111772 sgemm sgemm CUDA1 1.163359 111812 40
CPU3 45.076446 111773 sgemm sgemm CUDA0 1.160392 111813 40
CPU18 44.814456 111774 sgemm sgemm CUDA0 1.160442 111814 40
CPU16 44.910104 111775 sgemm sgemm CUDA0 0.993760 111815 40
CPU19 45.013354 111776 sgemm sgemm CUDA0 0.993365 111816 40
CPU5 45.079264 111777 sgemm sgemm CUDA1 1.155126 111817 40
CPU18 44.719583 111778 sgemm sgemm CUDA0 1.219604 111818 40
CPU18 44.966199 111779 sgemm sgemm CUDA2 1.164110 111819 40
CPU0 45.032753 111780 sgemm sgemm CUDA2 0.086749 111820 40
CPU12 44.995165 111781 sgemm sgemm CUDA2 0.993051 111821 40
CPU18 44.897057 111782 sgemm sgemm CUDA2 1.049729 111822 40
CPU18 44.961220 111783 sgemm sgemm CUDA0 0.992147 111823 40
CPU3 45.251903 111784 sgemm sgemm CUDA0 11.997413 111824 40
CPU10 45.100310 111785 sgemm sgemm CUDA2 1.219892 111825 40
CPU18 45.176582 111786 sgemm sgemm CUDA2 0.991046 111826 40
CPU6 25.359262 111789 ssyrk ssyrk CPU -1 111829 40
CPU9 44.889054 111790 sgemm sgemm CUDA1 1.162459 111830 40
CPU14 45.102739 111791 sgemm sgemm CUDA0 1.281518 111831 40
CPU7 44.833597 111792 sgemm sgemm CUDA0 0.988818 111832 40
CPU12 45.285931 111793 sgemm sgemm CUDA0 1.157176 111833 40
CPU9 44.890833 111794 sgemm sgemm CUDA1 1.165400 111834 40
CPU0 45.428394 111795 sgemm sgemm CUDA1 0.989914 111835 40
CPU18 44.751139 111796 sgemm sgemm CUDA1 1.168427 111836 40
CPU2 44.390045 111797 sgemm sgemm CUDA3 1.163121 111837 40
CPU9 44.549511 111798 sgemm sgemm CUDA3 4.381293 111838 40
CPU11 44.968344 111799 sgemm sgemm CUDA1 1.105716 111839 40
CPU6 44.790025 111800 sgemm sgemm CUDA3 0.993305 111840 40
CPU3 44.843039 111801 sgemm sgemm CUDA3 0.994558 111841 40
CPU12 45.109880 111802 sgemm sgemm CUDA0 12.565175 111842 40
CPU12 45.211463 111803 sgemm sgemm CUDA3 0.052755 111843 40
CPU4 45.058807 111804 sgemm sgemm CUDA3 12.211764 111844 40
CPU9 25.294749 111807 ssyrk ssyrk CPU -1 111847 40
CPU11 44.616363 111808 sgemm sgemm CUDA3 12.140747 111848 40
CPU9 44.939930 111809 sgemm sgemm CUDA0 1.266592 111849 40
CPU5 45.384793 111810 sgemm sgemm CUDA3 1.218988 111850 40
CPU2 45.052324 111811 sgemm sgemm CUDA0 0.198193 111851 40
CPU11 44.500675 111812 sgemm sgemm CUDA3 12.227596 111852 40
CPU9 45.380364 111813 sgemm sgemm CUDA1 0.990057 111853 40
CPU3 45.312897 111814 sgemm sgemm CUDA3 0.988231 111854 40
CPU16 44.943153 111815 sgemm sgemm CUDA1 0.080294 111855 40
CPU16 44.878930 111816 sgemm sgemm CUDA3 0.042403 111856 40
CPU9 45.175701 111817 sgemm sgemm CUDA2 0.995254 111857 40
CPU0 45.415897 111818 sgemm sgemm CUDA2 8.131383 111858 40
CPU7 45.281545 111819 sgemm sgemm CUDA2 9.968168 111859 40
CPU6 45.068452 111820 sgemm sgemm CUDA1 1.164073 111860 40
CPU9 45.129443 111821 sgemm sgemm CUDA2 1.150106 111861 40
CPU9 25.318153 111824 ssyrk ssyrk CPU23 85.308413 111864 40
CPU8 44.893828 111825 sgemm sgemm CUDA0 1.164666 111865 40
CPU8 45.121613 111826 sgemm sgemm CUDA0 0.993004 111866 40
CPU19 45.270892 111827 sgemm sgemm CUDA0 0.987465 111867 40
CPU10 44.643675 111828 sgemm sgemm CUDA3 0.995228 111868 40
CPU4 45.386334 111829 sgemm sgemm CUDA2 1.135523 111869 40
CPU1 44.872755 111830 sgemm sgemm CUDA3 1.051373 111870 40
CPU4 45.064559 111831 sgemm sgemm CUDA3 0.050703 111871 40
CPU6 45.259915 111832 sgemm sgemm CUDA0 1.153722 111872 40
CPU5 44.948887 111833 sgemm sgemm CUDA3 12.952558 111873 40
CPU6 45.289364 111834 sgemm sgemm CUDA2 1.161319 111874 40
CPU13 44.904648 111835 sgemm sgemm CUDA2 0.941434 111875 40
CPU10 45.048606 111836 sgemm sgemm CUDA2 1.101866 111876 40
CPU7 45.008396 111837 sgemm sgemm CUDA3 7.744056 111877 40
CPU2 24.674028 111840 ssyrk ssyrk CPU15 97.042089 111880 40
CPU11 45.046879 111841 sgemm sgemm CUDA0 12.187008 111881 40
CPU11 44.947399 111842 sgemm sgemm CUDA0 0.990806 111882 40
CPU14 45.221728 111843 sgemm sgemm CUDA0 1.265473 111883 40
CPU18 44.732613 111844 sgemm sgemm CUDA2 13.482500 111884 40
CPU8 44.326510 111845 sgemm sgemm CUDA2 1.108623 111885 40
CPU13 45.403623 111846 sgemm sgemm CUDA2 1.159232 111886 40
CPU10 45.120469 111847 sgemm sgemm CUDA0 1.258557 111887 40
CPU10 45.470586 111848 sgemm sgemm CUDA2 1.164021 111888 40
CPU4 45.037266 111849 sgemm sgemm CUDA0 0.992091 111889 40
CPU12 45.202213 111850 sgemm sgemm CUDA2 1.096480 111890 40
CPU4 45.198131 111851 sgemm sgemm CUDA2 1.162461 111891 40
CPU5 44.570564 111852 sgemm sgemm CUDA2 1.192580 111892 40
CPU16 25.032560 111855 ssyrk ssyrk CPU18 83.967886 111895 40
CPU3 44.990322 111856 sgemm sgemm CUDA0 0.992077 111896 40
CPU3 45.235076 111857 sgemm sgemm CUDA0 1.051557 111897 40
CPU2 45.022774 111858 sgemm sgemm CUDA2 0.053349 111898 40
CPU13 45.149680 111859 sgemm sgemm CUDA2 1.162723 111899 40
CPU19 45.334233 111860 sgemm sgemm CUDA2 0.994913 111900 40
CPU2 44.870281 111861 sgemm sgemm CUDA2 0.994328 111901 40
CPU7 44.829555 111862 sgemm sgemm CUDA2 1.155577 111902 40
CPU12 44.477924 111863 sgemm sgemm CUDA3 1.093840 111903 40
CPU1 45.000877 111864 sgemm sgemm CUDA0 1.050555 111904 40
CPU1 45.099977 111865 sgemm sgemm CUDA2 0.987543 111905 40
CPU14 45.232134 111866 sgemm sgemm CUDA3 0.989584 111906 40
CPU19 25.222627 111869 ssyrk ssyrk CPU -1 111909 40
CPU9 45.054934 111870 sgemm sgemm CUDA1 0.990232 111910 40
CPU19 44.967665 111871 sgemm sgemm CUDA0 1.161821 111911 40
CPU19 45.157391 111872 sgemm sgemm CUDA2 1.105626 111912 40
CPU5 45.008400 111873 sgemm sgemm CUDA2 0.197728 111913 40
CPU14 45.011751 111874 sgemm sgemm CUDA0 1.222426 111914 40
CPU18 45.099746 111875 sgemm sgemm CUDA2 1.284327 111915 40
CPU19 45.083572 111876 sgemm sgemm CUDA2 0.937204 111916 40
CPU3 45.264847 111877 sgemm sgemm CUDA2 0.991585 111917 40
CPU5 45.052442 111878 sgemm sgemm CUDA2 0.988937 111918 40
CPU18 44.461380 111879 sgemm sgemm CUDA2 0.190206 111919 40
CPU6 25.629352 111882 ssyrk ssyrk CPU17 88.771330 111922 40
CPU13 44.758474 111883 sgemm sgemm CUDA3 1.165921 111923 40
CPU16 44.961950 111884 sgemm sgemm CUDA3 1.219833 111924 40
CPU13 45.225944 111885 sgemm sgemm CUDA1 1.219238 111925 40
CPU9 44.908623 111886 sgemm sgemm CUDA3 1.161939 111926 40
CPU10 45.090526 111887 sgemm sgemm CUDA3 1.159292 111927 40
CPU2 44.988501 111888 sgemm sgemm CUDA3 0.990346 111928 40
CPU12 44.822831 111889 sgemm sgemm CUDA0 12.206258 111929 40
CPU0 45.600723 111890 sgemm sgemm CUDA2 0.052881 111930 40
CPU14 45.365503 111891 sgemm sgemm CUDA2 0.063282 111931 40
CPU19 25.099804 111894 ssyrk ssyrk CPU -1 111934 40
CPU18 44.743853 111895 sgemm sgemm CUDA3 0.990456 111935 40
CPU15 44.896536 111896 sgemm sgemm CUDA3 0.991886 111936 40
CPU6 45.124167 111897 sgemm sgemm CUDA3 1.052781 111937 40
CPU18 44.731851 111898 sgemm sgemm CUDA2 0.998363 111938 40
CPU19 44.964787 111899 sgemm sgemm CUDA0 0.995459 111939 40
CPU11 44.754965 111900 sgemm sgemm CUDA0 0.051766 111940 40
CPU3 45.049054 111901 sgemm sgemm CUDA2 1.156975 111941 40
CPU19 45.173165 111902 sgemm sgemm CUDA2 1.164223 111942 40
CPU4 25.021715 111905 ssyrk ssyrk CPU24 99.168353 111945 40
CPU14 45.240049 111906 sgemm sgemm CUDA3 1.163889 111946 40
CPU11 45.034279 111907 sgemm sgemm CUDA3 1.220379 111947 40
CPU0 44.769779 111908 sgemm sgemm CUDA2 1.159802 111948 40
CPU14 45.264019 111909 sgemm sgemm CUDA3 1.218964 111949 40
CPU5 44.859100 111910 sgemm sgemm CUDA2 1.125936 111950 40
CPU12 45.223179 111911 sgemm sgemm CUDA3 2.030640 111951 40
CPU0 45.089729 111912 sgemm sgemm CUDA2 0.990840 111952 40
CPU5 24.931660 111915 ssyrk ssyrk CPU21 80.248898 111955 40
CPU14 45.106978 111916 sgemm sgemm CUDA1 1.217053 111956 40
CPU3 44.803070 111917 sgemm sgemm CUDA2 1.160599 111957 40
CPU5 44.817961 111918 sgemm sgemm CUDA2 0.960376 111958 40
CPU15 44.951982 111919 sgemm sgemm CUDA3 1.221559 111959 40
CPU8 44.790751 111920 sgemm sgemm CUDA2 12.960019 111960 40
CPU4 44.442862 111921 sgemm sgemm CUDA2 1.049064 111961 40
CPU2 25.200754 111924 ssyrk ssyrk CPU -1 111964 40
CPU1 44.970833 111925 sgemm sgemm CUDA3 3.232352 111965 40
CPU12 45.025208 111926 sgemm sgemm CUDA3 7.092123 111966 40
CPU16 44.735456 111927 sgemm sgemm CUDA0 1.214349 111967 40
CPU15 44.734898 111928 sgemm sgemm CUDA2 1.158001 111968 40
CPU3 44.698888 111929 sgemm sgemm CUDA2 0.938049 111969 40
CPU0 25.141429 111932 ssyrk ssyrk CPU16 63.783363 111972 40
CPU13 45.240162 111933 sgemm sgemm CUDA3 0.043969 111973 40
CPU13 45.206359 111934 sgemm sgemm CUDA3 0.993389 111974 40
CPU15 44.968774 111935 sgemm sgemm CUDA1 0.086405 111975 40
CPU7 44.929227 111936 sgemm sgemm CUDA2 0.072251 111976 40
CPU5 25.043565 111939 ssyrk ssyrk CPU21 227.789183 111979 40
CPU16 44.809570 111940 sgemm sgemm CUDA2 12.549473 111980 40
CPU19 45.059621 111941 sgemm sgemm CUDA2 1.276861 111981 40
CPU8 44.613207 111942 sgemm sgemm CUDA3 1.219287 111982 40
CPU7 25.659327 111945 ssyrk ssyrk CPU15 80.983252 111985 40
CPU0 45.377339 111946 sgemm sgemm CUDA2 3.309357 111986 40
CPU6 45.222564 111947 sgemm sgemm CUDA2 12.393011 111987 40
CPU15 24.875636 111950 ssyrk ssyrk CPU14 120.273853 111990 40
CPU15 44.899350 111951 sgemm sgemm CUDA3 0.043842 111991 40
CPU2 24.778303 111954 ssyrk ssyrk CPU -1 111994 40
CPU0 14.066001 111957 spotrf spotrf CPU11 25.348290 111997 40
CPU6 30.781306 111958 strsm strsm CPU -1 111998 40
CPU0 30.560049 111959 strsm strsm CPU -1 111999 40
CPU0 30.575322 111960 strsm strsm CPU -1 112000 40
CPU13 30.894089 111961 strsm strsm CPU30 94.905436 112001 40
CPU10 30.962355 111962 strsm strsm CPU -1 112002 40
CPU4 30.649201 111963 strsm strsm CPU29 98.791300 112003 40
CPU0 30.702839 111964 strsm strsm CPU12 81.904327 112004 40
CPU3 30.335580 111965 strsm strsm CPU24 81.737403 112005 40
CPU13 30.853050 111966 strsm strsm CPU -1 112006 40
CPU11 30.126253 111967 strsm strsm CPU28 108.517549 112007 40
CPU1 30.264674 111968 strsm strsm CPU -1 112008 40
CPU6 30.869747 111969 strsm strsm CPU12 98.960831 112009 40
CPU14 30.587200 111970 strsm strsm CPU -1 112010 40
CPU18 30.006324 111971 strsm strsm CPU -1 112011 40
CPU6 31.533741 111972 strsm strsm CPU -1 112012 40
CPU9 30.381542 111973 strsm strsm CPU -1 112013 40
CPU2 30.224794 111974 strsm strsm CPU -1 112014 40
CPU2 29.947286 111975 strsm strsm CPU25 78.575918 112015 40
CPU16 30.344158 111976 strsm strsm CPU24 81.360205 112016 40
CPU18 29.942724 111977 strsm strsm CPU -1 112017 40
CPU4 30.685899 111978 strsm strsm CPU19 166.492776 112018 40
CPU18 29.937078 111979 strsm strsm CPU33 160.153039 112019 40
CPU4 30.343868 111980 strsm strsm CPU25 205.367911 112020 40
CPU13 30.730184 111981 strsm strsm CPU27 141.384969 112021 40
CPU2 30.204920 111982 strsm strsm CPU -1 112022 40
CPU4 30.352677 111983 strsm strsm CPU -1 112023 40
CPU5 30.170759 111984 strsm strsm CUDA3 2.801456 112024 40
CPU4 30.666112 111985 strsm strsm CUDA3 2.831137 112025 40
CPU15 30.365368 111986 strsm strsm CUDA2 14.432959 112026 40
CPU9 29.901377 111987 strsm strsm CUDA3 2.726157 112027 40
CPU6 25.416460 111990 ssyrk ssyrk CPU -1 112030 40
CPU10 45.068643 111991 sgemm sgemm CUDA1 1.185527 112031 40
CPU6 45.003308 111992 sgemm sgemm CUDA1 0.233951 112032 40
CPU14 45.056995 111993 sgemm sgemm CUDA1 0.992522 112033 40
CPU8 44.948507 111994 sgemm sgemm CUDA1 1.162590 112034 40
CPU15 44.735136 111995 sgemm sgemm CUDA1 0.996877 112035 40
CPU9 44.815978 111996 sgemm sgemm CUDA1 0.995531 112036 40
CPU3 44.904179 111997 sgemm sgemm CUDA1 0.068041 112037 40
CPU5 45.107559 111998 sgemm sgemm CUDA0 1.196039 112038 40
CPU11 44.819350 111999 sgemm sgemm CUDA0 0.994052 112039 40
CPU8 45.283206 112000 sgemm sgemm CUDA1 1.166175 112040 40
CPU2 45.299606 112001 sgemm sgemm CUDA1 1.162925 112041 40
CPU16 44.766363 112002 sgemm sgemm CUDA0 1.168005 112042 40
CPU18 44.864638 112003 sgemm sgemm CUDA0 0.999702 112043 40
CPU7 45.032894 112004 sgemm sgemm CUDA1 1.163726 112044 40
CPU6 45.354081 112005 sgemm sgemm CUDA1 1.196971 112045 40
CPU2 45.133067 112006 sgemm sgemm CUDA0 0.998044 112046 40
CPU6 45.183027 112007 sgemm sgemm CUDA0 1.170301 112047 40
CPU16 45.319969 112008 sgemm sgemm CUDA0 1.053621 112048 40
CPU18 44.923076 112009 sgemm sgemm CUDA1 1.010518 112049 40
CPU6 45.184401 112010 sgemm sgemm CUDA1 0.087713 112050 40
CPU18 45.037430 112011 sgemm sgemm CUDA2 1.225019 112051 40
CPU8 44.741884 112012 sgemm sgemm CUDA2 1.160795 112052 40
CPU13 45.005995 112013 sgemm sgemm CUDA1 0.991337 112053 40
CPU4 45.300457 112014 sgemm sgemm CUDA2 0.204553 112054 40
CPU9 44.805322 112015 sgemm sgemm CUDA2 1.196277 112055 40
CPU6 45.171897 112016 sgemm sgemm CUDA2 13.158245 112056 40
CPU9 45.172663 112017 sgemm sgemm CUDA0 15.573976 112057 40
CPU4 45.120462 112018 sgemm sgemm CUDA2 1.161060 112058 40
CPU9 44.992315 112019 sgemm sgemm CUDA3 12.096281 112059 40
CPU0 25.444753 112022 ssyrk ssyrk CPU28 76.177098 112062 40
CPU9 44.804962 112023 sgemm sgemm CUDA1 1.166133 112063 40
CPU13 44.947086 112024 sgemm sgemm CUDA1 1.161185 112064 40
CPU10 44.957665 112025 sgemm sgemm CUDA1 0.063201 112065 40
CPU5 44.881100 112026 sgemm sgemm CUDA1 0.058780 112066 40
CPU0 45.113776 112027 sgemm sgemm CUDA1 1.182172 112067 40
CPU0 45.044948 112028 sgemm sgemm CUDA1 0.996488 112068 40
CPU1 44.884385 112029 sgemm sgemm CUDA1 1.168316 112069 40
CPU1 45.194043 112030 sgemm sgemm CUDA3 0.994518 112070 40
CPU4 45.387500 112031 sgemm sgemm CUDA1 1.167399 112071 40
CPU19 44.764853 112032 sgemm sgemm CUDA1 1.000260 112072 40
CPU14 44.863516 112033 sgemm sgemm CUDA3 0.993880 112073 40
CPU18 45.024517 112034 sgemm sgemm CUDA1 0.994924 112074 40
CPU2 44.704318 112035 sgemm sgemm CUDA1 0.056474 112075 40
CPU9 45.214999 112036 sgemm sgemm CUDA3 0.081086 112076 40
CPU2 45.195637 112037 sgemm sgemm CUDA0 0.100713 112077 40
CPU1 44.833493 112038 sgemm sgemm CUDA0 0.990923 112078 40
CPU2 44.980562 112039 sgemm sgemm CUDA0 1.050660 112079 40
CPU18 44.675673 112040 sgemm sgemm CUDA1 0.052924 112080 40
CPU5 44.425713 112041 sgemm sgemm CUDA1 1.165882 112081 40
CPU19 45.084298 112042 sgemm sgemm CUDA0 1.213235 112082 40
CPU4 44.862861 112043 sgemm sgemm CUDA3 1.002459 112083 40
CPU13 44.882710 112044 sgemm sgemm CUDA3 1.055194 112084 40
CPU8 45.248808 112045 sgemm sgemm CUDA0 1.324253 112085 40
CPU4 44.458726 112046 sgemm sgemm CUDA3 1.161978 112086 40
CPU0 45.223207 112047 sgemm sgemm CUDA3 1.160606 112087 40
CPU7 45.354589 112048 sgemm sgemm CUDA0 9.007338 112088 40
CPU8 44.815200 112049 sgemm sgemm CUDA3 12.100304 112089 40
CPU2 44.875496 112050 sgemm sgemm CUDA3 1.162276 112090 40
CPU0 25.350751 112053 ssyrk ssyrk CPU -1 112093 40
CPU14 45.037105 112054 sgemm sgemm CUDA1 1.410602 112094 40
CPU1 44.670485 112055 sgemm sgemm CUDA1 0.987722 112095 40
CPU11 45.074914 112056 sgemm sgemm CUDA1 1.196940 112096 40
CPU8 44.838426 112057 sgemm sgemm CUDA1 1.168659 112097 40
CPU0 45.376691 112058 sgemm sgemm CUDA1 0.168288 112098 40
CPU12 45.178310 112059 sgemm sgemm CUDA0 1.000089 112099 40
CPU9 44.733377 112060 sgemm sgemm CUDA0 0.999357 112100 40
CPU1 44.336538 112061 sgemm sgemm CUDA1 1.169721 112101 40
CPU14 45.076689 112062 sgemm sgemm CUDA1 1.165230 112102 40
CPU5 44.885081 112063 sgemm sgemm CUDA0 1.048835 112103 40
CPU18 45.168863 112064 sgemm sgemm CUDA0 1.002736 112104 40
CPU6 45.224111 112065 sgemm sgemm CUDA1 1.234688 112105 40
CPU2 44.919665 112066 sgemm sgemm CUDA1 0.921122 112106 40
CPU5 45.024310 112067 sgemm sgemm CUDA0 0.993758 112107 40
CPU5 44.512982 112068 sgemm sgemm CUDA0 1.149474 112108 40
CPU8 44.998000 112069 sgemm sgemm CUDA0 1.163527 112109 40
CPU18 44.887761 112070 sgemm sgemm CUDA1 1.167480 112110 40
CPU4 45.078079 112071 sgemm sgemm CUDA1 0.995586 112111 40
CPU18 44.818622 112072 sgemm sgemm CUDA0 12.291719 112112 40
CPU9 44.421460 112073 sgemm sgemm CUDA2 1.161663 112113 40
CPU13 45.137351 112074 sgemm sgemm CUDA1 1.162014 112114 40
CPU1 44.795052 112075 sgemm sgemm CUDA0 0.987774 112115 40
CPU9 44.360476 112076 sgemm sgemm CUDA2 1.103229 112116 40
CPU5 44.690854 112077 sgemm sgemm CUDA2 1.160487 112117 40
CPU3 44.921449 112078 sgemm sgemm CUDA0 0.988865 112118 40
CPU2 44.597021 112079 sgemm sgemm CUDA2 1.219097 112119 40
CPU3 44.741411 112080 sgemm sgemm CUDA1 0.995371 112120 40
CPU13 25.274939 112083 ssyrk ssyrk CPU -1 112123 40
CPU0 45.180107 112084 sgemm sgemm CUDA1 0.994612 112124 40
CPU13 44.856981 112085 sgemm sgemm CUDA1 1.218739 112125 40
CPU14 45.099893 112086 sgemm sgemm CUDA1 0.991797 112126 40
CPU7 44.960390 112087 sgemm sgemm CUDA1 1.161714 112127 40
CPU13 45.144044 112088 sgemm sgemm CUDA0 1.000739 112128 40
CPU4 44.710223 112089 sgemm sgemm CUDA0 1.242340 112129 40
CPU9 44.937381 112090 sgemm sgemm CUDA1 1.197660 112130 40
CPU5 44.985028 112091 sgemm sgemm CUDA1 1.012147 112131 40
CPU15 44.871320 112092 sgemm sgemm CUDA0 1.168447 112132 40
CPU18 45.033498 112093 sgemm sgemm CUDA0 0.997602 112133 40
CPU10 45.025432 112094 sgemm sgemm CUDA1 0.996889 112134 40
CPU3 45.414032 112095 sgemm sgemm CUDA3 1.248745 112135 40
CPU0 44.996758 112096 sgemm sgemm CUDA0 0.994587 112136 40
CPU12 44.562291 112097 sgemm sgemm CUDA0 1.165254 112137 40
CPU4 44.751688 112098 sgemm sgemm CUDA3 1.168036 112138 40
CPU18 45.017855 112099 sgemm sgemm CUDA1 1.163223 112139 40
CPU7 45.321150 112100 sgemm sgemm CUDA1 12.712959 112140 40
CPU18 45.074887 112101 sgemm sgemm CUDA1 0.989819 112141 40
CPU13 45.326103 112102 sgemm sgemm CUDA3 0.991800 112142 40
CPU9 45.413687 112103 sgemm sgemm CUDA1 1.160997 112143 40
CPU13 45.224207 112104 sgemm sgemm CUDA2 0.078745 112144 40
CPU14 44.959441 112105 sgemm sgemm CUDA2 1.216112 112145 40
CPU10 45.083202 112106 sgemm sgemm CUDA2 0.098137 112146 40
CPU15 45.020763 112107 sgemm sgemm CUDA1 1.160618 112147 40
CPU0 45.021533 112108 sgemm sgemm CUDA2 0.054685 112148 40
CPU4 44.967392 112109 sgemm sgemm CUDA1 1.220368 112149 40
CPU10 25.279795 112112 ssyrk ssyrk CPU21 80.294811 112152 40
CPU4 44.960288 112113 sgemm sgemm CUDA1 1.266998 112153 40
CPU15 45.143413 112114 sgemm sgemm CUDA1 0.995487 112154 40
CPU10 45.284683 112115 sgemm sgemm CUDA1 1.001194 112155 40
CPU5 44.447383 112116 sgemm sgemm CUDA1 0.998890 112156 40
CPU10 45.048887 112117 sgemm sgemm CUDA0 0.990258 112157 40
CPU4 44.927499 112118 sgemm sgemm CUDA1 1.004979 112158 40
CPU15 45.004928 112119 sgemm sgemm CUDA1 0.169358 112159 40
CPU16 45.087407 112120 sgemm sgemm CUDA3 1.167404 112160 40
CPU18 44.882204 112121 sgemm sgemm CUDA0 1.216968 112161 40
CPU15 46.026768 112122 sgemm sgemm CUDA1 1.171739 112162 40
CPU0 45.131404 112123 sgemm sgemm CUDA3 1.002056 112163 40
CPU5 44.993877 112124 sgemm sgemm CUDA0 1.002026 112164 40
CPU2 44.782677 112125 sgemm sgemm CUDA0 1.171509 112165 40
CPU15 45.027221 112126 sgemm sgemm CUDA0 0.998301 112166 40
CPU19 44.876862 112127 sgemm sgemm CUDA1 1.352334 112167 40
CPU13 45.479191 112128 sgemm sgemm CUDA1 8.187539 112168 40
CPU5 44.782592 112129 sgemm sgemm CUDA0 1.164165 112169 40
CPU11 45.295816 112130 sgemm sgemm CUDA3 13.097220 112170 40
CPU13 45.101185 112131 sgemm sgemm CUDA1 0.988930 112171 40
CPU2 45.092488 112132 sgemm sgemm CUDA0 1.161718 112172 40
CPU7 44.860534 112133 sgemm sgemm CUDA2 0.993344 112173 40
CPU10 44.995742 112134 sgemm sgemm CUDA3 1.049623 112174 40
CPU4 45.354732 112135 sgemm sgemm CUDA0 1.286091 112175 40
CPU3 44.810915 112136 sgemm sgemm CUDA2 24.219295 112176 40
CPU1 44.669409 112137 sgemm sgemm CUDA3 0.992773 112177 40
CPU4 25.398092 112140 ssyrk ssyrk CPU10 83.517566 112180 40
CPU2 44.751006 112141 sgemm sgemm CUDA1 0.993167 112181 40
CPU4 44.931691 112142 sgemm sgemm CUDA1 0.060241 112182 40
CPU2 44.877261 112143 sgemm sgemm CUDA1 0.087063 112183 40
CPU7 45.024768 112144 sgemm sgemm CUDA0 21.084594 112184 40
CPU1 44.338888 112145 sgemm sgemm CUDA1 1.116443 112185 40
CPU14 45.368715 112146 sgemm sgemm CUDA1 1.170629 112186 40
CPU11 44.880164 112147 sgemm sgemm CUDA0 1.003883 112187 40
CPU18 44.770600 112148 sgemm sgemm CUDA0 0.995388 112188 40
CPU4 44.936691 112149 sgemm sgemm CUDA1 0.996312 112189 40
CPU1 45.227582 112150 sgemm sgemm CUDA1 0.980714 112190 40
CPU1 45.209180 112151 sgemm sgemm CUDA0 1.169111 112191 40
CPU2 44.643723 112152 sgemm sgemm CUDA0 0.995847 112192 40
CPU3 44.722869 112153 sgemm sgemm CUDA3 1.160712 112193 40
CPU19 45.139730 112154 sgemm sgemm CUDA1 0.991761 112194 40
CPU16 44.797694 112155 sgemm sgemm CUDA1 12.668210 112195 40
CPU19 44.983350 112156 sgemm sgemm CUDA0 1.000207 112196 40
CPU3 44.540142 112157 sgemm sgemm CUDA3 0.993844 112197 40
CPU7 45.533316 112158 sgemm sgemm CUDA1 1.158762 112198 40
CPU4 45.407726 112159 sgemm sgemm CUDA0 0.990159 112199 40
CPU4 45.139648 112160 sgemm sgemm CUDA1 1.161138 112200 40
CPU3 45.034364 112161 sgemm sgemm CUDA3 0.993627 112201 40
CPU8 45.365873 112162 sgemm sgemm CUDA0 0.993763 112202 40
CPU19 45.265559 112163 sgemm sgemm CUDA3 0.045494 112203 40
CPU9 44.933288 112164 sgemm sgemm CUDA1 12.604326 112204 40
CPU0 25.367363 112167 ssyrk ssyrk CPU30 96.273202 112207 40
CPU8 44.914621 112168 sgemm sgemm CUDA1 1.323796 112208 40
CPU13 45.120503 112169 sgemm sgemm CUDA1 1.169446 112209 40
CPU12 44.883132 112170 sgemm sgemm CUDA0 13.164000 112210 40
CPU16 45.052332 112171 sgemm sgemm CUDA1 1.174495 112211 40
CPU0 45.422712 112172 sgemm sgemm CUDA1 1.170927 112212 40
CPU13 45.079676 112173 sgemm sgemm CUDA0 1.162006 112213 40
CPU7 45.006823 112174 sgemm sgemm CUDA0 1.266192 112214 40
CPU5 45.000986 112175 sgemm sgemm CUDA1 1.214619 112215 40
CPU13 45.319374 112176 sgemm sgemm CUDA1 1.303191 112216 40
CPU9 44.816241 112177 sgemm sgemm CUDA0 1.165831 112217 40
CPU2 44.570214 112178 sgemm sgemm CUDA0 12.254090 112218 40
CPU11 45.151845 112179 sgemm sgemm CUDA0 1.132452 112219 40
CPU19 45.351331 112180 sgemm sgemm CUDA1 0.763692 112220 40
CPU12 45.335879 112181 sgemm sgemm CUDA1 0.992006 112221 40
CPU19 44.961906 112182 sgemm sgemm CUDA1 1.164325 112222 40
CPU4 44.544818 112183 sgemm sgemm CUDA2 5.475256 112223 40
CPU10 45.280239 112184 sgemm sgemm CUDA1 0.993764 112224 40
CPU3 44.796863 112185 sgemm sgemm CUDA2 0.986504 112225 40
CPU7 44.802442 112186 sgemm sgemm CUDA2 1.088966 112226 40
CPU5 44.606131 112187 sgemm sgemm CUDA2 1.217321 112227 40
CPU1 44.382774 112188 sgemm sgemm CUDA0 1.048093 112228 40
CPU13 45.471968 112189 sgemm sgemm CUDA2 1.162440 112229 40
CPU1 44.430131 112190 sgemm sgemm CUDA2 0.994698 112230 40
CPU3 25.279740 112193 ssyrk ssyrk CPU10 98.566290 112233 40
CPU12 45.013323 112194 sgemm sgemm CUDA1 1.383798 112234 40
CPU15 44.927328 112195 sgemm sgemm CUDA1 0.103641 112235 40
CPU5 44.941496 112196 sgemm sgemm CUDA1 0.079811 112236 40
CPU15 44.779131 112197 sgemm sgemm CUDA1 1.001530 112237 40
CPU16 44.914641 112198 sgemm sgemm CUDA3 1.002279 112238 40
CPU18 44.828290 112199 sgemm sgemm CUDA1 3.233131 112239 40
CPU6 45.806963 112200 sgemm sgemm CUDA1 0.998871 112240 40
CPU4 44.874163 112201 sgemm sgemm CUDA1 1.165866 112241 40
CPU7 45.127988 112202 sgemm sgemm CUDA3 12.216931 112242 40
CPU9 44.514916 112203 sgemm sgemm CUDA0 0.992420 112243 40
CPU14 45.313902 112204 sgemm sgemm CUDA0 1.162235 112244 40
CPU19 44.930106 112205 sgemm sgemm CUDA1 0.991068 112245 40
CPU15 44.938244 112206 sgemm sgemm CUDA1 1.160122 112246 40
CPU18 44.730803 112207 sgemm sgemm CUDA0 2.901585 112247 40
CPU9 45.161016 112208 sgemm sgemm CUDA3 1.162983 112248 40
CPU15 44.848447 112209 sgemm sgemm CUDA1 1.156530 112249 40
CPU9 44.826017 112210 sgemm sgemm CUDA3 2.712813 112250 40
CPU1 44.701223 112211 sgemm sgemm CUDA3 1.106325 112251 40
CPU2 44.921659 112212 sgemm sgemm CUDA3 1.221728 112252 40
CPU10 45.071977 112213 sgemm sgemm CUDA1 0.163791 112253 40
CPU14 45.251932 112214 sgemm sgemm CUDA3 1.165037 112254 40
CPU1 44.442310 112215 sgemm sgemm CUDA2 1.160735 112255 40
CPU13 25.350378 112218 ssyrk ssyrk CPU18 74.785979 112258 40
CPU13 45.089302 112219 sgemm sgemm CUDA1 1.175558 112259 40
CPU6 45.041320 112220 sgemm sgemm CUDA0 1.229346 112260 40
CPU11 44.822893 112221 sgemm sgemm CUDA1 0.995122 112261 40
CPU8 45.051341 112222 sgemm sgemm CUDA0 0.999996 112262 40
CPU5 45.088941 112223 sgemm sgemm CUDA1 1.165760 112263 40
CPU5 44.705991 112224 sgemm sgemm CUDA1 0.115497 112264 40
CPU19 45.016799 112225 sgemm sgemm CUDA1 0.989896 112265 40
CPU8 44.966389 112226 sgemm sgemm CUDA0 0.986715 112266 40
CPU4 44.848822 112227 sgemm sgemm CUDA0 1.159624 112267 40
CPU16 45.270338 112228 sgemm sgemm CUDA0 0.998156 112268 40
CPU18 44.826012 112229 sgemm sgemm CUDA1 0.987235 112269 40
CPU13 45.128266 112230 sgemm sgemm CUDA1 1.053891 112270 40
CPU18 44.980269 112231 sgemm sgemm CUDA0 1.156042 112271 40
CPU5 44.627424 112232 sgemm sgemm CUDA2 1.099071 112272 40
CPU14 44.946547 112233 sgemm sgemm CUDA2 1.158883 112273 40
CPU1 45.037606 112234 sgemm sgemm CUDA2 1.162516 112274 40
CPU2 44.418360 112235 sgemm sgemm CUDA2 0.992492 112275 40
CPU5 44.658190 112236 sgemm sgemm CUDA2 1.051186 112276 40
CPU13 45.134247 112237 sgemm sgemm CUDA1 1.161876 112277 40
CPU6 44.901927 112238 sgemm sgemm CUDA2 0.994952 112278 40
CPU1 44.576843 112239 sgemm sgemm CUDA2 12.989888 112279 40
CPU11 24.714187 112242 ssyrk ssyrk CPU16 89.815790 112282 40
CPU10 45.091920 112243 sgemm sgemm CUDA0 0.054719 112283 40
CPU19 45.091807 112244 sgemm sgemm CUDA1 5.157137 112284 40
CPU12 44.794888 112245 sgemm sgemm CUDA3 1.171750 112285 40
CPU15 44.802465 112246 sgemm sgemm CUDA0 1.169954 112286 40
CPU0 45.306346 112247 sgemm sgemm CUDA1 0.091817 112287 40
CPU2 45.105004 112248 sgemm sgemm CUDA1 0.993994 112288 40
CPU13 44.820598 112249 sgemm sgemm CUDA3 1.164205 112289 40
CPU16 45.238863 112250 sgemm sgemm CUDA0 0.985606 112290 40
CPU19 45.114496 112251 sgemm sgemm CUDA3 0.994030 112291 40
CPU19 44.984402 112252 sgemm sgemm CUDA1 2.017733 112292 40
CPU2 44.941881 112253 sgemm sgemm CUDA1 1.222962 112293 40
CPU10 44.859954 112254 sgemm sgemm CUDA1 1.161913 112294 40
CPU14 45.087644 112255 sgemm sgemm CUDA3 0.988215 112295 40
CPU13 45.132366 112256 sgemm sgemm CUDA3 0.996556 112296 40
CPU0 45.315806 112257 sgemm sgemm CUDA3 1.380435 112297 40
CPU6 45.013927 112258 sgemm sgemm CUDA3 0.993379 112298 40
CPU15 44.696403 112259 sgemm sgemm CUDA0 1.055948 112299 40
CPU6 44.989778 112260 sgemm sgemm CUDA0 1.161253 112300 40
CPU11 44.926633 112261 sgemm sgemm CUDA3 0.991070 112301 40
CPU14 45.460680 112262 sgemm sgemm CUDA3 0.712392 112302 40
CPU1 25.335092 112265 ssyrk ssyrk CPU -1 112305 40
CPU16 45.006672 112266 sgemm sgemm CUDA1 1.597810 112306 40
CPU0 45.618472 112267 sgemm sgemm CUDA0 1.219683 112307 40
CPU5 45.100357 112268 sgemm sgemm CUDA1 1.219273 112308 40
CPU3 44.920651 112269 sgemm sgemm CUDA1 1.227554 112309 40
CPU3 45.315355 112270 sgemm sgemm CUDA1 1.164301 112310 40
CPU19 45.036010 112271 sgemm sgemm CUDA0 0.049909 112311 40
CPU9 44.955519 112272 sgemm sgemm CUDA0 1.160464 112312 40
CPU11 44.917524 112273 sgemm sgemm CUDA0 0.990593 112313 40
CPU18 44.786805 112274 sgemm sgemm CUDA1 1.156831 112314 40
CPU11 44.584515 112275 sgemm sgemm CUDA1 1.157812 112315 40
CPU2 45.362196 112276 sgemm sgemm CUDA0 1.160554 112316 40
CPU4 44.852233 112277 sgemm sgemm CUDA3 1.223527 112317 40
CPU1 45.096725 112278 sgemm sgemm CUDA1 1.157501 112318 40
CPU1 45.359530 112279 sgemm sgemm CUDA3 1.147906 112319 40
CPU1 44.737950 112280 sgemm sgemm CUDA3 0.937030 112320 40
CPU5 45.101244 112281 sgemm sgemm CUDA0 0.273803 112321 40
CPU14 44.825398 112282 sgemm sgemm CUDA0 0.994363 112322 40
CPU16 44.860861 112283 sgemm sgemm CUDA3 0.047086 112323 40
CPU0 44.516205 112284 sgemm sgemm CUDA2 0.397444 112324 40
CPU6 25.429851 112287 ssyrk ssyrk CPU10 85.387687 112327 40
CPU16 44.809919 112288 sgemm sgemm CUDA3 0.997608 112328 40
CPU13 44.980227 112289 sgemm sgemm CUDA1 0.993825 112329 40
CPU1 44.787469 112290 sgemm sgemm CUDA1 0.043838 112330 40
CPU10 45.070147 112291 sgemm sgemm CUDA1 1.141768 112331 40
CPU8 45.180940 112292 sgemm sgemm CUDA3 0.994767 112332 40
CPU0 45.035546 112293 sgemm sgemm CUDA0 0.988786 112333 40
CPU0 45.338570 112294 sgemm sgemm CUDA0 0.994731 112334 40
CPU19 44.946764 112295 sgemm sgemm CUDA1 1.225406 112335 40
CPU4 45.227163 112296 sgemm sgemm CUDA1 0.228536 112336 40
CPU8 45.248316 112297 sgemm sgemm CUDA0 0.993393 112337 40
CPU7 45.037816 112298 sgemm sgemm CUDA3 0.938387 112338 40
CPU16 44.798278 112299 sgemm sgemm CUDA3 1.289442 112339 40
CPU3 45.104550 112300 sgemm sgemm CUDA3 1.160402 112340 40
CPU3 45.036513 112301 sgemm sgemm CUDA3 1.045226 112341 40
CPU9 45.225777 112302 sgemm sgemm CUDA3 1.163941 112342 40
CPU6 45.252113 112303 sgemm sgemm CUDA0 4.269303 112343 40
CPU15 45.043222 112304 sgemm sgemm CUDA3 0.989643 112344 40
CPU6 44.730592 112305 sgemm sgemm CUDA3 1.109663 112345 40
CPU14 24.978741 112308 ssyrk ssyrk CPU -1 112348 40
CPU12 44.569434 112309 sgemm sgemm CUDA0 0.992072 112349 40
CPU14 44.780544 112310 sgemm sgemm CUDA0 0.990710 112350 40
CPU6 45.320380 112311 sgemm sgemm CUDA3 0.995038 112351 40
CPU12 45.049235 112312 sgemm sgemm CUDA3 1.217481 112352 40
CPU12 44.990866 112313 sgemm sgemm CUDA0 0.247736 112353 40
CPU8 45.035200 112314 sgemm sgemm CUDA3 12.819815 112354 40
CPU18 44.847366 112315 sgemm sgemm CUDA0 12.058225 112355 40
CPU7 45.335688 112316 sgemm sgemm CUDA3 1.369654 112356 40
CPU18 44.790981 112317 sgemm sgemm CUDA0 0.989857 112357 40
CPU14 44.818164 112318 sgemm sgemm CUDA2 0.109454 112358 40
CPU12 45.063641 112319 sgemm sgemm CUDA1 1.160469 112359 40
CPU8 45.095121 112320 sgemm sgemm CUDA3 2.042418 112360 40
CPU12 44.873297 112321 sgemm sgemm CUDA3 1.111415 112361 40
CPU14 44.715157 112322 sgemm sgemm CUDA3 1.251080 112362 40
CPU3 45.137523 112323 sgemm sgemm CUDA3 1.221491 112363 40
CPU8 44.907458 112324 sgemm sgemm CUDA2 0.053529 112364 40
CPU2 44.672791 112325 sgemm sgemm CUDA2 0.052194 112365 40
CPU18 24.792853 112328 ssyrk ssyrk CPU -1 112368 40
CPU18 44.967724 112329 sgemm sgemm CUDA0 1.022649 112369 40
CPU10 45.094639 112330 sgemm sgemm CUDA1 1.163281 112370 40
CPU3 45.160223 112331 sgemm sgemm CUDA0 1.160875 112371 40
CPU18 44.754044 112332 sgemm sgemm CUDA0 0.989381 112372 40
CPU16 44.956614 112333 sgemm sgemm CUDA0 0.987005 112373 40
CPU19 44.915568 112334 sgemm sgemm CUDA0 0.990001 112374 40
CPU5 45.260583 112335 sgemm sgemm CUDA1 1.222353 112375 40
CPU18 44.538075 112336 sgemm sgemm CUDA0 0.997365 112376 40
CPU18 44.977448 112337 sgemm sgemm CUDA2 0.992320 112377 40
CPU0 45.210134 112338 sgemm sgemm CUDA1 1.163945 112378 40
CPU12 44.966733 112339 sgemm sgemm CUDA2 1.046806 112379 40
CPU18 44.857293 112340 sgemm sgemm CUDA2 1.051298 112380 40
CPU18 44.687213 112341 sgemm sgemm CUDA0 1.326593 112381 40
CPU3 45.029135 112342 sgemm sgemm CUDA0 0.991954 112382 40
CPU10 45.263575 112343 sgemm sgemm CUDA2 0.994429 112383 40
CPU18 44.947508 112344 sgemm sgemm CUDA2 0.151987 112384 40
CPU6 25.106238 112347 ssyrk ssyrk CPU10 88.253511 112387 40
CPU9 44.731912 112348 sgemm sgemm CUDA1 11.997534 112388 40
CPU14 45.214526 112349 sgemm sgemm CUDA0 0.996480 112389 40
CPU7 44.433365 112350 sgemm sgemm CUDA0 1.217519 112390 40
CPU12 45.494918 112351 sgemm sgemm CUDA0 0.990970 112391 40
CPU18 44.836315 112352 sgemm sgemm CUDA1 0.992784 112392 40
CPU0 45.249409 112353 sgemm sgemm CUDA1 0.989220 112393 40
CPU18 45.036392 112354 sgemm sgemm CUDA1 0.993661 112394 40
CPU4 44.649771 112355 sgemm sgemm CUDA3 1.222753 112395 40
CPU9 44.618863 112356 sgemm sgemm CUDA3 1.161201 112396 40
CPU11 45.016367 112357 sgemm sgemm CUDA1 1.169842 112397 40
CPU6 44.628784 112358 sgemm sgemm CUDA3 1.158320 112398 40
CPU3 44.576369 112359 sgemm sgemm CUDA3 0.065497 112399 40
CPU12 45.362288 112360 sgemm sgemm CUDA0 5.972052 112400 40
CPU11 45.247001 112361 sgemm sgemm CUDA3 5.433143 112401 40
CPU4 44.840619 112362 sgemm sgemm CUDA3 1.161202 112402 40
CPU9 25.480267 112365 ssyrk ssyrk CPU15 98.242501 112405 40
CPU11 44.781912 112366 sgemm sgemm CUDA3 1.054886 112406 40
CPU9 45.229397 112367 sgemm sgemm CUDA0 0.992015 112407 40
CPU5 45.090813 112368 sgemm sgemm CUDA3 12.822777 112408 40
CPU2 45.099363 112369 sgemm sgemm CUDA1 1.231811 112409 40
CPU11 44.552761 112370 sgemm sgemm CUDA1 1.050485 112410 40
CPU7 45.339299 112371 sgemm sgemm CUDA1 1.193539 112411 40
CPU3 45.326549 112372 sgemm sgemm CUDA3 1.166768 112412 40
CPU16 44.844728 112373 sgemm sgemm CUDA1 0.990438 112413 40
CPU16 44.812165 112374 sgemm sgemm CUDA3 1.161025 112414 40
CPU9 44.966444 112375 sgemm sgemm CUDA2 0.070184 112415 40
CPU0 45.430222 112376 sgemm sgemm CUDA2 12.342147 112416 40
CPU7 45.334662 112377 sgemm sgemm CUDA3 12.961717 112417 40
CPU6 45.249971 112378 sgemm sgemm CUDA1 0.990451 112418 40
CPU8 44.541090 112379 sgemm sgemm CUDA2 1.161211 112419 40
CPU2 25.235301 112382 ssyrk ssyrk CPU17 69.832757 112422 40
CPU8 45.122658 112383 sgemm sgemm CUDA0 1.161389 112423 40
CPU8 44.906145 112384 sgemm sgemm CUDA0 0.996957 112424 40
CPU19 45.001184 112385 sgemm sgemm CUDA0 1.162593 112425 40
CPU10 44.717905 112386 sgemm sgemm CUDA3 1.047927 112426 40
CPU4 45.487532 112387 sgemm sgemm CUDA2 0.989979 112427 40
CPU1 44.864459 112388 sgemm sgemm CUDA3 12.450682 112428 40
CPU4 45.310785 112389 sgemm sgemm CUDA3 18.138446 112429 40
CPU6 45.227587 112390 sgemm sgemm CUDA0 1.165465 112430 40
CPU5 45.022213 112391 sgemm sgemm CUDA2 12.051556 112431 40
CPU6 45.378329 112392 sgemm sgemm CUDA2 0.168234 112432 40
CPU13 44.830426 112393 sgemm sgemm CUDA2 1.162487 112433 40
CPU10 45.158440 112394 sgemm sgemm CUDA2 0.130999 112434 40
CPU7 44.950236 112395 sgemm sgemm CUDA3 1.052296 112435 40
CPU2 24.699106 112398 ssyrk ssyrk CPU13 98.121805 112438 40
CPU11 45.090532 112399 sgemm sgemm CUDA0 0.702614 112439 40
CPU18 44.898685 112400 sgemm sgemm CUDA0 1.163086 112440 40
CPU14 45.199989 112401 sgemm sgemm CUDA0 0.994253 112441 40
CPU18 44.704559 112402 sgemm sgemm CUDA2 1.048946 112442 40
CPU9 44.631254 112403 sgemm sgemm CUDA2 9.062003 112443 40
CPU13 45.137094 112404 sgemm sgemm CUDA2 0.063735 112444 40
CPU10 45.181564 112405 sgemm sgemm CUDA0 1.165723 112445 40
CPU10 45.481713 112406 sgemm sgemm CUDA2 12.683747 112446 40
CPU4 45.052514 112407 sgemm sgemm CUDA0 1.163550 112447 40
CPU12 45.159339 112408 sgemm sgemm CUDA2 0.936756 112448 40
CPU4 45.185092 112409 sgemm sgemm CUDA2 1.163614 112449 40
CPU5 44.477939 112410 sgemm sgemm CUDA2 1.161863 112450 40
CPU16 25.270142 112413 ssyrk ssyrk CPU10 97.676476 112453 40
CPU3 44.816835 112414 sgemm sgemm CUDA0 1.158784 112454 40
CPU3 45.074956 112415 sgemm sgemm CUDA0 5.236719 112455 40
CPU2 44.890285 112416 sgemm sgemm CUDA0 1.051830 112456 40
CPU13 44.989080 112417 sgemm sgemm CUDA2 8.754650 112457 40
CPU19 45.340582 112418 sgemm sgemm CUDA2 1.166322 112458 40
CPU2 44.772869 112419 sgemm sgemm CUDA2 0.080928 112459 40
CPU7 44.597524 112420 sgemm sgemm CUDA2 1.155205 112460 40
CPU12 44.654863 112421 sgemm sgemm CUDA3 1.108574 112461 40
CPU1 44.803876 112422 sgemm sgemm CUDA0 1.047823 112462 40
CPU1 44.734824 112423 sgemm sgemm CUDA2 0.985828 112463 40
CPU14 45.443001 112424 sgemm sgemm CUDA3 0.996443 112464 40
CPU18 25.055310 112427 ssyrk ssyrk CPU28 101.182392 112467 40
CPU9 45.079458 112428 sgemm sgemm CUDA1 1.157852 112468 40
CPU19 44.839601 112429 sgemm sgemm CUDA0 12.073087 112469 40
CPU19 45.141476 112430 sgemm sgemm CUDA2 1.103399 112470 40
CPU5 45.322165 112431 sgemm sgemm CUDA2 0.986022 112471 40
CPU14 44.944957 112432 sgemm sgemm CUDA0 0.996027 112472 40
CPU18 45.040779 112433 sgemm sgemm CUDA2 1.166184 112473 40
CPU19 45.121806 112434 sgemm sgemm CUDA2 0.936376 112474 40
CPU3 45.332136 112435 sgemm sgemm CUDA2 0.043558 112475 40
CPU5 44.964566 112436 sgemm sgemm CUDA2 1.051207 112476 40
CPU18 44.937247 112437 sgemm sgemm CUDA2 13.091047 112477 40
CPU4 25.605252 112440 ssyrk ssyrk CPU17 122.790734 112480 40
CPU13 44.773643 112441 sgemm sgemm CUDA3 1.160572 112481 40
CPU16 45.026796 112442 sgemm sgemm CUDA3 1.158320 112482 40
CPU13 44.946080 112443 sgemm sgemm CUDA3 1.092852 112483 40
CPU9 45.057128 112444 sgemm sgemm CUDA3 1.157845 112484 40
CPU10 45.020319 112445 sgemm sgemm CUDA3 1.194252 112485 40
CPU2 45.992438 112446 sgemm sgemm CUDA3 0.797042 112486 40
CPU12 44.868141 112447 sgemm sgemm CUDA0 0.983997 112487 40
CPU0 45.419090 112448 sgemm sgemm CUDA2 0.994625 112488 40
CPU14 45.286003 112449 sgemm sgemm CUDA2 1.106877 112489 40
CPU18 24.699716 112452 ssyrk ssyrk CPU -1 112492 40
CPU18 44.720237 112453 sgemm sgemm CUDA3 1.161009 112493 40
CPU15 44.777841 112454 sgemm sgemm CUDA3 1.051761 112494 40
CPU6 45.173729 112455 sgemm sgemm CUDA3 0.995161 112495 40
CPU18 44.867388 112456 sgemm sgemm CUDA2 12.397139 112496 40
CPU19 44.844785 112457 sgemm sgemm CUDA0 7.480164 112497 40
CPU11 44.773869 112458 sgemm sgemm CUDA0 1.225574 112498 40
CPU3 45.139255 112459 sgemm sgemm CUDA2 0.991199 112499 40
CPU19 45.328348 112460 sgemm sgemm CUDA2 1.165968 112500 40
CPU4 25.081291 112463 ssyrk ssyrk CPU19 101.249588 112503 40
CPU14 44.994236 112464 sgemm sgemm CUDA3 0.982201 112504 40
CPU11 45.019357 112465 sgemm sgemm CUDA3 0.989748 112505 40
CPU0 44.897290 112466 sgemm sgemm CUDA2 1.158654 112506 40
CPU14 45.229069 112467 sgemm sgemm CUDA3 1.161841 112507 40
CPU5 44.902273 112468 sgemm sgemm CUDA2 0.046093 112508 40
CPU12 45.250990 112469 sgemm sgemm CUDA3 0.994683 112509 40
CPU0 45.103218 112470 sgemm sgemm CUDA2 1.390238 112510 40
CPU13 25.017279 112473 ssyrk ssyrk CPU -1 112513 40
CPU14 44.808617 112474 sgemm sgemm CUDA1 1.050461 112514 40
CPU2 45.054943 112475 sgemm sgemm CUDA2 1.105975 112515 40
CPU9 45.108900 112476 sgemm sgemm CUDA2 0.933914 112516 40
CPU15 44.698019 112477 sgemm sgemm CUDA3 12.300428 112517 40
CPU8 45.809336 112478 sgemm sgemm CUDA2 10.773281 112518 40
CPU13 45.217042 112479 sgemm sgemm CUDA2 0.042490 112519 40
CPU2 25.241648 112482 ssyrk ssyrk CPU -1 112522 40
CPU1 44.976682 112483 sgemm sgemm CUDA3 12.695158 112523 40
CPU12 44.971740 112484 sgemm sgemm CUDA2 1.106364 112524 40
CPU16 44.734632 112485 sgemm sgemm CUDA0 0.992551 112525 40
CPU15 44.867946 112486 sgemm sgemm CUDA2 1.099302 112526 40
CPU3 44.761983 112487 sgemm sgemm CUDA2 0.934278 112527 40
CPU4 25.351149 112490 ssyrk ssyrk CPU -1 112530 40
CPU13 45.282841 112491 sgemm sgemm CUDA3 1.051504 112531 40
CPU13 45.635292 112492 sgemm sgemm CUDA3 12.555481 112532 40
CPU15 45.167073 112493 sgemm sgemm CUDA3 1.052556 112533 40
CPU7 44.674077 112494 sgemm sgemm CUDA2 1.259699 112534 40
CPU5 25.004470 112497 ssyrk ssyrk CPU -1 112537 40
CPU16 44.894407 112498 sgemm sgemm CUDA2 1.220680 112538 40
CPU19 45.272079 112499 sgemm sgemm CUDA2 1.050598 112539 40
CPU8 44.713415 112500 sgemm sgemm CUDA3 12.645267 112540 40
CPU4 25.620732 112503 ssyrk ssyrk CPU -1 112543 40
CPU0 45.309129 112504 sgemm sgemm CUDA2 0.188166 112544 40
CPU6 45.195317 112505 sgemm sgemm CUDA3 2.011321 112545 40
CPU15 25.032693 112508 ssyrk ssyrk CPU -1 112548 40
CPU15 45.059759 112509 sgemm sgemm CUDA3 3.004403 112549 40
CPU9 24.844305 112512 ssyrk ssyrk CPU -1 112552 40
CPU6 13.890206 112515 spotrf spotrf CPU15 25.492481 112555 40
CPU10 30.619989 112516 strsm strsm CPU24 98.157469 112556 40
CPU6 30.535363 112517 strsm strsm CPU -1 112557 40
CPU14 30.490690 112518 strsm strsm CPU -1 112558 40
CPU8 30.373732 112519 strsm strsm CPU19 100.769507 112559 40
CPU15 29.912665 112520 strsm strsm CPU -1 112560 40
CPU9 30.583109 112521 strsm strsm CPU -1 112561 40
CPU3 30.396371 112522 strsm strsm CPU19 98.078405 112562 40
CPU5 30.366461 112523 strsm strsm CPU -1 112563 40
CPU11 30.090514 112524 strsm strsm CPU20 92.584729 112564 40
CPU8 30.451088 112525 strsm strsm CPU -1 112565 40
CPU2 30.418929 112526 strsm strsm CPU19 83.957906 112566 40
CPU16 30.078920 112527 strsm strsm CPU14 98.595665 112567 40
CPU18 29.885428 112528 strsm strsm CPU -1 112568 40
CPU7 31.036946 112529 strsm strsm CPU10 98.359582 112569 40
CPU6 30.920683 112530 strsm strsm CPU -1 112570 40
CPU2 30.077697 112531 strsm strsm CPU12 98.491762 112571 40
CPU6 30.789192 112532 strsm strsm CPU -1 112572 40
CPU16 30.306377 112533 strsm strsm CPU -1 112573 40
CPU18 29.888576 112534 strsm strsm CPU -1 112574 40
CPU6 30.675350 112535 strsm strsm CPU19 384.329990 112575 40
CPU18 29.917422 112536 strsm strsm CPU10 136.580397 112576 40
CPU8 30.085077 112537 strsm strsm CPU14 158.475293 112577 40
CPU13 30.704340 112538 strsm strsm CUDA1 2.965492 112578 40
CPU4 30.852145 112539 strsm strsm CUDA2 3.905454 112579 40
CPU9 30.092201 112540 strsm strsm CUDA2 2.806495 112580 40
CPU6 30.594118 112541 strsm strsm CUDA2 11.653128 112581 40
CPU9 30.454761 112542 strsm strsm CUDA1 2.811726 112582 40
CPU4 30.503064 112543 strsm strsm CUDA2 10.876454 112583 40
CPU9 30.009874 112544 strsm strsm CUDA2 2.822738 112584 40
CPU10 25.355408 112547 ssyrk ssyrk CPU11 85.492131 112587 40
CPU10 45.517919 112548 sgemm sgemm CUDA1 1.167195 112588 40
CPU10 45.070648 112549 sgemm sgemm CUDA1 0.145795 112589 40
CPU8 45.972501 112550 sgemm sgemm CUDA1 0.997266 112590 40
CPU5 44.903824 112551 sgemm sgemm CUDA1 1.163462 112591 40
CPU10 44.988649 112552 sgemm sgemm CUDA1 0.082511 112592 40
CPU10 45.111912 112553 sgemm sgemm CUDA1 1.240497 112593 40
CPU10 44.872151 112554 sgemm sgemm CUDA1 0.996368 112594 40
CPU1 45.055114 112555 sgemm sgemm CUDA3 0.992546 112595 40
CPU8 45.230666 112556 sgemm sgemm CUDA1 0.999783 112596 40
CPU19 44.871321 112557 sgemm sgemm CUDA1 0.120095 112597 40
CPU14 44.890812 112558 sgemm sgemm CUDA3 1.269219 112598 40
CPU18 45.211611 112559 sgemm sgemm CUDA1 1.001762 112599 40
CPU10 45.050124 112560 sgemm sgemm CUDA1 1.001694 112600 40
CPU6 45.321188 112561 sgemm sgemm CUDA3 1.320595 112601 40
CPU2 44.686869 112562 sgemm sgemm CUDA0 0.056441 112602 40
CPU10 44.971632 112563 sgemm sgemm CUDA0 0.112257 112603 40
CPU2 45.158820 112564 sgemm sgemm CUDA0 0.985989 112604 40
CPU18 44.589415 112565 sgemm sgemm CUDA1 1.294288 112605 40
CPU7 44.952795 112566 sgemm sgemm CUDA1 1.218104 112606 40
CPU19 45.130809 112567 sgemm sgemm CUDA0 0.992817 112607 40
CPU1 45.185176 112568 sgemm sgemm CUDA3 0.994184 112608 40
CPU18 44.816774 112569 sgemm sgemm CUDA1 12.482396 112609 40
CPU9 45.229212 112570 sgemm sgemm CUDA0 1.206110 112610 40
CPU4 45.182488 112571 sgemm sgemm CUDA3 0.987671 112611 40
CPU3 44.782428 112572 sgemm sgemm CUDA3 12.929953 112612 40
CPU7 45.249936 112573 sgemm sgemm CUDA0 0.993423 112613 40
CPU8 44.713558 112574 sgemm sgemm CUDA3 0.992176 112614 40
CPU2 44.811089 112575 sgemm sgemm CUDA3 1.164366 112615 40
CPU6 25.556792 112578 ssyrk ssyrk CPU17 73.106669 112618 40
CPU14 45.128668 112579 sgemm sgemm CUDA1 1.166774 112619 40
CPU3 45.168808 112580 sgemm sgemm CUDA1 1.169880 112620 40
CPU15 44.833447 112581 sgemm sgemm CUDA1 0.991982 112621 40
CPU9 44.795613 112582 sgemm sgemm CUDA1 0.992587 112622 40
CPU3 45.731504 112583 sgemm sgemm CUDA1 1.245736 112623 40
CPU5 44.827366 112584 sgemm sgemm CUDA0 1.053159 112624 40
CPU9 44.831340 112585 sgemm sgemm CUDA0 1.168100 112625 40
CPU2 44.400747 112586 sgemm sgemm CUDA1 1.282254 112626 40
CPU14 45.108514 112587 sgemm sgemm CUDA1 0.992079 112627 40
CPU5 44.952522 112588 sgemm sgemm CUDA0 1.166318 112628 40
CPU18 44.886202 112589 sgemm sgemm CUDA0 0.982224 112629 40
CPU7 45.370760 112590 sgemm sgemm CUDA1 1.155302 112630 40
CPU2 44.931477 112591 sgemm sgemm CUDA1 1.087974 112631 40
CPU5 44.647756 112592 sgemm sgemm CUDA0 1.002513 112632 40
CPU4 44.851879 112593 sgemm sgemm CUDA0 1.145695 112633 40
CPU9 44.682436 112594 sgemm sgemm CUDA0 1.004886 112634 40
CPU18 44.947673 112595 sgemm sgemm CUDA1 0.821958 112635 40
CPU4 44.809992 112596 sgemm sgemm CUDA1 1.154964 112636 40
CPU18 44.906916 112597 sgemm sgemm CUDA0 1.053434 112637 40
CPU8 44.485638 112598 sgemm sgemm CUDA2 0.992415 112638 40
CPU10 45.006657 112599 sgemm sgemm CUDA1 14.809829 112639 40
CPU1 44.875611 112600 sgemm sgemm CUDA0 0.049034 112640 40
CPU5 44.669698 112601 sgemm sgemm CUDA2 1.050664 112641 40
CPU4 44.936442 112602 sgemm sgemm CUDA2 0.053284 112642 40
CPU7 44.857645 112603 sgemm sgemm CUDA0 1.161000 112643 40
CPU4 44.665474 112604 sgemm sgemm CUDA2 1.219766 112644 40
CPU3 44.707270 112605 sgemm sgemm CUDA1 0.994178 112645 40
CPU14 25.172616 112608 ssyrk ssyrk CPU -1 112648 40
CPU0 45.630882 112609 sgemm sgemm CUDA1 0.993272 112649 40
CPU15 44.710482 112610 sgemm sgemm CUDA1 0.064045 112650 40
CPU14 44.983606 112611 sgemm sgemm CUDA1 12.289837 112651 40
CPU7 45.464176 112612 sgemm sgemm CUDA1 1.001214 112652 40
CPU13 44.829810 112613 sgemm sgemm CUDA0 1.049867 112653 40
CPU4 44.831494 112614 sgemm sgemm CUDA0 0.998536 112654 40
CPU9 44.924319 112615 sgemm sgemm CUDA1 1.166924 112655 40
CPU5 44.798202 112616 sgemm sgemm CUDA1 0.995108 112656 40
CPU15 44.628601 112617 sgemm sgemm CUDA0 11.992414 112657 40
CPU18 44.715043 112618 sgemm sgemm CUDA0 1.050166 112658 40
CPU10 44.766700 112619 sgemm sgemm CUDA1 0.125908 112659 40
CPU3 45.549584 112620 sgemm sgemm CUDA3 0.078324 112660 40
CPU0 44.748274 112621 sgemm sgemm CUDA0 6.471432 112661 40
CPU12 44.445890 112622 sgemm sgemm CUDA0 0.998351 112662 40
CPU4 45.047447 112623 sgemm sgemm CUDA3 1.161734 112663 40
CPU18 44.911264 112624 sgemm sgemm CUDA1 0.994377 112664 40
CPU7 45.200445 112625 sgemm sgemm CUDA1 1.276419 112665 40
CPU18 44.936776 112626 sgemm sgemm CUDA1 1.161323 112666 40
CPU13 45.395151 112627 sgemm sgemm CUDA3 1.162057 112667 40
CPU9 45.293840 112628 sgemm sgemm CUDA1 1.051928 112668 40
CPU13 45.068199 112629 sgemm sgemm CUDA2 1.159378 112669 40
CPU14 44.840266 112630 sgemm sgemm CUDA2 1.160040 112670 40
CPU10 45.158379 112631 sgemm sgemm CUDA2 1.164166 112671 40
CPU15 44.808199 112632 sgemm sgemm CUDA1 1.150863 112672 40
CPU0 45.293769 112633 sgemm sgemm CUDA2 1.051215 112673 40
CPU4 44.973843 112634 sgemm sgemm CUDA1 1.052875 112674 40
CPU8 25.360402 112637 ssyrk ssyrk CPU17 70.992250 112677 40
CPU4 45.419947 112638 sgemm sgemm CUDA1 1.215204 112678 40
CPU15 44.656296 112639 sgemm sgemm CUDA1 1.172817 112679 40
CPU10 44.874997 112640 sgemm sgemm CUDA1 1.002533 112680 40
CPU5 45.191856 112641 sgemm sgemm CUDA1 1.166438 112681 40
CPU10 44.800099 112642 sgemm sgemm CUDA0 1.012679 112682 40
CPU4 44.517378 112643 sgemm sgemm CUDA1 12.097940 112683 40
CPU15 44.774314 112644 sgemm sgemm CUDA1 0.951124 112684 40
CPU16 44.702901 112645 sgemm sgemm CUDA0 0.990286 112685 40
CPU18 45.063552 112646 sgemm sgemm CUDA0 0.999546 112686 40
CPU15 44.788064 112647 sgemm sgemm CUDA1 1.166414 112687 40
CPU0 45.583808 112648 sgemm sgemm CUDA3 0.998080 112688 40
CPU5 45.106054 112649 sgemm sgemm CUDA0 0.991253 112689 40
CPU2 45.059755 112650 sgemm sgemm CUDA0 1.153827 112690 40
CPU15 44.840934 112651 sgemm sgemm CUDA0 0.991334 112691 40
CPU18 44.859318 112652 sgemm sgemm CUDA1 11.962279 112692 40
CPU13 45.154880 112653 sgemm sgemm CUDA1 1.155918 112693 40
CPU5 45.059728 112654 sgemm sgemm CUDA0 1.247490 112694 40
CPU11 45.179897 112655 sgemm sgemm CUDA3 1.160679 112695 40
CPU13 44.842611 112656 sgemm sgemm CUDA1 1.134195 112696 40
CPU4 45.273006 112657 sgemm sgemm CUDA0 0.989734 112697 40
CPU7 45.154340 112658 sgemm sgemm CUDA2 0.994784 112698 40
CPU10 45.165516 112659 sgemm sgemm CUDA3 0.995502 112699 40
CPU3 45.319939 112660 sgemm sgemm CUDA0 1.478924 112700 40
CPU3 44.925179 112661 sgemm sgemm CUDA2 0.997465 112701 40
CPU1 44.954241 112662 sgemm sgemm CUDA3 1.052135 112702 40
CPU15 24.671471 112665 ssyrk ssyrk CPU21 81.138029 112705 40
CPU15 44.639617 112666 sgemm sgemm CUDA1 0.997532 112706 40
CPU15 44.582944 112667 sgemm sgemm CUDA1 0.983671 112707 40
CPU1 45.420424 112668 sgemm sgemm CUDA1 1.168896 112708 40
CPU7 45.198185 112669 sgemm sgemm CUDA0 1.049776 112709 40
CPU1 44.527369 112670 sgemm sgemm CUDA1 1.196994 112710 40
CPU14 45.133852 112671 sgemm sgemm CUDA1 1.001128 112711 40
CPU11 44.697827 112672 sgemm sgemm CUDA0 1.221214 112712 40
CPU18 44.627310 112673 sgemm sgemm CUDA0 1.172234 112713 40
CPU7 44.767946 112674 sgemm sgemm CUDA1 1.154092 112714 40
CPU1 45.329330 112675 sgemm sgemm CUDA1 1.261211 112715 40
CPU1 45.241717 112676 sgemm sgemm CUDA0 0.044753 112716 40
CPU11 44.568208 112677 sgemm sgemm CUDA0 1.155277 112717 40
CPU3 44.970130 112678 sgemm sgemm CUDA3 1.162701 112718 40
CPU19 44.828239 112679 sgemm sgemm CUDA1 12.166304 112719 40
CPU16 44.710405 112680 sgemm sgemm CUDA1 1.219896 112720 40
CPU19 44.767476 112681 sgemm sgemm CUDA0 0.991386 112721 40
CPU10 45.143378 112682 sgemm sgemm CUDA3 0.989332 112722 40
CPU7 45.470039 112683 sgemm sgemm CUDA1 1.158517 112723 40
CPU4 45.260782 112684 sgemm sgemm CUDA0 1.134777 112724 40
CPU15 44.770106 112685 sgemm sgemm CUDA3 1.104697 112725 40
CPU1 45.100797 112686 sgemm sgemm CUDA3 1.290163 112726 40
CPU8 45.241832 112687 sgemm sgemm CUDA0 12.154721 112727 40
CPU19 45.072391 112688 sgemm sgemm CUDA3 12.779863 112728 40
CPU7 44.939488 112689 sgemm sgemm CUDA3 24.953902 112729 40
CPU9 25.464644 112692 ssyrk ssyrk CPU -1 112732 40
CPU3 45.421860 112693 sgemm sgemm CUDA1 0.994680 112733 40
CPU5 45.194321 112694 sgemm sgemm CUDA1 1.170359 112734 40
CPU11 44.752504 112695 sgemm sgemm CUDA0 1.165453 112735 40
CPU16 44.686429 112696 sgemm sgemm CUDA1 1.177310 112736 40
CPU0 45.846732 112697 sgemm sgemm CUDA1 0.077545 112737 40
CPU13 44.857818 112698 sgemm sgemm CUDA0 1.000683 112738 40
CPU7 45.302554 112699 sgemm sgemm CUDA0 0.140177 112739 40
CPU7 45.646783 112700 sgemm sgemm CUDA1 0.054034 112740 40
CPU2 45.294960 112701 sgemm sgemm CUDA1 1.162636 112741 40
CPU9 45.053243 112702 sgemm sgemm CUDA0 1.162666 112742 40
CPU6 46.051726 112703 sgemm sgemm CUDA0 0.988532 112743 40
CPU11 44.884667 112704 sgemm sgemm CUDA0 1.223113 112744 40
CPU19 45.053723 112705 sgemm sgemm CUDA1 12.465702 112745 40
CPU12 45.041028 112706 sgemm sgemm CUDA1 1.159778 112746 40
CPU19 44.823215 112707 sgemm sgemm CUDA1 0.863455 112747 40
CPU5 44.715285 112708 sgemm sgemm CUDA2 0.992681 112748 40
CPU10 44.927846 112709 sgemm sgemm CUDA1 0.231187 112749 40
CPU4 45.123709 112710 sgemm sgemm CUDA2 0.993954 112750 40
CPU9 45.031409 112711 sgemm sgemm CUDA2 0.076026 112751 40
CPU2 44.439155 112712 sgemm sgemm CUDA2 1.042093 112752 40
CPU9 44.463840 112713 sgemm sgemm CUDA0 1.162849 112753 40
CPU13 45.311858 112714 sgemm sgemm CUDA2 1.161294 112754 40
CPU1 44.422936 112715 sgemm sgemm CUDA2 1.048538 112755 40
CPU3 26.032094 112718 ssyrk ssyrk CPU15 97.545362 112758 40
CPU3 45.032082 112719 sgemm sgemm CUDA1 0.961290 112759 40
CPU3 44.513289 112720 sgemm sgemm CUDA1 11.100616 112760 40
CPU5 45.248828 112721 sgemm sgemm CUDA1 1.159596 112761 40
CPU15 44.443964 112722 sgemm sgemm CUDA1 1.253242 112762 40
CPU16 44.642721 112723 sgemm sgemm CUDA3 1.157300 112763 40
CPU18 44.775425 112724 sgemm sgemm CUDA1 1.116974 112764 40
CPU7 45.563600 112725 sgemm sgemm CUDA1 1.328046 112765 40
CPU4 45.231006 112726 sgemm sgemm CUDA1 0.054613 112766 40
CPU7 45.158892 112727 sgemm sgemm CUDA1 12.843525 112767 40
CPU5 45.932620 112728 sgemm sgemm CUDA0 1.230567 112768 40
CPU14 44.949937 112729 sgemm sgemm CUDA0 0.995597 112769 40
CPU19 44.805830 112730 sgemm sgemm CUDA1 0.990931 112770 40
CPU15 44.757261 112731 sgemm sgemm CUDA1 0.993546 112771 40
CPU18 44.915600 112732 sgemm sgemm CUDA0 0.994654 112772 40
CPU3 44.744513 112733 sgemm sgemm CUDA3 0.992924 112773 40
CPU15 44.840255 112734 sgemm sgemm CUDA1 1.156543 112774 40
CPU4 45.251562 112735 sgemm sgemm CUDA0 0.053204 112775 40
CPU3 44.815647 112736 sgemm sgemm CUDA3 12.413389 112776 40
CPU5 45.044701 112737 sgemm sgemm CUDA3 1.051554 112777 40
CPU10 44.981176 112738 sgemm sgemm CUDA1 0.412194 112778 40
CPU14 44.889567 112739 sgemm sgemm CUDA3 1.219907 112779 40
CPU9 44.729624 112740 sgemm sgemm CUDA2 1.155444 112780 40
CPU5 25.435935 112743 ssyrk ssyrk CPU13 89.394855 112783 40
CPU11 44.446903 112744 sgemm sgemm CUDA1 1.168014 112784 40
CPU6 45.514420 112745 sgemm sgemm CUDA1 0.062182 112785 40
CPU11 44.732793 112746 sgemm sgemm CUDA1 0.994120 112786 40
CPU8 45.356222 112747 sgemm sgemm CUDA0 1.161556 112787 40
CPU5 45.346114 112748 sgemm sgemm CUDA1 1.160505 112788 40
CPU6 45.643521 112749 sgemm sgemm CUDA1 0.044978 112789 40
CPU19 44.913328 112750 sgemm sgemm CUDA1 0.992146 112790 40
CPU8 45.095983 112751 sgemm sgemm CUDA0 11.994405 112791 40
CPU3 45.897270 112752 sgemm sgemm CUDA0 1.045035 112792 40
CPU16 44.862478 112753 sgemm sgemm CUDA0 16.501881 112793 40
CPU18 44.576356 112754 sgemm sgemm CUDA1 1.050416 112794 40
CPU13 45.040248 112755 sgemm sgemm CUDA1 0.993671 112795 40
CPU18 44.714020 112756 sgemm sgemm CUDA0 0.986030 112796 40
CPU8 44.463014 112757 sgemm sgemm CUDA2 0.195226 112797 40
CPU14 44.748068 112758 sgemm sgemm CUDA2 1.215784 112798 40
CPU1 45.416158 112759 sgemm sgemm CUDA2 0.988230 112799 40
CPU8 44.520363 112760 sgemm sgemm CUDA2 0.062797 112800 40
CPU6 45.119003 112761 sgemm sgemm CUDA2 0.991406 112801 40
CPU13 44.893590 112762 sgemm sgemm CUDA1 1.163935 112802 40
CPU6 45.285842 112763 sgemm sgemm CUDA2 0.932873 112803 40
CPU6 44.565637 112764 sgemm sgemm CUDA2 0.043008 112804 40
CPU11 24.690083 112767 ssyrk ssyrk CPU24 97.611336 112807 40
CPU9 45.278050 112768 sgemm sgemm CUDA0 8.996605 112808 40
CPU3 45.145279 112769 sgemm sgemm CUDA1 0.997115 112809 40
CPU12 44.746836 112770 sgemm sgemm CUDA3 0.995279 112810 40
CPU15 44.672915 112771 sgemm sgemm CUDA0 0.993847 112811 40
CPU0 45.591446 112772 sgemm sgemm CUDA1 1.051381 112812 40
CPU2 45.315753 112773 sgemm sgemm CUDA1 0.995564 112813 40
CPU13 44.855532 112774 sgemm sgemm CUDA3 0.991857 112814 40
CPU16 44.943702 112775 sgemm sgemm CUDA0 1.164411 112815 40
CPU19 44.963770 112776 sgemm sgemm CUDA3 1.046782 112816 40
CPU19 44.905240 112777 sgemm sgemm CUDA1 1.159630 112817 40
CPU2 44.807399 112778 sgemm sgemm CUDA1 1.159980 112818 40
CPU10 44.867282 112779 sgemm sgemm CUDA1 1.162270 112819 40
CPU14 45.098367 112780 sgemm sgemm CUDA3 13.052284 112820 40
CPU10 45.028898 112781 sgemm sgemm CUDA3 1.161248 112821 40
CPU9 45.124402 112782 sgemm sgemm CUDA0 1.163840 112822 40
CPU6 45.258537 112783 sgemm sgemm CUDA3 0.048480 112823 40
CPU15 44.674198 112784 sgemm sgemm CUDA3 1.161696 112824 40
CPU6 45.087870 112785 sgemm sgemm CUDA0 0.994701 112825 40
CPU11 44.750788 112786 sgemm sgemm CUDA3 24.105456 112826 40
CPU14 45.207492 112787 sgemm sgemm CUDA3 1.163955 112827 40
CPU8 25.186462 112790 ssyrk ssyrk CPU18 83.490953 112830 40
CPU16 45.038530 112791 sgemm sgemm CUDA1 0.046453 112831 40
CPU0 45.562074 112792 sgemm sgemm CUDA0 0.990883 112832 40
CPU5 45.138839 112793 sgemm sgemm CUDA1 1.164144 112833 40
CPU3 45.319614 112794 sgemm sgemm CUDA1 0.869154 112834 40
CPU3 45.361364 112795 sgemm sgemm CUDA1 9.331249 112835 40
CPU19 44.927688 112796 sgemm sgemm CUDA0 1.162228 112836 40
CPU9 45.123524 112797 sgemm sgemm CUDA0 0.991964 112837 40
CPU11 44.743813 112798 sgemm sgemm CUDA0 1.165848 112838 40
CPU18 44.658169 112799 sgemm sgemm CUDA1 0.086745 112839 40
CPU9 45.019780 112800 sgemm sgemm CUDA1 2.268637 112840 40
CPU2 45.179065 112801 sgemm sgemm CUDA0 1.219300 112841 40
CPU4 45.179071 112802 sgemm sgemm CUDA3 1.165502 112842 40
CPU1 45.069487 112803 sgemm sgemm CUDA1 0.991123 112843 40
CPU1 45.430994 112804 sgemm sgemm CUDA0 1.163345 112844 40
CPU1 45.175462 112805 sgemm sgemm CUDA3 1.052042 112845 40
CPU5 44.998014 112806 sgemm sgemm CUDA2 0.268308 112846 40
CPU14 44.870507 112807 sgemm sgemm CUDA0 12.416977 112847 40
CPU16 45.045472 112808 sgemm sgemm CUDA3 1.070891 112848 40
CPU0 44.556031 112809 sgemm sgemm CUDA1 0.232649 112849 40
CPU2 25.044261 112812 ssyrk ssyrk CPU21 78.920243 112852 40
CPU16 44.767820 112813 sgemm sgemm CUDA3 0.992525 112853 40
CPU13 45.064155 112814 sgemm sgemm CUDA1 1.158250 112854 40
CPU2 44.993993 112815 sgemm sgemm CUDA1 1.159601 112855 40
CPU10 45.161991 112816 sgemm sgemm CUDA1 1.162173 112856 40
CPU0 45.319228 112817 sgemm sgemm CUDA3 0.179850 112857 40
CPU0 45.165303 112818 sgemm sgemm CUDA0 1.160803 112858 40
CPU0 45.503974 112819 sgemm sgemm CUDA0 1.161204 112859 40
CPU19 44.963081 112820 sgemm sgemm CUDA1 0.039895 112860 40
CPU4 45.240647 112821 sgemm sgemm CUDA1 0.989925 112861 40
CPU8 45.252643 112822 sgemm sgemm CUDA0 11.833921 112862 40
CPU7 44.982702 112823 sgemm sgemm CUDA3 0.939862 112863 40
CPU16 44.708714 112824 sgemm sgemm CUDA3 1.163219 112864 40
CPU4 45.182447 112825 sgemm sgemm CUDA3 1.161819 112865 40
CPU3 44.935570 112826 sgemm sgemm CUDA3 0.057293 112866 40
CPU9 45.013689 112827 sgemm sgemm CUDA3 0.987897 112867 40
CPU6 45.300139 112828 sgemm sgemm CUDA0 1.141448 112868 40
CPU15 44.942579 112829 sgemm sgemm CUDA3 1.837393 112869 40
CPU6 44.634681 112830 sgemm sgemm CUDA3 1.175970 112870 40
CPU16 24.878915 112833 ssyrk ssyrk CPU20 106.680421 112873 40
CPU12 44.713940 112834 sgemm sgemm CUDA0 1.161137 112874 40
CPU16 44.636717 112835 sgemm sgemm CUDA0 1.148713 112875 40
CPU6 45.465395 112836 sgemm sgemm CUDA3 1.215793 112876 40
CPU12 44.985660 112837 sgemm sgemm CUDA3 15.965103 112877 40
CPU12 44.841907 112838 sgemm sgemm CUDA0 0.989576 112878 40
CPU8 45.161349 112839 sgemm sgemm CUDA3 1.217692 112879 40
CPU18 44.886015 112840 sgemm sgemm CUDA1 0.936871 112880 40
CPU7 45.175301 112841 sgemm sgemm CUDA3 1.171275 112881 40
CPU18 44.494766 112842 sgemm sgemm CUDA0 1.219157 112882 40
CPU13 45.007958 112843 sgemm sgemm CUDA3 1.159389 112883 40
CPU12 44.922357 112844 sgemm sgemm CUDA1 13.079603 112884 40
CPU4 45.183340 112845 sgemm sgemm CUDA3 1.004892 112885 40
CPU16 44.763975 112846 sgemm sgemm CUDA3 1.098160 112886 40
CPU12 44.818443 112847 sgemm sgemm CUDA3 0.994248 112887 40
CPU3 45.158984 112848 sgemm sgemm CUDA3 1.295442 112888 40
CPU8 44.892371 112849 sgemm sgemm CUDA2 1.095396 112889 40
CPU13 45.114848 112850 sgemm sgemm CUDA3 0.993986 112890 40
CPU18 24.802375 112853 ssyrk ssyrk CPU -1 112893 40
CPU18 44.710691 112854 sgemm sgemm CUDA0 0.991599 112894 40
CPU10 45.025692 112855 sgemm sgemm CUDA1 1.158264 112895 40
CPU3 44.982630 112856 sgemm sgemm CUDA0 0.994399 112896 40
CPU18 44.934496 112857 sgemm sgemm CUDA0 12.771894 112897 40
CPU16 44.803671 112858 sgemm sgemm CUDA0 1.161607 112898 40
CPU19 45.015646 112859 sgemm sgemm CUDA1 12.215531 112899 40
CPU5 45.059790 112860 sgemm sgemm CUDA1 0.047170 112900 40
CPU18 44.834110 112861 sgemm sgemm CUDA0 1.164105 112901 40
CPU18 45.148498 112862 sgemm sgemm CUDA2 13.734037 112902 40
CPU0 45.303978 112863 sgemm sgemm CUDA1 1.223238 112903 40
CPU12 44.921823 112864 sgemm sgemm CUDA2 12.934947 112904 40
CPU18 44.996829 112865 sgemm sgemm CUDA2 13.144666 112905 40
CPU18 44.871518 112866 sgemm sgemm CUDA2 0.986371 112906 40
CPU3 45.036673 112867 sgemm sgemm CUDA0 25.003258 112907 40
CPU10 45.121105 112868 sgemm sgemm CUDA2 0.988194 112908 40
CPU18 45.030522 112869 sgemm sgemm CUDA1 1.220883 112909 40
CPU7 26.493742 112872 ssyrk ssyrk CPU21 97.509441 112912 40
CPU9 45.064395 112873 sgemm sgemm CUDA1 1.157742 112913 40
CPU14 45.056981 112874 sgemm sgemm CUDA0 0.992585 112914 40
CPU4 45.541120 112875 sgemm sgemm CUDA0 0.985628 112915 40
CPU12 45.214617 112876 sgemm sgemm CUDA0 0.990378 112916 40
CPU18 44.887168 112877 sgemm sgemm CUDA1 7.140691 112917 40
CPU0 45.484178 112878 sgemm sgemm CUDA1 1.160801 112918 40
CPU18 44.755042 112879 sgemm sgemm CUDA1 1.048825 112919 40
CPU4 46.047057 112880 sgemm sgemm CUDA3 1.164184 112920 40
CPU9 44.860590 112881 sgemm sgemm CUDA3 1.160671 112921 40
CPU11 44.727352 112882 sgemm sgemm CUDA3 1.220143 112922 40
CPU4 45.470678 112883 sgemm sgemm CUDA3 0.125887 112923 40
CPU4 45.134591 112884 sgemm sgemm CUDA3 12.318109 112924 40
CPU12 45.108692 112885 sgemm sgemm CUDA0 0.990504 112925 40
CPU11 45.062107 112886 sgemm sgemm CUDA1 1.218426 112926 40
CPU3 44.892932 112887 sgemm sgemm CUDA3 1.156117 112927 40
CPU6 25.590706 112890 ssyrk ssyrk CPU30 96.264697 112930 40
CPU11 44.982532 112891 sgemm sgemm CUDA3 16.709353 112931 40
CPU9 44.835800 112892 sgemm sgemm CUDA0 0.996151 112932 40
CPU5 45.229779 112893 sgemm sgemm CUDA3 0.988254 112933 40
CPU2 45.063456 112894 sgemm sgemm CUDA1 0.993577 112934 40
CPU11 44.643157 112895 sgemm sgemm CUDA1 1.047808 112935 40
CPU7 45.483172 112896 sgemm sgemm CUDA1 1.165519 112936 40
CPU3 45.362601 112897 sgemm sgemm CUDA3 1.161938 112937 40
CPU16 44.899319 112898 sgemm sgemm CUDA1 1.221803 112938 40
CPU16 44.667467 112899 sgemm sgemm CUDA3 1.160803 112939 40
CPU9 44.988473 112900 sgemm sgemm CUDA2 1.151835 112940 40
CPU0 45.325418 112901 sgemm sgemm CUDA3 0.069155 112941 40
CPU7 45.282301 112902 sgemm sgemm CUDA3 1.190128 112942 40
CPU6 45.238594 112903 sgemm sgemm CUDA1 0.993719 112943 40
CPU8 44.807982 112904 sgemm sgemm CUDA2 0.047338 112944 40
CPU2 25.096355 112907 ssyrk ssyrk CPU -1 112947 40
CPU8 44.897716 112908 sgemm sgemm CUDA0 7.388802 112948 40
CPU8 44.921919 112909 sgemm sgemm CUDA3 14.255218 112949 40
CPU19 44.963404 112910 sgemm sgemm CUDA0 1.290416 112950 40
CPU10 44.932180 112911 sgemm sgemm CUDA3 0.089572 112951 40
CPU4 45.168092 112912 sgemm sgemm CUDA1 0.046749 112952 40
CPU1 44.732598 112913 sgemm sgemm CUDA3 1.277300 112953 40
CPU4 45.218119 112914 sgemm sgemm CUDA3 0.990824 112954 40
CPU9 44.886301 112915 sgemm sgemm CUDA3 12.051762 112955 40
CPU5 44.738976 112916 sgemm sgemm CUDA3 1.047272 112956 40
CPU6 44.863104 112917 sgemm sgemm CUDA2 1.221324 112957 40
CPU13 45.090346 112918 sgemm sgemm CUDA2 1.219053 112958 40
CPU10 45.202332 112919 sgemm sgemm CUDA2 1.052112 112959 40
CPU7 44.658858 112920 sgemm sgemm CUDA3 1.163031 112960 40
CPU6 25.782862 112923 ssyrk ssyrk CPU18 83.200335 112963 40
CPU11 44.919560 112924 sgemm sgemm CUDA0 1.162421 112964 40
CPU18 45.149746 112925 sgemm sgemm CUDA0 1.203750 112965 40
CPU14 45.294630 112926 sgemm sgemm CUDA3 1.295271 112966 40
CPU18 44.915234 112927 sgemm sgemm CUDA0 1.226346 112967 40
CPU7 45.886700 112928 sgemm sgemm CUDA1 1.288136 112968 40
CPU13 45.033849 112929 sgemm sgemm CUDA2 0.981650 112969 40
CPU10 44.845027 112930 sgemm sgemm CUDA0 12.625903 112970 40
CPU7 45.211046 112931 sgemm sgemm CUDA2 0.049087 112971 40
CPU2 45.320412 112932 sgemm sgemm CUDA3 1.141507 112972 40
CPU12 45.046111 112933 sgemm sgemm CUDA2 1.222441 112973 40
CPU4 45.281799 112934 sgemm sgemm CUDA2 0.046781 112974 40
CPU5 44.578971 112935 sgemm sgemm CUDA2 0.997972 112975 40
CPU16 25.084333 112938 ssyrk ssyrk CPU28 69.484570 112978 40
CPU3 44.925753 112939 sgemm sgemm CUDA0 1.441470 112979 40
CPU3 45.213197 112940 sgemm sgemm CUDA0 1.242559 112980 40
CPU2 45.155279 112941 sgemm sgemm CUDA0 0.991880 112981 40
CPU13 45.029018 112942 sgemm sgemm CUDA2 0.988953 112982 40
CPU19 45.046451 112943 sgemm sgemm CUDA2 1.248393 112983 40
CPU2 44.896183 112944 sgemm sgemm CUDA2 1.158673 112984 40
CPU7 44.565978 112945 sgemm sgemm CUDA2 0.989637 112985 40
CPU12 45.028859 112946 sgemm sgemm CUDA3 0.950589 112986 40
CPU1 44.810226 112947 sgemm sgemm CUDA0 1.159791 112987 40
CPU1 44.977644 112948 sgemm sgemm CUDA2 0.993278 112988 40
CPU14 45.357709 112949 sgemm sgemm CUDA3 0.991632 112989 40
CPU18 25.054820 112952 ssyrk ssyrk CPU -1 112992 40
CPU9 44.918450 112953 sgemm sgemm CUDA1 1.163513 112993 40
CPU18 44.700683 112954 sgemm sgemm CUDA0 1.219844 112994 40
CPU19 45.124485 112955 sgemm sgemm CUDA2 1.811149 112995 40
CPU5 45.286781 112956 sgemm sgemm CUDA2 1.049132 112996 40
CPU14 44.909017 112957 sgemm sgemm CUDA0 1.055086 112997 40
CPU18 45.100728 112958 sgemm sgemm CUDA2 0.395944 112998 40
CPU19 45.233515 112959 sgemm sgemm CUDA2 1.104474 112999 40
CPU3 45.208631 112960 sgemm sgemm CUDA2 1.160640 113000 40
CPU5 44.904914 112961 sgemm sgemm CUDA2 1.050510 113001 40
CPU18 44.924310 112962 sgemm sgemm CUDA2 1.099748 113002 40
CPU6 25.368013 112965 ssyrk ssyrk CPU -1 113005 40
CPU13 44.942379 112966 sgemm sgemm CUDA3 1.283619 113006 40
CPU16 45.274436 112967 sgemm sgemm CUDA3 1.154650 113007 40
CPU13 44.957010 112968 sgemm sgemm CUDA3 12.184414 113008 40
CPU9 45.008755 112969 sgemm sgemm CUDA3 0.992028 113009 40
CPU10 45.223705 112970 sgemm sgemm CUDA3 0.992732 113010 40
CPU2 44.760349 112971 sgemm sgemm CUDA3 0.048794 113011 40
CPU12 44.974329 112972 sgemm sgemm CUDA0 0.992375 113012 40
CPU0 45.274864 112973 sgemm sgemm CUDA3 0.998045 113013 40
CPU10 45.431511 112974 sgemm sgemm CUDA3 1.162985 113014 40
CPU18 24.948234 112977 ssyrk ssyrk CPU -1 113017 40
CPU18 44.697811 112978 sgemm sgemm CUDA3 1.074551 113018 40
CPU15 44.661421 112979 sgemm sgemm CUDA3 1.044317 113019 40
CPU6 45.281007 112980 sgemm sgemm CUDA3 12.727735 113020 40
CPU18 44.778591 112981 sgemm sgemm CUDA2 1.169248 113021 40
CPU19 44.922153 112982 sgemm sgemm CUDA2 0.203852 113022 40
CPU11 44.821116 112983 sgemm sgemm CUDA0 5.819137 113023 40
CPU3 45.046750 112984 sgemm sgemm CUDA2 0.048098 113024 40
CPU19 45.201392 112985 sgemm sgemm CUDA2 1.045346 113025 40
CPU8 24.766314 112988 ssyrk ssyrk CPU -1 113028 40
CPU14 44.949390 112989 sgemm sgemm CUDA3 0.994517 113029 40
CPU11 45.177915 112990 sgemm sgemm CUDA3 0.045335 113030 40
CPU5 44.732015 112991 sgemm sgemm CUDA2 0.987684 113031 40
CPU5 44.638635 112992 sgemm sgemm CUDA3 0.065951 113032 40
CPU5 44.869658 112993 sgemm sgemm CUDA2 1.107481 113033 40
CPU12 45.290449 112994 sgemm sgemm CUDA3 12.977545 113034 40
CPU0 44.960542 112995 sgemm sgemm CUDA2 1.223715 113035 40
CPU13 25.104067 112998 ssyrk ssyrk CPU -1 113038 40
CPU14 44.753890 112999 sgemm sgemm CUDA1 0.990186 113039 40
CPU2 45.079593 113000 sgemm sgemm CUDA2 0.094208 113040 40
CPU9 44.818649 113001 sgemm sgemm CUDA2 0.152890 113041 40
CPU15 44.719221 113002 sgemm sgemm CUDA2 1.162106 113042 40
CPU8 45.043178 113003 sgemm sgemm CUDA3 1.050349 113043 40
CPU2 44.886414 113004 sgemm sgemm CUDA2 12.280732 113044 40
CPU4 25.551538 113007 ssyrk ssyrk CPU -1 113047 40
CPU1 45.026018 113008 sgemm sgemm CUDA3 0.064018 113048 40
CPU12 45.035933 113009 sgemm sgemm CUDA2 1.236016 113049 40
CPU16 45.073603 113010 sgemm sgemm CUDA2 1.160594 113050 40
CPU15 44.798016 113011 sgemm sgemm CUDA2 0.937983 113051 40
CPU3 44.821930 113012 sgemm sgemm CUDA2 1.106872 113052 40
CPU9 24.760973 113015 ssyrk ssyrk CPU -1 113055 40
CPU6 44.943567 113016 sgemm sgemm CUDA3 1.217272 113056 40
CPU13 45.445733 113017 sgemm sgemm CUDA3 0.995213 113057 40
CPU15 45.197124 113018 sgemm sgemm CUDA3 0.989655 113058 40
CPU7 44.643825 113019 sgemm sgemm CUDA2 0.994433 113059 40
CPU6 25.034452 113022 ssyrk ssyrk CUDA2 0.799195 113062 40
CPU16 45.058239 113023 sgemm sgemm CUDA2 0.993214 113063 40
CPU19 45.427820 113024 sgemm sgemm CUDA2 1.105839 113064 40
CPU8 44.550825 113025 sgemm sgemm CUDA3 1.153183 113065 40
CPU9 25.129906 113028 ssyrk ssyrk CUDA1 0.567605 113068 40
CPU0 45.385931 113029 sgemm sgemm CUDA2 1.053011 113069 40
CPU6 45.219356 113030 sgemm sgemm CUDA3 0.998906 113070 40
CPU4 25.181923 113033 ssyrk ssyrk CUDA2 0.639102 113073 40
CPU4 44.808620 113034 sgemm sgemm CUDA3 1.215764 113074 40
CPU9 24.890676 113037 ssyrk ssyrk CUDA2 0.630424 113077 40
CPU10 13.910762 113040 spotrf spotrf CPU18 24.491179 113080 40
CPU10 30.917891 113041 strsm strsm CPU13 98.468781 113081 40
CPU10 30.633063 113042 strsm strsm CPU11 81.590144 113082 40
CPU8 30.286769 113043 strsm strsm CPU -1 113083 40
CPU5 29.985836 113044 strsm strsm CPU20 89.613488 113084 40
CPU10 30.976490 113045 strsm strsm CPU17 75.630836 113085 40
CPU10 30.895727 113046 strsm strsm CPU -1 113086 40
CPU10 30.900933 113047 strsm strsm CPU22 69.071088 113087 40
CPU1 30.130843 113048 strsm strsm CPU -1 113088 40
CPU8 30.996674 113049 strsm strsm CPU12 99.173616 113089 40
CPU19 30.650723 113050 strsm strsm CPU20 108.530849 113090 40
CPU14 30.631010 113051 strsm strsm CPU -1 113091 40
CPU18 30.142046 113052 strsm strsm CPU -1 113092 40
CPU10 30.959169 113053 strsm strsm CPU -1 113093 40
CPU6 30.853926 113054 strsm strsm CPU -1 113094 40
CPU2 30.009122 113055 strsm strsm CPU -1 113095 40
CPU10 30.698879 113056 strsm strsm CPU14 85.795488 113096 40
CPU2 30.315031 113057 strsm strsm CPU26 165.800754 113097 40
CPU18 29.894111 113058 strsm strsm CPU11 144.593478 113098 40
CPU7 30.717340 113059 strsm strsm CUDA1 2.687407 113099 40
CPU19 30.725108 113060 strsm strsm CUDA0 2.684302 113100 40
CPU1 29.953649 113061 strsm strsm CUDA0 2.731356 113101 40
CPU18 29.876124 113062 strsm strsm CUDA1 2.794759 113102 40
CPU9 30.183900 113063 strsm strsm CUDA0 2.654577 113103 40
CPU4 30.143357 113064 strsm strsm CUDA0 2.787750 113104 40
CPU3 30.056792 113065 strsm strsm CUDA1 2.890666 113105 40
CPU7 30.755781 113066 strsm strsm CUDA0 12.062540 113106 40
CPU8 30.013114 113067 strsm strsm CUDA3 2.841589 113107 40
CPU2 30.002899 113068 strsm strsm CUDA3 2.828801 113108 40
CPU10 25.473862 113071 ssyrk ssyrk CPU -1 113111 40
CPU10 44.965956 113072 sgemm sgemm CUDA1 0.998903 113112 40
CPU8 45.007286 113073 sgemm sgemm CUDA1 0.147261 113113 40
CPU8 44.804319 113074 sgemm sgemm CUDA1 0.065049 113114 40
CPU10 45.277236 113075 sgemm sgemm CUDA1 1.171166 113115 40
CPU10 45.477854 113076 sgemm sgemm CUDA1 0.100882 113116 40
CPU10 45.510429 113077 sgemm sgemm CUDA0 1.166089 113117 40
CPU1 44.552891 113078 sgemm sgemm CUDA0 0.998206 113118 40
CPU8 44.978795 113079 sgemm sgemm CUDA1 12.287465 113119 40
CPU14 45.063587 113080 sgemm sgemm CUDA1 1.162770 113120 40
CPU5 44.902946 113081 sgemm sgemm CUDA0 1.049488 113121 40
CPU18 45.158402 113082 sgemm sgemm CUDA0 1.229474 113122 40
CPU10 45.473963 113083 sgemm sgemm CUDA1 0.223757 113123 40
CPU6 45.024831 113084 sgemm sgemm CUDA1 3.506465 113124 40
CPU2 44.638585 113085 sgemm sgemm CUDA0 1.102678 113125 40
CPU10 45.102333 113086 sgemm sgemm CUDA0 0.054581 113126 40
CPU9 44.744235 113087 sgemm sgemm CUDA0 0.062274 113127 40
CPU18 44.851006 113088 sgemm sgemm CUDA1 0.990965 113128 40
CPU4 44.853547 113089 sgemm sgemm CUDA1 0.159846 113129 40
CPU19 45.112980 113090 sgemm sgemm CUDA0 0.994659 113130 40
CPU1 44.778610 113091 sgemm sgemm CUDA0 0.131639 113131 40
CPU18 44.436872 113092 sgemm sgemm CUDA1 0.994066 113132 40
CPU7 44.998412 113093 sgemm sgemm CUDA0 0.994122 113133 40
CPU4 44.388179 113094 sgemm sgemm CUDA0 1.220280 113134 40
CPU3 44.734289 113095 sgemm sgemm CUDA1 1.162177 113135 40
CPU5 45.002773 113096 sgemm sgemm CUDA0 1.164122 113136 40
CPU0 44.939798 113097 sgemm sgemm CUDA2 0.993666 113137 40
CPU2 44.400585 113098 sgemm sgemm CUDA2 1.159134 113138 40
CPU10 25.140040 113101 ssyrk ssyrk CPU22 82.428013 113141 40
CPU4 45.355936 113102 sgemm sgemm CUDA1 0.997627 113142 40
CPU5 45.079266 113103 sgemm sgemm CUDA1 0.995385 113143 40
CPU14 45.135009 113104 sgemm sgemm CUDA1 0.189306 113144 40
CPU7 45.114930 113105 sgemm sgemm CUDA1 0.186571 113145 40
CPU10 44.958986 113106 sgemm sgemm CUDA0 1.163847 113146 40
CPU3 45.105150 113107 sgemm sgemm CUDA0 0.992753 113147 40
CPU8 45.004521 113108 sgemm sgemm CUDA1 0.998042 113148 40
CPU19 45.232058 113109 sgemm sgemm CUDA1 6.796330 113149 40
CPU15 45.025355 113110 sgemm sgemm CUDA0 1.170582 113150 40
CPU18 44.788948 113111 sgemm sgemm CUDA0 1.164429 113151 40
CPU10 44.957112 113112 sgemm sgemm CUDA1 1.000482 113152 40
CPU2 45.094036 113113 sgemm sgemm CUDA1 1.195293 113153 40
CPU0 44.866712 113114 sgemm sgemm CUDA0 0.045238 113154 40
CPU10 45.044000 113115 sgemm sgemm CUDA0 12.660782 113155 40
CPU2 44.902275 113116 sgemm sgemm CUDA0 1.163835 113156 40
CPU18 44.812207 113117 sgemm sgemm CUDA1 0.992676 113157 40
CPU7 45.146611 113118 sgemm sgemm CUDA1 1.161220 113158 40
CPU19 45.026407 113119 sgemm sgemm CUDA1 1.161577 113159 40
CPU9 44.639982 113120 sgemm sgemm CUDA0 0.992323 113160 40
CPU18 44.751142 113121 sgemm sgemm CUDA1 0.990337 113161 40
CPU11 44.844640 113122 sgemm sgemm CUDA2 1.433503 113162 40
CPU4 45.082696 113123 sgemm sgemm CUDA2 0.991956 113163 40
CPU3 44.696756 113124 sgemm sgemm CUDA1 0.561822 113164 40
CPU7 45.234519 113125 sgemm sgemm CUDA1 1.160181 113165 40
CPU0 45.342547 113126 sgemm sgemm CUDA2 0.190843 113166 40
CPU4 44.986837 113127 sgemm sgemm CUDA1 1.162961 113167 40
CPU8 25.221321 113130 ssyrk ssyrk CPU22 101.296686 113170 40
CPU4 45.341032 113131 sgemm sgemm CUDA1 1.221411 113171 40
CPU15 44.942623 113132 sgemm sgemm CUDA1 0.180420 113172 40
CPU10 45.021562 113133 sgemm sgemm CUDA1 1.000502 113173 40
CPU5 44.845554 113134 sgemm sgemm CUDA0 1.304415 113174 40
CPU9 45.074213 113135 sgemm sgemm CUDA0 1.003755 113175 40
CPU2 45.047887 113136 sgemm sgemm CUDA1 1.173383 113176 40
CPU15 44.705768 113137 sgemm sgemm CUDA1 1.121236 113177 40
CPU16 44.655251 113138 sgemm sgemm CUDA0 12.047618 113178 40
CPU18 44.703066 113139 sgemm sgemm CUDA0 0.067417 113179 40
CPU15 44.896356 113140 sgemm sgemm CUDA1 0.066410 113180 40
CPU2 45.141192 113141 sgemm sgemm CUDA1 2.295954 113181 40
CPU5 45.108913 113142 sgemm sgemm CUDA0 1.156774 113182 40
CPU2 45.057825 113143 sgemm sgemm CUDA0 0.995119 113183 40
CPU15 44.839554 113144 sgemm sgemm CUDA0 1.154463 113184 40
CPU18 44.691161 113145 sgemm sgemm CUDA1 1.051854 113185 40
CPU13 45.132678 113146 sgemm sgemm CUDA1 0.997001 113186 40
CPU5 45.011609 113147 sgemm sgemm CUDA0 1.158521 113187 40
CPU11 45.334664 113148 sgemm sgemm CUDA0 0.990781 113188 40
CPU13 44.828855 113149 sgemm sgemm CUDA1 1.159431 113189 40
CPU9 45.151148 113150 sgemm sgemm CUDA0 0.991029 113190 40
CPU7 45.097932 113151 sgemm sgemm CUDA2 1.153387 113191 40
CPU10 45.021839 113152 sgemm sgemm CUDA3 1.052661 113192 40
CPU7 45.354753 113153 sgemm sgemm CUDA0 1.158450 113193 40
CPU3 45.045380 113154 sgemm sgemm CUDA2 1.161180 113194 40
CPU1 45.017683 113155 sgemm sgemm CUDA3 0.198158 113195 40
CPU5 25.051232 113158 ssyrk ssyrk CPU16 89.562889 113198 40
CPU5 44.838700 113159 sgemm sgemm CUDA1 1.165796 113199 40
CPU5 44.818165 113160 sgemm sgemm CUDA1 0.996368 113200 40
CPU5 44.696688 113161 sgemm sgemm CUDA1 1.195160 113201 40
CPU7 44.950928 113162 sgemm sgemm CUDA0 1.167800 113202 40
CPU1 44.998481 113163 sgemm sgemm CUDA1 1.218084 113203 40
CPU19 44.819757 113164 sgemm sgemm CUDA1 0.057853 113204 40
CPU11 44.725902 113165 sgemm sgemm CUDA0 0.989582 113205 40
CPU18 44.890662 113166 sgemm sgemm CUDA0 3.645148 113206 40
CPU5 44.852787 113167 sgemm sgemm CUDA1 1.217034 113207 40
CPU1 45.168502 113168 sgemm sgemm CUDA1 1.164634 113208 40
CPU1 45.053713 113169 sgemm sgemm CUDA0 11.974798 113209 40
CPU5 44.882415 113170 sgemm sgemm CUDA0 1.161589 113210 40
CPU3 45.028622 113171 sgemm sgemm CUDA0 1.163195 113211 40
CPU19 45.087071 113172 sgemm sgemm CUDA1 0.060116 113212 40
CPU16 44.912732 113173 sgemm sgemm CUDA1 12.822410 113213 40
CPU19 44.996609 113174 sgemm sgemm CUDA0 0.044105 113214 40
CPU5 44.671883 113175 sgemm sgemm CUDA0 1.159027 113215 40
CPU7 45.212528 113176 sgemm sgemm CUDA1 0.995506 113216 40
CPU4 45.183464 113177 sgemm sgemm CUDA0 1.155072 113217 40
CPU5 44.752886 113178 sgemm sgemm CUDA0 0.990917 113218 40
CPU5 44.708299 113179 sgemm sgemm CUDA3 0.765343 113219 40
CPU8 45.194151 113180 sgemm sgemm CUDA0 0.989168 113220 40
CPU19 45.111452 113181 sgemm sgemm CUDA3 1.162289 113221 40
CPU5 44.494578 113182 sgemm sgemm CUDA3 1.160765 113222 40
CPU10 25.619164 113185 ssyrk ssyrk CPU -1 113225 40
CPU10 45.338235 113186 sgemm sgemm CUDA1 0.987577 113226 40
CPU10 45.323612 113187 sgemm sgemm CUDA1 0.058998 113227 40
CPU1 44.800866 113188 sgemm sgemm CUDA0 1.165736 113228 40
CPU16 44.875838 113189 sgemm sgemm CUDA1 1.292583 113229 40
CPU0 45.440397 113190 sgemm sgemm CUDA1 1.001807 113230 40
CPU13 45.070389 113191 sgemm sgemm CUDA0 1.294285 113231 40
CPU7 44.827604 113192 sgemm sgemm CUDA0 1.156716 113232 40
CPU10 45.414335 113193 sgemm sgemm CUDA1 0.991790 113233 40
CPU2 44.726172 113194 sgemm sgemm CUDA1 1.216483 113234 40
CPU9 44.722647 113195 sgemm sgemm CUDA0 0.993338 113235 40
CPU10 45.152097 113196 sgemm sgemm CUDA0 0.995716 113236 40
CPU11 44.963892 113197 sgemm sgemm CUDA0 1.164212 113237 40
CPU19 44.931837 113198 sgemm sgemm CUDA1 1.159511 113238 40
CPU12 45.222596 113199 sgemm sgemm CUDA1 0.992437 113239 40
CPU19 45.022444 113200 sgemm sgemm CUDA1 0.991785 113240 40
CPU5 44.509397 113201 sgemm sgemm CUDA2 0.992420 113241 40
CPU18 44.979373 113202 sgemm sgemm CUDA1 13.123305 113242 40
CPU4 44.918631 113203 sgemm sgemm CUDA2 1.219526 113243 40
CPU4 44.947192 113204 sgemm sgemm CUDA2 1.357921 113244 40
CPU2 44.033445 113205 sgemm sgemm CUDA2 0.262529 113245 40
CPU7 45.052942 113206 sgemm sgemm CUDA0 0.997240 113246 40
CPU13 45.439850 113207 sgemm sgemm CUDA2 1.166201 113247 40
CPU1 44.905429 113208 sgemm sgemm CUDA2 0.051605 113248 40
CPU10 25.569725 113211 ssyrk ssyrk CPU20 86.056824 113251 40
CPU10 45.364362 113212 sgemm sgemm CUDA1 1.114118 113252 40
CPU6 44.840511 113213 sgemm sgemm CUDA1 1.054304 113253 40
CPU3 44.984139 113214 sgemm sgemm CUDA1 0.122912 113254 40
CPU15 44.827565 113215 sgemm sgemm CUDA1 0.987630 113255 40
CPU16 44.987676 113216 sgemm sgemm CUDA3 0.929889 113256 40
CPU18 44.900400 113217 sgemm sgemm CUDA1 0.993327 113257 40
CPU9 44.728793 113218 sgemm sgemm CUDA1 0.068293 113258 40
CPU4 44.859282 113219 sgemm sgemm CUDA1 1.000277 113259 40
CPU7 44.929296 113220 sgemm sgemm CUDA1 11.584766 113260 40
CPU10 45.153358 113221 sgemm sgemm CUDA0 1.222121 113261 40
CPU14 45.156061 113222 sgemm sgemm CUDA0 1.163714 113262 40
CPU18 44.777018 113223 sgemm sgemm CUDA1 1.164551 113263 40
CPU15 44.954832 113224 sgemm sgemm CUDA1 0.988932 113264 40
CPU19 45.075708 113225 sgemm sgemm CUDA0 1.159363 113265 40
CPU6 44.761355 113226 sgemm sgemm CUDA0 13.116297 113266 40
CPU15 45.209442 113227 sgemm sgemm CUDA1 1.163074 113267 40
CPU4 45.087243 113228 sgemm sgemm CUDA0 0.988645 113268 40
CPU4 44.901729 113229 sgemm sgemm CUDA0 1.157747 113269 40
CPU5 44.576357 113230 sgemm sgemm CUDA3 0.994447 113270 40
CPU7 45.068666 113231 sgemm sgemm CUDA1 0.995542 113271 40
CPU14 45.142927 113232 sgemm sgemm CUDA3 0.996353 113272 40
CPU9 44.547258 113233 sgemm sgemm CUDA2 1.160969 113273 40
CPU10 25.536191 113236 ssyrk ssyrk CPU -1 113276 40
CPU11 44.712335 113237 sgemm sgemm CUDA1 0.989938 113277 40
CPU6 45.137071 113238 sgemm sgemm CUDA1 1.173459 113278 40
CPU11 45.111036 113239 sgemm sgemm CUDA1 0.855931 113279 40
CPU8 45.107415 113240 sgemm sgemm CUDA0 1.154265 113280 40
CPU5 44.954131 113241 sgemm sgemm CUDA1 1.160746 113281 40
CPU10 45.295144 113242 sgemm sgemm CUDA1 1.161878 113282 40
CPU19 45.181193 113243 sgemm sgemm CUDA1 1.157995 113283 40
CPU8 44.652692 113244 sgemm sgemm CUDA0 0.990997 113284 40
CPU10 45.173747 113245 sgemm sgemm CUDA0 1.158652 113285 40
CPU16 45.026652 113246 sgemm sgemm CUDA0 0.992823 113286 40
CPU18 44.839161 113247 sgemm sgemm CUDA1 1.155717 113287 40
CPU13 45.396524 113248 sgemm sgemm CUDA1 1.162569 113288 40
CPU18 45.090400 113249 sgemm sgemm CUDA0 1.053084 113289 40
CPU9 44.585240 113250 sgemm sgemm CUDA2 1.095969 113290 40
CPU14 44.967848 113251 sgemm sgemm CUDA2 1.048388 113291 40
CPU1 45.086105 113252 sgemm sgemm CUDA0 0.755190 113292 40
CPU4 44.894068 113253 sgemm sgemm CUDA2 1.237292 113293 40
CPU3 44.746482 113254 sgemm sgemm CUDA2 1.160727 113294 40
CPU0 45.499862 113255 sgemm sgemm CUDA1 0.983382 113295 40
CPU6 45.048936 113256 sgemm sgemm CUDA2 0.935624 113296 40
CPU6 44.856496 113257 sgemm sgemm CUDA2 1.046693 113297 40
CPU1 25.104791 113260 ssyrk ssyrk CPU -1 113300 40
CPU9 44.925566 113261 sgemm sgemm CUDA0 1.343045 113301 40
CPU3 44.909549 113262 sgemm sgemm CUDA1 0.992154 113302 40
CPU9 45.707127 113263 sgemm sgemm CUDA3 1.165008 113303 40
CPU15 44.736413 113264 sgemm sgemm CUDA0 23.711982 113304 40
CPU0 45.075457 113265 sgemm sgemm CUDA1 1.162774 113305 40
CPU2 45.085541 113266 sgemm sgemm CUDA1 0.967927 113306 40
CPU13 44.932440 113267 sgemm sgemm CUDA3 0.892557 113307 40
CPU16 45.072817 113268 sgemm sgemm CUDA0 0.981945 113308 40
CPU19 45.023124 113269 sgemm sgemm CUDA3 0.050961 113309 40
CPU19 44.984339 113270 sgemm sgemm CUDA1 1.223355 113310 40
CPU4 44.873033 113271 sgemm sgemm CUDA1 1.163340 113311 40
CPU10 45.131115 113272 sgemm sgemm CUDA1 1.234444 113312 40
CPU14 45.095423 113273 sgemm sgemm CUDA0 1.156183 113313 40
CPU10 45.042687 113274 sgemm sgemm CUDA3 1.166599 113314 40
CPU9 44.949805 113275 sgemm sgemm CUDA0 0.965720 113315 40
CPU6 45.052773 113276 sgemm sgemm CUDA0 0.242718 113316 40
CPU15 44.763975 113277 sgemm sgemm CUDA3 1.162683 113317 40
CPU7 45.115095 113278 sgemm sgemm CUDA0 1.159359 113318 40
CPU11 44.838657 113279 sgemm sgemm CUDA3 1.052446 113319 40
CPU14 45.384434 113280 sgemm sgemm CUDA3 1.217044 113320 40
CPU8 25.428474 113283 ssyrk ssyrk CPU -1 113323 40
CPU16 44.916687 113284 sgemm sgemm CUDA1 1.053959 113324 40
CPU0 45.458391 113285 sgemm sgemm CUDA0 0.998865 113325 40
CPU5 44.966092 113286 sgemm sgemm CUDA1 1.049833 113326 40
CPU3 44.809852 113287 sgemm sgemm CUDA1 1.161751 113327 40
CPU3 45.376586 113288 sgemm sgemm CUDA1 1.057191 113328 40
CPU19 44.973454 113289 sgemm sgemm CUDA0 1.160950 113329 40
CPU9 45.059476 113290 sgemm sgemm CUDA0 1.164143 113330 40
CPU11 44.737244 113291 sgemm sgemm CUDA0 1.160145 113331 40
CPU18 44.817772 113292 sgemm sgemm CUDA1 0.983709 113332 40
CPU9 44.971205 113293 sgemm sgemm CUDA1 1.163034 113333 40
CPU2 45.160757 113294 sgemm sgemm CUDA0 0.992555 113334 40
CPU4 45.163518 113295 sgemm sgemm CUDA0 0.991999 113335 40
CPU1 45.145889 113296 sgemm sgemm CUDA1 0.909833 113336 40
CPU1 45.315237 113297 sgemm sgemm CUDA0 1.220375 113337 40
CPU1 45.157988 113298 sgemm sgemm CUDA0 1.161855 113338 40
CPU5 45.007269 113299 sgemm sgemm CUDA1 1.528255 113339 40
CPU3 45.032702 113300 sgemm sgemm CUDA1 0.985241 113340 40
CPU16 44.877644 113301 sgemm sgemm CUDA3 0.978952 113341 40
CPU0 45.007127 113302 sgemm sgemm CUDA1 1.367105 113342 40
CPU19 25.403459 113305 ssyrk ssyrk CPU21 81.911220 113345 40
CPU16 44.695835 113306 sgemm sgemm CUDA3 0.997771 113346 40
CPU13 45.017425 113307 sgemm sgemm CUDA1 0.985107 113347 40
CPU19 45.157811 113308 sgemm sgemm CUDA1 11.964973 113348 40
CPU10 45.164596 113309 sgemm sgemm CUDA1 0.990379 113349 40
CPU1 44.609449 113310 sgemm sgemm CUDA3 1.160222 113350 40
CPU19 44.968554 113311 sgemm sgemm CUDA0 1.160207 113351 40
CPU0 45.636159 113312 sgemm sgemm CUDA3 13.558475 113352 40
CPU19 44.818699 113313 sgemm sgemm CUDA1 0.961739 113353 40
CPU4 45.179331 113314 sgemm sgemm CUDA1 1.164799 113354 40
CPU19 44.820313 113315 sgemm sgemm CUDA0 12.391415 113355 40
CPU19 45.127063 113316 sgemm sgemm CUDA0 1.367952 113356 40
CPU16 44.795551 113317 sgemm sgemm CUDA3 0.993661 113357 40
CPU9 45.258890 113318 sgemm sgemm CUDA3 1.163922 113358 40
CPU19 45.087805 113319 sgemm sgemm CUDA0 1.047185 113359 40
CPU19 44.919452 113320 sgemm sgemm CUDA3 0.991846 113360 40
CPU5 44.596538 113321 sgemm sgemm CUDA0 0.989300 113361 40
CPU15 44.870837 113322 sgemm sgemm CUDA3 1.159315 113362 40
CPU19 45.133522 113323 sgemm sgemm CUDA3 13.062079 113363 40
CPU14 25.124568 113326 ssyrk ssyrk CPU -1 113366 40
CPU12 44.847625 113327 sgemm sgemm CUDA0 0.991586 113367 40
CPU14 44.924920 113328 sgemm sgemm CUDA0 1.260758 113368 40
CPU6 45.239561 113329 sgemm sgemm CUDA3 0.993194 113369 40
CPU12 44.979377 113330 sgemm sgemm CUDA3 1.156361 113370 40
CPU14 44.823411 113331 sgemm sgemm CUDA0 1.242136 113371 40
CPU8 45.308602 113332 sgemm sgemm CUDA3 14.144414 113372 40
CPU18 44.741449 113333 sgemm sgemm CUDA1 1.217832 113373 40
CPU7 45.187773 113334 sgemm sgemm CUDA3 0.939285 113374 40
CPU12 44.917072 113335 sgemm sgemm CUDA0 0.993673 113375 40
CPU14 44.886773 113336 sgemm sgemm CUDA3 1.164543 113376 40
CPU12 44.952312 113337 sgemm sgemm CUDA1 0.988175 113377 40
CPU4 45.211379 113338 sgemm sgemm CUDA3 12.402070 113378 40
CPU12 45.030033 113339 sgemm sgemm CUDA3 1.277704 113379 40
CPU14 44.901150 113340 sgemm sgemm CUDA3 1.163120 113380 40
CPU3 45.152130 113341 sgemm sgemm CUDA3 0.939109 113381 40
CPU8 44.942606 113342 sgemm sgemm CUDA2 0.939361 113382 40
CPU12 45.168964 113343 sgemm sgemm CUDA3 12.477292 113383 40
CPU18 25.028681 113346 ssyrk ssyrk CPU -1 113386 40
CPU18 45.068857 113347 sgemm sgemm CUDA0 0.989465 113387 40
CPU10 45.179987 113348 sgemm sgemm CUDA1 1.159074 113388 40
CPU3 44.902880 113349 sgemm sgemm CUDA0 2.873408 113389 40
CPU18 44.831613 113350 sgemm sgemm CUDA0 0.050736 113390 40
CPU16 44.794698 113351 sgemm sgemm CUDA0 0.991962 113391 40
CPU18 44.783985 113352 sgemm sgemm CUDA1 1.160967 113392 40
CPU5 44.839347 113353 sgemm sgemm CUDA1 0.991756 113393 40
CPU18 44.848307 113354 sgemm sgemm CUDA0 1.030775 113394 40
CPU18 44.991870 113355 sgemm sgemm CUDA0 0.995203 113395 40
CPU0 45.200242 113356 sgemm sgemm CUDA1 0.989188 113396 40
CPU12 45.158371 113357 sgemm sgemm CUDA0 1.157533 113397 40
CPU18 45.001814 113358 sgemm sgemm CUDA2 1.155251 113398 40
CPU18 44.876226 113359 sgemm sgemm CUDA2 0.985711 113399 40
CPU7 45.105846 113360 sgemm sgemm CUDA0 0.994123 113400 40
CPU2 44.675366 113361 sgemm sgemm CUDA2 1.278851 113401 40
CPU18 45.072786 113362 sgemm sgemm CUDA1 12.343762 113402 40
CPU10 25.544390 113365 ssyrk ssyrk CPU18 126.106679 113405 40
CPU9 45.336493 113366 sgemm sgemm CUDA1 0.988888 113406 40
CPU14 45.340332 113367 sgemm sgemm CUDA0 0.995670 113407 40
CPU10 45.246462 113368 sgemm sgemm CUDA0 1.221861 113408 40
CPU12 45.181164 113369 sgemm sgemm CUDA0 0.991609 113409 40
CPU18 45.118693 113370 sgemm sgemm CUDA1 0.990581 113410 40
CPU0 45.287201 113371 sgemm sgemm CUDA1 12.462556 113411 40
CPU19 45.030931 113372 sgemm sgemm CUDA1 1.165814 113412 40
CPU5 44.570900 113373 sgemm sgemm CUDA3 0.995946 113413 40
CPU9 44.666154 113374 sgemm sgemm CUDA3 1.054072 113414 40
CPU11 45.105220 113375 sgemm sgemm CUDA3 1.220336 113415 40
CPU9 44.675609 113376 sgemm sgemm CUDA3 0.996094 113416 40
CPU1 44.554157 113377 sgemm sgemm CUDA3 0.991571 113417 40
CPU7 44.937189 113378 sgemm sgemm CUDA0 1.204389 113418 40
CPU11 45.321245 113379 sgemm sgemm CUDA3 1.154149 113419 40
CPU3 44.580963 113380 sgemm sgemm CUDA3 0.351107 113420 40
CPU6 25.507173 113383 ssyrk ssyrk CPU30 90.819686 113423 40
CPU11 44.940251 113384 sgemm sgemm CUDA3 1.159066 113424 40
CPU9 45.004866 113385 sgemm sgemm CUDA0 12.254419 113425 40
CPU5 45.323516 113386 sgemm sgemm CUDA3 1.163379 113426 40
CPU2 45.183054 113387 sgemm sgemm CUDA1 1.155080 113427 40
CPU11 44.852296 113388 sgemm sgemm CUDA1 4.710013 113428 40
CPU7 45.146659 113389 sgemm sgemm CUDA1 1.158482 113429 40
CPU3 45.124136 113390 sgemm sgemm CUDA3 1.110067 113430 40
CPU16 44.738068 113391 sgemm sgemm CUDA1 1.225287 113431 40
CPU16 44.650074 113392 sgemm sgemm CUDA3 1.158123 113432 40
CPU3 44.306144 113393 sgemm sgemm CUDA2 1.152666 113433 40
CPU0 45.172708 113394 sgemm sgemm CUDA3 0.992082 113434 40
CPU7 45.306584 113395 sgemm sgemm CUDA3 1.214041 113435 40
CPU6 45.040474 113396 sgemm sgemm CUDA1 0.962572 113436 40
CPU8 44.707728 113397 sgemm sgemm CUDA2 1.162535 113437 40
CPU2 25.041157 113400 ssyrk ssyrk CPU23 87.167862 113440 40
CPU8 44.852408 113401 sgemm sgemm CUDA0 0.984404 113441 40
CPU8 45.145584 113402 sgemm sgemm CUDA3 0.042988 113442 40
CPU19 45.024258 113403 sgemm sgemm CUDA0 0.993021 113443 40
CPU10 45.045183 113404 sgemm sgemm CUDA3 0.792659 113444 40
CPU4 45.115715 113405 sgemm sgemm CUDA1 11.999674 113445 40
CPU1 44.898188 113406 sgemm sgemm CUDA3 1.205448 113446 40
CPU4 45.227659 113407 sgemm sgemm CUDA3 0.065746 113447 40
CPU9 44.998096 113408 sgemm sgemm CUDA3 1.218441 113448 40
CPU5 44.811264 113409 sgemm sgemm CUDA3 14.824057 113449 40
CPU6 44.843471 113410 sgemm sgemm CUDA2 1.163012 113450 40
CPU13 45.063792 113411 sgemm sgemm CUDA2 0.991727 113451 40
CPU10 45.220754 113412 sgemm sgemm CUDA2 1.052204 113452 40
CPU7 44.748412 113413 sgemm sgemm CUDA3 0.046669 113453 40
CPU10 25.374010 113416 ssyrk ssyrk CPU18 69.219325 113456 40
CPU11 44.960564 113417 sgemm sgemm CUDA0 1.163151 113457 40
CPU18 45.118599 113418 sgemm sgemm CUDA0 1.162436 113458 40
CPU14 45.081500 113419 sgemm sgemm CUDA3 1.110059 113459 40
CPU19 44.925216 113420 sgemm sgemm CUDA0 0.986423 113460 40
CPU1 44.756401 113421 sgemm sgemm CUDA3 0.166994 113461 40
CPU13 45.024283 113422 sgemm sgemm CUDA2 1.160215 113462 40
CPU9 44.977554 113423 sgemm sgemm CUDA0 1.161403 113463 40
CPU4 44.715655 113424 sgemm sgemm CUDA2 0.988516 113464 40
CPU9 44.304358 113425 sgemm sgemm CUDA3 12.926441 113465 40
CPU12 44.987639 113426 sgemm sgemm CUDA2 0.935244 113466 40
CPU7 45.029306 113427 sgemm sgemm CUDA2 0.048293 113467 40
CPU5 44.681042 113428 sgemm sgemm CUDA2 1.046587 113468 40
CPU2 25.061697 113431 ssyrk ssyrk CPU34 168.376585 113471 40
CPU3 45.119129 113432 sgemm sgemm CUDA0 0.041753 113472 40
CPU3 45.309611 113433 sgemm sgemm CUDA0 1.220556 113473 40
CPU6 45.235171 113434 sgemm sgemm CUDA0 12.926659 113474 40
CPU5 44.513023 113435 sgemm sgemm CUDA3 1.110351 113475 40
CPU19 44.911796 113436 sgemm sgemm CUDA2 1.159627 113476 40
CPU2 44.806626 113437 sgemm sgemm CUDA2 1.047960 113477 40
CPU2 44.730673 113438 sgemm sgemm CUDA2 1.154689 113478 40
CPU7 44.946309 113439 sgemm sgemm CUDA3 1.223931 113479 40
CPU1 45.033783 113440 sgemm sgemm CUDA0 1.153706 113480 40
CPU1 45.080143 113441 sgemm sgemm CUDA2 0.043986 113481 40
CPU1 44.875331 113442 sgemm sgemm CUDA3 1.247323 113482 40
CPU18 25.033160 113445 ssyrk ssyrk CPU -1 113485 40
CPU9 44.941254 113446 sgemm sgemm CUDA1 1.164619 113486 40
CPU18 44.641035 113447 sgemm sgemm CUDA0 1.050522 113487 40
CPU19 45.071119 113448 sgemm sgemm CUDA0 1.217189 113488 40
CPU5 45.257126 113449 sgemm sgemm CUDA2 0.986531 113489 40
CPU14 44.840988 113450 sgemm sgemm CUDA0 0.989070 113490 40
CPU18 45.087745 113451 sgemm sgemm CUDA2 0.992116 113491 40
CPU19 45.139353 113452 sgemm sgemm CUDA2 12.227780 113492 40
CPU3 45.284603 113453 sgemm sgemm CUDA2 1.221638 113493 40
CPU5 44.985644 113454 sgemm sgemm CUDA2 12.963479 113494 40
CPU18 44.993154 113455 sgemm sgemm CUDA2 1.105118 113495 40
CPU7 25.591172 113458 ssyrk ssyrk CPU -1 113498 40
CPU13 45.018164 113459 sgemm sgemm CUDA3 1.106401 113499 40
CPU16 45.104407 113460 sgemm sgemm CUDA3 12.907087 113500 40
CPU13 44.890553 113461 sgemm sgemm CUDA3 0.045453 113501 40
CPU9 45.062150 113462 sgemm sgemm CUDA3 1.163984 113502 40
CPU10 45.207761 113463 sgemm sgemm CUDA3 0.991619 113503 40
CPU2 44.628848 113464 sgemm sgemm CUDA3 1.050413 113504 40
CPU12 45.011363 113465 sgemm sgemm CUDA0 1.164830 113505 40
CPU0 45.151763 113466 sgemm sgemm CUDA3 1.246345 113506 40
CPU10 45.273659 113467 sgemm sgemm CUDA3 5.633872 113507 40
CPU19 25.077426 113470 ssyrk ssyrk CPU -1 113510 40
CPU18 44.928094 113471 sgemm sgemm CUDA3 1.104687 113511 40
CPU15 44.887349 113472 sgemm sgemm CUDA3 1.216635 113512 40
CPU6 45.173301 113473 sgemm sgemm CUDA3 1.160274 113513 40
CPU18 44.833955 113474 sgemm sgemm CUDA2 4.560561 113514 40
CPU19 45.072916 113475 sgemm sgemm CUDA2 1.043822 113515 40
CPU11 44.902951 113476 sgemm sgemm CUDA0 0.990704 113516 40
CPU3 45.118018 113477 sgemm sgemm CUDA2 1.161235 113517 40
CPU19 45.188596 113478 sgemm sgemm CUDA2 1.054291 113518 40
CPU1 25.431961 113481 ssyrk ssyrk CPU -1 113521 40
CPU14 44.945054 113482 sgemm sgemm CUDA3 0.992850 113522 40
CPU11 45.133675 113483 sgemm sgemm CUDA3 0.952958 113523 40
CPU6 44.725126 113484 sgemm sgemm CUDA2 0.043215 113524 40
CPU3 44.666693 113485 sgemm sgemm CUDA3 0.995834 113525 40
CPU5 44.935173 113486 sgemm sgemm CUDA2 1.051990 113526 40
CPU12 45.265514 113487 sgemm sgemm CUDA3 1.163694 113527 40
CPU0 44.924200 113488 sgemm sgemm CUDA2 1.160543 113528 40
CPU18 24.767512 113491 ssyrk ssyrk CUDA1 0.579631 113531 40
CPU14 44.800653 113492 sgemm sgemm CUDA3 12.638881 113532 40
CPU18 44.901968 113493 sgemm sgemm CUDA3 1.111749 113533 40
CPU9 44.784002 113494 sgemm sgemm CUDA2 1.109560 113534 40
CPU15 44.930636 113495 sgemm sgemm CUDA2 0.989920 113535 40
CPU8 44.965597 113496 sgemm sgemm CUDA3 2.569140 113536 40
CPU2 44.835942 113497 sgemm sgemm CUDA2 1.161266 113537 40
CPU9 25.278899 113500 ssyrk ssyrk CPU -1 113540 40
CPU1 45.053283 113501 sgemm sgemm CUDA3 0.042287 113541 40
CPU12 45.036773 113502 sgemm sgemm CUDA2 0.101281 113542 40
CPU16 44.805756 113503 sgemm sgemm CUDA2 0.991855 113543 40
CPU15 44.822622 113504 sgemm sgemm CUDA2 1.020663 113544 40
CPU3 44.890722 113505 sgemm sgemm CUDA2 1.107344 113545 40
CPU4 26.252913 113508 ssyrk ssyrk CUDA0 0.567274 113548 40
CPU2 44.205338 113509 sgemm sgemm CUDA3 1.227027 113549 40
CPU13 45.241626 113510 sgemm sgemm CUDA3 0.080139 113550 40
CPU15 45.148924 113511 sgemm sgemm CUDA3 0.233192 113551 40
CPU7 44.544004 113512 sgemm sgemm CUDA2 0.063747 113552 40
CPU3 25.189731 113515 ssyrk ssyrk CUDA1 0.873450 113555 40
CPU16 45.028841 113516 sgemm sgemm CUDA2 1.161787 113556 40
CPU19 45.420864 113517 sgemm sgemm CUDA2 1.109192 113557 40
CPU8 44.453785 113518 sgemm sgemm CUDA3 0.172378 113558 40
CPU7 25.566112 113521 ssyrk ssyrk CUDA0 0.658262 113561 40
CPU0 45.393081 113522 sgemm sgemm CUDA2 0.061052 113562 40
CPU6 45.199265 113523 sgemm sgemm CUDA2 1.160241 113563 40
CPU8 24.808555 113526 ssyrk ssyrk CUDA2 1.068140 113566 40
CPU8 44.660335 113527 sgemm sgemm CUDA3 0.939076 113567 40
CPU2 24.961755 113530 ssyrk ssyrk CUDA2 11.864530 113570 40
CPU10 13.933518 113533 spotrf spotrf CPU -1 113573 40
CPU10 30.548385 113534 strsm strsm CPU14 81.071636 113574 40
CPU8 30.255950 113535 strsm strsm CPU -1 113575 40
CPU8 30.392409 113536 strsm strsm CPU26 90.994387 113576 40
CPU10 30.896899 113537 strsm strsm CPU27 96.584974 113577 40
CPU10 30.891478 113538 strsm strsm CPU19 71.113823 113578 40
CPU10 30.969522 113539 strsm strsm CPU -1 113579 40
CPU1 30.047226 113540 strsm strsm CPU30 97.005039 113580 40
CPU8 30.263105 113541 strsm strsm CPU34 95.876810 113581 40
CPU14 30.515422 113542 strsm strsm CPU13 143.788936 113582 40
CPU5 30.237477 113543 strsm strsm CPU13 98.681847 113583 40
CPU18 30.187013 113544 strsm strsm CPU -1 113584 40
CPU10 30.859926 113545 strsm strsm CPU -1 113585 40
CPU6 30.863635 113546 strsm strsm CPU -1 113586 40
CPU2 30.276281 113547 strsm strsm CPU -1 113587 40
CPU10 30.660183 113548 strsm strsm CUDA0 2.666716 113588 40
CPU9 29.909249 113549 strsm strsm CUDA0 2.778264 113589 40
CPU18 30.013210 113550 strsm strsm CUDA0 2.801740 113590 40
CPU4 30.694246 113551 strsm strsm CUDA1 2.786311 113591 40
CPU19 30.770403 113552 strsm strsm CUDA0 19.107678 113592 40
CPU1 29.823581 113553 strsm strsm CUDA0 0.062469 113593 40
CPU18 29.920343 113554 strsm strsm CUDA1 0.677451 113594 40
CPU7 30.551211 113555 strsm strsm CUDA0 14.466248 113595 40
CPU4 30.385885 113556 strsm strsm CUDA0 2.651322 113596 40
CPU3 30.300454 113557 strsm strsm CUDA1 2.769708 113597 40
CPU5 30.208891 113558 strsm strsm CUDA0 13.808126 113598 40
CPU0 30.521580 113559 strsm strsm CUDA2 2.799486 113599 40
CPU2 30.048217 113560 strsm strsm CUDA2 2.826344 113600 40
CPU10 25.010965 113563 ssyrk ssyrk CPU -1 113603 40
CPU3 45.508974 113564 sgemm sgemm CUDA1 1.168401 113604 40
CPU8 46.099005 113565 sgemm sgemm CUDA1 0.995186 113605 40
CPU14 44.918389 113566 sgemm sgemm CUDA1 1.300925 113606 40
CPU7 45.228273 113567 sgemm sgemm CUDA1 1.248277 113607 40
CPU10 44.915088 113568 sgemm sgemm CUDA0 0.994159 113608 40
CPU3 45.026568 113569 sgemm sgemm CUDA0 1.161508 113609 40
CPU8 44.845323 113570 sgemm sgemm CUDA1 0.998336 113610 40
CPU14 45.041644 113571 sgemm sgemm CUDA1 12.583040 113611 40
CPU0 45.530461 113572 sgemm sgemm CUDA0 0.071304 113612 40
CPU18 44.685791 113573 sgemm sgemm CUDA0 0.105608 113613 40
CPU10 44.863785 113574 sgemm sgemm CUDA1 1.155450 113614 40
CPU6 45.458146 113575 sgemm sgemm CUDA1 1.158694 113615 40
CPU2 45.143863 113576 sgemm sgemm CUDA0 0.992616 113616 40
CPU5 44.631647 113577 sgemm sgemm CUDA0 1.162239 113617 40
CPU3 44.715955 113578 sgemm sgemm CUDA0 1.159914 113618 40
CPU18 44.893045 113579 sgemm sgemm CUDA1 0.990168 113619 40
CPU7 45.342712 113580 sgemm sgemm CUDA1 1.047079 113620 40
CPU18 44.875966 113581 sgemm sgemm CUDA1 1.156219 113621 40
CPU6 45.088715 113582 sgemm sgemm CUDA0 1.158323 113622 40
CPU18 44.556472 113583 sgemm sgemm CUDA1 0.992884 113623 40
CPU7 45.382674 113584 sgemm sgemm CUDA0 0.048934 113624 40
CPU3 45.129619 113585 sgemm sgemm CUDA0 0.990447 113625 40
CPU5 44.959389 113586 sgemm sgemm CUDA1 0.041537 113626 40
CPU5 45.183497 113587 sgemm sgemm CUDA1 0.992411 113627 40
CPU0 45.479220 113588 sgemm sgemm CUDA2 0.053750 113628 40
CPU6 45.112058 113589 sgemm sgemm CUDA1 0.083447 113629 40
CPU8 25.377974 113592 ssyrk ssyrk CPU -1 113632 40
CPU4 45.532506 113593 sgemm sgemm CUDA1 0.064442 113633 40
CPU15 44.642616 113594 sgemm sgemm CUDA1 1.004996 113634 40
CPU10 45.060477 113595 sgemm sgemm CUDA1 1.167594 113635 40
CPU5 44.899719 113596 sgemm sgemm CUDA0 0.077662 113636 40
CPU9 45.018071 113597 sgemm sgemm CUDA0 1.166688 113637 40
CPU2 45.145463 113598 sgemm sgemm CUDA1 0.052734 113638 40
CPU19 44.677045 113599 sgemm sgemm CUDA1 0.991821 113639 40
CPU1 44.721455 113600 sgemm sgemm CUDA0 0.993319 113640 40
CPU18 44.647365 113601 sgemm sgemm CUDA0 0.988392 113641 40
CPU15 44.871136 113602 sgemm sgemm CUDA1 1.049794 113642 40
CPU2 45.172948 113603 sgemm sgemm CUDA1 11.971694 113643 40
CPU0 45.499202 113604 sgemm sgemm CUDA0 8.319165 113644 40
CPU2 45.007194 113605 sgemm sgemm CUDA0 0.994095 113645 40
CPU15 44.934362 113606 sgemm sgemm CUDA0 1.159874 113646 40
CPU18 44.756669 113607 sgemm sgemm CUDA1 1.147556 113647 40
CPU13 45.020901 113608 sgemm sgemm CUDA1 1.159236 113648 40
CPU5 44.999938 113609 sgemm sgemm CUDA0 1.160330 113649 40
CPU11 45.403018 113610 sgemm sgemm CUDA0 1.157017 113650 40
CPU18 44.711808 113611 sgemm sgemm CUDA1 0.984224 113651 40
CPU7 45.305886 113612 sgemm sgemm CUDA0 8.568707 113652 40
CPU7 45.603577 113613 sgemm sgemm CUDA0 13.113417 113653 40
CPU10 45.108820 113614 sgemm sgemm CUDA3 1.110329 113654 40
CPU5 45.172319 113615 sgemm sgemm CUDA0 1.160524 113655 40
CPU3 45.114522 113616 sgemm sgemm CUDA2 1.402715 113656 40
CPU1 44.821947 113617 sgemm sgemm CUDA2 0.042668 113657 40
CPU8 25.237499 113620 ssyrk ssyrk CPU27 86.973301 113660 40
CPU5 44.940921 113621 sgemm sgemm CUDA1 12.152495 113661 40
CPU5 44.921994 113622 sgemm sgemm CUDA1 1.184412 113662 40
CPU5 45.016102 113623 sgemm sgemm CUDA0 1.156889 113663 40
CPU7 45.080158 113624 sgemm sgemm CUDA0 1.172326 113664 40
CPU4 45.238258 113625 sgemm sgemm CUDA1 1.051340 113665 40
CPU10 45.051377 113626 sgemm sgemm CUDA1 2.613105 113666 40
CPU11 44.571767 113627 sgemm sgemm CUDA0 1.162277 113667 40
CPU18 44.706446 113628 sgemm sgemm CUDA0 3.804273 113668 40
CPU5 44.995834 113629 sgemm sgemm CUDA1 1.158807 113669 40
CPU1 45.267112 113630 sgemm sgemm CUDA1 1.217330 113670 40
CPU1 45.295748 113631 sgemm sgemm CUDA0 1.164351 113671 40
CPU5 45.049838 113632 sgemm sgemm CUDA0 0.989738 113672 40
CPU3 44.831024 113633 sgemm sgemm CUDA0 0.983541 113673 40
CPU19 45.037758 113634 sgemm sgemm CUDA1 1.189457 113674 40
CPU16 44.662468 113635 sgemm sgemm CUDA1 1.005410 113675 40
CPU18 44.798353 113636 sgemm sgemm CUDA0 1.158070 113676 40
CPU5 44.695484 113637 sgemm sgemm CUDA0 1.218941 113677 40
CPU7 45.298714 113638 sgemm sgemm CUDA1 1.132085 113678 40
CPU7 45.489396 113639 sgemm sgemm CUDA0 12.051954 113679 40
CPU5 45.965639 113640 sgemm sgemm CUDA0 0.992918 113680 40
CPU5 45.275130 113641 sgemm sgemm CUDA0 1.295463 113681 40
CPU8 44.831629 113642 sgemm sgemm CUDA0 1.161202 113682 40
CPU19 44.896511 113643 sgemm sgemm CUDA3 0.992962 113683 40
CPU5 44.646194 113644 sgemm sgemm CUDA3 0.089966 113684 40
CPU10 25.561708 113647 ssyrk ssyrk CPU19 95.213167 113687 40
CPU10 45.339593 113648 sgemm sgemm CUDA1 1.004015 113688 40
CPU9 44.523260 113649 sgemm sgemm CUDA1 0.986112 113689 40
CPU1 44.830188 113650 sgemm sgemm CUDA0 1.221096 113690 40
CPU16 44.920653 113651 sgemm sgemm CUDA1 1.215114 113691 40
CPU4 45.021991 113652 sgemm sgemm CUDA1 1.161605 113692 40
CPU13 45.018548 113653 sgemm sgemm CUDA0 1.159822 113693 40
CPU7 44.786152 113654 sgemm sgemm CUDA0 0.990096 113694 40
CPU7 44.695404 113655 sgemm sgemm CUDA1 3.542857 113695 40
CPU2 44.512599 113656 sgemm sgemm CUDA1 1.162966 113696 40
CPU9 44.917601 113657 sgemm sgemm CUDA0 0.997966 113697 40
CPU3 44.552044 113658 sgemm sgemm CUDA0 0.630347 113698 40
CPU11 45.179106 113659 sgemm sgemm CUDA0 1.165907 113699 40
CPU19 45.060043 113660 sgemm sgemm CUDA1 9.628685 113700 40
CPU12 45.135378 113661 sgemm sgemm CUDA1 1.298361 113701 40
CPU19 45.031097 113662 sgemm sgemm CUDA1 1.244047 113702 40
CPU1 44.570287 113663 sgemm sgemm CUDA0 1.047996 113703 40
CPU18 44.844336 113664 sgemm sgemm CUDA1 0.995019 113704 40
CPU4 45.025537 113665 sgemm sgemm CUDA2 1.161385 113705 40
CPU7 44.573926 113666 sgemm sgemm CUDA0 1.160019 113706 40
CPU2 44.902407 113667 sgemm sgemm CUDA2 13.010898 113707 40
CPU3 45.059647 113668 sgemm sgemm CUDA0 0.989894 113708 40
CPU13 45.322897 113669 sgemm sgemm CUDA2 1.206987 113709 40
CPU2 44.740841 113670 sgemm sgemm CUDA2 0.936058 113710 40
CPU10 25.533279 113673 ssyrk ssyrk CPU -1 113713 40
CPU6 45.222316 113674 sgemm sgemm CUDA1 1.085766 113714 40
CPU6 44.864494 113675 sgemm sgemm CUDA1 0.970178 113715 40
CPU3 45.098696 113676 sgemm sgemm CUDA1 1.160728 113716 40
CPU15 44.820714 113677 sgemm sgemm CUDA1 0.997285 113717 40
CPU16 44.854659 113678 sgemm sgemm CUDA1 1.165364 113718 40
CPU18 44.900802 113679 sgemm sgemm CUDA1 0.991200 113719 40
CPU9 44.632397 113680 sgemm sgemm CUDA1 0.991044 113720 40
CPU4 44.860450 113681 sgemm sgemm CUDA1 0.050152 113721 40
CPU0 45.146647 113682 sgemm sgemm CUDA0 1.158426 113722 40
CPU9 44.852610 113683 sgemm sgemm CUDA0 1.161252 113723 40
CPU14 45.278134 113684 sgemm sgemm CUDA0 1.219108 113724 40
CPU18 44.966920 113685 sgemm sgemm CUDA1 0.044327 113725 40
CPU15 44.926068 113686 sgemm sgemm CUDA1 1.162640 113726 40
CPU19 45.106542 113687 sgemm sgemm CUDA0 0.896240 113727 40
CPU6 44.984078 113688 sgemm sgemm CUDA0 0.988790 113728 40
CPU15 45.316325 113689 sgemm sgemm CUDA1 1.162404 113729 40
CPU7 45.021001 113690 sgemm sgemm CUDA0 1.217028 113730 40
CPU2 44.223548 113691 sgemm sgemm CUDA0 0.830679 113731 40
CPU5 44.724440 113692 sgemm sgemm CUDA3 0.942477 113732 40
CPU0 45.471864 113693 sgemm sgemm CUDA0 1.191368 113733 40
CPU14 45.124373 113694 sgemm sgemm CUDA3 12.927670 113734 40
CPU5 44.468978 113695 sgemm sgemm CUDA2 0.980075 113735 40
CPU10 25.630470 113698 ssyrk ssyrk CPU -1 113738 40
CPU1 44.377878 113699 sgemm sgemm CUDA1 1.158598 113739 40
CPU6 44.943919 113700 sgemm sgemm CUDA1 1.215134 113740 40
CPU11 45.012304 113701 sgemm sgemm CUDA1 1.168930 113741 40
CPU8 45.848645 113702 sgemm sgemm CUDA0 0.991200 113742 40
CPU18 44.941322 113703 sgemm sgemm CUDA1 1.252231 113743 40
CPU2 44.571593 113704 sgemm sgemm CUDA1 1.219855 113744 40
CPU19 45.104063 113705 sgemm sgemm CUDA1 1.170884 113745 40
CPU8 45.075843 113706 sgemm sgemm CUDA0 0.988158 113746 40
CPU1 44.854604 113707 sgemm sgemm CUDA0 1.215974 113747 40
CPU16 45.230187 113708 sgemm sgemm CUDA0 0.992983 113748 40
CPU18 44.784001 113709 sgemm sgemm CUDA1 0.991718 113749 40
CPU13 45.269031 113710 sgemm sgemm CUDA1 13.247798 113750 40
CPU18 44.984101 113711 sgemm sgemm CUDA0 1.163547 113751 40
CPU9 44.753376 113712 sgemm sgemm CUDA0 0.992904 113752 40
CPU14 45.111297 113713 sgemm sgemm CUDA1 0.991880 113753 40
CPU8 44.954697 113714 sgemm sgemm CUDA0 0.993063 113754 40
CPU4 44.424366 113715 sgemm sgemm CUDA0 1.218895 113755 40
CPU3 45.122437 113716 sgemm sgemm CUDA2 1.165022 113756 40
CPU0 45.395002 113717 sgemm sgemm CUDA1 1.048325 113757 40
CPU6 44.926477 113718 sgemm sgemm CUDA2 9.344968 113758 40
CPU2 44.519341 113719 sgemm sgemm CUDA2 1.160937 113759 40
CPU1 25.025274 113722 ssyrk ssyrk CPU -1 113762 40
CPU0 45.221885 113723 sgemm sgemm CUDA0 1.051709 113763 40
CPU4 44.971965 113724 sgemm sgemm CUDA1 0.173463 113764 40
CPU9 45.044406 113725 sgemm sgemm CUDA1 0.991522 113765 40
CPU1 44.440153 113726 sgemm sgemm CUDA0 0.043376 113766 40
CPU0 45.134625 113727 sgemm sgemm CUDA1 12.075843 113767 40
CPU2 45.092462 113728 sgemm sgemm CUDA1 1.154352 113768 40
CPU6 45.230783 113729 sgemm sgemm CUDA0 13.516915 113769 40
CPU16 45.117832 113730 sgemm sgemm CUDA0 1.160056 113770 40
CPU1 44.786968 113731 sgemm sgemm CUDA0 0.194255 113771 40
CPU19 45.065316 113732 sgemm sgemm CUDA1 1.221345 113772 40
CPU4 44.859161 113733 sgemm sgemm CUDA1 0.992195 113773 40
CPU10 45.151507 113734 sgemm sgemm CUDA1 0.992217 113774 40
CPU14 45.233956 113735 sgemm sgemm CUDA0 1.216224 113775 40
CPU18 44.891046 113736 sgemm sgemm CUDA1 0.988679 113776 40
CPU1 44.872032 113737 sgemm sgemm CUDA0 0.985390 113777 40
CPU6 45.396915 113738 sgemm sgemm CUDA0 1.156475 113778 40
CPU15 44.615882 113739 sgemm sgemm CUDA3 0.993182 113779 40
CPU7 45.170542 113740 sgemm sgemm CUDA1 0.989205 113780 40
CPU11 44.908333 113741 sgemm sgemm CUDA3 0.934865 113781 40
CPU14 45.385429 113742 sgemm sgemm CUDA3 1.155682 113782 40
CPU8 25.257200 113745 ssyrk ssyrk CPU -1 113785 40
CPU16 44.674861 113746 sgemm sgemm CUDA1 1.047796 113786 40
CPU0 45.569591 113747 sgemm sgemm CUDA0 1.161439 113787 40
CPU5 45.023583 113748 sgemm sgemm CUDA1 1.045254 113788 40
CPU5 44.884387 113749 sgemm sgemm CUDA1 1.159767 113789 40
CPU3 45.408479 113750 sgemm sgemm CUDA1 1.157908 113790 40
CPU19 44.878595 113751 sgemm sgemm CUDA0 0.244479 113791 40
CPU0 44.904593 113752 sgemm sgemm CUDA0 6.308694 113792 40
CPU11 44.859222 113753 sgemm sgemm CUDA0 1.153399 113793 40
CPU18 44.772449 113754 sgemm sgemm CUDA1 1.134403 113794 40
CPU9 45.234037 113755 sgemm sgemm CUDA1 0.993325 113795 40
CPU2 45.183508 113756 sgemm sgemm CUDA0 1.220273 113796 40
CPU4 45.183624 113757 sgemm sgemm CUDA0 0.993365 113797 40
CPU1 45.114561 113758 sgemm sgemm CUDA1 0.733904 113798 40
CPU7 45.326076 113759 sgemm sgemm CUDA0 1.162381 113799 40
CPU1 45.183379 113760 sgemm sgemm CUDA0 1.163642 113800 40
CPU5 45.095688 113761 sgemm sgemm CUDA1 1.161397 113801 40
CPU3 45.025374 113762 sgemm sgemm CUDA1 0.996824 113802 40
CPU16 44.843286 113763 sgemm sgemm CUDA3 1.159225 113803 40
CPU0 45.132168 113764 sgemm sgemm CUDA1 0.991865 113804 40
CPU14 25.387723 113767 ssyrk ssyrk CPU17 84.656165 113807 40
CPU16 44.815868 113768 sgemm sgemm CUDA1 1.157136 113808 40
CPU13 45.055531 113769 sgemm sgemm CUDA1 1.049629 113809 40
CPU5 44.497040 113770 sgemm sgemm CUDA1 1.218245 113810 40
CPU10 45.092206 113771 sgemm sgemm CUDA1 0.966366 113811 40
CPU1 44.752364 113772 sgemm sgemm CUDA0 1.160535 113812 40
CPU3 45.066819 113773 sgemm sgemm CUDA0 1.159537 113813 40
CPU0 45.231300 113774 sgemm sgemm CUDA0 1.051060 113814 40
CPU19 44.967095 113775 sgemm sgemm CUDA1 12.426193 113815 40
CPU4 45.295203 113776 sgemm sgemm CUDA1 0.063028 113816 40
CPU0 44.974350 113777 sgemm sgemm CUDA0 13.123858 113817 40
CPU6 44.608825 113778 sgemm sgemm CUDA0 0.969757 113818 40
CPU16 44.949558 113779 sgemm sgemm CUDA3 0.991562 113819 40
CPU7 45.362964 113780 sgemm sgemm CUDA3 0.994778 113820 40
CPU1 44.934030 113781 sgemm sgemm CUDA0 1.162159 113821 40
CPU9 45.211816 113782 sgemm sgemm CUDA3 0.091092 113822 40
CPU5 45.028228 113783 sgemm sgemm CUDA0 0.996474 113823 40
CPU15 44.776820 113784 sgemm sgemm CUDA3 1.217561 113824 40
CPU11 44.892810 113785 sgemm sgemm CUDA3 1.164099 113825 40
CPU5 25.279094 113788 ssyrk ssyrk CPU11 69.361315 113828 40
CPU12 44.966589 113789 sgemm sgemm CUDA0 0.986044 113829 40
CPU5 45.035506 113790 sgemm sgemm CUDA0 1.158472 113830 40
CPU6 45.238548 113791 sgemm sgemm CUDA1 1.160397 113831 40
CPU12 45.005369 113792 sgemm sgemm CUDA0 1.239690 113832 40
CPU6 45.057816 113793 sgemm sgemm CUDA0 1.159508 113833 40
CPU8 45.016228 113794 sgemm sgemm CUDA0 1.158527 113834 40
CPU18 44.732552 113795 sgemm sgemm CUDA1 12.715065 113835 40
CPU7 45.345713 113796 sgemm sgemm CUDA0 1.046536 113836 40
CPU1 45.136348 113797 sgemm sgemm CUDA1 0.992255 113837 40
CPU5 44.973889 113798 sgemm sgemm CUDA3 12.176260 113838 40
CPU12 44.963673 113799 sgemm sgemm CUDA1 13.013884 113839 40
CPU4 45.334716 113800 sgemm sgemm CUDA3 0.986606 113840 40
CPU6 44.984383 113801 sgemm sgemm CUDA3 1.177393 113841 40
CPU3 45.413267 113802 sgemm sgemm CUDA3 12.183897 113842 40
CPU3 45.217867 113803 sgemm sgemm CUDA3 0.932484 113843 40
CPU8 44.940182 113804 sgemm sgemm CUDA3 24.302688 113844 40
CPU5 45.155185 113805 sgemm sgemm CUDA3 1.288695 113845 40
CPU18 24.978501 113808 ssyrk ssyrk CPU23 60.224485 113848 40
CPU18 45.090741 113809 sgemm sgemm CUDA0 0.989864 113849 40
CPU10 45.185576 113810 sgemm sgemm CUDA1 1.136790 113850 40
CPU3 45.038403 113811 sgemm sgemm CUDA0 1.158802 113851 40
CPU18 44.753502 113812 sgemm sgemm CUDA0 0.687395 113852 40
CPU16 45.041226 113813 sgemm sgemm CUDA0 1.161567 113853 40
CPU18 44.805474 113814 sgemm sgemm CUDA1 1.053001 113854 40
CPU5 45.051379 113815 sgemm sgemm CUDA1 1.163439 113855 40
CPU18 44.732195 113816 sgemm sgemm CUDA0 9.171444 113856 40
CPU18 45.071540 113817 sgemm sgemm CUDA0 1.164335 113857 40
CPU0 45.318187 113818 sgemm sgemm CUDA1 1.160844 113858 40
CPU1 44.857252 113819 sgemm sgemm CUDA0 1.215855 113859 40
CPU18 44.803315 113820 sgemm sgemm CUDA2 1.266112 113860 40
CPU18 44.751369 113821 sgemm sgemm CUDA2 2.426578 113861 40
CPU7 45.135578 113822 sgemm sgemm CUDA0 0.551195 113862 40
CPU2 44.857951 113823 sgemm sgemm CUDA2 1.159513 113863 40
CPU18 45.171258 113824 sgemm sgemm CUDA1 1.221937 113864 40
CPU10 25.558435 113827 ssyrk ssyrk CPU -1 113867 40
CPU9 44.576450 113828 sgemm sgemm CUDA1 12.384119 113868 40
CPU14 45.300158 113829 sgemm sgemm CUDA0 12.438575 113869 40
CPU7 44.408135 113830 sgemm sgemm CUDA0 0.985401 113870 40
CPU12 45.320713 113831 sgemm sgemm CUDA0 0.984187 113871 40
CPU18 45.255593 113832 sgemm sgemm CUDA1 1.164087 113872 40
CPU0 45.425320 113833 sgemm sgemm CUDA1 1.161922 113873 40
CPU19 45.022161 113834 sgemm sgemm CUDA1 1.142600 113874 40
CPU5 44.785200 113835 sgemm sgemm CUDA3 0.990557 113875 40
CPU9 44.815170 113836 sgemm sgemm CUDA3 12.751043 113876 40
CPU7 44.746318 113837 sgemm sgemm CUDA3 1.160566 113877 40
CPU9 44.829985 113838 sgemm sgemm CUDA3 0.993237 113878 40
CPU1 44.935074 113839 sgemm sgemm CUDA3 1.161346 113879 40
CPU7 45.120818 113840 sgemm sgemm CUDA0 1.160321 113880 40
CPU11 45.429560 113841 sgemm sgemm CUDA3 1.155726 113881 40
CPU2 44.405301 113842 sgemm sgemm CUDA3 1.219338 113882 40
CPU6 25.472121 113845 ssyrk ssyrk CPU -1 113885 40
CPU11 44.630022 113846 sgemm sgemm CUDA0 0.850770 113886 40
CPU9 44.978123 113847 sgemm sgemm CUDA0 1.161987 113887 40
CPU5 44.990331 113848 sgemm sgemm CUDA0 0.990635 113888 40
CPU2 45.066895 113849 sgemm sgemm CUDA1 1.227453 113889 40
CPU11 44.763107 113850 sgemm sgemm CUDA1 0.961735 113890 40
CPU7 45.235024 113851 sgemm sgemm CUDA1 0.989607 113891 40
CPU3 45.033251 113852 sgemm sgemm CUDA3 0.117862 113892 40
CPU16 44.871180 113853 sgemm sgemm CUDA1 0.991326 113893 40
CPU9 45.020786 113854 sgemm sgemm CUDA3 1.159772 113894 40
CPU3 44.985081 113855 sgemm sgemm CUDA2 1.159169 113895 40
CPU0 45.556337 113856 sgemm sgemm CUDA3 1.220864 113896 40
CPU7 45.306632 113857 sgemm sgemm CUDA3 12.784023 113897 40
CPU6 45.003150 113858 sgemm sgemm CUDA3 0.995310 113898 40
CPU8 44.591957 113859 sgemm sgemm CUDA2 24.889341 113899 40
CPU2 25.299213 113862 ssyrk ssyrk CPU17 96.933789 113902 40
CPU8 45.099822 113863 sgemm sgemm CUDA0 1.263518 113903 40
CPU8 45.012632 113864 sgemm sgemm CUDA3 0.992162 113904 40
CPU19 44.954799 113865 sgemm sgemm CUDA0 1.159571 113905 40
CPU10 44.795096 113866 sgemm sgemm CUDA3 1.179385 113906 40
CPU4 45.352553 113867 sgemm sgemm CUDA0 0.453635 113907 40
CPU1 44.992120 113868 sgemm sgemm CUDA0 1.304407 113908 40
CPU4 45.350593 113869 sgemm sgemm CUDA3 12.199104 113909 40
CPU7 45.319808 113870 sgemm sgemm CUDA3 0.990028 113910 40
CPU5 45.333938 113871 sgemm sgemm CUDA3 1.415745 113911 40
CPU6 45.446279 113872 sgemm sgemm CUDA3 1.165719 113912 40
CPU13 44.895908 113873 sgemm sgemm CUDA3 0.991478 113913 40
CPU10 45.116871 113874 sgemm sgemm CUDA2 24.482651 113914 40
CPU7 44.986645 113875 sgemm sgemm CUDA3 0.929890 113915 40
CPU10 25.390998 113878 ssyrk ssyrk CPU -1 113918 40
CPU11 45.129703 113879 sgemm sgemm CUDA0 0.987100 113919 40
CPU18 45.334091 113880 sgemm sgemm CUDA0 1.057070 113920 40
CPU14 44.926376 113881 sgemm sgemm CUDA3 1.046449 113921 40
CPU19 44.968255 113882 sgemm sgemm CUDA0 0.988139 113922 40
CPU9 44.418256 113883 sgemm sgemm CUDA3 0.877087 113923 40
CPU13 45.044625 113884 sgemm sgemm CUDA2 12.928779 113924 40
CPU7 45.129586 113885 sgemm sgemm CUDA0 0.991613 113925 40
CPU0 45.319238 113886 sgemm sgemm CUDA2 0.991724 113926 40
CPU9 44.300223 113887 sgemm sgemm CUDA3 1.161696 113927 40
CPU12 44.974670 113888 sgemm sgemm CUDA3 1.221614 113928 40
CPU7 45.026842 113889 sgemm sgemm CUDA2 1.136204 113929 40
CPU0 45.188836 113890 sgemm sgemm CUDA2 1.163480 113930 40
CPU9 24.596840 113893 ssyrk ssyrk CPU -1 113933 40
CPU18 45.301444 113894 sgemm sgemm CUDA0 12.403073 113934 40
CPU3 45.095995 113895 sgemm sgemm CUDA0 0.955144 113935 40
CPU6 44.949108 113896 sgemm sgemm CUDA0 1.160900 113936 40
CPU5 44.170213 113897 sgemm sgemm CUDA3 0.288044 113937 40
CPU19 45.282601 113898 sgemm sgemm CUDA2 1.160633 113938 40
CPU5 44.775002 113899 sgemm sgemm CUDA2 12.374988 113939 40
CPU2 44.746885 113900 sgemm sgemm CUDA2 0.049336 113940 40
CPU7 44.992062 113901 sgemm sgemm CUDA3 1.043954 113941 40
CPU1 45.070191 113902 sgemm sgemm CUDA0 1.162192 113942 40
CPU1 44.867282 113903 sgemm sgemm CUDA2 1.050857 113943 40
CPU1 44.682423 113904 sgemm sgemm CUDA3 1.278439 113944 40
CPU18 24.968262 113907 ssyrk ssyrk CPU -1 113947 40
CPU9 45.155011 113908 sgemm sgemm CUDA1 1.156960 113948 40
CPU18 44.712358 113909 sgemm sgemm CUDA0 1.154200 113949 40
CPU19 45.532007 113910 sgemm sgemm CUDA0 0.076353 113950 40
CPU5 45.181277 113911 sgemm sgemm CUDA2 1.157847 113951 40
CPU3 45.031234 113912 sgemm sgemm CUDA0 1.161190 113952 40
CPU18 44.865089 113913 sgemm sgemm CUDA2 0.933124 113953 40
CPU19 45.119897 113914 sgemm sgemm CUDA2 0.156611 113954 40
CPU1 45.279914 113915 sgemm sgemm CUDA2 0.082029 113955 40
CPU5 45.017254 113916 sgemm sgemm CUDA2 12.514946 113956 40
CPU18 44.949131 113917 sgemm sgemm CUDA2 1.113138 113957 40
CPU4 25.561466 113920 ssyrk ssyrk CPU -1 113960 40
CPU13 44.949703 113921 sgemm sgemm CUDA3 1.166077 113961 40
CPU16 45.094129 113922 sgemm sgemm CUDA3 0.129747 113962 40
CPU13 44.720888 113923 sgemm sgemm CUDA3 0.991577 113963 40
CPU9 45.042066 113924 sgemm sgemm CUDA3 0.168642 113964 40
CPU10 44.871346 113925 sgemm sgemm CUDA3 0.989261 113965 40
CPU2 45.231840 113926 sgemm sgemm CUDA3 0.993892 113966 40
CPU12 44.775574 113927 sgemm sgemm CUDA0 0.722978 113967 40
CPU0 45.306743 113928 sgemm sgemm CUDA3 1.162958 113968 40
CPU10 45.283760 113929 sgemm sgemm CUDA3 12.076005 113969 40
CPU19 25.191659 113932 ssyrk ssyrk CPU -1 113972 40
CPU18 44.908156 113933 sgemm sgemm CUDA3 1.222295 113973 40
CPU15 44.923803 113934 sgemm sgemm CUDA3 1.158564 113974 40
CPU7 45.246149 113935 sgemm sgemm CUDA3 12.868330 113975 40
CPU18 44.644157 113936 sgemm sgemm CUDA2 0.989801 113976 40
CPU19 44.845784 113937 sgemm sgemm CUDA2 0.830094 113977 40
CPU11 44.914123 113938 sgemm sgemm CUDA0 1.162743 113978 40
CPU3 44.881161 113939 sgemm sgemm CUDA2 0.988988 113979 40
CPU19 45.187298 113940 sgemm sgemm CUDA2 1.218759 113980 40
CPU1 24.713032 113943 ssyrk ssyrk CUDA0 0.629662 113983 40
CPU14 45.016430 113944 sgemm sgemm CUDA3 1.162400 113984 40
CPU11 45.251891 113945 sgemm sgemm CUDA3 1.163507 113985 40
CPU6 44.150287 113946 sgemm sgemm CUDA2 0.964185 113986 40
CPU1 44.954471 113947 sgemm sgemm CUDA3 1.159519 113987 40
CPU5 44.868665 113948 sgemm sgemm CUDA2 1.052111 113988 40
CPU12 45.359568 113949 sgemm sgemm CUDA3 1.168224 113989 40
CPU0 44.982612 113950 sgemm sgemm CUDA2 1.050642 113990 40
CPU18 24.689261 113953 ssyrk ssyrk CUDA1 0.619335 113993 40
CPU4 45.239862 113954 sgemm sgemm CUDA3 0.994369 113994 40
CPU18 44.442817 113955 sgemm sgemm CUDA3 0.064730 113995 40
CPU18 44.577196 113956 sgemm sgemm CUDA2 0.927678 113996 40
CPU15 44.545942 113957 sgemm sgemm CUDA2 0.994424 113997 40
CPU8 45.086858 113958 sgemm sgemm CUDA2 0.198494 113998 40
CPU18 44.936586 113959 sgemm sgemm CUDA2 0.990363 113999 40
CPU7 25.375643 113962 ssyrk ssyrk CUDA3 11.950124 114002 40
CPU1 45.216801 113963 sgemm sgemm CUDA3 0.988336 114003 40
CPU12 45.073358 113964 sgemm sgemm CUDA2 0.939412 114004 40
CPU16 44.775647 113965 sgemm sgemm CUDA2 0.959213 114005 40
CPU15 45.021205 113966 sgemm sgemm CUDA2 1.047673 114006 40
CPU3 44.632085 113967 sgemm sgemm CUDA2 0.931579 114007 40
CPU4 25.341221 113970 ssyrk ssyrk CUDA0 0.656679 114010 40
CPU2 44.242453 113971 sgemm sgemm CUDA3 1.052775 114011 40
CPU13 44.819424 113972 sgemm sgemm CUDA3 1.053718 114012 40
CPU15 44.752294 113973 sgemm sgemm CUDA3 0.989856 114013 40
CPU7 44.859410 113974 sgemm sgemm CUDA2 1.050512 114014 40
CPU3 25.067077 113977 ssyrk ssyrk CUDA1 12.505055 114017 40
CPU16 44.695630 113978 sgemm sgemm CUDA2 1.157549 114018 40
CPU19 45.291177 113979 sgemm sgemm CUDA2 1.047706 114019 40
CPU8 44.625501 113980 sgemm sgemm CUDA3 1.161500 114020 40
CPU5 25.207257 113983 ssyrk ssyrk CUDA0 0.826017 114023 40
CPU0 45.504727 113984 sgemm sgemm CUDA2 0.939387 114024 40
CPU6 45.185879 113985 sgemm sgemm CUDA2 1.160627 114025 40
CPU0 25.274324 113988 ssyrk ssyrk CUDA2 0.515463 114028 40
CPU9 44.894964 113989 sgemm sgemm CUDA3 0.936712 114029 40
CPU2 24.732348 113992 ssyrk ssyrk CUDA2 0.588632 114032 40
CPU10 13.762889 113995 spotrf spotrf CPU13 13.265081 114035 40
CPU3 30.363457 113996 strsm strsm CPU28 108.782442 114036 40
CPU8 30.345110 113997 strsm strsm CPU -1 114037 40
CPU14 30.533462 113998 strsm strsm CPU25 80.243676 114038 40
CPU7 30.873367 113999 strsm strsm CPU10 107.756213 114039 40
CPU10 30.469993 114000 strsm strsm CPU -1 114040 40
CPU3 30.362945 114001 strsm strsm CPU -1 114041 40
CPU8 29.929574 114002 strsm strsm CPU -1 114042 40
CPU14 30.901640 114003 strsm strsm CPU16 240.659255 114043 40
CPU0 30.705681 114004 strsm strsm CPU15 134.083318 114044 40
CPU18 29.901381 114005 strsm strsm CPU -1 114045 40
CPU10 30.479486 114006 strsm strsm CUDA1 2.788613 114046 40
CPU6 30.871729 114007 strsm strsm CUDA1 0.049227 114047 40
CPU2 30.107026 114008 strsm strsm CUDA1 2.795820 114048 40
CPU5 29.967939 114009 strsm strsm CUDA1 2.750759 114049 40
CPU3 30.089258 114010 strsm strsm CUDA0 2.805280 114050 40
CPU18 29.921480 114011 strsm strsm CUDA1 2.861777 114051 40
CPU7 30.875803 114012 strsm strsm CUDA1 12.430858 114052 40
CPU18 30.058876 114013 strsm strsm CUDA1 13.273875 114053 40
CPU6 30.518860 114014 strsm strsm CUDA0 2.821098 114054 40
CPU18 29.922156 114015 strsm strsm CUDA1 2.706359 114055 40
CPU7 30.632971 114016 strsm strsm CUDA0 2.814685 114056 40
CPU3 29.921570 114017 strsm strsm CUDA0 14.486832 114057 40
CPU5 30.028849 114018 strsm strsm CUDA1 2.751438 114058 40
CPU5 30.420110 114019 strsm strsm CUDA1 2.805124 114059 40
CPU0 30.873399 114020 strsm strsm CUDA2 2.944234 114060 40
CPU6 30.643621 114021 strsm strsm CUDA1 11.022396 114061 40
CPU3 25.420905 114024 ssyrk ssyrk CPU20 100.947803 114064 40
CPU3 45.457842 114025 sgemm sgemm CUDA0 1.338512 114065 40
CPU14 45.129575 114026 sgemm sgemm CUDA1 1.111735 114066 40
CPU10 44.903099 114027 sgemm sgemm CUDA1 1.175252 114067 40
CPU5 45.216337 114028 sgemm sgemm CUDA0 0.061859 114068 40
CPU3 45.267904 114029 sgemm sgemm CUDA0 1.170054 114069 40
CPU8 44.884079 114030 sgemm sgemm CUDA1 0.987197 114070 40
CPU19 44.872990 114031 sgemm sgemm CUDA1 0.993120 114071 40
CPU7 45.108607 114032 sgemm sgemm CUDA0 0.990409 114072 40
CPU18 44.687040 114033 sgemm sgemm CUDA0 0.985231 114073 40
CPU15 44.719493 114034 sgemm sgemm CUDA1 1.161970 114074 40
CPU6 45.448988 114035 sgemm sgemm CUDA1 0.560162 114075 40
CPU2 45.133664 114036 sgemm sgemm CUDA1 1.161356 114076 40
CPU2 45.022684 114037 sgemm sgemm CUDA0 24.587374 114077 40
CPU15 44.826181 114038 sgemm sgemm CUDA0 0.995554 114078 40
CPU18 44.608302 114039 sgemm sgemm CUDA1 1.220995 114079 40
CPU7 45.408859 114040 sgemm sgemm CUDA1 1.160677 114080 40
CPU5 45.020468 114041 sgemm sgemm CUDA0 0.990003 114081 40
CPU11 45.256348 114042 sgemm sgemm CUDA0 1.159986 114082 40
CPU18 44.536549 114043 sgemm sgemm CUDA1 0.991067 114083 40
CPU9 45.256562 114044 sgemm sgemm CUDA0 1.135629 114084 40
CPU7 45.367878 114045 sgemm sgemm CUDA0 1.162120 114085 40
CPU10 45.164922 114046 sgemm sgemm CUDA1 1.162639 114086 40
CPU5 45.203199 114047 sgemm sgemm CUDA0 1.283122 114087 40
CPU3 45.172131 114048 sgemm sgemm CUDA2 1.869937 114088 40
CPU1 44.799325 114049 sgemm sgemm CUDA2 0.994798 114089 40
CPU8 25.256655 114052 ssyrk ssyrk CPU17 76.023067 114092 40
CPU10 44.828858 114053 sgemm sgemm CUDA1 1.002624 114093 40
CPU7 45.463963 114054 sgemm sgemm CUDA1 1.159183 114094 40
CPU5 45.445075 114055 sgemm sgemm CUDA0 1.295157 114095 40
CPU7 45.243945 114056 sgemm sgemm CUDA0 1.003849 114096 40
CPU3 44.957185 114057 sgemm sgemm CUDA1 1.162187 114097 40
CPU10 45.070396 114058 sgemm sgemm CUDA1 1.243797 114098 40
CPU11 44.731597 114059 sgemm sgemm CUDA0 0.999139 114099 40
CPU18 44.662784 114060 sgemm sgemm CUDA0 0.985483 114100 40
CPU5 45.244393 114061 sgemm sgemm CUDA1 1.158618 114101 40
CPU1 45.510431 114062 sgemm sgemm CUDA1 0.048914 114102 40
CPU0 45.467923 114063 sgemm sgemm CUDA0 0.969860 114103 40
CPU0 45.223975 114064 sgemm sgemm CUDA0 21.666952 114104 40
CPU3 44.779976 114065 sgemm sgemm CUDA0 1.162363 114105 40
CPU19 44.790440 114066 sgemm sgemm CUDA1 0.992120 114106 40
CPU3 45.278225 114067 sgemm sgemm CUDA1 0.047240 114107 40
CPU18 44.855633 114068 sgemm sgemm CUDA0 1.213761 114108 40
CPU3 44.797032 114069 sgemm sgemm CUDA0 0.993884 114109 40
CPU7 45.317021 114070 sgemm sgemm CUDA1 14.041409 114110 40
CPU7 45.519975 114071 sgemm sgemm CUDA0 0.995456 114111 40
CPU5 44.932023 114072 sgemm sgemm CUDA0 1.222570 114112 40
CPU0 45.200128 114073 sgemm sgemm CUDA1 1.165531 114113 40
CPU8 44.688875 114074 sgemm sgemm CUDA0 0.992319 114114 40
CPU7 45.214606 114075 sgemm sgemm CUDA2 0.972731 114115 40
CPU3 44.897990 114076 sgemm sgemm CUDA2 1.219262 114116 40
CPU14 25.373644 114079 ssyrk ssyrk CPU33 77.545777 114119 40
CPU1 45.196702 114080 sgemm sgemm CUDA1 1.001042 114120 40
CPU14 44.864198 114081 sgemm sgemm CUDA1 0.986715 114121 40
CPU9 45.191226 114082 sgemm sgemm CUDA0 1.448385 114122 40
CPU13 45.017082 114083 sgemm sgemm CUDA1 0.986442 114123 40
CPU11 44.901679 114084 sgemm sgemm CUDA1 1.244918 114124 40
CPU14 44.874895 114085 sgemm sgemm CUDA0 1.162259 114125 40
CPU7 45.245618 114086 sgemm sgemm CUDA0 1.159303 114126 40
CPU12 44.980639 114087 sgemm sgemm CUDA1 0.667544 114127 40
CPU2 44.830308 114088 sgemm sgemm CUDA1 1.160149 114128 40
CPU9 45.105250 114089 sgemm sgemm CUDA0 0.208262 114129 40
CPU14 45.160014 114090 sgemm sgemm CUDA0 1.157398 114130 40
CPU11 45.126121 114091 sgemm sgemm CUDA0 0.664181 114131 40
CPU18 44.672148 114092 sgemm sgemm CUDA1 0.989025 114132 40
CPU12 44.933598 114093 sgemm sgemm CUDA1 0.114054 114133 40
CPU12 44.841098 114094 sgemm sgemm CUDA1 0.990996 114134 40
CPU4 45.110197 114095 sgemm sgemm CUDA0 0.984936 114135 40
CPU18 44.817779 114096 sgemm sgemm CUDA1 1.150010 114136 40
CPU4 45.193002 114097 sgemm sgemm CUDA0 0.988720 114137 40
CPU14 44.910366 114098 sgemm sgemm CUDA0 12.321623 114138 40
CPU10 45.272761 114099 sgemm sgemm CUDA1 0.992373 114139 40
CPU3 45.195651 114100 sgemm sgemm CUDA0 1.190926 114140 40
CPU13 45.151505 114101 sgemm sgemm CUDA2 2.620089 114141 40
CPU14 45.166655 114102 sgemm sgemm CUDA2 0.079510 114142 40
CPU7 25.519227 114105 ssyrk ssyrk CPU -1 114145 40
CPU3 45.172088 114106 sgemm sgemm CUDA1 0.985489 114146 40
CPU6 45.358219 114107 sgemm sgemm CUDA1 1.162575 114147 40
CPU3 45.109222 114108 sgemm sgemm CUDA1 14.061269 114148 40
CPU15 44.849179 114109 sgemm sgemm CUDA1 1.429817 114149 40
CPU16 44.722156 114110 sgemm sgemm CUDA1 0.991441 114150 40
CPU18 45.088356 114111 sgemm sgemm CUDA1 0.996639 114151 40
CPU7 45.232139 114112 sgemm sgemm CUDA1 12.167999 114152 40
CPU4 45.314891 114113 sgemm sgemm CUDA1 0.994020 114153 40
CPU0 45.233250 114114 sgemm sgemm CUDA1 1.161008 114154 40
CPU9 44.496414 114115 sgemm sgemm CUDA0 0.992382 114155 40
CPU14 45.048339 114116 sgemm sgemm CUDA0 0.956564 114156 40
CPU18 44.569918 114117 sgemm sgemm CUDA1 12.334153 114157 40
CPU4 45.361692 114118 sgemm sgemm CUDA1 1.049305 114158 40
CPU3 45.120868 114119 sgemm sgemm CUDA0 0.996704 114159 40
CPU7 44.827387 114120 sgemm sgemm CUDA0 12.925198 114160 40
CPU15 45.051817 114121 sgemm sgemm CUDA1 14.805276 114161 40
CPU7 45.244021 114122 sgemm sgemm CUDA0 3.186118 114162 40
CPU9 44.720139 114123 sgemm sgemm CUDA0 1.162391 114163 40
CPU6 45.195350 114124 sgemm sgemm CUDA1 1.157787 114164 40
CPU0 45.694914 114125 sgemm sgemm CUDA0 0.992630 114165 40
CPU14 44.901294 114126 sgemm sgemm CUDA0 0.056212 114166 40
CPU4 44.998368 114127 sgemm sgemm CUDA2 0.303919 114167 40
CPU10 25.318054 114130 ssyrk ssyrk CPU -1 114170 40
CPU1 44.650425 114131 sgemm sgemm CUDA1 1.162621 114171 40
CPU9 44.846718 114132 sgemm sgemm CUDA1 0.991892 114172 40
CPU11 45.017433 114133 sgemm sgemm CUDA1 1.003227 114173 40
CPU8 45.218028 114134 sgemm sgemm CUDA0 1.160758 114174 40
CPU18 44.793126 114135 sgemm sgemm CUDA1 1.305855 114175 40
CPU2 45.004008 114136 sgemm sgemm CUDA1 1.160202 114176 40
CPU19 44.856519 114137 sgemm sgemm CUDA1 0.991129 114177 40
CPU3 45.269251 114138 sgemm sgemm CUDA0 1.050511 114178 40
CPU2 44.693400 114139 sgemm sgemm CUDA0 1.306390 114179 40
CPU16 45.081052 114140 sgemm sgemm CUDA0 1.205945 114180 40
CPU18 44.802650 114141 sgemm sgemm CUDA1 0.781942 114181 40
CPU13 44.902847 114142 sgemm sgemm CUDA1 1.223682 114182 40
CPU18 44.705889 114143 sgemm sgemm CUDA0 0.989573 114183 40
CPU6 45.142516 114144 sgemm sgemm CUDA0 1.160865 114184 40
CPU14 44.921804 114145 sgemm sgemm CUDA1 0.988527 114185 40
CPU8 45.145498 114146 sgemm sgemm CUDA0 1.049683 114186 40
CPU4 44.678307 114147 sgemm sgemm CUDA0 0.994828 114187 40
CPU5 44.937182 114148 sgemm sgemm CUDA1 1.167790 114188 40
CPU0 45.563108 114149 sgemm sgemm CUDA1 0.993007 114189 40
CPU6 45.357902 114150 sgemm sgemm CUDA2 13.178427 114190 40
CPU2 44.700884 114151 sgemm sgemm CUDA2 12.138248 114191 40
CPU3 25.392245 114154 ssyrk ssyrk CPU -1 114194 40
CPU0 45.292461 114155 sgemm sgemm CUDA0 1.160213 114195 40
CPU4 44.895817 114156 sgemm sgemm CUDA1 1.197246 114196 40
CPU9 45.138239 114157 sgemm sgemm CUDA1 0.992361 114197 40
CPU0 45.554519 114158 sgemm sgemm CUDA0 0.989306 114198 40
CPU0 45.657963 114159 sgemm sgemm CUDA1 0.996209 114199 40
CPU2 45.401914 114160 sgemm sgemm CUDA1 1.356501 114200 40
CPU6 45.251604 114161 sgemm sgemm CUDA0 12.781563 114201 40
CPU16 45.157099 114162 sgemm sgemm CUDA0 1.159317 114202 40
CPU1 44.889564 114163 sgemm sgemm CUDA0 0.992075 114203 40
CPU19 45.073834 114164 sgemm sgemm CUDA1 0.052827 114204 40
CPU3 45.404820 114165 sgemm sgemm CUDA1 0.995899 114205 40
CPU10 45.116813 114166 sgemm sgemm CUDA1 0.969127 114206 40
CPU14 45.195646 114167 sgemm sgemm CUDA0 1.009132 114207 40
CPU18 44.725983 114168 sgemm sgemm CUDA1 0.993021 114208 40
CPU1 45.137262 114169 sgemm sgemm CUDA0 1.156868 114209 40
CPU6 45.340962 114170 sgemm sgemm CUDA0 1.162362 114210 40
CPU15 44.782285 114171 sgemm sgemm CUDA1 0.574829 114211 40
CPU4 45.147392 114172 sgemm sgemm CUDA1 12.739426 114212 40
CPU11 44.754399 114173 sgemm sgemm CUDA0 12.887442 114213 40
CPU14 45.301645 114174 sgemm sgemm CUDA1 0.047335 114214 40
CPU8 24.971705 114177 ssyrk ssyrk CPU -1 114217 40
CPU16 45.094520 114178 sgemm sgemm CUDA1 0.994736 114218 40
CPU0 45.148915 114179 sgemm sgemm CUDA0 1.214995 114219 40
CPU5 44.883200 114180 sgemm sgemm CUDA1 1.159877 114220 40
CPU1 45.071607 114181 sgemm sgemm CUDA1 1.549168 114221 40
CPU3 45.176829 114182 sgemm sgemm CUDA1 1.163864 114222 40
CPU19 45.027380 114183 sgemm sgemm CUDA0 2.753214 114223 40
CPU6 44.841833 114184 sgemm sgemm CUDA0 1.158997 114224 40
CPU11 45.001112 114185 sgemm sgemm CUDA0 1.158811 114225 40
CPU18 44.945662 114186 sgemm sgemm CUDA1 0.885077 114226 40
CPU9 44.998555 114187 sgemm sgemm CUDA1 1.162315 114227 40
CPU3 44.947363 114188 sgemm sgemm CUDA0 1.166010 114228 40
CPU8 44.810613 114189 sgemm sgemm CUDA0 0.995757 114229 40
CPU1 44.916044 114190 sgemm sgemm CUDA1 1.162128 114230 40
CPU4 44.936624 114191 sgemm sgemm CUDA0 0.989205 114231 40
CPU8 44.752318 114192 sgemm sgemm CUDA0 0.043839 114232 40
CPU7 44.734825 114193 sgemm sgemm CUDA1 0.949454 114233 40
CPU0 45.315249 114194 sgemm sgemm CUDA1 1.121993 114234 40
CPU16 45.002840 114195 sgemm sgemm CUDA3 0.994245 114235 40
CPU6 44.680389 114196 sgemm sgemm CUDA1 0.317889 114236 40
CPU14 25.532846 114199 ssyrk ssyrk CPU -1 114239 40
CPU16 45.076522 114200 sgemm sgemm CUDA1 1.247269 114240 40
CPU13 45.194169 114201 sgemm sgemm CUDA1 1.806082 114241 40
CPU5 44.813948 114202 sgemm sgemm CUDA1 1.213705 114242 40
CPU10 45.276482 114203 sgemm sgemm CUDA1 1.152926 114243 40
CPU2 44.486430 114204 sgemm sgemm CUDA0 0.997067 114244 40
CPU3 45.040855 114205 sgemm sgemm CUDA0 0.991996 114245 40
CPU0 44.922473 114206 sgemm sgemm CUDA0 1.164065 114246 40
CPU19 45.240353 114207 sgemm sgemm CUDA1 0.992836 114247 40
CPU4 44.951158 114208 sgemm sgemm CUDA1 1.160813 114248 40
CPU0 45.042402 114209 sgemm sgemm CUDA1 1.165705 114249 40
CPU6 45.048431 114210 sgemm sgemm CUDA0 1.161768 114250 40
CPU16 45.112543 114211 sgemm sgemm CUDA1 1.047929 114251 40
CPU6 44.882762 114212 sgemm sgemm CUDA3 4.937184 114252 40
CPU1 44.508798 114213 sgemm sgemm CUDA0 1.157947 114253 40
CPU9 44.753254 114214 sgemm sgemm CUDA0 0.188252 114254 40
CPU5 44.746923 114215 sgemm sgemm CUDA0 13.206302 114255 40
CPU15 44.912683 114216 sgemm sgemm CUDA3 0.990751 114256 40
CPU11 44.959168 114217 sgemm sgemm CUDA3 1.949240 114257 40
CPU0 25.550115 114220 ssyrk ssyrk CPU18 81.044619 114260 40
CPU12 44.913524 114221 sgemm sgemm CUDA0 12.564484 114261 40
CPU0 45.501877 114222 sgemm sgemm CUDA0 1.155476 114262 40
CPU6 45.251661 114223 sgemm sgemm CUDA1 1.213321 114263 40
CPU12 45.023492 114224 sgemm sgemm CUDA1 1.160363 114264 40
CPU6 44.650779 114225 sgemm sgemm CUDA0 11.974996 114265 40
CPU8 44.796848 114226 sgemm sgemm CUDA0 1.163850 114266 40
CPU18 44.818235 114227 sgemm sgemm CUDA1 1.222885 114267 40
CPU7 45.125172 114228 sgemm sgemm CUDA0 11.274141 114268 40
CPU1 45.007255 114229 sgemm sgemm CUDA1 0.983677 114269 40
CPU1 44.819303 114230 sgemm sgemm CUDA0 1.205514 114270 40
CPU12 45.181878 114231 sgemm sgemm CUDA1 0.987092 114271 40
CPU4 45.108857 114232 sgemm sgemm CUDA3 0.992154 114272 40
CPU6 45.137789 114233 sgemm sgemm CUDA3 1.157878 114273 40
CPU3 44.928424 114234 sgemm sgemm CUDA3 12.666059 114274 40
CPU3 44.979565 114235 sgemm sgemm CUDA3 12.605823 114275 40
CPU8 44.952055 114236 sgemm sgemm CUDA3 0.992883 114276 40
CPU5 44.611856 114237 sgemm sgemm CUDA3 1.363505 114277 40
CPU18 24.760737 114240 ssyrk ssyrk CPU23 81.367042 114280 40
CPU18 44.679635 114241 sgemm sgemm CUDA0 0.986292 114281 40
CPU10 45.217109 114242 sgemm sgemm CUDA1 1.164602 114282 40
CPU3 45.097982 114243 sgemm sgemm CUDA0 1.160132 114283 40
CPU18 44.900735 114244 sgemm sgemm CUDA0 1.073527 114284 40
CPU16 44.847149 114245 sgemm sgemm CUDA0 1.160046 114285 40
CPU18 44.780044 114246 sgemm sgemm CUDA1 0.045395 114286 40
CPU5 45.084522 114247 sgemm sgemm CUDA1 1.348414 114287 40
CPU18 44.961317 114248 sgemm sgemm CUDA0 10.111744 114288 40
CPU18 45.023106 114249 sgemm sgemm CUDA0 1.160302 114289 40
CPU0 45.367531 114250 sgemm sgemm CUDA1 1.096512 114290 40
CPU1 44.862670 114251 sgemm sgemm CUDA0 1.300153 114291 40
CPU18 44.926240 114252 sgemm sgemm CUDA2 1.052268 114292 40
CPU18 44.842637 114253 sgemm sgemm CUDA2 0.992460 114293 40
CPU0 44.834992 114254 sgemm sgemm CUDA1 1.165048 114294 40
CPU2 45.010490 114255 sgemm sgemm CUDA2 0.991075 114295 40
CPU18 45.021430 114256 sgemm sgemm CUDA1 12.805872 114296 40
CPU10 25.325888 114259 ssyrk ssyrk CPU -1 114299 40
CPU9 45.034832 114260 sgemm sgemm CUDA1 14.259659 114300 40
CPU14 45.078626 114261 sgemm sgemm CUDA1 1.165964 114301 40
CPU4 44.570349 114262 sgemm sgemm CUDA0 0.248889 114302 40
CPU12 44.931451 114263 sgemm sgemm CUDA0 0.092972 114303 40
CPU18 44.883230 114264 sgemm sgemm CUDA1 0.209078 114304 40
CPU0 45.656009 114265 sgemm sgemm CUDA1 1.162142 114305 40
CPU19 44.858980 114266 sgemm sgemm CUDA1 1.160974 114306 40
CPU6 44.932666 114267 sgemm sgemm CUDA0 1.220953 114307 40
CPU9 45.027422 114268 sgemm sgemm CUDA1 0.065519 114308 40
CPU7 45.038264 114269 sgemm sgemm CUDA3 1.162411 114309 40
CPU4 44.641723 114270 sgemm sgemm CUDA3 1.159460 114310 40
CPU0 45.200490 114271 sgemm sgemm CUDA3 1.153026 114311 40
CPU7 45.233285 114272 sgemm sgemm CUDA0 0.047417 114312 40
CPU11 44.971652 114273 sgemm sgemm CUDA3 0.991652 114313 40
CPU8 44.759895 114274 sgemm sgemm CUDA3 1.103417 114314 40
CPU6 25.572642 114277 ssyrk ssyrk CPU -1 114317 40
CPU11 44.755518 114278 sgemm sgemm CUDA1 0.968762 114318 40
CPU9 44.936926 114279 sgemm sgemm CUDA0 0.090554 114319 40
CPU5 45.056929 114280 sgemm sgemm CUDA0 1.160920 114320 40
CPU2 45.156881 114281 sgemm sgemm CUDA1 2.662847 114321 40
CPU11 44.607782 114282 sgemm sgemm CUDA1 0.987757 114322 40
CPU7 45.280353 114283 sgemm sgemm CUDA1 0.233197 114323 40
CPU3 45.088740 114284 sgemm sgemm CUDA0 1.048731 114324 40
CPU16 44.890157 114285 sgemm sgemm CUDA1 12.055081 114325 40
CPU9 45.058352 114286 sgemm sgemm CUDA3 0.047442 114326 40
CPU3 44.942323 114287 sgemm sgemm CUDA2 0.996324 114327 40
CPU0 45.088759 114288 sgemm sgemm CUDA3 1.158424 114328 40
CPU5 45.072019 114289 sgemm sgemm CUDA3 1.491732 114329 40
CPU6 45.317007 114290 sgemm sgemm CUDA3 0.042989 114330 40
CPU8 44.764155 114291 sgemm sgemm CUDA1 0.082296 114331 40
CPU2 25.113676 114294 ssyrk ssyrk CPU -1 114334 40
CPU8 44.734761 114295 sgemm sgemm CUDA0 0.993146 114335 40
CPU8 44.756137 114296 sgemm sgemm CUDA0 0.043186 114336 40
CPU19 45.137925 114297 sgemm sgemm CUDA0 1.159152 114337 40
CPU10 45.045617 114298 sgemm sgemm CUDA0 1.151974 114338 40
CPU4 45.113352 114299 sgemm sgemm CUDA0 0.045886 114339 40
CPU1 44.756394 114300 sgemm sgemm CUDA0 1.156715 114340 40
CPU4 45.429291 114301 sgemm sgemm CUDA1 1.049831 114341 40
CPU5 45.121400 114302 sgemm sgemm CUDA3 0.988787 114342 40
CPU5 44.819025 114303 sgemm sgemm CUDA3 0.997310 114343 40
CPU6 44.996282 114304 sgemm sgemm CUDA3 12.298291 114344 40
CPU13 45.021105 114305 sgemm sgemm CUDA3 1.160081 114345 40
CPU10 45.082631 114306 sgemm sgemm CUDA2 14.025945 114346 40
CPU7 44.811976 114307 sgemm sgemm CUDA3 0.987962 114347 40
CPU5 24.558249 114310 ssyrk ssyrk CPU -1 114350 40
CPU11 45.212441 114311 sgemm sgemm CUDA0 1.155076 114351 40
CPU18 45.144368 114312 sgemm sgemm CUDA0 1.158779 114352 40
CPU14 45.104550 114313 sgemm sgemm CUDA1 12.335944 114353 40
CPU19 44.970247 114314 sgemm sgemm CUDA0 2.006617 114354 40
CPU6 44.548892 114315 sgemm sgemm CUDA0 14.010229 114355 40
CPU13 45.278213 114316 sgemm sgemm CUDA1 1.279588 114356 40
CPU7 44.913043 114317 sgemm sgemm CUDA0 0.986380 114357 40
CPU0 44.973709 114318 sgemm sgemm CUDA2 1.239243 114358 40
CPU8 44.328155 114319 sgemm sgemm CUDA3 1.240704 114359 40
CPU12 45.254862 114320 sgemm sgemm CUDA3 0.049732 114360 40
CPU8 45.658494 114321 sgemm sgemm CUDA2 1.220748 114361 40
CPU5 44.170107 114322 sgemm sgemm CUDA2 1.220675 114362 40
CPU3 24.791168 114325 ssyrk ssyrk CUDA0 11.434465 114365 40
CPU18 44.950619 114326 sgemm sgemm CUDA0 1.132979 114366 40
CPU3 45.037842 114327 sgemm sgemm CUDA0 12.916593 114367 40
CPU5 44.653321 114328 sgemm sgemm CUDA0 0.991020 114368 40
CPU3 44.617361 114329 sgemm sgemm CUDA0 1.218050 114369 40
CPU19 45.300060 114330 sgemm sgemm CUDA1 1.219002 114370 40
CPU5 44.739717 114331 sgemm sgemm CUDA0 1.157772 114371 40
CPU2 44.474131 114332 sgemm sgemm CUDA2 1.218675 114372 40
CPU7 44.566213 114333 sgemm sgemm CUDA3 0.992855 114373 40
CPU1 44.976389 114334 sgemm sgemm CUDA0 0.992718 114374 40
CPU1 44.904945 114335 sgemm sgemm CUDA2 1.105461 114375 40
CPU1 44.202509 114336 sgemm sgemm CUDA3 1.158724 114376 40
CPU18 25.151969 114339 ssyrk ssyrk CUDA1 0.578400 114379 40
CPU9 45.096940 114340 sgemm sgemm CUDA1 12.294080 114380 40
CPU18 44.745866 114341 sgemm sgemm CUDA0 1.164268 114381 40
CPU19 45.097808 114342 sgemm sgemm CUDA0 0.992340 114382 40
CPU5 45.207616 114343 sgemm sgemm CUDA2 11.198922 114383 40
CPU3 44.924040 114344 sgemm sgemm CUDA0 0.050400 114384 40
CPU18 45.075481 114345 sgemm sgemm CUDA2 0.103446 114385 40
CPU19 45.348480 114346 sgemm sgemm CUDA2 0.142540 114386 40
CPU1 45.143157 114347 sgemm sgemm CUDA2 0.053308 114387 40
CPU5 45.060698 114348 sgemm sgemm CUDA2 0.992220 114388 40
CPU18 45.051423 114349 sgemm sgemm CUDA2 1.118780 114389 40
CPU7 25.658621 114352 ssyrk ssyrk CUDA1 0.841460 114392 40
CPU13 44.892629 114353 sgemm sgemm CUDA1 1.160518 114393 40
CPU16 44.944974 114354 sgemm sgemm CUDA0 1.219809 114394 40
CPU13 44.756354 114355 sgemm sgemm CUDA1 12.170890 114395 40
CPU9 44.907643 114356 sgemm sgemm CUDA3 0.988652 114396 40
CPU10 45.130683 114357 sgemm sgemm CUDA3 12.887585 114397 40
CPU2 44.817898 114358 sgemm sgemm CUDA3 24.826527 114398 40
CPU12 44.743534 114359 sgemm sgemm CUDA0 1.312214 114399 40
CPU0 45.537250 114360 sgemm sgemm CUDA3 1.163095 114400 40
CPU10 45.334841 114361 sgemm sgemm CUDA3 1.221318 114401 40
CPU18 24.801644 114364 ssyrk ssyrk CUDA0 1.483076 114404 40
CPU18 44.877672 114365 sgemm sgemm CUDA0 12.889438 114405 40
CPU15 44.803135 114366 sgemm sgemm CUDA1 1.047156 114406 40
CPU4 45.258285 114367 sgemm sgemm CUDA3 7.163220 114407 40
CPU18 44.786970 114368 sgemm sgemm CUDA2 0.188270 114408 40
CPU19 45.064544 114369 sgemm sgemm CUDA2 1.050124 114409 40
CPU11 44.853219 114370 sgemm sgemm CUDA0 0.994441 114410 40
CPU3 45.054284 114371 sgemm sgemm CUDA2 0.990983 114411 40
CPU19 45.160017 114372 sgemm sgemm CUDA2 0.991960 114412 40
CPU6 24.959924 114375 ssyrk ssyrk CUDA0 11.036271 114415 40
CPU14 45.007125 114376 sgemm sgemm CUDA0 1.037584 114416 40
CPU11 45.295605 114377 sgemm sgemm CUDA3 0.043341 114417 40
CPU6 44.476125 114378 sgemm sgemm CUDA3 0.994003 114418 40
CPU1 44.652426 114379 sgemm sgemm CUDA3 1.161610 114419 40
CPU5 44.766759 114380 sgemm sgemm CUDA2 3.721083 114420 40
CPU12 45.116972 114381 sgemm sgemm CUDA3 5.527929 114421 40
CPU0 45.040121 114382 sgemm sgemm CUDA2 1.250207 114422 40
CPU18 24.684521 114385 ssyrk ssyrk CUDA1 12.202703 114425 40
CPU4 45.163838 114386 sgemm sgemm CUDA3 12.146404 114426 40
CPU18 44.876982 114387 sgemm sgemm CUDA3 0.501862 114427 40
CPU18 44.757469 114388 sgemm sgemm CUDA2 0.058397 114428 40
CPU15 44.677878 114389 sgemm sgemm CUDA2 0.993540 114429 40
CPU8 45.198564 114390 sgemm sgemm CUDA2 1.109824 114430 40
CPU18 44.970732 114391 sgemm sgemm CUDA2 0.931859 114431 40
CPU7 25.452523 114394 ssyrk ssyrk CUDA3 0.647218 114434 40
CPU1 44.948719 114395 sgemm sgemm CUDA3 0.992534 114435 40
CPU12 45.322938 114396 sgemm sgemm CUDA2 0.933152 114436 40
CPU16 44.942187 114397 sgemm sgemm CUDA2 1.051066 114437 40
CPU15 45.007509 114398 sgemm sgemm CUDA2 1.159246 114438 40
CPU3 44.587386 114399 sgemm sgemm CUDA2 1.108187 114439 40
CPU3 24.720668 114402 ssyrk ssyrk CUDA0 0.807926 114442 40
CPU1 44.589240 114403 sgemm sgemm CUDA3 1.046687 114443 40
CPU13 45.163970 114404 sgemm sgemm CUDA3 1.242377 114444 40
CPU15 44.894991 114405 sgemm sgemm CUDA3 0.052711 114445 40
CPU9 44.139985 114406 sgemm sgemm CUDA2 1.163995 114446 40
CPU5 24.767223 114409 ssyrk ssyrk CUDA1 0.567812 114449 40
CPU16 45.148379 114410 sgemm sgemm CUDA2 1.220730 114450 40
CPU19 45.096804 114411 sgemm sgemm CUDA2 0.382050 114451 40
CPU8 44.410782 114412 sgemm sgemm CUDA3 1.166558 114452 40
CPU5 25.326779 114415 ssyrk ssyrk CUDA0 0.841312 114455 40
CPU0 45.394748 114416 sgemm sgemm CUDA2 12.911590 114456 40
CPU4 45.353543 114417 sgemm sgemm CUDA2 0.991052 114457 40
CPU0 25.447574 114420 ssyrk ssyrk CUDA2 0.633529 114460 40
CPU0 45.354695 114421 sgemm sgemm CUDA3 0.933348 114461 40
CPU6 25.196918 114424 ssyrk ssyrk CUDA1 0.881935 114464 40
CPU3 14.039435 114427 spotrf spotrf CPU26 12.148140 114467 40
CPU3 30.462498 114428 strsm strsm CPU11 104.173130 114468 40
CPU14 30.472609 114429 strsm strsm CPU -1 114469 40
CPU10 30.524562 114430 strsm strsm CPU10 216.310437 114470 40
CPU5 30.413345 114431 strsm strsm CPU24 146.188508 114471 40
CPU3 30.429295 114432 strsm strsm CPU -1 114472 40
CPU8 30.044830 114433 strsm strsm CPU12 112.245850 114473 40
CPU19 30.323202 114434 strsm strsm CUDA1 1.223294 114474 40
CPU7 30.930497 114435 strsm strsm CUDA0 2.820906 114475 40
CPU18 29.830434 114436 strsm strsm CUDA0 0.044873 114476 40
CPU15 30.049919 114437 strsm strsm CUDA1 2.807137 114477 40
CPU6 31.018269 114438 strsm strsm CUDA1 2.959723 114478 40
CPU2 30.586526 114439 strsm strsm CUDA1 2.784491 114479 40
CPU2 30.171411 114440 strsm strsm CUDA0 11.614739 114480 40
CPU15 29.713323 114441 strsm strsm CUDA0 0.164706 114481 40
CPU18 29.817418 114442 strsm strsm CUDA1 2.716091 114482 40
CPU7 31.011141 114443 strsm strsm CUDA1 2.677646 114483 40
CPU5 30.200181 114444 strsm strsm CUDA0 2.950213 114484 40
CPU11 30.334058 114445 strsm strsm CUDA0 128.045315 114485 40
CPU18 29.851203 114446 strsm strsm CUDA1 2.840563 114486 40
CPU9 30.447827 114447 strsm strsm CUDA0 2.907599 114487 40
CPU7 30.778135 114448 strsm strsm CUDA0 2.786244 114488 40
CPU10 30.529356 114449 strsm strsm CUDA1 2.823919 114489 40
CPU5 30.448729 114450 strsm strsm CUDA0 2.900433 114490 40
CPU3 30.173684 114451 strsm strsm CUDA0 2.894944 114491 40
CPU1 30.007906 114452 strsm strsm CUDA2 2.899303 114492 40
CPU3 25.203485 114455 ssyrk ssyrk CPU22 69.717451 114495 40
CPU10 44.597918 114456 sgemm sgemm CUDA1 3.070685 114496 40
CPU10 44.889902 114457 sgemm sgemm CUDA1 0.986513 114497 40
CPU9 44.918713 114458 sgemm sgemm CUDA0 1.161247 114498 40
CPU7 45.226682 114459 sgemm sgemm CUDA0 0.779087 114499 40
CPU3 44.915393 114460 sgemm sgemm CUDA1 1.162263 114500 40
CPU19 44.949564 114461 sgemm sgemm CUDA1 0.986293 114501 40
CPU11 44.731573 114462 sgemm sgemm CUDA0 1.163159 114502 40
CPU18 44.868009 114463 sgemm sgemm CUDA0 1.153854 114503 40
CPU15 44.687905 114464 sgemm sgemm CUDA1 12.090274 114504 40
CPU1 45.406464 114465 sgemm sgemm CUDA1 1.160524 114505 40
CPU0 45.843526 114466 sgemm sgemm CUDA0 12.322149 114506 40
CPU2 45.286663 114467 sgemm sgemm CUDA0 0.991087 114507 40
CPU2 45.339238 114468 sgemm sgemm CUDA0 1.364113 114508 40
CPU18 44.587598 114469 sgemm sgemm CUDA1 0.991189 114509 40
CPU7 45.477322 114470 sgemm sgemm CUDA1 1.219203 114510 40
CPU3 45.210216 114471 sgemm sgemm CUDA0 1.218901 114511 40
CPU11 45.008306 114472 sgemm sgemm CUDA0 0.993402 114512 40
CPU7 45.174906 114473 sgemm sgemm CUDA1 1.159284 114513 40
CPU3 45.288184 114474 sgemm sgemm CUDA0 1.157721 114514 40
CPU7 45.418307 114475 sgemm sgemm CUDA0 0.470527 114515 40
CPU19 44.751309 114476 sgemm sgemm CUDA1 1.234529 114516 40
CPU8 45.131508 114477 sgemm sgemm CUDA0 0.996663 114517 40
CPU2 45.010058 114478 sgemm sgemm CUDA2 0.991404 114518 40
CPU1 44.790627 114479 sgemm sgemm CUDA2 1.162394 114519 40
CPU14 25.404426 114482 ssyrk ssyrk CPU -1 114522 40
CPU1 45.188032 114483 sgemm sgemm CUDA1 12.219542 114523 40
CPU3 44.867917 114484 sgemm sgemm CUDA1 1.159360 114524 40
CPU9 45.287104 114485 sgemm sgemm CUDA0 0.987264 114525 40
CPU13 44.967503 114486 sgemm sgemm CUDA1 0.995132 114526 40
CPU11 44.787181 114487 sgemm sgemm CUDA1 1.164282 114527 40
CPU13 44.721092 114488 sgemm sgemm CUDA0 0.986850 114528 40
CPU7 45.291180 114489 sgemm sgemm CUDA0 1.218169 114529 40
CPU14 45.227491 114490 sgemm sgemm CUDA1 1.160361 114530 40
CPU0 45.416555 114491 sgemm sgemm CUDA1 1.221255 114531 40
CPU9 45.228776 114492 sgemm sgemm CUDA0 1.048610 114532 40
CPU9 45.272165 114493 sgemm sgemm CUDA0 1.159407 114533 40
CPU11 44.804906 114494 sgemm sgemm CUDA0 1.050248 114534 40
CPU18 44.527895 114495 sgemm sgemm CUDA1 1.051237 114535 40
CPU12 44.818554 114496 sgemm sgemm CUDA1 0.993409 114536 40
CPU12 44.807909 114497 sgemm sgemm CUDA0 0.991478 114537 40
CPU4 44.919865 114498 sgemm sgemm CUDA0 0.070780 114538 40
CPU18 44.839764 114499 sgemm sgemm CUDA1 1.167947 114539 40
CPU8 45.411054 114500 sgemm sgemm CUDA0 13.749987 114540 40
CPU5 44.792478 114501 sgemm sgemm CUDA0 1.161868 114541 40
CPU10 44.891762 114502 sgemm sgemm CUDA1 1.164384 114542 40
CPU5 45.251827 114503 sgemm sgemm CUDA0 0.994832 114543 40
CPU0 45.432885 114504 sgemm sgemm CUDA2 0.987836 114544 40
CPU14 45.089811 114505 sgemm sgemm CUDA2 1.049276 114545 40
CPU10 25.202369 114508 ssyrk ssyrk CPU21 111.643994 114548 40
CPU7 45.089322 114509 sgemm sgemm CUDA1 1.158301 114549 40
CPU3 45.261581 114510 sgemm sgemm CUDA1 12.874537 114550 40
CPU10 45.067595 114511 sgemm sgemm CUDA1 1.162461 114551 40
CPU15 44.567370 114512 sgemm sgemm CUDA1 1.161484 114552 40
CPU16 44.630829 114513 sgemm sgemm CUDA1 1.163424 114553 40
CPU18 44.534476 114514 sgemm sgemm CUDA1 0.988312 114554 40
CPU15 44.884694 114515 sgemm sgemm CUDA1 1.163109 114555 40
CPU4 45.403037 114516 sgemm sgemm CUDA1 1.161528 114556 40
CPU3 45.382068 114517 sgemm sgemm CUDA1 0.991504 114557 40
CPU10 45.079358 114518 sgemm sgemm CUDA0 1.220325 114558 40
CPU14 44.824397 114519 sgemm sgemm CUDA0 12.428477 114559 40
CPU18 44.477899 114520 sgemm sgemm CUDA1 1.161873 114560 40
CPU4 45.317575 114521 sgemm sgemm CUDA1 1.161958 114561 40
CPU10 44.847229 114522 sgemm sgemm CUDA0 1.052796 114562 40
CPU10 45.180244 114523 sgemm sgemm CUDA0 1.160947 114563 40
CPU15 45.013690 114524 sgemm sgemm CUDA1 1.165177 114564 40
CPU6 45.567808 114525 sgemm sgemm CUDA0 12.596720 114565 40
CPU10 44.900713 114526 sgemm sgemm CUDA0 0.994551 114566 40
CPU4 45.168574 114527 sgemm sgemm CUDA1 2.616248 114567 40
CPU0 45.719519 114528 sgemm sgemm CUDA0 1.159338 114568 40
CPU3 45.046575 114529 sgemm sgemm CUDA0 0.995343 114569 40
CPU6 44.913798 114530 sgemm sgemm CUDA2 0.045201 114570 40
CPU5 24.935077 114533 ssyrk ssyrk CPU20 70.197484 114573 40
CPU6 45.379261 114534 sgemm sgemm CUDA1 0.992757 114574 40
CPU2 45.036212 114535 sgemm sgemm CUDA1 0.992552 114575 40
CPU0 44.827474 114536 sgemm sgemm CUDA1 1.054020 114576 40
CPU5 45.176926 114537 sgemm sgemm CUDA0 1.050345 114577 40
CPU6 45.334428 114538 sgemm sgemm CUDA1 1.160028 114578 40
CPU15 44.827389 114539 sgemm sgemm CUDA1 0.044174 114579 40
CPU19 44.978093 114540 sgemm sgemm CUDA1 0.047484 114580 40
CPU3 45.585184 114541 sgemm sgemm CUDA0 1.052143 114581 40
CPU8 44.947063 114542 sgemm sgemm CUDA0 3.637049 114582 40
CPU16 44.754952 114543 sgemm sgemm CUDA0 12.062292 114583 40
CPU18 44.876796 114544 sgemm sgemm CUDA1 1.218751 114584 40
CPU13 44.873241 114545 sgemm sgemm CUDA1 0.990745 114585 40
CPU3 44.424499 114546 sgemm sgemm CUDA0 0.992729 114586 40
CPU7 44.785752 114547 sgemm sgemm CUDA0 0.998061 114587 40
CPU14 44.968511 114548 sgemm sgemm CUDA1 0.996501 114588 40
CPU9 45.318580 114549 sgemm sgemm CUDA0 0.992137 114589 40
CPU2 45.496259 114550 sgemm sgemm CUDA0 0.992924 114590 40
CPU0 45.482255 114551 sgemm sgemm CUDA1 0.989585 114591 40
CPU4 45.336882 114552 sgemm sgemm CUDA0 1.166227 114592 40
CPU0 45.259814 114553 sgemm sgemm CUDA2 1.165478 114593 40
CPU5 44.675724 114554 sgemm sgemm CUDA2 2.131223 114594 40
CPU3 25.289099 114557 ssyrk ssyrk CPU21 62.179362 114597 40
CPU0 45.337949 114558 sgemm sgemm CUDA0 0.285299 114598 40
CPU4 45.098105 114559 sgemm sgemm CUDA1 0.065417 114599 40
CPU9 45.239159 114560 sgemm sgemm CUDA1 1.047429 114600 40
CPU0 45.614518 114561 sgemm sgemm CUDA0 1.158786 114601 40
CPU15 44.673639 114562 sgemm sgemm CUDA1 0.990763 114602 40
CPU2 45.436449 114563 sgemm sgemm CUDA1 1.156006 114603 40
CPU6 45.452962 114564 sgemm sgemm CUDA0 10.590326 114604 40
CPU16 44.981080 114565 sgemm sgemm CUDA0 2.539125 114605 40
CPU1 45.286212 114566 sgemm sgemm CUDA0 0.049067 114606 40
CPU19 44.941811 114567 sgemm sgemm CUDA1 1.224150 114607 40
CPU3 44.876356 114568 sgemm sgemm CUDA1 12.305845 114608 40
CPU10 45.118465 114569 sgemm sgemm CUDA0 0.993331 114609 40
CPU14 45.087243 114570 sgemm sgemm CUDA0 1.163365 114610 40
CPU18 44.928152 114571 sgemm sgemm CUDA1 1.162468 114611 40
CPU9 45.258022 114572 sgemm sgemm CUDA0 0.990117 114612 40
CPU6 45.605477 114573 sgemm sgemm CUDA0 0.995078 114613 40
CPU15 44.532633 114574 sgemm sgemm CUDA1 1.220331 114614 40
CPU4 45.302993 114575 sgemm sgemm CUDA0 0.861353 114615 40
CPU3 45.023189 114576 sgemm sgemm CUDA0 0.043225 114616 40
CPU14 45.398761 114577 sgemm sgemm CUDA1 1.158298 114617 40
CPU8 25.071877 114580 ssyrk ssyrk CPU -1 114620 40
CPU16 44.917130 114581 sgemm sgemm CUDA1 1.222071 114621 40
CPU0 45.224612 114582 sgemm sgemm CUDA0 0.990522 114622 40
CPU5 44.944439 114583 sgemm sgemm CUDA1 1.160961 114623 40
CPU14 45.051195 114584 sgemm sgemm CUDA1 1.158204 114624 40
CPU3 45.133586 114585 sgemm sgemm CUDA1 3.462879 114625 40
CPU19 44.894446 114586 sgemm sgemm CUDA0 0.775804 114626 40
CPU6 45.410167 114587 sgemm sgemm CUDA0 1.217911 114627 40
CPU11 44.805315 114588 sgemm sgemm CUDA0 1.053116 114628 40
CPU18 44.787321 114589 sgemm sgemm CUDA1 0.045361 114629 40
CPU9 44.984589 114590 sgemm sgemm CUDA1 1.221465 114630 40
CPU3 44.891150 114591 sgemm sgemm CUDA0 0.993850 114631 40
CPU8 44.661476 114592 sgemm sgemm CUDA0 0.991147 114632 40
CPU1 44.905377 114593 sgemm sgemm CUDA1 12.464174 114633 40
CPU4 45.425286 114594 sgemm sgemm CUDA0 0.992528 114634 40
CPU1 45.044646 114595 sgemm sgemm CUDA0 0.991912 114635 40
CPU7 44.792296 114596 sgemm sgemm CUDA1 1.049699 114636 40
CPU5 44.945547 114597 sgemm sgemm CUDA1 1.162876 114637 40
CPU3 44.820100 114598 sgemm sgemm CUDA0 1.050717 114638 40
CPU6 44.661771 114599 sgemm sgemm CUDA0 1.046866 114639 40
CPU19 25.348639 114602 ssyrk ssyrk CPU -1 114642 40
CPU16 44.897442 114603 sgemm sgemm CUDA1 0.990584 114643 40
CPU13 45.012913 114604 sgemm sgemm CUDA1 12.561831 114644 40
CPU15 45.038122 114605 sgemm sgemm CUDA1 0.993278 114645 40
CPU10 45.106608 114606 sgemm sgemm CUDA1 1.053905 114646 40
CPU2 44.746171 114607 sgemm sgemm CUDA0 1.160290 114647 40
CPU19 45.091019 114608 sgemm sgemm CUDA0 1.052863 114648 40
CPU0 45.424940 114609 sgemm sgemm CUDA0 1.217809 114649 40
CPU19 44.904490 114610 sgemm sgemm CUDA1 1.266158 114650 40
CPU4 45.200845 114611 sgemm sgemm CUDA1 1.058665 114651 40
CPU19 45.024532 114612 sgemm sgemm CUDA1 0.994461 114652 40
CPU19 45.226296 114613 sgemm sgemm CUDA0 1.224650 114653 40
CPU16 45.040694 114614 sgemm sgemm CUDA1 0.056072 114654 40
CPU6 45.308790 114615 sgemm sgemm CUDA3 12.548163 114655 40
CPU19 45.057061 114616 sgemm sgemm CUDA0 1.047612 114656 40
CPU9 45.236611 114617 sgemm sgemm CUDA1 0.988761 114657 40
CPU4 44.968449 114618 sgemm sgemm CUDA0 1.162090 114658 40
CPU3 44.944341 114619 sgemm sgemm CUDA0 1.048622 114659 40
CPU11 44.992761 114620 sgemm sgemm CUDA0 12.133514 114660 40
CPU7 25.786203 114623 ssyrk ssyrk CPU -1 114663 40
CPU12 44.743225 114624 sgemm sgemm CUDA0 0.994318 114664 40
CPU15 44.839779 114625 sgemm sgemm CUDA0 0.988915 114665 40
CPU6 45.397388 114626 sgemm sgemm CUDA1 0.039156 114666 40
CPU12 44.808269 114627 sgemm sgemm CUDA1 0.722848 114667 40
CPU6 44.761866 114628 sgemm sgemm CUDA0 1.159144 114668 40
CPU8 46.077887 114629 sgemm sgemm CUDA0 0.989456 114669 40
CPU18 44.574514 114630 sgemm sgemm CUDA1 1.154028 114670 40
CPU7 45.290864 114631 sgemm sgemm CUDA0 0.169212 114671 40
CPU8 45.227710 114632 sgemm sgemm CUDA1 12.718372 114672 40
CPU1 44.434598 114633 sgemm sgemm CUDA0 0.991392 114673 40
CPU12 45.029930 114634 sgemm sgemm CUDA1 1.050171 114674 40
CPU8 44.776292 114635 sgemm sgemm CUDA3 0.994973 114675 40
CPU0 45.699005 114636 sgemm sgemm CUDA3 2.479864 114676 40
CPU7 45.023601 114637 sgemm sgemm CUDA3 1.050674 114677 40
CPU3 45.135237 114638 sgemm sgemm CUDA1 1.288425 114678 40
CPU8 44.605293 114639 sgemm sgemm CUDA3 0.996706 114679 40
CPU5 44.580841 114640 sgemm sgemm CUDA1 0.663459 114680 40
CPU18 24.859840 114643 ssyrk ssyrk CPU -1 114683 40
CPU15 44.941008 114644 sgemm sgemm CUDA0 0.989906 114684 40
CPU10 45.134492 114645 sgemm sgemm CUDA1 0.992366 114685 40
CPU3 45.289796 114646 sgemm sgemm CUDA0 1.161907 114686 40
CPU18 44.622472 114647 sgemm sgemm CUDA0 1.160343 114687 40
CPU16 44.586498 114648 sgemm sgemm CUDA0 0.986641 114688 40
CPU18 44.696695 114649 sgemm sgemm CUDA1 12.856457 114689 40
CPU5 45.146793 114650 sgemm sgemm CUDA1 0.993539 114690 40
CPU18 44.675092 114651 sgemm sgemm CUDA0 1.160134 114691 40
CPU18 44.933203 114652 sgemm sgemm CUDA0 0.994049 114692 40
CPU0 45.250870 114653 sgemm sgemm CUDA1 0.994216 114693 40
CPU9 44.753061 114654 sgemm sgemm CUDA0 1.220077 114694 40
CPU18 44.721869 114655 sgemm sgemm CUDA2 1.171820 114695 40
CPU18 44.636562 114656 sgemm sgemm CUDA2 1.160249 114696 40
CPU0 45.137039 114657 sgemm sgemm CUDA1 1.161908 114697 40
CPU2 45.004689 114658 sgemm sgemm CUDA2 1.374177 114698 40
CPU18 45.052517 114659 sgemm sgemm CUDA1 12.145845 114699 40
CPU15 25.245162 114662 ssyrk ssyrk CPU -1 114702 40
CPU14 45.108864 114663 sgemm sgemm CUDA1 1.220672 114703 40
CPU14 45.038968 114664 sgemm sgemm CUDA1 12.162607 114704 40
CPU15 45.008526 114665 sgemm sgemm CUDA0 1.160507 114705 40
CPU12 45.127876 114666 sgemm sgemm CUDA0 0.043361 114706 40
CPU18 45.213598 114667 sgemm sgemm CUDA1 11.055844 114707 40
CPU0 45.447444 114668 sgemm sgemm CUDA1 1.055344 114708 40
CPU15 44.938585 114669 sgemm sgemm CUDA1 12.229007 114709 40
CPU15 45.128789 114670 sgemm sgemm CUDA0 1.154664 114710 40
CPU9 44.743795 114671 sgemm sgemm CUDA1 1.227279 114711 40
CPU5 44.922906 114672 sgemm sgemm CUDA3 1.164781 114712 40
CPU14 45.048253 114673 sgemm sgemm CUDA3 1.225545 114713 40
CPU9 44.907685 114674 sgemm sgemm CUDA3 1.163961 114714 40
CPU7 45.195078 114675 sgemm sgemm CUDA0 1.158373 114715 40
CPU11 45.247995 114676 sgemm sgemm CUDA3 0.074689 114716 40
CPU13 45.274880 114677 sgemm sgemm CUDA0 0.062204 114717 40
CPU6 25.682467 114680 ssyrk ssyrk CPU -1 114720 40
CPU11 44.742508 114681 sgemm sgemm CUDA1 1.156966 114721 40
CPU9 45.249663 114682 sgemm sgemm CUDA0 0.177494 114722 40
CPU5 45.382230 114683 sgemm sgemm CUDA0 1.295563 114723 40
CPU2 45.137340 114684 sgemm sgemm CUDA1 1.164227 114724 40
CPU11 44.824804 114685 sgemm sgemm CUDA1 1.052361 114725 40
CPU7 45.064878 114686 sgemm sgemm CUDA1 11.955256 114726 40
CPU2 44.641743 114687 sgemm sgemm CUDA0 0.990649 114727 40
CPU16 44.895291 114688 sgemm sgemm CUDA1 0.991767 114728 40
CPU9 45.291824 114689 sgemm sgemm CUDA3 0.993537 114729 40
CPU3 45.257982 114690 sgemm sgemm CUDA2 1.223145 114730 40
CPU6 45.371224 114691 sgemm sgemm CUDA3 1.220656 114731 40
CPU5 45.124560 114692 sgemm sgemm CUDA1 1.252079 114732 40
CPU6 45.112616 114693 sgemm sgemm CUDA3 0.992611 114733 40
CPU8 44.715680 114694 sgemm sgemm CUDA1 0.994571 114734 40
CPU2 25.383717 114697 ssyrk ssyrk CUDA1 0.560928 114737 40
CPU8 45.265103 114698 sgemm sgemm CUDA0 1.161478 114738 40
CPU8 45.234022 114699 sgemm sgemm CUDA0 1.221876 114739 40
CPU19 44.855688 114700 sgemm sgemm CUDA0 0.041744 114740 40
CPU10 45.009891 114701 sgemm sgemm CUDA0 1.157984 114741 40
CPU4 45.290149 114702 sgemm sgemm CUDA0 0.996483 114742 40
CPU1 44.951190 114703 sgemm sgemm CUDA0 0.047557 114743 40
CPU4 45.553499 114704 sgemm sgemm CUDA1 1.218660 114744 40
CPU5 45.294106 114705 sgemm sgemm CUDA3 0.991235 114745 40
CPU5 45.374955 114706 sgemm sgemm CUDA3 0.987987 114746 40
CPU6 45.591431 114707 sgemm sgemm CUDA3 0.992742 114747 40
CPU5 45.195445 114708 sgemm sgemm CUDA3 1.164624 114748 40
CPU6 45.284015 114709 sgemm sgemm CUDA2 1.141679 114749 40
CPU7 45.024100 114710 sgemm sgemm CUDA3 1.947915 114750 40
CPU2 25.247459 114713 ssyrk ssyrk CPU -1 114753 40
CPU11 44.965810 114714 sgemm sgemm CUDA0 0.990502 114754 40
CPU18 44.997859 114715 sgemm sgemm CUDA0 1.162026 114755 40
CPU14 44.871257 114716 sgemm sgemm CUDA1 14.020310 114756 40
CPU5 44.855966 114717 sgemm sgemm CUDA0 12.376021 114757 40
CPU19 45.051196 114718 sgemm sgemm CUDA0 1.161090 114758 40
CPU13 45.122721 114719 sgemm sgemm CUDA1 0.685728 114759 40
CPU7 45.605724 114720 sgemm sgemm CUDA0 1.162166 114760 40
CPU3 44.923410 114721 sgemm sgemm CUDA2 0.992049 114761 40
CPU10 45.001459 114722 sgemm sgemm CUDA3 1.105777 114762 40
CPU12 45.012159 114723 sgemm sgemm CUDA3 0.989047 114763 40
CPU8 45.042488 114724 sgemm sgemm CUDA2 1.159948 114764 40
CPU1 44.640168 114725 sgemm sgemm CUDA2 0.991976 114765 40
CPU15 25.031676 114728 ssyrk ssyrk CUDA0 0.094162 114768 40
CPU18 44.811998 114729 sgemm sgemm CUDA0 12.462483 114769 40
CPU3 45.252254 114730 sgemm sgemm CUDA0 1.159212 114770 40
CPU0 45.324442 114731 sgemm sgemm CUDA0 1.161183 114771 40
CPU4 44.760281 114732 sgemm sgemm CUDA0 0.987037 114772 40
CPU19 44.939337 114733 sgemm sgemm CUDA1 12.261409 114773 40
CPU8 45.434533 114734 sgemm sgemm CUDA0 6.470069 114774 40
CPU5 44.707330 114735 sgemm sgemm CUDA2 1.126686 114775 40
CPU15 44.820282 114736 sgemm sgemm CUDA3 1.250422 114776 40
CPU1 45.189709 114737 sgemm sgemm CUDA0 1.869726 114777 40
CPU1 45.147889 114738 sgemm sgemm CUDA2 12.825691 114778 40
CPU15 45.040390 114739 sgemm sgemm CUDA3 12.732899 114779 40
CPU18 25.077612 114742 ssyrk ssyrk CUDA1 11.967241 114782 40
CPU9 45.261389 114743 sgemm sgemm CUDA1 0.993907 114783 40
CPU18 44.675584 114744 sgemm sgemm CUDA0 1.129989 114784 40
CPU19 44.933544 114745 sgemm sgemm CUDA0 1.165192 114785 40
CPU5 45.244620 114746 sgemm sgemm CUDA1 1.219937 114786 40
CPU9 45.224875 114747 sgemm sgemm CUDA0 1.221284 114787 40
CPU18 44.836834 114748 sgemm sgemm CUDA2 0.053615 114788 40
CPU19 44.829234 114749 sgemm sgemm CUDA2 1.159362 114789 40
CPU1 45.315030 114750 sgemm sgemm CUDA0 1.052787 114790 40
CPU5 44.967569 114751 sgemm sgemm CUDA2 11.824395 114791 40
CPU18 45.043731 114752 sgemm sgemm CUDA2 1.160877 114792 40
CPU7 25.701001 114755 ssyrk ssyrk CUDA1 0.044878 114795 40
CPU13 44.918887 114756 sgemm sgemm CUDA0 1.161264 114796 40
CPU16 45.029436 114757 sgemm sgemm CUDA0 1.282779 114797 40
CPU13 44.794685 114758 sgemm sgemm CUDA1 1.162610 114798 40
CPU8 45.390076 114759 sgemm sgemm CUDA3 0.991243 114799 40
CPU10 44.992950 114760 sgemm sgemm CUDA3 0.991433 114800 40
CPU2 45.104913 114761 sgemm sgemm CUDA3 0.061007 114801 40
CPU12 44.711229 114762 sgemm sgemm CUDA0 12.152024 114802 40
CPU0 45.312370 114763 sgemm sgemm CUDA3 0.938000 114803 40
CPU10 45.449468 114764 sgemm sgemm CUDA3 14.249140 114804 40
CPU5 25.321483 114767 ssyrk ssyrk CUDA0 0.573018 114807 40
CPU5 44.823731 114768 sgemm sgemm CUDA0 0.995101 114808 40
CPU15 44.949846 114769 sgemm sgemm CUDA1 1.161969 114809 40
CPU4 45.281930 114770 sgemm sgemm CUDA0 1.129499 114810 40
CPU3 45.178551 114771 sgemm sgemm CUDA1 0.967159 114811 40
CPU10 44.946768 114772 sgemm sgemm CUDA2 0.932901 114812 40
CPU11 44.906225 114773 sgemm sgemm CUDA0 0.996156 114813 40
CPU3 44.957503 114774 sgemm sgemm CUDA2 2.000569 114814 40
CPU3 44.625787 114775 sgemm sgemm CUDA2 0.052868 114815 40
CPU11 25.264023 114778 ssyrk ssyrk CUDA0 0.573115 114818 40
CPU14 45.058958 114779 sgemm sgemm CUDA0 0.991026 114819 40
CPU11 45.609581 114780 sgemm sgemm CUDA3 0.990595 114820 40
CPU5 44.832914 114781 sgemm sgemm CUDA3 0.088350 114821 40
CPU10 45.160527 114782 sgemm sgemm CUDA3 1.234321 114822 40
CPU5 44.847649 114783 sgemm sgemm CUDA0 1.050174 114823 40
CPU12 45.270567 114784 sgemm sgemm CUDA3 1.163457 114824 40
CPU5 44.411466 114785 sgemm sgemm CUDA2 0.996006 114825 40
CPU18 24.834923 114788 ssyrk ssyrk CUDA1 0.576020 114828 40
CPU4 45.303430 114789 sgemm sgemm CUDA3 1.217045 114829 40
CPU18 44.815160 114790 sgemm sgemm CUDA3 1.158588 114830 40
CPU18 44.786530 114791 sgemm sgemm CUDA3 0.045681 114831 40
CPU15 44.774856 114792 sgemm sgemm CUDA3 0.942473 114832 40
CPU8 45.075808 114793 sgemm sgemm CUDA3 0.134398 114833 40
CPU18 45.156445 114794 sgemm sgemm CUDA2 1.108018 114834 40
CPU9 25.293594 114797 ssyrk ssyrk CUDA3 1.767969 114837 40
CPU1 45.458547 114798 sgemm sgemm CUDA3 12.285313 114838 40
CPU12 44.745203 114799 sgemm sgemm CUDA2 0.051221 114839 40
CPU16 44.674924 114800 sgemm sgemm CUDA2 1.050030 114840 40
CPU15 45.024423 114801 sgemm sgemm CUDA2 1.224440 114841 40
CPU3 44.837896 114802 sgemm sgemm CUDA2 1.110215 114842 40
CPU7 25.574632 114805 ssyrk ssyrk CUDA0 0.577361 114845 40
CPU2 45.329526 114806 sgemm sgemm CUDA3 1.053498 114846 40
CPU13 44.846202 114807 sgemm sgemm CUDA3 1.055192 114847 40
CPU15 44.744687 114808 sgemm sgemm CUDA3 0.067865 114848 40
CPU7 45.040363 114809 sgemm sgemm CUDA2 1.164472 114849 40
CPU10 25.533767 114812 ssyrk ssyrk CUDA1 0.568222 114852 40
CPU16 44.749404 114813 sgemm sgemm CUDA2 1.049859 114853 40
CPU19 44.943046 114814 sgemm sgemm CUDA2 13.007384 114854 40
CPU1 44.550817 114815 sgemm sgemm CUDA3 1.160163 114855 40
CPU5 25.458274 114818 ssyrk ssyrk CUDA0 0.575431 114858 40
CPU0 45.297623 114819 sgemm sgemm CUDA2 0.938869 114859 40
CPU4 45.296991 114820 sgemm sgemm CUDA2 1.049210 114860 40
CPU3 25.030123 114823 ssyrk ssyrk CUDA2 0.844783 114863 40
CPU9 44.881395 114824 sgemm sgemm CUDA3 1.174520 114864 40
CPU1 25.081128 114827 ssyrk ssyrk CUDA2 0.576062 114867 40
CPU3 13.985632 114830 spotrf spotrf CPU -1 114870 40
CPU10 30.492277 114831 strsm strsm CPU -1 114871 40
CPU10 30.547870 114832 strsm strsm CPU13 133.731894 114872 40
CPU9 30.452503 114833 strsm strsm CUDA0 2.877645 114873 40
CPU7 30.524213 114834 strsm strsm CUDA0 0.077558 114874 40
CPU3 30.390261 114835 strsm strsm CUDA1 2.726053 114875 40
CPU19 30.421624 114836 strsm strsm CUDA1 2.797108 114876 40
CPU11 30.160827 114837 strsm strsm CUDA0 10.780809 114877 40
CPU18 29.830113 114838 strsm strsm CUDA0 0.051393 114878 40
CPU15 29.887328 114839 strsm strsm CUDA0 2.768902 114879 40
CPU1 30.309958 114840 strsm strsm CUDA1 2.786964 114880 40
CPU0 30.857238 114841 strsm strsm CUDA0 11.681262 114881 40
CPU2 30.414666 114842 strsm strsm CUDA0 1.376659 114882 40
CPU0 30.520318 114843 strsm strsm CUDA0 14.135222 114883 40
CPU18 29.913165 114844 strsm strsm CUDA1 2.806860 114884 40
CPU7 30.953084 114845 strsm strsm CUDA1 12.101554 114885 40
CPU3 30.220778 114846 strsm strsm CUDA0 2.785502 114886 40
CPU11 30.414405 114847 strsm strsm CUDA0 2.815007 114887 40
CPU7 30.759507 114848 strsm strsm CUDA1 2.819585 114888 40
CPU3 30.362482 114849 strsm strsm CUDA0 2.737199 114889 40
CPU7 30.961837 114850 strsm strsm CUDA0 2.826304 114890 40
CPU19 30.499869 114851 strsm strsm CUDA1 2.813039 114891 40
CPU8 30.471310 114852 strsm strsm CUDA0 9.971799 114892 40
CPU2 30.231384 114853 strsm strsm CUDA2 12.044262 114893 40
CPU1 29.876050 114854 strsm strsm CUDA2 2.722121 114894 40
CPU10 25.220902 114857 ssyrk ssyrk CPU10 120.255864 114897 40
CPU9 45.115900 114858 sgemm sgemm CUDA1 0.997567 114898 40
CPU6 45.153527 114859 sgemm sgemm CUDA1 16.286012 114899 40
CPU0 45.451215 114860 sgemm sgemm CUDA0 1.161223 114900 40
CPU13 44.937340 114861 sgemm sgemm CUDA1 0.986863 114901 40
CPU11 44.630717 114862 sgemm sgemm CUDA1 1.219204 114902 40
CPU13 44.712628 114863 sgemm sgemm CUDA0 0.154329 114903 40
CPU18 44.587542 114864 sgemm sgemm CUDA0 1.164011 114904 40
CPU14 44.950116 114865 sgemm sgemm CUDA1 0.044661 114905 40
CPU1 45.182702 114866 sgemm sgemm CUDA1 0.992963 114906 40
CPU9 45.194212 114867 sgemm sgemm CUDA0 1.249322 114907 40
CPU9 45.061869 114868 sgemm sgemm CUDA0 0.170584 114908 40
CPU11 44.824544 114869 sgemm sgemm CUDA0 1.048233 114909 40
CPU18 44.865089 114870 sgemm sgemm CUDA1 1.160557 114910 40
CPU12 44.751272 114871 sgemm sgemm CUDA1 0.992233 114911 40
CPU12 44.924694 114872 sgemm sgemm CUDA0 1.220555 114912 40
CPU4 44.863740 114873 sgemm sgemm CUDA0 10.459312 114913 40
CPU2 45.220720 114874 sgemm sgemm CUDA1 0.994683 114914 40
CPU2 45.366402 114875 sgemm sgemm CUDA0 12.772617 114915 40
CPU5 44.803401 114876 sgemm sgemm CUDA0 7.300645 114916 40
CPU10 44.967293 114877 sgemm sgemm CUDA1 1.154952 114917 40
CPU4 45.281786 114878 sgemm sgemm CUDA0 0.043230 114918 40
CPU2 45.047858 114879 sgemm sgemm CUDA2 11.926085 114919 40
CPU14 45.072033 114880 sgemm sgemm CUDA2 12.170040 114920 40
CPU10 25.284977 114883 ssyrk ssyrk CPU -1 114923 40
CPU9 45.026778 114884 sgemm sgemm CUDA1 12.901479 114924 40
CPU7 45.089844 114885 sgemm sgemm CUDA1 12.200145 114925 40
CPU7 45.391004 114886 sgemm sgemm CUDA1 0.992322 114926 40
CPU15 44.463595 114887 sgemm sgemm CUDA1 0.988390 114927 40
CPU16 44.622642 114888 sgemm sgemm CUDA1 1.220841 114928 40
CPU18 44.511881 114889 sgemm sgemm CUDA1 1.051934 114929 40
CPU10 44.773245 114890 sgemm sgemm CUDA1 1.161121 114930 40
CPU4 45.261179 114891 sgemm sgemm CUDA1 1.223138 114931 40
CPU3 45.165586 114892 sgemm sgemm CUDA1 0.993682 114932 40
CPU10 45.150971 114893 sgemm sgemm CUDA0 0.982101 114933 40
CPU14 45.015451 114894 sgemm sgemm CUDA0 1.160672 114934 40
CPU18 44.565258 114895 sgemm sgemm CUDA1 0.992583 114935 40
CPU5 45.388964 114896 sgemm sgemm CUDA1 1.164077 114936 40
CPU3 44.940259 114897 sgemm sgemm CUDA0 1.249716 114937 40
CPU1 44.713824 114898 sgemm sgemm CUDA0 1.161159 114938 40
CPU7 45.317681 114899 sgemm sgemm CUDA1 0.049308 114939 40
CPU3 45.344602 114900 sgemm sgemm CUDA0 0.042143 114940 40
CPU7 45.482547 114901 sgemm sgemm CUDA0 0.996996 114941 40
CPU4 45.119696 114902 sgemm sgemm CUDA1 1.158601 114942 40
CPU2 44.864062 114903 sgemm sgemm CUDA0 1.148722 114943 40
CPU0 45.655867 114904 sgemm sgemm CUDA0 1.051415 114944 40
CPU6 45.049397 114905 sgemm sgemm CUDA0 0.993393 114945 40
CPU9 24.937492 114908 ssyrk ssyrk CPU -1 114948 40
CPU5 44.981220 114909 sgemm sgemm CUDA1 0.993341 114949 40
CPU4 44.929282 114910 sgemm sgemm CUDA1 1.158338 114950 40
CPU8 45.309553 114911 sgemm sgemm CUDA1 0.231463 114951 40
CPU3 45.302608 114912 sgemm sgemm CUDA0 12.321977 114952 40
CPU18 44.597577 114913 sgemm sgemm CUDA1 1.216636 114953 40
CPU1 45.064720 114914 sgemm sgemm CUDA1 0.990486 114954 40
CPU19 44.788442 114915 sgemm sgemm CUDA1 1.160702 114955 40
CPU0 45.677479 114916 sgemm sgemm CUDA0 1.050551 114956 40
CPU8 45.042593 114917 sgemm sgemm CUDA0 0.154682 114957 40
CPU16 44.940251 114918 sgemm sgemm CUDA0 0.996164 114958 40
CPU18 44.570220 114919 sgemm sgemm CUDA1 1.162697 114959 40
CPU13 44.911476 114920 sgemm sgemm CUDA1 0.994205 114960 40
CPU3 44.464417 114921 sgemm sgemm CUDA0 0.985703 114961 40
CPU7 44.790003 114922 sgemm sgemm CUDA0 1.163875 114962 40
CPU7 45.369273 114923 sgemm sgemm CUDA1 0.909255 114963 40
CPU3 45.304801 114924 sgemm sgemm CUDA0 1.220225 114964 40
CPU2 45.389750 114925 sgemm sgemm CUDA0 1.160319 114965 40
CPU0 45.418729 114926 sgemm sgemm CUDA1 0.991704 114966 40
CPU0 45.711521 114927 sgemm sgemm CUDA0 0.990982 114967 40
CPU0 45.338745 114928 sgemm sgemm CUDA0 1.247219 114968 40
CPU5 43.989014 114929 sgemm sgemm CUDA2 1.046144 114969 40
CPU7 25.388847 114932 ssyrk ssyrk CPU -1 114972 40
CPU7 45.072938 114933 sgemm sgemm CUDA0 0.213947 114973 40
CPU2 44.931269 114934 sgemm sgemm CUDA1 0.963063 114974 40
CPU7 45.126400 114935 sgemm sgemm CUDA1 0.989097 114975 40
CPU5 45.103006 114936 sgemm sgemm CUDA0 1.163592 114976 40
CPU7 45.113428 114937 sgemm sgemm CUDA1 1.220736 114977 40
CPU7 45.049173 114938 sgemm sgemm CUDA1 0.994998 114978 40
CPU7 45.085702 114939 sgemm sgemm CUDA0 0.990124 114979 40
CPU5 45.014058 114940 sgemm sgemm CUDA0 0.209009 114980 40
CPU7 44.805585 114941 sgemm sgemm CUDA0 1.162247 114981 40
CPU19 45.048759 114942 sgemm sgemm CUDA1 1.052364 114982 40
CPU7 45.007372 114943 sgemm sgemm CUDA1 1.220852 114983 40
CPU10 45.106818 114944 sgemm sgemm CUDA0 0.987912 114984 40
CPU10 45.191058 114945 sgemm sgemm CUDA0 0.989187 114985 40
CPU7 44.863541 114946 sgemm sgemm CUDA1 0.983123 114986 40
CPU3 45.071584 114947 sgemm sgemm CUDA0 11.975452 114987 40
CPU6 45.395595 114948 sgemm sgemm CUDA0 0.124254 114988 40
CPU15 44.723752 114949 sgemm sgemm CUDA1 0.992473 114989 40
CPU7 44.829656 114950 sgemm sgemm CUDA0 1.159751 114990 40
CPU3 44.913021 114951 sgemm sgemm CUDA0 0.996758 114991 40
CPU14 45.572268 114952 sgemm sgemm CUDA1 1.279116 114992 40
CPU3 25.141398 114955 ssyrk ssyrk CPU -1 114995 40
CPU16 44.678450 114956 sgemm sgemm CUDA1 12.130236 114996 40
CPU0 45.456255 114957 sgemm sgemm CUDA0 0.055317 114997 40
CPU5 45.091893 114958 sgemm sgemm CUDA1 0.052192 114998 40
CPU14 44.892501 114959 sgemm sgemm CUDA1 0.972170 114999 40
CPU3 45.267879 114960 sgemm sgemm CUDA1 12.107262 115000 40
CPU19 44.821572 114961 sgemm sgemm CUDA0 1.056316 115001 40
CPU3 45.100149 114962 sgemm sgemm CUDA0 0.996076 115002 40
CPU11 44.799243 114963 sgemm sgemm CUDA0 1.161895 115003 40
CPU18 44.758834 114964 sgemm sgemm CUDA1 0.970231 115004 40
CPU9 45.105355 114965 sgemm sgemm CUDA1 1.161310 115005 40
CPU9 45.130614 114966 sgemm sgemm CUDA0 0.989246 115006 40
CPU3 44.729517 114967 sgemm sgemm CUDA0 13.389948 115007 40
CPU7 45.088640 114968 sgemm sgemm CUDA1 1.223295 115008 40
CPU9 45.197305 114969 sgemm sgemm CUDA0 1.004917 115009 40
CPU1 44.794614 114970 sgemm sgemm CUDA0 0.988352 115010 40
CPU1 44.633182 114971 sgemm sgemm CUDA1 1.166486 115011 40
CPU5 44.943208 114972 sgemm sgemm CUDA1 1.161614 115012 40
CPU7 45.180675 114973 sgemm sgemm CUDA0 0.041664 115013 40
CPU9 44.600590 114974 sgemm sgemm CUDA0 0.990785 115014 40
CPU19 25.259405 114977 ssyrk ssyrk CUDA1 0.812144 115017 40
CPU16 44.791216 114978 sgemm sgemm CUDA1 0.565857 115018 40
CPU13 44.982402 114979 sgemm sgemm CUDA1 0.970922 115019 40
CPU6 45.131122 114980 sgemm sgemm CUDA1 12.641657 115020 40
CPU10 44.862749 114981 sgemm sgemm CUDA1 0.988915 115021 40
CPU2 44.764236 114982 sgemm sgemm CUDA0 1.132291 115022 40
CPU19 44.984573 114983 sgemm sgemm CUDA0 1.166768 115023 40
CPU0 45.249853 114984 sgemm sgemm CUDA0 0.645281 115024 40
CPU19 44.868377 114985 sgemm sgemm CUDA1 12.652451 115025 40
CPU4 45.283741 114986 sgemm sgemm CUDA1 1.219685 115026 40
CPU19 44.910983 114987 sgemm sgemm CUDA0 1.158544 115027 40
CPU19 45.204753 114988 sgemm sgemm CUDA0 1.218262 115028 40
CPU7 45.148691 114989 sgemm sgemm CUDA1 1.163886 115029 40
CPU8 45.124286 114990 sgemm sgemm CUDA3 0.938436 115030 40
CPU19 45.065677 114991 sgemm sgemm CUDA0 7.198241 115031 40
CPU19 44.922255 114992 sgemm sgemm CUDA1 0.176482 115032 40
CPU8 44.976181 114993 sgemm sgemm CUDA0 0.031428 115033 40
CPU3 45.146485 114994 sgemm sgemm CUDA0 1.069557 115034 40
CPU19 45.132211 114995 sgemm sgemm CUDA0 12.708280 115035 40
CPU11 24.741000 114998 ssyrk ssyrk CPU -1 115038 40
CPU12 44.740110 114999 sgemm sgemm CUDA0 0.986034 115039 40
CPU2 45.285210 115000 sgemm sgemm CUDA0 0.992772 115040 40
CPU6 45.404893 115001 sgemm sgemm CUDA1 1.161082 115041 40
CPU12 44.803894 115002 sgemm sgemm CUDA0 1.163839 115042 40
CPU11 44.585618 115003 sgemm sgemm CUDA0 1.164451 115043 40
CPU8 45.185004 115004 sgemm sgemm CUDA0 0.991832 115044 40
CPU18 44.626878 115005 sgemm sgemm CUDA1 1.176343 115045 40
CPU7 45.345368 115006 sgemm sgemm CUDA0 0.039478 115046 40
CPU2 45.127870 115007 sgemm sgemm CUDA0 0.991226 115047 40
CPU5 44.912966 115008 sgemm sgemm CUDA0 12.274249 115048 40
CPU6 45.141298 115009 sgemm sgemm CUDA1 0.049645 115049 40
CPU3 45.248925 115010 sgemm sgemm CUDA3 1.155191 115050 40
CPU6 45.636849 115011 sgemm sgemm CUDA3 1.222901 115051 40
CPU11 44.600205 115012 sgemm sgemm CUDA3 0.044516 115052 40
CPU3 45.041003 115013 sgemm sgemm CUDA1 12.790184 115053 40
CPU8 44.535341 115014 sgemm sgemm CUDA3 0.993638 115054 40
CPU2 44.653410 115015 sgemm sgemm CUDA1 0.054315 115055 40
CPU18 24.964327 115018 ssyrk ssyrk CPU -1 115058 40
CPU15 45.001300 115019 sgemm sgemm CUDA0 0.992778 115059 40
CPU10 45.235655 115020 sgemm sgemm CUDA1 13.129163 115060 40
CPU3 45.322209 115021 sgemm sgemm CUDA0 0.992388 115061 40
CPU18 44.629807 115022 sgemm sgemm CUDA0 0.996609 115062 40
CPU16 44.889225 115023 sgemm sgemm CUDA0 1.159101 115063 40
CPU18 44.695895 115024 sgemm sgemm CUDA1 1.159015 115064 40
CPU5 45.242213 115025 sgemm sgemm CUDA1 1.158327 115065 40
CPU18 44.845399 115026 sgemm sgemm CUDA0 1.160498 115066 40
CPU18 45.067231 115027 sgemm sgemm CUDA0 0.990523 115067 40
CPU7 45.093595 115028 sgemm sgemm CUDA1 1.165873 115068 40
CPU0 45.344894 115029 sgemm sgemm CUDA0 0.991806 115069 40
CPU18 45.170971 115030 sgemm sgemm CUDA2 1.164777 115070 40
CPU18 44.991912 115031 sgemm sgemm CUDA2 1.213050 115071 40
CPU7 45.252989 115032 sgemm sgemm CUDA1 0.988884 115072 40
CPU2 45.094915 115033 sgemm sgemm CUDA2 19.322445 115073 40
CPU18 45.212065 115034 sgemm sgemm CUDA1 0.781435 115074 40
CPU15 25.014061 115037 ssyrk ssyrk CUDA0 0.622863 115077 40
CPU14 44.988364 115038 sgemm sgemm CUDA1 0.994075 115078 40
CPU15 44.859238 115039 sgemm sgemm CUDA1 1.163953 115079 40
CPU12 44.775365 115040 sgemm sgemm CUDA0 0.989059 115080 40
CPU12 45.035245 115041 sgemm sgemm CUDA0 2.472488 115081 40
CPU18 44.557075 115042 sgemm sgemm CUDA1 1.155494 115082 40
CPU0 45.722441 115043 sgemm sgemm CUDA1 1.213575 115083 40
CPU15 44.723602 115044 sgemm sgemm CUDA1 1.236837 115084 40
CPU14 45.030340 115045 sgemm sgemm CUDA0 12.953637 115085 40
CPU7 45.024282 115046 sgemm sgemm CUDA1 1.220559 115086 40
CPU6 45.390545 115047 sgemm sgemm CUDA3 0.992161 115087 40
CPU14 44.972133 115048 sgemm sgemm CUDA3 0.990155 115088 40
CPU9 45.071090 115049 sgemm sgemm CUDA3 0.043823 115089 40
CPU5 44.995123 115050 sgemm sgemm CUDA0 1.201628 115090 40
CPU11 44.927572 115051 sgemm sgemm CUDA3 0.993052 115091 40
CPU13 44.938848 115052 sgemm sgemm CUDA0 12.052174 115092 40
CPU1 25.235156 115055 ssyrk ssyrk CUDA1 0.577891 115095 40
CPU11 44.689626 115056 sgemm sgemm CUDA1 0.994759 115096 40
CPU0 45.477992 115057 sgemm sgemm CUDA0 1.602906 115097 40
CPU5 45.278108 115058 sgemm sgemm CUDA0 0.995317 115098 40
CPU18 44.617768 115059 sgemm sgemm CUDA1 1.160078 115099 40
CPU11 44.753103 115060 sgemm sgemm CUDA1 1.223206 115100 40
CPU1 45.174760 115061 sgemm sgemm CUDA0 1.215967 115101 40
CPU0 45.388524 115062 sgemm sgemm CUDA0 1.025013 115102 40
CPU7 45.095112 115063 sgemm sgemm CUDA1 0.951718 115103 40
CPU4 45.347742 115064 sgemm sgemm CUDA3 0.058807 115104 40
CPU1 45.315519 115065 sgemm sgemm CUDA2 1.220116 115105 40
CPU1 45.351786 115066 sgemm sgemm CUDA3 1.159015 115106 40
CPU8 45.057143 115067 sgemm sgemm CUDA1 0.990244 115107 40
CPU6 45.232787 115068 sgemm sgemm CUDA3 1.052817 115108 40
CPU0 45.083557 115069 sgemm sgemm CUDA1 1.166294 115109 40
CPU0 25.757749 115072 ssyrk ssyrk CUDA0 0.861887 115112 40
CPU8 45.250835 115073 sgemm sgemm CUDA0 0.991405 115113 40
CPU8 45.086610 115074 sgemm sgemm CUDA0 1.157915 115114 40
CPU18 44.638658 115075 sgemm sgemm CUDA0 1.214795 115115 40
CPU10 44.906003 115076 sgemm sgemm CUDA0 1.161430 115116 40
CPU4 45.377633 115077 sgemm sgemm CUDA0 1.159947 115117 40
CPU1 45.009359 115078 sgemm sgemm CUDA0 1.104242 115118 40
CPU3 45.314142 115079 sgemm sgemm CUDA1 1.162846 115119 40
CPU7 44.890074 115080 sgemm sgemm CUDA3 1.221523 115120 40
CPU5 45.343693 115081 sgemm sgemm CUDA3 0.991144 115121 40
CPU6 45.567350 115082 sgemm sgemm CUDA3 1.313986 115122 40
CPU8 44.995684 115083 sgemm sgemm CUDA3 12.436843 115123 40
CPU6 45.200418 115084 sgemm sgemm CUDA2 0.946440 115124 40
CPU7 44.967208 115085 sgemm sgemm CUDA0 1.048527 115125 40
CPU2 25.067224 115088 ssyrk ssyrk CUDA0 0.632104 115128 40
CPU11 45.103652 115089 sgemm sgemm CUDA0 1.704760 115129 40
CPU18 44.788594 115090 sgemm sgemm CUDA0 0.989783 115130 40
CPU14 44.661942 115091 sgemm sgemm CUDA1 0.045866 115131 40
CPU2 45.350840 115092 sgemm sgemm CUDA0 1.232941 115132 40
CPU11 45.072647 115093 sgemm sgemm CUDA0 0.996864 115133 40
CPU6 45.217183 115094 sgemm sgemm CUDA1 0.041653 115134 40
CPU7 45.553588 115095 sgemm sgemm CUDA0 7.687847 115135 40
CPU7 45.448158 115096 sgemm sgemm CUDA2 5.669402 115136 40
CPU19 45.183780 115097 sgemm sgemm CUDA3 0.936785 115137 40
CPU12 44.902809 115098 sgemm sgemm CUDA3 0.992903 115138 40
CPU8 45.142654 115099 sgemm sgemm CUDA2 0.042625 115139 40
CPU2 44.775923 115100 sgemm sgemm CUDA3 0.059356 115140 40
CPU0 25.153887 115103 ssyrk ssyrk CUDA0 0.627150 115143 40
CPU18 44.932954 115104 sgemm sgemm CUDA0 1.223559 115144 40
CPU3 45.038669 115105 sgemm sgemm CUDA0 0.998709 115145 40
CPU2 45.030740 115106 sgemm sgemm CUDA0 1.223599 115146 40
CPU5 44.422245 115107 sgemm sgemm CUDA0 0.989061 115147 40
CPU19 45.198438 115108 sgemm sgemm CUDA1 1.340707 115148 40
CPU3 45.084758 115109 sgemm sgemm CUDA0 1.230600 115149 40
CPU4 44.321816 115110 sgemm sgemm CUDA2 12.305598 115150 40
CPU0 45.055346 115111 sgemm sgemm CUDA3 12.591131 115151 40
CPU1 44.940654 115112 sgemm sgemm CUDA1 0.992951 115152 40
CPU1 44.890815 115113 sgemm sgemm CUDA2 1.044153 115153 40
CPU15 45.198551 115114 sgemm sgemm CUDA3 0.051531 115154 40
CPU18 24.974197 115117 ssyrk ssyrk CUDA1 0.573923 115157 40
CPU9 45.108667 115118 sgemm sgemm CUDA1 1.349921 115158 40
CPU18 44.663397 115119 sgemm sgemm CUDA0 1.159430 115159 40
CPU19 45.009115 115120 sgemm sgemm CUDA0 12.971191 115160 40
CPU7 45.240850 115121 sgemm sgemm CUDA1 0.996962 115161 40
CPU6 45.300863 115122 sgemm sgemm CUDA0 1.157316 115162 40
CPU18 44.747623 115123 sgemm sgemm CUDA0 1.224301 115163 40
CPU19 44.884163 115124 sgemm sgemm CUDA2 12.625132 115164 40
CPU1 45.251707 115125 sgemm sgemm CUDA0 0.941248 115165 40
CPU5 44.849188 115126 sgemm sgemm CUDA2 0.066022 115166 40
CPU18 45.035320 115127 sgemm sgemm CUDA2 0.999927 115167 40
CPU7 25.654294 115130 ssyrk ssyrk CUDA1 0.865639 115170 40
CPU13 44.802268 115131 sgemm sgemm CUDA0 1.219890 115171 40
CPU16 45.011928 115132 sgemm sgemm CUDA0 1.163675 115172 40
CPU13 44.936123 115133 sgemm sgemm CUDA1 1.162342 115173 40
CPU8 45.288269 115134 sgemm sgemm CUDA3 0.187694 115174 40
CPU10 44.935593 115135 sgemm sgemm CUDA3 1.160783 115175 40
CPU2 45.073380 115136 sgemm sgemm CUDA3 1.162386 115176 40
CPU12 44.696608 115137 sgemm sgemm CUDA0 0.996790 115177 40
CPU0 45.385366 115138 sgemm sgemm CUDA3 1.047814 115178 40
CPU10 45.542388 115139 sgemm sgemm CUDA3 1.223865 115179 40
CPU3 25.142313 115142 ssyrk ssyrk CUDA0 0.568774 115182 40
CPU5 44.844835 115143 sgemm sgemm CUDA0 0.051096 115183 40
CPU4 45.325785 115144 sgemm sgemm CUDA1 0.991318 115184 40
CPU4 45.275490 115145 sgemm sgemm CUDA0 1.159530 115185 40
CPU3 45.346754 115146 sgemm sgemm CUDA0 1.298514 115186 40
CPU10 44.904677 115147 sgemm sgemm CUDA2 1.050056 115187 40
CPU11 44.769254 115148 sgemm sgemm CUDA0 0.992777 115188 40
CPU3 45.117784 115149 sgemm sgemm CUDA2 0.168373 115189 40
CPU3 44.598881 115150 sgemm sgemm CUDA2 1.110472 115190 40
CPU11 25.198205 115153 ssyrk ssyrk CUDA0 1.285279 115193 40
CPU14 45.238853 115154 sgemm sgemm CUDA0 1.523508 115194 40
CPU11 45.334071 115155 sgemm sgemm CUDA3 0.991839 115195 40
CPU5 44.757145 115156 sgemm sgemm CUDA3 13.097883 115196 40
CPU19 45.306496 115157 sgemm sgemm CUDA3 0.988944 115197 40
CPU5 44.972830 115158 sgemm sgemm CUDA0 1.101000 115198 40
CPU12 45.230920 115159 sgemm sgemm CUDA3 12.523361 115199 40
CPU5 44.367582 115160 sgemm sgemm CUDA2 0.991597 115200 40
CPU7 25.463841 115163 ssyrk ssyrk CUDA1 0.770052 115203 40
CPU3 45.326032 115164 sgemm sgemm CUDA3 1.160876 115204 40
CPU2 45.217749 115165 sgemm sgemm CUDA3 24.835365 115205 40
CPU7 45.138838 115166 sgemm sgemm CUDA3 0.322073 115206 40
CPU15 44.754986 115167 sgemm sgemm CUDA3 12.378843 115207 40
CPU8 45.044263 115168 sgemm sgemm CUDA3 0.995916 115208 40
CPU7 44.799983 115169 sgemm sgemm CUDA2 1.214001 115209 40
CPU3 25.356094 115172 ssyrk ssyrk CUDA3 9.427331 115212 40
CPU1 45.551766 115173 sgemm sgemm CUDA3 0.991738 115213 40
CPU12 45.010359 115174 sgemm sgemm CUDA2 1.225903 115214 40
CPU16 44.706627 115175 sgemm sgemm CUDA2 1.223371 115215 40
CPU15 44.921175 115176 sgemm sgemm CUDA2 0.225967 115216 40
CPU7 45.014117 115177 sgemm sgemm CUDA2 1.933844 115217 40
CPU7 25.303671 115180 ssyrk ssyrk CUDA0 0.581952 115220 40
CPU2 45.290482 115181 sgemm sgemm CUDA3 0.879732 115221 40
CPU13 45.009291 115182 sgemm sgemm CUDA3 1.110111 115222 40
CPU15 44.844937 115183 sgemm sgemm CUDA3 1.244994 115223 40
CPU7 45.095147 115184 sgemm sgemm CUDA2 0.054113 115224 40
CPU19 25.142312 115187 ssyrk ssyrk CUDA1 0.570980 115227 40
CPU16 44.737168 115188 sgemm sgemm CUDA2 0.990828 115228 40
CPU19 45.105506 115189 sgemm sgemm CUDA3 1.057814 115229 40
CPU1 44.653299 115190 sgemm sgemm CUDA3 0.043569 115230 40
CPU8 25.336128 115193 ssyrk ssyrk CUDA0 0.904679 115233 40
CPU0 45.329321 115194 sgemm sgemm CUDA2 1.109489 115234 40
CPU4 45.151331 115195 sgemm sgemm CUDA2 1.050375 115235 40
CPU2 25.068500 115198 ssyrk ssyrk CUDA2 0.632277 115238 40
CPU9 45.074458 115199 sgemm sgemm CUDA3 1.110336 115239 40
CPU1 24.733455 115202 ssyrk ssyrk CUDA2 0.097008 115242 40
CPU10 14.028215 115205 spotrf spotrf CPU -1 115245 40
CPU9 29.921012 115206 strsm strsm CUDA1 2.674767 115246 40
CPU6 30.390806 115207 strsm strsm CUDA1 2.752429 115247 40
CPU0 30.774390 115208 strsm strsm CUDA0 2.777203 115248 40
CPU13 30.712301 115209 strsm strsm CUDA1 12.637323 115249 40
CPU11 30.116861 115210 strsm strsm CUDA1 2.844273 115250 40
CPU13 30.723355 115211 strsm strsm CUDA0 0.040745 115251 40
CPU18 30.027986 115212 strsm strsm CUDA0 2.642348 115252 40
CPU14 30.866199 115213 strsm strsm CUDA1 2.801684 115253 40
CPU1 29.953950 115214 strsm strsm CUDA1 122.026485 115254 40
CPU9 30.149549 115215 strsm strsm CUDA0 0.083224 115255 40
CPU9 29.975941 115216 strsm strsm CUDA0 0.045169 115256 40
CPU11 30.142383 115217 strsm strsm CUDA0 2.774690 115257 40
CPU18 29.898125 115218 strsm strsm CUDA1 2.778620 115258 40
CPU12 30.559444 115219 strsm strsm CUDA1 2.783743 115259 40
CPU12 30.682619 115220 strsm strsm CUDA0 12.036599 115260 40
CPU4 30.384686 115221 strsm strsm CUDA1 2.694064 115261 40
CPU2 30.186666 115222 strsm strsm CUDA1 0.082629 115262 40
CPU2 30.264502 115223 strsm strsm CUDA0 3.009635 115263 40
CPU5 30.107448 115224 strsm strsm CUDA0 0.035671 115264 40
CPU10 30.852244 115225 strsm strsm CUDA1 12.452340 115265 40
CPU4 30.713673 115226 strsm strsm CUDA0 2.762984 115266 40
CPU2 30.089519 115227 strsm strsm CUDA0 2.835788 115267 40
CPU14 30.953087 115228 strsm strsm CUDA0 3.078011 115268 40
CPU9 24.649409 115231 ssyrk ssyrk CPU -1 115271 40
CPU9 44.550420 115232 sgemm sgemm CUDA1 0.075846 115272 40
CPU0 45.294048 115233 sgemm sgemm CUDA1 1.143326 115273 40
CPU2 44.955488 115234 sgemm sgemm CUDA1 1.164183 115274 40
CPU15 44.842336 115235 sgemm sgemm CUDA1 0.991958 115275 40
CPU13 44.907213 115236 sgemm sgemm CUDA1 1.164226 115276 40
CPU18 44.822743 115237 sgemm sgemm CUDA1 1.232234 115277 40
CPU10 45.345103 115238 sgemm sgemm CUDA1 1.954047 115278 40
CPU4 44.773642 115239 sgemm sgemm CUDA1 0.993229 115279 40
CPU9 44.384699 115240 sgemm sgemm CUDA1 0.990574 115280 40
CPU7 44.538798 115241 sgemm sgemm CUDA0 0.992176 115281 40
CPU11 45.042220 115242 sgemm sgemm CUDA0 0.993038 115282 40
CPU18 44.709165 115243 sgemm sgemm CUDA1 0.993291 115283 40
CPU12 45.213247 115244 sgemm sgemm CUDA1 12.447987 115284 40
CPU12 45.294511 115245 sgemm sgemm CUDA0 1.050623 115285 40
CPU2 44.300470 115246 sgemm sgemm CUDA0 1.356651 115286 40
CPU8 44.875699 115247 sgemm sgemm CUDA1 0.995528 115287 40
CPU2 44.978994 115248 sgemm sgemm CUDA0 0.995382 115288 40
CPU5 44.753385 115249 sgemm sgemm CUDA0 0.047453 115289 40
CPU10 45.170989 115250 sgemm sgemm CUDA1 16.610845 115290 40
CPU4 44.624368 115251 sgemm sgemm CUDA0 1.161631 115291 40
CPU0 45.266299 115252 sgemm sgemm CUDA0 1.050052 115292 40
CPU14 45.566419 115253 sgemm sgemm CUDA0 1.218898 115293 40
CPU6 24.896397 115256 ssyrk ssyrk CPU -1 115296 40
CPU5 44.854295 115257 sgemm sgemm CUDA1 0.988481 115297 40
CPU7 44.591181 115258 sgemm sgemm CUDA1 1.049080 115298 40
CPU8 45.021684 115259 sgemm sgemm CUDA1 0.938551 115299 40
CPU3 45.038410 115260 sgemm sgemm CUDA0 0.992821 115300 40
CPU18 44.840297 115261 sgemm sgemm CUDA1 0.992279 115301 40
CPU1 44.541195 115262 sgemm sgemm CUDA1 12.050288 115302 40
CPU19 45.171216 115263 sgemm sgemm CUDA1 0.964826 115303 40
CPU5 44.657603 115264 sgemm sgemm CUDA0 1.167327 115304 40
CPU6 44.529294 115265 sgemm sgemm CUDA0 1.221955 115305 40
CPU2 44.768373 115266 sgemm sgemm CUDA0 0.995220 115306 40
CPU18 44.773678 115267 sgemm sgemm CUDA1 0.991547 115307 40
CPU13 45.108628 115268 sgemm sgemm CUDA1 1.221784 115308 40
CPU2 44.917109 115269 sgemm sgemm CUDA0 0.988487 115309 40
CPU5 44.354402 115270 sgemm sgemm CUDA0 0.962688 115310 40
CPU6 45.111609 115271 sgemm sgemm CUDA1 3.786450 115311 40
CPU3 45.044092 115272 sgemm sgemm CUDA0 0.178101 115312 40
CPU4 44.575500 115273 sgemm sgemm CUDA0 0.990522 115313 40
CPU7 44.681357 115274 sgemm sgemm CUDA1 12.196478 115314 40
CPU4 44.436494 115275 sgemm sgemm CUDA0 0.045583 115315 40
CPU2 44.729271 115276 sgemm sgemm CUDA0 1.161195 115316 40
CPU3 44.655700 115277 sgemm sgemm CUDA2 1.162925 115317 40
CPU0 25.650202 115280 ssyrk ssyrk CUDA0 0.579480 115320 40
CPU7 45.310512 115281 sgemm sgemm CUDA0 0.995005 115321 40
CPU2 44.977443 115282 sgemm sgemm CUDA1 1.160237 115322 40
CPU7 45.214468 115283 sgemm sgemm CUDA1 1.133612 115323 40
CPU5 45.305496 115284 sgemm sgemm CUDA0 1.088325 115324 40
CPU7 44.997174 115285 sgemm sgemm CUDA1 1.173139 115325 40
CPU7 45.222490 115286 sgemm sgemm CUDA1 0.987917 115326 40
CPU5 45.048354 115287 sgemm sgemm CUDA0 1.162519 115327 40
CPU5 44.935123 115288 sgemm sgemm CUDA0 1.165810 115328 40
CPU7 45.095106 115289 sgemm sgemm CUDA0 0.995437 115329 40
CPU19 44.732313 115290 sgemm sgemm CUDA1 2.176702 115330 40
CPU7 45.257344 115291 sgemm sgemm CUDA1 1.159335 115331 40
CPU10 44.990882 115292 sgemm sgemm CUDA0 0.993756 115332 40
CPU10 45.129529 115293 sgemm sgemm CUDA0 11.054187 115333 40
CPU7 45.008724 115294 sgemm sgemm CUDA1 1.156665 115334 40
CPU0 45.478277 115295 sgemm sgemm CUDA0 2.493120 115335 40
CPU6 45.415721 115296 sgemm sgemm CUDA0 0.986699 115336 40
CPU15 44.817559 115297 sgemm sgemm CUDA1 12.525673 115337 40
CPU4 45.079709 115298 sgemm sgemm CUDA0 0.992598 115338 40
CPU2 44.403500 115299 sgemm sgemm CUDA0 1.155302 115339 40
CPU14 45.483292 115300 sgemm sgemm CUDA0 1.106345 115340 40
CPU13 25.052444 115303 ssyrk ssyrk CUDA1 0.852380 115343 40
CPU16 44.686289 115304 sgemm sgemm CUDA1 0.992637 115344 40
CPU0 45.236435 115305 sgemm sgemm CUDA0 0.989317 115345 40
CPU5 45.146571 115306 sgemm sgemm CUDA1 0.167367 115346 40
CPU14 45.027871 115307 sgemm sgemm CUDA1 0.991580 115347 40
CPU3 45.325743 115308 sgemm sgemm CUDA1 0.168161 115348 40
CPU19 44.719229 115309 sgemm sgemm CUDA0 1.163938 115349 40
CPU9 44.483059 115310 sgemm sgemm CUDA0 0.993555 115350 40
CPU19 44.788122 115311 sgemm sgemm CUDA0 1.053313 115351 40
CPU18 44.992460 115312 sgemm sgemm CUDA1 0.990780 115352 40
CPU9 45.211937 115313 sgemm sgemm CUDA1 1.159005 115353 40
CPU12 44.870679 115314 sgemm sgemm CUDA0 0.997468 115354 40
CPU7 45.084259 115315 sgemm sgemm CUDA0 1.124751 115355 40
CPU4 45.255923 115316 sgemm sgemm CUDA1 1.163727 115356 40
CPU9 45.077505 115317 sgemm sgemm CUDA0 0.991800 115357 40
CPU2 45.258775 115318 sgemm sgemm CUDA0 1.161498 115358 40
CPU10 44.936591 115319 sgemm sgemm CUDA1 1.047201 115359 40
CPU4 45.148450 115320 sgemm sgemm CUDA1 1.164323 115360 40
CPU7 45.212252 115321 sgemm sgemm CUDA0 1.152638 115361 40
CPU14 45.189416 115322 sgemm sgemm CUDA0 6.138300 115362 40
CPU11 25.015481 115325 ssyrk ssyrk CUDA1 12.831160 115365 40
CPU16 44.829551 115326 sgemm sgemm CUDA1 1.151040 115366 40
CPU13 45.128273 115327 sgemm sgemm CUDA1 1.162473 115367 40
CPU6 44.909167 115328 sgemm sgemm CUDA1 1.055424 115368 40
CPU10 44.924798 115329 sgemm sgemm CUDA1 13.120929 115369 40
CPU7 45.213099 115330 sgemm sgemm CUDA0 1.048618 115370 40
CPU9 44.595283 115331 sgemm sgemm CUDA0 1.160460 115371 40
CPU4 45.439961 115332 sgemm sgemm CUDA0 1.249413 115372 40
CPU19 44.767083 115333 sgemm sgemm CUDA1 0.985410 115373 40
CPU4 45.404320 115334 sgemm sgemm CUDA1 1.794499 115374 40
CPU12 44.858820 115335 sgemm sgemm CUDA0 1.160455 115375 40
CPU4 44.873064 115336 sgemm sgemm CUDA0 1.286908 115376 40
CPU2 44.955246 115337 sgemm sgemm CUDA1 11.969024 115377 40
CPU8 44.865740 115338 sgemm sgemm CUDA3 1.106559 115378 40
CPU4 45.521426 115339 sgemm sgemm CUDA0 1.160728 115379 40
CPU10 44.925221 115340 sgemm sgemm CUDA1 1.159764 115380 40
CPU4 45.142350 115341 sgemm sgemm CUDA0 1.160622 115381 40
CPU3 45.119241 115342 sgemm sgemm CUDA0 1.162062 115382 40
CPU14 45.328681 115343 sgemm sgemm CUDA0 12.612860 115383 40
CPU13 24.934943 115346 ssyrk ssyrk CPU -1 115386 40
CPU18 44.732156 115347 sgemm sgemm CUDA0 13.552028 115387 40
CPU2 45.087310 115348 sgemm sgemm CUDA0 0.989004 115388 40
CPU6 45.338250 115349 sgemm sgemm CUDA1 1.050434 115389 40
CPU12 44.981370 115350 sgemm sgemm CUDA0 0.961213 115390 40
CPU9 44.843397 115351 sgemm sgemm CUDA0 1.159067 115391 40
CPU8 45.234382 115352 sgemm sgemm CUDA0 0.291886 115392 40
CPU18 44.708966 115353 sgemm sgemm CUDA1 0.230767 115393 40
CPU7 45.394676 115354 sgemm sgemm CUDA0 0.990270 115394 40
CPU13 45.009048 115355 sgemm sgemm CUDA0 1.216716 115395 40
CPU13 45.028589 115356 sgemm sgemm CUDA0 1.161574 115396 40
CPU6 45.105000 115357 sgemm sgemm CUDA1 0.171957 115397 40
CPU1 45.230194 115358 sgemm sgemm CUDA3 0.992588 115398 40
CPU5 45.256138 115359 sgemm sgemm CUDA3 0.090523 115399 40
CPU19 44.861640 115360 sgemm sgemm CUDA3 1.048026 115400 40
CPU3 44.951806 115361 sgemm sgemm CUDA1 0.043460 115401 40
CPU8 45.081939 115362 sgemm sgemm CUDA3 1.166074 115402 40
CPU14 45.193216 115363 sgemm sgemm CUDA1 0.994973 115403 40
CPU18 24.920332 115366 ssyrk ssyrk CUDA0 0.622337 115406 40
CPU7 44.708501 115367 sgemm sgemm CUDA0 0.986944 115407 40
CPU10 45.297688 115368 sgemm sgemm CUDA1 1.163156 115408 40
CPU3 45.106280 115369 sgemm sgemm CUDA0 0.992597 115409 40
CPU18 44.949193 115370 sgemm sgemm CUDA0 0.964726 115410 40
CPU16 44.882281 115371 sgemm sgemm CUDA0 4.314474 115411 40
CPU18 44.732057 115372 sgemm sgemm CUDA1 1.159536 115412 40
CPU5 45.097602 115373 sgemm sgemm CUDA1 0.995739 115413 40
CPU18 44.782121 115374 sgemm sgemm CUDA0 1.305009 115414 40
CPU18 44.990590 115375 sgemm sgemm CUDA0 0.991675 115415 40
CPU7 44.858375 115376 sgemm sgemm CUDA1 1.049987 115416 40
CPU0 45.103079 115377 sgemm sgemm CUDA0 1.155594 115417 40
CPU18 44.938077 115378 sgemm sgemm CUDA0 0.980710 115418 40
CPU18 44.790348 115379 sgemm sgemm CUDA1 1.218922 115419 40
CPU7 45.036812 115380 sgemm sgemm CUDA1 0.993993 115420 40
CPU2 44.978205 115381 sgemm sgemm CUDA0 1.135171 115421 40
CPU18 45.013517 115382 sgemm sgemm CUDA1 1.049369 115422 40
CPU14 25.600056 115385 ssyrk ssyrk CUDA0 0.798771 115425 40
CPU14 45.407933 115386 sgemm sgemm CUDA1 0.227682 115426 40
CPU6 44.847444 115387 sgemm sgemm CUDA1 1.220214 115427 40
CPU12 44.906271 115388 sgemm sgemm CUDA0 0.073523 115428 40
CPU12 45.113584 115389 sgemm sgemm CUDA0 1.154581 115429 40
CPU18 44.953555 115390 sgemm sgemm CUDA1 1.158945 115430 40
CPU0 45.393512 115391 sgemm sgemm CUDA1 1.219695 115431 40
CPU15 44.915169 115392 sgemm sgemm CUDA1 1.051141 115432 40
CPU14 45.381691 115393 sgemm sgemm CUDA0 0.048521 115433 40
CPU0 45.249643 115394 sgemm sgemm CUDA1 1.218167 115434 40
CPU6 44.751853 115395 sgemm sgemm CUDA3 1.165161 115435 40
CPU14 45.148188 115396 sgemm sgemm CUDA3 0.995732 115436 40
CPU9 44.529842 115397 sgemm sgemm CUDA3 1.047453 115437 40
CPU5 44.508073 115398 sgemm sgemm CUDA0 0.988670 115438 40
CPU11 45.185184 115399 sgemm sgemm CUDA3 1.245824 115439 40
CPU13 45.369372 115400 sgemm sgemm CUDA0 13.181532 115440 40
CPU1 25.072621 115403 ssyrk ssyrk CUDA1 1.854962 115443 40
CPU11 44.767729 115404 sgemm sgemm CUDA1 1.051158 115444 40
CPU0 44.995596 115405 sgemm sgemm CUDA0 1.006537 115445 40
CPU5 45.101524 115406 sgemm sgemm CUDA0 0.984339 115446 40
CPU18 44.803522 115407 sgemm sgemm CUDA1 0.992579 115447 40
CPU11 44.778539 115408 sgemm sgemm CUDA1 0.049257 115448 40
CPU1 45.071796 115409 sgemm sgemm CUDA0 1.491270 115449 40
CPU0 45.181062 115410 sgemm sgemm CUDA0 0.989875 115450 40
CPU9 44.895202 115411 sgemm sgemm CUDA1 0.052554 115451 40
CPU4 45.139934 115412 sgemm sgemm CUDA3 0.135166 115452 40
CPU7 45.120780 115413 sgemm sgemm CUDA3 0.993493 115453 40
CPU1 44.773691 115414 sgemm sgemm CUDA3 0.993024 115454 40
CPU7 45.113365 115415 sgemm sgemm CUDA1 1.051569 115455 40
CPU6 45.123085 115416 sgemm sgemm CUDA3 0.994666 115456 40
CPU0 44.904092 115417 sgemm sgemm CUDA1 0.992158 115457 40
CPU9 25.214247 115420 ssyrk ssyrk CUDA0 0.640116 115460 40
CPU8 44.799924 115421 sgemm sgemm CUDA0 1.150861 115461 40
CPU8 45.074667 115422 sgemm sgemm CUDA0 0.988970 115462 40
CPU18 44.748407 115423 sgemm sgemm CUDA1 1.108501 115463 40
CPU10 44.930022 115424 sgemm sgemm CUDA0 1.162108 115464 40
CPU4 45.295562 115425 sgemm sgemm CUDA0 0.985700 115465 40
CPU1 44.870326 115426 sgemm sgemm CUDA0 0.992706 115466 40
CPU3 45.098058 115427 sgemm sgemm CUDA1 0.033940 115467 40
CPU7 44.510201 115428 sgemm sgemm CUDA3 0.935337 115468 40
CPU5 45.126273 115429 sgemm sgemm CUDA3 0.993626 115469 40
CPU6 45.204594 115430 sgemm sgemm CUDA3 1.224423 115470 40
CPU8 44.822174 115431 sgemm sgemm CUDA0 1.306682 115471 40
CPU6 45.080037 115432 sgemm sgemm CUDA3 10.994444 115472 40
CPU7 44.715786 115433 sgemm sgemm CUDA0 0.992409 115473 40
CPU9 24.593707 115436 ssyrk ssyrk CUDA0 0.630524 115476 40
CPU11 45.110474 115437 sgemm sgemm CUDA0 1.157224 115477 40
CPU18 45.077642 115438 sgemm sgemm CUDA0 0.989300 115478 40
CPU14 44.956570 115439 sgemm sgemm CUDA0 1.051251 115479 40
CPU9 44.768959 115440 sgemm sgemm CUDA0 0.969422 115480 40
CPU7 44.565514 115441 sgemm sgemm CUDA0 0.047924 115481 40
CPU6 44.872253 115442 sgemm sgemm CUDA1 0.996217 115482 40
CPU7 44.827160 115443 sgemm sgemm CUDA0 1.050990 115483 40
CPU4 44.883603 115444 sgemm sgemm CUDA3 1.158580 115484 40
CPU9 44.660632 115445 sgemm sgemm CUDA3 0.929301 115485 40
CPU12 45.262840 115446 sgemm sgemm CUDA3 1.225420 115486 40
CPU8 44.803005 115447 sgemm sgemm CUDA2 13.077336 115487 40
CPU14 45.416462 115448 sgemm sgemm CUDA1 1.047387 115488 40
CPU11 25.024638 115451 ssyrk ssyrk CUDA0 0.187674 115491 40
CPU18 44.839362 115452 sgemm sgemm CUDA0 0.991524 115492 40
CPU3 45.142962 115453 sgemm sgemm CUDA0 1.157219 115493 40
CPU11 44.674176 115454 sgemm sgemm CUDA0 0.990709 115494 40
CPU19 45.043407 115455 sgemm sgemm CUDA0 1.158472 115495 40
CPU19 45.149194 115456 sgemm sgemm CUDA1 1.162091 115496 40
CPU3 45.058704 115457 sgemm sgemm CUDA0 0.986551 115497 40
CPU10 44.809979 115458 sgemm sgemm CUDA0 1.219419 115498 40
CPU11 44.885035 115459 sgemm sgemm CUDA3 1.160511 115499 40
CPU1 44.861625 115460 sgemm sgemm CUDA1 1.165315 115500 40
CPU1 45.011263 115461 sgemm sgemm CUDA2 0.937398 115501 40
CPU4 44.792525 115462 sgemm sgemm CUDA1 1.052230 115502 40
CPU18 24.978629 115465 ssyrk ssyrk CUDA1 0.571982 115505 40
CPU9 45.265303 115466 sgemm sgemm CUDA1 0.995015 115506 40
CPU18 44.670966 115467 sgemm sgemm CUDA0 1.050839 115507 40
CPU19 44.838427 115468 sgemm sgemm CUDA0 0.998554 115508 40
CPU7 44.874728 115469 sgemm sgemm CUDA1 1.164543 115509 40
CPU6 45.040097 115470 sgemm sgemm CUDA0 16.232399 115510 40
CPU18 44.786955 115471 sgemm sgemm CUDA0 0.835529 115511 40
CPU19 45.110482 115472 sgemm sgemm CUDA1 0.110549 115512 40
CPU1 45.062274 115473 sgemm sgemm CUDA0 1.158817 115513 40
CPU5 45.050675 115474 sgemm sgemm CUDA2 1.053633 115514 40
CPU18 44.950311 115475 sgemm sgemm CUDA2 12.674427 115515 40
CPU12 24.946694 115478 ssyrk ssyrk CUDA1 2.793975 115518 40
CPU13 44.832229 115479 sgemm sgemm CUDA0 0.993134 115519 40
CPU16 44.885270 115480 sgemm sgemm CUDA0 12.666550 115520 40
CPU13 45.169618 115481 sgemm sgemm CUDA1 1.160790 115521 40
CPU8 44.980627 115482 sgemm sgemm CUDA3 0.992009 115522 40
CPU10 44.845373 115483 sgemm sgemm CUDA3 0.217551 115523 40
CPU2 45.017847 115484 sgemm sgemm CUDA3 1.385953 115524 40
CPU12 44.803350 115485 sgemm sgemm CUDA0 12.031002 115525 40
CPU0 45.340049 115486 sgemm sgemm CUDA3 1.106694 115526 40
CPU10 45.438711 115487 sgemm sgemm CUDA1 1.222319 115527 40
CPU12 25.013385 115490 ssyrk ssyrk CUDA0 0.570607 115530 40
CPU4 44.974297 115491 sgemm sgemm CUDA0 0.992269 115531 40
CPU4 45.287986 115492 sgemm sgemm CUDA1 1.163333 115532 40
CPU1 44.826870 115493 sgemm sgemm CUDA0 0.939123 115533 40
CPU5 45.175120 115494 sgemm sgemm CUDA0 0.108659 115534 40
CPU10 45.033049 115495 sgemm sgemm CUDA2 0.057441 115535 40
CPU11 44.936085 115496 sgemm sgemm CUDA0 0.977568 115536 40
CPU3 45.125867 115497 sgemm sgemm CUDA2 1.165377 115537 40
CPU14 45.185569 115498 sgemm sgemm CUDA2 0.996078 115538 40
CPU4 24.970009 115501 ssyrk ssyrk CUDA1 0.857885 115541 40
CPU14 45.221325 115502 sgemm sgemm CUDA0 1.164836 115542 40
CPU11 45.406368 115503 sgemm sgemm CUDA3 0.995723 115543 40
CPU2 44.638467 115504 sgemm sgemm CUDA3 13.114763 115544 40
CPU19 45.290226 115505 sgemm sgemm CUDA3 1.022390 115545 40
CPU5 44.713882 115506 sgemm sgemm CUDA0 0.995477 115546 40
CPU12 45.230503 115507 sgemm sgemm CUDA3 1.165335 115547 40
CPU12 45.312701 115508 sgemm sgemm CUDA2 0.995022 115548 40
CPU2 25.198427 115511 ssyrk ssyrk CUDA1 0.575405 115551 40
CPU9 45.283633 115512 sgemm sgemm CUDA3 1.219403 115552 40
CPU2 45.138594 115513 sgemm sgemm CUDA3 1.049522 115553 40
CPU3 44.934249 115514 sgemm sgemm CUDA1 0.993335 115554 40
CPU15 44.750949 115515 sgemm sgemm CUDA3 13.035132 115555 40
CPU8 45.133566 115516 sgemm sgemm CUDA3 1.218744 115556 40
CPU7 44.987195 115517 sgemm sgemm CUDA2 0.943269 115557 40
CPU2 25.171856 115520 ssyrk ssyrk CUDA3 0.776664 115560 40
CPU1 45.388306 115521 sgemm sgemm CUDA3 1.162600 115561 40
CPU12 45.171223 115522 sgemm sgemm CUDA2 1.157090 115562 40
CPU16 44.952749 115523 sgemm sgemm CUDA3 0.041524 115563 40
CPU15 45.089697 115524 sgemm sgemm CUDA2 0.928641 115564 40
CPU7 44.853343 115525 sgemm sgemm CUDA2 1.105142 115565 40
CPU5 25.036637 115528 ssyrk ssyrk CUDA0 0.627300 115568 40
CPU0 45.106018 115529 sgemm sgemm CUDA3 1.850219 115569 40
CPU13 45.030625 115530 sgemm sgemm CUDA3 12.282036 115570 40
CPU15 44.823079 115531 sgemm sgemm CUDA3 0.995429 115571 40
CPU13 45.231974 115532 sgemm sgemm CUDA2 0.213059 115572 40
CPU10 25.530388 115535 ssyrk ssyrk CUDA1 0.861475 115575 40
CPU16 45.031360 115536 sgemm sgemm CUDA2 0.776438 115576 40
CPU19 45.134778 115537 sgemm sgemm CUDA3 1.164206 115577 40
CPU14 45.257239 115538 sgemm sgemm CUDA3 1.166971 115578 40
CPU4 25.423745 115541 ssyrk ssyrk CUDA0 0.578582 115581 40
CPU0 45.220966 115542 sgemm sgemm CUDA2 1.164555 115582 40
CPU4 44.915807 115543 sgemm sgemm CUDA2 1.169868 115583 40
CPU2 24.870291 115546 ssyrk ssyrk CUDA2 0.633065 115586 40
CPU9 45.024919 115547 sgemm sgemm CUDA3 1.336398 115587 40
CPU9 24.622286 115550 ssyrk ssyrk CUDA2 0.635063 115590 40
CPU9 13.676107 115553 spotrf spotrf CPU -1 115593 40
CPU9 29.966452 115554 strsm strsm CUDA1 2.779602 115594 40
CPU0 30.842352 115555 strsm strsm CUDA1 12.604091 115595 40
CPU2 30.304568 115556 strsm strsm CUDA1 13.180278 115596 40
CPU15 29.884298 115557 strsm strsm CUDA1 2.816851 115597 40
CPU13 30.686355 115558 strsm strsm CUDA1 0.073810 115598 40
CPU18 29.959583 115559 strsm strsm CUDA1 2.843197 115599 40
CPU10 30.998852 115560 strsm strsm CUDA1 13.735644 115600 40
CPU4 30.547648 115561 strsm strsm CUDA1 2.999345 115601 40
CPU9 29.944589 115562 strsm strsm CUDA1 2.802642 115602 40
CPU7 30.391848 115563 strsm strsm CUDA1 2.888085 115603 40
CPU11 30.208451 115564 strsm strsm CUDA1 3.069264 115604 40
CPU18 29.918139 115565 strsm strsm CUDA1 0.039964 115605 40
CPU12 30.771149 115566 strsm strsm CUDA1 2.858802 115606 40
CPU12 30.681782 115567 strsm strsm CUDA0 2.761675 115607 40
CPU2 29.938136 115568 strsm strsm CUDA0 13.163384 115608 40
CPU8 30.147703 115569 strsm strsm CUDA1 0.172814 115609 40
CPU2 30.404689 115570 strsm strsm CUDA0 14.249010 115610 40
CPU5 30.172635 115571 strsm strsm CUDA0 35.992578 115611 40
CPU10 30.605714 115572 strsm strsm CUDA1 3.044884 115612 40
CPU4 30.761255 115573 strsm strsm CUDA0 2.814940 115613 40
CPU0 30.699444 115574 strsm strsm CUDA0 2.840988 115614 40
CPU10 30.878044 115575 strsm strsm CUDA0 0.051837 115615 40
CPU9 24.663173 115578 ssyrk ssyrk CUDA1 0.581033 115618 40
CPU0 45.228020 115579 sgemm sgemm CUDA1 0.997051 115619 40
CPU8 44.832893 115580 sgemm sgemm CUDA1 12.353842 115620 40
CPU9 45.018648 115581 sgemm sgemm CUDA1 0.217396 115621 40
CPU2 45.002327 115582 sgemm sgemm CUDA1 1.160875 115622 40
CPU18 44.890915 115583 sgemm sgemm CUDA1 1.286471 115623 40
CPU10 45.480190 115584 sgemm sgemm CUDA1 1.160403 115624 40
CPU19 45.144234 115585 sgemm sgemm CUDA1 12.080490 115625 40
CPU5 44.477645 115586 sgemm sgemm CUDA1 0.992765 115626 40
CPU5 44.040558 115587 sgemm sgemm CUDA0 13.177116 115627 40
CPU2 44.612594 115588 sgemm sgemm CUDA1 0.991205 115628 40
CPU18 44.713981 115589 sgemm sgemm CUDA1 0.047593 115629 40
CPU13 45.216062 115590 sgemm sgemm CUDA1 0.984358 115630 40
CPU4 44.440575 115591 sgemm sgemm CUDA0 0.996479 115631 40
CPU8 44.444502 115592 sgemm sgemm CUDA0 12.124944 115632 40
CPU6 45.124604 115593 sgemm sgemm CUDA1 0.042694 115633 40
CPU8 45.106924 115594 sgemm sgemm CUDA0 1.161739 115634 40
CPU9 44.937548 115595 sgemm sgemm CUDA0 0.966128 115635 40
CPU7 44.681975 115596 sgemm sgemm CUDA1 0.996274 115636 40
CPU4 45.291878 115597 sgemm sgemm CUDA0 0.993410 115637 40
CPU0 45.320833 115598 sgemm sgemm CUDA0 0.993144 115638 40
CPU3 44.603190 115599 sgemm sgemm CUDA0 1.214789 115639 40
CPU0 25.632320 115602 ssyrk ssyrk CUDA0 0.827194 115642 40
CPU7 45.371257 115603 sgemm sgemm CUDA1 2.140763 115643 40
CPU0 45.611408 115604 sgemm sgemm CUDA1 0.994394 115644 40
CPU7 45.259522 115605 sgemm sgemm CUDA1 1.039261 115645 40
CPU5 45.285093 115606 sgemm sgemm CUDA0 1.161891 115646 40
CPU7 44.954703 115607 sgemm sgemm CUDA1 1.155253 115647 40
CPU5 45.161498 115608 sgemm sgemm CUDA1 1.158253 115648 40
CPU5 44.879026 115609 sgemm sgemm CUDA0 1.163024 115649 40
CPU5 44.855164 115610 sgemm sgemm CUDA0 1.135867 115650 40
CPU7 45.053085 115611 sgemm sgemm CUDA0 0.964745 115651 40
CPU18 44.847187 115612 sgemm sgemm CUDA1 0.988882 115652 40
CPU1 45.109113 115613 sgemm sgemm CUDA1 0.174242 115653 40
CPU10 44.979865 115614 sgemm sgemm CUDA0 12.925650 115654 40
CPU10 45.215140 115615 sgemm sgemm CUDA0 0.044696 115655 40
CPU7 45.065846 115616 sgemm sgemm CUDA1 0.970021 115656 40
CPU0 45.297407 115617 sgemm sgemm CUDA0 1.219634 115657 40
CPU6 45.476976 115618 sgemm sgemm CUDA0 0.044155 115658 40
CPU15 44.705587 115619 sgemm sgemm CUDA1 1.134100 115659 40
CPU2 45.080541 115620 sgemm sgemm CUDA0 1.225142 115660 40
CPU2 44.604194 115621 sgemm sgemm CUDA0 0.994313 115661 40
CPU14 45.456083 115622 sgemm sgemm CUDA0 0.043142 115662 40
CPU2 25.441469 115625 ssyrk ssyrk CUDA1 1.551088 115665 40
CPU16 44.685197 115626 sgemm sgemm CUDA1 0.996084 115666 40
CPU0 45.510609 115627 sgemm sgemm CUDA1 0.995580 115667 40
CPU5 45.282034 115628 sgemm sgemm CUDA1 1.158001 115668 40
CPU3 44.959918 115629 sgemm sgemm CUDA1 0.989202 115669 40
CPU3 45.325815 115630 sgemm sgemm CUDA1 12.769938 115670 40
CPU19 44.822924 115631 sgemm sgemm CUDA0 0.157575 115671 40
CPU7 45.017438 115632 sgemm sgemm CUDA0 0.980153 115672 40
CPU19 44.790850 115633 sgemm sgemm CUDA0 0.995049 115673 40
CPU18 44.833325 115634 sgemm sgemm CUDA1 1.161694 115674 40
CPU9 45.011103 115635 sgemm sgemm CUDA1 0.989205 115675 40
CPU12 44.727263 115636 sgemm sgemm CUDA0 1.216316 115676 40
CPU2 44.861139 115637 sgemm sgemm CUDA0 0.115025 115677 40
CPU4 45.067731 115638 sgemm sgemm CUDA1 2.242728 115678 40
CPU9 45.508201 115639 sgemm sgemm CUDA0 1.222438 115679 40
CPU2 45.184669 115640 sgemm sgemm CUDA0 1.159683 115680 40
CPU10 44.726888 115641 sgemm sgemm CUDA1 1.158958 115681 40
CPU0 44.852860 115642 sgemm sgemm CUDA1 0.968126 115682 40
CPU7 45.227045 115643 sgemm sgemm CUDA0 0.991375 115683 40
CPU10 45.253834 115644 sgemm sgemm CUDA0 1.163884 115684 40
CPU15 24.882970 115647 ssyrk ssyrk CUDA1 12.149252 115687 40
CPU16 44.896686 115648 sgemm sgemm CUDA1 12.030004 115688 40
CPU13 45.116685 115649 sgemm sgemm CUDA1 1.165667 115689 40
CPU4 44.987129 115650 sgemm sgemm CUDA1 0.991630 115690 40
CPU0 45.282962 115651 sgemm sgemm CUDA1 1.225163 115691 40
CPU7 44.998100 115652 sgemm sgemm CUDA0 0.049941 115692 40
CPU15 44.864453 115653 sgemm sgemm CUDA0 1.221741 115693 40
CPU4 45.261025 115654 sgemm sgemm CUDA0 1.161606 115694 40
CPU18 44.694661 115655 sgemm sgemm CUDA1 0.994943 115695 40
CPU4 45.200029 115656 sgemm sgemm CUDA1 1.287204 115696 40
CPU15 44.547936 115657 sgemm sgemm CUDA0 1.216745 115697 40
CPU4 44.834150 115658 sgemm sgemm CUDA0 0.988745 115698 40
CPU2 45.005084 115659 sgemm sgemm CUDA1 1.380641 115699 40
CPU8 45.148029 115660 sgemm sgemm CUDA0 1.221558 115700 40
CPU15 44.628945 115661 sgemm sgemm CUDA0 1.826763 115701 40
CPU11 44.634322 115662 sgemm sgemm CUDA1 1.220407 115702 40
CPU6 45.216010 115663 sgemm sgemm CUDA0 1.159826 115703 40
CPU3 45.237377 115664 sgemm sgemm CUDA0 1.159480 115704 40
CPU4 44.778392 115665 sgemm sgemm CUDA0 1.344667 115705 40
CPU13 25.127913 115668 ssyrk ssyrk CUDA1 0.574565 115708 40
CPU18 44.799001 115669 sgemm sgemm CUDA0 12.485062 115709 40
CPU1 44.540839 115670 sgemm sgemm CUDA1 0.988621 115710 40
CPU6 45.189379 115671 sgemm sgemm CUDA1 0.173016 115711 40
CPU12 45.188251 115672 sgemm sgemm CUDA0 1.243427 115712 40
CPU9 44.959387 115673 sgemm sgemm CUDA0 0.975355 115713 40
CPU8 45.187883 115674 sgemm sgemm CUDA0 0.985885 115714 40
CPU18 44.773774 115675 sgemm sgemm CUDA1 1.163287 115715 40
CPU7 45.251727 115676 sgemm sgemm CUDA0 1.377623 115716 40
CPU12 44.775949 115677 sgemm sgemm CUDA0 0.993047 115717 40
CPU13 45.000127 115678 sgemm sgemm CUDA0 1.051065 115718 40
CPU6 45.056089 115679 sgemm sgemm CUDA1 1.221022 115719 40
CPU1 45.350705 115680 sgemm sgemm CUDA3 12.334152 115720 40
CPU5 45.215674 115681 sgemm sgemm CUDA3 0.991224 115721 40
CPU19 44.740218 115682 sgemm sgemm CUDA3 12.748869 115722 40
CPU3 45.143493 115683 sgemm sgemm CUDA1 1.162384 115723 40
CPU8 45.185024 115684 sgemm sgemm CUDA3 4.630444 115724 40
CPU8 44.707714 115685 sgemm sgemm CUDA1 1.159933 115725 40
CPU18 24.744150 115688 ssyrk ssyrk CUDA0 0.839918 115728 40
CPU7 44.754691 115689 sgemm sgemm CUDA1 1.162976 115729 40
CPU10 45.298893 115690 sgemm sgemm CUDA1 1.147121 115730 40
CPU3 44.908379 115691 sgemm sgemm CUDA0 0.991962 115731 40
CPU18 44.797130 115692 sgemm sgemm CUDA0 0.994850 115732 40
CPU16 44.700726 115693 sgemm sgemm CUDA0 0.985736 115733 40
CPU18 44.699089 115694 sgemm sgemm CUDA1 0.178408 115734 40
CPU5 44.930948 115695 sgemm sgemm CUDA1 0.995552 115735 40
CPU18 44.643829 115696 sgemm sgemm CUDA0 1.215651 115736 40
CPU18 44.890863 115697 sgemm sgemm CUDA0 0.979363 115737 40
CPU4 44.885530 115698 sgemm sgemm CUDA1 1.223764 115738 40
CPU0 45.540403 115699 sgemm sgemm CUDA0 1.159455 115739 40
CPU18 44.660606 115700 sgemm sgemm CUDA0 13.155324 115740 40
CPU18 44.652872 115701 sgemm sgemm CUDA1 1.162189 115741 40
CPU9 44.991876 115702 sgemm sgemm CUDA1 1.165018 115742 40
CPU2 44.866851 115703 sgemm sgemm CUDA0 1.213688 115743 40
CPU18 44.975303 115704 sgemm sgemm CUDA1 0.193226 115744 40
CPU10 25.451535 115707 ssyrk ssyrk CUDA1 0.962254 115747 40
CPU6 44.744381 115708 sgemm sgemm CUDA1 0.989694 115748 40
CPU6 44.656023 115709 sgemm sgemm CUDA1 0.970583 115749 40
CPU12 44.875651 115710 sgemm sgemm CUDA1 1.136967 115750 40
CPU12 45.130245 115711 sgemm sgemm CUDA0 0.639663 115751 40
CPU18 44.793351 115712 sgemm sgemm CUDA1 0.993266 115752 40
CPU0 45.231336 115713 sgemm sgemm CUDA1 0.994230 115753 40
CPU15 44.841114 115714 sgemm sgemm CUDA1 1.160251 115754 40
CPU14 45.199001 115715 sgemm sgemm CUDA0 0.991999 115755 40
CPU0 44.989826 115716 sgemm sgemm CUDA1 12.812164 115756 40
CPU6 45.109746 115717 sgemm sgemm CUDA3 1.161431 115757 40
CPU10 45.103539 115718 sgemm sgemm CUDA3 0.105058 115758 40
CPU3 44.764184 115719 sgemm sgemm CUDA3 1.049592 115759 40
CPU4 44.458176 115720 sgemm sgemm CUDA0 0.994826 115760 40
CPU11 45.151876 115721 sgemm sgemm CUDA3 12.988121 115761 40
CPU13 45.419476 115722 sgemm sgemm CUDA0 1.157030 115762 40
CPU4 25.458883 115725 ssyrk ssyrk CUDA1 1.093820 115765 40
CPU11 44.840610 115726 sgemm sgemm CUDA1 0.990008 115766 40
CPU4 44.901598 115727 sgemm sgemm CUDA0 0.985424 115767 40
CPU5 45.081660 115728 sgemm sgemm CUDA0 1.160227 115768 40
CPU18 44.630147 115729 sgemm sgemm CUDA1 12.062276 115769 40
CPU11 44.813741 115730 sgemm sgemm CUDA1 0.974276 115770 40
CPU4 45.154716 115731 sgemm sgemm CUDA0 0.991089 115771 40
CPU0 45.282432 115732 sgemm sgemm CUDA0 0.992085 115772 40
CPU9 44.965631 115733 sgemm sgemm CUDA1 1.162064 115773 40
CPU4 45.536709 115734 sgemm sgemm CUDA3 1.222590 115774 40
CPU4 45.136683 115735 sgemm sgemm CUDA3 1.288075 115775 40
CPU4 45.181657 115736 sgemm sgemm CUDA3 1.393537 115776 40
CPU2 45.152472 115737 sgemm sgemm CUDA1 0.989286 115777 40
CPU6 45.138041 115738 sgemm sgemm CUDA3 12.833535 115778 40
CPU4 44.686513 115739 sgemm sgemm CUDA1 1.219506 115779 40
CPU9 24.870975 115742 ssyrk ssyrk CUDA0 0.832236 115782 40
CPU9 44.758611 115743 sgemm sgemm CUDA0 11.277181 115783 40
CPU8 44.979716 115744 sgemm sgemm CUDA0 0.053270 115784 40
CPU18 44.699542 115745 sgemm sgemm CUDA1 0.056623 115785 40
CPU10 44.996146 115746 sgemm sgemm CUDA0 1.157186 115786 40
CPU4 44.815578 115747 sgemm sgemm CUDA0 1.219772 115787 40
CPU1 44.678005 115748 sgemm sgemm CUDA0 0.649226 115788 40
CPU3 44.836894 115749 sgemm sgemm CUDA1 0.989793 115789 40
CPU7 45.414318 115750 sgemm sgemm CUDA3 0.937135 115790 40
CPU7 45.003399 115751 sgemm sgemm CUDA3 1.160490 115791 40
CPU6 45.227965 115752 sgemm sgemm CUDA3 8.958649 115792 40
CPU0 44.870982 115753 sgemm sgemm CUDA0 1.048723 115793 40
CPU6 44.907066 115754 sgemm sgemm CUDA3 1.162326 115794 40
CPU9 44.608859 115755 sgemm sgemm CUDA0 1.222647 115795 40
CPU7 24.936502 115758 ssyrk ssyrk CUDA0 12.534426 115798 40
CPU11 45.051695 115759 sgemm sgemm CUDA0 1.305716 115799 40
CPU18 44.869659 115760 sgemm sgemm CUDA1 0.087810 115800 40
CPU14 45.204473 115761 sgemm sgemm CUDA0 2.445171 115801 40
CPU7 44.681857 115762 sgemm sgemm CUDA0 0.967482 115802 40
CPU7 44.611361 115763 sgemm sgemm CUDA0 1.164597 115803 40
CPU6 44.853001 115764 sgemm sgemm CUDA1 3.551308 115804 40
CPU1 45.019415 115765 sgemm sgemm CUDA0 0.988084 115805 40
CPU4 44.928323 115766 sgemm sgemm CUDA3 1.218602 115806 40
CPU5 44.471802 115767 sgemm sgemm CUDA3 0.923295 115807 40
CPU12 45.130575 115768 sgemm sgemm CUDA1 0.995096 115808 40
CPU8 44.770956 115769 sgemm sgemm CUDA2 0.056777 115809 40
CPU10 45.357761 115770 sgemm sgemm CUDA1 1.163007 115810 40
CPU11 25.124706 115773 ssyrk ssyrk CUDA3 0.889459 115813 40
CPU18 44.683059 115774 sgemm sgemm CUDA0 2.484313 115814 40
CPU3 44.902091 115775 sgemm sgemm CUDA0 1.152724 115815 40
CPU2 45.028926 115776 sgemm sgemm CUDA0 0.050219 115816 40
CPU19 45.120337 115777 sgemm sgemm CUDA0 1.052197 115817 40
CPU19 45.245259 115778 sgemm sgemm CUDA1 1.158606 115818 40
CPU3 45.073725 115779 sgemm sgemm CUDA0 0.997360 115819 40
CPU10 44.769016 115780 sgemm sgemm CUDA0 13.001239 115820 40
CPU11 44.963971 115781 sgemm sgemm CUDA3 1.222881 115821 40
CPU1 45.004814 115782 sgemm sgemm CUDA1 1.160966 115822 40
CPU1 45.041841 115783 sgemm sgemm CUDA3 1.158646 115823 40
CPU4 44.965203 115784 sgemm sgemm CUDA1 0.911472 115824 40
CPU18 25.057547 115787 ssyrk ssyrk CUDA1 1.350347 115827 40
CPU9 45.063068 115788 sgemm sgemm CUDA1 1.137336 115828 40
CPU18 44.431856 115789 sgemm sgemm CUDA0 1.251680 115829 40
CPU19 45.008400 115790 sgemm sgemm CUDA0 0.994945 115830 40
CPU0 45.515556 115791 sgemm sgemm CUDA1 1.164406 115831 40
CPU2 45.450139 115792 sgemm sgemm CUDA0 1.220076 115832 40
CPU18 44.676442 115793 sgemm sgemm CUDA0 1.217846 115833 40
CPU19 44.968940 115794 sgemm sgemm CUDA1 1.217643 115834 40
CPU1 45.250177 115795 sgemm sgemm CUDA0 1.239884 115835 40
CPU5 44.977806 115796 sgemm sgemm CUDA2 0.996114 115836 40
CPU18 45.142459 115797 sgemm sgemm CUDA2 1.287877 115837 40
CPU12 25.119232 115800 ssyrk ssyrk CUDA1 0.150212 115840 40
CPU13 44.946667 115801 sgemm sgemm CUDA0 1.163437 115841 40
CPU16 45.121886 115802 sgemm sgemm CUDA0 6.195713 115842 40
CPU13 45.203558 115803 sgemm sgemm CUDA1 1.161821 115843 40
CPU2 45.030182 115804 sgemm sgemm CUDA3 19.148371 115844 40
CPU10 45.062992 115805 sgemm sgemm CUDA3 1.162852 115845 40
CPU2 44.981610 115806 sgemm sgemm CUDA3 1.216346 115846 40
CPU12 44.841800 115807 sgemm sgemm CUDA0 1.158661 115847 40
CPU0 45.280269 115808 sgemm sgemm CUDA3 1.188253 115848 40
CPU10 45.522576 115809 sgemm sgemm CUDA1 1.161369 115849 40
CPU12 25.104354 115812 ssyrk ssyrk CUDA0 0.576452 115852 40
CPU4 45.100759 115813 sgemm sgemm CUDA0 1.052405 115853 40
CPU4 45.430655 115814 sgemm sgemm CUDA1 17.009076 115854 40
CPU1 44.705557 115815 sgemm sgemm CUDA0 0.992130 115855 40
CPU4 45.406185 115816 sgemm sgemm CUDA0 1.352363 115856 40
CPU10 44.661289 115817 sgemm sgemm CUDA1 1.050295 115857 40
CPU11 45.253284 115818 sgemm sgemm CUDA0 12.912588 115858 40
CPU3 45.143353 115819 sgemm sgemm CUDA2 1.165542 115859 40
CPU10 45.127593 115820 sgemm sgemm CUDA2 1.336024 115860 40
CPU2 24.580899 115823 ssyrk ssyrk CUDA1 0.638993 115863 40
CPU14 45.189401 115824 sgemm sgemm CUDA0 1.163087 115864 40
CPU10 45.213144 115825 sgemm sgemm CUDA0 12.452295 115865 40
CPU2 44.655228 115826 sgemm sgemm CUDA0 1.219220 115866 40
CPU19 45.100889 115827 sgemm sgemm CUDA1 1.051156 115867 40
CPU5 44.979757 115828 sgemm sgemm CUDA0 12.537747 115868 40
CPU12 45.145243 115829 sgemm sgemm CUDA3 3.008839 115869 40
CPU10 45.268560 115830 sgemm sgemm CUDA2 1.046254 115870 40
CPU8 25.058367 115833 ssyrk ssyrk CUDA1 0.550644 115873 40
CPU9 45.335087 115834 sgemm sgemm CUDA3 1.254039 115874 40
CPU2 45.072051 115835 sgemm sgemm CUDA3 1.105693 115875 40
CPU3 45.075096 115836 sgemm sgemm CUDA1 0.993204 115876 40
CPU10 45.047535 115837 sgemm sgemm CUDA0 0.042372 115877 40
CPU8 45.065042 115838 sgemm sgemm CUDA3 0.083847 115878 40
CPU2 44.612230 115839 sgemm sgemm CUDA2 0.940816 115879 40
CPU2 25.395790 115842 ssyrk ssyrk CUDA0 0.813102 115882 40
CPU1 45.300358 115843 sgemm sgemm CUDA3 1.006703 115883 40
CPU12 44.891573 115844 sgemm sgemm CUDA3 0.934793 115884 40
CPU16 44.717301 115845 sgemm sgemm CUDA3 0.992519 115885 40
CPU2 45.544912 115846 sgemm sgemm CUDA3 1.185876 115886 40
CPU7 45.004347 115847 sgemm sgemm CUDA2 1.379296 115887 40
CPU5 24.974879 115850 ssyrk ssyrk CUDA0 0.875052 115890 40
CPU0 45.313388 115851 sgemm sgemm CUDA3 0.873263 115891 40
CPU13 44.928227 115852 sgemm sgemm CUDA0 1.219931 115892 40
CPU15 44.841545 115853 sgemm sgemm CUDA3 1.218577 115893 40
CPU8 44.796953 115854 sgemm sgemm CUDA2 1.223998 115894 40
CPU2 24.903579 115857 ssyrk ssyrk CUDA1 0.641817 115897 40
CPU16 44.743148 115858 sgemm sgemm CUDA3 1.251314 115898 40
CPU19 44.969444 115859 sgemm sgemm CUDA3 1.159427 115899 40
CPU14 44.784748 115860 sgemm sgemm CUDA3 0.245531 115900 40
CPU9 25.121524 115863 ssyrk ssyrk CUDA0 0.570143 115903 40
CPU0 45.530560 115864 sgemm sgemm CUDA2 1.110169 115904 40
CPU4 45.099275 115865 sgemm sgemm CUDA2 1.220649 115905 40
CPU0 25.392263 115868 ssyrk ssyrk CUDA2 0.635276 115908 40
CPU9 44.748246 115869 sgemm sgemm CUDA3 1.189925 115909 40
CPU10 25.388415 115872 ssyrk ssyrk CUDA2 0.581940 115912 40
CPU9 13.616234 115875 spotrf spotrf CPU -1 115915 40
CPU0 30.634043 115876 strsm strsm CUDA1 0.138425 115916 40
CPU8 30.008990 115877 strsm strsm CUDA1 2.789750 115917 40
CPU9 29.975625 115878 strsm strsm CUDA1 2.962838 115918 40
CPU2 30.008015 115879 strsm strsm CUDA1 12.176017 115919 40
CPU18 29.950177 115880 strsm strsm CUDA1 2.685959 115920 40
CPU10 30.915073 115881 strsm strsm CUDA1 0.961629 115921 40
CPU19 30.509733 115882 strsm strsm CUDA1 11.761047 115922 40
CPU5 30.163839 115883 strsm strsm CUDA1 2.788960 115923 40
CPU5 29.653511 115884 strsm strsm CUDA0 2.833375 115924 40
CPU2 29.927402 115885 strsm strsm CUDA1 18.332282 115925 40
CPU18 30.006802 115886 strsm strsm CUDA1 0.053783 115926 40
CPU13 30.813958 115887 strsm strsm CUDA1 2.783812 115927 40
CPU4 30.220171 115888 strsm strsm CUDA0 2.907992 115928 40
CPU8 29.963479 115889 strsm strsm CUDA1 2.734565 115929 40
CPU6 30.870405 115890 strsm strsm CUDA1 2.792600 115930 40
CPU8 30.407574 115891 strsm strsm CUDA0 14.212472 115931 40
CPU3 30.184569 115892 strsm strsm CUDA0 12.965878 115932 40
CPU7 30.400813 115893 strsm strsm CUDA1 2.676776 115933 40
CPU4 30.776869 115894 strsm strsm CUDA0 3.614230 115934 40
CPU8 30.010870 115895 strsm strsm CUDA0 12.621692 115935 40
CPU3 29.850260 115896 strsm strsm CUDA0 2.840950 115936 40
CPU0 25.648344 115899 ssyrk ssyrk CUDA0 0.866805 115939 40
CPU2 44.950368 115900 sgemm sgemm CUDA1 1.163227 115940 40
CPU0 45.309142 115901 sgemm sgemm CUDA1 1.249692 115941 40
CPU4 45.296012 115902 sgemm sgemm CUDA1 1.156404 115942 40
CPU0 45.535741 115903 sgemm sgemm CUDA0 1.052363 115943 40
CPU7 44.417195 115904 sgemm sgemm CUDA1 0.996345 115944 40
CPU5 45.276146 115905 sgemm sgemm CUDA1 0.995416 115945 40
CPU5 44.969593 115906 sgemm sgemm CUDA1 0.992021 115946 40
CPU5 44.745332 115907 sgemm sgemm CUDA0 1.145996 115947 40
CPU9 44.630270 115908 sgemm sgemm CUDA1 0.989380 115948 40
CPU18 45.021544 115909 sgemm sgemm CUDA1 1.161257 115949 40
CPU1 45.162410 115910 sgemm sgemm CUDA1 1.158789 115950 40
CPU10 45.022253 115911 sgemm sgemm CUDA0 1.116170 115951 40
CPU10 45.159848 115912 sgemm sgemm CUDA0 1.165819 115952 40
CPU7 45.088901 115913 sgemm sgemm CUDA1 0.989645 115953 40
CPU8 45.287877 115914 sgemm sgemm CUDA0 1.390307 115954 40
CPU6 45.432427 115915 sgemm sgemm CUDA0 0.792447 115955 40
CPU15 44.722106 115916 sgemm sgemm CUDA1 1.139389 115956 40
CPU4 45.317749 115917 sgemm sgemm CUDA0 1.283243 115957 40
CPU8 45.143778 115918 sgemm sgemm CUDA0 1.162033 115958 40
CPU14 45.399443 115919 sgemm sgemm CUDA0 0.992920 115959 40
CPU8 25.048560 115922 ssyrk ssyrk CUDA1 0.184842 115962 40
CPU16 44.699004 115923 sgemm sgemm CUDA1 1.162683 115963 40
CPU2 44.676874 115924 sgemm sgemm CUDA1 0.991702 115964 40
CPU5 45.341551 115925 sgemm sgemm CUDA1 0.183602 115965 40
CPU9 44.810789 115926 sgemm sgemm CUDA1 1.220576 115966 40
CPU19 44.826886 115927 sgemm sgemm CUDA1 1.225128 115967 40
CPU19 44.789423 115928 sgemm sgemm CUDA1 1.045622 115968 40
CPU5 44.754207 115929 sgemm sgemm CUDA0 0.993773 115969 40
CPU1 44.900902 115930 sgemm sgemm CUDA1 1.246636 115970 40
CPU18 44.867351 115931 sgemm sgemm CUDA1 0.049233 115971 40
CPU9 44.953023 115932 sgemm sgemm CUDA1 1.285752 115972 40
CPU4 44.717836 115933 sgemm sgemm CUDA0 2.206734 115973 40
CPU8 44.732041 115934 sgemm sgemm CUDA0 0.993532 115974 40
CPU4 44.929842 115935 sgemm sgemm CUDA1 1.151185 115975 40
CPU2 45.132234 115936 sgemm sgemm CUDA0 0.993968 115976 40
CPU3 45.231848 115937 sgemm sgemm CUDA0 4.905098 115977 40
CPU7 44.802866 115938 sgemm sgemm CUDA1 1.167336 115978 40
CPU1 44.966114 115939 sgemm sgemm CUDA0 1.162469 115979 40
CPU7 45.006299 115940 sgemm sgemm CUDA0 1.219945 115980 40
CPU3 44.721141 115941 sgemm sgemm CUDA0 0.938432 115981 40
CPU9 25.049601 115944 ssyrk ssyrk CUDA1 0.633234 115984 40
CPU2 44.427888 115945 sgemm sgemm CUDA1 11.238423 115985 40
CPU13 45.017594 115946 sgemm sgemm CUDA1 13.057822 115986 40
CPU4 45.079437 115947 sgemm sgemm CUDA1 0.991682 115987 40
CPU19 44.852253 115948 sgemm sgemm CUDA1 1.155559 115988 40
CPU5 44.985237 115949 sgemm sgemm CUDA1 1.155633 115989 40
CPU9 44.567537 115950 sgemm sgemm CUDA0 0.991779 115990 40
CPU5 44.901402 115951 sgemm sgemm CUDA0 0.168077 115991 40
CPU18 44.811441 115952 sgemm sgemm CUDA1 0.996471 115992 40
CPU13 44.924793 115953 sgemm sgemm CUDA1 0.130899 115993 40
CPU3 45.176199 115954 sgemm sgemm CUDA0 1.159211 115994 40
CPU7 44.739244 115955 sgemm sgemm CUDA0 19.425384 115995 40
CPU2 44.946838 115956 sgemm sgemm CUDA1 0.967955 115996 40
CPU8 45.209301 115957 sgemm sgemm CUDA0 0.987280 115997 40
CPU8 45.426514 115958 sgemm sgemm CUDA0 1.049140 115998 40
CPU9 45.239639 115959 sgemm sgemm CUDA0 1.229342 115999 40
CPU0 45.402651 115960 sgemm sgemm CUDA0 1.256664 116000 40
CPU3 45.093066 115961 sgemm sgemm CUDA0 1.162504 116001 40
CPU9 44.643935 115962 sgemm sgemm CUDA0 12.592116 116002 40
CPU2 25.453901 115965 ssyrk ssyrk CUDA1 0.830998 116005 40
CPU18 44.643109 115966 sgemm sgemm CUDA0 1.162620 116006 40
CPU1 44.711414 115967 sgemm sgemm CUDA1 11.988859 116007 40
CPU19 44.837312 115968 sgemm sgemm CUDA1 1.051895 116008 40
CPU12 45.377801 115969 sgemm sgemm CUDA0 1.161361 116009 40
CPU2 44.809368 115970 sgemm sgemm CUDA0 0.781243 116010 40
CPU8 45.092924 115971 sgemm sgemm CUDA0 13.014391 116011 40
CPU18 44.636568 115972 sgemm sgemm CUDA1 0.993970 116012 40
CPU13 44.885474 115973 sgemm sgemm CUDA1 1.161673 116013 40
CPU4 45.238525 115974 sgemm sgemm CUDA0 1.222536 116014 40
CPU8 44.942709 115975 sgemm sgemm CUDA0 0.047001 116015 40
CPU6 45.174760 115976 sgemm sgemm CUDA1 1.163356 116016 40
CPU4 44.733440 115977 sgemm sgemm CUDA0 1.219874 116017 40
CPU6 45.343115 115978 sgemm sgemm CUDA0 0.992822 116018 40
CPU2 45.171469 115979 sgemm sgemm CUDA1 1.279746 116019 40
CPU3 45.144078 115980 sgemm sgemm CUDA1 0.994665 116020 40
CPU6 45.020388 115981 sgemm sgemm CUDA0 0.989121 116021 40
CPU5 44.594926 115982 sgemm sgemm CUDA1 12.989957 116022 40
CPU18 24.882159 115985 ssyrk ssyrk CUDA0 0.852499 116025 40
CPU4 44.906115 115986 sgemm sgemm CUDA1 0.985207 116026 40
CPU10 45.325301 115987 sgemm sgemm CUDA1 0.994596 116027 40
CPU3 45.204796 115988 sgemm sgemm CUDA0 0.988229 116028 40
CPU18 44.732493 115989 sgemm sgemm CUDA0 1.167121 116029 40
CPU16 44.848170 115990 sgemm sgemm CUDA0 0.760515 116030 40
CPU18 44.740485 115991 sgemm sgemm CUDA1 0.968216 116031 40
CPU13 44.972056 115992 sgemm sgemm CUDA1 1.219877 116032 40
CPU18 44.667834 115993 sgemm sgemm CUDA0 0.992916 116033 40
CPU18 45.030849 115994 sgemm sgemm CUDA0 1.158490 116034 40
CPU4 45.125047 115995 sgemm sgemm CUDA1 1.157894 116035 40
CPU6 45.122408 115996 sgemm sgemm CUDA0 0.992899 116036 40
CPU18 44.786996 115997 sgemm sgemm CUDA0 0.991878 116037 40
CPU18 44.584748 115998 sgemm sgemm CUDA1 1.158053 116038 40
CPU8 45.149946 115999 sgemm sgemm CUDA1 1.159492 116039 40
CPU2 44.799494 116000 sgemm sgemm CUDA0 0.996454 116040 40
CPU18 44.946564 116001 sgemm sgemm CUDA1 1.221122 116041 40
CPU10 25.513698 116004 ssyrk ssyrk CUDA1 0.631157 116044 40
CPU6 45.017219 116005 sgemm sgemm CUDA1 1.220694 116045 40
CPU1 44.562538 116006 sgemm sgemm CUDA1 1.075590 116046 40
CPU6 44.601582 116007 sgemm sgemm CUDA1 1.162180 116047 40
CPU12 45.297292 116008 sgemm sgemm CUDA0 1.160075 116048 40
CPU18 44.956945 116009 sgemm sgemm CUDA1 1.047519 116049 40
CPU0 45.144153 116010 sgemm sgemm CUDA1 1.235684 116050 40
CPU7 44.951891 116011 sgemm sgemm CUDA1 0.990856 116051 40
CPU14 45.243982 116012 sgemm sgemm CUDA0 1.333404 116052 40
CPU0 44.985724 116013 sgemm sgemm CUDA1 1.225875 116053 40
CPU0 44.413420 116014 sgemm sgemm CUDA0 12.681648 116054 40
CPU0 45.178888 116015 sgemm sgemm CUDA0 1.396054 116055 40
CPU3 44.769499 116016 sgemm sgemm CUDA3 1.163133 116056 40
CPU7 44.939888 116017 sgemm sgemm CUDA0 0.991659 116057 40
CPU11 45.247572 116018 sgemm sgemm CUDA1 0.157034 116058 40
CPU10 45.361890 116019 sgemm sgemm CUDA0 1.158821 116059 40
CPU19 25.093838 116022 ssyrk ssyrk CUDA1 0.180169 116062 40
CPU11 44.619993 116023 sgemm sgemm CUDA1 1.163393 116063 40
CPU19 44.856234 116024 sgemm sgemm CUDA0 0.092031 116064 40
CPU5 44.973457 116025 sgemm sgemm CUDA0 1.160108 116065 40
CPU18 44.699322 116026 sgemm sgemm CUDA1 12.730011 116066 40
CPU11 44.783390 116027 sgemm sgemm CUDA1 0.995369 116067 40
CPU19 44.748400 116028 sgemm sgemm CUDA0 0.990653 116068 40
CPU19 44.935517 116029 sgemm sgemm CUDA0 1.217650 116069 40
CPU9 44.875200 116030 sgemm sgemm CUDA1 1.163375 116070 40
CPU9 45.292572 116031 sgemm sgemm CUDA0 1.106123 116071 40
CPU19 44.810299 116032 sgemm sgemm CUDA3 1.050282 116072 40
CPU19 45.045287 116033 sgemm sgemm CUDA3 12.055562 116073 40
CPU3 44.888796 116034 sgemm sgemm CUDA1 0.049543 116074 40
CPU6 45.099352 116035 sgemm sgemm CUDA0 4.532531 116075 40
CPU19 45.333581 116036 sgemm sgemm CUDA1 0.994652 116076 40
CPU5 25.179436 116039 ssyrk ssyrk CUDA0 1.440738 116079 40
CPU6 45.199092 116040 sgemm sgemm CUDA0 1.051721 116080 40
CPU8 45.092837 116041 sgemm sgemm CUDA0 1.154593 116081 40
CPU18 44.667663 116042 sgemm sgemm CUDA1 12.898304 116082 40
CPU13 44.949533 116043 sgemm sgemm CUDA0 1.047389 116083 40
CPU5 45.073206 116044 sgemm sgemm CUDA0 1.220749 116084 40
CPU7 44.941179 116045 sgemm sgemm CUDA0 0.771649 116085 40
CPU3 45.155591 116046 sgemm sgemm CUDA1 0.988486 116086 40
CPU1 45.035114 116047 sgemm sgemm CUDA3 0.240426 116087 40
CPU7 45.206542 116048 sgemm sgemm CUDA3 1.049981 116088 40
CPU6 45.589963 116049 sgemm sgemm CUDA3 0.879200 116089 40
CPU9 44.849427 116050 sgemm sgemm CUDA0 0.186767 116090 40
CPU8 45.565799 116051 sgemm sgemm CUDA3 2.143762 116091 40
CPU9 44.818999 116052 sgemm sgemm CUDA0 1.160435 116092 40
CPU5 24.720548 116055 ssyrk ssyrk CUDA0 0.570626 116095 40
CPU11 45.325957 116056 sgemm sgemm CUDA0 0.988965 116096 40
CPU18 44.893177 116057 sgemm sgemm CUDA1 0.994490 116097 40
CPU14 45.139522 116058 sgemm sgemm CUDA1 0.991493 116098 40
CPU3 44.870698 116059 sgemm sgemm CUDA0 12.213896 116099 40
CPU7 44.466176 116060 sgemm sgemm CUDA0 0.991403 116100 40
CPU5 44.360580 116061 sgemm sgemm CUDA1 1.221075 116101 40
CPU8 45.012708 116062 sgemm sgemm CUDA0 0.986984 116102 40
CPU7 44.578997 116063 sgemm sgemm CUDA3 0.992042 116103 40
CPU5 44.598736 116064 sgemm sgemm CUDA1 1.051910 116104 40
CPU12 45.164492 116065 sgemm sgemm CUDA1 1.222207 116105 40
CPU8 44.745131 116066 sgemm sgemm CUDA1 0.041804 116106 40
CPU5 44.220126 116067 sgemm sgemm CUDA1 0.990970 116107 40
CPU2 24.700499 116070 ssyrk ssyrk CUDA3 0.871956 116110 40
CPU18 44.973870 116071 sgemm sgemm CUDA3 1.243394 116111 40
CPU3 44.694225 116072 sgemm sgemm CUDA0 1.143693 116112 40
CPU2 44.892374 116073 sgemm sgemm CUDA0 0.109209 116113 40
CPU19 45.213925 116074 sgemm sgemm CUDA0 0.992153 116114 40
CPU4 44.792049 116075 sgemm sgemm CUDA1 0.991753 116115 40
CPU3 44.648825 116076 sgemm sgemm CUDA0 1.137069 116116 40
CPU10 44.770318 116077 sgemm sgemm CUDA0 1.253504 116117 40
CPU11 45.138152 116078 sgemm sgemm CUDA3 0.999089 116118 40
CPU2 44.778570 116079 sgemm sgemm CUDA1 0.990696 116119 40
CPU1 44.836931 116080 sgemm sgemm CUDA3 12.360072 116120 40
CPU4 44.631323 116081 sgemm sgemm CUDA1 1.214085 116121 40
CPU18 24.991785 116084 ssyrk ssyrk CUDA1 0.628860 116124 40
CPU9 44.926688 116085 sgemm sgemm CUDA1 3.286550 116125 40
CPU18 44.601309 116086 sgemm sgemm CUDA1 1.162805 116126 40
CPU18 44.853079 116087 sgemm sgemm CUDA0 0.049305 116127 40
CPU0 45.627480 116088 sgemm sgemm CUDA1 0.030870 116128 40
CPU7 45.348912 116089 sgemm sgemm CUDA0 1.165088 116129 40
CPU18 44.818907 116090 sgemm sgemm CUDA0 1.162532 116130 40
CPU18 44.680854 116091 sgemm sgemm CUDA1 0.047212 116131 40
CPU1 45.384002 116092 sgemm sgemm CUDA0 1.163437 116132 40
CPU5 44.877567 116093 sgemm sgemm CUDA1 12.414194 116133 40
CPU18 44.948080 116094 sgemm sgemm CUDA2 0.130031 116134 40
CPU13 25.161150 116097 ssyrk ssyrk CUDA1 9.173249 116137 40
CPU13 44.885424 116098 sgemm sgemm CUDA0 1.157570 116138 40
CPU16 45.064691 116099 sgemm sgemm CUDA0 0.093303 116139 40
CPU2 45.021726 116100 sgemm sgemm CUDA1 1.162605 116140 40
CPU4 45.142008 116101 sgemm sgemm CUDA0 0.040621 116141 40
CPU10 45.038149 116102 sgemm sgemm CUDA3 0.992721 116142 40
CPU2 44.776688 116103 sgemm sgemm CUDA3 1.166582 116143 40
CPU12 44.945570 116104 sgemm sgemm CUDA0 12.904798 116144 40
CPU0 45.145966 116105 sgemm sgemm CUDA3 1.053933 116145 40
CPU10 45.470529 116106 sgemm sgemm CUDA1 0.061109 116146 40
CPU4 25.549058 116109 ssyrk ssyrk CUDA0 12.189737 116149 40
CPU5 44.817151 116110 sgemm sgemm CUDA0 0.992326 116150 40
CPU6 44.980691 116111 sgemm sgemm CUDA1 1.338895 116151 40
CPU3 44.692986 116112 sgemm sgemm CUDA0 1.053396 116152 40
CPU1 45.105185 116113 sgemm sgemm CUDA0 0.996012 116153 40
CPU4 45.029790 116114 sgemm sgemm CUDA1 0.988024 116154 40
CPU11 44.881023 116115 sgemm sgemm CUDA0 0.993461 116155 40
CPU3 44.974338 116116 sgemm sgemm CUDA2 0.061136 116156 40
CPU3 44.648431 116117 sgemm sgemm CUDA2 0.031709 116157 40
CPU8 24.626168 116120 ssyrk ssyrk CUDA1 0.030670 116160 40
CPU14 45.113681 116121 sgemm sgemm CUDA0 12.753625 116161 40
CPU10 45.269918 116122 sgemm sgemm CUDA0 1.298092 116162 40
CPU5 44.555787 116123 sgemm sgemm CUDA0 1.163036 116163 40
CPU4 44.604063 116124 sgemm sgemm CUDA1 4.093418 116164 40
CPU5 45.006203 116125 sgemm sgemm CUDA0 1.217125 116165 40
CPU12 45.251160 116126 sgemm sgemm CUDA1 1.048152 116166 40
CPU8 45.082484 116127 sgemm sgemm CUDA2 0.992959 116167 40
CPU6 25.451502 116130 ssyrk ssyrk CUDA1 0.566448 116170 40
CPU9 45.340166 116131 sgemm sgemm CUDA3 1.105492 116171 40
CPU5 45.366127 116132 sgemm sgemm CUDA3 0.937318 116172 40
CPU3 45.271007 116133 sgemm sgemm CUDA1 1.263809 116173 40
CPU10 44.848942 116134 sgemm sgemm CUDA0 1.046860 116174 40
CPU8 44.917948 116135 sgemm sgemm CUDA3 1.239952 116175 40
CPU2 44.559876 116136 sgemm sgemm CUDA2 0.181792 116176 40
CPU6 25.743300 116139 ssyrk ssyrk CUDA0 0.825348 116179 40
CPU1 45.358691 116140 sgemm sgemm CUDA3 12.906649 116180 40
CPU12 44.855417 116141 sgemm sgemm CUDA3 0.993797 116181 40
CPU0 45.812768 116142 sgemm sgemm CUDA3 0.085844 116182 40
CPU9 45.032874 116143 sgemm sgemm CUDA3 1.157861 116183 40
CPU7 44.914423 116144 sgemm sgemm CUDA2 1.167555 116184 40
CPU3 24.815368 116147 ssyrk ssyrk CUDA0 0.873814 116187 40
CPU8 44.906933 116148 sgemm sgemm CUDA3 7.978164 116188 40
CPU13 45.129153 116149 sgemm sgemm CUDA0 0.173480 116189 40
CPU15 44.876731 116150 sgemm sgemm CUDA3 17.658995 116190 40
CPU6 44.856952 116151 sgemm sgemm CUDA2 1.107685 116191 40
CPU7 25.215911 116154 ssyrk ssyrk CUDA1 0.627249 116194 40
CPU16 44.616282 116155 sgemm sgemm CUDA0 0.164702 116195 40
CPU19 45.125104 116156 sgemm sgemm CUDA3 1.168213 116196 40
CPU7 44.815976 116157 sgemm sgemm CUDA3 12.057255 116197 40
CPU4 25.234939 116160 ssyrk ssyrk CUDA0 0.643204 116200 40
CPU0 45.338426 116161 sgemm sgemm CUDA2 1.165013 116201 40
CPU4 45.157368 116162 sgemm sgemm CUDA2 1.109533 116202 40
CPU1 24.664719 116165 ssyrk ssyrk CUDA2 0.058803 116205 40
CPU7 44.872207 116166 sgemm sgemm CUDA3 1.214092 116206 40
CPU3 24.479921 116169 ssyrk ssyrk CUDA2 0.623494 116209 40
CPU0 14.027766 116172 spotrf spotrf CPU -1 116212 40
CPU2 30.629928 116173 strsm strsm CUDA1 2.840630 116213 40
CPU0 30.664540 116174 strsm strsm CUDA1 2.654760 116214 40
CPU4 30.954706 116175 strsm strsm CUDA1 12.497705 116215 40
CPU0 31.007268 116176 strsm strsm CUDA0 3.901685 116216 40
CPU7 30.522720 116177 strsm strsm CUDA1 2.955289 116217 40
CPU5 30.617376 116178 strsm strsm CUDA1 2.642481 116218 40
CPU5 30.422673 116179 strsm strsm CUDA1 2.774103 116219 40
CPU5 30.092851 116180 strsm strsm CUDA0 2.816240 116220 40
CPU9 30.404215 116181 strsm strsm CUDA1 2.775380 116221 40
CPU18 30.024498 116182 strsm strsm CUDA1 3.018420 116222 40
CPU1 30.432032 116183 strsm strsm CUDA1 8.023824 116223 40
CPU10 30.519406 116184 strsm strsm CUDA0 2.884123 116224 40
CPU10 30.530162 116185 strsm strsm CUDA0 2.777470 116225 40
CPU7 30.552581 116186 strsm strsm CUDA1 2.670099 116226 40
CPU2 30.696190 116187 strsm strsm CUDA0 13.334306 116227 40
CPU6 31.151920 116188 strsm strsm CUDA0 2.830593 116228 40
CPU15 29.755977 116189 strsm strsm CUDA1 2.890066 116229 40
CPU1 30.022399 116190 strsm strsm CUDA0 2.781536 116230 40
CPU6 30.809359 116191 strsm strsm CUDA0 2.694440 116231 40
CPU14 30.845582 116192 strsm strsm CUDA0 12.727379 116232 40
CPU2 25.392178 116195 ssyrk ssyrk CUDA1 0.633488 116235 40
CPU0 45.634466 116196 sgemm sgemm CUDA1 1.050301 116236 40
CPU4 45.237232 116197 sgemm sgemm CUDA1 1.218665 116237 40
CPU2 44.911595 116198 sgemm sgemm CUDA1 13.064489 116238 40
CPU7 45.312954 116199 sgemm sgemm CUDA1 12.483541 116239 40
CPU5 45.407638 116200 sgemm sgemm CUDA1 1.159950 116240 40
CPU2 45.166997 116201 sgemm sgemm CUDA1 0.989365 116241 40
CPU0 45.472599 116202 sgemm sgemm CUDA0 13.144367 116242 40
CPU9 44.885787 116203 sgemm sgemm CUDA1 1.164812 116243 40
CPU18 44.911177 116204 sgemm sgemm CUDA1 24.386941 116244 40
CPU9 45.147788 116205 sgemm sgemm CUDA1 0.046724 116245 40
CPU10 44.671533 116206 sgemm sgemm CUDA0 0.994637 116246 40
CPU10 44.806650 116207 sgemm sgemm CUDA0 1.167393 116247 40
CPU7 44.973992 116208 sgemm sgemm CUDA1 0.997074 116248 40
CPU2 45.296898 116209 sgemm sgemm CUDA0 9.944678 116249 40
CPU6 45.594229 116210 sgemm sgemm CUDA0 1.220147 116250 40
CPU15 44.518959 116211 sgemm sgemm CUDA1 1.219589 116251 40
CPU1 44.937802 116212 sgemm sgemm CUDA0 1.164212 116252 40
CPU6 45.227976 116213 sgemm sgemm CUDA0 0.993567 116253 40
CPU0 45.229171 116214 sgemm sgemm CUDA0 0.996977 116254 40
CPU0 25.153581 116217 ssyrk ssyrk CUDA1 5.208433 116257 40
CPU4 44.718003 116218 sgemm sgemm CUDA1 1.160598 116258 40
CPU8 45.029688 116219 sgemm sgemm CUDA2 1.156699 116259 40
CPU7 44.934161 116220 sgemm sgemm CUDA1 13.142788 116260 40
CPU5 44.618921 116221 sgemm sgemm CUDA1 0.184910 116261 40
CPU1 44.945786 116222 sgemm sgemm CUDA1 0.989131 116262 40
CPU0 45.041708 116223 sgemm sgemm CUDA0 1.300907 116263 40
CPU9 44.588272 116224 sgemm sgemm CUDA0 0.989001 116264 40
CPU18 45.066881 116225 sgemm sgemm CUDA1 26.152881 116265 40
CPU1 45.073245 116226 sgemm sgemm CUDA1 1.163673 116266 40
CPU8 45.053708 116227 sgemm sgemm CUDA0 0.987687 116267 40
CPU10 45.113403 116228 sgemm sgemm CUDA0 1.223373 116268 40
CPU6 44.610024 116229 sgemm sgemm CUDA1 0.966435 116269 40
CPU8 44.608580 116230 sgemm sgemm CUDA0 1.053247 116270 40
CPU1 44.994056 116231 sgemm sgemm CUDA0 0.044185 116271 40
CPU15 44.725838 116232 sgemm sgemm CUDA0 0.152469 116272 40
CPU0 45.017277 116233 sgemm sgemm CUDA0 1.219582 116273 40
CPU7 45.047949 116234 sgemm sgemm CUDA0 20.051134 116274 40
CPU14 45.653072 116235 sgemm sgemm CUDA0 0.992958 116275 40
CPU4 25.942627 116238 ssyrk ssyrk CUDA1 0.900790 116278 40
CPU4 45.015328 116239 sgemm sgemm CUDA0 1.326481 116279 40
CPU4 45.091948 116240 sgemm sgemm CUDA1 0.993344 116280 40
CPU4 45.009244 116241 sgemm sgemm CUDA1 12.634262 116281 40
CPU4 45.191682 116242 sgemm sgemm CUDA1 1.159155 116282 40
CPU2 44.878877 116243 sgemm sgemm CUDA0 1.156652 116283 40
CPU9 44.803589 116244 sgemm sgemm CUDA0 12.737493 116284 40
CPU18 44.985424 116245 sgemm sgemm CUDA1 0.803388 116285 40
CPU1 45.331248 116246 sgemm sgemm CUDA1 1.048662 116286 40
CPU2 45.393936 116247 sgemm sgemm CUDA0 1.161342 116287 40
CPU10 44.748650 116248 sgemm sgemm CUDA0 12.722350 116288 40
CPU7 44.888800 116249 sgemm sgemm CUDA1 1.221221 116289 40
CPU1 45.172133 116250 sgemm sgemm CUDA0 0.991108 116290 40
CPU8 45.466631 116251 sgemm sgemm CUDA0 1.214150 116291 40
CPU15 44.533286 116252 sgemm sgemm CUDA1 0.049022 116292 40
CPU3 44.849439 116253 sgemm sgemm CUDA1 0.997091 116293 40
CPU6 45.129680 116254 sgemm sgemm CUDA0 1.023437 116294 40
CPU7 44.958774 116255 sgemm sgemm CUDA1 0.993933 116295 40
CPU0 25.609632 116258 ssyrk ssyrk CUDA0 13.637159 116298 40
CPU7 44.817400 116259 sgemm sgemm CUDA1 1.165343 116299 40
CPU5 44.916037 116260 sgemm sgemm CUDA1 0.989184 116300 40
CPU5 45.250532 116261 sgemm sgemm CUDA0 1.216212 116301 40
CPU5 44.994348 116262 sgemm sgemm CUDA0 1.165189 116302 40
CPU9 45.116490 116263 sgemm sgemm CUDA0 1.161654 116303 40
CPU18 44.957990 116264 sgemm sgemm CUDA1 1.137496 116304 40
CPU0 45.611855 116265 sgemm sgemm CUDA1 1.162958 116305 40
CPU1 45.394233 116266 sgemm sgemm CUDA0 0.165355 116306 40
CPU10 44.830258 116267 sgemm sgemm CUDA0 1.166368 116307 40
CPU2 44.814288 116268 sgemm sgemm CUDA1 6.936778 116308 40
CPU5 44.898168 116269 sgemm sgemm CUDA0 1.283683 116309 40
CPU6 44.739930 116270 sgemm sgemm CUDA0 1.167789 116310 40
CPU15 44.583755 116271 sgemm sgemm CUDA1 0.054485 116311 40
CPU8 44.773228 116272 sgemm sgemm CUDA1 12.662408 116312 40
CPU2 44.927659 116273 sgemm sgemm CUDA0 1.163275 116313 40
CPU9 44.628285 116274 sgemm sgemm CUDA1 1.164643 116314 40
CPU7 25.860693 116277 ssyrk ssyrk CUDA1 12.049368 116317 40
CPU7 44.767463 116278 sgemm sgemm CUDA1 1.048942 116318 40
CPU7 45.167700 116279 sgemm sgemm CUDA1 1.166554 116319 40
CPU7 44.996724 116280 sgemm sgemm CUDA1 1.532704 116320 40
CPU12 45.352472 116281 sgemm sgemm CUDA0 12.616219 116321 40
CPU18 44.974919 116282 sgemm sgemm CUDA1 0.050429 116322 40
CPU0 45.642034 116283 sgemm sgemm CUDA1 1.165281 116323 40
CPU10 44.755565 116284 sgemm sgemm CUDA0 0.993913 116324 40
CPU10 44.741406 116285 sgemm sgemm CUDA0 0.997813 116325 40
CPU6 44.600416 116286 sgemm sgemm CUDA1 0.989244 116326 40
CPU7 45.393797 116287 sgemm sgemm CUDA0 1.271627 116327 40
CPU1 45.000581 116288 sgemm sgemm CUDA0 0.992292 116328 40
CPU15 44.647918 116289 sgemm sgemm CUDA0 0.030776 116329 40
CPU7 45.015063 116290 sgemm sgemm CUDA0 1.219769 116330 40
CPU11 45.003590 116291 sgemm sgemm CUDA1 0.993015 116331 40
CPU14 45.330853 116292 sgemm sgemm CUDA0 2.293343 116332 40
CPU5 25.370282 116295 ssyrk ssyrk CUDA2 0.828632 116335 40
CPU5 45.087259 116296 sgemm sgemm CUDA1 12.191344 116336 40
CPU5 44.886768 116297 sgemm sgemm CUDA2 1.177746 116337 40
CPU9 45.072794 116298 sgemm sgemm CUDA0 0.960586 116338 40
CPU18 45.013363 116299 sgemm sgemm CUDA1 1.361898 116339 40
CPU11 44.766201 116300 sgemm sgemm CUDA1 0.221667 116340 40
CPU10 44.742679 116301 sgemm sgemm CUDA0 1.219560 116341 40
CPU10 44.654701 116302 sgemm sgemm CUDA0 1.165882 116342 40
CPU8 45.000158 116303 sgemm sgemm CUDA1 1.224634 116343 40
CPU2 45.242325 116304 sgemm sgemm CUDA0 0.881384 116344 40
CPU6 45.551068 116305 sgemm sgemm CUDA0 1.161796 116345 40
CPU15 44.545805 116306 sgemm sgemm CUDA0 14.792092 116346 40
CPU3 44.443038 116307 sgemm sgemm CUDA1 0.066287 116347 40
CPU6 45.267442 116308 sgemm sgemm CUDA0 22.248614 116348 40
CPU10 45.252099 116309 sgemm sgemm CUDA2 4.393463 116349 40
CPU5 25.325392 116312 ssyrk ssyrk CUDA1 1.022865 116352 40
CPU1 45.218020 116313 sgemm sgemm CUDA0 0.991622 116353 40
CPU9 45.134788 116314 sgemm sgemm CUDA0 0.993870 116354 40
CPU18 45.056131 116315 sgemm sgemm CUDA1 12.750184 116355 40
CPU1 45.435153 116316 sgemm sgemm CUDA0 0.990950 116356 40
CPU10 44.745396 116317 sgemm sgemm CUDA0 0.085974 116357 40
CPU10 44.671608 116318 sgemm sgemm CUDA0 1.350735 116358 40
CPU3 44.918921 116319 sgemm sgemm CUDA1 0.994048 116359 40
CPU8 44.497368 116320 sgemm sgemm CUDA0 1.220886 116360 40
CPU1 45.293971 116321 sgemm sgemm CUDA3 1.160544 116361 40
CPU15 44.760462 116322 sgemm sgemm CUDA3 0.992465 116362 40
CPU9 44.461180 116323 sgemm sgemm CUDA0 0.773211 116363 40
CPU4 45.237939 116324 sgemm sgemm CUDA0 1.219091 116364 40
CPU14 45.208070 116325 sgemm sgemm CUDA0 12.503811 116365 40
CPU5 24.800841 116328 ssyrk ssyrk CUDA0 0.572703 116368 40
CPU11 45.132922 116329 sgemm sgemm CUDA0 0.066864 116369 40
CPU18 45.381962 116330 sgemm sgemm CUDA1 0.989990 116370 40
CPU14 44.991091 116331 sgemm sgemm CUDA1 0.993618 116371 40
CPU10 44.876205 116332 sgemm sgemm CUDA0 0.991723 116372 40
CPU10 44.993520 116333 sgemm sgemm CUDA0 1.160037 116373 40
CPU9 44.660747 116334 sgemm sgemm CUDA1 1.108274 116374 40
CPU4 44.504970 116335 sgemm sgemm CUDA0 0.043552 116375 40
CPU6 45.174117 116336 sgemm sgemm CUDA3 12.284675 116376 40
CPU15 44.873560 116337 sgemm sgemm CUDA1 0.049525 116377 40
CPU12 45.333560 116338 sgemm sgemm CUDA1 1.161435 116378 40
CPU8 45.088061 116339 sgemm sgemm CUDA1 1.162575 116379 40
CPU14 45.340813 116340 sgemm sgemm CUDA1 1.164902 116380 40
CPU9 24.692837 116343 ssyrk ssyrk CUDA1 0.564382 116383 40
CPU18 45.215415 116344 sgemm sgemm CUDA3 12.919929 116384 40
CPU3 44.926031 116345 sgemm sgemm CUDA0 14.291994 116385 40
CPU10 44.830532 116346 sgemm sgemm CUDA0 1.161073 116386 40
CPU10 45.013665 116347 sgemm sgemm CUDA0 1.163644 116387 40
CPU5 44.369931 116348 sgemm sgemm CUDA1 0.990122 116388 40
CPU0 45.348657 116349 sgemm sgemm CUDA0 1.165705 116389 40
CPU1 44.929892 116350 sgemm sgemm CUDA0 0.991328 116390 40
CPU14 45.064249 116351 sgemm sgemm CUDA3 0.067369 116391 40
CPU2 44.261861 116352 sgemm sgemm CUDA1 1.160171 116392 40
CPU1 45.037105 116353 sgemm sgemm CUDA0 1.218722 116393 40
CPU14 45.455986 116354 sgemm sgemm CUDA1 4.639047 116394 40
CPU18 25.200477 116357 ssyrk ssyrk CUDA1 0.631687 116397 40
CPU18 44.987779 116358 sgemm sgemm CUDA1 2.764410 116398 40
CPU18 44.905345 116359 sgemm sgemm CUDA1 1.247148 116399 40
CPU18 44.742710 116360 sgemm sgemm CUDA1 1.159163 116400 40
CPU0 45.097568 116361 sgemm sgemm CUDA1 0.993636 116401 40
CPU1 44.846559 116362 sgemm sgemm CUDA0 2.910342 116402 40
CPU18 45.200113 116363 sgemm sgemm CUDA0 1.159979 116403 40
CPU18 44.956136 116364 sgemm sgemm CUDA1 1.217812 116404 40
CPU1 44.755873 116365 sgemm sgemm CUDA0 1.281608 116405 40
CPU5 44.764902 116366 sgemm sgemm CUDA1 1.238729 116406 40
CPU12 45.510566 116367 sgemm sgemm CUDA1 0.060382 116407 40
CPU1 25.183401 116370 ssyrk ssyrk CUDA1 0.631457 116410 40
CPU13 44.725276 116371 sgemm sgemm CUDA0 0.994370 116411 40
CPU16 44.813489 116372 sgemm sgemm CUDA0 0.993217 116412 40
CPU4 44.587938 116373 sgemm sgemm CUDA1 0.852493 116413 40
CPU4 44.620960 116374 sgemm sgemm CUDA0 1.981597 116414 40
CPU10 45.096582 116375 sgemm sgemm CUDA3 1.162688 116415 40
CPU2 44.941762 116376 sgemm sgemm CUDA3 0.992991 116416 40
CPU12 44.971792 116377 sgemm sgemm CUDA0 0.869439 116417 40
CPU0 45.388694 116378 sgemm sgemm CUDA3 0.998993 116418 40
CPU14 45.228989 116379 sgemm sgemm CUDA1 0.994805 116419 40
CPU10 25.014974 116382 ssyrk ssyrk CUDA0 0.044429 116422 40
CPU10 44.687220 116383 sgemm sgemm CUDA0 1.163136 116423 40
CPU7 45.050491 116384 sgemm sgemm CUDA1 0.992867 116424 40
CPU3 44.646800 116385 sgemm sgemm CUDA0 1.112869 116425 40
CPU6 45.500173 116386 sgemm sgemm CUDA0 1.048436 116426 40
CPU15 44.592784 116387 sgemm sgemm CUDA1 1.161299 116427 40
CPU11 45.067471 116388 sgemm sgemm CUDA0 0.995443 116428 40
CPU3 45.095336 116389 sgemm sgemm CUDA2 1.161551 116429 40
CPU14 45.191972 116390 sgemm sgemm CUDA2 0.939507 116430 40
CPU6 25.127460 116393 ssyrk ssyrk CUDA1 0.546036 116433 40
CPU14 44.976099 116394 sgemm sgemm CUDA1 0.992916 116434 40
CPU9 44.876143 116395 sgemm sgemm CUDA0 1.222430 116435 40
CPU8 45.025603 116396 sgemm sgemm CUDA0 0.994836 116436 40
CPU14 45.016735 116397 sgemm sgemm CUDA1 12.403623 116437 40
CPU5 44.988116 116398 sgemm sgemm CUDA0 1.052379 116438 40
CPU12 45.004394 116399 sgemm sgemm CUDA1 12.648616 116439 40
CPU14 45.167953 116400 sgemm sgemm CUDA2 1.164824 116440 40
CPU6 25.120244 116403 ssyrk ssyrk CUDA1 0.545657 116443 40
CPU5 44.832078 116404 sgemm sgemm CUDA3 0.081129 116444 40
CPU5 44.903241 116405 sgemm sgemm CUDA3 7.222114 116445 40
CPU4 44.629028 116406 sgemm sgemm CUDA1 1.160015 116446 40
CPU2 44.730302 116407 sgemm sgemm CUDA1 1.220602 116447 40
CPU8 44.802648 116408 sgemm sgemm CUDA3 0.880711 116448 40
CPU14 45.540423 116409 sgemm sgemm CUDA1 1.219789 116449 40
CPU7 25.240091 116412 ssyrk ssyrk CUDA0 0.629873 116452 40
CPU1 45.300812 116413 sgemm sgemm CUDA3 1.163024 116453 40
CPU12 44.950437 116414 sgemm sgemm CUDA3 1.157959 116454 40
CPU0 45.188007 116415 sgemm sgemm CUDA0 0.855857 116455 40
CPU9 44.583874 116416 sgemm sgemm CUDA3 1.097223 116456 40
CPU7 44.923662 116417 sgemm sgemm CUDA0 1.166144 116457 40
CPU1 24.526945 116420 ssyrk ssyrk CUDA0 0.575685 116460 40
CPU10 44.868533 116421 sgemm sgemm CUDA0 17.122781 116461 40
CPU11 44.822710 116422 sgemm sgemm CUDA0 0.065137 116462 40
CPU15 44.883951 116423 sgemm sgemm CUDA3 16.726726 116463 40
CPU10 45.510253 116424 sgemm sgemm CUDA2 1.140891 116464 40
CPU15 24.670426 116427 ssyrk ssyrk CUDA1 0.806960 116467 40
CPU16 44.938386 116428 sgemm sgemm CUDA0 0.047933 116468 40
CPU19 45.033535 116429 sgemm sgemm CUDA3 1.156384 116469 40
CPU13 45.436378 116430 sgemm sgemm CUDA0 1.218559 116470 40
CPU1 24.871437 116433 ssyrk ssyrk CUDA0 0.627547 116473 40
CPU0 45.212637 116434 sgemm sgemm CUDA1 1.217729 116474 40
CPU9 44.775758 116435 sgemm sgemm CUDA2 1.902821 116475 40
CPU2 24.992938 116438 ssyrk ssyrk CUDA2 1.110330 116478 40
CPU14 45.257286 116439 sgemm sgemm CUDA3 0.313948 116479 40
CPU9 24.678364 116442 ssyrk ssyrk CUDA2 0.578236 116482 40
CPU2 14.275215 116445 spotrf spotrf CPU -1 116485 40
CPU0 30.945497 116446 strsm strsm CUDA1 2.896010 116486 40
CPU4 30.868919 116447 strsm strsm CUDA1 2.767185 116487 40
CPU2 30.111520 116448 strsm strsm CUDA1 2.903552 116488 40
CPU7 30.868677 116449 strsm strsm CUDA1 2.847700 116489 40
CPU5 30.458191 116450 strsm strsm CUDA1 2.810027 116490 40
CPU2 30.418757 116451 strsm strsm CUDA1 2.794405 116491 40
CPU0 30.994463 116452 strsm strsm CUDA0 2.941865 116492 40
CPU9 30.361333 116453 strsm strsm CUDA1 2.796992 116493 40
CPU18 30.059733 116454 strsm strsm CUDA1 2.942140 116494 40
CPU9 30.435345 116455 strsm strsm CUDA1 5.933093 116495 40
CPU10 30.486029 116456 strsm strsm CUDA0 13.574930 116496 40
CPU2 30.571163 116457 strsm strsm CUDA0 13.848262 116497 40
CPU6 30.660555 116458 strsm strsm CUDA1 12.694466 116498 40
CPU3 30.520970 116459 strsm strsm CUDA0 2.873247 116499 40
CPU2 30.512876 116460 strsm strsm CUDA0 11.966238 116500 40
CPU14 30.415770 116461 strsm strsm CUDA1 2.687983 116501 40
CPU9 30.112035 116462 strsm strsm CUDA0 2.897090 116502 40
CPU3 30.093478 116463 strsm strsm CUDA0 2.808764 116503 40
CPU0 30.520519 116464 strsm strsm CUDA0 2.774153 116504 40
CPU0 25.545246 116467 ssyrk ssyrk CUDA1 0.576868 116507 40
CPU4 44.752489 116468 sgemm sgemm CUDA1 0.964088 116508 40
CPU1 45.110880 116469 sgemm sgemm CUDA1 0.044615 116509 40
CPU7 45.198107 116470 sgemm sgemm CUDA1 0.259580 116510 40
CPU5 44.880398 116471 sgemm sgemm CUDA1 1.162591 116511 40
CPU2 45.242536 116472 sgemm sgemm CUDA1 0.206920 116512 40
CPU0 45.633197 116473 sgemm sgemm CUDA0 0.996472 116513 40
CPU9 45.037376 116474 sgemm sgemm CUDA0 0.995980 116514 40
CPU18 45.026641 116475 sgemm sgemm CUDA1 0.989665 116515 40
CPU9 45.136786 116476 sgemm sgemm CUDA1 1.054077 116516 40
CPU10 44.790203 116477 sgemm sgemm CUDA0 1.161184 116517 40
CPU2 45.083882 116478 sgemm sgemm CUDA0 1.160885 116518 40
CPU6 45.124487 116479 sgemm sgemm CUDA1 0.994156 116519 40
CPU3 45.260047 116480 sgemm sgemm CUDA0 1.158078 116520 40
CPU2 45.307923 116481 sgemm sgemm CUDA0 0.995949 116521 40
CPU14 44.618258 116482 sgemm sgemm CUDA1 1.218967 116522 40
CPU9 44.903191 116483 sgemm sgemm CUDA0 1.161154 116523 40
CPU3 44.936535 116484 sgemm sgemm CUDA0 0.991052 116524 40
CPU9 44.997364 116485 sgemm sgemm CUDA0 0.994429 116525 40
CPU4 25.653543 116488 ssyrk ssyrk CUDA1 0.041791 116528 40
CPU1 44.814547 116489 sgemm sgemm CUDA1 1.047484 116529 40
CPU2 45.220573 116490 sgemm sgemm CUDA1 0.994855 116530 40
CPU1 45.075586 116491 sgemm sgemm CUDA1 0.266781 116531 40
CPU4 45.644611 116492 sgemm sgemm CUDA1 1.160828 116532 40
CPU2 44.467996 116493 sgemm sgemm CUDA0 0.993211 116533 40
CPU9 45.298350 116494 sgemm sgemm CUDA0 1.164307 116534 40
CPU18 44.905136 116495 sgemm sgemm CUDA1 0.988271 116535 40
CPU9 45.005476 116496 sgemm sgemm CUDA1 0.990171 116536 40
CPU10 44.750002 116497 sgemm sgemm CUDA0 12.495653 116537 40
CPU1 45.191200 116498 sgemm sgemm CUDA1 0.177817 116538 40
CPU2 44.987902 116499 sgemm sgemm CUDA1 1.220671 116539 40
CPU2 45.344843 116500 sgemm sgemm CUDA0 0.994500 116540 40
CPU1 45.447405 116501 sgemm sgemm CUDA0 1.972279 116541 40
CPU14 44.726925 116502 sgemm sgemm CUDA1 1.054842 116542 40
CPU3 45.010895 116503 sgemm sgemm CUDA1 1.306706 116543 40
CPU1 44.977697 116504 sgemm sgemm CUDA0 0.039697 116544 40
CPU7 45.017370 116505 sgemm sgemm CUDA0 0.050442 116545 40
CPU2 25.122656 116508 ssyrk ssyrk CUDA1 0.569339 116548 40
CPU7 45.380441 116509 sgemm sgemm CUDA1 1.224713 116549 40
CPU5 44.799501 116510 sgemm sgemm CUDA1 0.988994 116550 40
CPU1 45.002501 116511 sgemm sgemm CUDA1 1.160048 116551 40
CPU0 45.634807 116512 sgemm sgemm CUDA0 1.165815 116552 40
CPU9 45.227105 116513 sgemm sgemm CUDA0 8.552171 116553 40
CPU18 45.042484 116514 sgemm sgemm CUDA1 0.041489 116554 40
CPU9 44.871978 116515 sgemm sgemm CUDA1 0.997123 116555 40
CPU10 44.833629 116516 sgemm sgemm CUDA0 12.180396 116556 40
CPU2 44.916659 116517 sgemm sgemm CUDA0 0.760966 116557 40
CPU9 44.583395 116518 sgemm sgemm CUDA1 12.875654 116558 40
CPU4 44.601488 116519 sgemm sgemm CUDA0 1.164982 116559 40
CPU2 45.110305 116520 sgemm sgemm CUDA0 0.993855 116560 40
CPU8 45.186860 116521 sgemm sgemm CUDA1 9.051181 116561 40
CPU8 44.390375 116522 sgemm sgemm CUDA0 1.064825 116562 40
CPU2 44.799876 116523 sgemm sgemm CUDA0 0.995550 116563 40
CPU0 45.169641 116524 sgemm sgemm CUDA1 1.162955 116564 40
CPU7 25.423771 116527 ssyrk ssyrk CUDA1 0.767864 116567 40
CPU7 45.432011 116528 sgemm sgemm CUDA1 25.669249 116568 40
CPU7 45.222573 116529 sgemm sgemm CUDA1 0.994909 116569 40
CPU7 45.626796 116530 sgemm sgemm CUDA1 2.654433 116570 40
CPU12 45.157950 116531 sgemm sgemm CUDA1 1.163854 116571 40
CPU18 44.926160 116532 sgemm sgemm CUDA1 12.159906 116572 40
CPU9 45.105577 116533 sgemm sgemm CUDA1 0.986115 116573 40
CPU10 44.700354 116534 sgemm sgemm CUDA0 0.990945 116574 40
CPU5 45.046041 116535 sgemm sgemm CUDA0 11.748638 116575 40
CPU6 44.927266 116536 sgemm sgemm CUDA1 1.163062 116576 40
CPU7 45.338537 116537 sgemm sgemm CUDA0 4.269030 116577 40
CPU8 44.959066 116538 sgemm sgemm CUDA0 1.164109 116578 40
CPU9 45.308766 116539 sgemm sgemm CUDA1 1.139130 116579 40
CPU7 45.044483 116540 sgemm sgemm CUDA0 1.220479 116580 40
CPU3 45.159240 116541 sgemm sgemm CUDA0 0.049906 116581 40
CPU5 44.853310 116542 sgemm sgemm CUDA0 0.995315 116582 40
CPU5 25.385257 116545 ssyrk ssyrk CUDA2 1.260380 116585 40
CPU5 45.271866 116546 sgemm sgemm CUDA1 1.178943 116586 40
CPU5 45.271228 116547 sgemm sgemm CUDA0 1.049623 116587 40
CPU9 45.190831 116548 sgemm sgemm CUDA0 1.162443 116588 40
CPU18 44.974390 116549 sgemm sgemm CUDA1 1.162558 116589 40
CPU9 45.206498 116550 sgemm sgemm CUDA1 1.049722 116590 40
CPU10 44.766086 116551 sgemm sgemm CUDA0 0.993531 116591 40
CPU8 45.400151 116552 sgemm sgemm CUDA0 0.995906 116592 40
CPU8 44.921360 116553 sgemm sgemm CUDA1 0.225117 116593 40
CPU0 45.339810 116554 sgemm sgemm CUDA0 23.493224 116594 40
CPU1 45.327424 116555 sgemm sgemm CUDA0 0.041718 116595 40
CPU14 44.803179 116556 sgemm sgemm CUDA0 1.251799 116596 40
CPU4 45.010581 116557 sgemm sgemm CUDA1 0.992070 116597 40
CPU6 45.286065 116558 sgemm sgemm CUDA0 1.216983 116598 40
CPU10 45.166680 116559 sgemm sgemm CUDA1 1.050875 116599 40
CPU2 25.420197 116562 ssyrk ssyrk CUDA1 0.574552 116602 40
CPU0 45.808195 116563 sgemm sgemm CUDA0 0.986319 116603 40
CPU9 45.253366 116564 sgemm sgemm CUDA0 1.228659 116604 40
CPU18 44.960583 116565 sgemm sgemm CUDA0 1.103696 116605 40
CPU9 45.316614 116566 sgemm sgemm CUDA1 0.990362 116606 40
CPU10 44.705979 116567 sgemm sgemm CUDA0 1.159273 116607 40
CPU7 45.290454 116568 sgemm sgemm CUDA0 1.165579 116608 40
CPU3 44.906545 116569 sgemm sgemm CUDA1 12.037751 116609 40
CPU1 45.278465 116570 sgemm sgemm CUDA0 10.570160 116610 40
CPU2 45.357719 116571 sgemm sgemm CUDA0 1.231624 116611 40
CPU11 44.720284 116572 sgemm sgemm CUDA0 2.534024 116612 40
CPU9 45.018215 116573 sgemm sgemm CUDA0 1.213600 116613 40
CPU3 45.174625 116574 sgemm sgemm CUDA0 1.053613 116614 40
CPU6 45.129579 116575 sgemm sgemm CUDA0 0.990668 116615 40
CPU0 25.351678 116578 ssyrk ssyrk CUDA0 0.629922 116618 40
CPU11 44.925898 116579 sgemm sgemm CUDA0 0.990679 116619 40
CPU18 45.095506 116580 sgemm sgemm CUDA1 0.991628 116620 40
CPU9 45.210927 116581 sgemm sgemm CUDA1 12.282177 116621 40
CPU19 44.704688 116582 sgemm sgemm CUDA0 12.509929 116622 40
CPU1 44.713054 116583 sgemm sgemm CUDA0 0.994245 116623 40
CPU2 44.398664 116584 sgemm sgemm CUDA1 0.935807 116624 40
CPU6 45.429859 116585 sgemm sgemm CUDA0 1.167457 116625 40
CPU8 44.940436 116586 sgemm sgemm CUDA0 0.050105 116626 40
CPU13 44.749620 116587 sgemm sgemm CUDA1 0.974705 116627 40
CPU12 45.096758 116588 sgemm sgemm CUDA1 1.157811 116628 40
CPU8 45.119947 116589 sgemm sgemm CUDA1 1.162087 116629 40
CPU12 45.283304 116590 sgemm sgemm CUDA1 0.967892 116630 40
CPU9 25.017218 116593 ssyrk ssyrk CUDA1 0.582052 116633 40
CPU18 45.113099 116594 sgemm sgemm CUDA0 1.309331 116634 40
CPU9 45.105357 116595 sgemm sgemm CUDA0 1.220555 116635 40
CPU10 44.562604 116596 sgemm sgemm CUDA0 0.263259 116636 40
CPU2 44.870887 116597 sgemm sgemm CUDA0 1.164007 116637 40
CPU5 44.763436 116598 sgemm sgemm CUDA1 12.558473 116638 40
CPU3 45.062939 116599 sgemm sgemm CUDA0 0.997326 116639 40
CPU1 45.142472 116600 sgemm sgemm CUDA0 1.202402 116640 40
CPU14 44.888291 116601 sgemm sgemm CUDA1 1.220848 116641 40
CPU8 44.475292 116602 sgemm sgemm CUDA1 1.167717 116642 40
CPU1 45.014059 116603 sgemm sgemm CUDA0 12.612893 116643 40
CPU0 45.270944 116604 sgemm sgemm CUDA1 0.999010 116644 40
CPU18 25.258965 116607 ssyrk ssyrk CUDA1 0.632544 116647 40
CPU18 45.227408 116608 sgemm sgemm CUDA1 12.365776 116648 40
CPU18 44.876402 116609 sgemm sgemm CUDA1 1.163041 116649 40
CPU18 45.013085 116610 sgemm sgemm CUDA1 1.221050 116650 40
CPU18 45.051816 116611 sgemm sgemm CUDA1 1.162232 116651 40
CPU5 44.443094 116612 sgemm sgemm CUDA0 1.052063 116652 40
CPU18 45.129103 116613 sgemm sgemm CUDA0 1.165918 116653 40
CPU18 45.098053 116614 sgemm sgemm CUDA1 0.042136 116654 40
CPU1 44.924476 116615 sgemm sgemm CUDA0 1.163856 116655 40
CPU5 44.834962 116616 sgemm sgemm CUDA1 0.992906 116656 40
CPU12 45.356510 116617 sgemm sgemm CUDA1 0.046695 116657 40
CPU9 24.997960 116620 ssyrk ssyrk CUDA1 0.681582 116660 40
CPU13 44.751965 116621 sgemm sgemm CUDA0 1.052844 116661 40
CPU16 44.867345 116622 sgemm sgemm CUDA0 1.238498 116662 40
CPU4 44.862270 116623 sgemm sgemm CUDA1 1.053509 116663 40
CPU2 44.953138 116624 sgemm sgemm CUDA0 0.992972 116664 40
CPU10 44.958302 116625 sgemm sgemm CUDA0 1.019925 116665 40
CPU2 44.939892 116626 sgemm sgemm CUDA1 1.162493 116666 40
CPU12 44.966076 116627 sgemm sgemm CUDA0 0.990216 116667 40
CPU0 45.358550 116628 sgemm sgemm CUDA1 0.059439 116668 40
CPU2 45.029309 116629 sgemm sgemm CUDA1 0.064641 116669 40
CPU19 24.714945 116632 ssyrk ssyrk CUDA0 0.815055 116672 40
CPU19 44.665402 116633 sgemm sgemm CUDA0 1.161459 116673 40
CPU6 45.175760 116634 sgemm sgemm CUDA1 0.049744 116674 40
CPU4 44.989634 116635 sgemm sgemm CUDA0 1.220591 116675 40
CPU10 44.762923 116636 sgemm sgemm CUDA0 6.782573 116676 40
CPU11 44.495508 116637 sgemm sgemm CUDA1 1.155694 116677 40
CPU11 44.997850 116638 sgemm sgemm CUDA0 1.251476 116678 40
CPU3 45.000382 116639 sgemm sgemm CUDA2 1.160670 116679 40
CPU3 45.255670 116640 sgemm sgemm CUDA2 0.940343 116680 40
CPU9 25.186959 116643 ssyrk ssyrk CUDA0 0.828269 116683 40
CPU14 45.109811 116644 sgemm sgemm CUDA1 1.162690 116684 40
CPU7 45.314458 116645 sgemm sgemm CUDA0 0.997552 116685 40
CPU8 44.971188 116646 sgemm sgemm CUDA0 11.464245 116686 40
CPU13 44.439986 116647 sgemm sgemm CUDA1 0.940837 116687 40
CPU5 45.034106 116648 sgemm sgemm CUDA0 0.993456 116688 40
CPU12 44.946939 116649 sgemm sgemm CUDA1 1.219622 116689 40
CPU14 45.327239 116650 sgemm sgemm CUDA2 1.160899 116690 40
CPU5 24.927232 116653 ssyrk ssyrk CUDA1 0.834999 116693 40
CPU5 44.630159 116654 sgemm sgemm CUDA1 1.051594 116694 40
CPU5 45.077165 116655 sgemm sgemm CUDA3 1.157774 116695 40
CPU4 44.887507 116656 sgemm sgemm CUDA1 1.223434 116696 40
CPU2 44.754338 116657 sgemm sgemm CUDA1 0.167049 116697 40
CPU8 44.940429 116658 sgemm sgemm CUDA3 1.047319 116698 40
CPU14 45.441518 116659 sgemm sgemm CUDA1 0.990744 116699 40
CPU0 24.972438 116662 ssyrk ssyrk CUDA0 0.564601 116702 40
CPU1 45.222501 116663 sgemm sgemm CUDA3 0.334398 116703 40
CPU12 45.082893 116664 sgemm sgemm CUDA3 1.107074 116704 40
CPU9 44.970442 116665 sgemm sgemm CUDA0 1.276872 116705 40
CPU1 44.372350 116666 sgemm sgemm CUDA3 1.041665 116706 40
CPU7 44.908142 116667 sgemm sgemm CUDA0 0.992901 116707 40
CPU2 24.899401 116670 ssyrk ssyrk CUDA0 0.634489 116710 40
CPU10 44.429729 116671 sgemm sgemm CUDA0 0.045391 116711 40
CPU11 44.847108 116672 sgemm sgemm CUDA0 1.165133 116712 40
CPU15 44.814510 116673 sgemm sgemm CUDA3 1.965500 116713 40
CPU10 45.167725 116674 sgemm sgemm CUDA2 0.909775 116714 40
CPU14 25.178106 116677 ssyrk ssyrk CUDA1 0.060685 116717 40
CPU16 45.115721 116678 sgemm sgemm CUDA0 1.158382 116718 40
CPU19 44.991569 116679 sgemm sgemm CUDA3 1.160614 116719 40
CPU13 45.190318 116680 sgemm sgemm CUDA0 1.154456 116720 40
CPU7 25.135646 116683 ssyrk ssyrk CUDA0 0.627935 116723 40
CPU0 45.179870 116684 sgemm sgemm CUDA1 1.470444 116724 40
CPU9 44.746779 116685 sgemm sgemm CUDA0 0.088769 116725 40
CPU3 24.844859 116688 ssyrk ssyrk CUDA2 13.761304 116728 40
CPU14 45.119150 116689 sgemm sgemm CUDA2 1.050015 116729 40
CPU9 24.506349 116692 ssyrk ssyrk CUDA0 1.668231 116732 40
CPU0 13.751336 116695 spotrf spotrf CPU -1 116735 40
CPU4 30.375217 116696 strsm strsm CUDA1 2.989875 116736 40
CPU1 29.961471 116697 strsm strsm CUDA1 2.802541 116737 40
CPU7 30.375306 116698 strsm strsm CUDA1 3.022967 116738 40
CPU5 29.877708 116699 strsm strsm CUDA1 2.788590 116739 40
CPU2 30.185424 116700 strsm strsm CUDA1 0.179096 116740 40
CPU0 30.409399 116701 strsm strsm CUDA0 2.887332 116741 40
CPU9 30.218522 116702 strsm strsm CUDA0 2.788586 116742 40
CPU18 30.262769 116703 strsm strsm CUDA1 2.773316 116743 40
CPU9 30.047035 116704 strsm strsm CUDA1 2.793431 116744 40
CPU19 30.536560 116705 strsm strsm CUDA0 2.848537 116745 40
CPU5 29.803795 116706 strsm strsm CUDA0 9.698927 116746 40
CPU4 30.512457 116707 strsm strsm CUDA1 14.006225 116747 40
CPU6 30.688278 116708 strsm strsm CUDA0 0.168147 116748 40
CPU8 30.202285 116709 strsm strsm CUDA0 2.799284 116749 40
CPU11 30.141904 116710 strsm strsm CUDA1 2.836339 116750 40
CPU4 30.401694 116711 strsm strsm CUDA0 0.042684 116751 40
CPU8 30.208070 116712 strsm strsm CUDA0 2.787592 116752 40
CPU9 29.915118 116713 strsm strsm CUDA0 9.117859 116753 40
CPU4 25.501760 116716 ssyrk ssyrk CUDA3 0.925453 116756 40
CPU4 45.187112 116717 sgemm sgemm CUDA1 13.100018 116757 40
CPU2 44.694468 116718 sgemm sgemm CUDA1 0.994335 116758 40
CPU1 44.579755 116719 sgemm sgemm CUDA1 0.994766 116759 40
CPU2 44.820587 116720 sgemm sgemm CUDA1 1.160160 116760 40
CPU0 45.147188 116721 sgemm sgemm CUDA0 3.675747 116761 40
CPU9 45.313450 116722 sgemm sgemm CUDA0 0.164706 116762 40
CPU18 45.082452 116723 sgemm sgemm CUDA1 0.993709 116763 40
CPU9 45.040429 116724 sgemm sgemm CUDA1 0.993963 116764 40
CPU19 44.721034 116725 sgemm sgemm CUDA0 0.992305 116765 40
CPU5 44.918889 116726 sgemm sgemm CUDA0 1.218332 116766 40
CPU4 44.936156 116727 sgemm sgemm CUDA1 1.136038 116767 40
CPU6 45.340626 116728 sgemm sgemm CUDA0 0.992399 116768 40
CPU8 45.108167 116729 sgemm sgemm CUDA0 1.160759 116769 40
CPU11 44.743776 116730 sgemm sgemm CUDA1 0.993161 116770 40
CPU3 44.998706 116731 sgemm sgemm CUDA1 1.164535 116771 40
CPU8 45.037174 116732 sgemm sgemm CUDA0 1.220002 116772 40
CPU7 44.834472 116733 sgemm sgemm CUDA0 1.217465 116773 40
CPU1 25.109198 116736 ssyrk ssyrk CUDA1 6.395623 116776 40
CPU5 44.563648 116737 sgemm sgemm CUDA1 1.224994 116777 40
CPU5 44.549290 116738 sgemm sgemm CUDA1 1.161549 116778 40
CPU1 44.854498 116739 sgemm sgemm CUDA1 2.237076 116779 40
CPU0 45.118591 116740 sgemm sgemm CUDA0 0.046940 116780 40
CPU9 45.079846 116741 sgemm sgemm CUDA0 1.158801 116781 40
CPU18 44.962558 116742 sgemm sgemm CUDA1 1.222002 116782 40
CPU4 45.186202 116743 sgemm sgemm CUDA1 0.052296 116783 40
CPU19 44.751836 116744 sgemm sgemm CUDA0 0.800169 116784 40
CPU5 44.830629 116745 sgemm sgemm CUDA0 1.164042 116785 40
CPU8 44.756367 116746 sgemm sgemm CUDA1 13.801960 116786 40
CPU0 45.213353 116747 sgemm sgemm CUDA0 1.163275 116787 40
CPU8 44.821600 116748 sgemm sgemm CUDA0 0.992150 116788 40
CPU11 44.626193 116749 sgemm sgemm CUDA1 1.159182 116789 40
CPU4 45.042798 116750 sgemm sgemm CUDA0 10.686658 116790 40
CPU2 44.862000 116751 sgemm sgemm CUDA0 1.054907 116791 40
CPU9 44.672432 116752 sgemm sgemm CUDA0 1.158832 116792 40
CPU7 25.020683 116755 ssyrk ssyrk CUDA1 0.637833 116795 40
CPU4 44.812279 116756 sgemm sgemm CUDA1 1.162464 116796 40
CPU7 44.977905 116757 sgemm sgemm CUDA1 12.908763 116797 40
CPU7 44.645056 116758 sgemm sgemm CUDA1 1.302451 116798 40
CPU9 44.925755 116759 sgemm sgemm CUDA1 1.051161 116799 40
CPU18 45.144253 116760 sgemm sgemm CUDA1 1.156413 116800 40
CPU2 44.575718 116761 sgemm sgemm CUDA1 0.995020 116801 40
CPU19 44.910005 116762 sgemm sgemm CUDA0 1.167167 116802 40
CPU1 44.155477 116763 sgemm sgemm CUDA0 1.045925 116803 40
CPU0 44.433149 116764 sgemm sgemm CUDA1 1.078695 116804 40
CPU8 44.963952 116765 sgemm sgemm CUDA0 0.940797 116805 40
CPU8 44.546804 116766 sgemm sgemm CUDA0 1.162934 116806 40
CPU11 44.910284 116767 sgemm sgemm CUDA1 0.993064 116807 40
CPU9 44.495658 116768 sgemm sgemm CUDA0 1.161761 116808 40
CPU7 44.828405 116769 sgemm sgemm CUDA0 0.168987 116809 40
CPU5 44.567514 116770 sgemm sgemm CUDA0 11.973706 116810 40
CPU5 24.790364 116773 ssyrk ssyrk CUDA1 0.571207 116813 40
CPU1 44.794082 116774 sgemm sgemm CUDA1 0.995572 116814 40
CPU5 44.462966 116775 sgemm sgemm CUDA0 1.224937 116815 40
CPU9 44.902209 116776 sgemm sgemm CUDA0 1.054128 116816 40
CPU18 45.146080 116777 sgemm sgemm CUDA1 1.128609 116817 40
CPU0 45.086272 116778 sgemm sgemm CUDA1 1.051363 116818 40
CPU19 44.852060 116779 sgemm sgemm CUDA0 0.992515 116819 40
CPU3 44.745565 116780 sgemm sgemm CUDA0 0.992642 116820 40
CPU4 44.702566 116781 sgemm sgemm CUDA1 1.160237 116821 40
CPU6 44.962069 116782 sgemm sgemm CUDA0 1.163454 116822 40
CPU8 44.863982 116783 sgemm sgemm CUDA0 1.163945 116823 40
CPU11 44.648126 116784 sgemm sgemm CUDA1 1.059484 116824 40
CPU4 44.602401 116785 sgemm sgemm CUDA1 14.715169 116825 40
CPU6 44.897465 116786 sgemm sgemm CUDA0 0.700484 116826 40
CPU9 44.427658 116787 sgemm sgemm CUDA1 0.057297 116827 40
CPU2 25.210802 116790 ssyrk ssyrk CUDA1 0.645756 116830 40
CPU0 45.146577 116791 sgemm sgemm CUDA0 1.051058 116831 40
CPU7 45.304369 116792 sgemm sgemm CUDA0 0.993099 116832 40
CPU18 45.124988 116793 sgemm sgemm CUDA0 1.162540 116833 40
CPU9 44.812194 116794 sgemm sgemm CUDA1 0.991884 116834 40
CPU19 44.961255 116795 sgemm sgemm CUDA0 1.048324 116835 40
CPU7 44.684276 116796 sgemm sgemm CUDA0 0.993909 116836 40
CPU3 44.609674 116797 sgemm sgemm CUDA1 0.992537 116837 40
CPU7 44.684603 116798 sgemm sgemm CUDA0 1.164447 116838 40
CPU8 45.211827 116799 sgemm sgemm CUDA0 1.050176 116839 40
CPU11 44.725873 116800 sgemm sgemm CUDA0 0.936033 116840 40
CPU3 44.899309 116801 sgemm sgemm CUDA0 1.163620 116841 40
CPU8 44.907052 116802 sgemm sgemm CUDA0 0.058863 116842 40
CPU6 44.819576 116803 sgemm sgemm CUDA0 1.369942 116843 40
CPU0 25.134908 116806 ssyrk ssyrk CUDA0 0.564279 116846 40
CPU11 45.162776 116807 sgemm sgemm CUDA0 0.997171 116847 40
CPU18 45.242930 116808 sgemm sgemm CUDA1 1.162928 116848 40
CPU7 44.630355 116809 sgemm sgemm CUDA1 1.166895 116849 40
CPU19 44.945220 116810 sgemm sgemm CUDA0 12.514569 116850 40
CPU1 44.039245 116811 sgemm sgemm CUDA0 0.032420 116851 40
CPU0 44.819410 116812 sgemm sgemm CUDA1 1.104983 116852 40
CPU9 44.787539 116813 sgemm sgemm CUDA0 1.282079 116853 40
CPU8 44.614207 116814 sgemm sgemm CUDA0 0.053876 116854 40
CPU2 44.882431 116815 sgemm sgemm CUDA1 0.997553 116855 40
CPU12 45.433426 116816 sgemm sgemm CUDA1 1.163383 116856 40
CPU8 44.851919 116817 sgemm sgemm CUDA1 1.222120 116857 40
CPU12 45.443159 116818 sgemm sgemm CUDA1 1.163947 116858 40
CPU5 25.124782 116821 ssyrk ssyrk CUDA0 11.837580 116861 40
CPU18 44.907319 116822 sgemm sgemm CUDA0 0.989882 116862 40
CPU5 44.958768 116823 sgemm sgemm CUDA0 0.989102 116863 40
CPU19 44.703267 116824 sgemm sgemm CUDA0 1.163163 116864 40
CPU2 44.905204 116825 sgemm sgemm CUDA0 0.042591 116865 40
CPU7 44.863696 116826 sgemm sgemm CUDA1 0.049516 116866 40
CPU1 44.843407 116827 sgemm sgemm CUDA0 2.995675 116867 40
CPU8 44.843549 116828 sgemm sgemm CUDA0 1.164324 116868 40
CPU11 44.894765 116829 sgemm sgemm CUDA1 1.164265 116869 40
CPU9 44.763940 116830 sgemm sgemm CUDA1 2.965435 116870 40
CPU1 44.996379 116831 sgemm sgemm CUDA0 1.219069 116871 40
CPU0 45.226072 116832 sgemm sgemm CUDA1 1.052717 116872 40
CPU18 25.188113 116835 ssyrk ssyrk CUDA1 0.578438 116875 40
CPU18 44.969509 116836 sgemm sgemm CUDA1 13.049884 116876 40
CPU18 44.765684 116837 sgemm sgemm CUDA1 0.961155 116877 40
CPU18 45.037726 116838 sgemm sgemm CUDA1 1.995598 116878 40
CPU18 45.011190 116839 sgemm sgemm CUDA1 1.225185 116879 40
CPU0 45.298395 116840 sgemm sgemm CUDA0 1.164074 116880 40
CPU18 45.159572 116841 sgemm sgemm CUDA0 0.545429 116881 40
CPU18 45.184194 116842 sgemm sgemm CUDA1 0.999430 116882 40
CPU1 44.917454 116843 sgemm sgemm CUDA0 12.651455 116883 40
CPU5 44.746110 116844 sgemm sgemm CUDA1 0.992096 116884 40
CPU12 45.470574 116845 sgemm sgemm CUDA1 1.159699 116885 40
CPU4 25.262007 116848 ssyrk ssyrk CUDA1 0.779518 116888 40
CPU13 44.789685 116849 sgemm sgemm CUDA0 1.161763 116889 40
CPU16 45.130521 116850 sgemm sgemm CUDA0 1.163496 116890 40
CPU5 44.772190 116851 sgemm sgemm CUDA1 0.131712 116891 40
CPU8 44.919574 116852 sgemm sgemm CUDA0 11.872213 116892 40
CPU10 45.029963 116853 sgemm sgemm CUDA0 1.220907 116893 40
CPU2 44.985417 116854 sgemm sgemm CUDA1 0.056625 116894 40
CPU12 44.968247 116855 sgemm sgemm CUDA0 1.163124 116895 40
CPU0 45.400441 116856 sgemm sgemm CUDA1 23.960646 116896 40
CPU2 44.779688 116857 sgemm sgemm CUDA1 2.094922 116897 40
CPU19 24.806877 116860 ssyrk ssyrk CUDA0 7.196313 116900 40
CPU19 44.724957 116861 sgemm sgemm CUDA0 0.988235 116901 40
CPU6 45.186580 116862 sgemm sgemm CUDA1 1.162022 116902 40
CPU2 44.415240 116863 sgemm sgemm CUDA0 0.070908 116903 40
CPU19 44.618390 116864 sgemm sgemm CUDA0 0.848698 116904 40
CPU11 44.746336 116865 sgemm sgemm CUDA1 0.088165 116905 40
CPU11 45.150010 116866 sgemm sgemm CUDA0 0.992440 116906 40
CPU19 44.862061 116867 sgemm sgemm CUDA2 24.648107 116907 40
CPU3 45.004817 116868 sgemm sgemm CUDA2 0.185354 116908 40
CPU2 24.313730 116871 ssyrk ssyrk CUDA0 0.796876 116911 40
CPU14 45.371942 116872 sgemm sgemm CUDA1 2.371910 116912 40
CPU7 44.858252 116873 sgemm sgemm CUDA0 1.049372 116913 40
CPU8 44.616273 116874 sgemm sgemm CUDA0 0.225966 116914 40
CPU0 45.192784 116875 sgemm sgemm CUDA1 0.992547 116915 40
CPU5 44.737049 116876 sgemm sgemm CUDA0 0.995622 116916 40
CPU12 45.180774 116877 sgemm sgemm CUDA1 1.162417 116917 40
CPU7 45.070356 116878 sgemm sgemm CUDA2 0.924114 116918 40
CPU2 24.869445 116881 ssyrk ssyrk CUDA1 0.044399 116921 40
CPU4 44.411769 116882 sgemm sgemm CUDA1 1.162153 116922 40
CPU8 44.726950 116883 sgemm sgemm CUDA3 1.007191 116923 40
CPU4 44.973725 116884 sgemm sgemm CUDA1 1.221840 116924 40
CPU7 44.818342 116885 sgemm sgemm CUDA1 0.085156 116925 40
CPU8 44.933211 116886 sgemm sgemm CUDA3 1.051994 116926 40
CPU14 45.536114 116887 sgemm sgemm CUDA1 0.177128 116927 40
CPU6 25.348132 116890 ssyrk ssyrk CUDA0 0.552877 116930 40
CPU1 44.937708 116891 sgemm sgemm CUDA0 1.053122 116931 40
CPU12 44.893122 116892 sgemm sgemm CUDA3 1.049946 116932 40
CPU9 45.021965 116893 sgemm sgemm CUDA0 1.151736 116933 40
CPU1 44.915135 116894 sgemm sgemm CUDA3 17.129796 116934 40
CPU7 44.746270 116895 sgemm sgemm CUDA0 12.486719 116935 40
CPU6 25.007613 116898 ssyrk ssyrk CUDA0 0.045958 116938 40
CPU11 44.946801 116899 sgemm sgemm CUDA0 1.103243 116939 40
CPU11 45.050706 116900 sgemm sgemm CUDA0 1.162871 116940 40
CPU15 45.066713 116901 sgemm sgemm CUDA3 2.814481 116941 40
CPU10 45.488355 116902 sgemm sgemm CUDA2 1.219928 116942 40
CPU10 25.151375 116905 ssyrk ssyrk CUDA1 0.217203 116945 40
CPU16 44.881514 116906 sgemm sgemm CUDA0 0.990227 116946 40
CPU19 45.241114 116907 sgemm sgemm CUDA3 1.220324 116947 40
CPU13 45.286446 116908 sgemm sgemm CUDA0 1.153630 116948 40
CPU4 25.207903 116911 ssyrk ssyrk CUDA0 0.560659 116951 40
CPU0 45.122141 116912 sgemm sgemm CUDA1 1.359064 116952 40
CPU9 44.647502 116913 sgemm sgemm CUDA0 0.041815 116953 40
CPU2 24.935394 116916 ssyrk ssyrk CUDA2 0.832508 116956 40
CPU13 44.851677 116917 sgemm sgemm CUDA2 0.933803 116957 40
CPU9 24.427925 116920 ssyrk ssyrk CUDA0 0.629954 116960 40
CPU4 14.000450 116923 spotrf spotrf CPU -1 116963 40
CPU4 30.782176 116924 strsm strsm CUDA2 2.998816 116964 40
CPU2 30.588533 116925 strsm strsm CUDA1 2.754188 116965 40
CPU1 30.039109 116926 strsm strsm CUDA1 2.784545 116966 40
CPU2 30.345459 116927 strsm strsm CUDA1 2.781487 116967 40
CPU0 30.987425 116928 strsm strsm CUDA2 2.946092 116968 40
CPU9 30.537199 116929 strsm strsm CUDA1 2.807348 116969 40
CPU18 30.148731 116930 strsm strsm CUDA1 2.750956 116970 40
CPU9 30.318166 116931 strsm strsm CUDA1 2.753719 116971 40
CPU19 30.378318 116932 strsm strsm CUDA2 2.845087 116972 40
CPU4 30.917942 116933 strsm strsm CUDA2 2.660006 116973 40
CPU6 30.651542 116934 strsm strsm CUDA1 2.907800 116974 40
CPU7 30.980469 116935 strsm strsm CUDA2 1.523142 116975 40
CPU5 30.571995 116936 strsm strsm CUDA2 2.934695 116976 40
CPU10 30.364071 116937 strsm strsm CUDA1 2.801042 116977 40
CPU3 30.073486 116938 strsm strsm CUDA1 2.875612 116978 40
CPU9 30.417733 116939 strsm strsm CUDA2 2.939270 116979 40
CPU7 30.594685 116940 strsm strsm CUDA0 0.042445 116980 40
CPU4 26.196661 116943 ssyrk ssyrk CUDA2 0.626998 116983 40
CPU5 44.887116 116944 sgemm sgemm CUDA1 1.100005 116984 40
CPU1 44.727676 116945 sgemm sgemm CUDA1 1.164836 116985 40
CPU2 44.871008 116946 sgemm sgemm CUDA1 1.159385 116986 40
CPU0 45.594517 116947 sgemm sgemm CUDA0 0.048796 116987 40
CPU9 45.116123 116948 sgemm sgemm CUDA0 1.162597 116988 40
CPU18 45.275101 116949 sgemm sgemm CUDA1 26.563014 116989 40
CPU9 44.960513 116950 sgemm sgemm CUDA1 12.890163 116990 40
CPU19 44.911988 116951 sgemm sgemm CUDA0 12.199248 116991 40
CPU4 45.145264 116952 sgemm sgemm CUDA0 12.343458 116992 40
CPU6 45.042828 116953 sgemm sgemm CUDA1 1.162938 116993 40
CPU7 44.992303 116954 sgemm sgemm CUDA0 12.872170 116994 40
CPU5 45.153189 116955 sgemm sgemm CUDA2 12.880479 116995 40
CPU10 44.862181 116956 sgemm sgemm CUDA1 0.987055 116996 40
CPU3 44.956871 116957 sgemm sgemm CUDA1 12.429650 116997 40
CPU2 44.866372 116958 sgemm sgemm CUDA2 1.222921 116998 40
CPU7 44.975268 116959 sgemm sgemm CUDA0 0.989452 116999 40
CPU2 25.015211 116962 ssyrk ssyrk CUDA1 0.571858 117002 40
CPU4 44.986905 116963 sgemm sgemm CUDA1 1.163670 117003 40
CPU4 45.016919 116964 sgemm sgemm CUDA1 0.055237 117004 40
CPU7 45.242890 116965 sgemm sgemm CUDA1 0.996538 117005 40
CPU1 45.234717 116966 sgemm sgemm CUDA1 1.164258 117006 40
CPU18 45.086752 116967 sgemm sgemm CUDA1 1.135982 117007 40
CPU9 45.039942 116968 sgemm sgemm CUDA1 1.219008 117008 40
CPU19 44.716053 116969 sgemm sgemm CUDA0 0.961840 117009 40
CPU2 45.030158 116970 sgemm sgemm CUDA0 1.448376 117010 40
CPU4 44.936902 116971 sgemm sgemm CUDA1 0.989904 117011 40
CPU1 44.920845 116972 sgemm sgemm CUDA0 0.990246 117012 40
CPU4 45.137249 116973 sgemm sgemm CUDA0 1.164101 117013 40
CPU5 45.018370 116974 sgemm sgemm CUDA1 1.158830 117014 40
CPU3 44.900708 116975 sgemm sgemm CUDA0 12.982253 117015 40
CPU9 45.011424 116976 sgemm sgemm CUDA2 1.110932 117016 40
CPU5 44.827210 116977 sgemm sgemm CUDA0 1.160757 117017 40
CPU1 24.958257 116980 ssyrk ssyrk CUDA1 0.582892 117020 40
CPU2 44.733892 116981 sgemm sgemm CUDA1 24.456265 117021 40
CPU0 45.286727 116982 sgemm sgemm CUDA0 1.166159 117022 40
CPU5 45.026442 116983 sgemm sgemm CUDA0 0.992103 117023 40
CPU18 45.097583 116984 sgemm sgemm CUDA1 12.097799 117024 40
CPU9 44.977431 116985 sgemm sgemm CUDA1 0.994667 117025 40
CPU19 44.818963 116986 sgemm sgemm CUDA0 1.164080 117026 40
CPU8 44.572942 116987 sgemm sgemm CUDA0 0.747619 117027 40
CPU8 44.753844 116988 sgemm sgemm CUDA1 1.228901 117028 40
CPU9 44.906743 116989 sgemm sgemm CUDA0 1.162970 117029 40
CPU9 45.132220 116990 sgemm sgemm CUDA0 0.999790 117030 40
CPU6 45.336938 116991 sgemm sgemm CUDA1 0.042780 117031 40
CPU1 44.746509 116992 sgemm sgemm CUDA1 0.990387 117032 40
CPU0 45.068961 116993 sgemm sgemm CUDA0 1.219233 117033 40
CPU9 44.559918 116994 sgemm sgemm CUDA1 0.907004 117034 40
CPU1 24.949607 116997 ssyrk ssyrk CUDA1 0.571186 117037 40
CPU2 44.937538 116998 sgemm sgemm CUDA0 1.152411 117038 40
CPU7 45.398073 116999 sgemm sgemm CUDA0 1.274371 117039 40
CPU18 45.223494 117000 sgemm sgemm CUDA1 0.994833 117040 40
CPU5 44.877077 117001 sgemm sgemm CUDA1 5.450722 117041 40
CPU19 44.683427 117002 sgemm sgemm CUDA0 1.163014 117042 40
CPU4 45.234885 117003 sgemm sgemm CUDA0 1.003460 117043 40
CPU3 44.853119 117004 sgemm sgemm CUDA1 1.164856 117044 40
CPU3 45.321110 117005 sgemm sgemm CUDA0 12.817985 117045 40
CPU5 45.118840 117006 sgemm sgemm CUDA0 0.031187 117046 40
CPU1 44.610192 117007 sgemm sgemm CUDA0 0.938711 117047 40
CPU7 44.949473 117008 sgemm sgemm CUDA0 12.714724 117048 40
CPU8 44.758452 117009 sgemm sgemm CUDA0 1.047894 117049 40
CPU6 45.303001 117010 sgemm sgemm CUDA0 1.163050 117050 40
CPU0 25.349372 117013 ssyrk ssyrk CUDA0 0.050451 117053 40
CPU11 44.934348 117014 sgemm sgemm CUDA0 0.063658 117054 40
CPU18 45.097729 117015 sgemm sgemm CUDA1 1.297495 117055 40
CPU9 45.148633 117016 sgemm sgemm CUDA1 1.165221 117056 40
CPU19 44.544657 117017 sgemm sgemm CUDA0 0.991851 117057 40
CPU2 45.327392 117018 sgemm sgemm CUDA0 0.993383 117058 40
CPU5 44.980323 117019 sgemm sgemm CUDA1 12.877381 117059 40
CPU5 44.971612 117020 sgemm sgemm CUDA0 0.992189 117060 40
CPU2 44.975613 117021 sgemm sgemm CUDA0 0.995524 117061 40
CPU4 45.108182 117022 sgemm sgemm CUDA1 0.992949 117062 40
CPU3 44.852108 117023 sgemm sgemm CUDA1 0.992624 117063 40
CPU8 45.133210 117024 sgemm sgemm CUDA1 1.138404 117064 40
CPU12 45.206925 117025 sgemm sgemm CUDA0 12.736464 117065 40
CPU4 24.936769 117028 ssyrk ssyrk CUDA1 0.573864 117068 40
CPU18 45.222419 117029 sgemm sgemm CUDA1 0.997508 117069 40
CPU7 45.331092 117030 sgemm sgemm CUDA0 0.992147 117070 40
CPU19 44.645716 117031 sgemm sgemm CUDA0 1.217606 117071 40
CPU4 45.247294 117032 sgemm sgemm CUDA0 1.163918 117072 40
CPU7 44.992526 117033 sgemm sgemm CUDA1 0.990367 117073 40
CPU0 45.526402 117034 sgemm sgemm CUDA0 0.995812 117074 40
CPU8 45.359210 117035 sgemm sgemm CUDA0 0.986543 117075 40
CPU10 44.936759 117036 sgemm sgemm CUDA1 8.660069 117076 40
CPU1 44.807548 117037 sgemm sgemm CUDA1 1.163269 117077 40
CPU1 44.961561 117038 sgemm sgemm CUDA0 0.045999 117078 40
CPU0 45.271475 117039 sgemm sgemm CUDA1 1.110296 117079 40
CPU18 25.384303 117042 ssyrk ssyrk CUDA1 0.576598 117082 40
CPU18 45.404374 117043 sgemm sgemm CUDA1 0.993538 117083 40
CPU18 45.018661 117044 sgemm sgemm CUDA1 1.157235 117084 40
CPU18 45.184970 117045 sgemm sgemm CUDA1 1.162903 117085 40
CPU18 44.961209 117046 sgemm sgemm CUDA1 0.994414 117086 40
CPU6 45.207155 117047 sgemm sgemm CUDA0 1.048084 117087 40
CPU18 45.089090 117048 sgemm sgemm CUDA0 1.164824 117088 40
CPU18 45.074814 117049 sgemm sgemm CUDA1 2.558464 117089 40
CPU1 44.934866 117050 sgemm sgemm CUDA0 0.173506 117090 40
CPU18 45.161498 117051 sgemm sgemm CUDA1 1.156469 117091 40
CPU12 45.377283 117052 sgemm sgemm CUDA1 0.992866 117092 40
CPU6 25.133323 117055 ssyrk ssyrk CUDA1 0.844292 117095 40
CPU13 44.922229 117056 sgemm sgemm CUDA0 1.164367 117096 40
CPU16 44.851059 117057 sgemm sgemm CUDA0 1.158069 117097 40
CPU6 44.936629 117058 sgemm sgemm CUDA1 1.163560 117098 40
CPU2 44.510265 117059 sgemm sgemm CUDA0 0.995550 117099 40
CPU10 44.913104 117060 sgemm sgemm CUDA0 1.161926 117100 40
CPU2 44.917853 117061 sgemm sgemm CUDA1 1.161316 117101 40
CPU3 44.909724 117062 sgemm sgemm CUDA0 0.044106 117102 40
CPU0 45.306669 117063 sgemm sgemm CUDA1 1.223301 117103 40
CPU2 44.759944 117064 sgemm sgemm CUDA1 0.992519 117104 40
CPU19 24.817028 117067 ssyrk ssyrk CUDA2 0.570007 117107 40
CPU19 44.609408 117068 sgemm sgemm CUDA0 0.992076 117108 40
CPU1 44.728781 117069 sgemm sgemm CUDA1 1.053649 117109 40
CPU7 45.038239 117070 sgemm sgemm CUDA0 1.163253 117110 40
CPU19 44.717690 117071 sgemm sgemm CUDA0 1.212601 117111 40
CPU7 45.128898 117072 sgemm sgemm CUDA1 1.166441 117112 40
CPU11 45.040075 117073 sgemm sgemm CUDA0 0.176147 117113 40
CPU19 45.020419 117074 sgemm sgemm CUDA1 13.053483 117114 40
CPU3 44.948208 117075 sgemm sgemm CUDA1 1.221416 117115 40
CPU9 24.978478 117078 ssyrk ssyrk CUDA2 15.438377 117118 40
CPU14 44.974948 117079 sgemm sgemm CUDA1 1.222370 117119 40
CPU9 44.776595 117080 sgemm sgemm CUDA0 0.992520 117120 40
CPU4 45.246986 117081 sgemm sgemm CUDA0 1.053894 117121 40
CPU10 44.930783 117082 sgemm sgemm CUDA1 1.162481 117122 40
CPU1 45.042271 117083 sgemm sgemm CUDA0 1.051894 117123 40
CPU12 45.220158 117084 sgemm sgemm CUDA2 12.239897 117124 40
CPU7 44.991537 117085 sgemm sgemm CUDA2 1.219780 117125 40
CPU0 25.410699 117088 ssyrk ssyrk CUDA1 0.568765 117128 40
CPU5 45.052618 117089 sgemm sgemm CUDA1 1.162045 117129 40
CPU4 45.080656 117090 sgemm sgemm CUDA3 1.111906 117130 40
CPU8 45.022519 117091 sgemm sgemm CUDA1 12.228029 117131 40
CPU7 45.162861 117092 sgemm sgemm CUDA1 0.930419 117132 40
CPU8 45.051620 117093 sgemm sgemm CUDA3 1.056987 117133 40
CPU14 45.543569 117094 sgemm sgemm CUDA1 0.050588 117134 40
CPU3 25.004348 117097 ssyrk ssyrk CUDA0 0.632082 117137 40
CPU1 45.116091 117098 sgemm sgemm CUDA0 0.990155 117138 40
CPU12 44.867681 117099 sgemm sgemm CUDA3 1.051190 117139 40
CPU0 45.370239 117100 sgemm sgemm CUDA0 0.990743 117140 40
CPU6 45.301695 117101 sgemm sgemm CUDA3 1.105090 117141 40
CPU7 44.747593 117102 sgemm sgemm CUDA0 13.171195 117142 40
CPU5 24.826798 117105 ssyrk ssyrk CUDA2 0.832351 117145 40
CPU9 44.769116 117106 sgemm sgemm CUDA0 1.108064 117146 40
CPU11 44.949881 117107 sgemm sgemm CUDA0 0.205356 117147 40
CPU15 44.942318 117108 sgemm sgemm CUDA3 13.926873 117148 40
CPU10 45.250878 117109 sgemm sgemm CUDA2 1.223632 117149 40
CPU5 24.828779 117112 ssyrk ssyrk CUDA1 0.572690 117152 40
CPU16 44.793271 117113 sgemm sgemm CUDA0 1.046151 117153 40
CPU19 45.016344 117114 sgemm sgemm CUDA3 1.019170 117154 40
CPU13 45.315799 117115 sgemm sgemm CUDA0 0.993194 117155 40
CPU6 25.138030 117118 ssyrk ssyrk CUDA0 0.841673 117158 40
CPU0 45.182047 117119 sgemm sgemm CUDA1 1.162241 117159 40
CPU9 44.695244 117120 sgemm sgemm CUDA0 0.991511 117160 40
CPU9 24.952141 117123 ssyrk ssyrk CUDA2 0.522017 117163 40
CPU13 44.537158 117124 sgemm sgemm CUDA2 1.743247 117164 40
CPU9 24.609578 117127 ssyrk ssyrk CUDA0 0.574868 117167 40
CPU4 13.977297 117130 spotrf spotrf CPU -1 117170 40
CPU5 30.053586 117131 strsm strsm CUDA1 2.826995 117171 40
CPU1 29.970322 117132 strsm strsm CUDA1 2.782539 117172 40
CPU1 30.238760 117133 strsm strsm CUDA1 1.327007 117173 40
CPU0 30.875178 117134 strsm strsm CUDA0 2.800469 117174 40
CPU9 30.396468 117135 strsm strsm CUDA0 14.245574 117175 40
CPU18 30.186974 117136 strsm strsm CUDA0 2.970053 117176 40
CPU5 30.344003 117137 strsm strsm CUDA1 2.874458 117177 40
CPU19 30.402388 117138 strsm strsm CUDA1 2.891084 117178 40
CPU2 30.132539 117139 strsm strsm CUDA0 2.851380 117179 40
CPU0 30.567802 117140 strsm strsm CUDA1 2.745030 117180 40
CPU2 30.147236 117141 strsm strsm CUDA0 2.735621 117181 40
CPU0 30.775187 117142 strsm strsm CUDA2 2.857372 117182 40
CPU6 31.008316 117143 strsm strsm CUDA1 2.809998 117183 40
CPU3 30.133823 117144 strsm strsm CUDA1 2.943174 117184 40
CPU2 30.109117 117145 strsm strsm CUDA2 0.051776 117185 40
CPU7 30.521150 117146 strsm strsm CUDA0 2.957701 117186 40
CPU5 24.525221 117149 ssyrk ssyrk CUDA1 0.580905 117189 40
CPU2 43.987248 117150 sgemm sgemm CUDA1 1.161734 117190 40
CPU4 44.160392 117151 sgemm sgemm CUDA1 12.803491 117191 40
CPU0 45.382103 117152 sgemm sgemm CUDA1 1.053556 117192 40
CPU9 45.009800 117153 sgemm sgemm CUDA1 0.993177 117193 40
CPU18 45.305364 117154 sgemm sgemm CUDA1 1.162432 117194 40
CPU5 44.687848 117155 sgemm sgemm CUDA1 1.161781 117195 40
CPU19 45.080049 117156 sgemm sgemm CUDA1 1.279693 117196 40
CPU2 44.507457 117157 sgemm sgemm CUDA0 1.220950 117197 40
CPU0 44.914151 117158 sgemm sgemm CUDA1 1.224693 117198 40
CPU2 44.645563 117159 sgemm sgemm CUDA0 0.042113 117199 40
CPU0 45.026973 117160 sgemm sgemm CUDA0 1.221545 117200 40
CPU1 44.912896 117161 sgemm sgemm CUDA1 0.994090 117201 40
CPU3 44.802208 117162 sgemm sgemm CUDA1 1.320375 117202 40
CPU2 44.719636 117163 sgemm sgemm CUDA2 1.161889 117203 40
CPU5 44.627371 117164 sgemm sgemm CUDA0 0.992807 117204 40
CPU1 24.877661 117167 ssyrk ssyrk CUDA1 12.271437 117207 40
CPU1 44.976104 117168 sgemm sgemm CUDA1 1.221284 117208 40
CPU5 44.750445 117169 sgemm sgemm CUDA0 7.887417 117209 40
CPU2 44.787561 117170 sgemm sgemm CUDA0 12.669108 117210 40
CPU18 45.324610 117171 sgemm sgemm CUDA0 8.696107 117211 40
CPU5 44.696507 117172 sgemm sgemm CUDA1 0.726629 117212 40
CPU19 44.909325 117173 sgemm sgemm CUDA0 12.877649 117213 40
CPU8 44.666783 117174 sgemm sgemm CUDA0 1.218703 117214 40
CPU8 44.651927 117175 sgemm sgemm CUDA1 1.162119 117215 40
CPU3 44.730219 117176 sgemm sgemm CUDA0 1.219384 117216 40
CPU8 44.843497 117177 sgemm sgemm CUDA0 1.158915 117217 40
CPU6 44.912557 117178 sgemm sgemm CUDA1 0.040818 117218 40
CPU2 44.862596 117179 sgemm sgemm CUDA1 0.117883 117219 40
CPU0 44.939837 117180 sgemm sgemm CUDA0 0.989523 117220 40
CPU9 44.404335 117181 sgemm sgemm CUDA1 1.165632 117221 40
CPU1 25.001379 117184 ssyrk ssyrk CUDA1 0.039193 117224 40
CPU7 45.458656 117185 sgemm sgemm CUDA0 0.994374 117225 40
CPU7 45.237086 117186 sgemm sgemm CUDA0 0.073982 117226 40
CPU18 44.972836 117187 sgemm sgemm CUDA1 1.163768 117227 40
CPU5 44.789614 117188 sgemm sgemm CUDA1 0.041116 117228 40
CPU19 44.817024 117189 sgemm sgemm CUDA0 0.267661 117229 40
CPU9 44.897158 117190 sgemm sgemm CUDA0 0.994660 117230 40
CPU3 44.778143 117191 sgemm sgemm CUDA1 1.164819 117231 40
CPU7 45.094033 117192 sgemm sgemm CUDA0 1.222205 117232 40
CPU9 44.860728 117193 sgemm sgemm CUDA0 0.705586 117233 40
CPU4 45.195902 117194 sgemm sgemm CUDA1 0.175641 117234 40
CPU3 44.866635 117195 sgemm sgemm CUDA0 1.046113 117235 40
CPU1 44.878295 117196 sgemm sgemm CUDA0 0.990403 117236 40
CPU6 45.293321 117197 sgemm sgemm CUDA0 1.219436 117237 40
CPU0 25.184748 117200 ssyrk ssyrk CUDA0 0.623452 117240 40
CPU11 44.744216 117201 sgemm sgemm CUDA0 0.996176 117241 40
CPU18 45.099241 117202 sgemm sgemm CUDA1 11.864133 117242 40
CPU5 44.962938 117203 sgemm sgemm CUDA1 0.992275 117243 40
CPU19 44.718314 117204 sgemm sgemm CUDA0 0.994914 117244 40
CPU2 44.861205 117205 sgemm sgemm CUDA0 6.769683 117245 40
CPU6 44.969577 117206 sgemm sgemm CUDA1 12.896908 117246 40
CPU9 44.935778 117207 sgemm sgemm CUDA0 12.175374 117247 40
CPU0 45.322582 117208 sgemm sgemm CUDA0 1.050971 117248 40
CPU5 44.971888 117209 sgemm sgemm CUDA1 1.052163 117249 40
CPU9 44.595823 117210 sgemm sgemm CUDA1 1.046755 117250 40
CPU8 45.003192 117211 sgemm sgemm CUDA1 1.219960 117251 40
CPU12 45.145334 117212 sgemm sgemm CUDA0 1.052401 117252 40
CPU3 24.966070 117215 ssyrk ssyrk CUDA0 0.824199 117255 40
CPU18 44.841447 117216 sgemm sgemm CUDA1 0.996046 117256 40
CPU7 45.297355 117217 sgemm sgemm CUDA0 1.214755 117257 40
CPU19 44.485659 117218 sgemm sgemm CUDA0 12.484942 117258 40
CPU9 44.959756 117219 sgemm sgemm CUDA0 0.994066 117259 40
CPU1 44.471123 117220 sgemm sgemm CUDA1 0.990042 117260 40
CPU2 44.812490 117221 sgemm sgemm CUDA0 0.991008 117261 40
CPU7 44.994354 117222 sgemm sgemm CUDA0 1.164988 117262 40
CPU8 44.705565 117223 sgemm sgemm CUDA1 1.290005 117263 40
CPU2 44.941214 117224 sgemm sgemm CUDA1 0.266609 117264 40
CPU6 44.995565 117225 sgemm sgemm CUDA0 0.110006 117265 40
CPU0 45.368517 117226 sgemm sgemm CUDA1 0.992478 117266 40
CPU18 24.976424 117229 ssyrk ssyrk CUDA1 0.057555 117269 40
CPU18 45.084534 117230 sgemm sgemm CUDA1 1.218063 117270 40
CPU18 44.618738 117231 sgemm sgemm CUDA1 1.228168 117271 40
CPU18 44.928846 117232 sgemm sgemm CUDA0 20.142474 117272 40
CPU18 45.007212 117233 sgemm sgemm CUDA1 0.995461 117273 40
CPU5 44.643846 117234 sgemm sgemm CUDA0 1.158398 117274 40
CPU18 45.119755 117235 sgemm sgemm CUDA0 1.051566 117275 40
CPU18 44.832099 117236 sgemm sgemm CUDA1 0.934166 117276 40
CPU18 44.961747 117237 sgemm sgemm CUDA0 12.094944 117277 40
CPU18 45.108451 117238 sgemm sgemm CUDA1 1.650232 117278 40
CPU12 45.346804 117239 sgemm sgemm CUDA1 1.241875 117279 40
CPU5 24.973747 117242 ssyrk ssyrk CUDA1 0.580336 117282 40
CPU13 45.102182 117243 sgemm sgemm CUDA0 0.993383 117283 40
CPU16 45.028507 117244 sgemm sgemm CUDA0 1.053145 117284 40
CPU4 44.916081 117245 sgemm sgemm CUDA1 1.221236 117285 40
CPU0 45.069273 117246 sgemm sgemm CUDA0 1.138774 117286 40
CPU10 45.178594 117247 sgemm sgemm CUDA0 1.152441 117287 40
CPU2 44.899497 117248 sgemm sgemm CUDA1 1.161156 117288 40
CPU3 44.753878 117249 sgemm sgemm CUDA0 0.253479 117289 40
CPU7 44.832043 117250 sgemm sgemm CUDA1 1.217760 117290 40
CPU2 44.543590 117251 sgemm sgemm CUDA1 0.993508 117291 40
CPU19 24.985885 117254 ssyrk ssyrk CUDA1 0.625308 117294 40
CPU19 45.041614 117255 sgemm sgemm CUDA0 0.992092 117295 40
CPU19 44.974962 117256 sgemm sgemm CUDA1 1.250356 117296 40
CPU6 45.145305 117257 sgemm sgemm CUDA0 12.974542 117297 40
CPU19 44.795118 117258 sgemm sgemm CUDA0 8.099818 117298 40
CPU19 44.833792 117259 sgemm sgemm CUDA1 1.109763 117299 40
CPU11 44.835745 117260 sgemm sgemm CUDA0 1.165870 117300 40
CPU9 44.861448 117261 sgemm sgemm CUDA2 0.190049 117301 40
CPU3 44.969519 117262 sgemm sgemm CUDA1 0.977465 117302 40
CPU2 24.611890 117265 ssyrk ssyrk CUDA0 0.511725 117305 40
CPU14 45.285837 117266 sgemm sgemm CUDA1 13.081854 117306 40
CPU7 44.757718 117267 sgemm sgemm CUDA0 0.133500 117307 40
CPU8 44.703373 117268 sgemm sgemm CUDA0 1.226462 117308 40
CPU0 45.001416 117269 sgemm sgemm CUDA1 1.162533 117309 40
CPU9 44.707461 117270 sgemm sgemm CUDA0 0.989988 117310 40
CPU12 45.320533 117271 sgemm sgemm CUDA0 1.149577 117311 40
CPU7 44.845837 117272 sgemm sgemm CUDA2 0.931844 117312 40
CPU5 24.992928 117275 ssyrk ssyrk CUDA1 1.644235 117315 40
CPU5 44.377064 117276 sgemm sgemm CUDA1 0.044606 117316 40
CPU7 45.105212 117277 sgemm sgemm CUDA3 16.921921 117317 40
CPU6 45.096427 117278 sgemm sgemm CUDA1 0.995721 117318 40
CPU7 45.017646 117279 sgemm sgemm CUDA1 0.986475 117319 40
CPU8 44.727154 117280 sgemm sgemm CUDA3 1.226603 117320 40
CPU14 45.328851 117281 sgemm sgemm CUDA1 12.416954 117321 40
CPU9 24.765390 117284 ssyrk ssyrk CUDA0 0.637949 117324 40
CPU1 44.769490 117285 sgemm sgemm CUDA0 0.997559 117325 40
CPU12 44.935276 117286 sgemm sgemm CUDA1 0.136481 117326 40
CPU0 45.040004 117287 sgemm sgemm CUDA0 1.163538 117327 40
CPU6 44.640996 117288 sgemm sgemm CUDA3 0.939896 117328 40
CPU7 44.503209 117289 sgemm sgemm CUDA0 1.157401 117329 40
CPU9 24.600246 117292 ssyrk ssyrk CUDA2 0.638997 117332 40
CPU9 44.206761 117293 sgemm sgemm CUDA0 1.228600 117333 40
CPU11 44.999219 117294 sgemm sgemm CUDA0 1.062723 117334 40
CPU15 45.130686 117295 sgemm sgemm CUDA3 1.399498 117335 40
CPU1 44.939727 117296 sgemm sgemm CUDA2 1.096655 117336 40
CPU9 24.327379 117299 ssyrk ssyrk CUDA1 0.579196 117339 40
CPU16 44.776897 117300 sgemm sgemm CUDA0 1.050489 117340 40
CPU19 45.335938 117301 sgemm sgemm CUDA0 1.048633 117341 40
CPU13 45.294560 117302 sgemm sgemm CUDA0 0.990970 117342 40
CPU1 24.954912 117305 ssyrk ssyrk CUDA1 0.581647 117345 40
CPU0 45.093936 117306 sgemm sgemm CUDA1 0.180483 117346 40
CPU9 44.678523 117307 sgemm sgemm CUDA0 1.222141 117347 40
CPU2 24.601912 117310 ssyrk ssyrk CUDA2 12.124167 117350 40
CPU13 44.993813 117311 sgemm sgemm CUDA2 11.842256 117351 40
CPU9 24.599955 117314 ssyrk ssyrk CUDA0 0.634487 117354 40
CPU5 13.675667 117317 spotrf spotrf CPU -1 117357 40
CPU2 29.609595 117318 strsm strsm CUDA1 10.732938 117358 40
CPU4 30.355030 117319 strsm strsm CUDA1 2.828499 117359 40
CPU0 30.454304 117320 strsm strsm CUDA1 0.048176 117360 40
CPU9 30.311242 117321 strsm strsm CUDA1 2.785141 117361 40
CPU18 30.303896 117322 strsm strsm CUDA1 2.832110 117362 40
CPU5 30.049045 117323 strsm strsm CUDA1 2.715102 117363 40
CPU19 30.528425 117324 strsm strsm CUDA1 2.686089 117364 40
CPU4 30.397466 117325 strsm strsm CUDA0 2.766044 117365 40
CPU0 30.450130 117326 strsm strsm CUDA1 13.984034 117366 40
CPU5 29.757357 117327 strsm strsm CUDA0 2.773974 117367 40
CPU0 30.413928 117328 strsm strsm CUDA0 14.448183 117368 40
CPU1 29.866047 117329 strsm strsm CUDA1 2.779399 117369 40
CPU6 30.496780 117330 strsm strsm CUDA1 0.048631 117370 40
CPU1 29.807478 117331 strsm strsm CUDA2 0.173077 117371 40
CPU5 29.866607 117332 strsm strsm CUDA0 0.700158 117372 40
CPU2 24.833464 117335 ssyrk ssyrk CUDA1 0.660103 117375 40
CPU1 44.390501 117336 sgemm sgemm CUDA1 1.160372 117376 40
CPU0 45.135622 117337 sgemm sgemm CUDA1 1.051763 117377 40
CPU9 44.695895 117338 sgemm sgemm CUDA1 0.996218 117378 40
CPU18 45.101135 117339 sgemm sgemm CUDA1 0.990047 117379 40
CPU5 44.663742 117340 sgemm sgemm CUDA1 0.169117 117380 40
CPU19 45.092918 117341 sgemm sgemm CUDA0 0.993296 117381 40
CPU4 44.853409 117342 sgemm sgemm CUDA0 1.220115 117382 40
CPU0 45.011376 117343 sgemm sgemm CUDA1 0.965153 117383 40
CPU5 44.644884 117344 sgemm sgemm CUDA0 0.824443 117384 40
CPU0 45.062506 117345 sgemm sgemm CUDA0 1.153980 117385 40
CPU1 44.988063 117346 sgemm sgemm CUDA1 12.431201 117386 40
CPU6 44.842525 117347 sgemm sgemm CUDA1 0.071239 117387 40
CPU0 44.831561 117348 sgemm sgemm CUDA0 0.240959 117388 40
CPU5 44.659505 117349 sgemm sgemm CUDA1 1.164789 117389 40
CPU4 25.260885 117352 ssyrk ssyrk CUDA1 0.581373 117392 40
CPU6 44.625952 117353 sgemm sgemm CUDA1 0.039567 117393 40
CPU3 44.704601 117354 sgemm sgemm CUDA0 0.994703 117394 40
CPU18 45.000034 117355 sgemm sgemm CUDA1 1.050738 117395 40
CPU3 44.790794 117356 sgemm sgemm CUDA1 1.167235 117396 40
CPU19 45.055652 117357 sgemm sgemm CUDA0 3.771352 117397 40
CPU8 44.845823 117358 sgemm sgemm CUDA0 1.163366 117398 40
CPU3 44.576792 117359 sgemm sgemm CUDA1 1.220767 117399 40
CPU9 44.718510 117360 sgemm sgemm CUDA0 1.225042 117400 40
CPU7 44.800668 117361 sgemm sgemm CUDA0 1.069444 117401 40
CPU9 44.520149 117362 sgemm sgemm CUDA1 1.161239 117402 40
CPU4 44.524485 117363 sgemm sgemm CUDA0 1.219080 117403 40
CPU1 44.721460 117364 sgemm sgemm CUDA0 1.236837 117404 40
CPU9 44.501134 117365 sgemm sgemm CUDA0 1.220281 117405 40
CPU2 24.539733 117368 ssyrk ssyrk CUDA0 0.634021 117408 40
CPU11 44.995653 117369 sgemm sgemm CUDA0 5.572689 117409 40
CPU18 45.068960 117370 sgemm sgemm CUDA1 1.163397 117410 40
CPU9 44.775930 117371 sgemm sgemm CUDA1 1.198573 117411 40
CPU19 44.931246 117372 sgemm sgemm CUDA0 0.993679 117412 40
CPU2 44.631641 117373 sgemm sgemm CUDA0 0.992670 117413 40
CPU5 44.439671 117374 sgemm sgemm CUDA1 0.278937 117414 40
CPU7 44.752162 117375 sgemm sgemm CUDA0 12.884464 117415 40
CPU9 44.477018 117376 sgemm sgemm CUDA0 0.995407 117416 40
CPU5 44.360148 117377 sgemm sgemm CUDA1 0.272021 117417 40
CPU8 44.596200 117378 sgemm sgemm CUDA1 1.046357 117418 40
CPU8 44.638238 117379 sgemm sgemm CUDA2 1.047565 117419 40
CPU12 45.291358 117380 sgemm sgemm CUDA0 1.162774 117420 40
CPU1 24.855098 117383 ssyrk ssyrk CUDA0 0.047551 117423 40
CPU18 44.963695 117384 sgemm sgemm CUDA1 1.054271 117424 40
CPU2 44.513827 117385 sgemm sgemm CUDA0 0.993539 117425 40
CPU19 44.846620 117386 sgemm sgemm CUDA1 0.249521 117426 40
CPU4 44.920875 117387 sgemm sgemm CUDA0 0.973530 117427 40
CPU8 44.410330 117388 sgemm sgemm CUDA1 1.108297 117428 40
CPU2 44.799104 117389 sgemm sgemm CUDA0 1.163472 117429 40
CPU8 44.731880 117390 sgemm sgemm CUDA0 1.163572 117430 40
CPU8 44.482325 117391 sgemm sgemm CUDA1 1.182739 117431 40
CPU1 44.906572 117392 sgemm sgemm CUDA1 1.220247 117432 40
CPU7 44.874201 117393 sgemm sgemm CUDA0 1.158894 117433 40
CPU8 45.009547 117394 sgemm sgemm CUDA1 12.124575 117434 40
CPU18 25.116304 117397 ssyrk ssyrk CUDA1 12.564754 117437 40
CPU18 45.004363 117398 sgemm sgemm CUDA1 12.632776 117438 40
CPU18 44.798942 117399 sgemm sgemm CUDA1 12.827654 117439 40
CPU18 45.005304 117400 sgemm sgemm CUDA0 1.165699 117440 40
CPU18 44.927023 117401 sgemm sgemm CUDA1 1.080415 117441 40
CPU18 45.115058 117402 sgemm sgemm CUDA0 4.150783 117442 40
CPU18 45.121740 117403 sgemm sgemm CUDA0 0.073440 117443 40
CPU18 45.379072 117404 sgemm sgemm CUDA1 1.167422 117444 40
CPU18 45.074067 117405 sgemm sgemm CUDA1 0.997412 117445 40
CPU18 45.131704 117406 sgemm sgemm CUDA0 1.100160 117446 40
CPU1 44.714541 117407 sgemm sgemm CUDA1 0.987964 117447 40
CPU0 25.350493 117410 ssyrk ssyrk CUDA1 7.682731 117450 40
CPU13 45.049934 117411 sgemm sgemm CUDA0 1.051320 117451 40
CPU2 44.696242 117412 sgemm sgemm CUDA0 1.161152 117452 40
CPU4 44.834228 117413 sgemm sgemm CUDA1 12.679556 117453 40
CPU5 44.618158 117414 sgemm sgemm CUDA0 1.216919 117454 40
CPU10 45.201606 117415 sgemm sgemm CUDA0 0.047612 117455 40
CPU2 44.652792 117416 sgemm sgemm CUDA1 0.986806 117456 40
CPU6 44.969245 117417 sgemm sgemm CUDA0 1.137349 117457 40
CPU8 44.444016 117418 sgemm sgemm CUDA2 1.108094 117458 40
CPU2 45.054934 117419 sgemm sgemm CUDA1 0.987055 117459 40
CPU19 24.917564 117422 ssyrk ssyrk CUDA1 0.097709 117462 40
CPU19 44.910193 117423 sgemm sgemm CUDA0 1.138961 117463 40
CPU19 45.054480 117424 sgemm sgemm CUDA1 0.995519 117464 40
CPU7 44.913942 117425 sgemm sgemm CUDA0 1.162409 117465 40
CPU19 45.022082 117426 sgemm sgemm CUDA0 1.216692 117466 40
CPU19 44.874931 117427 sgemm sgemm CUDA1 1.053936 117467 40
CPU11 44.935625 117428 sgemm sgemm CUDA0 1.161050 117468 40
CPU19 45.138976 117429 sgemm sgemm CUDA0 1.183626 117469 40
CPU3 44.897277 117430 sgemm sgemm CUDA1 0.987072 117470 40
CPU4 24.853282 117433 ssyrk ssyrk CUDA0 0.192453 117473 40
CPU14 45.302308 117434 sgemm sgemm CUDA1 4.529599 117474 40
CPU6 44.843945 117435 sgemm sgemm CUDA0 1.219540 117475 40
CPU0 44.441654 117436 sgemm sgemm CUDA0 0.993954 117476 40
CPU0 44.971349 117437 sgemm sgemm CUDA1 12.471492 117477 40
CPU4 44.354529 117438 sgemm sgemm CUDA0 10.558597 117478 40
CPU12 45.349437 117439 sgemm sgemm CUDA0 0.985205 117479 40
CPU7 44.844075 117440 sgemm sgemm CUDA0 1.316159 117480 40
CPU0 25.330868 117443 ssyrk ssyrk CUDA1 1.019365 117483 40
CPU2 44.361721 117444 sgemm sgemm CUDA1 1.160443 117484 40
CPU7 44.725407 117445 sgemm sgemm CUDA0 0.049200 117485 40
CPU6 44.923117 117446 sgemm sgemm CUDA1 0.991623 117486 40
CPU7 44.912829 117447 sgemm sgemm CUDA1 0.176788 117487 40
CPU8 44.506233 117448 sgemm sgemm CUDA0 22.787321 117488 40
CPU14 45.210406 117449 sgemm sgemm CUDA1 12.988434 117489 40
CPU3 24.735996 117452 ssyrk ssyrk CUDA0 0.633527 117492 40
CPU1 44.801863 117453 sgemm sgemm CUDA0 0.180782 117493 40
CPU5 44.621320 117454 sgemm sgemm CUDA1 0.166987 117494 40
CPU3 44.658366 117455 sgemm sgemm CUDA0 1.146265 117495 40
CPU7 44.231717 117456 sgemm sgemm CUDA3 1.222737 117496 40
CPU7 44.490061 117457 sgemm sgemm CUDA0 1.402561 117497 40
CPU7 24.813075 117460 ssyrk ssyrk CUDA2 0.520974 117500 40
CPU1 44.396307 117461 sgemm sgemm CUDA2 1.154511 117501 40
CPU11 45.210323 117462 sgemm sgemm CUDA0 1.158739 117502 40
CPU15 45.219099 117463 sgemm sgemm CUDA3 0.162513 117503 40
CPU0 44.880492 117464 sgemm sgemm CUDA0 12.805743 117504 40
CPU5 24.470771 117467 ssyrk ssyrk CUDA1 0.574513 117507 40
CPU16 45.141008 117468 sgemm sgemm CUDA1 1.156554 117508 40
CPU19 45.320029 117469 sgemm sgemm CUDA2 1.087943 117509 40
CPU4 44.703055 117470 sgemm sgemm CUDA1 1.222619 117510 40
CPU1 24.796710 117473 ssyrk ssyrk CUDA1 0.634974 117513 40
CPU0 45.078937 117474 sgemm sgemm CUDA0 1.161139 117514 40
CPU9 44.764423 117475 sgemm sgemm CUDA0 1.213538 117515 40
CPU6 24.981736 117478 ssyrk ssyrk CUDA2 0.837194 117518 40
CPU13 45.200566 117479 sgemm sgemm CUDA0 0.966489 117519 40
CPU5 24.565888 117482 ssyrk ssyrk CUDA0 0.632066 117522 40
CPU2 13.999761 117485 spotrf spotrf CPU -1 117525 40
CPU1 30.489555 117486 strsm strsm CUDA1 2.938841 117526 40
CPU0 31.027759 117487 strsm strsm CUDA1 13.809823 117527 40
CPU9 30.560803 117488 strsm strsm CUDA1 2.613007 117528 40
CPU18 30.109544 117489 strsm strsm CUDA1 2.791568 117529 40
CPU5 30.403820 117490 strsm strsm CUDA1 7.162750 117530 40
CPU19 30.460369 117491 strsm strsm CUDA3 2.880594 117531 40
CPU2 30.506410 117492 strsm strsm CUDA0 2.819089 117532 40
CPU7 30.755694 117493 strsm strsm CUDA1 2.916321 117533 40
CPU6 30.977247 117494 strsm strsm CUDA0 2.839771 117534 40
CPU9 30.542324 117495 strsm strsm CUDA0 13.474873 117535 40
CPU8 30.572926 117496 strsm strsm CUDA1 2.876127 117536 40
CPU1 30.156181 117497 strsm strsm CUDA1 2.809855 117537 40
CPU0 30.664787 117498 strsm strsm CUDA0 0.031433 117538 40
CPU5 30.110457 117499 strsm strsm CUDA1 14.483718 117539 40
CPU1 25.355542 117502 ssyrk ssyrk CUDA1 0.574492 117542 40
CPU6 45.537732 117503 sgemm sgemm CUDA1 12.289363 117543 40
CPU9 45.347569 117504 sgemm sgemm CUDA1 1.381362 117544 40
CPU18 44.982186 117505 sgemm sgemm CUDA1 0.992002 117545 40
CPU5 45.381316 117506 sgemm sgemm CUDA1 0.994039 117546 40
CPU19 45.036548 117507 sgemm sgemm CUDA0 12.461439 117547 40
CPU2 45.456291 117508 sgemm sgemm CUDA0 0.057184 117548 40
CPU3 45.047387 117509 sgemm sgemm CUDA1 12.522451 117549 40
CPU6 45.573999 117510 sgemm sgemm CUDA0 1.221272 117550 40
CPU9 45.502749 117511 sgemm sgemm CUDA0 8.484801 117551 40
CPU9 44.673971 117512 sgemm sgemm CUDA1 0.992177 117552 40
CPU1 45.130048 117513 sgemm sgemm CUDA0 0.993063 117553 40
CPU0 45.284522 117514 sgemm sgemm CUDA2 1.131367 117554 40
CPU5 44.868000 117515 sgemm sgemm CUDA0 1.051189 117555 40
CPU0 25.416037 117518 ssyrk ssyrk CUDA0 0.568766 117558 40
CPU11 44.683658 117519 sgemm sgemm CUDA0 1.159091 117559 40
CPU18 44.986476 117520 sgemm sgemm CUDA1 0.995160 117560 40
CPU0 45.353318 117521 sgemm sgemm CUDA1 12.931140 117561 40
CPU19 44.889247 117522 sgemm sgemm CUDA0 1.217255 117562 40
CPU8 45.231394 117523 sgemm sgemm CUDA0 0.990802 117563 40
CPU7 45.120973 117524 sgemm sgemm CUDA1 12.696963 117564 40
CPU2 45.037620 117525 sgemm sgemm CUDA0 0.991665 117565 40
CPU7 45.133382 117526 sgemm sgemm CUDA0 1.307232 117566 40
CPU8 45.158083 117527 sgemm sgemm CUDA1 0.993516 117567 40
CPU6 45.133569 117528 sgemm sgemm CUDA1 0.992644 117568 40
CPU0 45.133648 117529 sgemm sgemm CUDA2 15.266427 117569 40
CPU2 44.606993 117530 sgemm sgemm CUDA0 1.049117 117570 40
CPU0 25.428927 117533 ssyrk ssyrk CUDA0 0.567936 117573 40
CPU18 44.982518 117534 sgemm sgemm CUDA1 0.993467 117574 40
CPU8 45.253259 117535 sgemm sgemm CUDA0 0.665774 117575 40
CPU19 44.611635 117536 sgemm sgemm CUDA0 1.159207 117576 40
CPU2 45.151261 117537 sgemm sgemm CUDA0 0.971812 117577 40
CPU4 44.918927 117538 sgemm sgemm CUDA1 1.047439 117578 40
CPU9 45.480631 117539 sgemm sgemm CUDA0 1.220847 117579 40
CPU5 44.474933 117540 sgemm sgemm CUDA0 1.144900 117580 40
CPU4 45.065724 117541 sgemm sgemm CUDA1 12.959867 117581 40
CPU7 45.120332 117542 sgemm sgemm CUDA1 1.161927 117582 40
CPU4 44.995310 117543 sgemm sgemm CUDA0 0.976282 117583 40
CPU0 44.802549 117544 sgemm sgemm CUDA1 1.287119 117584 40
CPU18 25.026609 117547 ssyrk ssyrk CUDA1 12.568098 117587 40
CPU18 44.812931 117548 sgemm sgemm CUDA1 1.162448 117588 40
CPU18 44.625312 117549 sgemm sgemm CUDA0 0.995087 117589 40
CPU18 44.706347 117550 sgemm sgemm CUDA0 1.165520 117590 40
CPU18 44.884686 117551 sgemm sgemm CUDA1 1.228208 117591 40
CPU18 44.982887 117552 sgemm sgemm CUDA0 0.994601 117592 40
CPU18 45.041626 117553 sgemm sgemm CUDA0 4.569806 117593 40
CPU18 44.945021 117554 sgemm sgemm CUDA1 16.845189 117594 40
CPU18 44.960067 117555 sgemm sgemm CUDA1 1.163448 117595 40
CPU18 45.293979 117556 sgemm sgemm CUDA0 0.046872 117596 40
CPU4 44.805723 117557 sgemm sgemm CUDA1 1.053883 117597 40
CPU4 25.213098 117560 ssyrk ssyrk CUDA1 0.047516 117600 40
CPU13 44.858511 117561 sgemm sgemm CUDA0 1.161253 117601 40
CPU8 45.073295 117562 sgemm sgemm CUDA0 1.076929 117602 40
CPU9 44.846766 117563 sgemm sgemm CUDA1 1.052386 117603 40
CPU6 45.359377 117564 sgemm sgemm CUDA0 0.998502 117604 40
CPU10 44.933655 117565 sgemm sgemm CUDA0 1.160419 117605 40
CPU2 45.093281 117566 sgemm sgemm CUDA1 2.731251 117606 40
CPU1 45.086287 117567 sgemm sgemm CUDA0 10.013342 117607 40
CPU9 45.017035 117568 sgemm sgemm CUDA2 0.327157 117608 40
CPU3 44.980437 117569 sgemm sgemm CUDA1 0.916431 117609 40
CPU19 24.862394 117572 ssyrk ssyrk CUDA3 0.627514 117612 40
CPU19 44.772186 117573 sgemm sgemm CUDA0 0.172973 117613 40
CPU19 44.810727 117574 sgemm sgemm CUDA1 12.793971 117614 40
CPU7 45.476793 117575 sgemm sgemm CUDA0 1.162973 117615 40
CPU19 44.762867 117576 sgemm sgemm CUDA0 0.994843 117616 40
CPU19 44.732561 117577 sgemm sgemm CUDA1 1.154546 117617 40
CPU11 44.794875 117578 sgemm sgemm CUDA0 0.047798 117618 40
CPU0 45.179395 117579 sgemm sgemm CUDA0 1.047535 117619 40
CPU5 44.721813 117580 sgemm sgemm CUDA1 0.165736 117620 40
CPU2 24.875200 117583 ssyrk ssyrk CUDA0 0.086085 117623 40
CPU14 45.120924 117584 sgemm sgemm CUDA0 1.225978 117624 40
CPU2 45.249703 117585 sgemm sgemm CUDA0 1.048362 117625 40
CPU6 45.129568 117586 sgemm sgemm CUDA0 1.220622 117626 40
CPU7 45.012076 117587 sgemm sgemm CUDA1 1.153659 117627 40
CPU6 45.088451 117588 sgemm sgemm CUDA0 0.039662 117628 40
CPU9 44.935653 117589 sgemm sgemm CUDA0 1.156643 117629 40
CPU7 44.875492 117590 sgemm sgemm CUDA0 1.219195 117630 40
CPU7 25.377054 117593 ssyrk ssyrk CUDA1 0.631281 117633 40
CPU9 45.147458 117594 sgemm sgemm CUDA1 1.164838 117634 40
CPU4 45.195670 117595 sgemm sgemm CUDA0 1.216431 117635 40
CPU8 45.008824 117596 sgemm sgemm CUDA1 1.150709 117636 40
CPU7 45.080831 117597 sgemm sgemm CUDA1 0.984778 117637 40
CPU8 44.730715 117598 sgemm sgemm CUDA0 1.105038 117638 40
CPU14 45.229169 117599 sgemm sgemm CUDA1 1.163635 117639 40
CPU6 25.620270 117602 ssyrk ssyrk CUDA0 0.059719 117642 40
CPU1 45.478406 117603 sgemm sgemm CUDA0 1.155699 117643 40
CPU7 45.538474 117604 sgemm sgemm CUDA1 1.216964 117644 40
CPU3 44.793656 117605 sgemm sgemm CUDA0 1.159186 117645 40
CPU7 44.701589 117606 sgemm sgemm CUDA3 1.305317 117646 40
CPU7 45.029683 117607 sgemm sgemm CUDA0 0.765020 117647 40
CPU8 25.020792 117610 ssyrk ssyrk CUDA2 0.239455 117650 40
CPU1 44.894095 117611 sgemm sgemm CUDA2 1.221193 117651 40
CPU11 44.953833 117612 sgemm sgemm CUDA0 0.647232 117652 40
CPU0 45.006200 117613 sgemm sgemm CUDA0 1.217569 117653 40
CPU9 44.761042 117614 sgemm sgemm CUDA0 1.247018 117654 40
CPU7 25.384107 117617 ssyrk ssyrk CUDA1 0.573589 117657 40
CPU16 44.783520 117618 sgemm sgemm CUDA1 0.057914 117658 40
CPU19 45.272804 117619 sgemm sgemm CUDA2 1.221964 117659 40
CPU8 44.717287 117620 sgemm sgemm CUDA1 0.173475 117660 40
CPU7 25.190430 117623 ssyrk ssyrk CUDA1 0.574665 117663 40
CPU4 44.855532 117624 sgemm sgemm CUDA0 12.092892 117664 40
CPU4 45.088035 117625 sgemm sgemm CUDA0 0.994864 117665 40
CPU8 24.578884 117628 ssyrk ssyrk CUDA2 0.526679 117668 40
CPU13 45.252964 117629 sgemm sgemm CUDA0 14.972172 117669 40
CPU2 24.579097 117632 ssyrk ssyrk CUDA0 0.864463 117672 40
CPU1 14.050801 117635 spotrf spotrf CPU -1 117675 40
CPU6 31.157232 117636 strsm strsm CUDA2 2.856155 117676 40
CPU9 30.434038 117637 strsm strsm CUDA1 0.851745 117677 40
CPU18 30.016645 117638 strsm strsm CUDA1 0.040478 117678 40
CPU5 30.374090 117639 strsm strsm CUDA1 2.842274 117679 40
CPU19 30.424045 117640 strsm strsm CUDA0 2.823947 117680 40
CPU2 30.571922 117641 strsm strsm CUDA0 2.793097 117681 40
CPU3 30.426484 117642 strsm strsm CUDA1 0.056356 117682 40
CPU2 30.625850 117643 strsm strsm CUDA0 2.768712 117683 40
CPU9 30.497554 117644 strsm strsm CUDA0 2.961841 117684 40
CPU9 30.515465 117645 strsm strsm CUDA1 2.829427 117685 40
CPU7 30.686047 117646 strsm strsm CUDA0 2.805751 117686 40
CPU5 30.298444 117647 strsm strsm CUDA2 14.210831 117687 40
CPU0 30.681055 117648 strsm strsm CUDA0 0.058428 117688 40
CPU6 25.328740 117651 ssyrk ssyrk CUDA2 0.574767 117691 40
CPU11 44.781045 117652 sgemm sgemm CUDA2 1.050668 117692 40
CPU18 45.106053 117653 sgemm sgemm CUDA2 1.051379 117693 40
CPU5 45.316309 117654 sgemm sgemm CUDA1 0.995300 117694 40
CPU19 44.856812 117655 sgemm sgemm CUDA0 1.047233 117695 40
CPU2 45.282755 117656 sgemm sgemm CUDA0 1.188746 117696 40
CPU3 45.136424 117657 sgemm sgemm CUDA1 1.220453 117697 40
CPU2 45.286513 117658 sgemm sgemm CUDA0 1.162385 117698 40
CPU9 45.128672 117659 sgemm sgemm CUDA0 1.229657 117699 40
CPU9 45.172509 117660 sgemm sgemm CUDA1 1.156388 117700 40
CPU7 45.179158 117661 sgemm sgemm CUDA0 12.098496 117701 40
CPU5 45.084737 117662 sgemm sgemm CUDA2 1.103753 117702 40
CPU0 45.171746 117663 sgemm sgemm CUDA0 8.807152 117703 40
CPU9 25.105081 117666 ssyrk ssyrk CUDA0 0.639129 117706 40
CPU18 44.878010 117667 sgemm sgemm CUDA1 1.161230 117707 40
CPU4 45.297403 117668 sgemm sgemm CUDA0 1.216479 117708 40
CPU19 44.624959 117669 sgemm sgemm CUDA0 1.163502 117709 40
CPU2 45.212444 117670 sgemm sgemm CUDA0 12.922375 117710 40
CPU3 45.050069 117671 sgemm sgemm CUDA1 0.993277 117711 40
CPU9 45.184432 117672 sgemm sgemm CUDA0 1.047906 117712 40
CPU7 45.225959 117673 sgemm sgemm CUDA0 1.160065 117713 40
CPU8 45.136600 117674 sgemm sgemm CUDA1 0.245835 117714 40
CPU3 45.157269 117675 sgemm sgemm CUDA1 0.970254 117715 40
CPU5 44.969737 117676 sgemm sgemm CUDA2 1.041199 117716 40
CPU5 44.905825 117677 sgemm sgemm CUDA1 0.060378 117717 40
CPU18 25.004708 117680 ssyrk ssyrk CUDA1 0.045787 117720 40
CPU18 44.915162 117681 sgemm sgemm CUDA1 1.223516 117721 40
CPU18 44.941786 117682 sgemm sgemm CUDA0 0.991545 117722 40
CPU18 44.768909 117683 sgemm sgemm CUDA0 0.984904 117723 40
CPU18 44.756689 117684 sgemm sgemm CUDA1 13.819389 117724 40
CPU18 44.822754 117685 sgemm sgemm CUDA0 1.171432 117725 40
CPU18 44.905503 117686 sgemm sgemm CUDA0 1.163325 117726 40
CPU18 44.914881 117687 sgemm sgemm CUDA1 0.042154 117727 40
CPU18 44.670180 117688 sgemm sgemm CUDA1 0.989289 117728 40
CPU18 45.080093 117689 sgemm sgemm CUDA2 1.162338 117729 40
CPU3 44.946887 117690 sgemm sgemm CUDA1 1.215824 117730 40
CPU1 24.991917 117693 ssyrk ssyrk CUDA1 0.574931 117733 40
CPU13 44.785033 117694 sgemm sgemm CUDA0 1.159177 117734 40
CPU8 44.925694 117695 sgemm sgemm CUDA0 1.139555 117735 40
CPU2 45.186848 117696 sgemm sgemm CUDA1 0.993606 117736 40
CPU0 45.337010 117697 sgemm sgemm CUDA0 1.167023 117737 40
CPU10 44.844477 117698 sgemm sgemm CUDA0 0.985722 117738 40
CPU2 45.188843 117699 sgemm sgemm CUDA1 1.156270 117739 40
CPU4 45.363539 117700 sgemm sgemm CUDA1 12.088881 117740 40
CPU5 44.949181 117701 sgemm sgemm CUDA2 1.224224 117741 40
CPU1 44.867787 117702 sgemm sgemm CUDA1 12.599346 117742 40
CPU19 24.983691 117705 ssyrk ssyrk CUDA3 2.437714 117745 40
CPU19 44.678270 117706 sgemm sgemm CUDA0 1.306005 117746 40
CPU3 45.371097 117707 sgemm sgemm CUDA1 0.993013 117747 40
CPU5 44.596360 117708 sgemm sgemm CUDA0 0.995768 117748 40
CPU19 44.573927 117709 sgemm sgemm CUDA0 1.163754 117749 40
CPU19 44.635189 117710 sgemm sgemm CUDA1 0.987615 117750 40
CPU11 44.583531 117711 sgemm sgemm CUDA0 1.162433 117751 40
CPU5 45.074595 117712 sgemm sgemm CUDA0 0.050378 117752 40
CPU4 45.108478 117713 sgemm sgemm CUDA1 1.157829 117753 40
CPU1 25.000229 117716 ssyrk ssyrk CUDA0 0.570829 117756 40
CPU2 44.911168 117717 sgemm sgemm CUDA0 0.996137 117757 40
CPU2 45.017105 117718 sgemm sgemm CUDA0 2.314458 117758 40
CPU5 45.211209 117719 sgemm sgemm CUDA0 1.227801 117759 40
CPU7 44.968558 117720 sgemm sgemm CUDA1 1.216756 117760 40
CPU7 45.157503 117721 sgemm sgemm CUDA0 1.161173 117761 40
CPU5 45.264644 117722 sgemm sgemm CUDA0 1.218754 117762 40
CPU0 44.948303 117723 sgemm sgemm CUDA0 0.046723 117763 40
CPU0 25.660886 117726 ssyrk ssyrk CUDA1 0.629202 117766 40
CPU3 45.306921 117727 sgemm sgemm CUDA1 1.154168 117767 40
CPU0 45.610449 117728 sgemm sgemm CUDA0 1.164743 117768 40
CPU2 45.278842 117729 sgemm sgemm CUDA1 0.041626 117769 40
CPU7 45.514125 117730 sgemm sgemm CUDA1 0.075476 117770 40
CPU8 45.092641 117731 sgemm sgemm CUDA0 0.054533 117771 40
CPU6 44.722455 117732 sgemm sgemm CUDA1 1.164509 117772 40
CPU9 25.055643 117735 ssyrk ssyrk CUDA0 12.331364 117775 40
CPU1 45.381638 117736 sgemm sgemm CUDA0 0.991641 117776 40
CPU7 45.296604 117737 sgemm sgemm CUDA1 0.993204 117777 40
CPU7 45.438892 117738 sgemm sgemm CUDA0 1.165933 117778 40
CPU5 45.197512 117739 sgemm sgemm CUDA3 0.998851 117779 40
CPU7 45.271583 117740 sgemm sgemm CUDA0 15.900246 117780 40
CPU8 24.601480 117743 ssyrk ssyrk CUDA0 0.644272 117783 40
CPU9 45.199177 117744 sgemm sgemm CUDA2 1.047389 117784 40
CPU11 44.671733 117745 sgemm sgemm CUDA0 12.929478 117785 40
CPU2 45.258868 117746 sgemm sgemm CUDA0 2.403398 117786 40
CPU9 44.697353 117747 sgemm sgemm CUDA0 1.293427 117787 40
CPU6 25.042216 117750 ssyrk ssyrk CUDA1 0.631718 117790 40
CPU16 45.190574 117751 sgemm sgemm CUDA1 11.510228 117791 40
CPU19 44.972008 117752 sgemm sgemm CUDA2 1.224180 117792 40
CPU8 44.595789 117753 sgemm sgemm CUDA1 1.160747 117793 40
CPU4 25.262173 117756 ssyrk ssyrk CUDA0 0.565986 117796 40
CPU5 45.024093 117757 sgemm sgemm CUDA0 1.168023 117797 40
CPU4 45.297124 117758 sgemm sgemm CUDA0 0.991950 117798 40
CPU4 25.232485 117761 ssyrk ssyrk CUDA2 12.176906 117801 40
CPU8 44.670284 117762 sgemm sgemm CUDA0 1.221073 117802 40
CPU3 24.385989 117765 ssyrk ssyrk CUDA0 0.637250 117805 40
CPU6 13.599411 117768 spotrf spotrf CPU -1 117808 40
CPU11 30.224125 117769 strsm strsm CUDA2 12.719257 117809 40
CPU18 30.259289 117770 strsm strsm CUDA2 2.683078 117810 40
CPU5 30.139069 117771 strsm strsm CUDA1 2.822622 117811 40
CPU19 30.591016 117772 strsm strsm CUDA0 2.781672 117812 40
CPU2 30.055701 117773 strsm strsm CUDA0 2.758985 117813 40
CPU3 29.934641 117774 strsm strsm CUDA1 0.064840 117814 40
CPU0 30.603982 117775 strsm strsm CUDA0 12.299478 117815 40
CPU9 29.901980 117776 strsm strsm CUDA0 2.881819 117816 40
CPU8 30.064370 117777 strsm strsm CUDA1 2.866795 117817 40
CPU4 30.430485 117778 strsm strsm CUDA0 2.722735 117818 40
CPU7 30.640854 117779 strsm strsm CUDA2 3.380540 117819 40
CPU9 29.926619 117780 strsm strsm CUDA0 2.845358 117820 40
CPU11 25.122627 117783 ssyrk ssyrk CUDA2 0.635453 117823 40
CPU18 45.216133 117784 sgemm sgemm CUDA2 0.939458 117824 40
CPU11 44.917559 117785 sgemm sgemm CUDA0 1.051074 117825 40
CPU19 44.957187 117786 sgemm sgemm CUDA0 1.216586 117826 40
CPU11 44.774804 117787 sgemm sgemm CUDA0 1.049582 117827 40
CPU3 44.797474 117788 sgemm sgemm CUDA1 0.943439 117828 40
CPU0 45.597512 117789 sgemm sgemm CUDA0 0.993595 117829 40
CPU9 44.929739 117790 sgemm sgemm CUDA0 12.555523 117830 40
CPU8 44.811362 117791 sgemm sgemm CUDA1 1.165061 117831 40
CPU4 45.018913 117792 sgemm sgemm CUDA1 11.976065 117832 40
CPU7 45.240861 117793 sgemm sgemm CUDA2 1.380482 117833 40
CPU9 44.707788 117794 sgemm sgemm CUDA0 0.934975 117834 40
CPU18 25.274665 117797 ssyrk ssyrk CUDA3 0.868999 117837 40
CPU18 45.022649 117798 sgemm sgemm CUDA3 12.639485 117838 40
CPU18 44.768978 117799 sgemm sgemm CUDA3 18.079516 117839 40
CPU18 45.146054 117800 sgemm sgemm CUDA0 1.298180 117840 40
CPU18 45.101267 117801 sgemm sgemm CUDA1 1.224042 117841 40
CPU18 45.107123 117802 sgemm sgemm CUDA0 12.922937 117842 40
CPU18 45.303613 117803 sgemm sgemm CUDA0 1.218420 117843 40
CPU18 45.270038 117804 sgemm sgemm CUDA1 1.152762 117844 40
CPU18 45.284422 117805 sgemm sgemm CUDA1 0.071955 117845 40
CPU18 45.592182 117806 sgemm sgemm CUDA2 1.239056 117846 40
CPU18 45.298815 117807 sgemm sgemm CUDA1 0.993118 117847 40
CPU5 25.239726 117810 ssyrk ssyrk CUDA1 13.994849 117850 40
CPU13 44.813537 117811 sgemm sgemm CUDA0 0.043400 117851 40
CPU2 45.035793 117812 sgemm sgemm CUDA0 0.994237 117852 40
CPU0 45.028324 117813 sgemm sgemm CUDA1 12.540285 117853 40
CPU9 45.580296 117814 sgemm sgemm CUDA0 1.050546 117854 40
CPU10 45.063979 117815 sgemm sgemm CUDA0 0.991819 117855 40
CPU2 44.828709 117816 sgemm sgemm CUDA1 0.992511 117856 40
CPU1 45.033977 117817 sgemm sgemm CUDA1 0.066218 117857 40
CPU4 45.155816 117818 sgemm sgemm CUDA2 1.162948 117858 40
CPU4 44.891226 117819 sgemm sgemm CUDA1 1.220999 117859 40
CPU19 24.874834 117822 ssyrk ssyrk CUDA3 0.062898 117862 40
CPU19 44.798743 117823 sgemm sgemm CUDA0 0.325363 117863 40
CPU3 45.043210 117824 sgemm sgemm CUDA1 1.053538 117864 40
CPU7 45.364610 117825 sgemm sgemm CUDA3 1.497290 117865 40
CPU19 44.952167 117826 sgemm sgemm CUDA0 1.284478 117866 40
CPU19 44.912466 117827 sgemm sgemm CUDA1 1.224201 117867 40
CPU11 44.807177 117828 sgemm sgemm CUDA0 1.160683 117868 40
CPU6 45.299858 117829 sgemm sgemm CUDA3 1.047805 117869 40
CPU3 44.551835 117830 sgemm sgemm CUDA1 1.132740 117870 40
CPU8 24.665158 117833 ssyrk ssyrk CUDA0 0.569264 117873 40
CPU2 44.571423 117834 sgemm sgemm CUDA0 0.184593 117874 40
CPU0 45.335808 117835 sgemm sgemm CUDA0 12.308484 117875 40
CPU8 44.598816 117836 sgemm sgemm CUDA0 1.184028 117876 40
CPU7 44.547733 117837 sgemm sgemm CUDA1 1.050432 117877 40
CPU4 44.896364 117838 sgemm sgemm CUDA0 0.053967 117878 40
CPU7 45.134482 117839 sgemm sgemm CUDA0 11.370203 117879 40
CPU0 45.018640 117840 sgemm sgemm CUDA0 0.985591 117880 40
CPU0 25.184664 117843 ssyrk ssyrk CUDA1 0.563965 117883 40
CPU1 44.970059 117844 sgemm sgemm CUDA1 1.222151 117884 40
CPU3 44.752331 117845 sgemm sgemm CUDA0 1.138798 117885 40
CPU2 44.575201 117846 sgemm sgemm CUDA1 0.994193 117886 40
CPU7 44.704606 117847 sgemm sgemm CUDA1 1.156858 117887 40
CPU8 44.717715 117848 sgemm sgemm CUDA0 0.049025 117888 40
CPU2 44.400814 117849 sgemm sgemm CUDA1 0.301022 117889 40
CPU9 24.972886 117852 ssyrk ssyrk CUDA0 0.274040 117892 40
CPU1 45.075119 117853 sgemm sgemm CUDA0 12.808587 117893 40
CPU5 44.994455 117854 sgemm sgemm CUDA1 1.224267 117894 40
CPU6 44.453473 117855 sgemm sgemm CUDA0 0.168846 117895 40
CPU5 45.122306 117856 sgemm sgemm CUDA3 1.163195 117896 40
CPU7 44.758644 117857 sgemm sgemm CUDA0 1.100250 117897 40
CPU7 25.059819 117860 ssyrk ssyrk CUDA0 12.446841 117900 40
CPU9 44.445618 117861 sgemm sgemm CUDA2 1.108827 117901 40
CPU11 45.199707 117862 sgemm sgemm CUDA0 0.937664 117902 40
CPU2 45.009079 117863 sgemm sgemm CUDA0 0.043111 117903 40
CPU7 44.509195 117864 sgemm sgemm CUDA0 1.162967 117904 40
CPU6 24.771934 117867 ssyrk ssyrk CUDA1 0.033065 117907 40
CPU16 45.292724 117868 sgemm sgemm CUDA1 0.911934 117908 40
CPU19 45.436540 117869 sgemm sgemm CUDA2 0.345633 117909 40
CPU9 44.372809 117870 sgemm sgemm CUDA1 0.284953 117910 40
CPU1 24.960321 117873 ssyrk ssyrk CUDA0 0.049909 117913 40
CPU5 45.009185 117874 sgemm sgemm CUDA0 0.990278 117914 40
CPU4 44.807573 117875 sgemm sgemm CUDA0 1.160807 117915 40
CPU0 25.308932 117878 ssyrk ssyrk CUDA2 0.947157 117918 40
CPU4 44.908388 117879 sgemm sgemm CUDA0 1.197996 117919 40
CPU3 24.478757 117882 ssyrk ssyrk CUDA0 0.630786 117922 40
CPU11 14.133501 117885 spotrf spotrf CPU -1 117925 40
CPU18 30.226574 117886 strsm strsm CUDA2 2.793133 117926 40
CPU11 30.230396 117887 strsm strsm CUDA0 2.822739 117927 40
CPU19 30.554000 117888 strsm strsm CUDA0 2.831878 117928 40
CPU11 30.400083 117889 strsm strsm CUDA0 2.858590 117929 40
CPU2 30.018917 117890 strsm strsm CUDA1 2.859279 117930 40
CPU7 30.489068 117891 strsm strsm CUDA0 2.850928 117931 40
CPU9 29.964218 117892 strsm strsm CUDA0 2.985937 117932 40
CPU8 29.896205 117893 strsm strsm CUDA1 0.052681 117933 40
CPU4 30.444443 117894 strsm strsm CUDA1 2.818433 117934 40
CPU5 30.270465 117895 strsm strsm CUDA2 0.064976 117935 40
CPU0 30.460486 117896 strsm strsm CUDA0 2.889830 117936 40
CPU18 25.448588 117899 ssyrk ssyrk CUDA2 0.634821 117939 40
CPU18 45.357536 117900 sgemm sgemm CUDA0 1.250765 117940 40
CPU18 44.849646 117901 sgemm sgemm CUDA0 0.041533 117941 40
CPU18 44.976696 117902 sgemm sgemm CUDA0 1.217799 117942 40
CPU18 44.990570 117903 sgemm sgemm CUDA1 0.987619 117943 40
CPU18 45.018653 117904 sgemm sgemm CUDA0 12.721795 117944 40
CPU18 45.179226 117905 sgemm sgemm CUDA0 0.993735 117945 40
CPU18 45.215861 117906 sgemm sgemm CUDA1 0.212435 117946 40
CPU18 45.185420 117907 sgemm sgemm CUDA1 1.166913 117947 40
CPU18 45.156876 117908 sgemm sgemm CUDA2 12.209186 117948 40
CPU18 45.473762 117909 sgemm sgemm CUDA0 0.990464 117949 40
CPU11 24.762217 117912 ssyrk ssyrk CUDA1 0.630935 117952 40
CPU13 45.265629 117913 sgemm sgemm CUDA0 0.196883 117953 40
CPU11 44.902388 117914 sgemm sgemm CUDA0 1.083644 117954 40
CPU2 44.978358 117915 sgemm sgemm CUDA1 1.144521 117955 40
CPU7 45.046766 117916 sgemm sgemm CUDA0 0.046725 117956 40
CPU10 45.149538 117917 sgemm sgemm CUDA0 1.298377 117957 40
CPU2 44.768211 117918 sgemm sgemm CUDA1 1.047244 117958 40
CPU4 45.187830 117919 sgemm sgemm CUDA1 0.987656 117959 40
CPU5 45.125555 117920 sgemm sgemm CUDA2 0.055168 117960 40
CPU0 45.139116 117921 sgemm sgemm CUDA1 1.054327 117961 40
CPU19 24.968583 117924 ssyrk ssyrk CUDA0 0.632425 117964 40
CPU19 44.858591 117925 sgemm sgemm CUDA0 13.144963 117965 40
CPU6 45.165104 117926 sgemm sgemm CUDA1 1.155993 117966 40
CPU9 45.119492 117927 sgemm sgemm CUDA0 0.051358 117967 40
CPU19 45.056591 117928 sgemm sgemm CUDA0 4.559086 117968 40
CPU19 45.168848 117929 sgemm sgemm CUDA1 0.053238 117969 40
CPU11 44.720280 117930 sgemm sgemm CUDA0 1.292845 117970 40
CPU3 45.258213 117931 sgemm sgemm CUDA0 1.217755 117971 40
CPU7 44.973968 117932 sgemm sgemm CUDA1 1.305454 117972 40
CPU11 25.073933 117935 ssyrk ssyrk CUDA0 12.281727 117975 40
CPU8 44.513465 117936 sgemm sgemm CUDA0 1.218805 117976 40
CPU4 45.069046 117937 sgemm sgemm CUDA0 1.161861 117977 40
CPU9 44.791914 117938 sgemm sgemm CUDA0 1.052545 117978 40
CPU8 44.892847 117939 sgemm sgemm CUDA1 0.987042 117979 40
CPU4 44.879657 117940 sgemm sgemm CUDA0 1.220268 117980 40
CPU7 45.049734 117941 sgemm sgemm CUDA0 1.136342 117981 40
CPU0 44.725741 117942 sgemm sgemm CUDA0 1.162960 117982 40
CPU5 24.787748 117945 ssyrk ssyrk CUDA1 0.577665 117985 40
CPU1 44.961633 117946 sgemm sgemm CUDA0 0.935156 117986 40
CPU3 44.561253 117947 sgemm sgemm CUDA0 1.149298 117987 40
CPU0 44.962828 117948 sgemm sgemm CUDA1 0.065071 117988 40
CPU7 44.667942 117949 sgemm sgemm CUDA1 0.415534 117989 40
CPU7 44.832023 117950 sgemm sgemm CUDA0 0.938280 117990 40
CPU9 44.573282 117951 sgemm sgemm CUDA1 8.277219 117991 40
CPU0 25.139994 117954 ssyrk ssyrk CUDA0 0.042028 117994 40
CPU1 44.978846 117955 sgemm sgemm CUDA0 0.051361 117995 40
CPU5 44.925682 117956 sgemm sgemm CUDA1 15.064467 117996 40
CPU7 44.925812 117957 sgemm sgemm CUDA0 1.121639 117997 40
CPU9 44.800004 117958 sgemm sgemm CUDA3 0.057304 117998 40
CPU7 44.752165 117959 sgemm sgemm CUDA0 5.953065 117999 40
CPU5 24.417475 117962 ssyrk ssyrk CUDA0 0.636416 118002 40
CPU6 44.693748 117963 sgemm sgemm CUDA2 0.049655 118003 40
CPU11 45.144016 117964 sgemm sgemm CUDA0 1.389240 118004 40
CPU1 44.767388 117965 sgemm sgemm CUDA0 13.624202 118005 40
CPU4 44.448608 117966 sgemm sgemm CUDA0 0.931430 118006 40
CPU7 24.900788 117969 ssyrk ssyrk CUDA1 0.868411 118009 40
CPU1 44.690629 117970 sgemm sgemm CUDA1 1.106853 118010 40
CPU19 45.278517 117971 sgemm sgemm CUDA2 0.796378 118011 40
CPU9 44.058122 117972 sgemm sgemm CUDA1 0.941004 118012 40
CPU4 25.133476 117975 ssyrk ssyrk CUDA1 0.632769 118015 40
CPU5 44.795890 117976 sgemm sgemm CUDA0 0.812130 118016 40
CPU4 44.884108 117977 sgemm sgemm CUDA0 13.080881 118017 40
CPU2 24.637045 117980 ssyrk ssyrk CUDA2 0.064220 118020 40
CPU4 44.777943 117981 sgemm sgemm CUDA0 2.232735 118021 40
CPU7 24.739004 117984 ssyrk ssyrk CUDA0 0.047100 118024 40
CPU18 14.051157 117987 spotrf spotrf CPU -1 118027 40
CPU18 30.258114 117988 strsm strsm CUDA2 2.939208 118028 40
CPU18 30.021413 117989 strsm strsm CUDA0 2.610278 118029 40
CPU18 30.207556 117990 strsm strsm CUDA2 2.890433 118030 40
CPU18 29.956615 117991 strsm strsm CUDA1 1.116912 118031 40
CPU18 30.192050 117992 strsm strsm CUDA2 2.852956 118032 40
CPU18 30.228406 117993 strsm strsm CUDA2 2.934469 118033 40
CPU18 30.261755 117994 strsm strsm CUDA1 13.315802 118034 40
CPU18 29.948656 117995 strsm strsm CUDA1 12.938066 118035 40
CPU18 30.178032 117996 strsm strsm CUDA2 8.244390 118036 40
CPU18 30.235151 117997 strsm strsm CUDA0 2.809772 118037 40
CPU18 25.066090 118000 ssyrk ssyrk CUDA2 0.517027 118040 40
CPU18 44.896840 118001 sgemm sgemm CUDA0 0.940602 118041 40
CPU18 44.933815 118002 sgemm sgemm CUDA2 0.055925 118042 40
CPU18 45.338458 118003 sgemm sgemm CUDA1 1.224337 118043 40
CPU18 45.205425 118004 sgemm sgemm CUDA2 1.222390 118044 40
CPU18 45.057862 118005 sgemm sgemm CUDA0 1.219324 118045 40
CPU18 45.179094 118006 sgemm sgemm CUDA1 1.159031 118046 40
CPU18 44.973974 118007 sgemm sgemm CUDA1 1.395423 118047 40
CPU18 45.093561 118008 sgemm sgemm CUDA2 0.098202 118048 40
CPU18 45.238269 118009 sgemm sgemm CUDA1 1.143512 118049 40
CPU18 24.608768 118012 ssyrk ssyrk CUDA0 0.049866 118052 40
CPU18 44.653491 118013 sgemm sgemm CUDA0 0.997017 118053 40
CPU18 45.249999 118014 sgemm sgemm CUDA0 1.218649 118054 40
CPU18 44.883237 118015 sgemm sgemm CUDA0 1.159818 118055 40
CPU18 44.779119 118016 sgemm sgemm CUDA0 1.131966 118056 40
CPU18 44.894591 118017 sgemm sgemm CUDA3 12.099828 118057 40
CPU18 44.838722 118018 sgemm sgemm CUDA0 0.931752 118058 40
CPU18 44.939243 118019 sgemm sgemm CUDA0 12.750504 118059 40
CPU18 45.085650 118020 sgemm sgemm CUDA0 1.221217 118060 40
CPU18 25.196717 118023 ssyrk ssyrk CUDA2 12.271798 118063 40
CPU18 45.162444 118024 sgemm sgemm CUDA1 1.160268 118064 40
CPU18 45.072563 118025 sgemm sgemm CUDA2 1.102527 118065 40
CPU18 45.005180 118026 sgemm sgemm CUDA0 0.990748 118066 40
CPU18 45.297099 118027 sgemm sgemm CUDA1 0.802532 118067 40
CPU18 45.294306 118028 sgemm sgemm CUDA0 0.992284 118068 40
CPU18 44.998456 118029 sgemm sgemm CUDA2 1.048303 118069 40
CPU18 45.198613 118030 sgemm sgemm CUDA0 4.750852 118070 40
CPU18 24.680145 118033 ssyrk ssyrk CUDA1 0.829219 118073 40
CPU18 45.002868 118034 sgemm sgemm CUDA0 1.048572 118074 40
CPU18 44.796933 118035 sgemm sgemm CUDA0 0.994620 118075 40
CPU18 44.823270 118036 sgemm sgemm CUDA1 0.930903 118076 40
CPU18 45.376886 118037 sgemm sgemm CUDA1 1.217067 118077 40
CPU18 44.979417 118038 sgemm sgemm CUDA0 1.050570 118078 40
CPU18 45.169811 118039 sgemm sgemm CUDA1 0.247025 118079 40
CPU18 25.056322 118042 ssyrk ssyrk CUDA2 0.504472 118082 40
CPU18 44.956084 118043 sgemm sgemm CUDA0 10.947225 118083 40
CPU18 45.021423 118044 sgemm sgemm CUDA1 1.158615 118084 40
CPU18 45.158571 118045 sgemm sgemm CUDA0 0.991068 118085 40
CPU18 45.064870 118046 sgemm sgemm CUDA3 1.049669 118086 40
CPU7 44.635077 118047 sgemm sgemm CUDA0 0.992996 118087 40
CPU18 25.201580 118050 ssyrk ssyrk CUDA0 0.831264 118090 40
CPU18 45.269639 118051 sgemm sgemm CUDA0 1.211732 118091 40
CPU18 45.178143 118052 sgemm sgemm CUDA0 0.991859 118092 40
CPU18 45.145713 118053 sgemm sgemm CUDA0 1.048297 118093 40
CPU18 45.298687 118054 sgemm sgemm CUDA0 0.972992 118094 40
CPU18 25.093778 118057 ssyrk ssyrk CUDA1 0.046063 118097 40
CPU18 45.063251 118058 sgemm sgemm CUDA1 0.993713 118098 40
CPU18 45.181398 118059 sgemm sgemm CUDA0 1.161181 118099 40
CPU18 45.261838 118060 sgemm sgemm CUDA1 1.175933 118100 40
CPU18 24.815981 118063 ssyrk ssyrk CUDA1 0.830046 118103 40
CPU18 45.122797 118064 sgemm sgemm CUDA0 0.041147 118104 40
CPU3 45.211553 118065 sgemm sgemm CUDA0 0.967238 118105 40
CPU18 24.996564 118068 ssyrk ssyrk CUDA2 0.227363 118108 40
CPU18 44.988461 118069 sgemm sgemm CUDA0 0.040359 118109 40
CPU18 25.125961 118072 ssyrk ssyrk CUDA0 0.834470 118112 40
CPU18 13.716948 118075 spotrf spotrf CPU -1 118115 40
CPU18 29.891728 118076 strsm strsm CUDA0 14.426200 118116 40
CPU18 30.245580 118077 strsm strsm CUDA1 2.872762 118117 40
CPU18 29.940105 118078 strsm strsm CUDA1 12.462182 118118 40
CPU18 30.224355 118079 strsm strsm CUDA2 2.760801 118119 40
CPU18 29.925284 118080 strsm strsm CUDA0 12.543001 118120 40
CPU18 30.152601 118081 strsm strsm CUDA1 2.821463 118121 40
CPU18 29.834094 118082 strsm strsm CUDA1 13.492575 118122 40
CPU18 30.196715 118083 strsm strsm CUDA1 2.945602 118123 40
CPU18 30.169422 118084 strsm strsm CUDA1 0.132296 118124 40
CPU18 24.898071 118087 ssyrk ssyrk CUDA0 0.835365 118127 40
CPU18 45.452824 118088 sgemm sgemm CUDA1 1.195711 118128 40
CPU16 45.281374 118089 sgemm sgemm CUDA0 0.060341 118129 40
CPU17 44.919144 118090 sgemm sgemm CUDA0 1.156658 118130 40
CPU17 45.102080 118091 sgemm sgemm CUDA0 1.108767 118131 40
CPU18 44.794171 118092 sgemm sgemm CUDA1 1.217775 118132 40
CPU16 44.819740 118093 sgemm sgemm CUDA0 0.933916 118133 40
CPU16 44.924503 118094 sgemm sgemm CUDA0 1.247422 118134 40
CPU18 44.856472 118095 sgemm sgemm CUDA0 0.113326 118135 40
CPU17 25.975220 118098 ssyrk ssyrk CUDA2 0.719812 118138 40
CPU15 45.119573 118099 sgemm sgemm CUDA1 0.054510 118139 40
CPU18 44.964283 118100 sgemm sgemm CUDA2 0.201021 118140 40
CPU16 45.081135 118101 sgemm sgemm CUDA2 0.061205 118141 40
CPU18 45.079061 118102 sgemm sgemm CUDA1 0.853766 118142 40
CPU17 45.173196 118103 sgemm sgemm CUDA0 1.214615 118143 40
CPU15 44.925222 118104 sgemm sgemm CUDA2 12.187427 118144 40
CPU15 44.551195 118105 sgemm sgemm CUDA0 0.997909 118145 40
CPU18 24.696440 118108 ssyrk ssyrk CUDA1 0.630330 118148 40
CPU15 44.774069 118109 sgemm sgemm CUDA2 0.057114 118149 40
CPU18 44.839453 118110 sgemm sgemm CUDA0 0.937022 118150 40
CPU16 44.791458 118111 sgemm sgemm CUDA1 24.768593 118151 40
CPU18 44.691130 118112 sgemm sgemm CUDA1 0.039719 118152 40
CPU18 45.007283 118113 sgemm sgemm CUDA1 1.049856 118153 40
CPU17 44.986837 118114 sgemm sgemm CUDA1 3.514099 118154 40
CPU18 24.771361 118117 ssyrk ssyrk CUDA2 0.516157 118157 40
CPU15 44.984813 118118 sgemm sgemm CUDA0 0.994078 118158 40
CPU17 45.200480 118119 sgemm sgemm CUDA1 1.327633 118159 40
CPU15 44.842262 118120 sgemm sgemm CUDA0 1.048567 118160 40
CPU17 45.086798 118121 sgemm sgemm CUDA3 1.402121 118161 40
CPU16 44.979684 118122 sgemm sgemm CUDA0 1.303377 118162 40
CPU16 24.921285 118125 ssyrk ssyrk CUDA0 0.814644 118165 40
CPU15 45.000422 118126 sgemm sgemm CUDA0 1.163852 118166 40
CPU17 44.962732 118127 sgemm sgemm CUDA0 0.998599 118167 40
CPU15 45.032287 118128 sgemm sgemm CUDA0 1.049344 118168 40
CPU18 45.092277 118129 sgemm sgemm CUDA0 1.045708 118169 40
CPU18 25.218942 118132 ssyrk ssyrk CUDA1 0.321419 118172 40
CPU18 44.882118 118133 sgemm sgemm CUDA1 0.040437 118173 40
CPU18 45.084386 118134 sgemm sgemm CUDA0 0.853649 118174 40
CPU15 45.367565 118135 sgemm sgemm CUDA1 12.108924 118175 40
CPU18 24.615681 118138 ssyrk ssyrk CUDA1 0.075799 118178 40
CPU17 45.395589 118139 sgemm sgemm CUDA0 0.999106 118179 40
CPU18 44.694344 118140 sgemm sgemm CUDA0 1.053541 118180 40
CPU18 25.302661 118143 ssyrk ssyrk CUDA2 0.054365 118183 40
CPU16 45.218399 118144 sgemm sgemm CUDA0 0.258168 118184 40
CPU17 25.494507 118147 ssyrk ssyrk CUDA3 0.630425 118187 40
CPU18 13.737049 118150 spotrf spotrf CPU -1 118190 40
CPU17 30.427362 118151 strsm strsm CUDA1 3.840471 118191 40
CPU16 29.840734 118152 strsm strsm CUDA0 2.859626 118192 40
CPU17 30.572546 118153 strsm strsm CUDA0 2.810750 118193 40
CPU17 30.415878 118154 strsm strsm CUDA0 2.733906 118194 40
CPU15 29.912012 118155 strsm strsm CUDA0 2.846188 118195 40
CPU16 29.935762 118156 strsm strsm CUDA0 14.245622 118196 40
CPU16 30.167972 118157 strsm strsm CUDA0 2.806697 118197 40
CPU18 30.174077 118158 strsm strsm CUDA0 4.540788 118198 40
CPU17 25.204535 118161 ssyrk ssyrk CUDA1 0.703623 118201 40
CPU17 44.768849 118162 sgemm sgemm CUDA1 5.512037 118202 40
CPU16 44.987813 118163 sgemm sgemm CUDA2 0.939057 118203 40
CPU17 44.842403 118164 sgemm sgemm CUDA0 1.049722 118204 40
CPU15 44.892852 118165 sgemm sgemm CUDA0 1.159143 118205 40
CPU17 44.990046 118166 sgemm sgemm CUDA0 0.992807 118206 40
CPU16 44.811633 118167 sgemm sgemm CUDA1 1.192627 118207 40
CPU18 45.060004 118168 sgemm sgemm CUDA0 1.161612 118208 40
CPU16 24.771419 118171 ssyrk ssyrk CUDA1 0.633239 118211 40
CPU15 44.667441 118172 sgemm sgemm CUDA2 2.657821 118212 40
CPU17 44.790382 118173 sgemm sgemm CUDA0 1.158004 118213 40
CPU15 44.638920 118174 sgemm sgemm CUDA0 1.220057 118214 40
CPU16 44.849241 118175 sgemm sgemm CUDA1 0.977213 118215 40
CPU16 44.974254 118176 sgemm sgemm CUDA1 10.984511 118216 40
CPU18 44.935285 118177 sgemm sgemm CUDA1 0.976160 118217 40
CPU18 24.656598 118180 ssyrk ssyrk CUDA2 0.934668 118220 40
CPU15 44.950241 118181 sgemm sgemm CUDA0 1.159943 118221 40
CPU15 44.735276 118182 sgemm sgemm CUDA3 1.217695 118222 40
CPU15 44.792845 118183 sgemm sgemm CUDA0 0.990916 118223 40
CPU16 44.756170 118184 sgemm sgemm CUDA3 12.992681 118224 40
CPU18 45.145630 118185 sgemm sgemm CUDA0 12.058753 118225 40
CPU16 24.991428 118188 ssyrk ssyrk CUDA0 0.209289 118228 40
CPU15 44.726761 118189 sgemm sgemm CUDA0 1.163470 118229 40
CPU17 44.839761 118190 sgemm sgemm CUDA0 1.166999 118230 40
CPU15 44.815034 118191 sgemm sgemm CUDA0 1.273835 118231 40
CPU18 44.979375 118192 sgemm sgemm CUDA0 1.160218 118232 40
CPU15 24.937394 118195 ssyrk ssyrk CUDA0 0.643197 118235 40
CPU15 44.668740 118196 sgemm sgemm CUDA1 1.053803 118236 40
CPU15 44.822787 118197 sgemm sgemm CUDA0 0.993563 118237 40
CPU18 44.918307 118198 sgemm sgemm CUDA1 1.448092 118238 40
CPU18 24.708225 118201 ssyrk ssyrk CUDA0 7.067178 118241 40
CPU17 44.900449 118202 sgemm sgemm CUDA0 12.649414 118242 40
CPU18 44.703140 118203 sgemm sgemm CUDA0 11.345297 118243 40
CPU18 24.783398 118206 ssyrk ssyrk CUDA0 0.636313 118246 40
CPU18 44.843032 118207 sgemm sgemm CUDA0 1.236601 118247 40
CPU18 25.085273 118210 ssyrk ssyrk CUDA3 12.455755 118250 40
CPU17 14.002589 118213 spotrf spotrf CPU -1 118253 40
CPU17 30.579686 118214 strsm strsm CUDA1 2.843002 118254 40
CPU16 30.310331 118215 strsm strsm CUDA1 2.768153 118255 40
CPU17 30.851488 118216 strsm strsm CUDA0 2.655402 118256 40
CPU15 30.316886 118217 strsm strsm CUDA0 2.789535 118257 40
CPU17 30.555109 118218 strsm strsm CUDA1 25.360047 118258 40
CPU16 30.302287 118219 strsm strsm CUDA1 2.866630 118259 40
CPU18 30.268835 118220 strsm strsm CUDA0 2.860931 118260 40
CPU17 25.263035 118223 ssyrk ssyrk CUDA1 0.518239 118263 40
CPU17 45.188258 118224 sgemm sgemm CUDA0 1.463921 118264 40
CPU16 44.856218 118225 sgemm sgemm CUDA0 11.134683 118265 40
CPU15 44.723374 118226 sgemm sgemm CUDA0 1.135926 118266 40
CPU17 44.761135 118227 sgemm sgemm CUDA1 0.154986 118267 40
CPU16 44.932283 118228 sgemm sgemm CUDA1 1.224872 118268 40
CPU18 45.192500 118229 sgemm sgemm CUDA1 0.209357 118269 40
CPU16 24.793878 118232 ssyrk ssyrk CUDA3 0.911685 118272 40
CPU17 45.186697 118233 sgemm sgemm CUDA0 0.174146 118273 40
CPU15 44.898383 118234 sgemm sgemm CUDA3 1.049409 118274 40
CPU16 45.030258 118235 sgemm sgemm CUDA0 1.101085 118275 40
CPU16 44.907114 118236 sgemm sgemm CUDA1 0.488630 118276 40
CPU18 45.188594 118237 sgemm sgemm CUDA0 1.247597 118277 40
CPU17 25.512794 118240 ssyrk ssyrk CUDA0 0.626643 118280 40
CPU15 45.202570 118241 sgemm sgemm CUDA0 0.315869 118281 40
CPU17 45.153398 118242 sgemm sgemm CUDA0 1.052662 118282 40
CPU16 45.195288 118243 sgemm sgemm CUDA0 0.991334 118283 40
CPU18 45.249065 118244 sgemm sgemm CUDA3 13.255904 118284 40
CPU15 25.170479 118247 ssyrk ssyrk CUDA0 12.246574 118287 40
CPU15 44.930298 118248 sgemm sgemm CUDA1 0.940244 118288 40
CPU15 45.079482 118249 sgemm sgemm CUDA0 0.053219 118289 40
CPU18 45.158864 118250 sgemm sgemm CUDA1 5.834467 118290 40
CPU16 24.569070 118253 ssyrk ssyrk CUDA0 0.635519 118293 40
CPU17 44.859370 118254 sgemm sgemm CUDA1 1.991251 118294 40
CPU18 44.835510 118255 sgemm sgemm CUDA0 2.161256 118295 40
CPU16 24.741115 118258 ssyrk ssyrk CUDA1 0.753656 118298 40
CPU17 45.071283 118259 sgemm sgemm CUDA0 22.718020 118299 40
CPU18 25.148276 118262 ssyrk ssyrk CUDA3 0.638720 118302 40
CPU17 13.611793 118265 spotrf spotrf CPU -1 118305 40
CPU17 30.412363 118266 strsm strsm CUDA0 2.676613 118306 40
CPU16 29.901793 118267 strsm strsm CUDA0 14.413830 118307 40
CPU15 29.902711 118268 strsm strsm CUDA0 2.888957 118308 40
CPU17 30.422097 118269 strsm strsm CUDA1 2.863576 118309 40
CPU16 30.188062 118270 strsm strsm CUDA1 2.938183 118310 40
CPU16 30.309574 118271 strsm strsm CUDA1 2.754001 118311 40
CPU16 24.444565 118274 ssyrk ssyrk CUDA3 1.987233 118314 40
CPU17 44.899823 118275 sgemm sgemm CUDA0 1.156498 118315 40
CPU15 44.715322 118276 sgemm sgemm CUDA3 1.279090 118316 40
CPU16 44.668064 118277 sgemm sgemm CUDA0 1.215812 118317 40
CPU17 44.937522 118278 sgemm sgemm CUDA1 1.217888 118318 40
CPU16 45.289328 118279 sgemm sgemm CUDA0 1.051663 118319 40
CPU17 25.283043 118282 ssyrk ssyrk CUDA0 0.054863 118322 40
CPU15 44.833847 118283 sgemm sgemm CUDA0 0.052770 118323 40
CPU17 44.835057 118284 sgemm sgemm CUDA0 0.051703 118324 40
CPU16 45.250187 118285 sgemm sgemm CUDA1 1.355785 118325 40
CPU16 44.998671 118286 sgemm sgemm CUDA3 0.991162 118326 40
CPU15 24.901092 118289 ssyrk ssyrk CUDA0 0.573778 118329 40
CPU16 44.722466 118290 sgemm sgemm CUDA1 0.904029 118330 40
CPU15 44.734911 118291 sgemm sgemm CUDA0 1.104027 118331 40
CPU16 45.013754 118292 sgemm sgemm CUDA1 0.041731 118332 40
CPU17 24.896523 118295 ssyrk ssyrk CUDA1 0.516921 118335 40
CPU17 44.919266 118296 sgemm sgemm CUDA1 1.304621 118336 40
CPU16 44.860395 118297 sgemm sgemm CUDA0 1.049255 118337 40
CPU16 24.962199 118300 ssyrk ssyrk CUDA1 0.630642 118340 40
CPU16 44.987073 118301 sgemm sgemm CUDA2 0.047181 118341 40
CPU16 25.201135 118304 ssyrk ssyrk CUDA3 0.051028 118344 40
CPU16 13.697814 118307 spotrf spotrf CPU -1 118347 40
CPU15 29.907419 118308 strsm strsm CUDA0 0.056585 118348 40
CPU16 29.984495 118309 strsm strsm CUDA3 2.707366 118349 40
CPU16 29.851061 118310 strsm strsm CUDA0 2.761080 118350 40
CPU17 30.552616 118311 strsm strsm CUDA3 2.586856 118351 40
CPU16 30.220614 118312 strsm strsm CUDA0 0.043288 118352 40
CPU15 24.955885 118315 ssyrk ssyrk CUDA0 0.485637 118355 40
CPU15 44.820703 118316 sgemm sgemm CUDA0 6.250038 118356 40
CPU15 44.935972 118317 sgemm sgemm CUDA0 1.219263 118357 40
CPU17 44.588347 118318 sgemm sgemm CUDA1 1.301283 118358 40
CPU16 45.106137 118319 sgemm sgemm CUDA3 1.412882 118359 40
CPU15 24.784949 118322 ssyrk ssyrk CUDA3 1.060038 118362 40
CPU16 45.274677 118323 sgemm sgemm CUDA0 0.935943 118363 40
CPU16 44.781418 118324 sgemm sgemm CUDA3 0.048359 118364 40
CPU15 45.186025 118325 sgemm sgemm CUDA0 1.097681 118365 40
CPU16 24.485159 118328 ssyrk ssyrk CUDA2 0.834940 118368 40
CPU17 44.669659 118329 sgemm sgemm CUDA3 0.053189 118369 40
CPU16 44.875313 118330 sgemm sgemm CUDA0 1.221800 118370 40
CPU16 24.881668 118333 ssyrk ssyrk CUDA1 12.237880 118373 40
CPU16 44.914833 118334 sgemm sgemm CUDA3 0.351989 118374 40
CPU15 25.144663 118337 ssyrk ssyrk CUDA0 1.801801 118377 40
CPU15 14.153948 118340 spotrf spotrf CPU -1 118380 40
CPU15 30.299650 118341 strsm strsm CUDA2 3.089079 118381 40
CPU15 30.117964 118342 strsm strsm CUDA1 2.759181 118382 40
CPU16 30.479317 118343 strsm strsm CUDA1 2.968657 118383 40
CPU15 30.357041 118344 strsm strsm CUDA1 9.916825 118384 40
CPU15 25.265826 118347 ssyrk ssyrk CUDA2 17.843180 118387 40
CPU15 45.302164 118348 sgemm sgemm CUDA0 1.249894 118388 40
CPU15 45.411170 118349 sgemm sgemm CUDA2 1.113583 118389 40
CPU15 45.411971 118350 sgemm sgemm CUDA0 12.198006 118390 40
CPU15 25.090497 118353 ssyrk ssyrk CUDA1 0.930571 118393 40
CPU15 44.963116 118354 sgemm sgemm CUDA1 1.050878 118394 40
CPU15 45.042253 118355 sgemm sgemm CUDA0 1.051047 118395 40
CPU16 25.039085 118358 ssyrk ssyrk CUDA1 1.058115 118398 40
CPU15 45.068726 118359 sgemm sgemm CUDA1 1.050849 118399 40
CPU15 25.228862 118362 ssyrk ssyrk CUDA0 0.635363 118402 40
CPU15 14.135536 118365 spotrf spotrf CPU -1 118405 40
CPU15 30.075105 118366 strsm strsm CUDA0 24.940395 118406 40
CPU15 30.081956 118367 strsm strsm CUDA2 6.117524 118407 40
CPU15 94.246330 118368 strsm strsm CUDA0 2.669335 118408 40
CPU15 24.605990 118371 ssyrk ssyrk CUDA3 1.376052 118411 40
CPU15 45.013751 118372 sgemm sgemm CUDA3 1.052098 118412 40
CPU15 45.208914 118373 sgemm sgemm CUDA0 0.052900 118413 40
CPU15 24.814607 118376 ssyrk ssyrk CUDA1 5.125622 118416 40
CPU15 44.912506 118377 sgemm sgemm CUDA1 1.220926 118417 40
CPU15 25.193799 118380 ssyrk ssyrk CUDA0 0.638022 118420 40
CPU15 13.728055 118383 spotrf spotrf CPU -1 118423 40
CPU15 29.900230 118384 strsm strsm CUDA3 2.735519 118424 40
CPU15 29.818223 118385 strsm strsm CUDA0 3.105457 118425 40
CPU15 25.053372 118388 ssyrk ssyrk CUDA1 0.041626 118428 40
CPU15 44.543048 118389 sgemm sgemm CUDA1 1.287491 118429 40
CPU15 24.868357 118392 ssyrk ssyrk CUDA0 0.628065 118432 40
CPU15 13.624556 118395 spotrf spotrf CPU -1 118435 40
CPU15 29.903495 118396 strsm strsm CUDA0 2.752381 118436 40
CPU15 25.296835 118399 ssyrk ssyrk CUDA0 0.036015 118439 40
CPU15 14.023885 118402 spotrf spotrf CPU -1 118442 40
CPU17 31.624050 118405 strsm strsm CPU19 98.847581 118445 40
CPU17 32.660221 118407 strsm strsm CPU26 99.246288 118447 40
CPU17 31.993522 118409 strsm strsm CPU -1 118449 40
CPU17 31.689319 118411 strsm strsm CPU22 98.619154 118451 40
CPU17 31.407574 118413 strsm strsm CPU28 99.829414 118453 40
CPU13 31.982275 118415 strsm strsm CPU -1 118455 40
CPU8 31.806808 118417 strsm strsm CPU16 99.113354 118457 40
CPU8 34.160556 118419 strsm strsm CPU14 86.763572 118459 40
CPU6 31.833283 118421 strsm strsm CPU23 98.225549 118461 40
CPU17 30.639405 118423 strsm strsm CPU20 91.580467 118463 40
CPU1 31.908794 118425 strsm strsm CPU24 79.100651 118465 40
CPU17 30.840500 118427 strsm strsm CPU17 78.038588 118467 40
CPU17 30.623678 118429 strsm strsm CPU -1 118469 40
CPU6 31.691624 118431 strsm strsm CPU -1 118471 40
CPU17 32.179091 118433 strsm strsm CPU13 86.830929 118473 40
CPU17 31.949072 118435 strsm strsm CPU22 100.679041 118475 40
CPU14 32.190034 118437 strsm strsm CPU19 99.342037 118477 40
CPU14 30.991127 118439 strsm strsm CPU23 92.077463 118479 40
CPU0 31.446826 118441 strsm strsm CPU16 89.097424 118481 40
CPU15 30.645568 118443 strsm strsm CPU24 88.245732 118483 40
CPU17 31.177623 118445 strsm strsm CPU -1 118485 40
CPU1 30.603237 118447 strsm strsm CPU21 93.557893 118487 40
CPU15 30.479645 118449 strsm strsm CPU26 82.022881 118489 40
CPU14 31.190662 118451 strsm strsm CPU13 98.603064 118491 40
CPU18 30.488391 118453 strsm strsm CPU -1 118493 40
CPU17 30.544207 118455 strsm strsm CPU -1 118495 40
CPU6 31.219160 118457 strsm strsm CPU -1 118497 40
CPU16 30.738888 118459 strsm strsm CPU -1 118499 40
CPU6 31.368527 118461 strsm strsm CPU -1 118501 40
CPU15 30.378920 118463 strsm strsm CPU21 90.480256 118503 40
CPU17 30.509363 118465 strsm strsm CPU25 76.279285 118505 40
CPU8 31.008920 118467 strsm strsm CPU11 110.947121 118507 40
CPU13 31.277810 118469 strsm strsm CPU -1 118509 40
CPU16 31.999245 118471 strsm strsm CPU16 98.540359 118511 40
CPU15 30.454294 118473 strsm strsm CPU16 106.969999 118513 40
CPU8 30.356374 118475 strsm strsm CPU -1 118515 40
CPU10 31.232799 118477 strsm strsm CPU15 86.468373 118517 40
CPU13 31.347932 118479 strsm strsm CPU21 82.416831 118519 40
CPU11 30.520325 118481 strsm strsm CPU13 86.840544 118521 40
CPU7 30.966743 118483 strsm strsm CPU11 98.766345 118523 40
CPU2 30.658887 118485 strsm strsm CPU13 110.380324 118525 40
CPU1 30.678338 118487 strsm strsm CPU28 82.513975 118527 40
CPU11 30.788503 118489 strsm strsm CPU25 69.692129 118529 40
CPU17 31.821513 118491 strsm strsm CPU -1 118531 40
CPU13 32.067863 118493 strsm strsm CPU19 69.559516 118533 40
CPU15 30.566386 118495 strsm strsm CPU -1 118535 40
CPU11 30.712189 118497 strsm strsm CPU23 102.510044 118537 40
CPU11 30.859495 118499 strsm strsm CPU28 93.075023 118539 40
CPU8 30.742991 118501 strsm strsm CPU24 145.599582 118541 40
CPU15 15.343098 118603 strtri strtri CPU32 109.736949 118643 40
CPU12 31.251393 118605 strsm strsm CPU21 98.698190 118645 40
CPU11 30.988604 118607 strsm strsm CPU25 110.852264 118647 40
CPU17 31.500830 118609 strsm strsm CPU35 111.495448 118649 40
CPU9 30.745691 118611 strsm strsm CPU -1 118651 40
CPU12 31.235695 118613 strsm strsm CPU -1 118653 40
CPU0 32.448336 118615 strsm strsm CPU20 95.994030 118655 40
CPU8 30.805398 118617 strsm strsm CPU22 98.546874 118657 40
CPU17 30.613704 118619 strsm strsm CPU -1 118659 40
CPU17 31.037769 118621 strsm strsm CPU -1 118661 40
CPU17 31.208425 118623 strsm strsm CPU24 105.797203 118663 40
CPU17 31.685438 118625 strsm strsm CPU32 110.842763 118665 40
CPU8 30.584547 118627 strsm strsm CPU26 96.789137 118667 40
CPU3 30.545938 118629 strsm strsm CPU19 95.816658 118669 40
CPU9 31.585244 118631 strsm strsm CPU12 93.631915 118671 40
CPU7 31.265763 118633 strsm strsm CPU -1 118673 40
CPU14 31.141076 118635 strsm strsm CPU10 98.728079 118675 40
CPU17 31.169304 118637 strsm strsm CPU -1 118677 40
CPU17 31.312640 118639 strsm strsm CPU -1 118679 40
CPU9 30.842318 118641 strsm strsm CPU17 81.377654 118681 40
CPU7 31.080238 118643 strsm strsm CPU30 98.614894 118683 40
CPU7 31.122079 118645 strsm strsm CPU14 97.770889 118685 40
CPU9 30.725840 118647 strsm strsm CPU -1 118687 40
CPU13 31.280284 118649 strsm strsm CPU17 75.601997 118689 40
CPU14 31.049684 118651 strsm strsm CPU -1 118691 40
CPU16 30.610767 118653 strsm strsm CPU20 93.213201 118693 40
CPU14 30.973385 118655 strsm strsm CPU -1 118695 40
CPU17 30.657172 118657 strsm strsm CPU -1 118697 40
CPU6 31.410547 118659 strsm strsm CPU -1 118699 40
CPU15 30.289060 118661 strsm strsm CPU20 81.469209 118701 40
CPU4 31.731637 118663 strsm strsm CPU -1 118703 40
CPU14 30.973260 118665 strsm strsm CPU -1 118705 40
CPU6 31.195935 118667 strsm strsm CPU18 84.344769 118707 40
CPU4 31.693254 118669 strsm strsm CPU -1 118709 40
CPU19 30.992123 118671 strsm strsm CPU14 86.638385 118711 40
CPU8 30.384027 118673 strsm strsm CPU -1 118713 40
CPU13 31.116522 118675 strsm strsm CPU25 100.407739 118715 40
CPU19 31.065984 118677 strsm strsm CPU21 98.194463 118717 40
CPU8 30.834120 118679 strsm strsm CPU -1 118719 40
CPU9 30.444344 118681 strsm strsm CPU -1 118721 40
CPU9 30.644826 118683 strsm strsm CPU10 98.728010 118723 40
CPU11 30.561843 118685 strsm strsm CPU -1 118725 40
CPU10 30.958161 118687 strsm strsm CPU23 108.485219 118727 40
CPU3 30.455529 118689 strsm strsm CPU -1 118729 40
CPU5 31.131311 118691 strsm strsm CPU15 111.261246 118731 40
CPU2 30.903524 118693 strsm strsm CPU -1 118733 40
CPU7 31.244876 118695 strsm strsm CPU28 153.229727 118735 40
CPU4 30.850860 118697 strsm strsm CPU31 138.338239 118737 40
CPU1 30.735613 118699 strsm strsm CPU29 269.283932 118739 40
CPU12 44.863781 118701 sgemm sgemm CPU18 176.076680 118741 40
CPU17 45.333765 118704 sgemm sgemm CUDA0 1.302524 118744 40
CPU15 44.205432 118707 sgemm sgemm CUDA0 4.600966 118747 40
CPU3 44.650589 118710 sgemm sgemm CPU33 173.955314 118750 40
CPU19 44.721831 118713 sgemm sgemm CUDA0 0.078254 118753 40
CPU17 45.587890 118716 sgemm sgemm CPU15 176.373982 118756 40
CPU17 46.195216 118719 sgemm sgemm CUDA0 0.087284 118759 40
CPU16 44.396070 118722 sgemm sgemm CUDA0 11.638820 118762 40
CPU17 45.664284 118725 sgemm sgemm CUDA0 20.209556 118765 40
CPU17 45.385736 118728 sgemm sgemm CUDA3 0.964498 118768 40
CPU17 45.567807 118731 sgemm sgemm CUDA3 1.201426 118771 40
CPU15 44.617310 118734 sgemm sgemm CUDA0 15.221456 118774 40
CPU17 45.591864 118737 sgemm sgemm CUDA0 0.091814 118777 40
CPU17 45.356666 118740 sgemm sgemm CUDA3 0.091096 118780 40
CPU16 44.493756 118743 sgemm sgemm CUDA3 4.911227 118783 40
CPU14 44.760886 118746 sgemm sgemm CUDA0 0.079117 118786 40
CPU17 45.669859 118749 sgemm sgemm CUDA3 0.226962 118789 40
CPU17 45.390504 118752 sgemm sgemm CUDA0 1.197816 118792 40
CPU15 45.499772 118755 sgemm sgemm CUDA0 10.101196 118795 40
CPU17 45.714498 118758 sgemm sgemm CUDA3 6.397806 118798 40
CPU15 44.496259 118761 sgemm sgemm CUDA3 0.110598 118801 40
CPU15 45.787049 118764 sgemm sgemm CUDA0 0.076329 118804 40
CPU13 44.521477 118767 sgemm sgemm CUDA3 0.075479 118807 40
CPU14 44.470239 118770 sgemm sgemm CUDA3 4.953177 118810 40
CPU16 44.271350 118773 sgemm sgemm CUDA0 0.068714 118813 40
CPU14 44.503760 118776 sgemm sgemm CUDA3 11.704440 118816 40
CPU15 44.396849 118779 sgemm sgemm CUDA3 1.963244 118819 40
CPU10 44.536234 118782 sgemm sgemm CUDA3 21.738424 118822 40
CPU15 45.328028 118785 sgemm sgemm CUDA0 6.726490 118825 40
CPU17 45.492933 118788 sgemm sgemm CUDA0 0.076098 118828 40
CPU14 44.511442 118791 sgemm sgemm CUDA0 3.649702 118831 40
CPU6 44.778203 118794 sgemm sgemm CUDA0 0.064688 118834 40
CPU16 45.745781 118797 sgemm sgemm CUDA0 7.697091 118837 40
CPU19 44.366952 118800 sgemm sgemm CUDA3 0.065908 118840 40
CPU16 44.762579 118803 sgemm sgemm CUDA3 11.900571 118843 40
CPU13 44.626553 118806 sgemm sgemm CUDA3 11.197130 118846 40
CPU19 44.596716 118809 sgemm sgemm CUDA3 7.542407 118849 40
CPU8 44.558496 118812 sgemm sgemm CUDA3 0.094829 118852 40
CPU17 45.591232 118815 sgemm sgemm CUDA3 9.780198 118855 40
CPU9 44.500640 118818 sgemm sgemm CUDA3 6.130224 118858 40
CPU11 44.395467 118821 sgemm sgemm CUDA3 0.065826 118861 40
CPU10 44.456460 118824 sgemm sgemm CUDA3 11.690017 118864 40
CPU3 44.250686 118827 sgemm sgemm CUDA3 0.056182 118867 40
CPU5 44.113734 118830 sgemm sgemm CUDA3 3.010369 118870 40
CPU2 44.402101 118833 sgemm sgemm CUDA0 1.064006 118873 40
CPU0 44.866573 118836 sgemm sgemm CUDA0 1.653560 118876 40
CPU4 44.428377 118839 sgemm sgemm CUDA3 14.684051 118879 40
CPU6 44.620036 118842 sgemm sgemm CUDA0 0.058487 118882 40
CPU17 33.128116 118847 strsm strsm CPU -1 118887 40
CPU17 15.579745 118851 strtri strtri CPU -1 118891 40
CPU10 31.432441 118853 strsm strsm CPU13 98.861532 118893 40
CPU18 32.479946 118855 strsm strsm CPU -1 118895 40
CPU17 30.294941 118857 strsm strsm CPU21 86.181086 118897 40
CPU17 31.278604 118859 strsm strsm CPU12 104.832789 118899 40
CPU17 30.380040 118861 strsm strsm CPU -1 118901 40
CPU3 31.120280 118863 strsm strsm CPU -1 118903 40
CPU12 30.808362 118865 strsm strsm CPU23 102.224459 118905 40
CPU17 31.253451 118867 strsm strsm CPU11 98.379829 118907 40
CPU10 31.597703 118869 strsm strsm CPU27 101.359210 118909 40
CPU10 31.279873 118871 strsm strsm CPU -1 118911 40
CPU8 30.956928 118873 strsm strsm CPU -1 118913 40
CPU19 31.099001 118875 strsm strsm CPU -1 118915 40
CPU7 31.341396 118877 strsm strsm CPU18 85.114111 118917 40
CPU17 30.696942 118879 strsm strsm CPU -1 118919 40
CPU8 31.048060 118881 strsm strsm CPU -1 118921 40
CPU14 30.817225 118883 strsm strsm CPU -1 118923 40
CPU14 30.858841 118885 strsm strsm CPU -1 118925 40
CPU0 31.656081 118887 strsm strsm CPU -1 118927 40
CPU13 31.133544 118889 strsm strsm CPU16 86.833026 118929 40
CPU6 31.491616 118891 strsm strsm CPU -1 118931 40
CPU15 30.296125 118893 strsm strsm CPU13 101.406413 118933 40
CPU17 30.033528 118895 strsm strsm CPU -1 118935 40
CPU13 30.968349 118897 strsm strsm CPU10 98.857287 118937 40
CPU16 30.474451 118899 strsm strsm CPU10 98.755230 118939 40
CPU10 30.805150 118901 strsm strsm CPU10 88.202563 118941 40
CPU11 30.518369 118903 strsm strsm CPU -1 118943 40
CPU6 31.447980 118905 strsm strsm CPU -1 118945 40
CPU15 30.432439 118907 strsm strsm CPU15 86.808882 118947 40
CPU6 32.039011 118909 strsm strsm CPU10 86.552109 118949 40
CPU5 31.043487 118911 strsm strsm CPU -1 118951 40
CPU15 30.103460 118913 strsm strsm CPU18 90.531612 118953 40
CPU1 31.685700 118915 strsm strsm CPU -1 118955 40
CPU10 30.844483 118917 strsm strsm CPU -1 118957 40
CPU6 31.505242 118919 strsm strsm CPU15 98.874123 118959 40
CPU4 31.562760 118921 strsm strsm CPU -1 118961 40
CPU8 30.866277 118923 strsm strsm CPU -1 118963 40
CPU14 30.902155 118925 strsm strsm CPU -1 118965 40
CPU14 31.018270 118927 strsm strsm CPU -1 118967 40
CPU14 30.828717 118929 strsm strsm CPU15 99.158812 118969 40
CPU11 31.273288 118931 strsm strsm CPU26 101.029404 118971 40
CPU19 30.841300 118933 strsm strsm CPU -1 118973 40
CPU17 31.828519 118935 strsm strsm CPU16 187.401082 118975 40
CPU16 31.951906 118937 strsm strsm CPU11 98.714846 118977 40
CPU19 30.878773 118939 strsm strsm CPU -1 118979 40
CPU14 30.795643 118941 strsm strsm CPU12 168.554977 118981 40
CPU13 31.066684 118943 strsm strsm CUDA1 2.680249 118983 40
CPU12 31.107463 118945 strsm strsm CUDA1 12.041638 118985 40
CPU17 44.733996 118947 sgemm sgemm CUDA1 1.256833 118987 40
CPU17 44.798678 118948 sgemm sgemm CUDA0 18.950979 118988 40
CPU15 44.269069 118952 sgemm sgemm CUDA0 21.486517 118992 40
CPU15 44.289611 118953 sgemm sgemm CUDA0 11.908245 118993 40
CPU3 44.558117 118957 sgemm sgemm CPU10 180.560699 118997 40
CPU9 44.602900 118958 sgemm sgemm CPU12 188.488466 118998 40
CPU12 44.584420 118962 sgemm sgemm CUDA0 9.817512 119002 40
CPU19 44.593939 118963 sgemm sgemm CUDA0 11.800269 119003 40
CPU12 44.837353 118967 sgemm sgemm CUDA1 0.921059 119007 40
CPU17 44.542958 118968 sgemm sgemm CUDA1 1.293221 119008 40
CPU2 44.119757 118972 sgemm sgemm CUDA0 0.074998 119012 40
CPU17 44.605946 118973 sgemm sgemm CUDA0 11.855215 119013 40
CPU16 44.143184 118977 sgemm sgemm CUDA0 0.090798 119017 40
CPU16 44.830177 118978 sgemm sgemm CUDA0 11.516838 119018 40
CPU15 44.783063 118982 sgemm sgemm CUDA0 0.083278 119022 40
CPU17 44.610315 118983 sgemm sgemm CUDA0 3.073452 119023 40
CPU17 44.855134 118987 sgemm sgemm CUDA3 0.096928 119027 40
CPU17 44.546357 118988 sgemm sgemm CUDA3 1.300295 119028 40
CPU16 44.528595 118992 sgemm sgemm CUDA2 11.761703 119032 40
CPU17 44.727725 118993 sgemm sgemm CUDA2 0.052272 119033 40
CPU15 44.726346 118997 sgemm sgemm CUDA1 10.702922 119037 40
CPU15 44.663088 118998 sgemm sgemm CUDA1 12.831820 119038 40
CPU12 44.979531 119002 sgemm sgemm CUDA0 0.105440 119042 40
CPU17 44.761647 119003 sgemm sgemm CUDA0 8.165711 119043 40
CPU17 44.543407 119007 sgemm sgemm CUDA3 13.424947 119047 40
CPU16 44.778858 119008 sgemm sgemm CUDA3 0.060708 119048 40
CPU16 44.833565 119012 sgemm sgemm CUDA3 6.730991 119052 40
CPU16 45.005249 119013 sgemm sgemm CUDA3 0.055961 119053 40
CPU0 44.875963 119017 sgemm sgemm CUDA1 0.074384 119057 40
CPU14 44.720127 119018 sgemm sgemm CUDA1 10.671735 119058 40
CPU17 44.395593 119022 sgemm sgemm CUDA3 1.047506 119062 40
CPU17 44.500157 119023 sgemm sgemm CUDA3 0.977131 119063 40
CPU17 44.340102 119027 sgemm sgemm CUDA0 0.067616 119067 40
CPU17 44.380428 119028 sgemm sgemm CUDA0 11.764525 119068 40
CPU5 44.524622 119032 sgemm sgemm CUDA0 0.069094 119072 40
CPU15 44.511873 119033 sgemm sgemm CUDA0 11.700189 119073 40
CPU17 44.443968 119037 sgemm sgemm CUDA3 1.460291 119077 40
CPU17 44.450764 119038 sgemm sgemm CUDA3 0.096530 119078 40
CPU10 44.855791 119042 sgemm sgemm CUDA3 1.249666 119082 40
CPU15 44.328573 119043 sgemm sgemm CUDA3 1.003751 119083 40
CPU12 44.608182 119047 sgemm sgemm CUDA1 0.050254 119087 40
CPU15 44.235572 119048 sgemm sgemm CUDA1 11.719673 119088 40
CPU12 44.718465 119052 sgemm sgemm CUDA3 9.290078 119092 40
CPU17 45.586785 119053 sgemm sgemm CUDA3 0.060870 119093 40
CPU12 44.927518 119057 sgemm sgemm CUDA1 0.732729 119097 40
CPU13 44.349260 119058 sgemm sgemm CUDA1 1.008259 119098 40
CPU3 44.748230 119062 sgemm sgemm CUDA0 0.065782 119102 40
CPU16 44.393353 119063 sgemm sgemm CUDA0 6.420389 119103 40
CPU6 44.794021 119067 sgemm sgemm CUDA3 11.868831 119107 40
CPU14 44.696300 119068 sgemm sgemm CUDA3 0.069077 119108 40
CPU15 44.352016 119072 sgemm sgemm CUDA3 11.773482 119112 40
CPU15 44.661039 119073 sgemm sgemm CUDA3 0.061729 119113 40
CPU12 44.675321 119077 sgemm sgemm CUDA0 1.065994 119117 40
CPU10 44.390790 119078 sgemm sgemm CUDA0 1.260337 119118 40
CPU12 44.502022 119082 sgemm sgemm CUDA0 0.068163 119122 40
CPU15 44.436470 119083 sgemm sgemm CUDA0 1.379136 119123 40
CPU17 44.534947 119087 sgemm sgemm CUDA1 0.051960 119127 40
CPU17 44.448362 119088 sgemm sgemm CUDA1 1.566155 119128 40
CPU2 44.454446 119092 sgemm sgemm CUDA0 15.642720 119132 40
CPU14 44.522635 119093 sgemm sgemm CUDA0 0.053074 119133 40
CPU12 45.189441 119097 sgemm sgemm CUDA0 11.834395 119137 40
CPU6 44.766804 119098 sgemm sgemm CUDA0 0.056806 119138 40
CPU10 44.872800 119102 sgemm sgemm CUDA2 1.236526 119142 40
CPU16 44.448080 119103 sgemm sgemm CUDA2 1.256040 119143 40
CPU12 44.815068 119107 sgemm sgemm CUDA2 1.227734 119147 40
CPU10 44.782044 119108 sgemm sgemm CUDA2 0.062656 119148 40
CPU12 44.652787 119112 sgemm sgemm CUDA3 10.206228 119152 40
CPU16 44.538525 119113 sgemm sgemm CUDA3 0.061163 119153 40
CPU6 44.747642 119117 sgemm sgemm CUDA3 1.199370 119157 40
CPU13 44.693012 119118 sgemm sgemm CUDA3 1.070150 119158 40
CPU12 44.491514 119122 sgemm sgemm CUDA0 11.739931 119162 40
CPU19 44.593338 119123 sgemm sgemm CUDA0 0.080664 119163 40
CPU2 44.508561 119127 sgemm sgemm CUDA3 11.213351 119167 40
CPU8 45.217823 119128 sgemm sgemm CUDA3 0.060480 119168 40
CPU5 44.340342 119132 sgemm sgemm CUDA3 1.635777 119172 40
CPU17 44.785020 119133 sgemm sgemm CUDA3 0.596683 119173 40
CPU12 44.345855 119137 sgemm sgemm CUDA3 1.227938 119177 40
CPU14 44.476629 119138 sgemm sgemm CUDA3 1.066402 119178 40
CPU10 44.738189 119142 sgemm sgemm CUDA3 0.076415 119182 40
CPU11 44.560241 119143 sgemm sgemm CUDA3 2.203328 119183 40
CPU4 44.617999 119147 sgemm sgemm CUDA1 0.046371 119187 40
CPU10 44.508875 119148 sgemm sgemm CUDA1 0.642692 119188 40
CPU9 43.978710 119152 sgemm sgemm CUDA3 0.062069 119192 40
CPU3 44.379349 119153 sgemm sgemm CUDA3 1.317955 119193 40
CPU0 44.768970 119157 sgemm sgemm CUDA3 7.919432 119197 40
CPU5 44.111570 119158 sgemm sgemm CUDA3 11.778490 119198 40
CPU7 44.621867 119162 sgemm sgemm CUDA2 1.163121 119202 40
CPU19 44.409429 119163 sgemm sgemm CUDA2 1.260099 119203 40
CPU12 44.475399 119167 sgemm sgemm CUDA0 12.113929 119207 40
CPU0 44.935209 119168 sgemm sgemm CUDA0 0.045603 119208 40
CPU12 44.713271 119172 sgemm sgemm CUDA1 11.890719 119212 40
CPU13 44.725885 119173 sgemm sgemm CUDA1 1.352818 119213 40
CPU5 44.387552 119177 sgemm sgemm CUDA1 1.057624 119217 40
CPU6 44.555064 119178 sgemm sgemm CUDA1 1.013979 119218 40
CPU17 34.030380 119184 strsm strsm CUDA3 5.689406 119224 40
CPU17 33.330078 119188 strsm strsm CUDA1 2.854630 119228 40
CPU17 14.940561 119192 strtri strtri CPU -1 119232 40
CPU18 31.737134 119194 strsm strsm CPU26 107.151446 119234 40
CPU17 30.434484 119196 strsm strsm CPU21 97.806416 119236 40
CPU17 30.710598 119198 strsm strsm CPU30 109.931070 119238 40
CPU12 30.957266 119200 strsm strsm CPU -1 119240 40
CPU2 31.197839 119202 strsm strsm CPU14 97.083675 119242 40
CPU14 30.772660 119204 strsm strsm CPU -1 119244 40
CPU19 31.057537 119206 strsm strsm CPU -1 119246 40
CPU10 31.040563 119208 strsm strsm CPU10 98.790667 119248 40
CPU10 31.706017 119210 strsm strsm CPU20 77.120069 119250 40
CPU8 30.994437 119212 strsm strsm CPU21 93.499834 119252 40
CPU10 31.368651 119214 strsm strsm CPU -1 119254 40
CPU8 31.265324 119216 strsm strsm CPU -1 119256 40
CPU19 30.964496 119218 strsm strsm CPU16 82.870682 119258 40
CPU8 30.715310 119220 strsm strsm CPU -1 119260 40
CPU14 30.840282 119222 strsm strsm CPU -1 119262 40
CPU5 30.965007 119224 strsm strsm CPU -1 119264 40
CPU6 31.642554 119226 strsm strsm CPU18 99.530880 119266 40
CPU16 30.549086 119228 strsm strsm CPU -1 119268 40
CPU2 30.890224 119230 strsm strsm CPU22 94.144245 119270 40
CPU15 30.441827 119232 strsm strsm CPU11 98.572612 119272 40
CPU13 30.702446 119234 strsm strsm CPU -1 119274 40
CPU11 30.333151 119236 strsm strsm CPU19 87.461927 119276 40
CPU10 30.906796 119238 strsm strsm CPU -1 119278 40
CPU10 30.888172 119240 strsm strsm CPU -1 119280 40
CPU8 30.740238 119242 strsm strsm CPU -1 119282 40
CPU1 30.946112 119244 strsm strsm CPU -1 119284 40
CPU13 30.895012 119246 strsm strsm CPU -1 119286 40
CPU0 31.787203 119248 strsm strsm CPU14 101.277120 119288 40
CPU11 30.348490 119250 strsm strsm CPU -1 119290 40
CPU15 30.557994 119252 strsm strsm CPU18 102.574794 119292 40
CPU5 30.908793 119254 strsm strsm CPU10 98.858250 119294 40
CPU16 30.783783 119256 strsm strsm CPU -1 119296 40
CPU17 31.383916 119258 strsm strsm CPU -1 119298 40
CPU16 30.580388 119260 strsm strsm CPU -1 119300 40
CPU1 30.987952 119262 strsm strsm CPU -1 119302 40
CPU17 31.258515 119264 strsm strsm CPU20 89.298812 119304 40
CPU17 31.447817 119266 strsm strsm CPU21 138.260743 119306 40
CPU17 31.346520 119268 strsm strsm CPU10 98.610689 119308 40
CPU11 30.582415 119270 strsm strsm CPU -1 119310 40
CPU16 30.610958 119272 strsm strsm CPU27 103.417965 119312 40
CPU14 31.024482 119274 strsm strsm CPU22 180.673348 119314 40
CPU15 31.387998 119276 strsm strsm CPU12 198.009542 119316 40
CPU9 30.616078 119278 strsm strsm CPU -1 119318 40
CPU10 30.843931 119280 strsm strsm CUDA2 3.030359 119320 40
CPU1 30.542662 119282 strsm strsm CUDA2 3.002709 119322 40
CPU11 30.491372 119284 strsm strsm CUDA3 2.777866 119324 40
CPU9 44.786153 119286 sgemm sgemm CUDA0 15.057262 119326 40
CPU15 44.117179 119287 sgemm sgemm CUDA0 6.954977 119327 40
CPU15 44.476240 119288 sgemm sgemm CUDA0 0.099970 119328 40
CPU1 44.912990 119292 sgemm sgemm CUDA1 11.879840 119332 40
CPU17 44.454766 119293 sgemm sgemm CUDA1 1.157845 119333 40
CPU9 44.924185 119294 sgemm sgemm CUDA1 0.075368 119334 40
CPU12 44.440653 119298 sgemm sgemm CUDA0 12.122730 119338 40
CPU1 44.757016 119299 sgemm sgemm CUDA0 5.822785 119339 40
CPU12 44.231398 119300 sgemm sgemm CUDA0 0.086991 119340 40
CPU10 44.103217 119304 sgemm sgemm CUDA1 11.825628 119344 40
CPU17 44.556275 119305 sgemm sgemm CUDA1 1.019737 119345 40
CPU17 44.046183 119306 sgemm sgemm CUDA1 1.205624 119346 40
CPU17 44.613241 119310 sgemm sgemm CUDA0 0.070322 119350 40
CPU10 44.417336 119311 sgemm sgemm CUDA0 11.785662 119351 40
CPU16 44.405626 119312 sgemm sgemm CUDA0 0.103607 119352 40
CPU17 44.331951 119316 sgemm sgemm CUDA0 11.745526 119356 40
CPU15 44.200488 119317 sgemm sgemm CUDA0 11.745978 119357 40
CPU16 44.674119 119318 sgemm sgemm CUDA0 0.074816 119358 40
CPU15 44.660047 119322 sgemm sgemm CUDA0 0.050452 119362 40
CPU5 44.249913 119323 sgemm sgemm CUDA0 0.639341 119363 40
CPU9 44.359994 119324 sgemm sgemm CUDA0 3.054013 119364 40
CPU17 44.536590 119328 sgemm sgemm CUDA3 0.065907 119368 40
CPU17 44.513511 119329 sgemm sgemm CUDA3 1.254511 119369 40
CPU14 44.727247 119330 sgemm sgemm CUDA3 0.054938 119370 40
CPU16 44.338351 119334 sgemm sgemm CUDA2 1.390448 119374 40
CPU17 44.653981 119335 sgemm sgemm CUDA2 10.375474 119375 40
CPU11 44.191075 119336 sgemm sgemm CUDA2 0.113523 119376 40
CPU17 44.317415 119340 sgemm sgemm CUDA1 1.256806 119380 40
CPU17 44.522892 119341 sgemm sgemm CUDA1 1.178338 119381 40
CPU15 44.621885 119342 sgemm sgemm CUDA1 1.007347 119382 40
CPU11 44.524429 119346 sgemm sgemm CUDA0 1.265930 119386 40
CPU11 44.599079 119347 sgemm sgemm CUDA0 0.085617 119387 40
CPU17 44.420000 119348 sgemm sgemm CUDA0 11.747194 119388 40
CPU15 44.378720 119352 sgemm sgemm CUDA3 1.236983 119392 40
CPU16 44.336311 119353 sgemm sgemm CUDA3 12.347634 119393 40
CPU16 44.291074 119354 sgemm sgemm CUDA3 0.091525 119394 40
CPU13 44.411267 119358 sgemm sgemm CUDA3 1.007708 119398 40
CPU13 44.561074 119359 sgemm sgemm CUDA3 1.303491 119399 40
CPU16 44.618661 119360 sgemm sgemm CUDA3 4.546198 119400 40
CPU14 44.372452 119364 sgemm sgemm CUDA1 1.162107 119404 40
CPU14 44.544959 119365 sgemm sgemm CUDA1 1.206904 119405 40
CPU0 44.765135 119366 sgemm sgemm CUDA1 1.207641 119406 40
CPU4 45.353520 119370 sgemm sgemm CUDA3 0.935946 119410 40
CPU10 45.344290 119371 sgemm sgemm CUDA3 1.349179 119411 40
CPU7 45.376693 119372 sgemm sgemm CUDA3 0.055560 119412 40
CPU17 44.421993 119376 sgemm sgemm CUDA0 0.047961 119416 40
CPU16 44.498832 119377 sgemm sgemm CUDA0 0.137246 119417 40
CPU17 44.493886 119378 sgemm sgemm CUDA0 1.265853 119418 40
CPU12 44.475004 119382 sgemm sgemm CUDA0 1.168848 119422 40
CPU12 44.286168 119383 sgemm sgemm CUDA0 1.040221 119423 40
CPU5 44.596607 119384 sgemm sgemm CUDA0 0.973627 119424 40
CPU1 45.146809 119388 sgemm sgemm CUDA3 1.151185 119428 40
CPU14 44.527687 119389 sgemm sgemm CUDA3 11.820448 119429 40
CPU13 44.453598 119390 sgemm sgemm CUDA3 0.082514 119430 40
CPU16 44.354138 119394 sgemm sgemm CUDA3 0.956545 119434 40
CPU17 44.682980 119395 sgemm sgemm CUDA3 11.929093 119435 40
CPU10 44.655005 119396 sgemm sgemm CUDA3 0.083019 119436 40
CPU17 44.020934 119400 sgemm sgemm CUDA1 1.156381 119440 40
CPU16 44.474430 119401 sgemm sgemm CUDA1 0.047278 119441 40
CPU6 44.826021 119402 sgemm sgemm CUDA1 1.266935 119442 40
CPU17 44.376007 119406 sgemm sgemm CUDA3 0.963444 119446 40
CPU15 44.416524 119407 sgemm sgemm CUDA3 11.524046 119447 40
CPU16 44.049831 119408 sgemm sgemm CUDA3 0.074231 119448 40
CPU5 44.735042 119412 sgemm sgemm CUDA3 1.156186 119452 40
CPU17 44.808969 119413 sgemm sgemm CUDA3 0.080923 119453 40
CPU2 44.681490 119414 sgemm sgemm CUDA3 11.815269 119454 40
CPU6 44.767272 119418 sgemm sgemm CUDA0 1.148712 119458 40
CPU1 44.782303 119419 sgemm sgemm CUDA0 1.007734 119459 40
CPU3 44.826383 119420 sgemm sgemm CUDA0 5.760776 119460 40
CPU8 44.669742 119424 sgemm sgemm CUDA1 1.425828 119464 40
CPU14 44.833022 119425 sgemm sgemm CUDA3 11.693181 119465 40
CPU6 44.875759 119426 sgemm sgemm CUDA3 0.074684 119466 40
CPU1 44.644356 119430 sgemm sgemm CUDA0 0.049807 119470 40
CPU13 44.837263 119431 sgemm sgemm CUDA0 1.263774 119471 40
CPU15 44.303399 119432 sgemm sgemm CUDA0 4.704898 119472 40
CPU15 44.277525 119436 sgemm sgemm CUDA0 1.184681 119476 40
CPU5 44.813011 119437 sgemm sgemm CUDA0 0.754334 119477 40
CPU12 44.420330 119438 sgemm sgemm CUDA0 1.018181 119478 40
CPU17 44.085222 119442 sgemm sgemm CUDA0 0.962167 119482 40
CPU8 44.570239 119443 sgemm sgemm CUDA0 13.411120 119483 40
CPU4 45.074317 119444 sgemm sgemm CUDA0 0.075575 119484 40
CPU16 44.337949 119448 sgemm sgemm CUDA1 1.152381 119488 40
CPU10 44.571470 119449 sgemm sgemm CUDA1 0.124119 119489 40
CPU14 44.718800 119450 sgemm sgemm CUDA1 1.259545 119490 40
CPU17 44.481482 119454 sgemm sgemm CUDA0 1.150950 119494 40
CPU6 44.555796 119455 sgemm sgemm CUDA0 1.444452 119495 40
CPU2 44.587919 119456 sgemm sgemm CUDA0 0.116215 119496 40
CPU3 44.539056 119460 sgemm sgemm CUDA1 10.314164 119500 40
CPU9 44.511217 119461 sgemm sgemm CUDA1 1.173875 119501 40
CPU9 44.492882 119462 sgemm sgemm CUDA1 8.241796 119502 40
CPU10 44.593269 119466 sgemm sgemm CUDA2 0.101802 119506 40
CPU0 44.202084 119467 sgemm sgemm CUDA0 7.435237 119507 40
CPU10 44.517958 119468 sgemm sgemm CUDA0 0.150742 119508 40
CPU17 44.313348 119472 sgemm sgemm CUDA2 1.292507 119512 40
CPU12 44.546700 119473 sgemm sgemm CUDA2 1.187645 119513 40
CPU0 45.292354 119474 sgemm sgemm CUDA2 1.205355 119514 40
CPU11 44.325161 119478 sgemm sgemm CUDA2 11.825869 119518 40
CPU17 45.172711 119479 sgemm sgemm CUDA3 1.564194 119519 40
CPU7 45.177620 119480 sgemm sgemm CUDA3 0.900733 119520 40
CPU13 44.501358 119484 sgemm sgemm CUDA3 0.054625 119524 40
CPU16 45.148620 119485 sgemm sgemm CUDA3 11.738064 119525 40
CPU6 44.971044 119486 sgemm sgemm CUDA3 0.079088 119526 40
CPU14 44.497924 119490 sgemm sgemm CUDA0 0.952569 119530 40
CPU15 44.389272 119491 sgemm sgemm CUDA0 1.307721 119531 40
CPU12 44.400359 119492 sgemm sgemm CUDA0 10.602847 119532 40
CPU12 44.281602 119496 sgemm sgemm CUDA2 11.873024 119536 40
CPU17 45.158368 119497 sgemm sgemm CUDA0 0.482957 119537 40
CPU2 44.692332 119498 sgemm sgemm CUDA0 10.317470 119538 40
CPU16 44.515468 119502 sgemm sgemm CUDA3 1.153518 119542 40
CPU12 44.702049 119503 sgemm sgemm CUDA3 0.058422 119543 40
CPU6 45.021958 119504 sgemm sgemm CUDA3 11.765395 119544 40
CPU17 44.108889 119508 sgemm sgemm CUDA1 0.066865 119548 40
CPU10 44.237277 119509 sgemm sgemm CUDA3 1.195807 119549 40
CPU10 44.470081 119510 sgemm sgemm CUDA3 6.834977 119550 40
CPU9 44.253862 119514 sgemm sgemm CUDA3 1.156146 119554 40
CPU7 44.220774 119515 sgemm sgemm CUDA3 0.072316 119555 40
CPU10 44.768573 119516 sgemm sgemm CUDA3 0.961310 119556 40
CPU4 44.511048 119520 sgemm sgemm CUDA1 0.078271 119560 40
CPU2 44.579152 119521 sgemm sgemm CUDA1 1.299190 119561 40
CPU4 44.825233 119522 sgemm sgemm CUDA1 1.196572 119562 40
CPU2 44.086056 119526 sgemm sgemm CUDA3 1.303465 119566 40
CPU16 44.602589 119527 sgemm sgemm CUDA3 1.265185 119567 40
CPU9 44.367736 119528 sgemm sgemm CUDA3 1.066008 119568 40
CPU17 44.608881 119532 sgemm sgemm CUDA2 0.067519 119572 40
CPU17 44.574157 119533 sgemm sgemm CUDA0 1.255340 119573 40
CPU0 44.918526 119534 sgemm sgemm CUDA0 1.260176 119574 40
CPU5 44.190925 119538 sgemm sgemm CUDA2 1.321036 119578 40
CPU6 44.521447 119539 sgemm sgemm CUDA2 1.272061 119579 40
CPU7 44.716799 119540 sgemm sgemm CUDA2 1.075981 119580 40
CPU6 44.798931 119544 sgemm sgemm CUDA2 8.153736 119584 40
CPU5 44.946280 119545 sgemm sgemm CUDA2 0.047254 119585 40
CPU12 44.427957 119546 sgemm sgemm CUDA0 1.243597 119586 40
CPU0 44.389241 119550 sgemm sgemm CUDA1 1.237666 119590 40
CPU8 44.674452 119551 sgemm sgemm CUDA1 1.006932 119591 40
CPU2 44.518762 119552 sgemm sgemm CUDA1 1.205719 119592 40
CPU8 44.116286 119556 sgemm sgemm CUDA1 1.196982 119596 40
CPU15 44.258693 119557 sgemm sgemm CUDA1 1.252304 119597 40
CPU5 44.725201 119558 sgemm sgemm CUDA1 1.071515 119598 40
CPU16 32.374536 119564 strsm strsm CUDA2 2.806061 119604 40
CPU10 33.286149 119568 strsm strsm CUDA1 2.813220 119608 40
CPU14 32.909058 119572 strsm strsm CUDA0 2.825274 119612 40
CPU14 14.905758 119576 strtri strtri CPU -1 119616 40
CPU17 30.801828 119578 strsm strsm CPU20 86.543501 119618 40
CPU12 31.030424 119580 strsm strsm CPU -1 119620 40
CPU8 30.871826 119582 strsm strsm CPU -1 119622 40
CPU18 30.290079 119584 strsm strsm CPU17 82.363521 119624 40
CPU17 30.923482 119586 strsm strsm CPU14 98.756587 119626 40
CPU19 30.723611 119588 strsm strsm CPU19 93.418642 119628 40
CPU3 31.625022 119590 strsm strsm CPU22 82.993289 119630 40
CPU10 31.119270 119592 strsm strsm CPU18 86.363612 119632 40
CPU1 31.059521 119594 strsm strsm CPU17 72.585269 119634 40
CPU10 31.432068 119596 strsm strsm CPU -1 119636 40
CPU19 30.831015 119598 strsm strsm CPU10 96.111648 119638 40
CPU19 30.837014 119600 strsm strsm CPU11 86.939755 119640 40
CPU8 31.344014 119602 strsm strsm CPU -1 119642 40
CPU14 30.834286 119604 strsm strsm CPU -1 119644 40
CPU1 30.895687 119606 strsm strsm CPU19 67.506270 119646 40
CPU9 31.001634 119608 strsm strsm CPU17 88.648455 119648 40
CPU17 30.319295 119610 strsm strsm CPU25 81.649899 119650 40
CPU2 30.908250 119612 strsm strsm CPU14 98.854951 119652 40
CPU11 30.457187 119614 strsm strsm CPU16 112.765810 119654 40
CPU17 31.406891 119616 strsm strsm CPU14 99.961546 119656 40
CPU14 31.263198 119618 strsm strsm CPU -1 119658 40
CPU10 30.820224 119620 strsm strsm CPU -1 119660 40
CPU10 31.593057 119622 strsm strsm CPU -1 119662 40
CPU8 30.592176 119624 strsm strsm CPU18 72.155033 119664 40
CPU1 30.727378 119626 strsm strsm CPU -1 119666 40
CPU9 30.504372 119628 strsm strsm CPU11 89.024691 119668 40
CPU11 30.485298 119630 strsm strsm CPU15 98.805564 119670 40
CPU11 30.431860 119632 strsm strsm CPU -1 119672 40
CPU7 31.238698 119634 strsm strsm CPU21 82.468817 119674 40
CPU14 31.774633 119636 strsm strsm CPU20 98.265298 119676 40
CPU15 30.330485 119638 strsm strsm CPU -1 119678 40
CPU17 31.466098 119640 strsm strsm CPU -1 119680 40
CPU13 30.821351 119642 strsm strsm CPU -1 119682 40
CPU1 31.093921 119644 strsm strsm CPU11 144.960807 119684 40
CPU4 31.309324 119646 strsm strsm CPU14 110.600950 119686 40
CPU16 30.545336 119648 strsm strsm CPU15 162.129870 119688 40
CPU19 30.793621 119650 strsm strsm CPU29 82.798040 119690 40
CPU11 30.643328 119652 strsm strsm CPU11 109.810323 119692 40
CPU2 31.340470 119654 strsm strsm CPU -1 119694 40
CPU16 30.707998 119656 strsm strsm CUDA3 2.521542 119696 40
CPU0 32.475935 119658 strsm strsm CUDA0 9.533458 119698 40
CPU11 31.125524 119660 strsm strsm CUDA1 0.067714 119700 40
CPU6 31.502289 119662 strsm strsm CUDA0 2.761963 119702 40
CPU11 30.578215 119664 strsm strsm CUDA0 3.462635 119704 40
CPU18 30.444438 119666 strsm strsm CUDA1 2.836141 119706 40
CPU1 44.778031 119668 sgemm sgemm CUDA1 1.302264 119708 40
CPU15 44.292373 119669 sgemm sgemm CUDA1 0.956557 119709 40
CPU15 44.451472 119670 sgemm sgemm CUDA1 1.201663 119710 40
CPU16 44.259464 119671 sgemm sgemm CUDA1 3.871063 119711 40
CPU12 44.579973 119675 sgemm sgemm CUDA0 1.295595 119715 40
CPU1 44.567184 119676 sgemm sgemm CUDA0 1.063983 119716 40
CPU6 45.082025 119677 sgemm sgemm CUDA0 0.059004 119717 40
CPU1 44.764760 119678 sgemm sgemm CUDA0 1.061059 119718 40
CPU10 44.075380 119682 sgemm sgemm CUDA1 0.055237 119722 40
CPU17 44.393511 119683 sgemm sgemm CUDA1 13.354631 119723 40
CPU11 44.588354 119684 sgemm sgemm CUDA1 0.070298 119724 40
CPU17 44.515583 119685 sgemm sgemm CUDA1 1.293693 119725 40
CPU17 45.025901 119689 sgemm sgemm CUDA0 9.566473 119729 40
CPU10 44.267943 119690 sgemm sgemm CUDA0 1.011475 119730 40
CPU16 44.384270 119691 sgemm sgemm CUDA0 0.065898 119731 40
CPU6 44.650736 119692 sgemm sgemm CUDA0 0.051272 119732 40
CPU16 44.514242 119696 sgemm sgemm CUDA0 1.276001 119736 40
CPU15 44.138157 119697 sgemm sgemm CUDA0 0.063553 119737 40
CPU16 44.353168 119698 sgemm sgemm CUDA0 1.309953 119738 40
CPU2 44.617199 119699 sgemm sgemm CUDA0 1.271722 119739 40
CPU9 44.504930 119703 sgemm sgemm CUDA0 1.010197 119743 40
CPU5 44.711367 119704 sgemm sgemm CUDA0 1.349166 119744 40
CPU9 44.497042 119705 sgemm sgemm CUDA0 11.393197 119745 40
CPU8 44.623989 119706 sgemm sgemm CUDA0 1.064555 119746 40
CPU17 44.319773 119710 sgemm sgemm CUDA0 1.210365 119750 40
CPU17 44.341189 119711 sgemm sgemm CUDA0 0.043635 119751 40
CPU14 44.678160 119712 sgemm sgemm CUDA0 0.412932 119752 40
CPU14 44.664540 119713 sgemm sgemm CUDA0 3.942771 119753 40
CPU8 44.601280 119717 sgemm sgemm CUDA2 0.116585 119757 40
CPU17 44.539131 119718 sgemm sgemm CUDA2 0.470999 119758 40
CPU11 44.369341 119719 sgemm sgemm CUDA2 1.342546 119759 40
CPU11 44.444956 119720 sgemm sgemm CUDA2 2.904481 119760 40
CPU17 44.595588 119724 sgemm sgemm CUDA1 0.104957 119764 40
CPU17 44.737004 119725 sgemm sgemm CUDA1 8.841963 119765 40
CPU15 44.888672 119726 sgemm sgemm CUDA1 0.065196 119766 40
CPU17 44.427738 119727 sgemm sgemm CUDA1 1.303051 119767 40
CPU11 44.413746 119731 sgemm sgemm CUDA0 1.204332 119771 40
CPU11 44.442996 119732 sgemm sgemm CUDA0 0.055050 119772 40
CPU8 44.418966 119733 sgemm sgemm CUDA0 1.376765 119773 40
CPU8 44.212958 119734 sgemm sgemm CUDA0 1.077463 119774 40
CPU15 44.240880 119738 sgemm sgemm CUDA3 1.063123 119778 40
CPU15 44.212823 119739 sgemm sgemm CUDA3 0.057946 119779 40
CPU16 44.173035 119740 sgemm sgemm CUDA3 1.304999 119780 40
CPU6 44.923150 119741 sgemm sgemm CUDA3 1.259270 119781 40
CPU13 44.558487 119745 sgemm sgemm CUDA3 0.061096 119785 40
CPU13 44.742251 119746 sgemm sgemm CUDA0 1.064265 119786 40
CPU16 44.216437 119747 sgemm sgemm CUDA0 1.366141 119787 40
CPU3 44.441977 119748 sgemm sgemm CUDA3 1.297614 119788 40
CPU14 44.544983 119752 sgemm sgemm CUDA1 1.145755 119792 40
CPU14 44.734043 119753 sgemm sgemm CUDA1 1.200710 119793 40
CPU0 44.932562 119754 sgemm sgemm CUDA1 1.011930 119794 40
CPU4 44.617331 119755 sgemm sgemm CUDA1 1.201789 119795 40
CPU4 45.158579 119759 sgemm sgemm CUDA0 0.994607 119799 40
CPU10 45.050327 119760 sgemm sgemm CUDA0 1.067080 119800 40
CPU7 45.120592 119761 sgemm sgemm CUDA0 1.067932 119801 40
CPU5 47.145909 119762 sgemm sgemm CUDA0 1.261368 119802 40
CPU17 44.462031 119766 sgemm sgemm CUDA0 4.519447 119806 40
CPU16 44.301272 119767 sgemm sgemm CUDA0 0.138133 119807 40
CPU17 44.304317 119768 sgemm sgemm CUDA0 5.054025 119808 40
CPU17 44.463903 119769 sgemm sgemm CUDA0 0.147887 119809 40
CPU12 44.437598 119773 sgemm sgemm CUDA0 11.823866 119813 40
CPU12 44.316225 119774 sgemm sgemm CUDA0 0.059239 119814 40
CPU5 44.481729 119775 sgemm sgemm CUDA0 2.226979 119815 40
CPU10 44.268229 119776 sgemm sgemm CUDA0 0.076351 119816 40
CPU1 45.163656 119780 sgemm sgemm CUDA3 11.275886 119820 40
CPU14 44.520805 119781 sgemm sgemm CUDA3 0.986645 119821 40
CPU13 44.534011 119782 sgemm sgemm CUDA3 0.055333 119822 40
CPU12 44.505894 119783 sgemm sgemm CUDA3 11.050171 119823 40
CPU16 44.450258 119787 sgemm sgemm CUDA3 0.075209 119827 40
CPU17 44.594453 119788 sgemm sgemm CUDA3 1.064844 119828 40
CPU10 44.573765 119789 sgemm sgemm CUDA3 1.072769 119829 40
CPU17 44.749609 119790 sgemm sgemm CUDA3 1.531722 119830 40
CPU13 44.602320 119794 sgemm sgemm CUDA3 1.318587 119834 40
CPU16 44.858984 119795 sgemm sgemm CUDA3 1.199532 119835 40
CPU6 44.756247 119796 sgemm sgemm CUDA3 8.128316 119836 40
CPU11 44.302724 119797 sgemm sgemm CUDA3 0.048705 119837 40
CPU14 44.371233 119801 sgemm sgemm CUDA3 1.202639 119841 40
CPU15 44.401340 119802 sgemm sgemm CUDA3 1.017540 119842 40
CPU16 44.083677 119803 sgemm sgemm CUDA3 1.257667 119843 40
CPU11 44.176733 119804 sgemm sgemm CUDA3 1.257301 119844 40
CPU5 44.594723 119808 sgemm sgemm CUDA3 7.899451 119848 40
CPU17 44.489035 119809 sgemm sgemm CUDA3 21.235154 119849 40
CPU2 44.756228 119810 sgemm sgemm CUDA3 8.928536 119850 40
CPU17 44.464007 119811 sgemm sgemm CUDA3 1.273355 119851 40
CPU6 44.783685 119815 sgemm sgemm CUDA0 1.354456 119855 40
CPU1 44.743287 119816 sgemm sgemm CUDA0 0.195095 119856 40
CPU3 44.685585 119817 sgemm sgemm CUDA0 1.065738 119857 40
CPU1 44.681794 119818 sgemm sgemm CUDA0 0.048037 119858 40
CPU8 44.593952 119822 sgemm sgemm CUDA1 8.283630 119862 40
CPU14 45.143055 119823 sgemm sgemm CUDA3 3.458080 119863 40
CPU6 45.082936 119824 sgemm sgemm CUDA3 0.045996 119864 40
CPU14 45.127432 119825 sgemm sgemm CUDA3 9.053417 119865 40
CPU1 44.487204 119829 sgemm sgemm CUDA0 1.275992 119869 40
CPU13 45.159982 119830 sgemm sgemm CUDA0 1.152245 119870 40
CPU15 44.323390 119831 sgemm sgemm CUDA0 1.066322 119871 40
CPU13 45.125425 119832 sgemm sgemm CUDA0 1.257748 119872 40
CPU15 44.361996 119836 sgemm sgemm CUDA0 9.326673 119876 40
CPU5 45.049226 119837 sgemm sgemm CUDA0 1.069764 119877 40
CPU5 44.799340 119838 sgemm sgemm CUDA0 1.070627 119878 40
CPU4 44.856338 119839 sgemm sgemm CUDA0 0.046494 119879 40
CPU12 44.255550 119843 sgemm sgemm CUDA0 1.205902 119883 40
CPU8 44.382573 119844 sgemm sgemm CUDA0 10.565979 119884 40
CPU4 44.421212 119845 sgemm sgemm CUDA0 0.063017 119885 40
CPU8 44.605497 119846 sgemm sgemm CUDA0 1.068589 119886 40
CPU15 44.267891 119850 sgemm sgemm CUDA2 0.047720 119890 40
CPU2 44.754022 119851 sgemm sgemm CUDA2 1.265506 119891 40
CPU9 44.772413 119852 sgemm sgemm CUDA2 10.499687 119892 40
CPU10 44.646498 119853 sgemm sgemm CUDA2 1.252315 119893 40
CPU17 44.492205 119857 sgemm sgemm CUDA0 1.015233 119897 40
CPU6 44.420909 119858 sgemm sgemm CUDA0 1.322823 119898 40
CPU2 44.796736 119859 sgemm sgemm CUDA0 1.262868 119899 40
CPU5 45.116483 119860 sgemm sgemm CUDA0 1.069548 119900 40
CPU3 44.450051 119864 sgemm sgemm CUDA1 0.066687 119904 40
CPU9 44.382799 119865 sgemm sgemm CUDA1 1.147826 119905 40
CPU9 44.573169 119866 sgemm sgemm CUDA1 2.360389 119906 40
CPU9 44.319803 119867 sgemm sgemm CUDA1 2.580755 119907 40
CPU10 44.520607 119871 sgemm sgemm CUDA2 0.044559 119911 40
CPU0 44.154402 119872 sgemm sgemm CUDA0 0.052068 119912 40
CPU10 44.525394 119873 sgemm sgemm CUDA0 0.052205 119913 40
CPU0 44.274787 119874 sgemm sgemm CUDA2 0.048082 119914 40
CPU1 44.747274 119878 sgemm sgemm CUDA2 0.064169 119918 40
CPU12 44.709109 119879 sgemm sgemm CUDA2 13.275491 119919 40
CPU0 45.229608 119880 sgemm sgemm CUDA2 0.125737 119920 40
CPU11 44.176528 119881 sgemm sgemm CUDA2 11.488344 119921 40
CPU11 44.248051 119885 sgemm sgemm CUDA2 1.069608 119925 40
CPU17 44.616368 119886 sgemm sgemm CUDA3 12.108858 119926 40
CPU7 45.174888 119887 sgemm sgemm CUDA3 0.060834 119927 40
CPU17 44.455812 119888 sgemm sgemm CUDA2 0.151936 119928 40
CPU13 44.552855 119892 sgemm sgemm CUDA3 1.196975 119932 40
CPU16 45.158354 119893 sgemm sgemm CUDA3 11.913740 119933 40
CPU6 44.787809 119894 sgemm sgemm CUDA3 0.122405 119934 40
CPU3 44.309311 119895 sgemm sgemm CUDA3 1.259017 119935 40
CPU14 44.552787 119899 sgemm sgemm CUDA0 1.018712 119939 40
CPU15 44.208714 119900 sgemm sgemm CUDA0 1.068653 119940 40
CPU12 44.338238 119901 sgemm sgemm CUDA0 1.074123 119941 40
CPU11 44.110738 119902 sgemm sgemm CUDA2 1.256558 119942 40
CPU12 44.195209 119906 sgemm sgemm CUDA2 1.400306 119946 40
CPU17 44.364828 119907 sgemm sgemm CUDA0 1.259648 119947 40
CPU2 44.748958 119908 sgemm sgemm CUDA0 1.068534 119948 40
CPU17 44.326161 119909 sgemm sgemm CUDA0 1.297196 119949 40
CPU16 44.568135 119913 sgemm sgemm CUDA3 1.011808 119953 40
CPU12 44.386576 119914 sgemm sgemm CUDA3 1.921444 119954 40
CPU6 44.826690 119915 sgemm sgemm CUDA3 1.250959 119955 40
CPU12 44.282543 119916 sgemm sgemm CUDA3 1.068713 119956 40
CPU17 44.344856 119920 sgemm sgemm CUDA3 0.056406 119960 40
CPU10 44.130376 119921 sgemm sgemm CUDA3 1.216248 119961 40
CPU10 44.407730 119922 sgemm sgemm CUDA3 9.287788 119962 40
CPU10 44.211209 119923 sgemm sgemm CUDA3 1.316067 119963 40
CPU9 44.346453 119927 sgemm sgemm CUDA3 1.013289 119967 40
CPU7 44.398776 119928 sgemm sgemm CUDA3 1.022444 119968 40
CPU10 44.750610 119929 sgemm sgemm CUDA3 13.503121 119969 40
CPU7 44.239261 119930 sgemm sgemm CUDA3 1.067764 119970 40
CPU4 44.293243 119934 sgemm sgemm CUDA1 0.049112 119974 40
CPU2 44.612579 119935 sgemm sgemm CUDA1 1.330383 119975 40
CPU4 44.708003 119936 sgemm sgemm CUDA1 1.260362 119976 40
CPU2 44.668936 119937 sgemm sgemm CUDA1 1.066233 119977 40
CPU2 44.257086 119941 sgemm sgemm CUDA3 1.470885 119981 40
CPU16 44.596368 119942 sgemm sgemm CUDA3 1.065691 119982 40
CPU9 44.515418 119943 sgemm sgemm CUDA3 1.255471 119983 40
CPU16 44.555164 119944 sgemm sgemm CUDA3 1.065878 119984 40
CPU17 44.469977 119948 sgemm sgemm CUDA2 1.065048 119988 40
CPU17 44.501685 119949 sgemm sgemm CUDA0 1.065952 119989 40
CPU0 44.843929 119950 sgemm sgemm CUDA0 1.257268 119990 40
CPU17 44.504284 119951 sgemm sgemm CUDA2 1.263623 119991 40
CPU5 44.289201 119955 sgemm sgemm CUDA1 1.207290 119995 40
CPU6 44.529022 119956 sgemm sgemm CUDA1 5.341317 119996 40
CPU7 44.858683 119957 sgemm sgemm CUDA2 1.010682 119997 40
CPU6 44.540445 119958 sgemm sgemm CUDA2 1.068139 119998 40
CPU6 44.654956 119962 sgemm sgemm CUDA2 1.197681 120002 40
CPU5 44.873089 119963 sgemm sgemm CUDA2 1.065076 120003 40
CPU4 45.186795 119964 sgemm sgemm CUDA0 1.034398 120004 40
CPU4 44.340274 119965 sgemm sgemm CUDA2 1.259947 120005 40
CPU0 44.270388 119969 sgemm sgemm CUDA0 1.066039 120009 40
CPU8 44.272276 119970 sgemm sgemm CUDA0 1.066049 120010 40
CPU2 44.603726 119971 sgemm sgemm CUDA0 1.072269 120011 40
CPU1 44.347059 119972 sgemm sgemm CUDA2 1.072552 120012 40
CPU8 44.247312 119976 sgemm sgemm CUDA1 1.066753 120016 40
CPU15 44.304333 119977 sgemm sgemm CUDA1 1.203490 120017 40
CPU5 44.768663 119978 sgemm sgemm CUDA1 1.202654 120018 40
CPU13 44.831055 119979 sgemm sgemm CUDA3 1.009375 120019 40
CPU5 33.451945 119985 strsm strsm CUDA0 2.937207 120025 40
CPU8 33.644461 119989 strsm strsm CUDA1 2.697297 120029 40
CPU4 33.578647 119993 strsm strsm CUDA1 12.042483 120033 40
CPU12 33.415518 119997 strsm strsm CUDA0 2.903523 120037 40
CPU12 15.672557 120001 strtri strtri CPU -1 120041 40
CPU14 30.953412 120003 strsm strsm CPU16 80.996106 120043 40
CPU14 31.091522 120005 strsm strsm CPU23 86.230164 120045 40
CPU17 30.638206 120007 strsm strsm CPU -1 120047 40
CPU3 31.157282 120009 strsm strsm CPU -1 120049 40
CPU17 30.654865 120011 strsm strsm CPU -1 120051 40
CPU13 31.027645 120013 strsm strsm CPU19 71.111628 120053 40
CPU10 30.944092 120015 strsm strsm CPU16 110.229815 120055 40
CPU1 31.150670 120017 strsm strsm CPU12 93.800289 120057 40
CPU10 30.912380 120019 strsm strsm CPU22 93.371443 120059 40
CPU19 30.722915 120021 strsm strsm CPU15 86.703264 120061 40
CPU19 30.871649 120023 strsm strsm CPU23 86.465274 120063 40
CPU1 31.184893 120025 strsm strsm CPU19 76.193335 120065 40
CPU14 31.014611 120027 strsm strsm CPU16 109.364091 120067 40
CPU1 31.035901 120029 strsm strsm CPU23 86.409467 120069 40
CPU0 31.719147 120031 strsm strsm CPU -1 120071 40
CPU19 30.847399 120033 strsm strsm CPU20 93.791945 120073 40
CPU2 31.035524 120035 strsm strsm CPU15 98.944077 120075 40
CPU11 30.395059 120037 strsm strsm CPU -1 120077 40
CPU17 31.153968 120039 strsm strsm CPU25 81.488197 120079 40
CPU19 30.867887 120041 strsm strsm CPU16 82.094249 120081 40
CPU10 30.826295 120043 strsm strsm CPU20 98.466019 120083 40
CPU10 31.466889 120045 strsm strsm CPU -1 120085 40
CPU8 30.929976 120047 strsm strsm CPU28 75.772914 120087 40
CPU1 31.043555 120049 strsm strsm CPU10 98.624258 120089 40
CPU9 30.919668 120051 strsm strsm CPU19 84.038210 120091 40
CPU11 30.340742 120053 strsm strsm CPU19 57.998161 120093 40
CPU15 30.642523 120055 strsm strsm CPU17 85.095632 120095 40
CPU14 30.702105 120057 strsm strsm CPU17 65.725622 120097 40
CPU15 30.638062 120059 strsm strsm CPU -1 120099 40
CPU13 31.047368 120061 strsm strsm CPU -1 120101 40
CPU0 31.360051 120063 strsm strsm CPU22 97.826025 120103 40
CPU13 31.804065 120065 strsm strsm CPU16 154.154500 120105 40
CPU8 30.950394 120067 strsm strsm CPU -1 120107 40
CPU13 30.769306 120069 strsm strsm CPU -1 120109 40
CPU14 30.714335 120071 strsm strsm CPU13 180.789219 120111 40
CPU5 31.046948 120073 strsm strsm CPU13 204.802456 120113 40
CPU13 31.297464 120075 strsm strsm CPU -1 120115 40
CPU3 31.093560 120077 strsm strsm CUDA2 3.163396 120117 40
CPU16 30.545557 120079 strsm strsm CUDA1 0.822069 120119 40
CPU16 30.932005 120081 strsm strsm CUDA1 2.935170 120121 40
CPU9 31.035368 120083 strsm strsm CUDA3 2.814796 120123 40
CPU16 31.367739 120085 strsm strsm CUDA2 2.960287 120125 40
CPU10 31.090192 120087 strsm strsm CUDA3 14.319971 120127 40
CPU17 31.623850 120089 strsm strsm CUDA2 2.745171 120129 40
CPU1 44.704020 120091 sgemm sgemm CUDA0 2.536058 120131 40
CPU15 44.476725 120092 sgemm sgemm CUDA0 1.254350 120132 40
CPU6 44.997259 120093 sgemm sgemm CUDA0 19.903296 120133 40
CPU16 44.291323 120094 sgemm sgemm CUDA1 1.199607 120134 40
CPU1 44.691709 120095 sgemm sgemm CUDA0 1.066685 120135 40
CPU10 44.540780 120099 sgemm sgemm CUDA1 3.801078 120139 40
CPU17 44.370523 120100 sgemm sgemm CUDA1 11.700114 120140 40
CPU11 44.413203 120101 sgemm sgemm CUDA1 1.493071 120141 40
CPU17 44.385183 120102 sgemm sgemm CUDA1 0.090166 120142 40
CPU17 44.444435 120103 sgemm sgemm CUDA1 11.552266 120143 40
CPU17 44.666041 120107 sgemm sgemm CUDA0 12.434265 120147 40
CPU15 44.415261 120108 sgemm sgemm CUDA0 0.066629 120148 40
CPU16 44.178643 120109 sgemm sgemm CUDA0 0.049026 120149 40
CPU16 44.521871 120110 sgemm sgemm CUDA1 0.602086 120150 40
CPU17 44.732065 120111 sgemm sgemm CUDA0 0.055002 120151 40
CPU16 44.400644 120115 sgemm sgemm CUDA0 3.869861 120155 40
CPU13 44.439215 120116 sgemm sgemm CUDA0 8.127769 120156 40
CPU16 44.699180 120117 sgemm sgemm CUDA0 3.613508 120157 40
CPU16 44.254146 120118 sgemm sgemm CUDA1 1.209545 120158 40
CPU4 44.901816 120119 sgemm sgemm CUDA0 1.358793 120159 40
CPU2 44.566986 120123 sgemm sgemm CUDA3 1.257088 120163 40
CPU14 44.416890 120124 sgemm sgemm CUDA1 0.964881 120164 40
CPU9 44.577057 120125 sgemm sgemm CUDA1 0.081837 120165 40
CPU16 44.437856 120126 sgemm sgemm CUDA1 1.028876 120166 40
CPU8 44.916088 120127 sgemm sgemm CUDA1 11.659334 120167 40
CPU9 44.814078 120131 sgemm sgemm CUDA0 0.044997 120171 40
CPU1 44.612027 120132 sgemm sgemm CUDA0 0.048998 120172 40
CPU12 44.422519 120133 sgemm sgemm CUDA0 1.350613 120173 40
CPU16 44.441264 120134 sgemm sgemm CUDA0 1.250805 120174 40
CPU3 44.602455 120135 sgemm sgemm CUDA0 1.110699 120175 40
CPU7 44.693084 120139 sgemm sgemm CUDA2 1.200131 120179 40
CPU10 44.655199 120140 sgemm sgemm CUDA2 0.048602 120180 40
CPU5 44.623880 120141 sgemm sgemm CUDA2 1.228916 120181 40
CPU16 44.479404 120142 sgemm sgemm CUDA2 1.317960 120182 40
CPU0 44.655133 120143 sgemm sgemm CUDA2 1.017182 120183 40
CPU17 44.608057 120147 sgemm sgemm CUDA1 0.956182 120187 40
CPU17 44.601714 120148 sgemm sgemm CUDA1 0.091786 120188 40
CPU15 44.607548 120149 sgemm sgemm CUDA1 1.215606 120189 40
CPU17 44.350271 120150 sgemm sgemm CUDA1 1.199508 120190 40
CPU17 44.370778 120151 sgemm sgemm CUDA1 0.998491 120191 40
CPU11 44.336224 120155 sgemm sgemm CUDA3 12.663315 120195 40
CPU12 44.107085 120156 sgemm sgemm CUDA1 1.012407 120196 40
CPU8 44.690561 120157 sgemm sgemm CUDA1 1.759659 120197 40
CPU16 44.675798 120158 sgemm sgemm CUDA1 3.657805 120198 40
CPU6 44.811932 120159 sgemm sgemm CUDA1 11.710410 120199 40
CPU15 44.267444 120163 sgemm sgemm CUDA3 0.072609 120203 40
CPU15 44.252050 120164 sgemm sgemm CUDA2 1.012900 120204 40
CPU16 44.190797 120165 sgemm sgemm CUDA2 10.163562 120205 40
CPU16 44.456498 120166 sgemm sgemm CUDA3 1.315046 120206 40
CPU6 44.967586 120167 sgemm sgemm CUDA3 1.071162 120207 40
CPU13 44.604761 120171 sgemm sgemm CUDA3 3.549817 120211 40
CPU15 44.460550 120172 sgemm sgemm CUDA0 1.342081 120212 40
CPU16 44.249015 120173 sgemm sgemm CUDA0 1.208772 120213 40
CPU16 44.445273 120174 sgemm sgemm CUDA3 1.140004 120214 40
CPU3 45.040431 120175 sgemm sgemm CUDA3 0.078267 120215 40
CPU14 44.598545 120179 sgemm sgemm CUDA1 0.950817 120219 40
CPU13 44.473342 120180 sgemm sgemm CUDA1 6.979878 120220 40
CPU0 44.978503 120181 sgemm sgemm CUDA1 0.047970 120221 40
CPU16 44.443618 120182 sgemm sgemm CUDA1 1.295071 120222 40
CPU2 44.665773 120183 sgemm sgemm CUDA1 0.994400 120223 40
CPU4 44.807603 120187 sgemm sgemm CUDA0 1.198281 120227 40
CPU14 44.404271 120188 sgemm sgemm CUDA0 1.009015 120228 40
CPU7 44.836716 120189 sgemm sgemm CUDA0 1.205247 120229 40
CPU16 44.357202 120190 sgemm sgemm CUDA0 0.047210 120230 40
CPU5 46.907359 120191 sgemm sgemm CUDA0 20.751235 120231 40
CPU6 45.034161 120195 sgemm sgemm CUDA0 1.206723 120235 40
CPU12 44.352764 120196 sgemm sgemm CUDA0 1.017642 120236 40
CPU17 44.380927 120197 sgemm sgemm CUDA0 2.659354 120237 40
CPU7 45.595343 120198 sgemm sgemm CUDA0 1.230215 120238 40
CPU14 45.374498 120199 sgemm sgemm CUDA0 11.510040 120239 40
CPU12 44.535139 120203 sgemm sgemm CUDA3 11.936002 120243 40
CPU15 44.304083 120204 sgemm sgemm CUDA1 1.205115 120244 40
CPU5 44.534482 120205 sgemm sgemm CUDA1 0.539991 120245 40
CPU16 44.235754 120206 sgemm sgemm CUDA3 1.141386 120246 40
CPU10 44.453381 120207 sgemm sgemm CUDA1 0.048213 120247 40
CPU1 44.807461 120211 sgemm sgemm CUDA3 11.947693 120251 40
CPU15 44.250407 120212 sgemm sgemm CUDA2 1.306324 120252 40
CPU13 44.755223 120213 sgemm sgemm CUDA2 5.672633 120253 40
CPU16 44.199852 120214 sgemm sgemm CUDA3 0.963920 120254 40
CPU12 44.743533 120215 sgemm sgemm CUDA3 11.634288 120255 40
CPU16 44.418543 120219 sgemm sgemm CUDA3 0.059620 120259 40
CPU17 44.415553 120220 sgemm sgemm CUDA0 0.044617 120260 40
CPU10 44.543976 120221 sgemm sgemm CUDA0 0.721257 120261 40
CPU17 44.358328 120222 sgemm sgemm CUDA3 1.145935 120262 40
CPU17 44.411914 120223 sgemm sgemm CUDA3 0.072078 120263 40
CPU13 44.509505 120227 sgemm sgemm CUDA3 1.008878 120267 40
CPU13 44.414809 120228 sgemm sgemm CUDA3 1.205093 120268 40
CPU6 44.889961 120229 sgemm sgemm CUDA3 1.010396 120269 40
CPU16 44.222644 120230 sgemm sgemm CUDA3 12.894114 120270 40
CPU13 44.488542 120231 sgemm sgemm CUDA3 0.044476 120271 40
CPU14 44.311154 120235 sgemm sgemm CUDA3 1.269310 120275 40
CPU12 44.443578 120236 sgemm sgemm CUDA3 1.206287 120276 40
CPU16 44.150873 120237 sgemm sgemm CUDA3 0.959621 120277 40
CPU16 44.268766 120238 sgemm sgemm CUDA3 0.955295 120278 40
CPU14 44.172797 120239 sgemm sgemm CUDA3 1.334195 120279 40
CPU5 44.528745 120243 sgemm sgemm CUDA3 1.269965 120283 40
CPU11 44.843586 120244 sgemm sgemm CUDA3 0.047454 120284 40
CPU2 44.880609 120245 sgemm sgemm CUDA3 1.148485 120285 40
CPU16 44.311740 120246 sgemm sgemm CUDA3 12.871385 120286 40
CPU10 44.362783 120247 sgemm sgemm CUDA3 0.154645 120287 40
CPU6 44.778488 120251 sgemm sgemm CUDA0 1.014788 120291 40
CPU14 44.442365 120252 sgemm sgemm CUDA0 0.043987 120292 40
CPU3 44.801858 120253 sgemm sgemm CUDA0 0.067066 120293 40
CPU16 44.166413 120254 sgemm sgemm CUDA0 1.140297 120294 40
CPU1 44.651262 120255 sgemm sgemm CUDA0 0.043546 120295 40
CPU8 44.500784 120259 sgemm sgemm CUDA1 0.047452 120299 40
CPU15 43.967307 120260 sgemm sgemm CUDA3 1.008711 120300 40
CPU6 45.309907 120261 sgemm sgemm CUDA3 9.237785 120301 40
CPU16 44.261206 120262 sgemm sgemm CUDA3 1.203530 120302 40
CPU14 44.733921 120263 sgemm sgemm CUDA1 1.256279 120303 40
CPU1 44.534824 120267 sgemm sgemm CUDA2 1.258491 120307 40
CPU15 44.301857 120268 sgemm sgemm CUDA0 1.281529 120308 40
CPU15 44.303498 120269 sgemm sgemm CUDA1 1.275994 120309 40
CPU16 44.295266 120270 sgemm sgemm CUDA2 2.466727 120310 40
CPU13 44.709862 120271 sgemm sgemm CUDA0 1.196336 120311 40
CPU15 44.272052 120275 sgemm sgemm CUDA0 1.198804 120315 40
CPU13 44.383356 120276 sgemm sgemm CUDA0 0.048318 120316 40
CPU5 44.717254 120277 sgemm sgemm CUDA0 13.240953 120317 40
CPU12 44.821278 120278 sgemm sgemm CUDA0 0.937567 120318 40
CPU4 44.696217 120279 sgemm sgemm CUDA0 9.125203 120319 40
CPU12 44.119317 120283 sgemm sgemm CUDA1 1.071892 120323 40
CPU14 44.416821 120284 sgemm sgemm CUDA1 14.022685 120324 40
CPU4 44.926972 120285 sgemm sgemm CUDA1 8.381646 120325 40
CPU16 44.234777 120286 sgemm sgemm CUDA1 0.082684 120326 40
CPU12 44.205367 120287 sgemm sgemm CUDA0 0.071550 120327 40
CPU15 44.261197 120291 sgemm sgemm CUDA2 1.259811 120331 40
CPU12 44.409746 120292 sgemm sgemm CUDA2 1.259073 120332 40
CPU9 44.942364 120293 sgemm sgemm CUDA2 0.055577 120333 40
CPU13 44.418582 120294 sgemm sgemm CUDA2 0.096125 120334 40
CPU10 45.918444 120295 sgemm sgemm CUDA2 1.238157 120335 40
CPU17 44.500124 120299 sgemm sgemm CUDA0 1.011308 120339 40
CPU15 43.959405 120300 sgemm sgemm CUDA0 1.261884 120340 40
CPU2 44.997362 120301 sgemm sgemm CUDA0 0.094841 120341 40
CPU15 44.781930 120302 sgemm sgemm CUDA0 1.136890 120342 40
CPU17 44.566751 120303 sgemm sgemm CUDA0 1.690870 120343 40
CPU3 44.608844 120307 sgemm sgemm CUDA1 1.201802 120347 40
CPU15 44.187581 120308 sgemm sgemm CUDA1 1.256488 120348 40
CPU9 45.080501 120309 sgemm sgemm CUDA1 7.111885 120349 40
CPU14 44.791589 120310 sgemm sgemm CUDA1 1.067620 120350 40
CPU9 44.367661 120311 sgemm sgemm CUDA1 1.206468 120351 40
CPU10 44.580157 120315 sgemm sgemm CUDA2 12.301952 120355 40
CPU13 44.529413 120316 sgemm sgemm CUDA2 1.253934 120356 40
CPU10 44.449002 120317 sgemm sgemm CUDA2 1.013770 120357 40
CPU16 44.393701 120318 sgemm sgemm CUDA2 3.421130 120358 40
CPU0 44.370841 120319 sgemm sgemm CUDA0 0.047897 120359 40
CPU1 44.617673 120323 sgemm sgemm CUDA2 11.848124 120363 40
CPU14 44.436527 120324 sgemm sgemm CUDA2 9.096606 120364 40
CPU0 45.185166 120325 sgemm sgemm CUDA2 2.643686 120365 40
CPU16 44.299529 120326 sgemm sgemm CUDA2 0.046789 120366 40
CPU1 44.652848 120327 sgemm sgemm CUDA2 0.047216 120367 40
CPU11 44.450072 120331 sgemm sgemm CUDA3 1.015596 120371 40
CPU17 44.558084 120332 sgemm sgemm CUDA3 0.100235 120372 40
CPU7 44.948380 120333 sgemm sgemm CUDA3 1.154305 120373 40
CPU19 44.733771 120334 sgemm sgemm CUDA2 1.253067 120374 40
CPU12 44.625720 120335 sgemm sgemm CUDA3 1.203623 120375 40
CPU13 44.522292 120339 sgemm sgemm CUDA3 1.180885 120379 40
CPU12 44.433461 120340 sgemm sgemm CUDA3 1.188115 120380 40
CPU6 44.830324 120341 sgemm sgemm CUDA3 1.015873 120381 40
CPU15 44.539488 120342 sgemm sgemm CUDA3 1.200682 120382 40
CPU3 44.322453 120343 sgemm sgemm CUDA3 0.997443 120383 40
CPU14 44.522591 120347 sgemm sgemm CUDA0 1.013172 120387 40
CPU15 43.946624 120348 sgemm sgemm CUDA2 24.968152 120388 40
CPU12 44.339496 120349 sgemm sgemm CUDA2 1.265283 120389 40
CPU16 44.302404 120350 sgemm sgemm CUDA2 1.069307 120390 40
CPU11 44.079597 120351 sgemm sgemm CUDA0 1.158783 120391 40
CPU12 44.355929 120355 sgemm sgemm CUDA2 0.048292 120395 40
CPU14 44.892577 120356 sgemm sgemm CUDA2 0.057820 120396 40
CPU2 44.845536 120357 sgemm sgemm CUDA2 1.290147 120397 40
CPU13 44.420425 120358 sgemm sgemm CUDA2 1.255148 120398 40
CPU17 44.466136 120359 sgemm sgemm CUDA2 7.651180 120399 40
CPU16 44.623777 120363 sgemm sgemm CUDA3 6.553713 120403 40
CPU15 44.331869 120364 sgemm sgemm CUDA3 1.265794 120404 40
CPU6 44.998629 120365 sgemm sgemm CUDA3 1.064338 120405 40
CPU16 44.285212 120366 sgemm sgemm CUDA3 0.959719 120406 40
CPU12 44.243153 120367 sgemm sgemm CUDA3 1.009760 120407 40
CPU17 44.556424 120371 sgemm sgemm CUDA3 0.973605 120411 40
CPU13 44.387512 120372 sgemm sgemm CUDA3 1.202816 120412 40
CPU10 44.324817 120373 sgemm sgemm CUDA3 7.148520 120413 40
CPU13 44.414631 120374 sgemm sgemm CUDA3 1.259972 120414 40
CPU17 44.405162 120375 sgemm sgemm CUDA3 1.257620 120415 40
CPU9 44.364724 120379 sgemm sgemm CUDA3 1.070275 120419 40
CPU14 44.461378 120380 sgemm sgemm CUDA3 1.257870 120420 40
CPU10 44.820799 120381 sgemm sgemm CUDA3 1.257593 120421 40
CPU15 44.312029 120382 sgemm sgemm CUDA3 1.066552 120422 40
CPU7 44.377760 120383 sgemm sgemm CUDA3 1.263539 120423 40
CPU4 44.319534 120387 sgemm sgemm CUDA1 1.276036 120427 40
CPU12 44.441996 120388 sgemm sgemm CUDA1 1.063564 120428 40
CPU4 44.500683 120389 sgemm sgemm CUDA1 1.064976 120429 40
CPU14 44.242184 120390 sgemm sgemm CUDA1 1.257115 120430 40
CPU2 44.433702 120391 sgemm sgemm CUDA1 1.066497 120431 40
CPU2 44.326730 120395 sgemm sgemm CUDA1 0.754457 120435 40
CPU15 43.931805 120396 sgemm sgemm CUDA1 1.070704 120436 40
CPU9 44.695709 120397 sgemm sgemm CUDA1 1.257638 120437 40
CPU16 44.503578 120398 sgemm sgemm CUDA3 1.252669 120438 40
CPU16 44.510873 120399 sgemm sgemm CUDA3 1.259103 120439 40
CPU17 44.491838 120403 sgemm sgemm CUDA2 1.019648 120443 40
CPU15 45.414547 120404 sgemm sgemm CUDA2 1.067446 120444 40
CPU0 45.072648 120405 sgemm sgemm CUDA2 1.068189 120445 40
CPU11 44.619311 120406 sgemm sgemm CUDA2 1.070761 120446 40
CPU16 44.782526 120407 sgemm sgemm CUDA2 1.260032 120447 40
CPU5 44.348239 120411 sgemm sgemm CUDA3 1.271255 120451 40
CPU15 44.317911 120412 sgemm sgemm CUDA1 16.487429 120452 40
CPU7 44.775669 120413 sgemm sgemm CUDA1 1.318040 120453 40
CPU16 44.396198 120414 sgemm sgemm CUDA3 15.654355 120454 40
CPU6 44.702160 120415 sgemm sgemm CUDA1 0.045243 120455 40
CPU6 44.619503 120419 sgemm sgemm CUDA2 7.687843 120459 40
CPU13 44.330332 120420 sgemm sgemm CUDA2 0.041899 120460 40
CPU4 45.278166 120421 sgemm sgemm CUDA0 0.072575 120461 40
CPU13 44.530320 120422 sgemm sgemm CUDA2 1.377784 120462 40
CPU4 44.396360 120423 sgemm sgemm CUDA0 0.082763 120463 40
CPU0 44.280663 120427 sgemm sgemm CUDA0 1.257732 120467 40
CPU12 44.548427 120428 sgemm sgemm CUDA0 1.204127 120468 40
CPU2 44.477505 120429 sgemm sgemm CUDA0 1.206240 120469 40
CPU14 44.469582 120430 sgemm sgemm CUDA2 1.011258 120470 40
CPU1 44.372897 120431 sgemm sgemm CUDA2 1.006243 120471 40
CPU8 44.147082 120435 sgemm sgemm CUDA1 1.291359 120475 40
CPU14 44.500977 120436 sgemm sgemm CUDA1 1.069762 120476 40
CPU5 44.410586 120437 sgemm sgemm CUDA1 1.067127 120477 40
CPU16 44.443293 120438 sgemm sgemm CUDA2 1.257327 120478 40
CPU13 44.731571 120439 sgemm sgemm CUDA1 1.403851 120479 40
CPU6 33.376935 120445 strsm strsm CUDA2 13.447954 120485 40
CPU10 32.327868 120449 strsm strsm CUDA2 0.057661 120489 40
CPU17 32.855368 120453 strsm strsm CUDA1 2.860284 120493 40
CPU7 32.705101 120457 strsm strsm CUDA2 2.885299 120497 40
CPU14 33.175019 120461 strsm strsm CUDA2 2.662942 120501 40
CPU15 14.829675 120465 strtri strtri CPU -1 120505 40
CPU19 30.800032 120467 strsm strsm CPU -1 120507 40
CPU11 30.232472 120469 strsm strsm CPU -1 120509 40
CPU3 30.932446 120471 strsm strsm CPU21 80.485697 120511 40
CPU14 30.825363 120473 strsm strsm CPU -1 120513 40
CPU17 30.842766 120475 strsm strsm CPU13 98.469211 120515 40
CPU18 30.250463 120477 strsm strsm CPU15 98.697487 120517 40
CPU1 32.113887 120479 strsm strsm CPU24 91.727440 120519 40
CPU6 31.421855 120481 strsm strsm CPU -1 120521 40
CPU13 31.074826 120483 strsm strsm CPU15 98.714458 120523 40
CPU11 30.522059 120485 strsm strsm CPU16 90.884067 120525 40
CPU8 31.205190 120487 strsm strsm CPU26 80.294567 120527 40
CPU14 30.998187 120489 strsm strsm CPU -1 120529 40
CPU0 31.592327 120491 strsm strsm CPU -1 120531 40
CPU1 31.094078 120493 strsm strsm CPU13 98.941365 120533 40
CPU11 30.372459 120495 strsm strsm CPU23 102.255879 120535 40
CPU2 30.996725 120497 strsm strsm CPU27 97.880367 120537 40
CPU13 31.105420 120499 strsm strsm CPU18 74.742829 120539 40
CPU6 31.121615 120501 strsm strsm CPU19 81.406233 120541 40
CPU1 31.037550 120503 strsm strsm CPU -1 120543 40
CPU12 31.067902 120505 strsm strsm CPU -1 120545 40
CPU10 32.122295 120507 strsm strsm CPU12 81.609726 120547 40
CPU13 31.137507 120509 strsm strsm CPU -1 120549 40
CPU0 31.586966 120511 strsm strsm CPU16 105.394862 120551 40
CPU8 30.624282 120513 strsm strsm CPU11 99.088620 120553 40
CPU13 30.762501 120515 strsm strsm CPU31 111.048038 120555 40
CPU16 30.817356 120517 strsm strsm CPU -1 120557 40
CPU14 30.834756 120519 strsm strsm CPU -1 120559 40
CPU15 31.498926 120521 strsm strsm CPU14 102.790526 120561 40
CPU13 30.984588 120523 strsm strsm CPU29 127.812227 120563 40
CPU10 30.950766 120525 strsm strsm CPU32 184.357701 120565 40
CPU12 30.798116 120527 strsm strsm CPU20 262.004088 120567 40
CPU8 31.646807 120529 strsm strsm CPU19 166.180979 120569 40
CPU13 30.827563 120531 strsm strsm CPU -1 120571 40
CPU14 30.767360 120533 strsm strsm CUDA0 2.908748 120573 40
CPU13 31.398616 120535 strsm strsm CUDA2 2.828639 120575 40
CPU11 30.560167 120537 strsm strsm CUDA1 2.805857 120577 40
CPU16 31.749122 120539 strsm strsm CUDA1 2.781094 120579 40
CPU10 30.838417 120541 strsm strsm CUDA2 2.787621 120581 40
CPU16 31.455565 120543 strsm strsm CUDA2 2.341786 120583 40
CPU19 31.672769 120545 strsm strsm CUDA0 0.062446 120585 40
CPU16 30.513952 120547 strsm strsm CUDA0 10.440706 120587 40
CPU19 30.931760 120549 strsm strsm CUDA0 3.029881 120589 40
CPU16 30.596041 120551 strsm strsm CUDA2 2.957223 120591 40
CPU10 44.440149 120553 sgemm sgemm CUDA1 1.256853 120593 40
CPU3 44.803457 120554 sgemm sgemm CUDA1 1.259081 120594 40
CPU11 44.158057 120555 sgemm sgemm CUDA1 0.074174 120595 40
CPU1 44.469265 120556 sgemm sgemm CUDA1 1.284667 120596 40
CPU5 44.216590 120557 sgemm sgemm CUDA1 9.514854 120597 40
CPU12 44.622224 120558 sgemm sgemm CUDA1 0.048621 120598 40
CPU13 44.975989 120562 sgemm sgemm CUDA0 1.086187 120602 40
CPU15 44.388457 120563 sgemm sgemm CUDA0 1.065707 120603 40
CPU16 44.277254 120564 sgemm sgemm CUDA0 1.195378 120604 40
CPU16 44.266608 120565 sgemm sgemm CUDA1 1.196453 120605 40
CPU16 43.862199 120566 sgemm sgemm CUDA0 1.012899 120606 40
CPU10 44.615481 120567 sgemm sgemm CUDA1 1.068381 120607 40
CPU16 44.575908 120571 sgemm sgemm CUDA0 1.075833 120611 40
CPU13 44.679784 120572 sgemm sgemm CUDA0 1.069595 120612 40
CPU6 44.932171 120573 sgemm sgemm CUDA0 1.197281 120613 40
CPU13 44.629561 120574 sgemm sgemm CUDA1 1.260643 120614 40
CPU4 44.925767 120575 sgemm sgemm CUDA0 1.210781 120615 40
CPU15 44.425040 120576 sgemm sgemm CUDA1 0.152820 120616 40
CPU2 44.546200 120580 sgemm sgemm CUDA3 1.256440 120620 40
CPU14 44.613061 120581 sgemm sgemm CUDA2 1.364772 120621 40
CPU9 44.887477 120582 sgemm sgemm CUDA1 0.073997 120622 40
CPU16 44.477235 120583 sgemm sgemm CUDA1 1.259852 120623 40
CPU8 44.873175 120584 sgemm sgemm CUDA1 0.067837 120624 40
CPU15 44.640214 120585 sgemm sgemm CUDA1 1.255678 120625 40
CPU9 44.473241 120589 sgemm sgemm CUDA0 1.257547 120629 40
CPU1 44.473138 120590 sgemm sgemm CUDA0 11.886273 120630 40
CPU12 44.718236 120591 sgemm sgemm CUDA0 1.257047 120631 40
CPU12 44.756145 120592 sgemm sgemm CUDA0 0.156628 120632 40
CPU3 44.493304 120593 sgemm sgemm CUDA0 1.286276 120633 40
CPU5 44.601636 120594 sgemm sgemm CUDA0 1.385832 120634 40
CPU7 44.419341 120598 sgemm sgemm CUDA2 0.046502 120638 40
CPU19 44.793369 120599 sgemm sgemm CUDA2 0.047341 120639 40
CPU5 44.505483 120600 sgemm sgemm CUDA2 1.314659 120640 40
CPU16 44.541236 120601 sgemm sgemm CUDA1 0.050064 120641 40
CPU0 44.952458 120602 sgemm sgemm CUDA2 1.001481 120642 40
CPU6 46.736207 120603 sgemm sgemm CUDA2 1.260977 120643 40
CPU0 44.798080 120607 sgemm sgemm CUDA2 1.254944 120647 40
CPU17 44.646372 120608 sgemm sgemm CUDA2 1.081558 120648 40
CPU6 44.907580 120609 sgemm sgemm CUDA2 1.204424 120649 40
CPU11 44.461301 120610 sgemm sgemm CUDA2 0.494222 120650 40
CPU15 43.835198 120611 sgemm sgemm CUDA1 1.192432 120651 40
CPU17 44.428684 120612 sgemm sgemm CUDA1 1.197779 120652 40
CPU11 44.385677 120616 sgemm sgemm CUDA3 1.154808 120656 40
CPU12 44.313576 120617 sgemm sgemm CUDA2 1.260517 120657 40
CPU8 44.421308 120618 sgemm sgemm CUDA1 1.258165 120658 40
CPU13 44.853021 120619 sgemm sgemm CUDA1 1.062090 120659 40
CPU6 44.527734 120620 sgemm sgemm CUDA1 1.005263 120660 40
CPU14 44.774651 120621 sgemm sgemm CUDA1 1.258919 120661 40
CPU15 44.196720 120625 sgemm sgemm CUDA3 12.939543 120665 40
CPU15 44.322530 120626 sgemm sgemm CUDA2 1.260715 120666 40
CPU16 44.160583 120627 sgemm sgemm CUDA2 1.261492 120667 40
CPU12 44.581562 120628 sgemm sgemm CUDA3 1.216316 120668 40
CPU6 44.938881 120629 sgemm sgemm CUDA3 1.202301 120669 40
CPU16 44.329498 120630 sgemm sgemm CUDA2 1.255936 120670 40
CPU13 44.623631 120634 sgemm sgemm CUDA3 12.026745 120674 40
CPU13 44.705005 120635 sgemm sgemm CUDA0 0.955400 120675 40
CPU5 44.479489 120636 sgemm sgemm CUDA0 1.063862 120676 40
CPU15 44.264105 120637 sgemm sgemm CUDA3 0.996313 120677 40
CPU3 44.786312 120638 sgemm sgemm CUDA0 0.053333 120678 40
CPU14 43.943699 120639 sgemm sgemm CUDA3 1.020938 120679 40
CPU14 44.661427 120643 sgemm sgemm CUDA1 0.956403 120683 40
CPU13 44.649413 120644 sgemm sgemm CUDA1 12.956540 120684 40
CPU4 44.955188 120645 sgemm sgemm CUDA1 0.043903 120685 40
CPU12 44.858407 120646 sgemm sgemm CUDA1 1.243858 120686 40
CPU2 44.710370 120647 sgemm sgemm CUDA1 1.007765 120687 40
CPU16 44.480671 120648 sgemm sgemm CUDA1 1.209364 120688 40
CPU4 44.703299 120652 sgemm sgemm CUDA0 1.068309 120692 40
CPU14 44.458136 120653 sgemm sgemm CUDA0 0.045559 120693 40
CPU7 44.725178 120654 sgemm sgemm CUDA0 0.044812 120694 40
CPU19 44.608156 120655 sgemm sgemm CUDA0 1.024134 120695 40
CPU5 44.510037 120656 sgemm sgemm CUDA0 1.067651 120696 40
CPU15 44.180162 120657 sgemm sgemm CUDA0 6.883422 120697 40
CPU2 45.121835 120661 sgemm sgemm CUDA0 1.071659 120701 40
CPU12 44.458274 120662 sgemm sgemm CUDA0 1.261142 120702 40
CPU17 44.531845 120663 sgemm sgemm CUDA0 1.302879 120703 40
CPU3 44.971774 120664 sgemm sgemm CUDA0 2.220898 120704 40
CPU11 44.957285 120665 sgemm sgemm CUDA0 1.261035 120705 40
CPU1 47.021620 120666 sgemm sgemm CUDA0 0.083165 120706 40
CPU12 44.402293 120670 sgemm sgemm CUDA3 1.251666 120710 40
CPU15 44.713587 120671 sgemm sgemm CUDA1 1.144968 120711 40
CPU6 44.966952 120672 sgemm sgemm CUDA1 0.040501 120712 40
CPU13 44.928274 120673 sgemm sgemm CUDA3 1.160352 120713 40
CPU10 44.425265 120674 sgemm sgemm CUDA1 1.255759 120714 40
CPU12 44.695252 120675 sgemm sgemm CUDA3 1.223795 120715 40
CPU1 44.703248 120679 sgemm sgemm CUDA2 1.070363 120719 40
CPU14 44.713046 120680 sgemm sgemm CUDA2 1.258955 120720 40
CPU13 44.522459 120681 sgemm sgemm CUDA2 8.138034 120721 40
CPU16 44.593561 120682 sgemm sgemm CUDA3 0.059533 120722 40
CPU12 44.396006 120683 sgemm sgemm CUDA3 1.263215 120723 40
CPU19 44.880546 120684 sgemm sgemm CUDA2 12.703049 120724 40
CPU16 44.518321 120688 sgemm sgemm CUDA0 0.060509 120728 40
CPU17 44.583345 120689 sgemm sgemm CUDA0 1.258498 120729 40
CPU5 44.592594 120690 sgemm sgemm CUDA0 0.045375 120730 40
CPU14 44.527273 120691 sgemm sgemm CUDA0 1.141771 120731 40
CPU17 44.419534 120692 sgemm sgemm CUDA0 1.294033 120732 40
CPU15 44.207591 120693 sgemm sgemm CUDA0 1.006455 120733 40
CPU13 44.409911 120697 sgemm sgemm CUDA3 1.017177 120737 40
CPU13 44.570558 120698 sgemm sgemm CUDA3 1.201116 120738 40
CPU4 45.082514 120699 sgemm sgemm CUDA3 1.259556 120739 40
CPU14 44.399414 120700 sgemm sgemm CUDA3 1.199702 120740 40
CPU13 44.412866 120701 sgemm sgemm CUDA3 1.008215 120741 40
CPU12 44.140193 120702 sgemm sgemm CUDA3 1.199388 120742 40
CPU14 44.555274 120706 sgemm sgemm CUDA1 0.957860 120746 40
CPU12 44.609741 120707 sgemm sgemm CUDA0 1.279318 120747 40
CPU16 44.354451 120708 sgemm sgemm CUDA1 1.012200 120748 40
CPU16 44.466096 120709 sgemm sgemm CUDA3 1.191337 120749 40
CPU14 44.475585 120710 sgemm sgemm CUDA0 1.102825 120750 40
CPU15 44.390992 120711 sgemm sgemm CUDA3 1.010252 120751 40
CPU5 44.480143 120715 sgemm sgemm CUDA3 1.209961 120755 40
CPU11 44.818009 120716 sgemm sgemm CUDA3 1.036135 120756 40
CPU6 44.864601 120717 sgemm sgemm CUDA3 1.150379 120757 40
CPU16 44.197053 120718 sgemm sgemm CUDA3 1.200728 120758 40
CPU10 44.464549 120719 sgemm sgemm CUDA3 1.204640 120759 40
CPU7 45.758370 120720 sgemm sgemm CUDA3 12.506334 120760 40
CPU6 44.555523 120724 sgemm sgemm CUDA0 1.067631 120764 40
CPU14 44.609747 120725 sgemm sgemm CUDA0 1.256824 120765 40
CPU5 44.452564 120726 sgemm sgemm CUDA0 1.258675 120766 40
CPU14 44.495648 120727 sgemm sgemm CUDA0 1.201547 120767 40
CPU1 44.518763 120728 sgemm sgemm CUDA0 7.130051 120768 40
CPU13 44.288998 120729 sgemm sgemm CUDA0 1.067410 120769 40
CPU8 44.387453 120733 sgemm sgemm CUDA3 1.027904 120773 40
CPU12 44.676148 120734 sgemm sgemm CUDA3 1.198416 120774 40
CPU4 44.816334 120735 sgemm sgemm CUDA3 1.255260 120775 40
CPU16 44.519670 120736 sgemm sgemm CUDA3 0.042258 120776 40
CPU14 44.611216 120737 sgemm sgemm CUDA3 1.209790 120777 40
CPU19 44.592489 120738 sgemm sgemm CUDA3 1.265393 120778 40
CPU1 44.497926 120742 sgemm sgemm CUDA2 1.304825 120782 40
CPU13 44.717069 120743 sgemm sgemm CUDA0 1.067802 120783 40
CPU6 44.693512 120744 sgemm sgemm CUDA1 1.266063 120784 40
CPU14 44.642609 120745 sgemm sgemm CUDA1 1.272386 120785 40
CPU13 44.616442 120746 sgemm sgemm CUDA0 11.886717 120786 40
CPU12 44.004519 120747 sgemm sgemm CUDA0 1.272978 120787 40
CPU15 44.289035 120751 sgemm sgemm CUDA0 1.258724 120791 40
CPU13 44.453643 120752 sgemm sgemm CUDA0 1.256005 120792 40
CPU5 44.690039 120753 sgemm sgemm CUDA2 0.068681 120793 40
CPU12 44.990252 120754 sgemm sgemm CUDA0 9.477217 120794 40
CPU4 44.686909 120755 sgemm sgemm CUDA0 0.047181 120795 40
CPU12 45.232621 120756 sgemm sgemm CUDA0 1.286247 120796 40
CPU12 44.182329 120760 sgemm sgemm CUDA3 1.029990 120800 40
CPU14 44.499518 120761 sgemm sgemm CUDA0 3.311387 120801 40
CPU5 44.411755 120762 sgemm sgemm CUDA3 1.262001 120802 40
CPU16 44.401386 120763 sgemm sgemm CUDA1 1.007860 120803 40
CPU12 44.302446 120764 sgemm sgemm CUDA0 1.369098 120804 40
CPU15 44.370879 120765 sgemm sgemm CUDA1 1.072058 120805 40
CPU15 44.527409 120769 sgemm sgemm CUDA2 1.081600 120809 40
CPU12 44.499287 120770 sgemm sgemm CUDA2 1.259733 120810 40
CPU9 44.589873 120771 sgemm sgemm CUDA2 0.041595 120811 40
CPU13 44.393327 120772 sgemm sgemm CUDA1 1.002265 120812 40
CPU10 44.452936 120773 sgemm sgemm CUDA2 11.968523 120813 40
CPU13 46.201911 120774 sgemm sgemm CUDA2 1.069839 120814 40
CPU14 44.672625 120778 sgemm sgemm CUDA0 12.099023 120818 40
CPU15 44.636045 120779 sgemm sgemm CUDA0 1.072177 120819 40
CPU4 44.889630 120780 sgemm sgemm CUDA0 1.256449 120820 40
CPU15 44.880251 120781 sgemm sgemm CUDA0 1.002386 120821 40
CPU17 44.367819 120782 sgemm sgemm CUDA0 10.389402 120822 40
CPU19 44.450205 120783 sgemm sgemm CUDA0 1.009932 120823 40
CPU3 44.751576 120787 sgemm sgemm CUDA1 0.048040 120827 40
CPU14 44.625521 120788 sgemm sgemm CUDA1 1.066775 120828 40
CPU0 45.051222 120789 sgemm sgemm CUDA1 1.250940 120829 40
CPU14 44.931279 120790 sgemm sgemm CUDA1 1.011043 120830 40
CPU9 44.346237 120791 sgemm sgemm CUDA1 1.018931 120831 40
CPU14 44.815491 120792 sgemm sgemm CUDA1 1.208566 120832 40
CPU10 44.550849 120796 sgemm sgemm CUDA2 1.271206 120836 40
CPU13 44.679991 120797 sgemm sgemm CUDA2 4.206177 120837 40
CPU6 44.670413 120798 sgemm sgemm CUDA2 1.026935 120838 40
CPU14 44.672675 120799 sgemm sgemm CUDA2 1.255956 120839 40
CPU0 44.356557 120800 sgemm sgemm CUDA3 1.064700 120840 40
CPU13 44.577515 120801 sgemm sgemm CUDA3 0.958075 120841 40
CPU4 44.754355 120805 sgemm sgemm CUDA2 7.119472 120845 40
CPU14 44.559868 120806 sgemm sgemm CUDA2 1.260653 120846 40
CPU5 44.736494 120807 sgemm sgemm CUDA2 1.063238 120847 40
CPU16 44.581398 120808 sgemm sgemm CUDA2 1.071476 120848 40
CPU1 44.710805 120809 sgemm sgemm CUDA2 1.073746 120849 40
CPU19 44.617436 120810 sgemm sgemm CUDA2 1.281748 120850 40
CPU11 44.445570 120814 sgemm sgemm CUDA2 12.089985 120854 40
CPU16 44.612266 120815 sgemm sgemm CUDA2 1.259208 120855 40
CPU4 44.774914 120816 sgemm sgemm CUDA2 1.257934 120856 40
CPU19 45.170920 120817 sgemm sgemm CUDA2 1.015050 120857 40
CPU12 45.176119 120818 sgemm sgemm CUDA2 1.067171 120858 40
CPU19 44.952663 120819 sgemm sgemm CUDA2 1.269889 120859 40
CPU13 44.588246 120823 sgemm sgemm CUDA3 1.040680 120863 40
CPU12 44.563729 120824 sgemm sgemm CUDA3 1.010153 120864 40
CPU6 44.868903 120825 sgemm sgemm CUDA3 1.011433 120865 40
CPU15 44.393506 120826 sgemm sgemm CUDA3 1.198334 120866 40
CPU3 44.258174 120827 sgemm sgemm CUDA3 1.070112 120867 40
CPU12 44.295805 120828 sgemm sgemm CUDA3 1.202466 120868 40
CPU14 44.590954 120832 sgemm sgemm CUDA2 1.197874 120872 40
CPU12 44.655443 120833 sgemm sgemm CUDA2 1.072533 120873 40
CPU12 44.321932 120834 sgemm sgemm CUDA2 1.073034 120874 40
CPU14 44.374097 120835 sgemm sgemm CUDA2 1.259522 120875 40
CPU11 44.178077 120836 sgemm sgemm CUDA2 1.063614 120876 40
CPU12 43.947063 120837 sgemm sgemm CUDA2 1.063664 120877 40
CPU12 44.293569 120841 sgemm sgemm CUDA2 0.047179 120881 40
CPU14 45.452464 120842 sgemm sgemm CUDA2 11.708663 120882 40
CPU5 44.670693 120843 sgemm sgemm CUDA2 7.422039 120883 40
CPU13 43.981163 120844 sgemm sgemm CUDA2 1.072554 120884 40
CPU17 44.277004 120845 sgemm sgemm CUDA2 1.257339 120885 40
CPU17 44.402939 120846 sgemm sgemm CUDA2 1.259429 120886 40
CPU16 44.653215 120850 sgemm sgemm CUDA3 1.250784 120890 40
CPU13 44.708778 120851 sgemm sgemm CUDA3 1.073400 120891 40
CPU6 44.919960 120852 sgemm sgemm CUDA3 1.069503 120892 40
CPU16 44.300167 120853 sgemm sgemm CUDA3 1.067534 120893 40
CPU12 44.291626 120854 sgemm sgemm CUDA3 1.064437 120894 40
CPU10 44.405801 120855 sgemm sgemm CUDA3 1.255897 120895 40
CPU4 45.236051 120859 sgemm sgemm CUDA3 1.060970 120899 40
CPU13 44.463564 120860 sgemm sgemm CUDA3 1.261924 120900 40
CPU4 44.816337 120861 sgemm sgemm CUDA3 1.071326 120901 40
CPU13 44.408556 120862 sgemm sgemm CUDA3 12.889534 120902 40
CPU11 44.928211 120863 sgemm sgemm CUDA3 0.043574 120903 40
CPU16 44.936445 120864 sgemm sgemm CUDA3 1.309967 120904 40
CPU9 44.323606 120868 sgemm sgemm CUDA3 1.305883 120908 40
CPU14 44.440682 120869 sgemm sgemm CUDA3 1.256047 120909 40
CPU6 44.541422 120870 sgemm sgemm CUDA3 1.257323 120910 40
CPU15 44.403420 120871 sgemm sgemm CUDA3 1.259652 120911 40
CPU7 44.560706 120872 sgemm sgemm CUDA3 1.069159 120912 40
CPU15 44.666788 120873 sgemm sgemm CUDA1 11.938934 120913 40
CPU4 44.388258 120877 sgemm sgemm CUDA1 1.003020 120917 40
CPU12 44.437413 120878 sgemm sgemm CUDA1 1.070039 120918 40
CPU0 45.060711 120879 sgemm sgemm CUDA1 1.262091 120919 40
CPU14 44.189720 120880 sgemm sgemm CUDA1 1.071152 120920 40
CPU2 44.479810 120881 sgemm sgemm CUDA1 1.069724 120921 40
CPU12 44.218793 120882 sgemm sgemm CUDA1 8.088311 120922 40
CPU2 44.367898 120886 sgemm sgemm CUDA2 1.269730 120926 40
CPU14 44.749000 120887 sgemm sgemm CUDA1 1.077790 120927 40
CPU5 44.268492 120888 sgemm sgemm CUDA1 1.078637 120928 40
CPU15 44.616097 120889 sgemm sgemm CUDA2 1.268700 120929 40
CPU16 44.473677 120890 sgemm sgemm CUDA1 1.076226 120930 40
CPU12 43.970148 120891 sgemm sgemm CUDA1 1.268334 120931 40
CPU9 44.759354 120895 sgemm sgemm CUDA2 1.258561 120935 40
CPU15 44.860121 120896 sgemm sgemm CUDA2 1.069857 120936 40
CPU7 44.901834 120897 sgemm sgemm CUDA2 1.258379 120937 40
CPU11 44.383810 120898 sgemm sgemm CUDA2 1.256370 120938 40
CPU16 44.576989 120899 sgemm sgemm CUDA2 13.105314 120939 40
CPU4 44.863522 120900 sgemm sgemm CUDA1 1.302702 120940 40
CPU5 44.444882 120904 sgemm sgemm CUDA0 1.251063 120944 40
CPU15 44.737914 120905 sgemm sgemm CUDA1 1.069455 120945 40
CPU4 44.487408 120906 sgemm sgemm CUDA1 1.259584 120946 40
CPU11 44.490555 120907 sgemm sgemm CUDA0 1.255167 120947 40
CPU6 44.662922 120908 sgemm sgemm CUDA1 1.259082 120948 40
CPU13 44.025172 120909 sgemm sgemm CUDA1 1.262934 120949 40
CPU6 44.664566 120913 sgemm sgemm CUDA2 1.289203 120953 40
CPU13 44.459085 120914 sgemm sgemm CUDA2 1.072695 120954 40
CPU4 45.146134 120915 sgemm sgemm CUDA0 7.497349 120955 40
CPU13 44.610409 120916 sgemm sgemm CUDA2 1.259093 120956 40
CPU4 44.369220 120917 sgemm sgemm CUDA0 1.323758 120957 40
CPU12 44.184574 120918 sgemm sgemm CUDA2 1.263417 120958 40
CPU0 44.246631 120922 sgemm sgemm CUDA0 1.006721 120962 40
CPU12 44.610230 120923 sgemm sgemm CUDA0 1.066549 120963 40
CPU2 44.463862 120924 sgemm sgemm CUDA0 1.068738 120964 40
CPU14 44.611318 120925 sgemm sgemm CUDA2 1.200465 120965 40
CPU1 44.375517 120926 sgemm sgemm CUDA2 1.201390 120966 40
CPU14 44.638763 120927 sgemm sgemm CUDA0 1.257027 120967 40
CPU8 44.190829 120931 sgemm sgemm CUDA2 1.009297 120971 40
CPU14 44.599171 120932 sgemm sgemm CUDA1 1.274718 120972 40
CPU16 44.405542 120933 sgemm sgemm CUDA1 1.202922 120973 40
CPU16 44.465817 120934 sgemm sgemm CUDA2 1.274787 120974 40
CPU13 44.663715 120935 sgemm sgemm CUDA1 1.196137 120975 40
CPU15 44.925479 120936 sgemm sgemm CUDA2 1.066533 120976 40
CPU9 32.810693 120942 strsm strsm CUDA0 2.741550 120982 40
CPU16 32.276765 120946 strsm strsm CUDA2 2.843691 120986 40
CPU15 32.368725 120950 strsm strsm CUDA2 13.656950 120990 40
CPU14 31.848828 120954 strsm strsm CUDA1 2.402280 120994 40
CPU16 32.067988 120958 strsm strsm CUDA1 12.892010 120998 40
CPU16 31.685434 120962 strsm strsm CUDA0 2.840487 121002 40
CPU15 14.579820 120966 strtri strtri CPU -1 121006 40
CPU11 30.262973 120968 strsm strsm CPU29 86.642074 121008 40
CPU15 30.414431 120970 strsm strsm CPU -1 121010 40
CPU17 30.607095 120972 strsm strsm CPU19 101.217766 121012 40
CPU4 30.946074 120974 strsm strsm CPU26 82.478381 121014 40
CPU18 30.191111 120976 strsm strsm CPU -1 121016 40
CPU16 31.905118 120978 strsm strsm CPU -1 121018 40
CPU6 31.470346 120980 strsm strsm CPU -1 121020 40
CPU16 30.706829 120982 strsm strsm CPU -1 121022 40
CPU1 30.834674 120984 strsm strsm CPU -1 121024 40
CPU17 30.355842 120986 strsm strsm CPU15 87.561084 121026 40
CPU17 30.442741 120988 strsm strsm CPU12 82.093784 121028 40
CPU8 30.697828 120990 strsm strsm CPU19 81.939534 121030 40
CPU4 31.073832 120992 strsm strsm CPU -1 121032 40
CPU9 30.763493 120994 strsm strsm CPU -1 121034 40
CPU2 30.930816 120996 strsm strsm CPU20 80.759088 121036 40
CPU11 30.425895 120998 strsm strsm CPU -1 121038 40
CPU5 30.660809 121000 strsm strsm CPU -1 121040 40
CPU1 30.984105 121002 strsm strsm CPU17 80.069808 121042 40
CPU10 31.007709 121004 strsm strsm CPU16 97.308569 121044 40
CPU10 32.119385 121006 strsm strsm CPU -1 121046 40
CPU15 30.632157 121008 strsm strsm CPU -1 121048 40
CPU13 30.941294 121010 strsm strsm CPU26 100.415568 121050 40
CPU10 31.067319 121012 strsm strsm CPU18 98.947815 121052 40
CPU9 30.635279 121014 strsm strsm CPU10 98.782951 121054 40
CPU16 30.553581 121016 strsm strsm CPU13 97.995171 121056 40
CPU13 30.879573 121018 strsm strsm CPU -1 121058 40
CPU15 30.422268 121020 strsm strsm CPU -1 121060 40
CPU13 31.072851 121022 strsm strsm CPU -1 121062 40
CPU16 30.933474 121024 strsm strsm CPU14 129.090529 121064 40
CPU12 30.867233 121026 strsm strsm CPU -1 121066 40
CPU2 31.114774 121028 strsm strsm CPU -1 121068 40
CPU11 30.242393 121030 strsm strsm CUDA2 2.791216 121070 40
CPU14 30.704566 121032 strsm strsm CUDA2 2.852146 121072 40
CPU15 30.158181 121034 strsm strsm CUDA2 14.783207 121074 40
CPU11 30.547594 121036 strsm strsm CUDA2 2.848777 121076 40
CPU15 31.523205 121038 strsm strsm CUDA2 2.795869 121078 40
CPU17 30.796139 121040 strsm strsm CUDA2 3.062570 121080 40
CPU12 31.558431 121042 strsm strsm CUDA1 2.806025 121082 40
CPU19 31.535125 121044 strsm strsm CUDA2 2.898685 121084 40
CPU8 30.974548 121046 strsm strsm CUDA1 2.749347 121086 40
CPU19 30.913084 121048 strsm strsm CUDA2 2.922289 121088 40
CPU3 29.982512 121050 strsm strsm CUDA2 0.065337 121090 40
CPU13 45.194089 121052 sgemm sgemm CUDA1 0.995870 121092 40
CPU3 44.895534 121053 sgemm sgemm CUDA0 0.962012 121093 40
CPU11 44.283679 121054 sgemm sgemm CUDA0 1.212428 121094 40
CPU1 44.366848 121055 sgemm sgemm CUDA1 1.010055 121095 40
CPU5 43.980710 121056 sgemm sgemm CUDA0 1.204738 121096 40
CPU12 44.453365 121057 sgemm sgemm CUDA1 1.016092 121097 40
CPU10 44.428399 121058 sgemm sgemm CUDA0 1.063746 121098 40
CPU16 44.487014 121062 sgemm sgemm CUDA0 1.158058 121102 40
CPU3 44.732066 121063 sgemm sgemm CUDA0 0.425459 121103 40
CPU2 45.032157 121064 sgemm sgemm CUDA0 1.041357 121104 40
CPU1 44.284664 121065 sgemm sgemm CUDA1 0.626411 121105 40
CPU4 44.764607 121066 sgemm sgemm CUDA0 1.041572 121106 40
CPU12 44.480698 121067 sgemm sgemm CUDA1 1.229150 121107 40
CPU13 44.709177 121068 sgemm sgemm CUDA1 1.013943 121108 40
CPU2 44.489602 121072 sgemm sgemm CUDA3 1.074404 121112 40
CPU3 44.554631 121073 sgemm sgemm CUDA2 0.134435 121113 40
CPU5 44.201165 121074 sgemm sgemm CUDA1 1.213038 121114 40
CPU1 44.006105 121075 sgemm sgemm CUDA1 0.996593 121115 40
CPU5 44.763041 121076 sgemm sgemm CUDA1 1.013181 121116 40
CPU12 44.546559 121077 sgemm sgemm CUDA1 0.954716 121117 40
CPU15 44.348942 121078 sgemm sgemm CUDA3 1.206798 121118 40
CPU9 44.425769 121082 sgemm sgemm CUDA0 1.067776 121122 40
CPU2 44.291523 121083 sgemm sgemm CUDA0 1.207962 121123 40
CPU0 44.651949 121084 sgemm sgemm CUDA0 1.191403 121124 40
CPU0 44.499919 121085 sgemm sgemm CUDA0 1.200061 121125 40
CPU5 44.355328 121086 sgemm sgemm CUDA0 12.369077 121126 40
CPU11 44.461406 121087 sgemm sgemm CUDA0 0.953704 121127 40
CPU5 44.165402 121088 sgemm sgemm CUDA0 0.868303 121128 40
CPU7 44.516799 121092 sgemm sgemm CUDA1 0.101007 121132 40
CPU3 44.513967 121093 sgemm sgemm CUDA2 1.272142 121133 40
CPU11 44.435621 121094 sgemm sgemm CUDA2 1.274528 121134 40
CPU8 44.610374 121095 sgemm sgemm CUDA1 1.009120 121135 40
CPU5 44.179632 121096 sgemm sgemm CUDA2 11.883700 121136 40
CPU12 44.504258 121097 sgemm sgemm CUDA2 1.008755 121137 40
CPU6 44.824197 121098 sgemm sgemm CUDA2 1.045649 121138 40
CPU0 44.687106 121102 sgemm sgemm CUDA1 1.334572 121142 40
CPU16 44.649681 121103 sgemm sgemm CUDA2 1.254660 121143 40
CPU10 44.361277 121104 sgemm sgemm CUDA2 1.036401 121144 40
CPU11 44.331854 121105 sgemm sgemm CUDA2 1.267820 121145 40
CPU15 43.819468 121106 sgemm sgemm CUDA1 1.011595 121146 40
CPU14 44.137361 121107 sgemm sgemm CUDA1 1.204589 121147 40
CPU17 44.593169 121108 sgemm sgemm CUDA1 1.200347 121148 40
CPU11 44.389683 121112 sgemm sgemm CUDA3 1.202879 121152 40
CPU3 44.431125 121113 sgemm sgemm CUDA2 1.064370 121153 40
CPU8 44.371860 121114 sgemm sgemm CUDA1 2.301516 121154 40
CPU1 44.489078 121115 sgemm sgemm CUDA1 1.016114 121155 40
CPU4 44.459635 121116 sgemm sgemm CUDA1 1.010001 121156 40
CPU12 44.579029 121117 sgemm sgemm CUDA1 1.203374 121157 40
CPU13 44.924254 121118 sgemm sgemm CUDA3 1.009839 121158 40
CPU15 44.496869 121122 sgemm sgemm CUDA3 1.214342 121162 40
CPU3 44.719353 121123 sgemm sgemm CUDA2 1.264109 121163 40
CPU11 44.305342 121124 sgemm sgemm CUDA2 1.220447 121164 40
CPU7 44.708801 121125 sgemm sgemm CUDA3 1.027362 121165 40
CPU5 44.509874 121126 sgemm sgemm CUDA2 0.139801 121166 40
CPU11 44.262342 121127 sgemm sgemm CUDA2 1.153737 121167 40
CPU19 44.839254 121128 sgemm sgemm CUDA2 1.075784 121168 40
CPU13 44.646083 121132 sgemm sgemm CUDA0 1.011237 121172 40
CPU2 44.529778 121133 sgemm sgemm CUDA0 1.206810 121173 40
CPU11 44.388204 121134 sgemm sgemm CUDA0 1.018423 121174 40
CPU1 44.669452 121135 sgemm sgemm CUDA0 1.009738 121175 40
CPU5 44.468190 121136 sgemm sgemm CUDA0 0.083278 121176 40
CPU12 44.588680 121137 sgemm sgemm CUDA0 1.014042 121177 40
CPU14 44.531898 121138 sgemm sgemm CUDA0 1.205627 121178 40
CPU14 44.646159 121142 sgemm sgemm CUDA1 1.142054 121182 40
CPU3 44.753287 121143 sgemm sgemm CUDA1 1.013117 121183 40
CPU7 45.192640 121144 sgemm sgemm CUDA1 1.013812 121184 40
CPU6 44.673153 121145 sgemm sgemm CUDA1 1.201750 121185 40
CPU5 44.345276 121146 sgemm sgemm CUDA1 12.858895 121186 40
CPU12 44.541820 121147 sgemm sgemm CUDA1 0.042822 121187 40
CPU14 44.359123 121148 sgemm sgemm CUDA1 1.266839 121188 40
CPU4 44.511119 121152 sgemm sgemm CUDA0 1.260243 121192 40
CPU3 44.573033 121153 sgemm sgemm CUDA0 1.007766 121193 40
CPU1 44.700111 121154 sgemm sgemm CUDA0 1.200247 121194 40
CPU0 44.800611 121155 sgemm sgemm CUDA0 1.069321 121195 40
CPU4 44.733711 121156 sgemm sgemm CUDA0 1.271106 121196 40
CPU11 44.662856 121157 sgemm sgemm CUDA0 1.148039 121197 40
CPU15 44.412477 121158 sgemm sgemm CUDA0 1.005634 121198 40
CPU2 44.910815 121162 sgemm sgemm CUDA0 16.376878 121202 40
CPU3 44.541835 121163 sgemm sgemm CUDA0 12.159023 121203 40
CPU17 44.340127 121164 sgemm sgemm CUDA0 1.005811 121204 40
CPU8 44.639000 121165 sgemm sgemm CUDA0 1.076398 121205 40
CPU5 44.614526 121166 sgemm sgemm CUDA0 1.013865 121206 40
CPU12 44.610818 121167 sgemm sgemm CUDA0 1.146508 121207 40
CPU16 45.992759 121168 sgemm sgemm CUDA0 1.012133 121208 40
CPU12 44.558934 121172 sgemm sgemm CUDA1 1.200565 121212 40
CPU2 44.321241 121173 sgemm sgemm CUDA1 0.955286 121213 40
CPU11 44.504089 121174 sgemm sgemm CUDA1 0.176026 121214 40
CPU9 44.351803 121175 sgemm sgemm CUDA1 1.199114 121215 40
CPU5 44.528561 121176 sgemm sgemm CUDA1 1.207413 121216 40
CPU12 44.549741 121177 sgemm sgemm CUDA1 1.207921 121217 40
CPU13 44.593389 121178 sgemm sgemm CUDA1 12.680312 121218 40
CPU1 44.508889 121182 sgemm sgemm CUDA2 1.085793 121222 40
CPU3 44.544950 121183 sgemm sgemm CUDA2 1.261189 121223 40
CPU8 44.730802 121184 sgemm sgemm CUDA2 1.221761 121224 40
CPU1 44.707144 121185 sgemm sgemm CUDA2 1.272877 121225 40
CPU5 44.017498 121186 sgemm sgemm CUDA2 1.262904 121226 40
CPU11 44.588420 121187 sgemm sgemm CUDA2 9.138286 121227 40
CPU19 44.766561 121188 sgemm sgemm CUDA2 1.210090 121228 40
CPU16 44.481208 121192 sgemm sgemm CUDA0 1.010065 121232 40
CPU15 44.711989 121193 sgemm sgemm CUDA0 0.061970 121233 40
CPU5 44.835969 121194 sgemm sgemm CUDA0 1.195995 121234 40
CPU14 44.526323 121195 sgemm sgemm CUDA0 12.745926 121235 40
CPU17 44.852346 121196 sgemm sgemm CUDA0 1.199959 121236 40
CPU15 44.179469 121197 sgemm sgemm CUDA0 0.042654 121237 40
CPU15 44.219650 121198 sgemm sgemm CUDA0 1.257126 121238 40
CPU13 44.441818 121202 sgemm sgemm CUDA3 15.225764 121242 40
CPU3 44.839064 121203 sgemm sgemm CUDA3 0.062541 121243 40
CPU11 44.291574 121204 sgemm sgemm CUDA3 1.262523 121244 40
CPU7 44.790231 121205 sgemm sgemm CUDA3 0.999800 121245 40
CPU4 44.836565 121206 sgemm sgemm CUDA3 1.198329 121246 40
CPU12 44.488005 121207 sgemm sgemm CUDA3 1.208095 121247 40
CPU12 44.381865 121208 sgemm sgemm CUDA3 1.007281 121248 40
CPU14 44.507943 121212 sgemm sgemm CUDA1 1.251215 121252 40
CPU3 44.518794 121213 sgemm sgemm CUDA2 1.067668 121253 40
CPU2 44.667936 121214 sgemm sgemm CUDA1 1.203305 121254 40
CPU1 44.653802 121215 sgemm sgemm CUDA1 0.041702 121255 40
CPU5 44.649916 121216 sgemm sgemm CUDA2 1.006798 121256 40
CPU12 44.554353 121217 sgemm sgemm CUDA3 1.011575 121257 40
CPU15 44.442656 121218 sgemm sgemm CUDA1 1.267584 121258 40
CPU5 44.532145 121222 sgemm sgemm CUDA3 12.465220 121262 40
CPU2 44.723349 121223 sgemm sgemm CUDA3 1.365861 121263 40
CPU11 44.393071 121224 sgemm sgemm CUDA3 0.951236 121264 40
CPU6 44.779780 121225 sgemm sgemm CUDA3 0.043152 121265 40
CPU5 44.862554 121226 sgemm sgemm CUDA3 1.244006 121266 40
CPU11 44.478162 121227 sgemm sgemm CUDA3 1.197465 121267 40
CPU2 45.621434 121228 sgemm sgemm CUDA3 1.200507 121268 40
CPU6 44.567258 121232 sgemm sgemm CUDA1 1.016962 121272 40
CPU3 44.633505 121233 sgemm sgemm CUDA1 1.201518 121273 40
CPU0 45.051624 121234 sgemm sgemm CUDA1 1.174773 121274 40
CPU0 44.791053 121235 sgemm sgemm CUDA1 1.200516 121275 40
CPU5 44.489817 121236 sgemm sgemm CUDA0 1.013004 121276 40
CPU12 44.589261 121237 sgemm sgemm CUDA0 1.143859 121277 40
CPU13 44.863475 121238 sgemm sgemm CUDA0 1.008838 121278 40
CPU8 44.406763 121242 sgemm sgemm CUDA3 1.212525 121282 40
CPU3 44.673859 121243 sgemm sgemm CUDA3 12.920582 121283 40
CPU10 44.477821 121244 sgemm sgemm CUDA3 0.947538 121284 40
CPU8 44.566540 121245 sgemm sgemm CUDA3 1.143192 121285 40
CPU4 44.620818 121246 sgemm sgemm CUDA3 1.021450 121286 40
CPU12 44.593933 121247 sgemm sgemm CUDA3 1.009753 121287 40
CPU19 44.586875 121248 sgemm sgemm CUDA3 1.009532 121288 40
CPU1 44.335605 121252 sgemm sgemm CUDA1 1.010519 121292 40
CPU3 44.461538 121253 sgemm sgemm CUDA0 1.264947 121293 40
CPU9 44.468556 121254 sgemm sgemm CUDA1 0.986053 121294 40
CPU9 44.166927 121255 sgemm sgemm CUDA1 1.009450 121295 40
CPU5 44.485581 121256 sgemm sgemm CUDA0 1.198787 121296 40
CPU11 44.349631 121257 sgemm sgemm CUDA1 1.202320 121297 40
CPU12 44.617771 121258 sgemm sgemm CUDA0 0.260656 121298 40
CPU15 44.234142 121262 sgemm sgemm CUDA1 1.198463 121302 40
CPU2 44.643164 121263 sgemm sgemm CUDA1 1.004603 121303 40
CPU11 44.438142 121264 sgemm sgemm CUDA1 0.987580 121304 40
CPU1 44.855989 121265 sgemm sgemm CUDA2 0.082680 121305 40
CPU5 44.678910 121266 sgemm sgemm CUDA2 1.209166 121306 40
CPU12 44.622561 121267 sgemm sgemm CUDA1 12.478993 121307 40
CPU12 44.884985 121268 sgemm sgemm CUDA2 1.257524 121308 40
CPU12 44.168509 121272 sgemm sgemm CUDA3 1.013884 121312 40
CPU3 44.425535 121273 sgemm sgemm CUDA2 1.065795 121313 40
CPU11 44.404698 121274 sgemm sgemm CUDA3 1.151010 121314 40
CPU7 44.670351 121275 sgemm sgemm CUDA3 0.042133 121315 40
CPU5 44.392075 121276 sgemm sgemm CUDA3 0.960638 121316 40
CPU12 44.604778 121277 sgemm sgemm CUDA3 1.065647 121317 40
CPU15 44.412483 121278 sgemm sgemm CUDA3 1.203423 121318 40
CPU15 44.613954 121282 sgemm sgemm CUDA2 1.086185 121322 40
CPU3 44.745534 121283 sgemm sgemm CUDA2 1.255894 121323 40
CPU9 44.609813 121284 sgemm sgemm CUDA2 1.036781 121324 40
CPU1 44.670611 121285 sgemm sgemm CUDA2 1.268119 121325 40
CPU4 44.897122 121286 sgemm sgemm CUDA2 1.193903 121326 40
CPU11 44.299427 121287 sgemm sgemm CUDA2 0.042202 121327 40
CPU13 46.178882 121288 sgemm sgemm CUDA2 1.274866 121328 40
CPU14 44.523925 121292 sgemm sgemm CUDA0 1.272091 121332 40
CPU3 44.938703 121293 sgemm sgemm CUDA2 1.254843 121333 40
CPU11 44.134415 121294 sgemm sgemm CUDA3 1.201910 121334 40
CPU6 44.748468 121295 sgemm sgemm CUDA3 0.970221 121335 40
CPU5 44.916427 121296 sgemm sgemm CUDA3 13.204190 121336 40
CPU12 44.732541 121297 sgemm sgemm CUDA3 1.007869 121337 40
CPU19 44.414237 121298 sgemm sgemm CUDA3 1.203813 121338 40
CPU3 44.747170 121302 sgemm sgemm CUDA1 0.041809 121342 40
CPU2 44.656679 121303 sgemm sgemm CUDA1 0.994623 121343 40
CPU1 44.983963 121304 sgemm sgemm CUDA1 0.992714 121344 40
CPU0 44.904117 121305 sgemm sgemm CUDA1 1.250604 121345 40
CPU5 44.806887 121306 sgemm sgemm CUDA1 1.203736 121346 40
CPU12 44.496068 121307 sgemm sgemm CUDA1 1.013892 121347 40
CPU14 44.455695 121308 sgemm sgemm CUDA1 8.087297 121348 40
CPU10 44.572916 121312 sgemm sgemm CUDA2 1.267495 121352 40
CPU3 44.523310 121313 sgemm sgemm CUDA2 12.923743 121353 40
CPU3 44.729454 121314 sgemm sgemm CUDA0 0.967178 121354 40
CPU8 44.280290 121315 sgemm sgemm CUDA2 1.270726 121355 40
CPU5 44.523315 121316 sgemm sgemm CUDA3 0.125720 121356 40
CPU11 44.699635 121317 sgemm sgemm CUDA3 0.959950 121357 40
CPU13 44.650340 121318 sgemm sgemm CUDA3 0.945286 121358 40
CPU4 44.668262 121322 sgemm sgemm CUDA2 1.086819 121362 40
CPU3 44.771757 121323 sgemm sgemm CUDA2 12.109503 121363 40
CPU6 45.009726 121324 sgemm sgemm CUDA2 1.215134 121364 40
CPU9 44.543981 121325 sgemm sgemm CUDA2 1.256005 121365 40
CPU4 44.765875 121326 sgemm sgemm CUDA2 1.013513 121366 40
CPU12 44.539908 121327 sgemm sgemm CUDA2 1.224598 121367 40
CPU19 44.680002 121328 sgemm sgemm CUDA2 1.263700 121368 40
CPU11 44.560860 121332 sgemm sgemm CUDA2 1.078148 121372 40
CPU16 44.635107 121333 sgemm sgemm CUDA2 1.351343 121373 40
CPU11 44.379138 121334 sgemm sgemm CUDA0 2.201583 121374 40
CPU1 44.507656 121335 sgemm sgemm CUDA2 12.630304 121375 40
CPU5 44.571171 121336 sgemm sgemm CUDA2 1.007238 121376 40
CPU12 44.698251 121337 sgemm sgemm CUDA2 1.143679 121377 40
CPU16 44.568016 121338 sgemm sgemm CUDA2 1.086029 121378 40
CPU13 44.632966 121342 sgemm sgemm CUDA3 1.210120 121382 40
CPU3 44.589339 121343 sgemm sgemm CUDA3 1.265834 121383 40
CPU8 44.443009 121344 sgemm sgemm CUDA3 1.010717 121384 40
CPU7 45.042245 121345 sgemm sgemm CUDA3 1.208155 121385 40
CPU5 44.824367 121346 sgemm sgemm CUDA3 1.341762 121386 40
CPU11 44.660300 121347 sgemm sgemm CUDA3 1.070459 121387 40
CPU12 44.628771 121348 sgemm sgemm CUDA3 1.260300 121388 40
CPU14 44.644831 121352 sgemm sgemm CUDA0 1.270822 121392 40
CPU2 45.016041 121353 sgemm sgemm CUDA0 1.073891 121393 40
CPU11 44.308905 121354 sgemm sgemm CUDA0 1.071094 121394 40
CPU1 44.848304 121355 sgemm sgemm CUDA0 1.064706 121395 40
CPU5 45.235723 121356 sgemm sgemm CUDA0 1.062482 121396 40
CPU12 44.600311 121357 sgemm sgemm CUDA2 1.255762 121397 40
CPU14 44.159938 121358 sgemm sgemm CUDA2 1.071826 121398 40
CPU12 44.149022 121362 sgemm sgemm CUDA2 0.062490 121402 40
CPU3 45.231636 121363 sgemm sgemm CUDA2 1.382333 121403 40
CPU10 44.484215 121364 sgemm sgemm CUDA2 1.065163 121404 40
CPU6 44.800897 121365 sgemm sgemm CUDA2 1.068574 121405 40
CPU14 44.371109 121366 sgemm sgemm CUDA2 1.068077 121406 40
CPU17 44.583537 121367 sgemm sgemm CUDA2 1.258771 121407 40
CPU16 44.434397 121368 sgemm sgemm CUDA2 1.259393 121408 40
CPU16 44.552545 121372 sgemm sgemm CUDA2 4.063421 121412 40
CPU3 45.094486 121373 sgemm sgemm CUDA2 0.045123 121413 40
CPU5 44.756168 121374 sgemm sgemm CUDA3 1.008426 121414 40
CPU0 45.142409 121375 sgemm sgemm CUDA3 1.263677 121415 40
CPU4 44.851051 121376 sgemm sgemm CUDA3 1.261337 121416 40
CPU12 44.801233 121377 sgemm sgemm CUDA3 1.066635 121417 40
CPU10 44.435929 121378 sgemm sgemm CUDA3 1.069528 121418 40
CPU2 45.019312 121382 sgemm sgemm CUDA3 1.257628 121422 40
CPU2 45.034396 121383 sgemm sgemm CUDA3 1.252257 121423 40
CPU19 44.472194 121384 sgemm sgemm CUDA3 1.074081 121424 40
CPU8 44.766311 121385 sgemm sgemm CUDA3 1.261327 121425 40
CPU5 45.229213 121386 sgemm sgemm CUDA3 1.069180 121426 40
CPU11 44.496157 121387 sgemm sgemm CUDA3 1.259215 121427 40
CPU16 46.129083 121388 sgemm sgemm CUDA2 1.327466 121428 40
CPU9 44.280597 121392 sgemm sgemm CUDA3 1.317164 121432 40
CPU3 44.777952 121393 sgemm sgemm CUDA3 1.262585 121433 40
CPU0 44.709322 121394 sgemm sgemm CUDA3 1.068274 121434 40
CPU9 44.223337 121395 sgemm sgemm CUDA3 1.258006 121435 40
CPU5 44.614046 121396 sgemm sgemm CUDA3 1.258469 121436 40
CPU12 44.901234 121397 sgemm sgemm CUDA2 6.239003 121437 40
CPU15 44.668296 121398 sgemm sgemm CUDA3 1.263914 121438 40
CPU4 44.428695 121402 sgemm sgemm CUDA1 1.203217 121442 40
CPU3 45.230228 121403 sgemm sgemm CUDA1 1.062802 121443 40
CPU11 44.179671 121404 sgemm sgemm CUDA1 1.256464 121444 40
CPU1 44.683484 121405 sgemm sgemm CUDA1 12.140008 121445 40
CPU5 45.250609 121406 sgemm sgemm CUDA1 0.046503 121446 40
CPU12 44.759872 121407 sgemm sgemm CUDA1 1.309171 121447 40
CPU12 44.500366 121408 sgemm sgemm CUDA2 1.463775 121448 40
CPU2 44.413858 121412 sgemm sgemm CUDA2 1.077220 121452 40
CPU3 45.374003 121413 sgemm sgemm CUDA2 1.257840 121453 40
CPU2 44.646557 121414 sgemm sgemm CUDA2 1.064531 121454 40
CPU7 44.744547 121415 sgemm sgemm CUDA2 1.257164 121455 40
CPU4 44.724730 121416 sgemm sgemm CUDA1 1.069543 121456 40
CPU11 44.421085 121417 sgemm sgemm CUDA1 1.255925 121457 40
CPU12 44.568207 121418 sgemm sgemm CUDA2 1.076162 121458 40
CPU9 44.686884 121422 sgemm sgemm CUDA2 1.322745 121462 40
CPU2 44.972662 121423 sgemm sgemm CUDA2 1.259126 121463 40
CPU11 44.109383 121424 sgemm sgemm CUDA2 1.070738 121464 40
CPU1 44.705362 121425 sgemm sgemm CUDA2 1.067812 121465 40
CPU5 45.477298 121426 sgemm sgemm CUDA2 1.064996 121466 40
CPU12 44.652641 121427 sgemm sgemm CUDA1 1.251193 121467 40
CPU9 44.744124 121428 sgemm sgemm CUDA1 1.261881 121468 40
CPU5 44.758310 121432 sgemm sgemm CUDA2 24.671357 121472 40
CPU3 44.851430 121433 sgemm sgemm CUDA2 1.341952 121473 40
CPU11 44.167986 121434 sgemm sgemm CUDA2 1.260865 121474 40
CPU6 44.745377 121435 sgemm sgemm CUDA2 1.260300 121475 40
CPU5 44.756423 121436 sgemm sgemm CUDA2 1.254442 121476 40
CPU12 45.363399 121437 sgemm sgemm CUDA2 1.255885 121477 40
CPU13 44.809408 121438 sgemm sgemm CUDA2 0.051867 121478 40
CPU8 44.445828 121442 sgemm sgemm CUDA2 11.436999 121482 40
CPU3 44.898776 121443 sgemm sgemm CUDA2 0.098608 121483 40
CPU11 44.223854 121444 sgemm sgemm CUDA0 17.629715 121484 40
CPU0 44.928825 121445 sgemm sgemm CUDA2 1.290351 121485 40
CPU5 44.891686 121446 sgemm sgemm CUDA0 1.328334 121486 40
CPU11 44.881912 121447 sgemm sgemm CUDA2 1.265708 121487 40
CPU12 44.662106 121448 sgemm sgemm CUDA0 1.088211 121488 40
CPU0 44.748002 121452 sgemm sgemm CUDA0 1.266455 121492 40
CPU3 44.647346 121453 sgemm sgemm CUDA0 1.067355 121493 40
CPU8 44.312556 121454 sgemm sgemm CUDA0 1.257657 121494 40
CPU8 44.422333 121455 sgemm sgemm CUDA2 1.257626 121495 40
CPU4 44.857262 121456 sgemm sgemm CUDA2 1.074062 121496 40
CPU12 45.340219 121457 sgemm sgemm CUDA0 1.064119 121497 40
CPU14 44.736136 121458 sgemm sgemm CUDA2 1.070582 121498 40
CPU3 44.230316 121462 sgemm sgemm CUDA2 1.253046 121502 40
CPU3 44.586894 121463 sgemm sgemm CUDA1 1.362852 121503 40
CPU6 44.342246 121464 sgemm sgemm CUDA1 1.007878 121504 40
CPU9 44.326142 121465 sgemm sgemm CUDA2 1.199338 121505 40
CPU5 44.531212 121466 sgemm sgemm CUDA1 1.008539 121506 40
CPU12 44.935229 121467 sgemm sgemm CUDA2 1.199825 121507 40
CPU15 44.740900 121468 sgemm sgemm CUDA2 1.202543 121508 40
CPU7 33.031367 121474 strsm strsm CUDA3 2.665891 121514 40
CPU2 32.713044 121478 strsm strsm CUDA2 13.937735 121518 40
CPU17 33.268164 121482 strsm strsm CUDA1 2.804269 121522 40
CPU9 33.178970 121486 strsm strsm CUDA1 13.366696 121526 40
CPU5 33.169944 121490 strsm strsm CUDA3 13.618223 121530 40
CPU12 32.102056 121494 strsm strsm CUDA2 0.058209 121534 40
CPU16 31.877840 121498 strsm strsm CUDA3 0.099660 121538 40
CPU2 15.277283 121502 strtri strtri CPU -1 121542 40
CPU13 31.309569 121504 strsm strsm CPU17 69.656868 121544 40
CPU10 31.285692 121506 strsm strsm CPU -1 121546 40
CPU2 30.811457 121508 strsm strsm CPU -1 121548 40
CPU18 30.549835 121510 strsm strsm CPU20 84.632194 121550 40
CPU9 30.676917 121512 strsm strsm CPU -1 121552 40
CPU9 30.564216 121514 strsm strsm CPU10 98.805394 121554 40
CPU8 30.770262 121516 strsm strsm CPU -1 121556 40
CPU19 31.236138 121518 strsm strsm CPU14 98.939082 121558 40
CPU6 31.341683 121520 strsm strsm CPU12 81.821399 121560 40
CPU1 30.674183 121522 strsm strsm CPU13 99.154501 121562 40
CPU12 30.919665 121524 strsm strsm CPU -1 121564 40
CPU6 30.975783 121526 strsm strsm CPU15 90.589945 121566 40
CPU8 30.645279 121528 strsm strsm CPU11 82.813345 121568 40
CPU2 30.746182 121530 strsm strsm CPU -1 121570 40
CPU13 31.096129 121532 strsm strsm CPU15 109.205528 121572 40
CPU0 31.207711 121534 strsm strsm CPU18 74.915679 121574 40
CPU8 30.870341 121536 strsm strsm CPU18 105.271986 121576 40
CPU12 31.027952 121538 strsm strsm CPU -1 121578 40
CPU0 32.143216 121540 strsm strsm CPU -1 121580 40
CPU9 30.386260 121542 strsm strsm CPU15 102.378748 121582 40
CPU13 31.104333 121544 strsm strsm CPU -1 121584 40
CPU10 30.943469 121546 strsm strsm CPU23 91.329962 121586 40
CPU13 30.962554 121548 strsm strsm CPU27 84.626955 121588 40
CPU16 31.032876 121550 strsm strsm CPU10 91.749154 121590 40
CPU14 31.324515 121552 strsm strsm CPU12 166.358241 121592 40
CPU15 30.465117 121554 strsm strsm CPU10 151.630673 121594 40
CPU13 31.303212 121556 strsm strsm CPU -1 121596 40
CPU13 31.032784 121558 strsm strsm CUDA0 2.882244 121598 40
CPU13 31.018721 121560 strsm strsm CUDA0 2.912193 121600 40
CPU2 30.837135 121562 strsm strsm CUDA0 2.714484 121602 40
CPU11 30.290958 121564 strsm strsm CUDA2 2.895534 121604 40
CPU12 32.504094 121566 strsm strsm CUDA0 11.679486 121606 40
CPU10 30.885123 121568 strsm strsm CUDA2 2.819772 121608 40
CPU11 30.687333 121570 strsm strsm CUDA2 2.797640 121610 40
CPU15 31.592757 121572 strsm strsm CUDA2 2.871341 121612 40
CPU15 30.289896 121574 strsm strsm CUDA3 10.790334 121614 40
CPU10 31.833133 121576 strsm strsm CUDA3 2.820854 121616 40
CPU19 31.594855 121578 strsm strsm CUDA3 0.040761 121618 40
CPU3 30.535227 121580 strsm strsm CUDA0 2.848630 121620 40
CPU19 31.267578 121582 strsm strsm CUDA0 2.915904 121622 40
CPU5 30.385463 121584 strsm strsm CUDA2 2.866024 121624 40
CPU13 44.910016 121586 sgemm sgemm CUDA0 1.436389 121626 40
CPU2 44.817026 121587 sgemm sgemm CUDA0 1.258975 121627 40
CPU2 44.564789 121588 sgemm sgemm CUDA0 0.057519 121628 40
CPU1 44.684158 121589 sgemm sgemm CUDA1 1.067457 121629 40
CPU4 44.652238 121590 sgemm sgemm CUDA0 1.199004 121630 40
CPU11 44.229115 121591 sgemm sgemm CUDA1 1.011619 121631 40
CPU10 44.479907 121592 sgemm sgemm CUDA0 1.259417 121632 40
CPU12 44.704349 121593 sgemm sgemm CUDA1 0.073952 121633 40
CPU13 44.748792 121597 sgemm sgemm CUDA3 1.201290 121637 40
CPU3 44.497435 121598 sgemm sgemm CUDA3 1.146016 121638 40
CPU5 44.102158 121599 sgemm sgemm CUDA3 0.968323 121639 40
CPU7 44.192925 121600 sgemm sgemm CUDA1 12.190552 121640 40
CPU5 44.956337 121601 sgemm sgemm CUDA1 1.011637 121641 40
CPU12 44.709742 121602 sgemm sgemm CUDA1 0.921712 121642 40
CPU10 44.519678 121603 sgemm sgemm CUDA3 1.013880 121643 40
CPU12 44.982882 121604 sgemm sgemm CUDA1 0.952693 121644 40
CPU13 44.632031 121608 sgemm sgemm CUDA0 1.034921 121648 40
CPU2 44.263508 121609 sgemm sgemm CUDA0 0.911878 121649 40
CPU0 44.771569 121610 sgemm sgemm CUDA0 1.055731 121650 40
CPU0 44.916363 121611 sgemm sgemm CUDA0 0.630934 121651 40
CPU5 44.770241 121612 sgemm sgemm CUDA0 1.199722 121652 40
CPU11 44.203315 121613 sgemm sgemm CUDA0 0.066041 121653 40
CPU10 44.543350 121614 sgemm sgemm CUDA0 0.040842 121654 40
CPU2 45.812763 121615 sgemm sgemm CUDA0 11.846477 121655 40
CPU13 44.687967 121619 sgemm sgemm CUDA1 1.189338 121659 40
CPU3 44.407948 121620 sgemm sgemm CUDA3 1.015956 121660 40
CPU1 44.449583 121621 sgemm sgemm CUDA3 1.205260 121661 40
CPU8 44.488565 121622 sgemm sgemm CUDA1 0.103755 121662 40
CPU4 44.723228 121623 sgemm sgemm CUDA2 1.257617 121663 40
CPU12 44.934278 121624 sgemm sgemm CUDA2 1.079519 121664 40
CPU6 44.662720 121625 sgemm sgemm CUDA2 0.244986 121665 40
CPU12 44.910639 121626 sgemm sgemm CUDA1 1.032315 121666 40
CPU0 44.637017 121630 sgemm sgemm CUDA1 1.187405 121670 40
CPU16 44.558827 121631 sgemm sgemm CUDA3 1.214418 121671 40
CPU10 44.471655 121632 sgemm sgemm CUDA3 1.209576 121672 40
CPU11 44.394734 121633 sgemm sgemm CUDA1 1.202850 121673 40
CPU15 44.034104 121634 sgemm sgemm CUDA1 1.146016 121674 40
CPU14 44.558744 121635 sgemm sgemm CUDA1 1.015774 121675 40
CPU17 44.856319 121636 sgemm sgemm CUDA3 1.012736 121676 40
CPU15 44.531680 121637 sgemm sgemm CUDA1 1.016645 121677 40
CPU13 44.645564 121641 sgemm sgemm CUDA3 1.195339 121681 40
CPU3 44.372704 121642 sgemm sgemm CUDA3 13.022586 121682 40
CPU8 44.333406 121643 sgemm sgemm CUDA3 1.019045 121683 40
CPU1 44.426209 121644 sgemm sgemm CUDA1 0.062616 121684 40
CPU4 44.572711 121645 sgemm sgemm CUDA1 0.051348 121685 40
CPU12 44.630390 121646 sgemm sgemm CUDA1 0.945005 121686 40
CPU19 44.404169 121647 sgemm sgemm CUDA3 1.006648 121687 40
CPU12 44.792295 121648 sgemm sgemm CUDA2 1.195850 121688 40
CPU13 44.584203 121652 sgemm sgemm CUDA3 11.793453 121692 40
CPU3 44.581359 121653 sgemm sgemm CUDA3 0.150163 121693 40
CPU11 44.315408 121654 sgemm sgemm CUDA3 1.075418 121694 40
CPU7 44.535893 121655 sgemm sgemm CUDA3 0.059609 121695 40
CPU5 44.534048 121656 sgemm sgemm CUDA2 1.259249 121696 40
CPU11 44.017482 121657 sgemm sgemm CUDA2 12.834169 121697 40
CPU10 44.440340 121658 sgemm sgemm CUDA2 1.263371 121698 40
CPU3 44.576989 121659 sgemm sgemm CUDA3 1.236144 121699 40
CPU13 44.729552 121663 sgemm sgemm CUDA0 1.260126 121703 40
CPU2 44.590633 121664 sgemm sgemm CUDA0 1.190104 121704 40
CPU4 44.656483 121665 sgemm sgemm CUDA0 1.192218 121705 40
CPU1 44.445784 121666 sgemm sgemm CUDA0 1.433499 121706 40
CPU5 44.450651 121667 sgemm sgemm CUDA0 1.013590 121707 40
CPU12 44.802621 121668 sgemm sgemm CUDA0 1.075550 121708 40
CPU10 44.513762 121669 sgemm sgemm CUDA0 1.025774 121709 40
CPU2 44.432676 121670 sgemm sgemm CUDA0 1.014548 121710 40
CPU13 44.650599 121674 sgemm sgemm CUDA1 1.142696 121714 40
CPU3 44.494521 121675 sgemm sgemm CUDA1 1.026697 121715 40
CPU7 44.777588 121676 sgemm sgemm CUDA1 1.021919 121716 40
CPU6 44.425957 121677 sgemm sgemm CUDA1 1.197052 121717 40
CPU4 45.038946 121678 sgemm sgemm CUDA1 24.262810 121718 40
CPU12 44.536021 121679 sgemm sgemm CUDA1 0.079176 121719 40
CPU19 44.300329 121680 sgemm sgemm CUDA1 1.282512 121720 40
CPU12 44.530912 121681 sgemm sgemm CUDA1 1.008663 121721 40
CPU13 44.579725 121685 sgemm sgemm CUDA0 1.187386 121725 40
CPU3 44.498087 121686 sgemm sgemm CUDA0 1.189909 121726 40
CPU1 44.519551 121687 sgemm sgemm CUDA0 1.198740 121727 40
CPU0 44.664310 121688 sgemm sgemm CUDA0 12.471386 121728 40
CPU4 44.741387 121689 sgemm sgemm CUDA0 1.010076 121729 40
CPU11 44.550334 121690 sgemm sgemm CUDA0 0.066257 121730 40
CPU10 44.552004 121691 sgemm sgemm CUDA0 1.197793 121731 40
CPU3 45.194845 121692 sgemm sgemm CUDA0 1.423882 121732 40
CPU13 44.475292 121696 sgemm sgemm CUDA0 1.193827 121736 40
CPU3 44.747251 121697 sgemm sgemm CUDA0 1.016541 121737 40
CPU15 44.438486 121698 sgemm sgemm CUDA0 1.200939 121738 40
CPU8 44.707080 121699 sgemm sgemm CUDA0 0.045236 121739 40
CPU5 44.714230 121700 sgemm sgemm CUDA0 1.203092 121740 40
CPU12 44.488356 121701 sgemm sgemm CUDA0 1.148894 121741 40
CPU16 44.752033 121702 sgemm sgemm CUDA0 1.197804 121742 40
CPU16 44.946263 121703 sgemm sgemm CUDA0 1.014991 121743 40
CPU13 44.756329 121707 sgemm sgemm CUDA1 1.008892 121747 40
CPU2 44.425843 121708 sgemm sgemm CUDA2 1.256732 121748 40
CPU10 44.452808 121709 sgemm sgemm CUDA2 12.801979 121749 40
CPU9 44.276477 121710 sgemm sgemm CUDA1 1.138686 121750 40
CPU5 44.489073 121711 sgemm sgemm CUDA1 1.261113 121751 40
CPU12 44.554783 121712 sgemm sgemm CUDA1 1.004372 121752 40
CPU10 44.560041 121713 sgemm sgemm CUDA2 1.258916 121753 40
CPU2 44.206108 121714 sgemm sgemm CUDA1 1.072664 121754 40
CPU13 44.576341 121718 sgemm sgemm CUDA1 1.206458 121758 40
CPU3 44.588387 121719 sgemm sgemm CUDA3 1.271606 121759 40
CPU8 44.665930 121720 sgemm sgemm CUDA3 0.157166 121760 40
CPU6 44.703169 121721 sgemm sgemm CUDA2 1.330747 121761 40
CPU4 44.788085 121722 sgemm sgemm CUDA2 1.068937 121762 40
CPU11 44.674569 121723 sgemm sgemm CUDA2 0.111837 121763 40
CPU19 44.625698 121724 sgemm sgemm CUDA2 1.205695 121764 40
CPU5 44.463204 121725 sgemm sgemm CUDA2 1.199797 121765 40
CPU13 44.625912 121729 sgemm sgemm CUDA0 1.255871 121769 40
CPU15 44.593537 121730 sgemm sgemm CUDA0 1.007153 121770 40
CPU5 44.404266 121731 sgemm sgemm CUDA0 1.009093 121771 40
CPU14 44.553273 121732 sgemm sgemm CUDA2 1.067404 121772 40
CPU16 44.656626 121733 sgemm sgemm CUDA0 1.013798 121773 40
CPU15 44.304004 121734 sgemm sgemm CUDA2 1.527001 121774 40
CPU14 44.490110 121735 sgemm sgemm CUDA0 1.203056 121775 40
CPU14 44.226200 121736 sgemm sgemm CUDA2 1.086493 121776 40
CPU13 44.541049 121740 sgemm sgemm CUDA3 1.003627 121780 40
CPU3 44.792445 121741 sgemm sgemm CUDA3 1.001337 121781 40
CPU19 44.300538 121742 sgemm sgemm CUDA3 1.013834 121782 40
CPU7 44.645480 121743 sgemm sgemm CUDA3 1.011568 121783 40
CPU4 44.885852 121744 sgemm sgemm CUDA3 1.208996 121784 40
CPU12 44.349134 121745 sgemm sgemm CUDA3 1.205566 121785 40
CPU10 44.704693 121746 sgemm sgemm CUDA3 1.203395 121786 40
CPU3 44.826897 121747 sgemm sgemm CUDA3 1.201625 121787 40
CPU13 44.606067 121751 sgemm sgemm CUDA0 1.197556 121791 40
CPU3 44.487722 121752 sgemm sgemm CUDA0 0.954526 121792 40
CPU2 44.486063 121753 sgemm sgemm CUDA0 0.954090 121793 40
CPU0 44.701673 121754 sgemm sgemm CUDA1 0.952004 121794 40
CPU5 44.512364 121755 sgemm sgemm CUDA0 0.811201 121795 40
CPU12 44.474947 121756 sgemm sgemm CUDA1 1.257523 121796 40
CPU10 44.861046 121757 sgemm sgemm CUDA1 14.408071 121797 40
CPU2 44.599765 121758 sgemm sgemm CUDA1 1.205559 121798 40
CPU13 44.465531 121762 sgemm sgemm CUDA3 1.069477 121802 40
CPU2 44.734233 121763 sgemm sgemm CUDA3 1.069295 121803 40
CPU11 44.129399 121764 sgemm sgemm CUDA3 7.886898 121804 40
CPU6 44.702764 121765 sgemm sgemm CUDA3 1.229393 121805 40
CPU4 44.892337 121766 sgemm sgemm CUDA3 1.201875 121806 40
CPU11 44.225636 121767 sgemm sgemm CUDA3 1.205741 121807 40
CPU19 44.420962 121768 sgemm sgemm CUDA3 1.009187 121808 40
CPU2 44.867314 121769 sgemm sgemm CUDA3 1.013902 121809 40
CPU13 44.477584 121773 sgemm sgemm CUDA1 1.193955 121813 40
CPU3 44.860488 121774 sgemm sgemm CUDA2 1.265128 121814 40
CPU0 45.079386 121775 sgemm sgemm CUDA2 1.336064 121815 40
CPU0 45.069928 121776 sgemm sgemm CUDA1 1.265239 121816 40
CPU5 44.777000 121777 sgemm sgemm CUDA0 1.195753 121817 40
CPU12 44.377771 121778 sgemm sgemm CUDA0 0.946916 121818 40
CPU10 44.629561 121779 sgemm sgemm CUDA0 1.250383 121819 40
CPU5 44.621521 121780 sgemm sgemm CUDA1 1.149180 121820 40
CPU13 44.490660 121784 sgemm sgemm CUDA3 0.045720 121824 40
CPU3 44.875343 121785 sgemm sgemm CUDA3 0.959468 121825 40
CPU10 44.643935 121786 sgemm sgemm CUDA3 1.153497 121826 40
CPU8 44.609702 121787 sgemm sgemm CUDA3 1.150983 121827 40
CPU4 45.069759 121788 sgemm sgemm CUDA3 1.298214 121828 40
CPU12 44.455037 121789 sgemm sgemm CUDA3 1.205113 121829 40
CPU10 44.658590 121790 sgemm sgemm CUDA3 1.200862 121830 40
CPU3 44.436124 121791 sgemm sgemm CUDA3 1.006929 121831 40
CPU13 44.615282 121795 sgemm sgemm CUDA1 1.193471 121835 40
CPU2 44.426683 121796 sgemm sgemm CUDA0 13.021127 121836 40
CPU9 44.205522 121797 sgemm sgemm CUDA1 1.194380 121837 40
CPU9 44.144623 121798 sgemm sgemm CUDA1 1.196993 121838 40
CPU5 44.344122 121799 sgemm sgemm CUDA0 13.025559 121839 40
CPU11 44.307399 121800 sgemm sgemm CUDA1 1.032464 121840 40
CPU19 44.595402 121801 sgemm sgemm CUDA0 13.000535 121841 40
CPU3 43.965358 121802 sgemm sgemm CUDA1 1.001581 121842 40
CPU13 44.485824 121806 sgemm sgemm CUDA1 1.202855 121846 40
CPU2 44.786403 121807 sgemm sgemm CUDA1 0.959203 121847 40
CPU2 44.561680 121808 sgemm sgemm CUDA1 1.199445 121848 40
CPU8 44.679980 121809 sgemm sgemm CUDA1 1.256251 121849 40
CPU4 44.704870 121810 sgemm sgemm CUDA1 8.144808 121850 40
CPU11 44.025051 121811 sgemm sgemm CUDA1 1.150435 121851 40
CPU10 44.476043 121812 sgemm sgemm CUDA2 1.063969 121852 40
CPU2 44.837023 121813 sgemm sgemm CUDA2 1.078453 121853 40
CPU13 44.475396 121817 sgemm sgemm CUDA3 1.008104 121857 40
CPU3 44.876652 121818 sgemm sgemm CUDA3 1.210477 121858 40
CPU11 44.243537 121819 sgemm sgemm CUDA3 13.202567 121859 40
CPU7 44.795763 121820 sgemm sgemm CUDA3 1.011089 121860 40
CPU5 44.601885 121821 sgemm sgemm CUDA3 1.148601 121861 40
CPU12 44.586853 121822 sgemm sgemm CUDA3 1.257547 121862 40
CPU10 44.454401 121823 sgemm sgemm CUDA3 1.011715 121863 40
CPU2 44.790526 121824 sgemm sgemm CUDA3 14.553026 121864 40
CPU13 44.628217 121828 sgemm sgemm CUDA2 1.067639 121868 40
CPU3 44.893442 121829 sgemm sgemm CUDA2 1.259194 121869 40
CPU9 44.831866 121830 sgemm sgemm CUDA2 1.262945 121870 40
CPU1 44.680038 121831 sgemm sgemm CUDA2 0.085965 121871 40
CPU4 45.104053 121832 sgemm sgemm CUDA2 1.259211 121872 40
CPU11 44.590342 121833 sgemm sgemm CUDA2 1.358311 121873 40
CPU19 44.281834 121834 sgemm sgemm CUDA2 1.271008 121874 40
CPU3 46.540090 121835 sgemm sgemm CUDA2 1.291100 121875 40
CPU14 44.685909 121839 sgemm sgemm CUDA2 12.890081 121879 40
CPU3 44.487749 121840 sgemm sgemm CUDA2 1.260444 121880 40
CPU3 44.488626 121841 sgemm sgemm CUDA2 0.956967 121881 40
CPU6 44.372132 121842 sgemm sgemm CUDA3 11.718960 121882 40
CPU5 44.380626 121843 sgemm sgemm CUDA3 1.196780 121883 40
CPU12 44.556331 121844 sgemm sgemm CUDA3 0.045815 121884 40
CPU19 44.427455 121845 sgemm sgemm CUDA3 1.302510 121885 40
CPU2 44.465396 121846 sgemm sgemm CUDA2 1.201746 121886 40
CPU13 44.653769 121850 sgemm sgemm CUDA1 0.951202 121890 40
CPU2 44.522506 121851 sgemm sgemm CUDA1 1.197832 121891 40
CPU1 44.479136 121852 sgemm sgemm CUDA1 1.019835 121892 40
CPU0 44.510560 121853 sgemm sgemm CUDA1 1.200802 121893 40
CPU4 44.550883 121854 sgemm sgemm CUDA1 1.199806 121894 40
CPU11 44.339324 121855 sgemm sgemm CUDA1 1.201374 121895 40
CPU10 44.600842 121856 sgemm sgemm CUDA2 12.915885 121896 40
CPU2 44.510033 121857 sgemm sgemm CUDA2 0.288611 121897 40
CPU13 44.685638 121861 sgemm sgemm CUDA2 1.062999 121901 40
CPU3 44.533591 121862 sgemm sgemm CUDA2 1.257079 121902 40
CPU3 44.402032 121863 sgemm sgemm CUDA2 1.068630 121903 40
CPU8 44.252416 121864 sgemm sgemm CUDA2 1.403957 121904 40
CPU5 44.317836 121865 sgemm sgemm CUDA3 1.200217 121905 40
CPU11 44.847722 121866 sgemm sgemm CUDA3 0.065516 121906 40
CPU10 44.671117 121867 sgemm sgemm CUDA2 1.271315 121907 40
CPU3 44.450053 121868 sgemm sgemm CUDA2 0.088378 121908 40
CPU13 44.554015 121872 sgemm sgemm CUDA2 1.258165 121912 40
CPU3 44.627380 121873 sgemm sgemm CUDA2 1.265559 121913 40
CPU6 44.767694 121874 sgemm sgemm CUDA2 1.015449 121914 40
CPU9 44.533823 121875 sgemm sgemm CUDA2 1.257590 121915 40
CPU4 44.744811 121876 sgemm sgemm CUDA2 1.261554 121916 40
CPU12 44.250907 121877 sgemm sgemm CUDA2 1.012565 121917 40
CPU19 44.504791 121878 sgemm sgemm CUDA2 1.081222 121918 40
CPU2 44.481691 121879 sgemm sgemm CUDA2 1.079186 121919 40
CPU13 44.744710 121883 sgemm sgemm CUDA2 1.068511 121923 40
CPU16 44.637519 121884 sgemm sgemm CUDA2 1.258355 121924 40
CPU5 44.422202 121885 sgemm sgemm CUDA0 0.064433 121925 40
CPU1 44.645943 121886 sgemm sgemm CUDA2 1.263303 121926 40
CPU5 44.607251 121887 sgemm sgemm CUDA2 1.254741 121927 40
CPU12 44.537065 121888 sgemm sgemm CUDA2 1.068707 121928 40
CPU15 44.485179 121889 sgemm sgemm CUDA2 1.259434 121929 40
CPU4 44.500171 121890 sgemm sgemm CUDA0 1.066284 121930 40
CPU13 44.774025 121894 sgemm sgemm CUDA0 12.152491 121934 40
CPU3 44.651657 121895 sgemm sgemm CUDA3 1.431063 121935 40
CPU8 44.202225 121896 sgemm sgemm CUDA3 1.262904 121936 40
CPU7 44.751336 121897 sgemm sgemm CUDA3 1.066552 121937 40
CPU5 44.582164 121898 sgemm sgemm CUDA3 1.258458 121938 40
CPU11 44.818125 121899 sgemm sgemm CUDA3 1.265205 121939 40
CPU10 44.397645 121900 sgemm sgemm CUDA3 1.070921 121940 40
CPU5 44.600496 121901 sgemm sgemm CUDA0 1.333034 121941 40
CPU13 44.649621 121905 sgemm sgemm CUDA0 0.047286 121945 40
CPU2 45.186404 121906 sgemm sgemm CUDA0 4.969085 121946 40
CPU0 45.036928 121907 sgemm sgemm CUDA0 1.225202 121947 40
CPU9 44.575210 121908 sgemm sgemm CUDA0 1.067247 121948 40
CPU4 44.814240 121909 sgemm sgemm CUDA0 1.255958 121949 40
CPU12 44.577445 121910 sgemm sgemm CUDA2 1.393862 121950 40
CPU10 44.568066 121911 sgemm sgemm CUDA2 1.257875 121951 40
CPU5 44.763851 121912 sgemm sgemm CUDA2 1.005362 121952 40
CPU13 44.751973 121916 sgemm sgemm CUDA2 1.192158 121956 40
CPU3 44.762695 121917 sgemm sgemm CUDA2 1.066017 121957 40
CPU10 44.441947 121918 sgemm sgemm CUDA2 1.256740 121958 40
CPU6 44.745728 121919 sgemm sgemm CUDA2 1.065527 121959 40
CPU14 44.321526 121920 sgemm sgemm CUDA2 12.824336 121960 40
CPU17 44.815063 121921 sgemm sgemm CUDA2 0.039865 121961 40
CPU16 44.222975 121922 sgemm sgemm CUDA2 1.302903 121962 40
CPU3 45.057964 121923 sgemm sgemm CUDA2 1.260340 121963 40
CPU13 44.864174 121927 sgemm sgemm CUDA1 1.348957 121967 40
CPU2 44.369486 121928 sgemm sgemm CUDA1 1.083216 121968 40
CPU5 44.316095 121929 sgemm sgemm CUDA1 1.267771 121969 40
CPU0 44.729035 121930 sgemm sgemm CUDA1 1.070146 121970 40
CPU4 44.661344 121931 sgemm sgemm CUDA3 1.290724 121971 40
CPU11 44.511784 121932 sgemm sgemm CUDA3 1.264883 121972 40
CPU19 44.806998 121933 sgemm sgemm CUDA3 1.259473 121973 40
CPU3 44.539165 121934 sgemm sgemm CUDA3 1.266621 121974 40
CPU2 44.617895 121938 sgemm sgemm CUDA3 1.201609 121978 40
CPU2 45.220410 121939 sgemm sgemm CUDA3 1.060622 121979 40
CPU19 44.376886 121940 sgemm sgemm CUDA3 1.263770 121980 40
CPU8 44.651776 121941 sgemm sgemm CUDA3 1.268928 121981 40
CPU5 44.810680 121942 sgemm sgemm CUDA3 1.066750 121982 40
CPU11 44.227007 121943 sgemm sgemm CUDA3 1.067989 121983 40
CPU16 44.530840 121944 sgemm sgemm CUDA2 11.557458 121984 40
CPU2 45.658661 121945 sgemm sgemm CUDA2 0.179669 121985 40
CPU13 45.000220 121949 sgemm sgemm CUDA3 0.948920 121989 40
CPU3 44.357808 121950 sgemm sgemm CUDA3 1.256803 121990 40
CPU0 44.562689 121951 sgemm sgemm CUDA3 1.260162 121991 40
CPU9 44.274213 121952 sgemm sgemm CUDA3 1.067191 121992 40
CPU4 44.520851 121953 sgemm sgemm CUDA3 1.258153 121993 40
CPU12 44.571692 121954 sgemm sgemm CUDA2 1.195883 121994 40
CPU10 44.743060 121955 sgemm sgemm CUDA3 1.065962 121995 40
CPU2 44.316405 121956 sgemm sgemm CUDA2 1.259390 121996 40
CPU13 44.782758 121960 sgemm sgemm CUDA2 0.107952 122000 40
CPU3 44.542792 121961 sgemm sgemm CUDA2 12.460893 122001 40
CPU11 44.334982 121962 sgemm sgemm CUDA2 0.103912 122002 40
CPU1 44.581384 121963 sgemm sgemm CUDA1 0.085387 122003 40
CPU5 44.562848 121964 sgemm sgemm CUDA1 1.370223 122004 40
CPU12 44.937148 121965 sgemm sgemm CUDA1 1.221119 122005 40
CPU10 44.686762 121966 sgemm sgemm CUDA2 0.949174 122006 40
CPU5 44.498882 121967 sgemm sgemm CUDA2 11.000157 122007 40
CPU13 44.899393 121971 sgemm sgemm CUDA3 1.076244 122011 40
CPU3 44.482566 121972 sgemm sgemm CUDA2 1.084956 122012 40
CPU2 44.401442 121973 sgemm sgemm CUDA2 1.071868 122013 40
CPU7 44.481714 121974 sgemm sgemm CUDA2 1.067873 122014 40
CPU4 45.211589 121975 sgemm sgemm CUDA2 1.263007 122015 40
CPU11 44.376530 121976 sgemm sgemm CUDA2 1.067496 122016 40
CPU19 44.766277 121977 sgemm sgemm CUDA2 1.257300 122017 40
CPU3 44.717628 121978 sgemm sgemm CUDA2 1.064570 122018 40
CPU6 44.776795 121982 sgemm sgemm CUDA3 1.323539 122022 40
CPU2 44.766606 121983 sgemm sgemm CUDA2 1.332428 122023 40
CPU11 44.351560 121984 sgemm sgemm CUDA2 1.257531 122024 40
CPU6 44.683459 121985 sgemm sgemm CUDA2 1.257087 122025 40
CPU4 44.770838 121986 sgemm sgemm CUDA2 1.070389 122026 40
CPU11 44.209097 121987 sgemm sgemm CUDA3 1.263753 122027 40
CPU9 44.785515 121988 sgemm sgemm CUDA3 12.820183 122028 40
CPU2 44.900942 121989 sgemm sgemm CUDA2 1.069244 122029 40
CPU13 44.975901 121993 sgemm sgemm CUDA2 1.262839 122033 40
CPU2 44.721875 121994 sgemm sgemm CUDA2 1.067592 122034 40
CPU11 44.620195 121995 sgemm sgemm CUDA2 1.071987 122035 40
CPU6 44.773385 121996 sgemm sgemm CUDA2 1.071075 122036 40
CPU5 44.553124 121997 sgemm sgemm CUDA2 1.072175 122037 40
CPU12 44.278783 121998 sgemm sgemm CUDA2 1.065042 122038 40
CPU10 44.877764 121999 sgemm sgemm CUDA3 1.247152 122039 40
CPU5 44.665586 122000 sgemm sgemm CUDA3 1.260239 122040 40
CPU13 44.844529 122004 sgemm sgemm CUDA2 1.291592 122044 40
CPU3 44.586913 122005 sgemm sgemm CUDA2 1.071005 122045 40
CPU11 44.796519 122006 sgemm sgemm CUDA0 1.195830 122046 40
CPU0 44.708322 122007 sgemm sgemm CUDA2 1.068834 122047 40
CPU4 44.775065 122008 sgemm sgemm CUDA0 1.064930 122048 40
CPU11 44.419656 122009 sgemm sgemm CUDA2 1.264125 122049 40
CPU10 44.848475 122010 sgemm sgemm CUDA0 1.071703 122050 40
CPU5 44.498142 122011 sgemm sgemm CUDA2 12.138674 122051 40
CPU13 44.918890 122015 sgemm sgemm CUDA0 12.052847 122055 40
CPU3 44.418849 122016 sgemm sgemm CUDA0 0.044597 122056 40
CPU8 44.828245 122017 sgemm sgemm CUDA0 1.246472 122057 40
CPU8 44.155150 122018 sgemm sgemm CUDA2 1.262880 122058 40
CPU4 44.494338 122019 sgemm sgemm CUDA2 1.012831 122059 40
CPU12 44.730478 122020 sgemm sgemm CUDA0 1.200233 122060 40
CPU19 44.740661 122021 sgemm sgemm CUDA2 1.009200 122061 40
CPU3 44.333880 122022 sgemm sgemm CUDA2 1.204262 122062 40
CPU13 44.770333 122026 sgemm sgemm CUDA2 1.206682 122066 40
CPU3 44.389096 122027 sgemm sgemm CUDA2 1.260417 122067 40
CPU6 44.132409 122028 sgemm sgemm CUDA1 1.338456 122068 40
CPU9 44.184892 122029 sgemm sgemm CUDA2 1.066199 122069 40
CPU5 44.416190 122030 sgemm sgemm CUDA1 1.064077 122070 40
CPU12 44.834127 122031 sgemm sgemm CUDA2 1.071671 122071 40
CPU10 44.747087 122032 sgemm sgemm CUDA2 1.068525 122072 40
CPU3 44.247470 122033 sgemm sgemm CUDA1 12.661725 122073 40
CPU13 33.618692 122039 strsm strsm CUDA2 14.385808 122079 40
CPU2 33.238164 122043 strsm strsm CUDA3 2.910150 122083 40
CPU15 32.998378 122047 strsm strsm CUDA0 2.719177 122087 40
CPU6 32.772266 122051 strsm strsm CUDA3 17.778323 122091 40
CPU4 33.285077 122055 strsm strsm CUDA2 17.931010 122095 40
CPU11 31.705978 122059 strsm strsm CUDA0 10.425126 122099 40
CPU19 32.139646 122063 strsm strsm CUDA2 2.754056 122103 40
CPU3 32.984911 122067 strsm strsm CUDA2 2.727579 122107 40
CPU11 15.216790 122071 strtri strtri CPU -1 122111 40
CPU10 31.097314 122073 strsm strsm CPU19 82.672535 122113 40
CPU4 30.893567 122075 strsm strsm CPU -1 122115 40
CPU18 30.399100 122077 strsm strsm CPU16 105.189145 122117 40
CPU9 30.913361 122079 strsm strsm CPU -1 122119 40
CPU10 31.184121 122081 strsm strsm CPU16 98.552396 122121 40
CPU8 30.523991 122083 strsm strsm CPU -1 122123 40
CPU2 30.768797 122085 strsm strsm CPU31 69.704902 122125 40
CPU0 31.192632 122087 strsm strsm CPU14 98.577456 122127 40
CPU1 30.654273 122089 strsm strsm CPU -1 122129 40
CPU8 30.831876 122091 strsm strsm CPU23 107.586548 122131 40
CPU0 31.490522 122093 strsm strsm CPU24 81.427248 122133 40
CPU8 30.652427 122095 strsm strsm CPU -1 122135 40
CPU11 30.695784 122097 strsm strsm CPU -1 122137 40
CPU13 31.339387 122099 strsm strsm CPU20 88.194650 122139 40
CPU3 30.720249 122101 strsm strsm CPU -1 122141 40
CPU17 31.655863 122103 strsm strsm CPU13 99.306825 122143 40
CPU15 30.485268 122105 strsm strsm CPU -1 122145 40
CPU6 31.559912 122107 strsm strsm CPU16 87.717480 122147 40
CPU8 30.980600 122109 strsm strsm CPU19 104.019951 122149 40
CPU8 30.948334 122111 strsm strsm CPU26 93.042573 122151 40
CPU10 30.938155 122113 strsm strsm CPU -1 122153 40
CPU16 30.818840 122115 strsm strsm CPU25 161.205705 122155 40
CPU16 30.964760 122117 strsm strsm CPU20 208.397506 122157 40
CPU14 31.053469 122119 strsm strsm CPU -1 122159 40
CPU13 31.110541 122121 strsm strsm CUDA3 0.219099 122161 40
CPU13 30.860559 122123 strsm strsm CUDA1 2.952990 122163 40
CPU15 30.273079 122125 strsm strsm CUDA3 2.773097 122165 40
CPU13 31.198183 122127 strsm strsm CUDA2 13.921115 122167 40
CPU2 30.688520 122129 strsm strsm CUDA3 0.063176 122169 40
CPU11 30.305264 122131 strsm strsm CUDA2 2.637096 122171 40
CPU12 31.731941 122133 strsm strsm CUDA3 3.041291 122173 40
CPU2 30.880861 122135 strsm strsm CUDA3 0.042859 122175 40
CPU11 30.376489 122137 strsm strsm CUDA2 2.846409 122177 40
CPU15 31.251235 122139 strsm strsm CUDA3 2.845259 122179 40
CPU10 30.840772 122141 strsm strsm CUDA3 2.769358 122181 40
CPU13 31.898378 122143 strsm strsm CUDA2 2.973624 122183 40
CPU19 31.581710 122145 strsm strsm CUDA2 3.059337 122185 40
CPU7 30.901259 122147 strsm strsm CUDA3 2.806060 122187 40
CPU19 30.930770 122149 strsm strsm CUDA2 13.146284 122189 40
CPU4 30.808203 122151 strsm strsm CUDA2 0.118882 122191 40
CPU13 44.684822 122153 sgemm sgemm CUDA3 0.043969 122193 40
CPU3 44.940710 122154 sgemm sgemm CUDA3 0.949136 122194 40
CPU5 44.480395 122155 sgemm sgemm CUDA3 1.155303 122195 40
CPU7 44.261702 122156 sgemm sgemm CUDA1 1.146476 122196 40
CPU4 44.659689 122157 sgemm sgemm CUDA1 1.003079 122197 40
CPU12 44.468268 122158 sgemm sgemm CUDA1 1.069802 122198 40
CPU10 44.520080 122159 sgemm sgemm CUDA3 0.051914 122199 40
CPU11 44.353722 122160 sgemm sgemm CUDA1 1.257842 122200 40
CPU3 44.542625 122161 sgemm sgemm CUDA1 0.048186 122201 40
CPU13 44.769267 122165 sgemm sgemm CUDA0 1.062962 122205 40
CPU2 44.513908 122166 sgemm sgemm CUDA0 1.066960 122206 40
CPU0 44.618748 122167 sgemm sgemm CUDA0 1.071198 122207 40
CPU0 44.715551 122168 sgemm sgemm CUDA1 1.261276 122208 40
CPU5 44.609051 122169 sgemm sgemm CUDA0 1.259636 122209 40
CPU11 44.392023 122170 sgemm sgemm CUDA0 1.026329 122210 40
CPU19 44.656742 122171 sgemm sgemm CUDA0 1.068793 122211 40
CPU12 44.710661 122172 sgemm sgemm CUDA1 1.016081 122212 40
CPU5 46.944798 122173 sgemm sgemm CUDA0 1.197270 122213 40
CPU13 44.537400 122177 sgemm sgemm CUDA2 1.261753 122217 40
CPU0 44.841711 122178 sgemm sgemm CUDA3 0.547901 122218 40
CPU1 44.533469 122179 sgemm sgemm CUDA2 1.066403 122219 40
CPU8 44.326719 122180 sgemm sgemm CUDA2 1.255198 122220 40
CPU4 44.932767 122181 sgemm sgemm CUDA2 1.088427 122221 40
CPU12 44.398557 122182 sgemm sgemm CUDA2 1.263280 122222 40
CPU6 44.882380 122183 sgemm sgemm CUDA2 0.048038 122223 40
CPU12 44.668155 122184 sgemm sgemm CUDA1 0.881168 122224 40
CPU12 44.749068 122185 sgemm sgemm CUDA1 1.259495 122225 40
CPU0 44.774559 122189 sgemm sgemm CUDA2 1.258328 122229 40
CPU2 44.626671 122190 sgemm sgemm CUDA3 0.991569 122230 40
CPU10 44.432384 122191 sgemm sgemm CUDA2 1.256520 122231 40
CPU7 44.334357 122192 sgemm sgemm CUDA1 1.070406 122232 40
CPU4 44.949167 122193 sgemm sgemm CUDA1 0.596508 122233 40
CPU11 44.272499 122194 sgemm sgemm CUDA2 1.260345 122234 40
CPU17 44.952344 122195 sgemm sgemm CUDA3 1.013801 122235 40
CPU11 44.229996 122196 sgemm sgemm CUDA1 1.205201 122236 40
CPU15 44.393539 122197 sgemm sgemm CUDA2 1.260222 122237 40
CPU13 44.670563 122201 sgemm sgemm CUDA3 1.255166 122241 40
CPU3 44.186678 122202 sgemm sgemm CUDA3 1.078995 122242 40
CPU8 44.480437 122203 sgemm sgemm CUDA3 0.315824 122243 40
CPU9 44.413513 122204 sgemm sgemm CUDA1 1.314378 122244 40
CPU4 44.650659 122205 sgemm sgemm CUDA1 1.299051 122245 40
CPU12 44.383230 122206 sgemm sgemm CUDA1 1.206099 122246 40
CPU19 44.518209 122207 sgemm sgemm CUDA3 1.198695 122247 40
CPU12 44.538290 122208 sgemm sgemm CUDA1 1.064266 122248 40
CPU12 44.549325 122209 sgemm sgemm CUDA2 1.251077 122249 40
CPU13 44.657405 122213 sgemm sgemm CUDA3 1.064818 122253 40
CPU3 44.375074 122214 sgemm sgemm CUDA3 1.204490 122254 40
CPU10 44.562066 122215 sgemm sgemm CUDA2 1.259476 122255 40
CPU1 44.560054 122216 sgemm sgemm CUDA3 1.014633 122256 40
CPU5 44.628713 122217 sgemm sgemm CUDA2 1.095116 122257 40
CPU11 44.278446 122218 sgemm sgemm CUDA2 12.789720 122258 40
CPU10 44.540137 122219 sgemm sgemm CUDA2 1.070200 122259 40
CPU2 44.537295 122220 sgemm sgemm CUDA3 1.203401 122260 40
CPU0 44.636664 122221 sgemm sgemm CUDA3 1.200310 122261 40
CPU13 44.629132 122225 sgemm sgemm CUDA0 1.196893 122265 40
CPU2 44.746823 122226 sgemm sgemm CUDA0 1.257056 122266 40
CPU4 44.785734 122227 sgemm sgemm CUDA0 1.256978 122267 40
CPU0 44.563860 122228 sgemm sgemm CUDA0 12.484506 122268 40
CPU5 44.989307 122229 sgemm sgemm CUDA0 8.043559 122269 40
CPU12 45.110526 122230 sgemm sgemm CUDA0 1.072253 122270 40
CPU10 44.588136 122231 sgemm sgemm CUDA0 1.200869 122271 40
CPU12 44.654574 122232 sgemm sgemm CUDA0 1.201729 122272 40
CPU12 44.567079 122233 sgemm sgemm CUDA0 1.201114 122273 40
CPU13 44.598999 122237 sgemm sgemm CUDA0 1.259481 122277 40
CPU1 44.409117 122238 sgemm sgemm CUDA0 1.257204 122278 40
CPU7 44.814360 122239 sgemm sgemm CUDA0 1.018936 122279 40
CPU1 44.647161 122240 sgemm sgemm CUDA0 1.001192 122280 40
CPU4 44.815056 122241 sgemm sgemm CUDA2 1.075979 122281 40
CPU12 44.376821 122242 sgemm sgemm CUDA2 1.262959 122282 40
CPU19 44.482163 122243 sgemm sgemm CUDA2 1.313352 122283 40
CPU12 44.520117 122244 sgemm sgemm CUDA1 1.072588 122284 40
CPU12 44.590729 122245 sgemm sgemm CUDA1 1.008603 122285 40
CPU13 44.524342 122249 sgemm sgemm CUDA0 1.067220 122289 40
CPU3 44.292810 122250 sgemm sgemm CUDA0 1.064310 122290 40
CPU1 44.538185 122251 sgemm sgemm CUDA0 28.568796 122291 40
CPU1 45.067178 122252 sgemm sgemm CUDA2 1.380460 122292 40
CPU4 44.706581 122253 sgemm sgemm CUDA0 0.089312 122293 40
CPU11 44.450174 122254 sgemm sgemm CUDA0 1.007892 122294 40
CPU19 44.648821 122255 sgemm sgemm CUDA0 1.257738 122295 40
CPU9 44.480115 122256 sgemm sgemm CUDA0 1.200829 122296 40
CPU3 45.312095 122257 sgemm sgemm CUDA0 1.260199 122297 40
CPU13 44.568025 122261 sgemm sgemm CUDA0 1.259628 122301 40
CPU1 44.398601 122262 sgemm sgemm CUDA0 1.259716 122302 40
CPU15 44.441387 122263 sgemm sgemm CUDA0 0.048899 122303 40
CPU1 44.919173 122264 sgemm sgemm CUDA0 1.326850 122304 40
CPU5 45.213333 122265 sgemm sgemm CUDA0 1.303613 122305 40
CPU12 44.530037 122266 sgemm sgemm CUDA0 1.194871 122306 40
CPU14 44.533005 122267 sgemm sgemm CUDA0 1.254298 122307 40
CPU12 44.627012 122268 sgemm sgemm CUDA0 1.209260 122308 40
CPU3 44.304299 122269 sgemm sgemm CUDA0 1.083182 122309 40
CPU13 44.489514 122273 sgemm sgemm CUDA1 1.016508 122313 40
CPU2 44.686297 122274 sgemm sgemm CUDA2 8.972688 122314 40
CPU10 44.379185 122275 sgemm sgemm CUDA2 0.953002 122315 40
CPU1 45.246912 122276 sgemm sgemm CUDA1 0.959923 122316 40
CPU5 44.772735 122277 sgemm sgemm CUDA2 1.262316 122317 40
CPU12 44.271240 122278 sgemm sgemm CUDA1 1.202744 122318 40
CPU10 44.650750 122279 sgemm sgemm CUDA2 1.071483 122319 40
CPU11 44.438305 122280 sgemm sgemm CUDA1 1.200739 122320 40
CPU12 44.742698 122281 sgemm sgemm CUDA2 1.067566 122321 40
CPU13 44.549296 122285 sgemm sgemm CUDA3 1.198136 122325 40
CPU2 44.442734 122286 sgemm sgemm CUDA3 2.370290 122326 40
CPU8 44.589110 122287 sgemm sgemm CUDA3 1.007189 122327 40
CPU6 44.758847 122288 sgemm sgemm CUDA2 6.993622 122328 40
CPU4 44.704980 122289 sgemm sgemm CUDA2 1.089004 122329 40
CPU11 44.231018 122290 sgemm sgemm CUDA2 0.039365 122330 40
CPU19 44.631299 122291 sgemm sgemm CUDA2 1.268551 122331 40
CPU5 44.664718 122292 sgemm sgemm CUDA2 1.290470 122332 40
CPU0 44.689674 122293 sgemm sgemm CUDA2 8.011678 122333 40
CPU13 44.671565 122297 sgemm sgemm CUDA0 1.070348 122337 40
CPU2 44.386991 122298 sgemm sgemm CUDA0 1.198815 122338 40
CPU5 44.780391 122299 sgemm sgemm CUDA0 1.196616 122339 40
CPU1 45.240926 122300 sgemm sgemm CUDA2 0.041204 122340 40
CPU16 44.669326 122301 sgemm sgemm CUDA0 1.013902 122341 40
CPU11 44.282134 122302 sgemm sgemm CUDA2 1.309886 122342 40
CPU14 44.647020 122303 sgemm sgemm CUDA0 1.202348 122343 40
CPU12 44.495006 122304 sgemm sgemm CUDA2 1.259283 122344 40
CPU14 44.424993 122305 sgemm sgemm CUDA2 0.053565 122345 40
CPU13 44.654274 122309 sgemm sgemm CUDA0 1.064631 122349 40
CPU3 44.421861 122310 sgemm sgemm CUDA0 1.009628 122350 40
CPU19 44.478413 122311 sgemm sgemm CUDA0 1.014598 122351 40
CPU1 45.030950 122312 sgemm sgemm CUDA0 1.207720 122352 40
CPU4 44.531975 122313 sgemm sgemm CUDA3 12.907477 122353 40
CPU12 44.721796 122314 sgemm sgemm CUDA3 0.042247 122354 40
CPU10 44.860030 122315 sgemm sgemm CUDA3 1.318413 122355 40
CPU9 44.684808 122316 sgemm sgemm CUDA3 1.201984 122356 40
CPU1 44.459236 122317 sgemm sgemm CUDA3 1.019284 122357 40
CPU13 44.547485 122321 sgemm sgemm CUDA0 1.325840 122361 40
CPU3 44.544908 122322 sgemm sgemm CUDA0 0.955423 122362 40
CPU2 44.746593 122323 sgemm sgemm CUDA0 1.140883 122363 40
CPU0 45.063492 122324 sgemm sgemm CUDA1 1.148439 122364 40
CPU5 44.944259 122325 sgemm sgemm CUDA0 1.199590 122365 40
CPU12 44.698363 122326 sgemm sgemm CUDA1 0.126567 122366 40
CPU10 44.727408 122327 sgemm sgemm CUDA1 12.887772 122367 40
CPU2 44.676040 122328 sgemm sgemm CUDA1 1.273821 122368 40
CPU2 44.542724 122329 sgemm sgemm CUDA1 1.198046 122369 40
CPU13 44.679349 122333 sgemm sgemm CUDA2 1.255367 122373 40
CPU2 44.420004 122334 sgemm sgemm CUDA2 1.256339 122374 40
CPU19 44.499974 122335 sgemm sgemm CUDA3 0.046046 122375 40
CPU8 45.187961 122336 sgemm sgemm CUDA3 1.262519 122376 40
CPU4 44.686377 122337 sgemm sgemm CUDA3 1.010189 122377 40
CPU11 44.216463 122338 sgemm sgemm CUDA3 1.208669 122378 40
CPU19 44.552811 122339 sgemm sgemm CUDA3 1.009478 122379 40
CPU11 44.375239 122340 sgemm sgemm CUDA3 1.198171 122380 40
CPU4 44.626698 122341 sgemm sgemm CUDA3 1.194285 122381 40
CPU13 44.692040 122345 sgemm sgemm CUDA2 16.240141 122385 40
CPU2 44.527738 122346 sgemm sgemm CUDA2 0.044280 122386 40
CPU0 44.971194 122347 sgemm sgemm CUDA2 1.255801 122387 40
CPU1 44.829424 122348 sgemm sgemm CUDA0 1.207912 122388 40
CPU5 44.844417 122349 sgemm sgemm CUDA0 1.009707 122389 40
CPU12 44.518971 122350 sgemm sgemm CUDA0 1.215683 122390 40
CPU19 44.716596 122351 sgemm sgemm CUDA2 1.275668 122391 40
CPU5 44.551526 122352 sgemm sgemm CUDA1 1.457053 122392 40
CPU3 44.483315 122353 sgemm sgemm CUDA0 1.070384 122393 40
CPU13 44.380410 122357 sgemm sgemm CUDA3 1.201696 122397 40
CPU0 45.055231 122358 sgemm sgemm CUDA3 1.146927 122398 40
CPU10 44.586055 122359 sgemm sgemm CUDA3 0.956149 122399 40
CPU7 45.105968 122360 sgemm sgemm CUDA3 1.142764 122400 40
CPU4 44.984206 122361 sgemm sgemm CUDA3 1.013836 122401 40
CPU12 44.555787 122362 sgemm sgemm CUDA3 1.008583 122402 40
CPU10 44.756144 122363 sgemm sgemm CUDA3 1.010178 122403 40
CPU1 44.498608 122364 sgemm sgemm CUDA3 1.010028 122404 40
CPU3 44.408472 122365 sgemm sgemm CUDA3 1.202726 122405 40
CPU13 44.444161 122369 sgemm sgemm CUDA1 0.046871 122409 40
CPU2 44.622366 122370 sgemm sgemm CUDA0 1.067493 122410 40
CPU9 44.777077 122371 sgemm sgemm CUDA0 1.275618 122411 40
CPU6 44.915683 122372 sgemm sgemm CUDA1 1.210004 122412 40
CPU5 44.615379 122373 sgemm sgemm CUDA0 1.027003 122413 40
CPU11 44.306285 122374 sgemm sgemm CUDA1 1.009462 122414 40
CPU19 44.432908 122375 sgemm sgemm CUDA0 0.044433 122415 40
CPU9 44.579997 122376 sgemm sgemm CUDA1 12.053001 122416 40
CPU2 44.409420 122377 sgemm sgemm CUDA0 0.053565 122417 40
CPU13 44.464860 122381 sgemm sgemm CUDA1 1.513959 122421 40
CPU2 44.730246 122382 sgemm sgemm CUDA3 1.026230 122422 40
CPU2 44.811212 122383 sgemm sgemm CUDA1 1.008557 122423 40
CPU8 44.936531 122384 sgemm sgemm CUDA1 1.260802 122424 40
CPU4 44.772878 122385 sgemm sgemm CUDA1 7.404654 122425 40
CPU11 44.510927 122386 sgemm sgemm CUDA1 1.071647 122426 40
CPU10 44.710611 122387 sgemm sgemm CUDA1 1.065092 122427 40
CPU12 44.429345 122388 sgemm sgemm CUDA1 1.063422 122428 40
CPU11 44.533581 122389 sgemm sgemm CUDA1 1.205198 122429 40
CPU13 44.745681 122393 sgemm sgemm CUDA3 10.239990 122433 40
CPU3 44.503456 122394 sgemm sgemm CUDA3 0.058409 122434 40
CPU11 45.100745 122395 sgemm sgemm CUDA3 0.064328 122435 40
CPU1 44.918295 122396 sgemm sgemm CUDA3 1.012245 122436 40
CPU5 44.545666 122397 sgemm sgemm CUDA3 1.135419 122437 40
CPU12 44.696950 122398 sgemm sgemm CUDA3 1.144260 122438 40
CPU10 44.783381 122399 sgemm sgemm CUDA3 0.114651 122439 40
CPU2 44.867276 122400 sgemm sgemm CUDA3 17.443835 122440 40
CPU2 44.850802 122401 sgemm sgemm CUDA3 0.067364 122441 40
CPU13 44.674985 122405 sgemm sgemm CUDA2 1.195761 122445 40
CPU3 44.270938 122406 sgemm sgemm CUDA2 1.358279 122446 40
CPU9 44.457929 122407 sgemm sgemm CUDA2 1.068756 122447 40
CPU1 44.579667 122408 sgemm sgemm CUDA2 1.069298 122448 40
CPU4 44.692075 122409 sgemm sgemm CUDA2 1.272516 122449 40
CPU11 44.445968 122410 sgemm sgemm CUDA2 1.071243 122450 40
CPU19 44.481764 122411 sgemm sgemm CUDA2 1.427084 122451 40
CPU2 44.249964 122412 sgemm sgemm CUDA2 1.262038 122452 40
CPU0 44.877426 122413 sgemm sgemm CUDA2 1.068275 122453 40
CPU14 44.733564 122417 sgemm sgemm CUDA2 1.260414 122457 40
CPU1 44.282485 122418 sgemm sgemm CUDA2 1.070679 122458 40
CPU3 44.498229 122419 sgemm sgemm CUDA2 1.065185 122459 40
CPU9 44.432448 122420 sgemm sgemm CUDA2 1.197559 122460 40
CPU5 45.172189 122421 sgemm sgemm CUDA2 1.256040 122461 40
CPU12 44.723007 122422 sgemm sgemm CUDA2 1.257386 122462 40
CPU19 44.471981 122423 sgemm sgemm CUDA2 0.042831 122463 40
CPU2 44.466958 122424 sgemm sgemm CUDA2 1.347377 122464 40
CPU2 44.159843 122425 sgemm sgemm CUDA2 1.265524 122465 40
CPU13 44.498504 122429 sgemm sgemm CUDA1 1.013725 122469 40
CPU2 44.428842 122430 sgemm sgemm CUDA3 0.998081 122470 40
CPU1 44.696068 122431 sgemm sgemm CUDA1 1.258258 122471 40
CPU0 44.398213 122432 sgemm sgemm CUDA1 1.255946 122472 40
CPU4 44.604764 122433 sgemm sgemm CUDA1 1.256622 122473 40
CPU11 44.383827 122434 sgemm sgemm CUDA1 1.068786 122474 40
CPU19 44.728433 122435 sgemm sgemm CUDA1 0.073322 122475 40
CPU12 44.501595 122436 sgemm sgemm CUDA1 1.069337 122476 40
CPU11 44.740498 122437 sgemm sgemm CUDA2 1.374477 122477 40
CPU13 44.539164 122441 sgemm sgemm CUDA3 0.213935 122481 40
CPU3 44.159555 122442 sgemm sgemm CUDA3 11.771926 122482 40
CPU3 44.606013 122443 sgemm sgemm CUDA3 0.060589 122483 40
CPU1 44.692627 122444 sgemm sgemm CUDA2 1.064662 122484 40
CPU5 44.506722 122445 sgemm sgemm CUDA3 8.223525 122485 40
CPU11 44.469710 122446 sgemm sgemm CUDA3 11.933480 122486 40
CPU10 44.892497 122447 sgemm sgemm CUDA2 7.039437 122487 40
CPU9 44.428564 122448 sgemm sgemm CUDA2 0.045174 122488 40
CPU3 44.308024 122449 sgemm sgemm CUDA3 0.047621 122489 40
CPU13 44.530362 122453 sgemm sgemm CUDA1 6.608054 122493 40
CPU1 44.655807 122454 sgemm sgemm CUDA2 1.271047 122494 40
CPU6 44.838229 122455 sgemm sgemm CUDA2 1.074574 122495 40
CPU1 45.248421 122456 sgemm sgemm CUDA2 1.074556 122496 40
CPU4 44.858002 122457 sgemm sgemm CUDA2 1.066842 122497 40
CPU12 44.637919 122458 sgemm sgemm CUDA1 12.137205 122498 40
CPU19 44.829691 122459 sgemm sgemm CUDA2 1.257136 122499 40
CPU2 44.614897 122460 sgemm sgemm CUDA1 0.047295 122500 40
CPU2 44.613541 122461 sgemm sgemm CUDA2 1.068709 122501 40
CPU13 44.623281 122465 sgemm sgemm CUDA2 1.390418 122505 40
CPU2 44.445864 122466 sgemm sgemm CUDA2 1.259616 122506 40
CPU5 44.507101 122467 sgemm sgemm CUDA3 1.224686 122507 40
CPU1 44.851444 122468 sgemm sgemm CUDA2 1.257270 122508 40
CPU5 44.849258 122469 sgemm sgemm CUDA2 1.069541 122509 40
CPU12 44.421536 122470 sgemm sgemm CUDA2 1.258242 122510 40
CPU15 44.544076 122471 sgemm sgemm CUDA2 1.071411 122511 40
CPU4 44.647732 122472 sgemm sgemm CUDA0 1.260687 122512 40
CPU12 44.497825 122473 sgemm sgemm CUDA0 1.258405 122513 40
CPU13 44.661537 122477 sgemm sgemm CUDA0 1.265983 122517 40
CPU3 44.192571 122478 sgemm sgemm CUDA0 1.079332 122518 40
CPU8 44.226137 122479 sgemm sgemm CUDA0 1.068894 122519 40
CPU1 44.682956 122480 sgemm sgemm CUDA0 1.256300 122520 40
CPU5 44.757914 122481 sgemm sgemm CUDA3 0.955368 122521 40
CPU11 44.482166 122482 sgemm sgemm CUDA3 1.070602 122522 40
CPU10 44.624943 122483 sgemm sgemm CUDA3 1.260413 122523 40
CPU5 44.496328 122484 sgemm sgemm CUDA0 1.067676 122524 40
CPU2 44.444978 122485 sgemm sgemm CUDA3 1.259357 122525 40
CPU13 44.724641 122489 sgemm sgemm CUDA3 1.261963 122529 40
CPU2 44.384578 122490 sgemm sgemm CUDA0 1.058483 122530 40
CPU0 44.852719 122491 sgemm sgemm CUDA0 1.069045 122531 40
CPU9 44.486220 122492 sgemm sgemm CUDA0 1.258101 122532 40
CPU4 44.771458 122493 sgemm sgemm CUDA0 1.070587 122533 40
CPU12 44.400503 122494 sgemm sgemm CUDA3 1.064115 122534 40
CPU10 44.899189 122495 sgemm sgemm CUDA2 1.070956 122535 40
CPU5 44.731493 122496 sgemm sgemm CUDA2 1.070235 122536 40
CPU12 44.523635 122497 sgemm sgemm CUDA2 1.072209 122537 40
CPU13 44.486448 122501 sgemm sgemm CUDA2 0.065428 122541 40
CPU0 44.933000 122502 sgemm sgemm CUDA2 11.897074 122542 40
CPU10 44.395594 122503 sgemm sgemm CUDA2 0.045674 122543 40
CPU8 45.051958 122504 sgemm sgemm CUDA2 1.305743 122544 40
CPU14 44.213695 122505 sgemm sgemm CUDA2 1.072022 122545 40
CPU11 44.375139 122506 sgemm sgemm CUDA2 1.257077 122546 40
CPU16 44.408100 122507 sgemm sgemm CUDA2 1.255267 122547 40
CPU3 44.608227 122508 sgemm sgemm CUDA2 1.071305 122548 40
CPU3 44.913007 122509 sgemm sgemm CUDA1 14.278121 122549 40
CPU13 44.634434 122513 sgemm sgemm CUDA1 1.306429 122553 40
CPU2 44.430397 122514 sgemm sgemm CUDA1 1.255875 122554 40
CPU5 44.650456 122515 sgemm sgemm CUDA1 1.255116 122555 40
CPU1 44.987254 122516 sgemm sgemm CUDA1 1.259789 122556 40
CPU4 44.836691 122517 sgemm sgemm CUDA3 1.065551 122557 40
CPU11 44.478506 122518 sgemm sgemm CUDA3 1.255859 122558 40
CPU19 44.881299 122519 sgemm sgemm CUDA3 1.265030 122559 40
CPU9 44.788443 122520 sgemm sgemm CUDA3 1.065942 122560 40
CPU2 44.512859 122521 sgemm sgemm CUDA1 1.261473 122561 40
CPU2 44.676426 122525 sgemm sgemm CUDA3 1.200037 122565 40
CPU2 44.585726 122526 sgemm sgemm CUDA3 1.256715 122566 40
CPU19 44.455406 122527 sgemm sgemm CUDA3 1.261891 122567 40
CPU7 45.076661 122528 sgemm sgemm CUDA3 1.263173 122568 40
CPU5 44.891389 122529 sgemm sgemm CUDA3 1.078386 122569 40
CPU11 44.275464 122530 sgemm sgemm CUDA3 1.068652 122570 40
CPU16 44.384362 122531 sgemm sgemm CUDA2 1.070324 122571 40
CPU11 44.146258 122532 sgemm sgemm CUDA2 1.063321 122572 40
CPU5 44.694681 122533 sgemm sgemm CUDA3 1.069942 122573 40
CPU13 44.600498 122537 sgemm sgemm CUDA2 1.066733 122577 40
CPU0 44.896591 122538 sgemm sgemm CUDA3 1.244836 122578 40
CPU0 44.959724 122539 sgemm sgemm CUDA3 1.067971 122579 40
CPU6 44.818212 122540 sgemm sgemm CUDA3 1.252072 122580 40
CPU4 44.722852 122541 sgemm sgemm CUDA3 1.062157 122581 40
CPU12 44.543347 122542 sgemm sgemm CUDA2 1.015932 122582 40
CPU19 45.194426 122543 sgemm sgemm CUDA3 1.066194 122583 40
CPU2 44.591547 122544 sgemm sgemm CUDA2 1.075640 122584 40
CPU2 44.665439 122545 sgemm sgemm CUDA2 1.258233 122585 40
CPU13 45.352619 122549 sgemm sgemm CUDA2 0.429577 122589 40
CPU1 44.625207 122550 sgemm sgemm CUDA2 7.651974 122590 40
CPU11 44.671331 122551 sgemm sgemm CUDA2 1.420259 122591 40
CPU1 44.655212 122552 sgemm sgemm CUDA3 1.167358 122592 40
CPU5 44.894239 122553 sgemm sgemm CUDA3 1.338211 122593 40
CPU12 44.514880 122554 sgemm sgemm CUDA3 1.775905 122594 40
CPU10 44.917793 122555 sgemm sgemm CUDA2 1.082012 122595 40
CPU5 44.759650 122556 sgemm sgemm CUDA2 1.268902 122596 40
CPU3 44.637028 122557 sgemm sgemm CUDA3 12.069245 122597 40
CPU13 44.611520 122561 sgemm sgemm CUDA3 1.225741 122601 40
CPU3 44.349269 122562 sgemm sgemm CUDA2 1.238766 122602 40
CPU2 44.566868 122563 sgemm sgemm CUDA2 1.254878 122603 40
CPU1 44.571494 122564 sgemm sgemm CUDA2 1.069169 122604 40
CPU4 44.926162 122565 sgemm sgemm CUDA2 1.259029 122605 40
CPU11 44.340729 122566 sgemm sgemm CUDA2 1.072698 122606 40
CPU19 44.979259 122567 sgemm sgemm CUDA2 1.069889 122607 40
CPU1 45.081508 122568 sgemm sgemm CUDA3 1.073314 122608 40
CPU0 45.129258 122569 sgemm sgemm CUDA3 1.081157 122609 40
CPU6 44.713035 122573 sgemm sgemm CUDA2 1.065825 122613 40
CPU2 44.614957 122574 sgemm sgemm CUDA2 0.968610 122614 40
CPU11 44.480791 122575 sgemm sgemm CUDA2 1.255923 122615 40
CPU6 45.165996 122576 sgemm sgemm CUDA2 1.070874 122616 40
CPU4 44.815201 122577 sgemm sgemm CUDA2 1.260485 122617 40
CPU11 44.273511 122578 sgemm sgemm CUDA3 1.291315 122618 40
CPU9 44.722468 122579 sgemm sgemm CUDA3 1.262694 122619 40
CPU2 45.137998 122580 sgemm sgemm CUDA2 1.260000 122620 40
CPU11 44.355941 122581 sgemm sgemm CUDA3 1.065671 122621 40
CPU13 44.510645 122585 sgemm sgemm CUDA2 1.258436 122625 40
CPU2 44.602819 122586 sgemm sgemm CUDA2 1.257101 122626 40
CPU11 44.338623 122587 sgemm sgemm CUDA2 1.066514 122627 40
CPU6 44.770380 122588 sgemm sgemm CUDA2 1.256850 122628 40
CPU5 45.404436 122589 sgemm sgemm CUDA2 1.069703 122629 40
CPU12 44.338430 122590 sgemm sgemm CUDA2 1.067472 122630 40
CPU10 44.664766 122591 sgemm sgemm CUDA3 1.071243 122631 40
CPU4 44.469086 122592 sgemm sgemm CUDA3 1.255371 122632 40
CPU2 45.723493 122593 sgemm sgemm CUDA3 1.259815 122633 40
CPU13 44.634218 122597 sgemm sgemm CUDA2 12.320714 122637 40
CPU3 44.449712 122598 sgemm sgemm CUDA2 0.116365 122638 40
CPU11 44.292145 122599 sgemm sgemm CUDA3 10.979489 122639 40
CPU0 44.941963 122600 sgemm sgemm CUDA2 1.348195 122640 40
CPU4 44.702509 122601 sgemm sgemm CUDA3 1.260324 122641 40
CPU11 44.242381 122602 sgemm sgemm CUDA2 10.496353 122642 40
CPU10 44.581590 122603 sgemm sgemm CUDA0 0.777824 122643 40
CPU5 44.666869 122604 sgemm sgemm CUDA2 1.074353 122644 40
CPU9 44.321744 122605 sgemm sgemm CUDA0 1.264364 122645 40
CPU13 44.642965 122609 sgemm sgemm CUDA2 1.067582 122649 40
CPU3 44.252690 122610 sgemm sgemm CUDA2 1.259702 122650 40
CPU8 44.078270 122611 sgemm sgemm CUDA0 1.279194 122651 40
CPU8 45.279968 122612 sgemm sgemm CUDA2 0.760791 122652 40
CPU4 44.921401 122613 sgemm sgemm CUDA2 1.090718 122653 40
CPU12 91.077336 122614 sgemm sgemm CUDA0 1.176070 122654 40
CPU19 44.583603 122615 sgemm sgemm CUDA2 1.260867 122655 40
CPU2 44.525397 122616 sgemm sgemm CUDA2 1.068706 122656 40
CPU3 94.440420 122617 sgemm sgemm CUDA0 6.546576 122657 40
CPU13 44.900891 122621 sgemm sgemm CUDA2 1.257527 122661 40
CPU3 45.286496 122622 sgemm sgemm CUDA2 1.007470 122662 40
CPU6 44.520002 122623 sgemm sgemm CUDA1 1.333565 122663 40
CPU9 44.426978 122624 sgemm sgemm CUDA2 1.013603 122664 40
CPU5 44.221240 122625 sgemm sgemm CUDA1 1.066162 122665 40
CPU12 44.668179 122626 sgemm sgemm CUDA2 12.679997 122666 40
CPU10 44.675528 122627 sgemm sgemm CUDA2 0.196461 122667 40
CPU3 44.579444 122628 sgemm sgemm CUDA1 1.008360 122668 40
CPU9 44.311491 122629 sgemm sgemm CUDA1 1.200612 122669 40
CPU13 32.421850 122635 strsm strsm CUDA3 12.952115 122675 40
CPU2 31.710149 122639 strsm strsm CUDA2 2.823035 122679 40
CPU15 32.234897 122643 strsm strsm CUDA2 0.058141 122683 40
CPU1 31.982460 122647 strsm strsm CUDA3 2.702318 122687 40
CPU4 33.036846 122651 strsm strsm CUDA2 2.807609 122691 40
CPU12 31.932989 122655 strsm strsm CUDA2 2.935657 122695 40
CPU10 32.280992 122659 strsm strsm CUDA1 1.768755 122699 40
CPU2 32.693812 122663 strsm strsm CUDA3 2.757028 122703 40
CPU9 32.829226 122667 strsm strsm CUDA3 2.912742 122707 40
CPU12 15.561193 122671 strtri strtri CPU -1 122711 40
CPU3 30.566724 122673 strsm strsm CPU29 98.704648 122713 40
CPU10 32.041742 122675 strsm strsm CPU -1 122715 40
CPU10 30.980974 122677 strsm strsm CPU -1 122717 40
CPU2 31.038122 122679 strsm strsm CPU -1 122719 40
CPU8 30.595847 122681 strsm strsm CPU10 100.592127 122721 40
CPU2 30.835284 122683 strsm strsm CPU -1 122723 40
CPU1 30.894425 122685 strsm strsm CPU23 81.813055 122725 40
CPU1 31.019222 122687 strsm strsm CPU15 98.742082 122727 40
CPU1 30.650581 122689 strsm strsm CPU -1 122729 40
CPU1 31.265361 122691 strsm strsm CPU -1 122731 40
CPU8 30.620592 122693 strsm strsm CPU11 98.971936 122733 40
CPU10 31.107889 122695 strsm strsm CPU24 90.246336 122735 40
CPU16 30.445397 122697 strsm strsm CPU -1 122737 40
CPU0 31.569804 122699 strsm strsm CPU -1 122739 40
CPU8 30.999506 122701 strsm strsm CPU17 146.450704 122741 40
CPU13 31.241331 122703 strsm strsm CPU12 102.390126 122743 40
CPU3 31.110415 122705 strsm strsm CPU25 110.466962 122745 40
CPU9 31.033050 122707 strsm strsm CPU -1 122747 40
CPU17 31.310118 122709 strsm strsm CPU -1 122749 40
CPU11 30.361004 122711 strsm strsm CPU10 115.262645 122751 40
CPU16 30.503526 122713 strsm strsm CPU -1 122753 40
CPU16 30.394017 122715 strsm strsm CPU -1 122755 40
CPU13 30.868314 122717 strsm strsm CUDA0 2.906042 122757 40
CPU13 30.665446 122719 strsm strsm CUDA0 2.757557 122759 40
CPU1 31.024042 122721 strsm strsm CUDA0 2.805436 122761 40
CPU17 31.324128 122723 strsm strsm CUDA0 2.987847 122763 40
CPU11 30.645502 122725 strsm strsm CUDA0 2.808896 122765 40
CPU1 30.762783 122727 strsm strsm CUDA0 2.807742 122767 40
CPU11 30.291941 122729 strsm strsm CUDA0 2.820474 122769 40
CPU12 31.543485 122731 strsm strsm CUDA0 0.044675 122771 40
CPU7 31.535600 122733 strsm strsm CUDA3 2.879237 122773 40
CPU11 30.427575 122735 strsm strsm CUDA1 2.882215 122775 40
CPU15 31.168965 122737 strsm strsm CUDA3 13.742042 122777 40
CPU2 30.999995 122739 strsm strsm CUDA3 13.513076 122779 40
CPU13 31.845710 122741 strsm strsm CUDA3 2.876767 122781 40
CPU19 31.148149 122743 strsm strsm CUDA0 2.838966 122783 40
CPU2 30.593541 122745 strsm strsm CUDA3 12.805540 122785 40
CPU19 30.930047 122747 strsm strsm CUDA3 0.187218 122787 40
CPU9 30.410713 122749 strsm strsm CUDA3 11.185256 122789 40
CPU13 44.763587 122751 sgemm sgemm CUDA3 1.003892 122791 40
CPU0 44.844365 122752 sgemm sgemm CUDA3 1.206257 122792 40
CPU0 44.543201 122753 sgemm sgemm CUDA3 0.961034 122793 40
CPU0 44.431052 122754 sgemm sgemm CUDA1 1.133605 122794 40
CPU5 44.374840 122755 sgemm sgemm CUDA1 1.065892 122795 40
CPU12 44.555403 122756 sgemm sgemm CUDA1 1.196034 122796 40
CPU19 44.654935 122757 sgemm sgemm CUDA3 11.951700 122797 40
CPU11 44.439120 122758 sgemm sgemm CUDA1 1.199498 122798 40
CPU2 44.384979 122759 sgemm sgemm CUDA1 1.017442 122799 40
CPU5 44.056309 122760 sgemm sgemm CUDA1 0.754215 122800 40
CPU13 44.702857 122764 sgemm sgemm CUDA2 1.064965 122804 40
CPU0 44.782461 122765 sgemm sgemm CUDA3 1.205366 122805 40
CPU1 44.509448 122766 sgemm sgemm CUDA2 1.358182 122806 40
CPU8 44.341780 122767 sgemm sgemm CUDA2 1.020053 122807 40
CPU4 44.703955 122768 sgemm sgemm CUDA2 17.610416 122808 40
CPU12 44.412747 122769 sgemm sgemm CUDA2 1.276869 122809 40
CPU10 44.737501 122770 sgemm sgemm CUDA3 0.060370 122810 40
CPU12 44.594174 122771 sgemm sgemm CUDA1 0.914597 122811 40
CPU3 44.489015 122772 sgemm sgemm CUDA1 0.882554 122812 40
CPU9 44.670092 122773 sgemm sgemm CUDA3 1.200418 122813 40
CPU13 44.825820 122777 sgemm sgemm CUDA2 1.072519 122817 40
CPU1 44.347872 122778 sgemm sgemm CUDA3 1.206272 122818 40
CPU10 44.563171 122779 sgemm sgemm CUDA2 1.256266 122819 40
CPU7 44.168989 122780 sgemm sgemm CUDA1 0.787678 122820 40
CPU4 45.009498 122781 sgemm sgemm CUDA1 1.200656 122821 40
CPU12 44.538084 122782 sgemm sgemm CUDA2 1.271523 122822 40
CPU17 44.502125 122783 sgemm sgemm CUDA3 0.955920 122823 40
CPU11 44.292827 122784 sgemm sgemm CUDA1 1.200945 122824 40
CPU3 44.499481 122785 sgemm sgemm CUDA2 1.074908 122825 40
CPU11 44.347494 122786 sgemm sgemm CUDA1 1.263383 122826 40
CPU13 44.770135 122790 sgemm sgemm CUDA3 1.260126 122830 40
CPU1 44.215028 122791 sgemm sgemm CUDA3 1.005983 122831 40
CPU8 44.509838 122792 sgemm sgemm CUDA3 1.238520 122832 40
CPU9 44.333708 122793 sgemm sgemm CUDA1 17.449181 122833 40
CPU4 44.954833 122794 sgemm sgemm CUDA1 1.205498 122834 40
CPU11 44.601202 122795 sgemm sgemm CUDA1 0.096735 122835 40
CPU10 44.652850 122796 sgemm sgemm CUDA3 1.204136 122836 40
CPU12 44.399317 122797 sgemm sgemm CUDA1 1.202712 122837 40
CPU3 44.588504 122798 sgemm sgemm CUDA2 1.069976 122838 40
CPU3 44.644337 122799 sgemm sgemm CUDA2 1.265487 122839 40
CPU13 44.812305 122803 sgemm sgemm CUDA3 1.033058 122843 40
CPU0 44.575467 122804 sgemm sgemm CUDA3 1.010513 122844 40
CPU10 44.559818 122805 sgemm sgemm CUDA2 1.077891 122845 40
CPU8 44.337057 122806 sgemm sgemm CUDA3 9.624445 122846 40
CPU5 44.363959 122807 sgemm sgemm CUDA2 0.044625 122847 40
CPU12 44.680119 122808 sgemm sgemm CUDA2 1.255603 122848 40
CPU10 44.187376 122809 sgemm sgemm CUDA3 0.955956 122849 40
CPU2 44.460607 122810 sgemm sgemm CUDA3 0.045113 122850 40
CPU0 44.752584 122811 sgemm sgemm CUDA2 1.065077 122851 40
CPU0 44.590693 122812 sgemm sgemm CUDA3 1.290233 122852 40
CPU13 44.691974 122816 sgemm sgemm CUDA0 1.002238 122856 40
CPU3 44.622178 122817 sgemm sgemm CUDA0 0.185363 122857 40
CPU4 44.750633 122818 sgemm sgemm CUDA0 0.069236 122858 40
CPU0 44.485528 122819 sgemm sgemm CUDA0 1.070356 122859 40
CPU5 44.625535 122820 sgemm sgemm CUDA0 1.201356 122860 40
CPU12 44.625247 122821 sgemm sgemm CUDA0 0.178425 122861 40
CPU10 44.433789 122822 sgemm sgemm CUDA0 1.285938 122862 40
CPU11 44.375189 122823 sgemm sgemm CUDA0 1.094720 122863 40
CPU12 44.717582 122824 sgemm sgemm CUDA0 1.021665 122864 40
CPU10 44.590146 122825 sgemm sgemm CUDA0 1.198688 122865 40
CPU13 44.595267 122829 sgemm sgemm CUDA0 1.071366 122869 40
CPU1 44.468558 122830 sgemm sgemm CUDA0 1.010507 122870 40
CPU7 44.720638 122831 sgemm sgemm CUDA0 1.283811 122871 40
CPU1 44.236758 122832 sgemm sgemm CUDA0 1.008387 122872 40
CPU4 44.909217 122833 sgemm sgemm CUDA1 12.157282 122873 40
CPU18 44.314603 122834 sgemm sgemm CUDA1 1.008636 122874 40
CPU19 44.412784 122835 sgemm sgemm CUDA3 1.017177 122875 40
CPU19 44.366996 122836 sgemm sgemm CUDA1 1.200918 122876 40
CPU17 44.531307 122837 sgemm sgemm CUDA1 1.008073 122877 40
CPU11 45.017523 122838 sgemm sgemm CUDA1 1.201757 122878 40
CPU13 44.604711 122842 sgemm sgemm CUDA0 1.007331 122882 40
CPU9 44.282099 122843 sgemm sgemm CUDA0 1.350681 122883 40
CPU1 44.447076 122844 sgemm sgemm CUDA0 1.341781 122884 40
CPU7 44.547515 122845 sgemm sgemm CUDA2 0.144309 122885 40
CPU4 44.852562 122846 sgemm sgemm CUDA0 1.005779 122886 40
CPU12 44.813029 122847 sgemm sgemm CUDA0 0.991478 122887 40
CPU19 45.024685 122848 sgemm sgemm CUDA0 1.064081 122888 40
CPU9 44.682680 122849 sgemm sgemm CUDA0 12.688634 122889 40
CPU2 44.027415 122850 sgemm sgemm CUDA0 1.071292 122890 40
CPU3 43.791903 122851 sgemm sgemm CUDA2 1.071385 122891 40
CPU13 44.731233 122855 sgemm sgemm CUDA0 1.076031 122895 40
CPU1 44.327243 122856 sgemm sgemm CUDA0 10.357413 122896 40
CPU15 44.447606 122857 sgemm sgemm CUDA0 1.262724 122897 40
CPU6 44.486242 122858 sgemm sgemm CUDA0 0.959388 122898 40
CPU4 44.719384 122859 sgemm sgemm CUDA0 1.006924 122899 40
CPU12 44.588033 122860 sgemm sgemm CUDA0 1.010778 122900 40
CPU10 44.395800 122861 sgemm sgemm CUDA0 1.197243 122901 40
CPU11 44.334412 122862 sgemm sgemm CUDA0 5.717976 122902 40
CPU3 44.406304 122863 sgemm sgemm CUDA0 12.487259 122903 40
CPU2 44.778685 122864 sgemm sgemm CUDA0 1.019137 122904 40
CPU13 44.763388 122868 sgemm sgemm CUDA3 0.354157 122908 40
CPU2 44.337450 122869 sgemm sgemm CUDA3 0.824758 122909 40
CPU10 44.497690 122870 sgemm sgemm CUDA3 0.102398 122910 40
CPU1 44.478590 122871 sgemm sgemm CUDA1 12.643753 122911 40
CPU5 44.658115 122872 sgemm sgemm CUDA1 0.818759 122912 40
CPU12 44.664949 122873 sgemm sgemm CUDA1 0.060735 122913 40
CPU19 44.444725 122874 sgemm sgemm CUDA3 0.956930 122914 40
CPU11 44.341918 122875 sgemm sgemm CUDA1 1.242485 122915 40
CPU19 44.542456 122876 sgemm sgemm CUDA2 1.068169 122916 40
CPU17 44.503275 122877 sgemm sgemm CUDA1 1.016618 122917 40
CPU13 44.649473 122881 sgemm sgemm CUDA3 1.203156 122921 40
CPU2 44.282607 122882 sgemm sgemm CUDA3 3.327170 122922 40
CPU8 44.634596 122883 sgemm sgemm CUDA3 11.261540 122923 40
CPU6 44.419436 122884 sgemm sgemm CUDA2 1.381438 122924 40
CPU4 44.876156 122885 sgemm sgemm CUDA2 1.304652 122925 40
CPU11 44.304691 122886 sgemm sgemm CUDA2 1.062476 122926 40
CPU10 44.424055 122887 sgemm sgemm CUDA3 0.954000 122927 40
CPU5 44.476832 122888 sgemm sgemm CUDA2 1.020140 122928 40
CPU0 44.875321 122889 sgemm sgemm CUDA2 12.600083 122929 40
CPU0 44.748793 122890 sgemm sgemm CUDA3 1.382425 122930 40
CPU13 44.770926 122894 sgemm sgemm CUDA0 1.008875 122934 40
CPU3 44.401365 122895 sgemm sgemm CUDA0 0.046328 122935 40
CPU5 44.585755 122896 sgemm sgemm CUDA0 1.078019 122936 40
CPU1 44.402837 122897 sgemm sgemm CUDA2 10.450609 122937 40
CPU4 44.866278 122898 sgemm sgemm CUDA0 1.016044 122938 40
CPU12 45.289891 122899 sgemm sgemm CUDA2 1.258893 122939 40
CPU19 44.443179 122900 sgemm sgemm CUDA0 1.197807 122940 40
CPU11 44.245124 122901 sgemm sgemm CUDA2 1.262827 122941 40
CPU3 44.387253 122902 sgemm sgemm CUDA2 0.162146 122942 40
CPU12 44.577278 122903 sgemm sgemm CUDA0 1.009666 122943 40
CPU13 44.572623 122907 sgemm sgemm CUDA0 1.016786 122947 40
CPU3 44.807958 122908 sgemm sgemm CUDA0 1.269821 122948 40
CPU19 44.617113 122909 sgemm sgemm CUDA0 1.205684 122949 40
CPU0 45.030222 122910 sgemm sgemm CUDA0 1.260953 122950 40
CPU4 45.047032 122911 sgemm sgemm CUDA0 1.270429 122951 40
CPU12 44.438432 122912 sgemm sgemm CUDA0 16.360910 122952 40
CPU10 44.299438 122913 sgemm sgemm CUDA0 0.052579 122953 40
CPU9 44.951595 122914 sgemm sgemm CUDA3 1.005725 122954 40
CPU1 44.592910 122915 sgemm sgemm CUDA3 1.010758 122955 40
CPU10 44.737633 122916 sgemm sgemm CUDA3 1.197804 122956 40
CPU13 114.519218 122920 sgemm sgemm CUDA0 1.072798 122960 40
CPU3 44.580988 122921 sgemm sgemm CUDA0 1.301320 122961 40
CPU2 44.842729 122922 sgemm sgemm CUDA0 1.263667 122962 40
CPU0 44.865398 122923 sgemm sgemm CUDA1 1.012299 122963 40
CPU4 80.382732 122924 sgemm sgemm CUDA0 1.263505 122964 40
CPU18 44.139308 122925 sgemm sgemm CUDA1 1.258222 122965 40
CPU10 44.455165 122926 sgemm sgemm CUDA1 1.010988 122966 40
CPU11 45.057685 122927 sgemm sgemm CUDA1 1.201593 122967 40
CPU3 44.678773 122928 sgemm sgemm CUDA1 13.002842 122968 40
CPU12 44.496413 122929 sgemm sgemm CUDA0 12.293477 122969 40
CPU13 45.808877 122933 sgemm sgemm CUDA2 1.077329 122973 40
CPU3 44.656009 122934 sgemm sgemm CUDA2 1.011662 122974 40
CPU19 44.405846 122935 sgemm sgemm CUDA3 1.198365 122975 40
CPU8 44.779661 122936 sgemm sgemm CUDA3 1.200400 122976 40
CPU4 45.110283 122937 sgemm sgemm CUDA3 1.208681 122977 40
CPU12 45.082235 122938 sgemm sgemm CUDA3 1.198832 122978 40
CPU10 44.291497 122939 sgemm sgemm CUDA3 1.201493 122979 40
CPU11 44.137726 122940 sgemm sgemm CUDA3 0.125813 122980 40
CPU3 44.912195 122941 sgemm sgemm CUDA3 1.272964 122981 40
CPU11 44.351749 122942 sgemm sgemm CUDA3 1.197948 122982 40
CPU13 44.978870 122946 sgemm sgemm CUDA2 1.077802 122986 40
CPU2 44.304627 122947 sgemm sgemm CUDA2 1.062168 122987 40
CPU0 45.000307 122948 sgemm sgemm CUDA2 1.260722 122988 40
CPU1 44.362463 122949 sgemm sgemm CUDA1 1.009833 122989 40
CPU5 73.338018 122950 sgemm sgemm CUDA1 1.008619 122990 40
CPU11 44.399263 122951 sgemm sgemm CUDA1 1.198125 122991 40
CPU19 44.916807 122952 sgemm sgemm CUDA2 1.073773 122992 40
CPU5 45.249557 122953 sgemm sgemm CUDA1 12.573035 122993 40
CPU2 44.610589 122954 sgemm sgemm CUDA0 0.079648 122994 40
CPU12 44.605804 122955 sgemm sgemm CUDA2 1.263665 122995 40
CPU13 44.954657 122959 sgemm sgemm CUDA3 12.919716 122999 40
CPU0 45.001746 122960 sgemm sgemm CUDA3 0.955676 123000 40
CPU10 44.429232 122961 sgemm sgemm CUDA0 1.203762 123001 40
CPU7 44.779008 122962 sgemm sgemm CUDA3 1.143169 123002 40
CPU4 45.014844 122963 sgemm sgemm CUDA3 0.064153 123003 40
CPU18 44.170474 122964 sgemm sgemm CUDA3 1.013361 123004 40
CPU19 44.371503 122965 sgemm sgemm CUDA3 5.135775 123005 40
CPU1 44.516773 122966 sgemm sgemm CUDA3 0.063948 123006 40
CPU3 44.521745 122967 sgemm sgemm CUDA3 1.337637 123007 40
CPU19 44.466742 122968 sgemm sgemm CUDA3 1.199271 123008 40
CPU13 44.608390 122972 sgemm sgemm CUDA1 1.205278 123012 40
CPU1 44.437635 122973 sgemm sgemm CUDA0 1.257223 123013 40
CPU9 44.652560 122974 sgemm sgemm CUDA0 1.082329 123014 40
CPU6 44.734864 122975 sgemm sgemm CUDA1 0.063807 123015 40
CPU5 44.593410 122976 sgemm sgemm CUDA1 1.016871 123016 40
CPU11 44.642611 122977 sgemm sgemm CUDA1 1.284223 123017 40
CPU10 44.406453 122978 sgemm sgemm CUDA0 1.012722 123018 40
CPU9 44.693291 122979 sgemm sgemm CUDA1 0.061496 123019 40
CPU2 44.402041 122980 sgemm sgemm CUDA0 1.222744 123020 40
CPU0 45.273703 122981 sgemm sgemm CUDA1 1.197940 123021 40
CPU13 44.506509 122985 sgemm sgemm CUDA1 1.204025 123025 40
CPU3 44.620596 122986 sgemm sgemm CUDA3 1.016732 123026 40
CPU2 44.742266 122987 sgemm sgemm CUDA1 1.316959 123027 40
CPU8 44.551934 122988 sgemm sgemm CUDA1 1.191379 123028 40
CPU4 44.777140 122989 sgemm sgemm CUDA1 1.004305 123029 40
CPU12 44.463503 122990 sgemm sgemm CUDA1 1.200701 123030 40
CPU10 44.044322 122991 sgemm sgemm CUDA1 1.072275 123031 40
CPU11 44.378244 122992 sgemm sgemm CUDA1 1.249364 123032 40
CPU3 44.735972 122993 sgemm sgemm CUDA1 1.204667 123033 40
CPU12 44.426570 122994 sgemm sgemm CUDA1 1.198343 123034 40
CPU13 44.709074 122998 sgemm sgemm CUDA3 1.136729 123038 40
CPU3 44.798812 122999 sgemm sgemm CUDA3 0.466557 123039 40
CPU10 44.505973 123000 sgemm sgemm CUDA3 1.212415 123040 40
CPU1 44.682246 123001 sgemm sgemm CUDA2 1.064723 123041 40
CPU4 45.826902 123002 sgemm sgemm CUDA2 1.205945 123042 40
CPU11 44.416994 123003 sgemm sgemm CUDA3 1.145391 123043 40
CPU10 44.510231 123004 sgemm sgemm CUDA3 1.066558 123044 40
CPU11 44.370200 123005 sgemm sgemm CUDA3 1.259773 123045 40
CPU2 44.368310 123006 sgemm sgemm CUDA2 1.204712 123046 40
CPU12 44.070000 123007 sgemm sgemm CUDA3 1.068935 123047 40
CPU13 44.425200 123011 sgemm sgemm CUDA2 1.071130 123051 40
CPU2 44.690073 123012 sgemm sgemm CUDA2 1.257602 123052 40
CPU9 44.807728 123013 sgemm sgemm CUDA2 1.271036 123053 40
CPU0 44.800808 123014 sgemm sgemm CUDA2 0.047740 123054 40
CPU4 44.899586 123015 sgemm sgemm CUDA2 1.072236 123055 40
CPU12 44.688601 123016 sgemm sgemm CUDA2 1.071726 123056 40
CPU19 44.233525 123017 sgemm sgemm CUDA2 1.079429 123057 40
CPU2 44.541811 123018 sgemm sgemm CUDA2 1.258557 123058 40
CPU0 45.158267 123019 sgemm sgemm CUDA2 1.377829 123059 40
CPU0 44.786338 123020 sgemm sgemm CUDA2 1.068459 123060 40
CPU13 45.274346 123024 sgemm sgemm CUDA2 0.050645 123064 40
CPU1 44.439847 123025 sgemm sgemm CUDA2 1.384528 123065 40
CPU3 44.879217 123026 sgemm sgemm CUDA2 1.256195 123066 40
CPU9 44.551417 123027 sgemm sgemm CUDA2 1.078534 123067 40
CPU5 44.605973 123028 sgemm sgemm CUDA2 1.071420 123068 40
CPU10 44.590769 123029 sgemm sgemm CUDA2 1.076289 123069 40
CPU10 44.221908 123030 sgemm sgemm CUDA2 1.069702 123070 40
CPU11 44.166398 123031 sgemm sgemm CUDA2 1.259792 123071 40
CPU1 44.296716 123032 sgemm sgemm CUDA0 1.271992 123072 40
CPU12 44.804538 123033 sgemm sgemm CUDA0 1.081127 123073 40
CPU13 44.527806 123037 sgemm sgemm CUDA0 1.321205 123077 40
CPU3 44.429764 123038 sgemm sgemm CUDA3 1.279463 123078 40
CPU1 44.752995 123039 sgemm sgemm CUDA3 1.066401 123079 40
CPU0 44.582439 123040 sgemm sgemm CUDA3 1.067177 123080 40
CPU4 45.680109 123041 sgemm sgemm CUDA1 0.978587 123081 40
CPU12 44.499373 123042 sgemm sgemm CUDA1 1.258730 123082 40
CPU19 44.393732 123043 sgemm sgemm CUDA1 1.255297 123083 40
CPU11 44.214674 123044 sgemm sgemm CUDA1 1.259213 123084 40
CPU3 44.579394 123045 sgemm sgemm CUDA2 1.300841 123085 40
CPU12 44.508146 123046 sgemm sgemm CUDA2 1.261611 123086 40
CPU13 44.599479 123050 sgemm sgemm CUDA3 1.002530 123090 40
CPU3 44.409514 123051 sgemm sgemm CUDA3 1.262006 123091 40
CPU3 44.663590 123052 sgemm sgemm CUDA3 1.069786 123092 40
CPU1 44.537073 123053 sgemm sgemm CUDA0 1.424344 123093 40
CPU5 44.415155 123054 sgemm sgemm CUDA3 1.072160 123094 40
CPU11 44.452891 123055 sgemm sgemm CUDA3 12.352167 123095 40
CPU19 44.622848 123056 sgemm sgemm CUDA2 0.883230 123096 40
CPU9 44.563832 123057 sgemm sgemm CUDA2 1.065931 123097 40
CPU3 44.757714 123058 sgemm sgemm CUDA3 0.042093 123098 40
CPU3 44.643719 123059 sgemm sgemm CUDA2 1.069476 123099 40
CPU13 44.468624 123063 sgemm sgemm CUDA1 0.114498 123103 40
CPU1 44.513258 123064 sgemm sgemm CUDA2 1.138925 123104 40
CPU6 44.404680 123065 sgemm sgemm CUDA2 1.066625 123105 40
CPU1 44.624234 123066 sgemm sgemm CUDA2 11.796348 123106 40
CPU4 44.917261 123067 sgemm sgemm CUDA2 0.064233 123107 40
CPU18 44.188712 123068 sgemm sgemm CUDA1 1.074377 123108 40
CPU10 44.351469 123069 sgemm sgemm CUDA2 0.424040 123109 40
CPU11 44.435490 123070 sgemm sgemm CUDA1 1.258971 123110 40
CPU0 44.789459 123071 sgemm sgemm CUDA2 1.428255 123111 40
CPU9 44.680237 123072 sgemm sgemm CUDA0 11.858115 123112 40
CPU13 44.675855 123076 sgemm sgemm CUDA0 1.230936 123116 40
CPU2 44.223404 123077 sgemm sgemm CUDA2 1.323929 123117 40
CPU5 44.820470 123078 sgemm sgemm CUDA3 1.252077 123118 40
CPU1 44.577860 123079 sgemm sgemm CUDA2 1.066003 123119 40
CPU4 45.074572 123080 sgemm sgemm CUDA2 1.068879 123120 40
CPU17 44.535517 123081 sgemm sgemm CUDA2 1.259495 123121 40
CPU19 44.301259 123082 sgemm sgemm CUDA2 1.259987 123122 40
CPU11 45.025967 123083 sgemm sgemm CUDA0 11.786758 123123 40
CPU11 44.429321 123084 sgemm sgemm CUDA0 1.068876 123124 40
CPU12 44.053988 123085 sgemm sgemm CUDA3 1.256474 123125 40
CPU13 44.627599 123089 sgemm sgemm CUDA0 1.188896 123129 40
CPU3 44.288341 123090 sgemm sgemm CUDA0 0.514973 123130 40
CPU8 44.372101 123091 sgemm sgemm CUDA0 1.074661 123131 40
CPU1 44.293803 123092 sgemm sgemm CUDA0 13.009195 123132 40
CPU5 44.369648 123093 sgemm sgemm CUDA3 1.014695 123133 40
CPU12 44.443344 123094 sgemm sgemm CUDA3 1.258192 123134 40
CPU10 44.576759 123095 sgemm sgemm CUDA3 1.264226 123135 40
CPU5 44.332166 123096 sgemm sgemm CUDA0 0.049447 123136 40
CPU2 44.220523 123097 sgemm sgemm CUDA3 1.255270 123137 40
CPU1 44.159651 123098 sgemm sgemm CUDA3 14.009856 123138 40
CPU13 44.600296 123102 sgemm sgemm CUDA3 1.254636 123142 40
CPU3 44.316120 123103 sgemm sgemm CUDA0 1.199692 123143 40
CPU0 44.831187 123104 sgemm sgemm CUDA0 1.063944 123144 40
CPU9 44.377372 123105 sgemm sgemm CUDA0 1.073848 123145 40
CPU4 44.688491 123106 sgemm sgemm CUDA3 1.077667 123146 40
CPU10 44.492327 123107 sgemm sgemm CUDA3 1.263831 123147 40
CPU10 44.649019 123108 sgemm sgemm CUDA2 1.263647 123148 40
CPU4 44.840020 123109 sgemm sgemm CUDA2 1.064929 123149 40
CPU19 44.382188 123110 sgemm sgemm CUDA2 1.263498 123150 40
CPU12 44.661024 123111 sgemm sgemm CUDA3 1.267450 123151 40
CPU13 44.398662 123115 sgemm sgemm CUDA2 1.197014 123155 40
CPU0 44.872422 123116 sgemm sgemm CUDA2 1.062322 123156 40
CPU10 44.404287 123117 sgemm sgemm CUDA2 1.260482 123157 40
CPU8 45.554486 123118 sgemm sgemm CUDA2 1.245310 123158 40
CPU4 44.943762 123119 sgemm sgemm CUDA2 1.068346 123159 40
CPU12 44.535507 123120 sgemm sgemm CUDA2 1.259853 123160 40
CPU10 44.018786 123121 sgemm sgemm CUDA2 1.258446 123161 40
CPU3 44.797157 123122 sgemm sgemm CUDA2 1.260722 123162 40
CPU3 44.735622 123123 sgemm sgemm CUDA1 1.266326 123163 40
CPU8 44.571309 123124 sgemm sgemm CUDA1 1.261512 123164 40
CPU13 44.764773 123128 sgemm sgemm CUDA1 1.006503 123168 40
CPU3 44.382059 123129 sgemm sgemm CUDA1 1.258652 123169 40
CPU5 44.748655 123130 sgemm sgemm CUDA1 1.254781 123170 40
CPU1 44.516662 123131 sgemm sgemm CUDA1 1.261119 123171 40
CPU4 44.898215 123132 sgemm sgemm CUDA0 1.380490 123172 40
CPU12 44.370904 123133 sgemm sgemm CUDA1 0.063315 123173 40
CPU10 44.418550 123134 sgemm sgemm CUDA1 1.370146 123174 40
CPU9 44.687252 123135 sgemm sgemm CUDA1 1.051480 123175 40
CPU2 44.533015 123136 sgemm sgemm CUDA1 1.296215 123176 40
CPU2 44.800225 123137 sgemm sgemm CUDA1 10.282728 123177 40
CPU13 45.262763 123141 sgemm sgemm CUDA3 1.199786 123181 40
CPU1 44.427800 123142 sgemm sgemm CUDA3 1.258333 123182 40
CPU19 44.353887 123143 sgemm sgemm CUDA3 1.258869 123183 40
CPU7 44.906089 123144 sgemm sgemm CUDA3 1.263203 123184 40
CPU5 44.682093 123145 sgemm sgemm CUDA3 1.066254 123185 40
CPU11 44.363493 123146 sgemm sgemm CUDA3 12.874206 123186 40
CPU19 44.203870 123147 sgemm sgemm CUDA2 0.999384 123187 40
CPU11 44.809961 123148 sgemm sgemm CUDA2 0.049033 123188 40
CPU5 44.563800 123149 sgemm sgemm CUDA3 0.177214 123189 40
CPU4 45.023645 123150 sgemm sgemm CUDA3 11.835444 123190 40
CPU13 44.626550 123154 sgemm sgemm CUDA1 1.449293 123194 40
CPU0 44.657847 123155 sgemm sgemm CUDA1 1.069554 123195 40
CPU0 44.835937 123156 sgemm sgemm CUDA1 1.066085 123196 40
CPU6 44.377443 123157 sgemm sgemm CUDA1 1.066718 123197 40
CPU4 44.600183 123158 sgemm sgemm CUDA1 1.256360 123198 40
CPU11 44.507986 123159 sgemm sgemm CUDA2 1.266006 123199 40
CPU19 44.796333 123160 sgemm sgemm CUDA2 1.259894 123200 40
CPU11 44.521509 123161 sgemm sgemm CUDA2 1.069913 123201 40
CPU9 44.456440 123162 sgemm sgemm CUDA2 1.260625 123202 40
CPU12 44.307861 123163 sgemm sgemm CUDA2 1.072080 123203 40
CPU13 44.608170 123167 sgemm sgemm CUDA3 1.258808 123207 40
CPU1 44.657839 123168 sgemm sgemm CUDA3 7.395966 123208 40
CPU19 44.529743 123169 sgemm sgemm CUDA3 0.049089 123209 40
CPU1 44.565092 123170 sgemm sgemm CUDA3 1.261002 123210 40
CPU5 44.590423 123171 sgemm sgemm CUDA3 1.266102 123211 40
CPU10 44.612974 123172 sgemm sgemm CUDA3 1.392092 123212 40
CPU10 44.718567 123173 sgemm sgemm CUDA2 7.009326 123213 40
CPU5 44.570607 123174 sgemm sgemm CUDA2 1.348101 123214 40
CPU0 44.788250 123175 sgemm sgemm CUDA3 1.260428 123215 40
CPU18 44.256625 123176 sgemm sgemm CUDA2 1.064531 123216 40
CPU13 44.660370 123180 sgemm sgemm CUDA3 1.064130 123220 40
CPU1 44.469464 123181 sgemm sgemm CUDA2 1.258482 123221 40
CPU2 44.450767 123182 sgemm sgemm CUDA2 1.065235 123222 40
CPU1 44.336936 123183 sgemm sgemm CUDA2 1.259057 123223 40
CPU4 44.624319 123184 sgemm sgemm CUDA2 1.260533 123224 40
CPU12 44.508482 123185 sgemm sgemm CUDA2 1.255338 123225 40
CPU10 44.155317 123186 sgemm sgemm CUDA2 1.256318 123226 40
CPU1 44.915013 123187 sgemm sgemm CUDA3 1.073814 123227 40
CPU0 44.900380 123188 sgemm sgemm CUDA3 1.066137 123228 40
CPU0 95.099808 123189 sgemm sgemm CUDA2 12.730308 123229 40
CPU13 44.963788 123193 sgemm sgemm CUDA3 1.346863 123233 40
CPU3 44.467821 123194 sgemm sgemm CUDA3 1.085195 123234 40
CPU7 44.741119 123195 sgemm sgemm CUDA3 1.260582 123235 40
CPU6 44.680188 123196 sgemm sgemm CUDA3 1.069555 123236 40
CPU4 44.706522 123197 sgemm sgemm CUDA0 1.293173 123237 40
CPU12 44.449154 123198 sgemm sgemm CUDA3 12.590780 123238 40
CPU10 44.379253 123199 sgemm sgemm CUDA3 0.063995 123239 40
CPU11 44.423452 123200 sgemm sgemm CUDA0 1.065559 123240 40
CPU3 44.508062 123201 sgemm sgemm CUDA3 1.254339 123241 40
CPU11 44.116576 123202 sgemm sgemm CUDA0 1.268357 123242 40
CPU13 44.648568 123206 sgemm sgemm CUDA2 1.323378 123246 40
CPU3 44.520908 123207 sgemm sgemm CUDA2 1.259112 123247 40
CPU11 44.303494 123208 sgemm sgemm CUDA2 1.258523 123248 40
CPU7 44.430191 123209 sgemm sgemm CUDA2 1.260127 123249 40
CPU4 44.830580 123210 sgemm sgemm CUDA2 1.067621 123250 40
CPU19 44.576296 123211 sgemm sgemm CUDA2 1.259619 123251 40
CPU19 44.480112 123212 sgemm sgemm CUDA3 1.266532 123252 40
CPU4 44.913861 123213 sgemm sgemm CUDA3 1.072971 123253 40
CPU2 44.282057 123214 sgemm sgemm CUDA3 1.264285 123254 40
CPU17 44.597834 123215 sgemm sgemm CUDA3 1.261271 123255 40
CPU13 44.773983 123219 sgemm sgemm CUDA2 1.257506 123259 40
CPU9 44.206165 123220 sgemm sgemm CUDA2 1.264240 123260 40
CPU11 44.575096 123221 sgemm sgemm CUDA2 1.258148 123261 40
CPU7 44.206376 123222 sgemm sgemm CUDA2 1.067515 123262 40
CPU4 44.524362 123223 sgemm sgemm CUDA2 1.065968 123263 40
CPU11 44.457663 123224 sgemm sgemm CUDA2 1.067074 123264 40
CPU10 44.590983 123225 sgemm sgemm CUDA0 1.260396 123265 40
CPU5 44.423532 123226 sgemm sgemm CUDA0 1.069747 123266 40
CPU9 44.124803 123227 sgemm sgemm CUDA0 1.258863 123267 40
CPU9 85.258926 123228 sgemm sgemm CUDA0 1.068157 123268 40
CPU13 44.724978 123232 sgemm sgemm CUDA2 1.068447 123272 40
CPU3 43.936539 123233 sgemm sgemm CUDA2 1.069250 123273 40
CPU8 44.127641 123234 sgemm sgemm CUDA0 1.263358 123274 40
CPU7 44.155444 123235 sgemm sgemm CUDA2 1.076447 123275 40
CPU4 44.802805 123236 sgemm sgemm CUDA2 1.261659 123276 40
CPU12 44.732508 123237 sgemm sgemm CUDA0 1.073053 123277 40
CPU19 44.530430 123238 sgemm sgemm CUDA2 1.073101 123278 40
CPU2 73.922749 123239 sgemm sgemm CUDA2 1.259634 123279 40
CPU7 44.466837 123240 sgemm sgemm CUDA0 1.258122 123280 40
CPU3 45.479218 123241 sgemm sgemm CUDA0 1.011262 123281 40
CPU13 44.802121 123245 sgemm sgemm CUDA2 1.062461 123285 40
CPU3 44.298308 123246 sgemm sgemm CUDA2 1.014511 123286 40
CPU6 44.329635 123247 sgemm sgemm CUDA3 1.256941 123287 40
CPU9 44.121696 123248 sgemm sgemm CUDA2 1.206608 123288 40
CPU5 44.539389 123249 sgemm sgemm CUDA3 1.199476 123289 40
CPU12 44.954208 123250 sgemm sgemm CUDA2 12.146166 123290 40
CPU19 44.611381 123251 sgemm sgemm CUDA2 0.196690 123291 40
CPU9 44.120624 123252 sgemm sgemm CUDA3 1.205319 123292 40
CPU9 44.272795 123253 sgemm sgemm CUDA1 1.257591 123293 40
CPU12 44.842601 123254 sgemm sgemm CUDA1 1.259359 123294 40
CPU13 32.431846 123260 strsm strsm CUDA0 2.915055 123300 40
CPU8 31.472137 123264 strsm strsm CUDA3 2.783019 123304 40
CPU15 32.852628 123268 strsm strsm CUDA0 2.052482 123308 40
CPU1 31.519141 123272 strsm strsm CUDA2 2.840388 123312 40
CPU5 32.129803 123276 strsm strsm CUDA3 2.564344 123316 40
CPU12 31.934886 123280 strsm strsm CUDA2 2.848110 123320 40
CPU19 31.776479 123284 strsm strsm CUDA2 2.753218 123324 40
CPU9 33.478083 123288 strsm strsm CUDA1 2.832822 123328 40
CPU19 32.166131 123292 strsm strsm CUDA1 2.838353 123332 40
CPU12 33.444243 123296 strsm strsm CUDA0 2.783714 123336 40
CPU12 15.021816 123300 strtri strtri CPU -1 123340 40
CPU7 32.021323 123302 strsm strsm CPU -1 123342 40
CPU9 30.863443 123304 strsm strsm CPU -1 123344 40
CPU18 30.242301 123306 strsm strsm CPU -1 123346 40
CPU8 30.524569 123308 strsm strsm CPU -1 123348 40
CPU2 30.766375 123310 strsm strsm CPU17 76.804192 123350 40
CPU10 31.038733 123312 strsm strsm CPU -1 123352 40
CPU1 31.720713 123314 strsm strsm CPU -1 123354 40
CPU2 31.647630 123316 strsm strsm CPU -1 123356 40
CPU8 31.096921 123318 strsm strsm CPU27 99.126654 123358 40
CPU8 30.706750 123320 strsm strsm CPU18 94.938582 123360 40
CPU2 32.113714 123322 strsm strsm CPU -1 123362 40
CPU16 30.503097 123324 strsm strsm CPU18 70.635153 123364 40
CPU3 30.838957 123326 strsm strsm CPU11 237.468312 123366 40
CPU4 31.255338 123328 strsm strsm CPU -1 123368 40
CPU15 30.331572 123330 strsm strsm CPU18 148.497938 123370 40
CPU8 31.114349 123332 strsm strsm CPU33 264.717709 123372 40
CPU8 30.880225 123334 strsm strsm CPU15 141.382838 123374 40
CPU3 30.914856 123336 strsm strsm CPU -1 123376 40
CPU10 30.959140 123338 strsm strsm CPU -1 123378 40
CPU12 30.888445 123340 strsm strsm CUDA1 5.551062 123380 40
CPU15 30.229775 123342 strsm strsm CUDA2 0.059354 123382 40
CPU13 30.888430 123344 strsm strsm CUDA1 2.802077 123384 40
CPU13 30.742246 123346 strsm strsm CUDA1 2.809972 123386 40
CPU11 30.496493 123348 strsm strsm CUDA1 2.787111 123388 40
CPU1 31.877539 123350 strsm strsm CUDA2 12.270584 123390 40
CPU1 30.772597 123352 strsm strsm CUDA0 12.306819 123392 40
CPU4 30.978781 123354 strsm strsm CUDA2 2.854823 123394 40
CPU1 30.959695 123356 strsm strsm CUDA2 2.967420 123396 40
CPU12 30.846749 123358 strsm strsm CUDA1 2.798952 123398 40
CPU10 31.446610 123360 strsm strsm CUDA2 13.257389 123400 40
CPU11 30.875151 123362 strsm strsm CUDA1 2.885810 123402 40
CPU16 31.682797 123364 strsm strsm CUDA2 2.755782 123404 40
CPU2 30.877688 123366 strsm strsm CUDA2 2.897346 123406 40
CPU13 32.635974 123368 strsm strsm CUDA2 2.742074 123408 40
CPU19 31.060236 123370 strsm strsm CUDA2 3.015665 123410 40
CPU9 31.011347 123372 strsm strsm CUDA0 2.831375 123412 40
CPU19 30.901806 123374 strsm strsm CUDA0 2.796529 123414 40
CPU8 29.988587 123376 strsm strsm CUDA2 2.902981 123416 40
CPU13 44.312862 123378 sgemm sgemm CUDA2 0.067346 123418 40
CPU0 45.145023 123379 sgemm sgemm CUDA3 1.068552 123419 40
CPU1 44.753027 123380 sgemm sgemm CUDA2 1.209727 123420 40
CPU8 44.283320 123381 sgemm sgemm CUDA2 1.069120 123421 40
CPU5 44.775341 123382 sgemm sgemm CUDA2 1.071131 123422 40
CPU18 44.306951 123383 sgemm sgemm CUDA2 1.255561 123423 40
CPU10 44.778678 123384 sgemm sgemm CUDA3 1.248717 123424 40
CPU11 44.340955 123385 sgemm sgemm CUDA1 1.259071 123425 40
CPU3 44.633023 123386 sgemm sgemm CUDA1 1.260676 123426 40
CPU5 44.568710 123387 sgemm sgemm CUDA3 1.205415 123427 40
CPU10 44.517851 123388 sgemm sgemm CUDA3 0.693305 123428 40
CPU13 44.437946 123392 sgemm sgemm CUDA2 1.295032 123432 40
CPU1 44.673341 123393 sgemm sgemm CUDA3 0.707986 123433 40
CPU10 44.408051 123394 sgemm sgemm CUDA2 1.230337 123434 40
CPU7 44.439035 123395 sgemm sgemm CUDA1 0.095464 123435 40
CPU5 44.926822 123396 sgemm sgemm CUDA1 0.057238 123436 40
CPU12 44.372832 123397 sgemm sgemm CUDA2 1.041204 123437 40
CPU17 44.570340 123398 sgemm sgemm CUDA3 1.147327 123438 40
CPU11 44.586558 123399 sgemm sgemm CUDA1 11.862323 123439 40
CPU3 44.783781 123400 sgemm sgemm CUDA2 1.258970 123440 40
CPU5 44.590719 123401 sgemm sgemm CUDA1 1.066828 123441 40
CPU3 44.528724 123402 sgemm sgemm CUDA1 0.048977 123442 40
CPU13 44.515670 123406 sgemm sgemm CUDA3 1.141626 123446 40
CPU1 44.412651 123407 sgemm sgemm CUDA3 1.279214 123447 40
CPU0 44.702366 123408 sgemm sgemm CUDA3 1.200972 123448 40
CPU9 44.475569 123409 sgemm sgemm CUDA1 1.270868 123449 40
CPU5 44.783645 123410 sgemm sgemm CUDA1 1.078070 123450 40
CPU11 44.463244 123411 sgemm sgemm CUDA1 1.204495 123451 40
CPU10 44.399565 123412 sgemm sgemm CUDA3 1.201636 123452 40
CPU19 44.559697 123413 sgemm sgemm CUDA1 0.735899 123453 40
CPU0 44.860575 123414 sgemm sgemm CUDA2 14.815454 123454 40
CPU8 44.433309 123415 sgemm sgemm CUDA2 1.068446 123455 40
CPU11 44.510030 123416 sgemm sgemm CUDA1 1.073449 123456 40
CPU13 44.531429 123420 sgemm sgemm CUDA3 1.039353 123460 40
CPU0 44.799317 123421 sgemm sgemm CUDA2 1.204364 123461 40
CPU10 44.547106 123422 sgemm sgemm CUDA2 1.198076 123462 40
CPU8 44.521901 123423 sgemm sgemm CUDA2 1.414922 123463 40
CPU5 44.440551 123424 sgemm sgemm CUDA2 1.221630 123464 40
CPU18 44.328425 123425 sgemm sgemm CUDA2 12.921596 123465 40
CPU19 44.736964 123426 sgemm sgemm CUDA3 0.699175 123466 40
CPU2 44.490364 123427 sgemm sgemm CUDA3 1.028421 123467 40
CPU2 44.421785 123428 sgemm sgemm CUDA2 1.079026 123468 40
CPU4 44.167248 123429 sgemm sgemm CUDA3 1.023437 123469 40
CPU0 44.496152 123430 sgemm sgemm CUDA3 1.011522 123470 40
CPU13 44.661672 123434 sgemm sgemm CUDA0 1.070075 123474 40
CPU3 44.603970 123435 sgemm sgemm CUDA0 1.205669 123475 40
CPU4 44.632514 123436 sgemm sgemm CUDA0 1.212219 123476 40
CPU0 44.432564 123437 sgemm sgemm CUDA0 1.069229 123477 40
CPU4 44.729924 123438 sgemm sgemm CUDA0 1.199782 123478 40
CPU17 44.659790 123439 sgemm sgemm CUDA0 1.207319 123479 40
CPU10 44.436625 123440 sgemm sgemm CUDA0 1.259584 123480 40
CPU11 44.580742 123441 sgemm sgemm CUDA0 1.008707 123481 40
CPU12 44.721475 123442 sgemm sgemm CUDA0 1.014013 123482 40
CPU10 44.756729 123443 sgemm sgemm CUDA0 1.018104 123483 40
CPU10 44.707454 123444 sgemm sgemm CUDA0 1.206950 123484 40
CPU13 44.574663 123448 sgemm sgemm CUDA0 1.010327 123488 40
CPU0 45.027346 123449 sgemm sgemm CUDA0 1.070276 123489 40
CPU7 44.779625 123450 sgemm sgemm CUDA1 1.204093 123490 40
CPU1 44.458533 123451 sgemm sgemm CUDA0 1.331585 123491 40
CPU4 44.669810 123452 sgemm sgemm CUDA1 1.384188 123492 40
CPU18 44.318446 123453 sgemm sgemm CUDA1 1.068070 123493 40
CPU19 44.536616 123454 sgemm sgemm CUDA3 8.367535 123494 40
CPU19 44.531985 123455 sgemm sgemm CUDA1 0.055559 123495 40
CPU17 44.561492 123456 sgemm sgemm CUDA1 1.235265 123496 40
CPU11 44.659570 123457 sgemm sgemm CUDA1 1.199782 123497 40
CPU18 44.509190 123458 sgemm sgemm CUDA3 0.051462 123498 40
CPU13 44.499878 123462 sgemm sgemm CUDA0 1.204120 123502 40
CPU9 44.722165 123463 sgemm sgemm CUDA0 1.066490 123503 40
CPU1 44.643062 123464 sgemm sgemm CUDA2 1.199827 123504 40
CPU7 44.815258 123465 sgemm sgemm CUDA2 1.211992 123505 40
CPU5 44.884718 123466 sgemm sgemm CUDA0 1.206135 123506 40
CPU10 44.526472 123467 sgemm sgemm CUDA0 1.011541 123507 40
CPU19 44.646506 123468 sgemm sgemm CUDA0 1.197879 123508 40
CPU9 44.583041 123469 sgemm sgemm CUDA2 1.071224 123509 40
CPU2 44.084650 123470 sgemm sgemm CUDA2 0.064175 123510 40
CPU2 44.335547 123471 sgemm sgemm CUDA2 1.229781 123511 40
CPU9 44.697153 123472 sgemm sgemm CUDA0 1.203443 123512 40
CPU13 44.505438 123476 sgemm sgemm CUDA0 1.201076 123516 40
CPU9 44.721347 123477 sgemm sgemm CUDA0 1.254329 123517 40
CPU15 45.067801 123478 sgemm sgemm CUDA0 1.018739 123518 40
CPU6 44.856922 123479 sgemm sgemm CUDA0 1.147744 123519 40
CPU4 44.890197 123480 sgemm sgemm CUDA0 1.019208 123520 40
CPU12 44.550992 123481 sgemm sgemm CUDA0 0.098601 123521 40
CPU10 44.790277 123482 sgemm sgemm CUDA0 10.295584 123522 40
CPU11 44.487102 123483 sgemm sgemm CUDA2 1.064958 123523 40
CPU1 44.738256 123484 sgemm sgemm CUDA0 1.208449 123524 40
CPU2 44.482958 123485 sgemm sgemm CUDA0 1.205896 123525 40
CPU12 44.648095 123486 sgemm sgemm CUDA0 1.064896 123526 40
CPU13 44.926129 123490 sgemm sgemm CUDA3 1.018416 123530 40
CPU2 44.648411 123491 sgemm sgemm CUDA3 1.259402 123531 40
CPU10 44.495733 123492 sgemm sgemm CUDA3 1.201103 123532 40
CPU1 44.887261 123493 sgemm sgemm CUDA1 1.064270 123533 40
CPU5 44.751039 123494 sgemm sgemm CUDA1 1.271705 123534 40
CPU12 44.442412 123495 sgemm sgemm CUDA1 1.009027 123535 40
CPU19 44.409464 123496 sgemm sgemm CUDA3 1.200268 123536 40
CPU11 44.530168 123497 sgemm sgemm CUDA1 4.866043 123537 40
CPU19 44.412586 123498 sgemm sgemm CUDA2 1.417488 123538 40
CPU17 44.405617 123499 sgemm sgemm CUDA3 0.954336 123539 40
CPU17 44.549167 123500 sgemm sgemm CUDA3 1.196341 123540 40
CPU13 44.557687 123504 sgemm sgemm CUDA3 0.045202 123544 40
CPU0 44.908279 123505 sgemm sgemm CUDA3 1.213636 123545 40
CPU8 44.527415 123506 sgemm sgemm CUDA3 1.024640 123546 40
CPU0 44.959611 123507 sgemm sgemm CUDA2 0.150296 123547 40
CPU5 44.668245 123508 sgemm sgemm CUDA2 1.013639 123548 40
CPU11 44.873869 123509 sgemm sgemm CUDA2 11.964189 123549 40
CPU10 44.741388 123510 sgemm sgemm CUDA3 0.952694 123550 40
CPU5 44.349683 123511 sgemm sgemm CUDA2 0.056194 123551 40
CPU2 44.560863 123512 sgemm sgemm CUDA2 1.263726 123552 40
CPU5 44.453979 123513 sgemm sgemm CUDA2 1.076653 123553 40
CPU11 44.987622 123514 sgemm sgemm CUDA3 1.190505 123554 40
CPU13 44.847251 123518 sgemm sgemm CUDA0 4.523570 123558 40
CPU0 44.788787 123519 sgemm sgemm CUDA0 1.071603 123559 40
CPU5 44.863786 123520 sgemm sgemm CUDA2 1.199544 123560 40
CPU1 44.702090 123521 sgemm sgemm CUDA2 1.264758 123561 40
CPU4 44.664456 123522 sgemm sgemm CUDA0 1.014699 123562 40
CPU12 44.286584 123523 sgemm sgemm CUDA2 1.351783 123563 40
CPU19 44.441179 123524 sgemm sgemm CUDA0 0.041455 123564 40
CPU11 44.133659 123525 sgemm sgemm CUDA2 1.342075 123565 40
CPU7 44.810024 123526 sgemm sgemm CUDA2 1.254574 123566 40
CPU11 44.413852 123527 sgemm sgemm CUDA0 1.013411 123567 40
CPU3 44.505790 123528 sgemm sgemm CUDA0 1.257837 123568 40
CPU13 44.481895 123532 sgemm sgemm CUDA0 1.356755 123572 40
CPU3 45.229605 123533 sgemm sgemm CUDA0 1.200102 123573 40
CPU19 44.435751 123534 sgemm sgemm CUDA0 1.003538 123574 40
CPU0 44.870247 123535 sgemm sgemm CUDA0 1.013678 123575 40
CPU5 44.671105 123536 sgemm sgemm CUDA0 12.830919 123576 40
CPU12 44.458498 123537 sgemm sgemm CUDA0 0.045677 123577 40
CPU10 44.619485 123538 sgemm sgemm CUDA0 1.253786 123578 40
CPU9 44.621710 123539 sgemm sgemm CUDA3 1.006693 123579 40
CPU1 44.802473 123540 sgemm sgemm CUDA3 1.016163 123580 40
CPU10 44.760988 123541 sgemm sgemm CUDA3 1.201680 123581 40
CPU19 44.384367 123542 sgemm sgemm CUDA0 1.076513 123582 40
CPU13 44.458749 123546 sgemm sgemm CUDA0 0.052435 123586 40
CPU0 44.810273 123547 sgemm sgemm CUDA0 4.328406 123587 40
CPU2 44.753119 123548 sgemm sgemm CUDA0 1.010275 123588 40
CPU0 45.453393 123549 sgemm sgemm CUDA0 1.290434 123589 40
CPU4 48.006277 123550 sgemm sgemm CUDA0 1.345751 123590 40
CPU18 44.171667 123551 sgemm sgemm CUDA1 1.072738 123591 40
CPU19 44.710612 123552 sgemm sgemm CUDA1 1.198964 123592 40
CPU11 44.489942 123553 sgemm sgemm CUDA1 1.017972 123593 40
CPU2 44.553092 123554 sgemm sgemm CUDA1 1.006002 123594 40
CPU12 44.544773 123555 sgemm sgemm CUDA1 1.198833 123595 40
CPU12 44.537793 123556 sgemm sgemm CUDA0 1.011660 123596 40
CPU13 44.500080 123560 sgemm sgemm CUDA2 1.000117 123600 40
CPU7 44.857924 123561 sgemm sgemm CUDA2 1.275206 123601 40
CPU19 44.457964 123562 sgemm sgemm CUDA0 1.203899 123602 40
CPU8 44.891932 123563 sgemm sgemm CUDA0 1.202193 123603 40
CPU5 44.843198 123564 sgemm sgemm CUDA0 0.135547 123604 40
CPU11 44.204359 123565 sgemm sgemm CUDA0 11.721054 123605 40
CPU19 44.729800 123566 sgemm sgemm CUDA3 1.008402 123606 40
CPU11 44.317880 123567 sgemm sgemm CUDA3 1.015052 123607 40
CPU1 44.703850 123568 sgemm sgemm CUDA3 1.015849 123608 40
CPU5 44.572958 123569 sgemm sgemm CUDA3 1.204027 123609 40
CPU3 44.621148 123570 sgemm sgemm CUDA3 1.010020 123610 40
CPU13 44.554570 123574 sgemm sgemm CUDA2 1.021974 123614 40
CPU0 45.336708 123575 sgemm sgemm CUDA2 1.075373 123615 40
CPU0 45.223116 123576 sgemm sgemm CUDA2 12.387700 123616 40
CPU1 44.766554 123577 sgemm sgemm CUDA1 1.011208 123617 40
CPU4 44.954774 123578 sgemm sgemm CUDA1 1.014325 123618 40
CPU11 44.262106 123579 sgemm sgemm CUDA1 1.014359 123619 40
CPU19 44.878891 123580 sgemm sgemm CUDA1 1.250970 123620 40
CPU5 44.329333 123581 sgemm sgemm CUDA1 1.016269 123621 40
CPU2 44.974595 123582 sgemm sgemm CUDA1 1.070209 123622 40
CPU12 44.803424 123583 sgemm sgemm CUDA1 0.039429 123623 40
CPU12 44.786068 123584 sgemm sgemm CUDA1 1.010856 123624 40
CPU13 44.656907 123588 sgemm sgemm CUDA3 1.023620 123628 40
CPU0 45.139323 123589 sgemm sgemm CUDA3 0.961436 123629 40
CPU10 44.542722 123590 sgemm sgemm CUDA3 1.148583 123630 40
CPU7 44.999905 123591 sgemm sgemm CUDA3 1.145317 123631 40
CPU4 44.803468 123592 sgemm sgemm CUDA3 1.215195 123632 40
CPU18 44.196879 123593 sgemm sgemm CUDA1 1.073171 123633 40
CPU19 44.679792 123594 sgemm sgemm CUDA3 1.256779 123634 40
CPU1 44.391191 123595 sgemm sgemm CUDA3 1.015333 123635 40
CPU7 44.973858 123596 sgemm sgemm CUDA3 12.988821 123636 40
CPU19 44.418691 123597 sgemm sgemm CUDA3 0.055647 123637 40
CPU17 44.586524 123598 sgemm sgemm CUDA3 1.319793 123638 40
CPU13 44.600264 123602 sgemm sgemm CUDA1 0.044709 123642 40
CPU1 44.641803 123603 sgemm sgemm CUDA0 0.136586 123643 40
CPU9 44.536107 123604 sgemm sgemm CUDA0 0.098491 123644 40
CPU6 44.863369 123605 sgemm sgemm CUDA1 1.019462 123645 40
CPU5 44.675807 123606 sgemm sgemm CUDA1 13.004206 123646 40
CPU11 44.651175 123607 sgemm sgemm CUDA1 1.068487 123647 40
CPU10 44.794801 123608 sgemm sgemm CUDA1 1.008369 123648 40
CPU9 44.416318 123609 sgemm sgemm CUDA1 1.005057 123649 40
CPU2 44.659978 123610 sgemm sgemm CUDA0 1.066097 123650 40
CPU4 44.651605 123611 sgemm sgemm CUDA1 4.853562 123651 40
CPU11 44.530267 123612 sgemm sgemm CUDA0 1.020801 123652 40
CPU13 44.511408 123616 sgemm sgemm CUDA1 1.355877 123656 40
CPU3 44.857054 123617 sgemm sgemm CUDA3 1.018708 123657 40
CPU2 44.717333 123618 sgemm sgemm CUDA1 1.010761 123658 40
CPU0 45.155997 123619 sgemm sgemm CUDA1 1.226127 123659 40
CPU5 44.658290 123620 sgemm sgemm CUDA1 1.002889 123660 40
CPU10 44.273285 123621 sgemm sgemm CUDA1 9.850719 123661 40
CPU10 44.405118 123622 sgemm sgemm CUDA1 1.062910 123662 40
CPU11 44.380315 123623 sgemm sgemm CUDA1 1.072708 123663 40
CPU0 44.956935 123624 sgemm sgemm CUDA1 4.148723 123664 40
CPU19 44.384854 123625 sgemm sgemm CUDA1 1.324103 123665 40
CPU8 44.585574 123626 sgemm sgemm CUDA3 14.370474 123666 40
CPU13 44.540879 123630 sgemm sgemm CUDA0 1.235119 123670 40
CPU3 44.846165 123631 sgemm sgemm CUDA0 1.064744 123671 40
CPU10 44.447027 123632 sgemm sgemm CUDA0 1.074610 123672 40
CPU0 45.103096 123633 sgemm sgemm CUDA2 11.919783 123673 40
CPU4 45.219400 123634 sgemm sgemm CUDA2 0.047435 123674 40
CPU11 44.420146 123635 sgemm sgemm CUDA0 1.068263 123675 40
CPU10 44.912766 123636 sgemm sgemm CUDA0 1.258770 123676 40
CPU11 44.492544 123637 sgemm sgemm CUDA2 1.305956 123677 40
CPU2 44.839119 123638 sgemm sgemm CUDA2 1.258594 123678 40
CPU12 44.583200 123639 sgemm sgemm CUDA2 1.066225 123679 40
CPU12 44.648826 123640 sgemm sgemm CUDA3 1.249923 123680 40
CPU13 44.385460 123644 sgemm sgemm CUDA2 0.040741 123684 40
CPU2 44.895517 123645 sgemm sgemm CUDA2 1.268063 123685 40
CPU9 44.713050 123646 sgemm sgemm CUDA2 1.262075 123686 40
CPU0 44.929557 123647 sgemm sgemm CUDA2 1.257555 123687 40
CPU5 44.754636 123648 sgemm sgemm CUDA2 1.262312 123688 40
CPU19 44.389174 123649 sgemm sgemm CUDA2 1.256625 123689 40
CPU19 44.426340 123650 sgemm sgemm CUDA1 1.069768 123690 40
CPU2 44.390572 123651 sgemm sgemm CUDA2 1.258978 123691 40
CPU1 44.677986 123652 sgemm sgemm CUDA2 1.067038 123692 40
CPU5 44.503735 123653 sgemm sgemm CUDA2 1.073891 123693 40
CPU2 44.676056 123654 sgemm sgemm CUDA1 1.065948 123694 40
CPU13 44.288801 123658 sgemm sgemm CUDA2 1.007789 123698 40
CPU9 44.296424 123659 sgemm sgemm CUDA2 1.069698 123699 40
CPU3 44.732842 123660 sgemm sgemm CUDA2 1.263656 123700 40
CPU9 44.631323 123661 sgemm sgemm CUDA2 1.068909 123701 40
CPU4 44.922628 123662 sgemm sgemm CUDA2 1.258750 123702 40
CPU10 44.436560 123663 sgemm sgemm CUDA2 1.260616 123703 40
CPU19 44.643486 123664 sgemm sgemm CUDA0 1.258125 123704 40
CPU11 44.321461 123665 sgemm sgemm CUDA0 1.070210 123705 40
CPU1 44.463155 123666 sgemm sgemm CUDA0 1.206812 123706 40
CPU12 44.850689 123667 sgemm sgemm CUDA0 1.259556 123707 40
CPU12 44.625855 123668 sgemm sgemm CUDA0 1.067268 123708 40
CPU13 44.429434 123672 sgemm sgemm CUDA1 11.839999 123712 40
CPU2 44.630891 123673 sgemm sgemm CUDA3 1.241489 123713 40
CPU1 44.782017 123674 sgemm sgemm CUDA3 1.262011 123714 40
CPU0 44.623485 123675 sgemm sgemm CUDA3 1.258929 123715 40
CPU4 44.665070 123676 sgemm sgemm CUDA1 0.050643 123716 40
CPU17 44.309017 123677 sgemm sgemm CUDA1 1.308560 123717 40
CPU19 44.855520 123678 sgemm sgemm CUDA1 1.255391 123718 40
CPU11 44.419661 123679 sgemm sgemm CUDA1 1.073484 123719 40
CPU7 44.748191 123680 sgemm sgemm CUDA2 11.904570 123720 40
CPU17 44.473624 123681 sgemm sgemm CUDA2 1.277272 123721 40
CPU9 44.791694 123682 sgemm sgemm CUDA3 1.253362 123722 40
CPU13 44.474360 123686 sgemm sgemm CUDA3 1.136337 123726 40
CPU2 44.439517 123687 sgemm sgemm CUDA3 1.066238 123727 40
CPU3 44.781556 123688 sgemm sgemm CUDA3 1.060667 123728 40
CPU1 44.718243 123689 sgemm sgemm CUDA1 1.253305 123729 40
CPU5 44.697472 123690 sgemm sgemm CUDA3 1.258058 123730 40
CPU11 44.552446 123691 sgemm sgemm CUDA1 1.274953 123731 40
CPU19 44.968246 123692 sgemm sgemm CUDA1 1.081065 123732 40
CPU9 44.427871 123693 sgemm sgemm CUDA2 1.386317 123733 40
CPU1 44.686499 123694 sgemm sgemm CUDA3 1.064126 123734 40
CPU3 44.475951 123695 sgemm sgemm CUDA2 1.263245 123735 40
CPU8 44.515041 123696 sgemm sgemm CUDA3 2.720171 123736 40
CPU13 44.308734 123700 sgemm sgemm CUDA1 0.062419 123740 40
CPU0 44.980091 123701 sgemm sgemm CUDA2 1.255722 123741 40
CPU6 44.520660 123702 sgemm sgemm CUDA2 1.258516 123742 40
CPU1 44.748461 123703 sgemm sgemm CUDA2 1.067391 123743 40
CPU5 44.705992 123704 sgemm sgemm CUDA2 1.259625 123744 40
CPU18 44.352204 123705 sgemm sgemm CUDA1 1.284133 123745 40
CPU10 44.480203 123706 sgemm sgemm CUDA1 1.065673 123746 40
CPU11 85.873903 123707 sgemm sgemm CUDA1 1.066949 123747 40
CPU0 44.888315 123708 sgemm sgemm CUDA2 19.006686 123748 40
CPU5 44.750183 123709 sgemm sgemm CUDA0 1.254746 123749 40
CPU18 44.257853 123710 sgemm sgemm CUDA0 1.252718 123750 40
CPU13 44.533668 123714 sgemm sgemm CUDA2 1.303848 123754 40
CPU2 44.577552 123715 sgemm sgemm CUDA2 1.294884 123755 40
CPU5 44.783154 123716 sgemm sgemm CUDA3 9.790185 123756 40
CPU7 44.823553 123717 sgemm sgemm CUDA2 9.812833 123757 40
CPU4 45.056875 123718 sgemm sgemm CUDA2 0.047781 123758 40
CPU17 44.587707 123719 sgemm sgemm CUDA2 12.663256 123759 40
CPU19 44.507818 123720 sgemm sgemm CUDA3 1.357890 123760 40
CPU11 47.595643 123721 sgemm sgemm CUDA3 1.071471 123761 40
CPU11 44.462018 123722 sgemm sgemm CUDA3 1.256044 123762 40
CPU12 44.600962 123723 sgemm sgemm CUDA3 0.044869 123763 40
CPU12 44.493792 123724 sgemm sgemm CUDA3 1.073757 123764 40
CPU13 44.584409 123728 sgemm sgemm CUDA0 1.072548 123768 40
CPU9 44.680381 123729 sgemm sgemm CUDA0 1.067843 123769 40
CPU8 44.506655 123730 sgemm sgemm CUDA0 1.260825 123770 40
CPU6 44.679973 123731 sgemm sgemm CUDA0 1.263808 123771 40
CPU5 44.593783 123732 sgemm sgemm CUDA0 1.075619 123772 40
CPU12 44.503691 123733 sgemm sgemm CUDA1 1.263082 123773 40
CPU19 44.845340 123734 sgemm sgemm CUDA1 1.067665 123774 40
CPU4 44.409492 123735 sgemm sgemm CUDA0 1.257393 123775 40
CPU2 44.708482 123736 sgemm sgemm CUDA1 1.262669 123776 40
CPU4 44.409486 123737 sgemm sgemm CUDA1 1.065325 123777 40
CPU3 44.221218 123738 sgemm sgemm CUDA0 1.068814 123778 40
CPU13 44.730863 123742 sgemm sgemm CUDA2 1.335309 123782 40
CPU1 44.359935 123743 sgemm sgemm CUDA2 1.264288 123783 40
CPU0 44.992288 123744 sgemm sgemm CUDA2 1.262608 123784 40
CPU9 44.298218 123745 sgemm sgemm CUDA0 1.068564 123785 40
CPU5 44.566127 123746 sgemm sgemm CUDA3 1.299540 123786 40
CPU10 44.637769 123747 sgemm sgemm CUDA3 1.256596 123787 40
CPU10 44.840945 123748 sgemm sgemm CUDA3 1.251745 123788 40
CPU4 44.504423 123749 sgemm sgemm CUDA2 16.143236 123789 40
CPU17 44.610764 123750 sgemm sgemm CUDA2 0.061280 123790 40
CPU12 44.640490 123751 sgemm sgemm CUDA3 1.068044 123791 40
CPU12 44.665936 123752 sgemm sgemm CUDA0 1.260126 123792 40
CPU13 44.592776 123756 sgemm sgemm CUDA2 1.258269 123796 40
CPU0 45.064804 123757 sgemm sgemm CUDA2 1.072163 123797 40
CPU10 44.337772 123758 sgemm sgemm CUDA2 1.074744 123798 40
CPU8 44.921929 123759 sgemm sgemm CUDA2 1.256019 123799 40
CPU4 44.778476 123760 sgemm sgemm CUDA2 1.063984 123800 40
CPU18 44.190911 123761 sgemm sgemm CUDA1 0.043658 123801 40
CPU10 45.546131 123762 sgemm sgemm CUDA1 1.289639 123802 40
CPU7 44.603361 123763 sgemm sgemm CUDA1 1.261616 123803 40
CPU1 44.932092 123764 sgemm sgemm CUDA1 5.226138 123804 40
CPU8 44.484880 123765 sgemm sgemm CUDA1 1.258163 123805 40
CPU8 44.566456 123766 sgemm sgemm CUDA1 1.068991 123806 40
CPU13 44.766364 123770 sgemm sgemm CUDA1 5.122036 123810 40
CPU3 44.486575 123771 sgemm sgemm CUDA2 1.068375 123811 40
CPU5 44.651286 123772 sgemm sgemm CUDA1 0.045021 123812 40
CPU9 44.626470 123773 sgemm sgemm CUDA1 11.930778 123813 40
CPU5 44.667748 123774 sgemm sgemm CUDA0 1.066175 123814 40
CPU11 44.171756 123775 sgemm sgemm CUDA2 1.061720 123815 40
CPU19 44.521369 123776 sgemm sgemm CUDA0 1.257493 123816 40
CPU9 44.440101 123777 sgemm sgemm CUDA1 0.103487 123817 40
CPU1 44.613131 123778 sgemm sgemm CUDA2 1.257955 123818 40
CPU2 44.536377 123779 sgemm sgemm CUDA0 1.066494 123819 40
CPU10 44.427631 123780 sgemm sgemm CUDA0 1.072556 123820 40
CPU13 44.291370 123784 sgemm sgemm CUDA3 1.251942 123824 40
CPU1 44.600366 123785 sgemm sgemm CUDA3 1.069592 123825 40
CPU19 44.270919 123786 sgemm sgemm CUDA3 1.256205 123826 40
CPU7 45.032479 123787 sgemm sgemm CUDA3 1.260099 123827 40
CPU5 44.677556 123788 sgemm sgemm CUDA3 1.261797 123828 40
CPU11 44.447992 123789 sgemm sgemm CUDA3 1.073116 123829 40
CPU19 44.407037 123790 sgemm sgemm CUDA2 1.264096 123830 40
CPU11 45.168579 123791 sgemm sgemm CUDA2 1.239273 123831 40
CPU2 44.786618 123792 sgemm sgemm CUDA3 1.264960 123832 40
CPU4 44.705502 123793 sgemm sgemm CUDA3 1.067129 123833 40
CPU11 44.451562 123794 sgemm sgemm CUDA2 1.062712 123834 40
CPU13 44.731894 123798 sgemm sgemm CUDA1 13.710183 123838 40
CPU0 44.780288 123799 sgemm sgemm CUDA1 1.257990 123839 40
CPU0 44.544075 123800 sgemm sgemm CUDA1 1.306819 123840 40
CPU6 44.388753 123801 sgemm sgemm CUDA1 1.073569 123841 40
CPU5 44.324858 123802 sgemm sgemm CUDA1 1.257226 123842 40
CPU11 44.739228 123803 sgemm sgemm CUDA2 12.381866 123843 40
CPU19 44.776100 123804 sgemm sgemm CUDA2 0.041350 123844 40
CPU11 44.961762 123805 sgemm sgemm CUDA2 0.040335 123845 40
CPU9 44.333449 123806 sgemm sgemm CUDA2 1.317613 123846 40
CPU12 44.654507 123807 sgemm sgemm CUDA2 1.257680 123847 40
CPU12 44.845362 123808 sgemm sgemm CUDA2 1.066729 123848 40
CPU13 44.878756 123812 sgemm sgemm CUDA3 1.206738 123852 40
CPU9 44.780178 123813 sgemm sgemm CUDA3 1.075974 123853 40
CPU19 44.566846 123814 sgemm sgemm CUDA3 9.568880 123854 40
CPU1 44.791141 123815 sgemm sgemm CUDA3 0.044987 123855 40
CPU4 44.795480 123816 sgemm sgemm CUDA3 1.309320 123856 40
CPU10 44.612724 123817 sgemm sgemm CUDA3 1.262435 123857 40
CPU18 44.538202 123818 sgemm sgemm CUDA2 5.448159 123858 40
CPU5 44.308099 123819 sgemm sgemm CUDA2 0.044067 123859 40
CPU0 44.924222 123820 sgemm sgemm CUDA3 1.071066 123860 40
CPU18 44.391770 123821 sgemm sgemm CUDA2 1.269787 123861 40
CPU18 44.359186 123822 sgemm sgemm CUDA2 1.071265 123862 40
CPU13 44.893826 123826 sgemm sgemm CUDA2 1.258596 123866 40
CPU1 44.548479 123827 sgemm sgemm CUDA2 0.120163 123867 40
CPU2 44.382321 123828 sgemm sgemm CUDA2 1.066500 123868 40
CPU8 44.422009 123829 sgemm sgemm CUDA2 1.248479 123869 40
CPU4 44.721894 123830 sgemm sgemm CUDA2 12.609320 123870 40
CPU19 44.434165 123831 sgemm sgemm CUDA2 0.041013 123871 40
CPU10 44.119155 123832 sgemm sgemm CUDA2 1.323892 123872 40
CPU1 95.096047 123833 sgemm sgemm CUDA3 1.066466 123873 40
CPU1 44.654649 123834 sgemm sgemm CUDA3 13.195743 123874 40
CPU0 47.071809 123835 sgemm sgemm CUDA2 1.066304 123875 40
CPU0 44.921844 123836 sgemm sgemm CUDA3 0.046760 123876 40
CPU13 44.475166 123840 sgemm sgemm CUDA3 0.198589 123880 40
CPU8 44.259839 123841 sgemm sgemm CUDA3 1.642128 123881 40
CPU7 44.279556 123842 sgemm sgemm CUDA3 12.273423 123882 40
CPU6 44.411997 123843 sgemm sgemm CUDA3 0.058168 123883 40
CPU5 44.421662 123844 sgemm sgemm CUDA0 1.329841 123884 40
CPU17 44.589765 123845 sgemm sgemm CUDA3 1.386396 123885 40
CPU10 44.699448 123846 sgemm sgemm CUDA0 1.261771 123886 40
CPU11 44.741067 123847 sgemm sgemm CUDA0 1.061699 123887 40
CPU3 44.463569 123848 sgemm sgemm CUDA3 1.070925 123888 40
CPU5 44.309493 123849 sgemm sgemm CUDA0 1.072945 123889 40
CPU12 44.384985 123850 sgemm sgemm CUDA0 1.068120 123890 40
CPU13 44.729023 123854 sgemm sgemm CUDA2 0.957259 123894 40
CPU9 44.508494 123855 sgemm sgemm CUDA2 1.068746 123895 40
CPU11 44.750996 123856 sgemm sgemm CUDA2 1.260264 123896 40
CPU9 44.735001 123857 sgemm sgemm CUDA2 1.262334 123897 40
CPU4 44.774400 123858 sgemm sgemm CUDA2 1.260256 123898 40
CPU19 44.735479 123859 sgemm sgemm CUDA2 1.070817 123899 40
CPU19 44.825798 123860 sgemm sgemm CUDA3 0.165467 123900 40
CPU4 44.518940 123861 sgemm sgemm CUDA3 1.266785 123901 40
CPU2 44.333039 123862 sgemm sgemm CUDA3 1.261822 123902 40
CPU17 44.991293 123863 sgemm sgemm CUDA3 1.069597 123903 40
CPU17 44.724873 123864 sgemm sgemm CUDA3 1.079963 123904 40
CPU13 44.726268 123868 sgemm sgemm CUDA1 0.059406 123908 40
CPU9 44.706392 123869 sgemm sgemm CUDA1 1.283700 123909 40
CPU11 44.673779 123870 sgemm sgemm CUDA1 1.068640 123910 40
CPU8 44.746210 123871 sgemm sgemm CUDA1 1.065756 123911 40
CPU5 44.817694 123872 sgemm sgemm CUDA1 1.075223 123912 40
CPU11 44.391419 123873 sgemm sgemm CUDA0 1.076019 123913 40
CPU17 44.830900 123874 sgemm sgemm CUDA0 1.071167 123914 40
CPU5 44.445634 123875 sgemm sgemm CUDA0 1.070630 123915 40
CPU2 44.808499 123876 sgemm sgemm CUDA0 1.063940 123916 40
CPU9 46.699009 123877 sgemm sgemm CUDA0 1.258677 123917 40
CPU9 44.360084 123878 sgemm sgemm CUDA1 1.067979 123918 40
CPU13 44.745734 123882 sgemm sgemm CUDA2 1.256652 123922 40
CPU3 44.563578 123883 sgemm sgemm CUDA2 1.068496 123923 40
CPU8 44.265045 123884 sgemm sgemm CUDA0 2.801524 123924 40
CPU0 45.152832 123885 sgemm sgemm CUDA2 1.258868 123925 40
CPU4 44.565451 123886 sgemm sgemm CUDA2 1.010946 123926 40
CPU12 44.611631 123887 sgemm sgemm CUDA0 0.102644 123927 40
CPU19 44.627597 123888 sgemm sgemm CUDA2 1.205075 123928 40
CPU1 46.543989 123889 sgemm sgemm CUDA2 1.084883 123929 40
CPU7 44.584249 123890 sgemm sgemm CUDA0 1.321777 123930 40
CPU3 44.417162 123891 sgemm sgemm CUDA0 1.070053 123931 40
CPU12 44.662649 123892 sgemm sgemm CUDA0 1.067083 123932 40
CPU13 44.710531 123896 sgemm sgemm CUDA2 1.013969 123936 40
CPU3 44.409833 123897 sgemm sgemm CUDA2 1.204244 123937 40
CPU6 44.282375 123898 sgemm sgemm CUDA1 12.907359 123938 40
CPU0 44.963485 123899 sgemm sgemm CUDA1 0.040336 123939 40
CPU5 44.502406 123900 sgemm sgemm CUDA1 0.995695 123940 40
CPU12 44.770931 123901 sgemm sgemm CUDA1 1.071780 123941 40
CPU19 44.900859 123902 sgemm sgemm CUDA3 1.512348 123942 40
CPU9 44.130355 123903 sgemm sgemm CUDA3 0.049551 123943 40
CPU1 44.134000 123904 sgemm sgemm CUDA3 0.949667 123944 40
CPU12 44.913599 123905 sgemm sgemm CUDA1 1.202182 123945 40
CPU12 44.871164 123906 sgemm sgemm CUDA3 1.216128 123946 40
CPU13 32.130474 123912 strsm strsm CUDA1 2.701408 123952 40
CPU3 31.917282 123916 strsm strsm CUDA2 0.946861 123956 40
CPU15 32.693626 123920 strsm strsm CUDA1 2.897674 123960 40
CPU7 32.444265 123924 strsm strsm CUDA0 2.801089 123964 40
CPU5 32.188876 123928 strsm strsm CUDA1 1.377356 123968 40
CPU12 32.018945 123932 strsm strsm CUDA0 10.677016 123972 40
CPU17 32.414077 123936 strsm strsm CUDA2 2.301259 123976 40
CPU7 32.480355 123940 strsm strsm CUDA2 2.933787 123980 40
CPU1 32.598971 123944 strsm strsm CUDA1 2.862915 123984 40
CPU12 33.884198 123948 strsm strsm CUDA2 3.140326 123988 40
CPU12 33.336346 123952 strsm strsm CUDA0 14.743350 123992 40
CPU12 15.271316 123956 strtri strtri CPU -1 123996 40
CPU7 31.175783 123958 strsm strsm CPU18 94.282878 123998 40
CPU18 30.418766 123960 strsm strsm CPU27 114.766421 124000 40
CPU8 30.556122 123962 strsm strsm CPU12 86.564167 124002 40
CPU2 30.575028 123964 strsm strsm CPU -1 124004 40
CPU10 31.010626 123966 strsm strsm CPU12 98.959064 124006 40
CPU1 31.694514 123968 strsm strsm CPU16 99.754806 124008 40
CPU6 31.962068 123970 strsm strsm CPU11 99.222275 124010 40
CPU9 30.960887 123972 strsm strsm CPU21 81.548156 124012 40
CPU8 30.676450 123974 strsm strsm CPU12 99.156951 124014 40
CPU6 31.731028 123976 strsm strsm CPU14 98.495958 124016 40
CPU12 30.880362 123978 strsm strsm CPU12 146.541888 124018 40
CPU3 30.781236 123980 strsm strsm CPU29 167.552585 124020 40
CPU4 31.334228 123982 strsm strsm CPU14 206.681243 124022 40
CPU14 30.822654 123984 strsm strsm CPU -1 124024 40
CPU0 32.067260 123986 strsm strsm CPU11 204.520304 124026 40
CPU8 30.525959 123988 strsm strsm CPU -1 124028 40
CPU13 30.935596 123990 strsm strsm CUDA3 2.828935 124030 40
CPU11 30.411317 123992 strsm strsm CUDA3 2.854367 124032 40
CPU12 30.899446 123994 strsm strsm CUDA3 2.911898 124034 40
CPU13 30.871404 123996 strsm strsm CUDA3 3.050209 124036 40
CPU11 30.475682 123998 strsm strsm CUDA3 2.851008 124038 40
CPU12 30.938586 124000 strsm strsm CUDA3 2.761383 124040 40
CPU7 31.612400 124002 strsm strsm CUDA3 2.942235 124042 40
CPU7 32.025589 124004 strsm strsm CUDA2 2.914125 124044 40
CPU13 31.322777 124006 strsm strsm CUDA2 2.845466 124046 40
CPU4 31.227418 124008 strsm strsm CUDA3 2.777345 124048 40
CPU1 30.911475 124010 strsm strsm CUDA0 2.997061 124050 40
CPU12 30.945632 124012 strsm strsm CUDA0 2.853101 124052 40
CPU10 31.007738 124014 strsm strsm CUDA0 2.926276 124054 40
CPU11 30.748805 124016 strsm strsm CUDA3 3.186838 124056 40
CPU16 32.308821 124018 strsm strsm CUDA2 2.671172 124058 40
CPU2 30.795123 124020 strsm strsm CUDA2 2.886028 124060 40
CPU13 31.298107 124022 strsm strsm CUDA2 2.814741 124062 40
CPU19 30.837646 124024 strsm strsm CUDA2 2.688824 124064 40
CPU2 31.480483 124026 strsm strsm CUDA3 3.146368 124066 40
CPU19 30.834148 124028 strsm strsm CUDA2 2.735365 124068 40
CPU9 30.326261 124030 strsm strsm CUDA2 0.059293 124070 40
CPU13 44.576754 124032 sgemm sgemm CUDA2 1.198449 124072 40
CPU1 44.500064 124033 sgemm sgemm CUDA3 19.847745 124073 40
CPU1 44.648220 124034 sgemm sgemm CUDA2 1.026901 124074 40
CPU7 44.437318 124035 sgemm sgemm CUDA2 1.203364 124075 40
CPU5 44.603996 124036 sgemm sgemm CUDA1 1.012057 124076 40
CPU18 44.205229 124037 sgemm sgemm CUDA2 15.971823 124077 40
CPU18 44.695128 124038 sgemm sgemm CUDA3 1.220797 124078 40
CPU11 44.243965 124039 sgemm sgemm CUDA1 0.471158 124079 40
CPU3 44.376433 124040 sgemm sgemm CUDA2 1.259765 124080 40
CPU4 44.714953 124041 sgemm sgemm CUDA1 1.063642 124081 40
CPU10 44.589311 124042 sgemm sgemm CUDA1 1.072128 124082 40
CPU12 45.930788 124043 sgemm sgemm CUDA1 1.256711 124083 40
CPU13 44.774433 124047 sgemm sgemm CUDA3 1.125936 124087 40
CPU1 44.314746 124048 sgemm sgemm CUDA3 0.180375 124088 40
CPU1 44.130140 124049 sgemm sgemm CUDA3 1.003404 124089 40
CPU9 44.320788 124050 sgemm sgemm CUDA1 12.077335 124090 40
CPU4 44.664050 124051 sgemm sgemm CUDA1 1.329115 124091 40
CPU18 44.251554 124052 sgemm sgemm CUDA1 1.270745 124092 40
CPU18 44.435059 124053 sgemm sgemm CUDA3 3.034073 124093 40
CPU19 44.526868 124054 sgemm sgemm CUDA1 1.011730 124094 40
CPU0 44.658066 124055 sgemm sgemm CUDA1 1.071499 124095 40
CPU8 44.535039 124056 sgemm sgemm CUDA3 1.204848 124096 40
CPU10 44.633839 124057 sgemm sgemm CUDA1 1.257310 124097 40
CPU19 44.409497 124058 sgemm sgemm CUDA1 16.192920 124098 40
CPU13 44.591676 124062 sgemm sgemm CUDA3 1.265852 124102 40
CPU0 44.707858 124063 sgemm sgemm CUDA3 1.145813 124103 40
CPU10 44.637488 124064 sgemm sgemm CUDA2 1.039598 124104 40
CPU8 44.437086 124065 sgemm sgemm CUDA1 1.259564 124105 40
CPU5 44.250892 124066 sgemm sgemm CUDA2 1.073186 124106 40
CPU18 44.255988 124067 sgemm sgemm CUDA2 1.015499 124107 40
CPU19 44.622433 124068 sgemm sgemm CUDA3 1.211933 124108 40
CPU11 44.322477 124069 sgemm sgemm CUDA1 1.009947 124109 40
CPU9 44.210963 124070 sgemm sgemm CUDA2 1.069131 124110 40
CPU4 44.484935 124071 sgemm sgemm CUDA3 1.262918 124111 40
CPU10 44.751174 124072 sgemm sgemm CUDA3 1.214738 124112 40
CPU18 44.433823 124073 sgemm sgemm CUDA2 1.459830 124113 40
CPU13 44.497762 124077 sgemm sgemm CUDA0 1.009399 124117 40
CPU2 44.540724 124078 sgemm sgemm CUDA3 1.068710 124118 40
CPU4 44.606428 124079 sgemm sgemm CUDA2 1.256374 124119 40
CPU0 44.324642 124080 sgemm sgemm CUDA0 1.197712 124120 40
CPU4 44.666690 124081 sgemm sgemm CUDA0 1.310842 124121 40
CPU17 44.688500 124082 sgemm sgemm CUDA0 1.010614 124122 40
CPU19 44.707312 124083 sgemm sgemm CUDA0 1.068887 124123 40
CPU11 44.299270 124084 sgemm sgemm CUDA0 1.207121 124124 40
CPU12 44.648497 124085 sgemm sgemm CUDA0 1.006520 124125 40
CPU5 44.676503 124086 sgemm sgemm CUDA0 1.015818 124126 40
CPU10 44.641136 124087 sgemm sgemm CUDA3 0.046377 124127 40
CPU12 44.461927 124088 sgemm sgemm CUDA0 1.076346 124128 40
CPU13 44.541920 124092 sgemm sgemm CUDA0 1.007926 124132 40
CPU0 44.558135 124093 sgemm sgemm CUDA1 1.199603 124133 40
CPU1 44.729438 124094 sgemm sgemm CUDA1 1.253333 124134 40
CPU1 44.380717 124095 sgemm sgemm CUDA1 1.259631 124135 40
CPU4 44.529326 124096 sgemm sgemm CUDA1 1.272016 124136 40
CPU17 44.614035 124097 sgemm sgemm CUDA1 1.259059 124137 40
CPU10 44.170465 124098 sgemm sgemm CUDA1 1.259110 124138 40
CPU11 44.190668 124099 sgemm sgemm CUDA1 0.063602 124139 40
CPU3 44.367204 124100 sgemm sgemm CUDA1 1.270546 124140 40
CPU11 44.493549 124101 sgemm sgemm CUDA1 1.197014 124141 40
CPU19 44.530018 124102 sgemm sgemm CUDA1 1.193427 124142 40
CPU13 44.444025 124103 sgemm sgemm CUDA1 1.197166 124143 40
CPU13 44.318501 124107 sgemm sgemm CUDA0 1.015086 124147 40
CPU9 44.684076 124108 sgemm sgemm CUDA0 1.017280 124148 40
CPU1 44.324893 124109 sgemm sgemm CUDA2 1.195666 124149 40
CPU7 44.668661 124110 sgemm sgemm CUDA2 1.077092 124150 40
CPU5 44.687972 124111 sgemm sgemm CUDA0 1.256419 124151 40
CPU18 44.409723 124112 sgemm sgemm CUDA0 1.258998 124152 40
CPU10 44.569847 124113 sgemm sgemm CUDA0 1.263126 124153 40
CPU11 44.365674 124114 sgemm sgemm CUDA2 1.192661 124154 40
CPU9 44.349322 124115 sgemm sgemm CUDA2 1.028560 124155 40
CPU2 44.403849 124116 sgemm sgemm CUDA2 12.262039 124156 40
CPU9 44.724304 124117 sgemm sgemm CUDA0 1.383809 124157 40
CPU8 44.575924 124118 sgemm sgemm CUDA0 1.010038 124158 40
CPU13 44.228726 124122 sgemm sgemm CUDA0 1.255754 124162 40
CPU9 44.724019 124123 sgemm sgemm CUDA0 8.298817 124163 40
CPU15 44.348559 124124 sgemm sgemm CUDA2 14.045317 124164 40
CPU6 44.765318 124125 sgemm sgemm CUDA2 1.203762 124165 40
CPU5 44.877211 124126 sgemm sgemm CUDA0 1.258731 124166 40
CPU12 44.392476 124127 sgemm sgemm CUDA0 1.009524 124167 40
CPU10 44.366591 124128 sgemm sgemm CUDA0 12.916852 124168 40
CPU11 44.301938 124129 sgemm sgemm CUDA2 1.080545 124169 40
CPU1 44.547911 124130 sgemm sgemm CUDA0 1.202619 124170 40
CPU5 44.655767 124131 sgemm sgemm CUDA0 1.022212 124171 40
CPU12 44.517709 124132 sgemm sgemm CUDA0 1.104488 124172 40
CPU12 44.351871 124133 sgemm sgemm CUDA0 1.069409 124173 40
CPU13 44.384977 124137 sgemm sgemm CUDA3 1.258749 124177 40
CPU2 44.605982 124138 sgemm sgemm CUDA3 1.259788 124178 40
CPU10 44.477676 124139 sgemm sgemm CUDA3 0.960075 124179 40
CPU0 44.982867 124140 sgemm sgemm CUDA1 1.010836 124180 40
CPU5 44.511157 124141 sgemm sgemm CUDA1 0.062772 124181 40
CPU12 44.367386 124142 sgemm sgemm CUDA1 1.078189 124182 40
CPU10 44.420570 124143 sgemm sgemm CUDA3 1.069671 124183 40
CPU11 44.455630 124144 sgemm sgemm CUDA1 1.200082 124184 40
CPU0 44.878356 124145 sgemm sgemm CUDA1 1.207791 124185 40
CPU17 44.565306 124146 sgemm sgemm CUDA3 0.956910 124186 40
CPU10 44.545483 124147 sgemm sgemm CUDA3 1.066952 124187 40
CPU12 44.267313 124148 sgemm sgemm CUDA3 1.000385 124188 40
CPU13 44.388838 124152 sgemm sgemm CUDA3 15.521001 124192 40
CPU0 44.557694 124153 sgemm sgemm CUDA3 1.302896 124193 40
CPU6 44.733760 124154 sgemm sgemm CUDA3 1.204815 124194 40
CPU8 44.709170 124155 sgemm sgemm CUDA2 1.254154 124195 40
CPU5 44.577774 124156 sgemm sgemm CUDA2 1.264272 124196 40
CPU18 44.370991 124157 sgemm sgemm CUDA2 1.069897 124197 40
CPU19 44.640467 124158 sgemm sgemm CUDA3 7.148573 124198 40
CPU11 44.401882 124159 sgemm sgemm CUDA2 0.049382 124199 40
CPU3 44.281439 124160 sgemm sgemm CUDA2 1.010360 124200 40
CPU5 44.483603 124161 sgemm sgemm CUDA2 0.045484 124201 40
CPU10 44.671739 124162 sgemm sgemm CUDA3 0.044942 124202 40
CPU13 45.397203 124163 sgemm sgemm CUDA2 1.256475 124203 40
CPU13 44.448221 124167 sgemm sgemm CUDA0 1.195712 124207 40
CPU0 44.576565 124168 sgemm sgemm CUDA0 0.055011 124208 40
CPU1 44.577525 124169 sgemm sgemm CUDA2 1.011653 124209 40
CPU1 44.324572 124170 sgemm sgemm CUDA2 1.261966 124210 40
CPU4 44.364485 124171 sgemm sgemm CUDA0 1.262208 124211 40
CPU17 44.576393 124172 sgemm sgemm CUDA2 0.060712 124212 40
CPU19 44.647503 124173 sgemm sgemm CUDA0 2.364634 124213 40
CPU11 44.421279 124174 sgemm sgemm CUDA2 1.255263 124214 40
CPU7 44.369155 124175 sgemm sgemm CUDA2 1.008061 124215 40
CPU11 44.402970 124176 sgemm sgemm CUDA0 1.256419 124216 40
CPU19 44.522429 124177 sgemm sgemm CUDA0 1.150655 124217 40
CPU12 46.079028 124178 sgemm sgemm CUDA0 1.071590 124218 40
CPU13 44.302561 124182 sgemm sgemm CUDA0 1.148607 124222 40
CPU3 44.482413 124183 sgemm sgemm CUDA0 15.225278 124223 40
CPU19 44.453247 124184 sgemm sgemm CUDA0 0.048163 124224 40
CPU0 44.729153 124185 sgemm sgemm CUDA0 1.261562 124225 40
CPU4 44.748802 124186 sgemm sgemm CUDA0 1.256564 124226 40
CPU12 44.354103 124187 sgemm sgemm CUDA0 0.046068 124227 40
CPU10 90.417996 124188 sgemm sgemm CUDA0 0.069056 124228 40
CPU11 44.525581 124189 sgemm sgemm CUDA0 1.277460 124229 40
CPU9 44.364186 124190 sgemm sgemm CUDA0 1.006519 124230 40
CPU10 44.832649 124191 sgemm sgemm CUDA3 1.065815 124231 40
CPU10 44.519750 124192 sgemm sgemm CUDA0 1.202521 124232 40
CPU12 44.258304 124193 sgemm sgemm CUDA0 1.068094 124233 40
CPU13 44.334773 124197 sgemm sgemm CUDA0 1.001361 124237 40
CPU0 44.717488 124198 sgemm sgemm CUDA3 1.062501 124238 40
CPU9 45.164914 124199 sgemm sgemm CUDA2 0.048737 124239 40
CPU7 45.236283 124200 sgemm sgemm CUDA2 1.222209 124240 40
CPU5 44.877486 124201 sgemm sgemm CUDA2 1.229776 124241 40
CPU18 44.284802 124202 sgemm sgemm CUDA1 1.192642 124242 40
CPU19 44.885447 124203 sgemm sgemm CUDA1 0.741927 124243 40
CPU11 44.670810 124204 sgemm sgemm CUDA1 1.014857 124244 40
CPU2 44.420647 124205 sgemm sgemm CUDA1 1.308790 124245 40
CPU12 44.484446 124206 sgemm sgemm CUDA1 11.946339 124246 40
CPU12 44.370911 124207 sgemm sgemm CUDA0 0.951292 124247 40
CPU12 44.307512 124208 sgemm sgemm CUDA1 1.200424 124248 40
CPU13 44.422392 124212 sgemm sgemm CUDA2 1.207966 124252 40
CPU7 44.767200 124213 sgemm sgemm CUDA3 1.257897 124253 40
CPU19 44.708691 124214 sgemm sgemm CUDA3 0.046200 124254 40
CPU8 44.865797 124215 sgemm sgemm CUDA0 1.008678 124255 40
CPU5 44.622012 124216 sgemm sgemm CUDA0 1.200071 124256 40
CPU18 44.154484 124217 sgemm sgemm CUDA0 5.527166 124257 40
CPU19 44.625794 124218 sgemm sgemm CUDA3 1.200418 124258 40
CPU11 44.441039 124219 sgemm sgemm CUDA0 1.072584 124259 40
CPU1 44.599165 124220 sgemm sgemm CUDA0 1.199956 124260 40
CPU5 44.566366 124221 sgemm sgemm CUDA3 12.630128 124261 40
CPU10 44.519733 124222 sgemm sgemm CUDA3 0.090201 124262 40
CPU3 44.855838 124223 sgemm sgemm CUDA0 1.012617 124263 40
CPU13 44.333986 124227 sgemm sgemm CUDA2 1.013142 124267 40
CPU0 44.824504 124228 sgemm sgemm CUDA3 1.258856 124268 40
CPU8 44.599067 124229 sgemm sgemm CUDA2 1.197156 124269 40
CPU6 44.639468 124230 sgemm sgemm CUDA1 8.088711 124270 40
CPU4 44.890466 124231 sgemm sgemm CUDA1 1.257434 124271 40
CPU17 44.442846 124232 sgemm sgemm CUDA1 1.202265 124272 40
CPU10 44.643618 124233 sgemm sgemm CUDA1 1.200536 124273 40
CPU11 44.474685 124234 sgemm sgemm CUDA1 1.201660 124274 40
CPU0 45.091470 124235 sgemm sgemm CUDA1 1.015659 124275 40
CPU12 44.548688 124236 sgemm sgemm CUDA1 1.262082 124276 40
CPU12 44.455770 124237 sgemm sgemm CUDA1 1.257947 124277 40
CPU12 44.458983 124238 sgemm sgemm CUDA1 1.259991 124278 40
CPU13 44.387803 124242 sgemm sgemm CUDA3 1.011728 124282 40
CPU9 44.383113 124243 sgemm sgemm CUDA3 0.958542 124283 40
CPU1 44.472819 124244 sgemm sgemm CUDA2 8.000754 124284 40
CPU7 44.632962 124245 sgemm sgemm CUDA2 1.018382 124285 40
CPU4 44.441119 124246 sgemm sgemm CUDA2 15.403913 124286 40
CPU18 44.235700 124247 sgemm sgemm CUDA2 1.271438 124287 40
CPU10 44.653016 124248 sgemm sgemm CUDA3 1.203162 124288 40
CPU11 44.649101 124249 sgemm sgemm CUDA2 1.065386 124289 40
CPU7 44.420370 124250 sgemm sgemm CUDA3 10.495395 124290 40
CPU19 44.479930 124251 sgemm sgemm CUDA3 0.043501 124291 40
CPU19 44.434172 124252 sgemm sgemm CUDA3 1.317687 124292 40
CPU7 44.572224 124253 sgemm sgemm CUDA3 1.260798 124293 40
CPU13 44.354373 124257 sgemm sgemm CUDA3 1.257964 124297 40
CPU1 44.370698 124258 sgemm sgemm CUDA3 1.265422 124298 40
CPU0 44.686378 124259 sgemm sgemm CUDA3 1.265236 124299 40
CPU6 44.607666 124260 sgemm sgemm CUDA1 1.221336 124300 40
CPU5 44.221599 124261 sgemm sgemm CUDA1 1.066479 124301 40
CPU18 44.300276 124262 sgemm sgemm CUDA1 1.074086 124302 40
CPU17 44.596083 124263 sgemm sgemm CUDA1 1.259906 124303 40
CPU11 44.692264 124264 sgemm sgemm CUDA1 1.259385 124304 40
CPU3 44.068280 124265 sgemm sgemm CUDA3 1.261769 124305 40
CPU4 44.777046 124266 sgemm sgemm CUDA1 1.256042 124306 40
CPU10 44.579301 124267 sgemm sgemm CUDA3 1.078792 124307 40
CPU13 44.354109 124268 sgemm sgemm CUDA1 1.073248 124308 40
CPU13 44.340314 124272 sgemm sgemm CUDA3 1.355994 124312 40
CPU1 44.536839 124273 sgemm sgemm CUDA3 11.573731 124313 40
CPU2 44.687234 124274 sgemm sgemm CUDA1 1.288327 124314 40
CPU6 44.967521 124275 sgemm sgemm CUDA1 1.252379 124315 40
CPU5 44.420789 124276 sgemm sgemm CUDA1 1.262730 124316 40
CPU17 44.442722 124277 sgemm sgemm CUDA1 1.257754 124317 40
CPU10 47.956777 124278 sgemm sgemm CUDA1 1.071333 124318 40
CPU11 44.415176 124279 sgemm sgemm CUDA1 1.068923 124319 40
CPU0 44.728956 124280 sgemm sgemm CUDA1 1.066622 124320 40
CPU19 44.315210 124281 sgemm sgemm CUDA1 1.261575 124321 40
CPU10 44.620359 124282 sgemm sgemm CUDA3 0.061738 124322 40
CPU13 44.361397 124283 sgemm sgemm CUDA1 1.259873 124323 40
CPU13 44.604269 124287 sgemm sgemm CUDA3 16.757951 124327 40
CPU3 44.728078 124288 sgemm sgemm CUDA0 5.506641 124328 40
CPU10 44.517687 124289 sgemm sgemm CUDA0 0.046022 124329 40
CPU0 45.052275 124290 sgemm sgemm CUDA2 1.010916 124330 40
CPU5 44.618532 124291 sgemm sgemm CUDA2 5.136508 124331 40
CPU18 44.302471 124292 sgemm sgemm CUDA0 1.302822 124332 40
CPU10 45.806052 124293 sgemm sgemm CUDA0 1.257002 124333 40
CPU11 44.530888 124294 sgemm sgemm CUDA2 12.023320 124334 40
CPU7 44.560566 124295 sgemm sgemm CUDA2 1.298191 124335 40
CPU12 44.401151 124296 sgemm sgemm CUDA2 1.260654 124336 40
CPU12 44.456756 124297 sgemm sgemm CUDA3 1.020513 124337 40
CPU12 44.444792 124298 sgemm sgemm CUDA3 1.257027 124338 40
CPU13 44.519659 124302 sgemm sgemm CUDA2 1.254650 124342 40
CPU2 44.676951 124303 sgemm sgemm CUDA2 1.066879 124343 40
CPU6 44.784879 124304 sgemm sgemm CUDA2 1.260548 124344 40
CPU0 44.928739 124305 sgemm sgemm CUDA2 1.263598 124345 40
CPU5 44.499895 124306 sgemm sgemm CUDA2 1.070538 124346 40
CPU18 44.237963 124307 sgemm sgemm CUDA2 1.258454 124347 40
CPU19 44.746779 124308 sgemm sgemm CUDA3 11.952422 124348 40
CPU11 44.545214 124309 sgemm sgemm CUDA2 1.258554 124349 40
CPU3 44.462729 124310 sgemm sgemm CUDA3 0.069925 124350 40
CPU5 44.460831 124311 sgemm sgemm CUDA2 1.258629 124351 40
CPU19 44.351931 124312 sgemm sgemm CUDA3 1.357198 124352 40
CPU13 44.434376 124313 sgemm sgemm CUDA2 1.072536 124353 40
CPU13 44.445902 124317 sgemm sgemm CUDA3 11.913079 124357 40
CPU9 44.248950 124318 sgemm sgemm CUDA3 0.050320 124358 40
CPU3 44.855478 124319 sgemm sgemm CUDA2 1.073038 124359 40
CPU9 44.609307 124320 sgemm sgemm CUDA2 1.066785 124360 40
CPU4 44.792972 124321 sgemm sgemm CUDA2 1.074529 124361 40
CPU17 44.561263 124322 sgemm sgemm CUDA2 1.264901 124362 40
CPU19 44.767342 124323 sgemm sgemm CUDA3 1.339553 124363 40
CPU11 44.373902 124324 sgemm sgemm CUDA1 10.642955 124364 40
CPU3 44.210250 124325 sgemm sgemm CUDA1 1.324078 124365 40
CPU12 44.710357 124326 sgemm sgemm CUDA1 1.260743 124366 40
CPU12 44.476125 124327 sgemm sgemm CUDA1 12.366577 124367 40
CPU12 44.396401 124328 sgemm sgemm CUDA2 1.266461 124368 40
CPU13 44.454332 124332 sgemm sgemm CUDA3 0.045404 124372 40
CPU2 44.427231 124333 sgemm sgemm CUDA3 1.013603 124373 40
CPU2 44.602943 124334 sgemm sgemm CUDA3 6.107557 124374 40
CPU0 44.620703 124335 sgemm sgemm CUDA1 1.254902 124375 40
CPU4 44.415515 124336 sgemm sgemm CUDA1 1.247425 124376 40
CPU18 44.341760 124337 sgemm sgemm CUDA1 1.259630 124377 40
CPU17 44.739750 124338 sgemm sgemm CUDA1 1.258770 124378 40
CPU11 44.435961 124339 sgemm sgemm CUDA1 1.073334 124379 40
CPU7 44.405194 124340 sgemm sgemm CUDA2 1.302762 124380 40
CPU17 44.569417 124341 sgemm sgemm CUDA2 1.071363 124381 40
CPU10 44.542436 124342 sgemm sgemm CUDA3 1.269156 124382 40
CPU13 44.488623 124343 sgemm sgemm CUDA2 1.257403 124383 40
CPU13 44.501771 124347 sgemm sgemm CUDA3 0.062267 124387 40
CPU2 44.323887 124348 sgemm sgemm CUDA3 1.322728 124388 40
CPU1 44.414540 124349 sgemm sgemm CUDA3 1.263219 124389 40
CPU1 44.473313 124350 sgemm sgemm CUDA1 1.287945 124390 40
CPU5 44.574635 124351 sgemm sgemm CUDA3 1.064942 124391 40
CPU18 44.427838 124352 sgemm sgemm CUDA1 1.260239 124392 40
CPU10 44.331723 124353 sgemm sgemm CUDA1 1.070160 124393 40
CPU11 44.505915 124354 sgemm sgemm CUDA2 0.186022 124394 40
CPU1 44.525116 124355 sgemm sgemm CUDA3 1.258356 124395 40
CPU3 44.700772 124356 sgemm sgemm CUDA2 1.328633 124396 40
CPU8 44.593626 124357 sgemm sgemm CUDA3 1.255088 124397 40
CPU13 44.392752 124358 sgemm sgemm CUDA3 1.070702 124398 40
CPU13 44.373862 124362 sgemm sgemm CUDA3 1.210219 124402 40
CPU0 44.863117 124363 sgemm sgemm CUDA2 1.322948 124403 40
CPU9 44.464835 124364 sgemm sgemm CUDA2 1.251371 124404 40
CPU9 44.604630 124365 sgemm sgemm CUDA2 1.067646 124405 40
CPU4 44.676188 124366 sgemm sgemm CUDA2 1.067512 124406 40
CPU17 44.811521 124367 sgemm sgemm CUDA1 1.008844 124407 40
CPU10 44.433722 124368 sgemm sgemm CUDA1 1.258080 124408 40
CPU11 44.393651 124369 sgemm sgemm CUDA1 1.065789 124409 40
CPU3 44.315982 124370 sgemm sgemm CUDA2 19.456616 124410 40
CPU5 44.661365 124371 sgemm sgemm CUDA3 1.264206 124411 40
CPU10 44.527842 124372 sgemm sgemm CUDA0 0.061362 124412 40
CPU13 44.373142 124373 sgemm sgemm CUDA0 11.998266 124413 40
CPU13 44.498926 124377 sgemm sgemm CUDA2 1.361654 124417 40
CPU2 44.347821 124378 sgemm sgemm CUDA2 1.258525 124418 40
CPU5 44.855675 124379 sgemm sgemm CUDA3 1.255114 124419 40
CPU7 44.933278 124380 sgemm sgemm CUDA2 1.065451 124420 40
CPU5 44.751345 124381 sgemm sgemm CUDA2 1.070462 124421 40
CPU18 44.316940 124382 sgemm sgemm CUDA2 1.070293 124422 40
CPU18 44.296547 124383 sgemm sgemm CUDA3 1.263806 124423 40
CPU11 44.473745 124384 sgemm sgemm CUDA3 1.264019 124424 40
CPU3 44.360706 124385 sgemm sgemm CUDA3 1.256967 124425 40
CPU12 44.582925 124386 sgemm sgemm CUDA3 1.063385 124426 40
CPU12 44.493137 124387 sgemm sgemm CUDA3 1.253668 124427 40
CPU12 44.451073 124388 sgemm sgemm CUDA2 1.073187 124428 40
CPU13 44.540043 124392 sgemm sgemm CUDA0 1.169146 124432 40
CPU9 44.309196 124393 sgemm sgemm CUDA0 1.070605 124433 40
CPU8 44.060681 124394 sgemm sgemm CUDA0 1.259118 124434 40
CPU6 44.510478 124395 sgemm sgemm CUDA0 1.074443 124435 40
CPU5 44.391788 124396 sgemm sgemm CUDA0 1.260070 124436 40
CPU18 44.479238 124397 sgemm sgemm CUDA1 1.207497 124437 40
CPU19 45.033473 124398 sgemm sgemm CUDA1 1.255926 124438 40
CPU11 44.449758 124399 sgemm sgemm CUDA0 1.267982 124439 40
CPU3 44.259262 124400 sgemm sgemm CUDA1 1.172420 124440 40
CPU4 44.332292 124401 sgemm sgemm CUDA1 1.271626 124441 40
CPU3 44.193757 124402 sgemm sgemm CUDA0 1.262162 124442 40
CPU13 44.654314 124403 sgemm sgemm CUDA0 1.068236 124443 40
CPU13 44.567892 124407 sgemm sgemm CUDA2 11.928796 124447 40
CPU1 44.381631 124408 sgemm sgemm CUDA2 1.384198 124448 40
CPU0 45.044390 124409 sgemm sgemm CUDA2 1.256205 124449 40
CPU9 44.723374 124410 sgemm sgemm CUDA0 1.251459 124450 40
CPU5 44.556563 124411 sgemm sgemm CUDA3 1.213133 124451 40
CPU17 44.578540 124412 sgemm sgemm CUDA3 1.267831 124452 40
CPU10 44.835287 124413 sgemm sgemm CUDA3 1.068107 124453 40
CPU11 44.367378 124414 sgemm sgemm CUDA2 1.260218 124454 40
CPU3 44.433527 124415 sgemm sgemm CUDA2 1.060030 124455 40
CPU12 44.461014 124416 sgemm sgemm CUDA3 1.069612 124456 40
CPU12 45.774945 124417 sgemm sgemm CUDA0 1.259360 124457 40
CPU12 47.677094 124418 sgemm sgemm CUDA0 1.256688 124458 40
CPU13 44.387479 124422 sgemm sgemm CUDA2 11.137440 124462 40
CPU0 44.708137 124423 sgemm sgemm CUDA2 0.051351 124463 40
CPU5 44.961297 124424 sgemm sgemm CUDA2 1.329395 124464 40
CPU8 44.889766 124425 sgemm sgemm CUDA2 1.087285 124465 40
CPU4 44.782469 124426 sgemm sgemm CUDA2 1.258054 124466 40
CPU18 44.210186 124427 sgemm sgemm CUDA0 1.208834 124467 40
CPU10 44.607890 124428 sgemm sgemm CUDA1 11.069588 124468 40
CPU7 44.917485 124429 sgemm sgemm CUDA1 0.049728 124469 40
CPU0 44.921592 124430 sgemm sgemm CUDA1 1.353526 124470 40
CPU7 44.832753 124431 sgemm sgemm CUDA1 1.069440 124471 40
CPU19 44.269623 124432 sgemm sgemm CUDA1 1.258347 124472 40
CPU13 44.436801 124433 sgemm sgemm CUDA2 1.257489 124473 40
CPU13 44.625495 124437 sgemm sgemm CUDA0 1.275039 124477 40
CPU3 44.588239 124438 sgemm sgemm CUDA2 1.330922 124478 40
CPU7 44.657097 124439 sgemm sgemm CUDA1 1.250741 124479 40
CPU9 44.510111 124440 sgemm sgemm CUDA1 1.259657 124480 40
CPU5 44.556444 124441 sgemm sgemm CUDA0 11.791630 124481 40
CPU18 44.301798 124442 sgemm sgemm CUDA2 1.257917 124482 40
CPU19 44.449684 124443 sgemm sgemm CUDA0 0.189888 124483 40
CPU11 44.339909 124444 sgemm sgemm CUDA1 1.261055 124484 40
CPU3 44.431979 124445 sgemm sgemm CUDA2 1.069193 124485 40
CPU4 44.797188 124446 sgemm sgemm CUDA0 1.263723 124486 40
CPU10 44.499970 124447 sgemm sgemm CUDA0 1.259533 124487 40
CPU13 44.488435 124448 sgemm sgemm CUDA1 1.072091 124488 40
CPU13 44.649189 124452 sgemm sgemm CUDA0 1.227752 124492 40
CPU1 44.430227 124453 sgemm sgemm CUDA0 1.263479 124493 40
CPU1 44.342483 124454 sgemm sgemm CUDA3 0.049295 124494 40
CPU7 44.778925 124455 sgemm sgemm CUDA0 1.252363 124495 40
CPU5 44.574100 124456 sgemm sgemm CUDA3 1.322779 124496 40
CPU17 44.582061 124457 sgemm sgemm CUDA3 1.263295 124497 40
CPU10 44.413804 124458 sgemm sgemm CUDA0 1.064318 124498 40
CPU11 44.326874 124459 sgemm sgemm CUDA2 0.052186 124499 40
CPU3 44.523209 124460 sgemm sgemm CUDA3 1.257763 124500 40
CPU5 44.624568 124461 sgemm sgemm CUDA3 1.072393 124501 40
CPU10 44.644985 124462 sgemm sgemm CUDA2 1.472907 124502 40
CPU5 44.656075 124463 sgemm sgemm CUDA2 1.071722 124503 40
CPU13 44.644505 124467 sgemm sgemm CUDA3 1.067180 124507 40
CPU9 44.187288 124468 sgemm sgemm CUDA1 1.443588 124508 40
CPU0 44.583955 124469 sgemm sgemm CUDA1 1.080758 124509 40
CPU6 44.216307 124470 sgemm sgemm CUDA1 1.067394 124510 40
CPU5 44.013349 124471 sgemm sgemm CUDA1 1.068316 124511 40
CPU18 44.607069 124472 sgemm sgemm CUDA2 0.254314 124512 40
CPU19 44.778252 124473 sgemm sgemm CUDA2 1.078986 124513 40
CPU11 44.561238 124474 sgemm sgemm CUDA2 1.062977 124514 40
CPU3 44.082220 124475 sgemm sgemm CUDA2 1.256399 124515 40
CPU12 45.170604 124476 sgemm sgemm CUDA2 1.263297 124516 40
CPU12 46.202414 124477 sgemm sgemm CUDA2 1.070119 124517 40
CPU12 45.351571 124478 sgemm sgemm CUDA1 1.262190 124518 40
CPU13 44.675446 124482 sgemm sgemm CUDA2 1.254536 124522 40
CPU9 44.224972 124483 sgemm sgemm CUDA2 1.069568 124523 40
CPU19 44.617738 124484 sgemm sgemm CUDA2 1.256369 124524 40
CPU1 44.383563 124485 sgemm sgemm CUDA2 1.066779 124525 40
CPU4 44.502406 124486 sgemm sgemm CUDA2 1.260660 124526 40
CPU18 45.026862 124487 sgemm sgemm CUDA3 1.068184 124527 40
CPU18 44.724828 124488 sgemm sgemm CUDA2 0.067470 124528 40
CPU11 44.535525 124489 sgemm sgemm CUDA2 1.262713 124529 40
CPU3 44.150281 124490 sgemm sgemm CUDA3 12.358147 124530 40
CPU18 44.409111 124491 sgemm sgemm CUDA2 14.218826 124531 40
CPU19 44.471041 124492 sgemm sgemm CUDA2 0.039268 124532 40
CPU13 44.534068 124493 sgemm sgemm CUDA3 0.039930 124533 40
CPU13 44.633600 124497 sgemm sgemm CUDA2 1.070822 124537 40
CPU1 44.353367 124498 sgemm sgemm CUDA2 1.072318 124538 40
CPU6 44.437826 124499 sgemm sgemm CUDA2 1.073443 124539 40
CPU8 44.317378 124500 sgemm sgemm CUDA2 1.263737 124540 40
CPU4 44.389534 124501 sgemm sgemm CUDA2 1.066548 124541 40
CPU17 44.475346 124502 sgemm sgemm CUDA2 12.688426 124542 40
CPU10 44.587824 124503 sgemm sgemm CUDA2 0.080092 124543 40
CPU11 44.298059 124504 sgemm sgemm CUDA3 1.330996 124544 40
CPU3 44.475065 124505 sgemm sgemm CUDA3 1.257182 124545 40
CPU4 44.672419 124506 sgemm sgemm CUDA2 1.333698 124546 40
CPU10 44.482777 124507 sgemm sgemm CUDA3 1.266697 124547 40
CPU13 44.673818 124508 sgemm sgemm CUDA3 1.256554 124548 40
CPU13 44.695450 124512 sgemm sgemm CUDA3 0.063012 124552 40
CPU8 44.476732 124513 sgemm sgemm CUDA3 1.307291 124553 40
CPU7 44.675291 124514 sgemm sgemm CUDA3 1.260064 124554 40
CPU6 44.744718 124515 sgemm sgemm CUDA3 1.072195 124555 40
CPU4 44.670574 124516 sgemm sgemm CUDA0 1.005510 124556 40
CPU18 44.161029 124517 sgemm sgemm CUDA3 1.268991 124557 40
CPU10 44.435141 124518 sgemm sgemm CUDA0 1.253715 124558 40
CPU11 44.281971 124519 sgemm sgemm CUDA0 13.354869 124559 40
CPU3 44.540753 124520 sgemm sgemm CUDA3 1.257088 124560 40
CPU5 44.601964 124521 sgemm sgemm CUDA0 0.050701 124561 40
CPU10 44.625987 124522 sgemm sgemm CUDA0 1.298542 124562 40
CPU12 46.698252 124523 sgemm sgemm CUDA2 0.503578 124563 40
CPU13 44.555452 124527 sgemm sgemm CUDA2 0.254157 124567 40
CPU9 44.463883 124528 sgemm sgemm CUDA2 1.272097 124568 40
CPU11 44.786342 124529 sgemm sgemm CUDA2 10.987010 124569 40
CPU9 44.955233 124530 sgemm sgemm CUDA2 0.057345 124570 40
CPU4 44.666698 124531 sgemm sgemm CUDA0 1.253917 124571 40
CPU18 44.295833 124532 sgemm sgemm CUDA0 1.061684 124572 40
CPU17 44.516123 124533 sgemm sgemm CUDA0 1.262256 124573 40
CPU11 44.208095 124534 sgemm sgemm CUDA0 1.258805 124574 40
CPU3 44.646402 124535 sgemm sgemm CUDA0 1.067213 124575 40
CPU17 44.723137 124536 sgemm sgemm CUDA0 1.070215 124576 40
CPU19 44.477158 124537 sgemm sgemm CUDA3 1.067788 124577 40
CPU13 44.478092 124538 sgemm sgemm CUDA3 1.067690 124578 40
CPU13 44.646625 124542 sgemm sgemm CUDA3 1.072721 124582 40
CPU8 44.573845 124543 sgemm sgemm CUDA1 1.062962 124583 40
CPU11 44.826909 124544 sgemm sgemm CUDA1 1.256635 124584 40
CPU8 44.955453 124545 sgemm sgemm CUDA1 1.257717 124585 40
CPU5 44.741100 124546 sgemm sgemm CUDA1 1.255827 124586 40
CPU17 44.366836 124547 sgemm sgemm CUDA0 1.069218 124587 40
CPU17 44.353895 124548 sgemm sgemm CUDA0 1.255812 124588 40
CPU11 44.160268 124549 sgemm sgemm CUDA0 1.066253 124589 40
CPU3 44.598548 124550 sgemm sgemm CUDA0 1.258977 124590 40
CPU5 44.653107 124551 sgemm sgemm CUDA0 1.259813 124591 40
CPU10 44.756567 124552 sgemm sgemm CUDA1 1.070133 124592 40
CPU13 44.514358 124553 sgemm sgemm CUDA0 1.256478 124593 40
CPU13 44.606312 124557 sgemm sgemm CUDA2 0.767078 124597 40
CPU3 44.413450 124558 sgemm sgemm CUDA2 1.265309 124598 40
CPU8 44.206635 124559 sgemm sgemm CUDA1 11.864741 124599 40
CPU0 44.720032 124560 sgemm sgemm CUDA2 1.068760 124600 40
CPU4 44.434541 124561 sgemm sgemm CUDA1 0.072965 124601 40
CPU12 45.308841 124562 sgemm sgemm CUDA1 1.310194 124602 40
CPU10 44.260098 124563 sgemm sgemm CUDA2 1.260136 124603 40
CPU11 44.292551 124564 sgemm sgemm CUDA2 1.202948 124604 40
CPU3 44.399135 124565 sgemm sgemm CUDA0 1.066735 124605 40
CPU3 44.605335 124566 sgemm sgemm CUDA0 1.260294 124606 40
CPU12 45.110206 124567 sgemm sgemm CUDA0 1.069312 124607 40
CPU12 44.426994 124568 sgemm sgemm CUDA0 1.070864 124608 40
CPU13 44.753798 124572 sgemm sgemm CUDA2 1.199968 124612 40
CPU3 44.380042 124573 sgemm sgemm CUDA2 1.010031 124613 40
CPU6 44.230757 124574 sgemm sgemm CUDA1 1.223937 124614 40
CPU9 44.289293 124575 sgemm sgemm CUDA1 1.194950 124615 40
CPU5 44.390423 124576 sgemm sgemm CUDA1 1.198854 124616 40
CPU12 44.850190 124577 sgemm sgemm CUDA1 1.196882 124617 40
CPU19 44.804933 124578 sgemm sgemm CUDA3 1.192003 124618 40
CPU11 44.653896 124579 sgemm sgemm CUDA3 1.060863 124619 40
CPU3 44.106977 124580 sgemm sgemm CUDA3 1.259008 124620 40
CPU12 44.861141 124581 sgemm sgemm CUDA1 1.201974 124621 40
CPU12 44.814167 124582 sgemm sgemm CUDA3 1.201420 124622 40
CPU12 44.680377 124583 sgemm sgemm CUDA3 1.005827 124623 40
CPU13 32.263198 124589 strsm strsm CUDA0 1.645525 124629 40
CPU9 31.494936 124593 strsm strsm CUDA1 0.855766 124633 40
CPU15 33.018790 124597 strsm strsm CUDA3 2.715555 124637 40
CPU7 32.018676 124601 strsm strsm CUDA2 2.740942 124641 40
CPU5 31.780992 124605 strsm strsm CUDA2 12.009329 124645 40
CPU11 31.566613 124609 strsm strsm CUDA2 0.044493 124649 40
CPU10 32.160897 124613 strsm strsm CUDA0 2.725903 124653 40
CPU11 31.636072 124617 strsm strsm CUDA0 4.065922 124657 40
CPU12 32.331708 124621 strsm strsm CUDA3 12.617071 124661 40
CPU12 32.558335 124625 strsm strsm CUDA3 2.659115 124665 40
CPU12 33.006535 124629 strsm strsm CUDA3 0.324053 124669 40
CPU12 32.389589 124633 strsm strsm CUDA1 2.773549 124673 40
CPU0 15.576640 124637 strtri strtri CPU -1 124677 40
CPU7 31.219718 124639 strsm strsm CPU11 98.755600 124679 40
CPU8 30.546292 124641 strsm strsm CPU -1 124681 40
CPU2 30.545075 124643 strsm strsm CPU31 82.353520 124683 40
CPU10 31.383205 124645 strsm strsm CPU19 68.086086 124685 40
CPU8 31.255846 124647 strsm strsm CPU24 81.508330 124687 40
CPU2 30.904100 124649 strsm strsm CPU -1 124689 40
CPU8 30.441348 124651 strsm strsm CPU17 96.473137 124691 40
CPU8 30.589378 124653 strsm strsm CPU24 113.160121 124693 40
CPU15 31.500766 124655 strsm strsm CPU19 172.168658 124695 40
CPU16 30.560764 124657 strsm strsm CPU35 265.829128 124697 40
CPU4 31.994387 124659 strsm strsm CPU -1 124699 40
CPU4 31.267535 124661 strsm strsm CPU -1 124701 40
CPU4 31.287825 124663 strsm strsm CUDA2 2.953677 124703 40
CPU10 31.198011 124665 strsm strsm CUDA2 13.082121 124705 40
CPU2 30.643485 124667 strsm strsm CUDA2 10.319162 124707 40
CPU13 31.088312 124669 strsm strsm CUDA2 2.864680 124709 40
CPU10 30.998454 124671 strsm strsm CUDA2 2.784650 124711 40
CPU12 30.991460 124673 strsm strsm CUDA0 2.910836 124713 40
CPU6 31.328903 124675 strsm strsm CUDA2 2.984595 124715 40
CPU11 30.541863 124677 strsm strsm CUDA0 11.952593 124717 40
CPU15 30.656941 124679 strsm strsm CUDA0 10.432118 124719 40
CPU4 31.308208 124681 strsm strsm CUDA0 2.799501 124721 40
CPU3 31.429128 124683 strsm strsm CUDA2 2.852643 124723 40
CPU13 31.139976 124685 strsm strsm CUDA2 2.860452 124725 40
CPU2 30.927806 124687 strsm strsm CUDA2 2.798379 124727 40
CPU1 30.954202 124689 strsm strsm CUDA0 2.963045 124729 40
CPU12 30.953119 124691 strsm strsm CUDA0 2.759069 124731 40
CPU10 31.121523 124693 strsm strsm CUDA2 2.722924 124733 40
CPU10 31.321325 124695 strsm strsm CUDA2 3.025978 124735 40
CPU15 32.060906 124697 strsm strsm CUDA2 2.911940 124737 40
CPU6 31.056185 124699 strsm strsm CUDA2 2.874472 124739 40
CPU13 31.862695 124701 strsm strsm CUDA2 2.849909 124741 40
CPU19 30.941304 124703 strsm strsm CUDA2 2.846546 124743 40
CPU7 31.535915 124705 strsm strsm CUDA2 2.877457 124745 40
CPU19 30.997610 124707 strsm strsm CUDA0 13.767594 124747 40
CPU0 30.872711 124709 strsm strsm CUDA2 12.166342 124749 40
CPU13 44.667602 124711 sgemm sgemm CUDA3 1.063119 124751 40
CPU1 44.280525 124712 sgemm sgemm CUDA1 1.258693 124752 40
CPU1 44.520259 124713 sgemm sgemm CUDA1 1.064487 124753 40
CPU9 44.434368 124714 sgemm sgemm CUDA1 0.758527 124754 40
CPU4 44.744954 124715 sgemm sgemm CUDA1 7.004365 124755 40
CPU18 44.384822 124716 sgemm sgemm CUDA1 1.008474 124756 40
CPU18 44.424602 124717 sgemm sgemm CUDA3 1.410392 124757 40
CPU19 44.433233 124718 sgemm sgemm CUDA1 1.256614 124758 40
CPU3 44.574765 124719 sgemm sgemm CUDA1 1.090367 124759 40
CPU4 44.713271 124720 sgemm sgemm CUDA1 0.520048 124760 40
CPU10 44.730249 124721 sgemm sgemm CUDA1 1.223013 124761 40
CPU12 44.382760 124722 sgemm sgemm CUDA1 1.264403 124762 40
CPU13 44.611682 124723 sgemm sgemm CUDA3 13.031425 124763 40
CPU13 44.570255 124727 sgemm sgemm CUDA3 1.262607 124767 40
CPU0 44.990343 124728 sgemm sgemm CUDA3 1.069136 124768 40
CPU10 44.584009 124729 sgemm sgemm CUDA2 1.021973 124769 40
CPU8 44.667570 124730 sgemm sgemm CUDA1 0.045226 124770 40
CPU5 44.379016 124731 sgemm sgemm CUDA2 0.091159 124771 40
CPU18 44.221396 124732 sgemm sgemm CUDA2 1.066597 124772 40
CPU18 44.450962 124733 sgemm sgemm CUDA3 0.892713 124773 40
CPU11 44.343697 124734 sgemm sgemm CUDA1 1.073325 124774 40
CPU9 44.365920 124735 sgemm sgemm CUDA2 0.041987 124775 40
CPU4 44.493236 124736 sgemm sgemm CUDA2 1.259008 124776 40
CPU19 44.667910 124737 sgemm sgemm CUDA3 1.260630 124777 40
CPU12 44.508352 124738 sgemm sgemm CUDA1 0.757304 124778 40
CPU13 44.682760 124739 sgemm sgemm CUDA2 1.199684 124779 40
CPU13 44.593177 124743 sgemm sgemm CUDA2 1.075540 124783 40
CPU2 44.455326 124744 sgemm sgemm CUDA3 1.257564 124784 40
CPU4 44.851848 124745 sgemm sgemm CUDA2 1.261843 124785 40
CPU0 44.350512 124746 sgemm sgemm CUDA2 1.066981 124786 40
CPU5 44.641634 124747 sgemm sgemm CUDA2 1.337493 124787 40
CPU17 44.678364 124748 sgemm sgemm CUDA2 1.262551 124788 40
CPU19 113.053966 124749 sgemm sgemm CUDA0 1.307281 124789 40
CPU11 44.416395 124750 sgemm sgemm CUDA3 1.259885 124790 40
CPU12 44.770062 124751 sgemm sgemm CUDA2 1.022129 124791 40
CPU4 44.734195 124752 sgemm sgemm CUDA0 1.202349 124792 40
CPU10 44.749571 124753 sgemm sgemm CUDA3 1.065448 124793 40
CPU12 44.451667 124754 sgemm sgemm CUDA0 1.265275 124794 40
CPU12 44.498163 124755 sgemm sgemm CUDA3 1.201905 124795 40
CPU13 44.573562 124759 sgemm sgemm CUDA0 1.282859 124799 40
CPU0 44.458642 124760 sgemm sgemm CUDA1 1.346719 124800 40
CPU9 44.370887 124761 sgemm sgemm CUDA1 0.585208 124801 40
CPU8 44.411739 124762 sgemm sgemm CUDA1 0.059564 124802 40
CPU5 44.397990 124763 sgemm sgemm CUDA1 0.116462 124803 40
CPU17 44.625753 124764 sgemm sgemm CUDA1 0.925174 124804 40
CPU10 44.581762 124765 sgemm sgemm CUDA0 1.260587 124805 40
CPU11 44.367985 124766 sgemm sgemm CUDA1 0.058926 124806 40
CPU3 44.227348 124767 sgemm sgemm CUDA1 0.573040 124807 40
CPU4 44.458102 124768 sgemm sgemm CUDA0 1.066424 124808 40
CPU19 44.636493 124769 sgemm sgemm CUDA1 11.795842 124809 40
CPU12 44.482383 124770 sgemm sgemm CUDA1 1.199072 124810 40
CPU13 44.598545 124771 sgemm sgemm CUDA1 0.045398 124811 40
CPU13 44.372155 124775 sgemm sgemm CUDA0 1.258325 124815 40
CPU9 44.571005 124776 sgemm sgemm CUDA1 1.256234 124816 40
CPU3 44.275301 124777 sgemm sgemm CUDA2 1.083068 124817 40
CPU7 44.867107 124778 sgemm sgemm CUDA2 0.054749 124818 40
CPU5 44.710794 124779 sgemm sgemm CUDA2 1.063386 124819 40
CPU18 44.375320 124780 sgemm sgemm CUDA2 1.073398 124820 40
CPU10 44.505098 124781 sgemm sgemm CUDA0 1.256240 124821 40
CPU11 44.309981 124782 sgemm sgemm CUDA1 10.249115 124822 40
CPU0 44.898500 124783 sgemm sgemm CUDA2 1.257223 124823 40
CPU4 44.737969 124784 sgemm sgemm CUDA2 1.071560 124824 40
CPU9 44.730797 124785 sgemm sgemm CUDA1 0.061316 124825 40
CPU12 44.301274 124786 sgemm sgemm CUDA0 0.050460 124826 40
CPU13 44.470842 124787 sgemm sgemm CUDA2 0.040758 124827 40
CPU13 44.429809 124791 sgemm sgemm CUDA0 1.267133 124831 40
CPU9 44.506347 124792 sgemm sgemm CUDA3 1.264652 124832 40
CPU14 44.420648 124793 sgemm sgemm CUDA2 1.259577 124833 40
CPU6 44.630219 124794 sgemm sgemm CUDA2 1.375451 124834 40
CPU5 44.572688 124795 sgemm sgemm CUDA2 1.263397 124835 40
CPU12 44.406550 124796 sgemm sgemm CUDA2 1.266106 124836 40
CPU18 44.605989 124797 sgemm sgemm CUDA0 1.191278 124837 40
CPU11 44.173951 124798 sgemm sgemm CUDA3 0.413654 124838 40
CPU7 44.323513 124799 sgemm sgemm CUDA2 12.110582 124839 40
CPU4 44.526642 124800 sgemm sgemm CUDA0 6.337022 124840 40
CPU12 44.638424 124801 sgemm sgemm CUDA0 1.199072 124841 40
CPU12 44.381754 124802 sgemm sgemm CUDA0 1.329572 124842 40
CPU12 44.499694 124803 sgemm sgemm CUDA2 1.303209 124843 40
CPU13 44.643380 124807 sgemm sgemm CUDA3 0.084045 124847 40
CPU2 44.471037 124808 sgemm sgemm CUDA3 1.068136 124848 40
CPU10 44.697208 124809 sgemm sgemm CUDA3 1.211107 124849 40
CPU0 44.896145 124810 sgemm sgemm CUDA1 1.216834 124850 40
CPU5 44.605235 124811 sgemm sgemm CUDA1 0.102569 124851 40
CPU12 44.297825 124812 sgemm sgemm CUDA1 0.948684 124852 40
CPU10 44.558941 124813 sgemm sgemm CUDA3 1.199274 124853 40
CPU11 44.464290 124814 sgemm sgemm CUDA1 1.012854 124854 40
CPU3 44.378093 124815 sgemm sgemm CUDA1 0.935401 124855 40
CPU4 44.787780 124816 sgemm sgemm CUDA1 1.259934 124856 40
CPU10 44.693226 124817 sgemm sgemm CUDA3 1.009558 124857 40
CPU12 44.367164 124818 sgemm sgemm CUDA3 1.198580 124858 40
CPU12 44.420987 124819 sgemm sgemm CUDA3 1.015492 124859 40
CPU13 44.536284 124823 sgemm sgemm CUDA3 1.291877 124863 40
CPU0 44.622075 124824 sgemm sgemm CUDA3 1.357089 124864 40
CPU6 44.762048 124825 sgemm sgemm CUDA3 1.068790 124865 40
CPU7 45.071587 124826 sgemm sgemm CUDA2 1.258838 124866 40
CPU5 44.636992 124827 sgemm sgemm CUDA2 1.082222 124867 40
CPU17 44.513870 124828 sgemm sgemm CUDA2 11.799822 124868 40
CPU19 44.676536 124829 sgemm sgemm CUDA3 0.957471 124869 40
CPU11 44.286032 124830 sgemm sgemm CUDA3 1.261790 124870 40
CPU1 44.472062 124831 sgemm sgemm CUDA2 1.260761 124871 40
CPU5 44.443916 124832 sgemm sgemm CUDA2 1.070265 124872 40
CPU19 44.593027 124833 sgemm sgemm CUDA3 1.065701 124873 40
CPU13 44.558104 124834 sgemm sgemm CUDA2 1.256326 124874 40
CPU13 44.814437 124835 sgemm sgemm CUDA3 1.010026 124875 40
CPU13 44.885713 124839 sgemm sgemm CUDA0 1.064786 124879 40
CPU0 44.801565 124840 sgemm sgemm CUDA0 4.238215 124880 40
CPU8 44.098649 124841 sgemm sgemm CUDA2 1.260017 124881 40
CPU1 44.716903 124842 sgemm sgemm CUDA2 1.082330 124882 40
CPU5 44.596854 124843 sgemm sgemm CUDA0 1.209498 124883 40
CPU17 44.376087 124844 sgemm sgemm CUDA2 1.064810 124884 40
CPU19 44.600880 124845 sgemm sgemm CUDA0 1.203230 124885 40
CPU11 44.211797 124846 sgemm sgemm CUDA3 1.258226 124886 40
CPU8 44.470188 124847 sgemm sgemm CUDA2 1.073197 124887 40
CPU4 44.897291 124848 sgemm sgemm CUDA0 0.043490 124888 40
CPU19 44.467585 124849 sgemm sgemm CUDA0 1.201477 124889 40
CPU12 44.615254 124850 sgemm sgemm CUDA0 10.550677 124890 40
CPU13 44.787528 124851 sgemm sgemm CUDA2 1.258758 124891 40
CPU13 44.466384 124855 sgemm sgemm CUDA0 1.071190 124895 40
CPU9 44.388804 124856 sgemm sgemm CUDA0 1.069285 124896 40
CPU19 44.710684 124857 sgemm sgemm CUDA0 1.012910 124897 40
CPU0 44.947427 124858 sgemm sgemm CUDA0 12.108358 124898 40
CPU4 44.821563 124859 sgemm sgemm CUDA0 0.051545 124899 40
CPU12 44.272448 124860 sgemm sgemm CUDA0 0.153155 124900 40
CPU10 45.211599 124861 sgemm sgemm CUDA0 1.193517 124901 40
CPU11 44.287085 124862 sgemm sgemm CUDA0 12.230706 124902 40
CPU9 44.266451 124863 sgemm sgemm CUDA0 0.062640 124903 40
CPU4 44.862618 124864 sgemm sgemm CUDA0 1.063026 124904 40
CPU10 44.572032 124865 sgemm sgemm CUDA0 1.260227 124905 40
CPU12 44.371703 124866 sgemm sgemm CUDA0 1.265034 124906 40
CPU12 44.394353 124867 sgemm sgemm CUDA3 12.630134 124907 40
CPU13 44.554392 124871 sgemm sgemm CUDA0 1.072263 124911 40
CPU0 44.792246 124872 sgemm sgemm CUDA3 9.773026 124912 40
CPU9 45.177402 124873 sgemm sgemm CUDA2 1.260289 124913 40
CPU7 45.636045 124874 sgemm sgemm CUDA2 1.068964 124914 40
CPU5 44.626895 124875 sgemm sgemm CUDA2 1.269632 124915 40
CPU18 44.263549 124876 sgemm sgemm CUDA2 1.192823 124916 40
CPU18 44.648936 124877 sgemm sgemm CUDA1 1.067731 124917 40
CPU11 44.471641 124878 sgemm sgemm CUDA1 1.008113 124918 40
CPU3 44.383630 124879 sgemm sgemm CUDA2 1.068530 124919 40
CPU12 44.391916 124880 sgemm sgemm CUDA1 10.609589 124920 40
CPU12 44.393487 124881 sgemm sgemm CUDA0 1.256245 124921 40
CPU12 44.361643 124882 sgemm sgemm CUDA1 0.958146 124922 40
CPU12 44.393646 124883 sgemm sgemm CUDA3 8.116788 124923 40
CPU13 44.446684 124887 sgemm sgemm CUDA2 1.068191 124927 40
CPU7 44.799525 124888 sgemm sgemm CUDA3 0.044059 124928 40
CPU19 44.502874 124889 sgemm sgemm CUDA3 0.093095 124929 40
CPU8 45.154045 124890 sgemm sgemm CUDA2 1.069609 124930 40
CPU5 44.720655 124891 sgemm sgemm CUDA0 11.813506 124931 40
CPU18 44.386605 124892 sgemm sgemm CUDA2 1.070263 124932 40
CPU17 44.287593 124893 sgemm sgemm CUDA0 1.078505 124933 40
CPU11 44.309855 124894 sgemm sgemm CUDA3 1.147174 124934 40
CPU2 44.496547 124895 sgemm sgemm CUDA0 1.262472 124935 40
CPU5 44.493342 124896 sgemm sgemm CUDA0 1.066382 124936 40
CPU10 44.537695 124897 sgemm sgemm CUDA3 1.214795 124937 40
CPU12 44.381433 124898 sgemm sgemm CUDA0 1.197226 124938 40
CPU13 44.540783 124899 sgemm sgemm CUDA2 1.260013 124939 40
CPU13 44.391547 124903 sgemm sgemm CUDA2 1.004537 124943 40
CPU9 44.640226 124904 sgemm sgemm CUDA3 1.076984 124944 40
CPU8 44.685419 124905 sgemm sgemm CUDA2 1.275148 124945 40
CPU6 44.834536 124906 sgemm sgemm CUDA1 0.063112 124946 40
CPU5 44.620504 124907 sgemm sgemm CUDA1 1.280242 124947 40
CPU17 44.348676 124908 sgemm sgemm CUDA1 1.266208 124948 40
CPU10 44.526352 124909 sgemm sgemm CUDA1 1.260301 124949 40
CPU11 44.413883 124910 sgemm sgemm CUDA1 1.255609 124950 40
CPU3 44.782121 124911 sgemm sgemm CUDA1 1.068356 124951 40
CPU12 44.552782 124912 sgemm sgemm CUDA1 1.071347 124952 40
CPU12 44.437137 124913 sgemm sgemm CUDA3 1.257139 124953 40
CPU12 44.336513 124914 sgemm sgemm CUDA2 1.257134 124954 40
CPU12 44.533909 124915 sgemm sgemm CUDA3 1.070840 124955 40
CPU13 44.587125 124919 sgemm sgemm CUDA0 1.271061 124959 40
CPU9 44.616403 124920 sgemm sgemm CUDA0 1.066051 124960 40
CPU5 44.423351 124921 sgemm sgemm CUDA2 1.068617 124961 40
CPU7 44.964427 124922 sgemm sgemm CUDA2 1.262390 124962 40
CPU5 44.418588 124923 sgemm sgemm CUDA0 1.069359 124963 40
CPU17 44.677825 124924 sgemm sgemm CUDA0 1.068420 124964 40
CPU19 44.527473 124925 sgemm sgemm CUDA1 1.258222 124965 40
CPU11 44.418698 124926 sgemm sgemm CUDA1 1.072455 124966 40
CPU0 44.633868 124927 sgemm sgemm CUDA1 1.080603 124967 40
CPU4 44.787202 124928 sgemm sgemm CUDA1 1.260679 124968 40
CPU19 44.447058 124929 sgemm sgemm CUDA3 1.063305 124969 40
CPU12 44.348311 124930 sgemm sgemm CUDA3 1.063460 124970 40
CPU13 44.733285 124931 sgemm sgemm CUDA3 1.259792 124971 40
CPU13 44.463839 124935 sgemm sgemm CUDA2 12.518481 124975 40
CPU1 44.390902 124936 sgemm sgemm CUDA3 1.250464 124976 40
CPU0 44.782096 124937 sgemm sgemm CUDA3 1.263282 124977 40
CPU6 44.882536 124938 sgemm sgemm CUDA2 0.063431 124978 40
CPU5 44.588696 124939 sgemm sgemm CUDA2 1.319947 124979 40
CPU18 44.465879 124940 sgemm sgemm CUDA2 1.259474 124980 40
CPU17 44.692071 124941 sgemm sgemm CUDA3 1.257979 124981 40
CPU11 44.559335 124942 sgemm sgemm CUDA0 1.234599 124982 40
CPU7 44.404011 124943 sgemm sgemm CUDA0 1.256950 124983 40
CPU4 44.849992 124944 sgemm sgemm CUDA2 1.062223 124984 40
CPU10 44.522399 124945 sgemm sgemm CUDA3 1.260211 124985 40
CPU13 44.449233 124946 sgemm sgemm CUDA0 1.256783 124986 40
CPU13 44.598514 124947 sgemm sgemm CUDA3 1.076719 124987 40
CPU13 44.473150 124951 sgemm sgemm CUDA3 1.286697 124991 40
CPU1 44.553845 124952 sgemm sgemm CUDA3 1.069261 124992 40
CPU2 45.049605 124953 sgemm sgemm CUDA1 1.303282 124993 40
CPU6 45.272891 124954 sgemm sgemm CUDA1 1.063992 124994 40
CPU5 44.552228 124955 sgemm sgemm CUDA1 1.258421 124995 40
CPU17 44.550087 124956 sgemm sgemm CUDA1 1.073540 124996 40
CPU15 44.537802 124957 sgemm sgemm CUDA1 1.072299 124997 40
CPU11 44.324180 124958 sgemm sgemm CUDA1 1.254984 124998 40
CPU3 44.815672 124959 sgemm sgemm CUDA2 1.164748 124999 40
CPU4 45.045367 124960 sgemm sgemm CUDA1 1.255933 125000 40
CPU19 44.368712 124961 sgemm sgemm CUDA3 1.069645 125001 40
CPU13 44.308691 124962 sgemm sgemm CUDA1 1.260613 125002 40
CPU13 44.444525 124963 sgemm sgemm CUDA3 1.074702 125003 40
CPU13 44.518870 124967 sgemm sgemm CUDA3 1.207842 125007 40
CPU3 44.514949 124968 sgemm sgemm CUDA0 1.329141 125008 40
CPU10 44.462597 124969 sgemm sgemm CUDA0 1.062391 125009 40
CPU0 45.192437 124970 sgemm sgemm CUDA2 1.275097 125010 40
CPU5 44.412240 124971 sgemm sgemm CUDA2 1.255047 125011 40
CPU18 44.588928 124972 sgemm sgemm CUDA0 1.258302 125012 40
CPU10 45.188273 124973 sgemm sgemm CUDA0 1.257768 125013 40
CPU11 44.434043 124974 sgemm sgemm CUDA3 1.258007 125014 40
CPU1 44.592014 124975 sgemm sgemm CUDA2 1.065725 125015 40
CPU12 44.548444 124976 sgemm sgemm CUDA2 1.252075 125016 40
CPU12 44.449085 124977 sgemm sgemm CUDA3 1.244725 125017 40
CPU12 44.259355 124978 sgemm sgemm CUDA3 1.256992 125018 40
CPU12 44.318739 124979 sgemm sgemm CUDA3 1.258221 125019 40
CPU13 44.584482 124983 sgemm sgemm CUDA2 1.428259 125023 40
CPU2 44.773181 124984 sgemm sgemm CUDA2 1.069308 125024 40
CPU6 45.012689 124985 sgemm sgemm CUDA2 1.064971 125025 40
CPU0 45.151721 124986 sgemm sgemm CUDA2 1.256224 125026 40
CPU5 44.594108 124987 sgemm sgemm CUDA2 1.256918 125027 40
CPU17 44.527459 124988 sgemm sgemm CUDA2 1.259041 125028 40
CPU19 44.478918 124989 sgemm sgemm CUDA3 0.490120 125029 40
CPU11 44.469175 124990 sgemm sgemm CUDA3 1.262173 125030 40
CPU9 44.419493 124991 sgemm sgemm CUDA3 1.261565 125031 40
CPU5 44.476911 124992 sgemm sgemm CUDA2 1.259023 125032 40
CPU19 44.354924 124993 sgemm sgemm CUDA3 1.255753 125033 40
CPU13 44.480736 124994 sgemm sgemm CUDA0 1.304154 125034 40
CPU13 44.470776 124995 sgemm sgemm CUDA3 1.069073 125035 40
CPU13 44.439982 124999 sgemm sgemm CUDA2 1.255522 125039 40
CPU9 44.227961 125000 sgemm sgemm CUDA2 1.255937 125040 40
CPU3 44.896668 125001 sgemm sgemm CUDA2 1.203021 125041 40
CPU9 44.702742 125002 sgemm sgemm CUDA2 1.070640 125042 40
CPU5 44.593518 125003 sgemm sgemm CUDA2 1.066654 125043 40
CPU17 44.607101 125004 sgemm sgemm CUDA2 1.260114 125044 40
CPU18 44.614460 125005 sgemm sgemm CUDA3 1.256744 125045 40
CPU11 44.285081 125006 sgemm sgemm CUDA1 1.001079 125046 40
CPU8 44.419036 125007 sgemm sgemm CUDA1 1.069345 125047 40
CPU12 44.514768 125008 sgemm sgemm CUDA1 1.066579 125048 40
CPU12 44.381403 125009 sgemm sgemm CUDA1 1.260029 125049 40
CPU12 44.274861 125010 sgemm sgemm CUDA3 1.072501 125050 40
CPU12 44.422010 125011 sgemm sgemm CUDA3 1.068697 125051 40
CPU13 44.536771 125015 sgemm sgemm CUDA3 0.051718 125055 40
CPU2 44.387694 125016 sgemm sgemm CUDA3 1.325028 125056 40
CPU2 44.790115 125017 sgemm sgemm CUDA3 1.071307 125057 40
CPU0 44.736296 125018 sgemm sgemm CUDA0 0.051759 125058 40
CPU5 44.343939 125019 sgemm sgemm CUDA1 0.870467 125059 40
CPU18 44.392828 125020 sgemm sgemm CUDA1 1.254838 125060 40
CPU17 44.439977 125021 sgemm sgemm CUDA1 1.068744 125061 40
CPU11 44.371193 125022 sgemm sgemm CUDA1 1.067263 125062 40
CPU3 44.278689 125023 sgemm sgemm CUDA3 1.258881 125063 40
CPU4 44.704237 125024 sgemm sgemm CUDA2 1.308829 125064 40
CPU10 44.499887 125025 sgemm sgemm CUDA3 1.260563 125065 40
CPU13 44.599644 125026 sgemm sgemm CUDA2 1.178114 125066 40
CPU13 45.115967 125027 sgemm sgemm CUDA3 1.260320 125067 40
CPU13 44.639820 125031 sgemm sgemm CUDA3 1.266891 125071 40
CPU2 44.205989 125032 sgemm sgemm CUDA3 1.069158 125072 40
CPU4 44.587081 125033 sgemm sgemm CUDA3 1.260142 125073 40
CPU1 44.627100 125034 sgemm sgemm CUDA0 1.069667 125074 40
CPU5 44.400972 125035 sgemm sgemm CUDA0 1.065981 125075 40
CPU18 44.520979 125036 sgemm sgemm CUDA1 1.064322 125076 40
CPU10 44.637546 125037 sgemm sgemm CUDA1 1.073132 125077 40
CPU11 44.563030 125038 sgemm sgemm CUDA0 1.068529 125078 40
CPU2 44.240236 125039 sgemm sgemm CUDA3 1.256536 125079 40
CPU2 44.305073 125040 sgemm sgemm CUDA1 1.260000 125080 40
CPU8 44.387328 125041 sgemm sgemm CUDA3 12.439694 125081 40
CPU13 44.520717 125042 sgemm sgemm CUDA3 0.039797 125082 40
CPU13 44.749117 125043 sgemm sgemm CUDA1 1.067421 125083 40
CPU13 44.483758 125047 sgemm sgemm CUDA0 1.068303 125087 40
CPU0 45.030092 125048 sgemm sgemm CUDA2 1.272517 125088 40
CPU9 44.935713 125049 sgemm sgemm CUDA2 1.068598 125089 40
CPU9 44.764292 125050 sgemm sgemm CUDA2 1.065329 125090 40
CPU4 44.799380 125051 sgemm sgemm CUDA2 1.068943 125091 40
CPU17 44.764541 125052 sgemm sgemm CUDA0 1.065988 125092 40
CPU16 44.467270 125053 sgemm sgemm CUDA1 1.006165 125093 40
CPU11 44.389331 125054 sgemm sgemm CUDA1 1.070236 125094 40
CPU3 44.638760 125055 sgemm sgemm CUDA2 0.049765 125095 40
CPU5 44.681578 125056 sgemm sgemm CUDA0 1.253512 125096 40
CPU10 44.488477 125057 sgemm sgemm CUDA0 1.024543 125097 40
CPU13 44.326146 125058 sgemm sgemm CUDA0 1.076198 125098 40
CPU13 44.381728 125059 sgemm sgemm CUDA1 1.258747 125099 40
CPU13 44.490236 125063 sgemm sgemm CUDA2 1.214253 125103 40
CPU2 44.408398 125064 sgemm sgemm CUDA2 1.082219 125104 40
CPU5 44.896741 125065 sgemm sgemm CUDA2 1.069637 125105 40
CPU7 45.162446 125066 sgemm sgemm CUDA2 1.274823 125106 40
CPU5 44.605190 125067 sgemm sgemm CUDA2 1.271221 125107 40
CPU17 44.375724 125068 sgemm sgemm CUDA2 1.063921 125108 40
CPU18 44.323236 125069 sgemm sgemm CUDA3 1.252834 125109 40
CPU11 44.326544 125070 sgemm sgemm CUDA3 1.254872 125110 40
CPU7 44.656213 125071 sgemm sgemm CUDA3 12.093050 125111 40
CPU12 44.435560 125072 sgemm sgemm CUDA2 1.071616 125112 40
CPU12 44.535296 125073 sgemm sgemm CUDA3 0.039430 125113 40
CPU12 44.353593 125074 sgemm sgemm CUDA2 1.064092 125114 40
CPU12 44.336380 125075 sgemm sgemm CUDA3 1.355205 125115 40
CPU13 44.438557 125079 sgemm sgemm CUDA2 1.267821 125119 40
CPU9 44.469830 125080 sgemm sgemm CUDA2 1.269899 125120 40
CPU8 44.264235 125081 sgemm sgemm CUDA2 1.068472 125121 40
CPU6 44.818081 125082 sgemm sgemm CUDA2 1.070187 125122 40
CPU5 44.697170 125083 sgemm sgemm CUDA0 1.199650 125123 40
CPU18 44.256400 125084 sgemm sgemm CUDA1 1.314932 125124 40
CPU17 44.302593 125085 sgemm sgemm CUDA1 0.142079 125125 40
CPU11 44.283764 125086 sgemm sgemm CUDA0 1.266017 125126 40
CPU0 44.627742 125087 sgemm sgemm CUDA1 1.255809 125127 40
CPU4 44.527775 125088 sgemm sgemm CUDA1 1.070850 125128 40
CPU3 44.201199 125089 sgemm sgemm CUDA0 1.070854 125129 40
CPU13 44.444629 125090 sgemm sgemm CUDA0 1.069803 125130 40
CPU13 44.669662 125091 sgemm sgemm CUDA2 1.257041 125131 40
CPU13 44.522228 125095 sgemm sgemm CUDA2 1.213893 125135 40
CPU1 44.458090 125096 sgemm sgemm CUDA2 1.260184 125136 40
CPU0 45.131587 125097 sgemm sgemm CUDA2 1.258943 125137 40
CPU7 45.197373 125098 sgemm sgemm CUDA0 8.321358 125138 40
CPU5 44.608100 125099 sgemm sgemm CUDA0 1.352171 125139 40
CPU17 44.578464 125100 sgemm sgemm CUDA3 1.268344 125140 40
CPU16 44.457610 125101 sgemm sgemm CUDA3 1.297385 125141 40
CPU11 44.236057 125102 sgemm sgemm CUDA3 1.072006 125142 40
CPU3 44.753294 125103 sgemm sgemm CUDA2 1.072200 125143 40
CPU12 44.409361 125104 sgemm sgemm CUDA3 1.267220 125144 40
CPU12 44.464422 125105 sgemm sgemm CUDA0 0.040666 125145 40
CPU12 44.513285 125106 sgemm sgemm CUDA0 1.067574 125146 40
CPU12 44.456486 125107 sgemm sgemm CUDA3 1.095509 125147 40
CPU13 44.507092 125111 sgemm sgemm CUDA2 1.286899 125151 40
CPU9 44.648136 125112 sgemm sgemm CUDA2 1.258797 125152 40
CPU5 44.741709 125113 sgemm sgemm CUDA2 1.072098 125153 40
CPU8 44.914858 125114 sgemm sgemm CUDA2 1.260775 125154 40
CPU5 44.750575 125115 sgemm sgemm CUDA2 1.261009 125155 40
CPU18 44.128759 125116 sgemm sgemm CUDA0 1.263319 125156 40
CPU17 44.284350 125117 sgemm sgemm CUDA1 0.134116 125157 40
CPU7 44.820225 125118 sgemm sgemm CUDA1 1.265259 125158 40
CPU1 44.578050 125119 sgemm sgemm CUDA1 1.270707 125159 40
CPU4 44.875904 125120 sgemm sgemm CUDA1 1.255481 125160 40
CPU19 44.319054 125121 sgemm sgemm CUDA1 1.261231 125161 40
CPU13 44.612698 125122 sgemm sgemm CUDA2 1.254507 125162 40
CPU13 44.811971 125123 sgemm sgemm CUDA2 1.072870 125163 40
CPU13 44.708699 125127 sgemm sgemm CUDA0 1.020202 125167 40
CPU3 44.632723 125128 sgemm sgemm CUDA2 1.071920 125168 40
CPU7 44.642886 125129 sgemm sgemm CUDA1 12.486600 125169 40
CPU9 44.685994 125130 sgemm sgemm CUDA1 0.050276 125170 40
CPU5 44.617816 125131 sgemm sgemm CUDA0 1.072215 125171 40
CPU17 44.258091 125132 sgemm sgemm CUDA2 1.257508 125172 40
CPU18 44.588432 125133 sgemm sgemm CUDA0 1.266828 125173 40
CPU11 44.216302 125134 sgemm sgemm CUDA1 1.295167 125174 40
CPU9 44.397201 125135 sgemm sgemm CUDA2 1.261371 125175 40
CPU4 44.768077 125136 sgemm sgemm CUDA0 1.066115 125176 40
CPU10 44.481383 125137 sgemm sgemm CUDA0 1.297475 125177 40
CPU13 44.491385 125138 sgemm sgemm CUDA1 1.075341 125178 40
CPU13 44.591304 125139 sgemm sgemm CUDA1 1.077220 125179 40
CPU13 44.512387 125143 sgemm sgemm CUDA0 1.359885 125183 40
CPU1 44.421499 125144 sgemm sgemm CUDA0 1.260373 125184 40
CPU2 44.784227 125145 sgemm sgemm CUDA3 0.042717 125185 40
CPU7 44.835973 125146 sgemm sgemm CUDA0 1.258194 125186 40
CPU5 44.640381 125147 sgemm sgemm CUDA3 1.432728 125187 40
CPU17 44.515804 125148 sgemm sgemm CUDA3 1.259361 125188 40
CPU10 44.561573 125149 sgemm sgemm CUDA0 1.069692 125189 40
CPU11 44.385081 125150 sgemm sgemm CUDA2 1.257239 125190 40
CPU8 44.394319 125151 sgemm sgemm CUDA3 1.071297 125191 40
CPU4 44.741296 125152 sgemm sgemm CUDA3 1.258575 125192 40
CPU19 44.677462 125153 sgemm sgemm CUDA0 1.070930 125193 40
CPU12 44.419145 125154 sgemm sgemm CUDA2 1.426630 125194 40
CPU5 44.440763 125155 sgemm sgemm CUDA3 1.069121 125195 40
CPU13 44.730875 125159 sgemm sgemm CUDA3 1.082914 125199 40
CPU9 44.232448 125160 sgemm sgemm CUDA3 1.070759 125200 40
CPU0 44.595357 125161 sgemm sgemm CUDA3 1.265192 125201 40
CPU6 44.349546 125162 sgemm sgemm CUDA2 1.257425 125202 40
CPU5 44.127640 125163 sgemm sgemm CUDA3 1.065103 125203 40
CPU18 44.429467 125164 sgemm sgemm CUDA2 1.257502 125204 40
CPU19 44.733472 125165 sgemm sgemm CUDA2 1.263446 125205 40
CPU11 44.717156 125166 sgemm sgemm CUDA2 16.749014 125206 40
CPU3 44.162529 125167 sgemm sgemm CUDA2 0.045250 125207 40
CPU12 44.602873 125168 sgemm sgemm CUDA2 1.324403 125208 40
CPU12 44.595599 125169 sgemm sgemm CUDA3 1.083038 125209 40
CPU12 44.606770 125170 sgemm sgemm CUDA1 1.264901 125210 40
CPU12 44.720757 125171 sgemm sgemm CUDA3 1.065994 125211 40
CPU13 44.743999 125175 sgemm sgemm CUDA2 1.076796 125215 40
CPU9 44.260972 125176 sgemm sgemm CUDA2 1.073199 125216 40
CPU19 44.606697 125177 sgemm sgemm CUDA2 1.072638 125217 40
CPU0 44.884572 125178 sgemm sgemm CUDA2 1.261206 125218 40
CPU5 44.439803 125179 sgemm sgemm CUDA2 1.074547 125219 40
CPU18 44.466919 125180 sgemm sgemm CUDA2 1.256741 125220 40
CPU17 44.498198 125181 sgemm sgemm CUDA2 1.257624 125221 40
CPU11 44.513726 125182 sgemm sgemm CUDA2 1.259020 125222 40
CPU2 44.182411 125183 sgemm sgemm CUDA3 0.040173 125223 40
CPU4 44.671512 125184 sgemm sgemm CUDA2 1.265610 125224 40
CPU19 44.534783 125185 sgemm sgemm CUDA3 1.302482 125225 40
CPU13 44.600121 125186 sgemm sgemm CUDA3 1.068350 125226 40
CPU13 44.856287 125187 sgemm sgemm CUDA3 1.073467 125227 40
CPU13 44.646554 125191 sgemm sgemm CUDA2 1.271452 125231 40
CPU1 44.394248 125192 sgemm sgemm CUDA2 1.261048 125232 40
CPU6 44.083995 125193 sgemm sgemm CUDA2 1.261745 125233 40
CPU8 44.424132 125194 sgemm sgemm CUDA2 1.071952 125234 40
CPU5 44.598974 125195 sgemm sgemm CUDA2 1.070105 125235 40
CPU17 44.387249 125196 sgemm sgemm CUDA2 1.071888 125236 40
CPU10 44.763532 125197 sgemm sgemm CUDA2 1.076530 125237 40
CPU11 44.313153 125198 sgemm sgemm CUDA3 1.259675 125238 40
CPU3 44.459778 125199 sgemm sgemm CUDA3 1.258488 125239 40
CPU4 44.971002 125200 sgemm sgemm CUDA2 12.148405 125240 40
CPU10 44.582137 125201 sgemm sgemm CUDA3 1.064517 125241 40
CPU13 44.627291 125202 sgemm sgemm CUDA3 12.501373 125242 40
CPU13 44.652635 125203 sgemm sgemm CUDA3 0.047542 125243 40
CPU13 44.605763 125207 sgemm sgemm CUDA3 1.255392 125247 40
CPU8 44.340663 125208 sgemm sgemm CUDA3 1.067199 125248 40
CPU7 44.260745 125209 sgemm sgemm CUDA3 1.259738 125249 40
CPU6 44.498396 125210 sgemm sgemm CUDA2 1.332028 125250 40
CPU4 44.421810 125211 sgemm sgemm CUDA0 1.235324 125251 40
CPU17 44.375273 125212 sgemm sgemm CUDA3 1.261817 125252 40
CPU19 44.643806 125213 sgemm sgemm CUDA0 1.253397 125253 40
CPU11 44.355051 125214 sgemm sgemm CUDA0 1.060745 125254 40
CPU8 44.388662 125215 sgemm sgemm CUDA3 1.256256 125255 40
CPU5 44.339182 125216 sgemm sgemm CUDA0 1.062215 125256 40
CPU10 44.663310 125217 sgemm sgemm CUDA0 1.255431 125257 40
CPU12 44.810243 125218 sgemm sgemm CUDA2 1.256084 125258 40
CPU12 44.721494 125219 sgemm sgemm CUDA2 1.252907 125259 40
CPU13 44.559362 125223 sgemm sgemm CUDA2 1.263179 125263 40
CPU9 44.526410 125224 sgemm sgemm CUDA2 1.065094 125264 40
CPU10 44.445535 125225 sgemm sgemm CUDA2 1.064573 125265 40
CPU9 45.600699 125226 sgemm sgemm CUDA2 1.068988 125266 40
CPU5 44.685752 125227 sgemm sgemm CUDA0 1.260013 125267 40
CPU18 44.327113 125228 sgemm sgemm CUDA0 1.259959 125268 40
CPU17 44.555142 125229 sgemm sgemm CUDA0 1.077775 125269 40
CPU11 44.432981 125230 sgemm sgemm CUDA0 1.073001 125270 40
CPU7 44.718646 125231 sgemm sgemm CUDA0 0.091200 125271 40
CPU4 44.860617 125232 sgemm sgemm CUDA0 1.493619 125272 40
CPU19 44.475802 125233 sgemm sgemm CUDA3 1.260157 125273 40
CPU13 44.471290 125234 sgemm sgemm CUDA3 1.064605 125274 40
CPU13 44.396600 125235 sgemm sgemm CUDA3 0.048151 125275 40
CPU13 44.561417 125239 sgemm sgemm CUDA2 6.371759 125279 40
CPU8 44.601755 125240 sgemm sgemm CUDA2 0.060792 125280 40
CPU11 44.955011 125241 sgemm sgemm CUDA2 1.070383 125281 40
CPU8 45.604055 125242 sgemm sgemm CUDA2 1.072682 125282 40
CPU5 44.687933 125243 sgemm sgemm CUDA1 1.178320 125283 40
CPU17 44.228058 125244 sgemm sgemm CUDA0 1.378599 125284 40
CPU17 44.290962 125245 sgemm sgemm CUDA0 1.068570 125285 40
CPU11 44.377834 125246 sgemm sgemm CUDA0 1.132721 125286 40
CPU0 44.700401 125247 sgemm sgemm CUDA0 1.071250 125287 40
CPU4 44.697358 125248 sgemm sgemm CUDA1 1.262010 125288 40
CPU10 44.718341 125249 sgemm sgemm CUDA1 1.067102 125289 40
CPU13 44.708684 125250 sgemm sgemm CUDA0 1.068595 125290 40
CPU13 44.470850 125251 sgemm sgemm CUDA1 1.255642 125291 40
CPU13 44.583898 125255 sgemm sgemm CUDA2 1.080974 125295 40
CPU0 44.867958 125256 sgemm sgemm CUDA2 1.208923 125296 40
CPU8 44.335519 125257 sgemm sgemm CUDA2 1.209814 125297 40
CPU0 44.407197 125258 sgemm sgemm CUDA2 12.391227 125298 40
CPU5 44.652758 125259 sgemm sgemm CUDA0 1.064087 125299 40
CPU12 44.302730 125260 sgemm sgemm CUDA2 0.047653 125300 40
CPU10 44.733485 125261 sgemm sgemm CUDA2 1.269798 125301 40
CPU11 44.372800 125262 sgemm sgemm CUDA2 1.017815 125302 40
CPU3 44.395026 125263 sgemm sgemm CUDA0 1.305421 125303 40
CPU7 44.865405 125264 sgemm sgemm CUDA0 1.262368 125304 40
CPU12 44.386790 125265 sgemm sgemm CUDA0 1.064866 125305 40
CPU12 44.223166 125266 sgemm sgemm CUDA0 1.066619 125306 40
CPU13 44.477161 125267 sgemm sgemm CUDA2 1.015831 125307 40
CPU13 44.784350 125271 sgemm sgemm CUDA2 1.264184 125311 40
CPU7 44.460021 125272 sgemm sgemm CUDA2 1.362279 125312 40
CPU6 44.348284 125273 sgemm sgemm CUDA1 1.314690 125313 40
CPU9 44.345740 125274 sgemm sgemm CUDA1 1.273319 125314 40
CPU5 44.697142 125275 sgemm sgemm CUDA1 1.251747 125315 40
CPU10 44.792392 125276 sgemm sgemm CUDA1 1.073518 125316 40
CPU18 44.500292 125277 sgemm sgemm CUDA2 0.995724 125317 40
CPU11 44.625945 125278 sgemm sgemm CUDA3 1.256264 125318 40
CPU1 44.200164 125279 sgemm sgemm CUDA3 1.319291 125319 40
CPU12 44.825772 125280 sgemm sgemm CUDA1 0.237848 125320 40
CPU12 45.498354 125281 sgemm sgemm CUDA3 1.263966 125321 40
CPU12 45.553740 125282 sgemm sgemm CUDA3 1.007169 125322 40
CPU12 45.688256 125283 sgemm sgemm CUDA3 1.071346 125323 40
CPU13 32.338017 125289 strsm strsm CUDA2 2.968903 125329 40
CPU7 32.082571 125293 strsm strsm CUDA0 2.922345 125333 40
CPU14 33.055935 125297 strsm strsm CUDA2 2.767718 125337 40
CPU0 32.446447 125301 strsm strsm CUDA0 2.931803 125341 40
CPU5 31.953309 125305 strsm strsm CUDA0 2.797963 125345 40
CPU10 31.982406 125309 strsm strsm CUDA0 12.037363 125349 40
CPU16 31.661177 125313 strsm strsm CUDA0 3.126892 125353 40
CPU10 32.033855 125317 strsm strsm CUDA1 5.033083 125357 40
CPU10 32.047790 125321 strsm strsm CUDA1 2.816004 125361 40
CPU10 32.021220 125325 strsm strsm CUDA2 0.099601 125365 40
CPU12 32.925292 125329 strsm strsm CUDA1 0.266908 125369 40
CPU4 32.482324 125333 strsm strsm CUDA2 2.795657 125373 40
CPU5 31.935247 125337 strsm strsm CUDA1 2.563138 125377 40
CPU13 15.302385 125341 strtri strtri CPU -1 125381 40
CPU7 31.413342 125343 strsm strsm CPU24 81.570988 125383 40
CPU2 30.971089 125345 strsm strsm CPU13 96.436409 125385 40
CPU10 31.215167 125347 strsm strsm CPU11 86.641549 125387 40
CPU1 32.008143 125349 strsm strsm CPU -1 125389 40
CPU1 30.637464 125351 strsm strsm CPU -1 125391 40
CPU9 30.553503 125353 strsm strsm CPU22 286.813894 125393 40
CPU8 30.793858 125355 strsm strsm CPU20 143.251227 125395 40
CPU0 32.739269 125357 strsm strsm CPU13 144.512118 125397 40
CPU13 30.868818 125359 strsm strsm CPU -1 125399 40
CPU3 31.244524 125361 strsm strsm CUDA2 2.786198 125401 40
CPU4 31.325205 125363 strsm strsm CUDA2 2.759587 125403 40
CPU5 30.438589 125365 strsm strsm CUDA2 2.862077 125405 40
CPU10 31.146915 125367 strsm strsm CUDA2 2.934443 125407 40
CPU8 30.606318 125369 strsm strsm CUDA2 13.114579 125409 40
CPU13 30.972098 125371 strsm strsm CUDA1 2.785524 125411 40
CPU10 30.888898 125373 strsm strsm CUDA1 2.768749 125413 40
CPU12 30.871738 125375 strsm strsm CUDA1 2.868244 125415 40
CPU8 31.596573 125377 strsm strsm CUDA2 9.278621 125417 40
CPU10 30.908301 125379 strsm strsm CUDA1 2.834681 125419 40
CPU15 30.666055 125381 strsm strsm CUDA1 2.721814 125421 40
CPU4 31.126235 125383 strsm strsm CUDA1 2.985273 125423 40
CPU3 30.916319 125385 strsm strsm CUDA2 3.050744 125425 40
CPU11 30.668750 125387 strsm strsm CUDA2 2.811468 125427 40
CPU0 31.444204 125389 strsm strsm CUDA2 2.366471 125429 40
CPU1 31.075209 125391 strsm strsm CUDA2 13.685412 125431 40
CPU12 31.630358 125393 strsm strsm CUDA1 2.780158 125433 40
CPU11 30.446677 125395 strsm strsm CUDA2 16.798023 125435 40
CPU10 31.352602 125397 strsm strsm CUDA2 2.197111 125437 40
CPU15 30.602201 125399 strsm strsm CUDA2 3.069483 125439 40
CPU2 30.688979 125401 strsm strsm CUDA2 2.787840 125441 40
CPU13 31.804972 125403 strsm strsm CUDA2 13.057796 125443 40
CPU19 31.718102 125405 strsm strsm CUDA2 2.775028 125445 40
CPU5 30.578078 125407 strsm strsm CUDA1 2.897466 125447 40
CPU19 31.040346 125409 strsm strsm CUDA2 2.736373 125449 40
CPU0 30.994933 125411 strsm strsm CUDA2 12.120629 125451 40
CPU13 44.493078 125413 sgemm sgemm CUDA3 1.202818 125453 40
CPU0 44.848013 125414 sgemm sgemm CUDA1 1.262092 125454 40
CPU1 44.601618 125415 sgemm sgemm CUDA2 1.067050 125455 40
CPU8 44.627351 125416 sgemm sgemm CUDA1 1.203730 125456 40
CPU4 44.788315 125417 sgemm sgemm CUDA1 1.263451 125457 40
CPU18 44.082707 125418 sgemm sgemm CUDA1 1.323645 125458 40
CPU18 44.308482 125419 sgemm sgemm CUDA3 1.016920 125459 40
CPU11 44.242042 125420 sgemm sgemm CUDA1 1.006844 125460 40
CPU9 44.422109 125421 sgemm sgemm CUDA1 1.066927 125461 40
CPU4 44.406603 125422 sgemm sgemm CUDA2 1.079822 125462 40
CPU19 44.460608 125423 sgemm sgemm CUDA3 1.068189 125463 40
CPU10 44.503940 125424 sgemm sgemm CUDA1 1.353112 125464 40
CPU13 44.472569 125425 sgemm sgemm CUDA3 13.209616 125465 40
CPU12 44.255902 125426 sgemm sgemm CUDA1 1.257589 125466 40
CPU13 44.599489 125430 sgemm sgemm CUDA3 1.067531 125470 40
CPU2 44.482274 125431 sgemm sgemm CUDA3 1.012162 125471 40
CPU1 44.732141 125432 sgemm sgemm CUDA2 0.115821 125472 40
CPU0 44.664171 125433 sgemm sgemm CUDA2 1.257197 125473 40
CPU5 44.467607 125434 sgemm sgemm CUDA2 1.255432 125474 40
CPU18 44.192946 125435 sgemm sgemm CUDA2 0.045575 125475 40
CPU19 44.842077 125436 sgemm sgemm CUDA0 1.071671 125476 40
CPU11 44.363956 125437 sgemm sgemm CUDA3 0.952804 125477 40
CPU11 44.417027 125438 sgemm sgemm CUDA2 1.365792 125478 40
CPU4 44.567524 125439 sgemm sgemm CUDA0 1.258258 125479 40
CPU19 44.459784 125440 sgemm sgemm CUDA3 0.049883 125480 40
CPU12 44.212640 125441 sgemm sgemm CUDA0 1.012653 125481 40
CPU12 44.437166 125442 sgemm sgemm CUDA3 0.098113 125482 40
CPU12 44.525583 125443 sgemm sgemm CUDA3 1.315052 125483 40
CPU13 44.659209 125447 sgemm sgemm CUDA0 14.508846 125487 40
CPU1 44.164326 125448 sgemm sgemm CUDA1 1.224830 125488 40
CPU9 44.139084 125449 sgemm sgemm CUDA1 1.068993 125489 40
CPU8 44.086473 125450 sgemm sgemm CUDA1 1.011851 125490 40
CPU5 44.113605 125451 sgemm sgemm CUDA1 1.252819 125491 40
CPU17 44.503396 125452 sgemm sgemm CUDA1 0.945547 125492 40
CPU10 44.780825 125453 sgemm sgemm CUDA0 1.073090 125493 40
CPU11 44.376865 125454 sgemm sgemm CUDA1 1.070655 125494 40
CPU2 44.263208 125455 sgemm sgemm CUDA1 1.205582 125495 40
CPU4 44.256662 125456 sgemm sgemm CUDA0 1.198715 125496 40
CPU19 44.659924 125457 sgemm sgemm CUDA1 1.084259 125497 40
CPU19 44.494101 125458 sgemm sgemm CUDA1 0.930758 125498 40
CPU13 44.662479 125459 sgemm sgemm CUDA1 1.254946 125499 40
CPU10 44.747676 125460 sgemm sgemm CUDA1 1.001810 125500 40
CPU13 44.432452 125464 sgemm sgemm CUDA0 0.042005 125504 40
CPU9 44.504580 125465 sgemm sgemm CUDA1 1.196697 125505 40
CPU3 44.244602 125466 sgemm sgemm CUDA2 1.274261 125506 40
CPU7 44.529853 125467 sgemm sgemm CUDA2 7.622282 125507 40
CPU5 44.204869 125468 sgemm sgemm CUDA2 1.261520 125508 40
CPU17 44.434024 125469 sgemm sgemm CUDA2 1.069646 125509 40
CPU19 44.708957 125470 sgemm sgemm CUDA0 1.070010 125510 40
CPU11 44.468750 125471 sgemm sgemm CUDA1 1.203519 125511 40
CPU0 44.762812 125472 sgemm sgemm CUDA2 1.072111 125512 40
CPU4 44.492515 125473 sgemm sgemm CUDA2 1.088727 125513 40
CPU10 44.505923 125474 sgemm sgemm CUDA1 1.202410 125514 40
CPU11 44.235159 125475 sgemm sgemm CUDA0 1.258566 125515 40
CPU13 44.426061 125476 sgemm sgemm CUDA1 1.201247 125516 40
CPU12 43.672617 125477 sgemm sgemm CUDA1 0.043504 125517 40
CPU13 44.723839 125481 sgemm sgemm CUDA0 1.350398 125521 40
CPU1 44.298394 125482 sgemm sgemm CUDA3 1.014664 125522 40
CPU14 44.749653 125483 sgemm sgemm CUDA2 1.209330 125523 40
CPU6 44.587994 125484 sgemm sgemm CUDA2 1.343860 125524 40
CPU5 44.246362 125485 sgemm sgemm CUDA2 1.253945 125525 40
CPU12 44.345762 125486 sgemm sgemm CUDA2 1.257797 125526 40
CPU18 44.620368 125487 sgemm sgemm CUDA0 1.071734 125527 40
CPU11 44.509851 125488 sgemm sgemm CUDA3 1.073019 125528 40
CPU7 44.233723 125489 sgemm sgemm CUDA2 1.069899 125529 40
CPU4 44.369589 125490 sgemm sgemm CUDA0 1.021058 125530 40
CPU12 44.591651 125491 sgemm sgemm CUDA0 1.254410 125531 40
CPU12 44.303112 125492 sgemm sgemm CUDA0 1.067655 125532 40
CPU12 44.343669 125493 sgemm sgemm CUDA3 11.620500 125533 40
CPU12 46.476940 125494 sgemm sgemm CUDA3 1.260618 125534 40
CPU13 44.622561 125498 sgemm sgemm CUDA3 1.262458 125538 40
CPU1 44.280470 125499 sgemm sgemm CUDA3 1.023811 125539 40
CPU1 44.447866 125500 sgemm sgemm CUDA3 1.071207 125540 40
CPU0 44.733902 125501 sgemm sgemm CUDA1 1.198412 125541 40
CPU5 44.535176 125502 sgemm sgemm CUDA1 1.011374 125542 40
CPU12 44.439642 125503 sgemm sgemm CUDA1 1.009375 125543 40
CPU17 44.504544 125504 sgemm sgemm CUDA3 0.977602 125544 40
CPU11 44.600248 125505 sgemm sgemm CUDA1 1.014535 125545 40
CPU1 44.326111 125506 sgemm sgemm CUDA1 0.045258 125546 40
CPU4 44.659120 125507 sgemm sgemm CUDA1 0.689216 125547 40
CPU10 44.578037 125508 sgemm sgemm CUDA3 1.073802 125548 40
CPU12 44.346903 125509 sgemm sgemm CUDA3 1.073598 125549 40
CPU12 44.382169 125510 sgemm sgemm CUDA3 0.059884 125550 40
CPU12 44.507057 125511 sgemm sgemm CUDA1 1.254031 125551 40
CPU13 44.450039 125515 sgemm sgemm CUDA3 1.067073 125555 40
CPU9 44.464080 125516 sgemm sgemm CUDA3 1.011897 125556 40
CPU3 44.345756 125517 sgemm sgemm CUDA3 1.016172 125557 40
CPU9 44.432891 125518 sgemm sgemm CUDA2 1.076242 125558 40
CPU1 44.125364 125519 sgemm sgemm CUDA2 1.262677 125559 40
CPU17 44.668439 125520 sgemm sgemm CUDA2 1.258255 125560 40
CPU19 44.700305 125521 sgemm sgemm CUDA3 0.939152 125561 40
CPU11 44.475755 125522 sgemm sgemm CUDA3 1.263810 125562 40
CPU1 44.390953 125523 sgemm sgemm CUDA2 1.260242 125563 40
CPU3 44.462605 125524 sgemm sgemm CUDA2 1.264436 125564 40
CPU19 44.463617 125525 sgemm sgemm CUDA3 1.259361 125565 40
CPU13 44.609928 125526 sgemm sgemm CUDA2 1.012157 125566 40
CPU13 45.037468 125527 sgemm sgemm CUDA3 1.267904 125567 40
CPU13 45.042098 125528 sgemm sgemm CUDA3 1.202949 125568 40
CPU13 44.554872 125532 sgemm sgemm CUDA0 1.079436 125572 40
CPU0 44.626092 125533 sgemm sgemm CUDA3 1.204941 125573 40
CPU8 44.033339 125534 sgemm sgemm CUDA2 1.022163 125574 40
CPU1 44.433404 125535 sgemm sgemm CUDA2 1.262081 125575 40
CPU5 44.242959 125536 sgemm sgemm CUDA1 0.793373 125576 40
CPU18 44.282416 125537 sgemm sgemm CUDA2 1.069504 125577 40
CPU18 44.375680 125538 sgemm sgemm CUDA0 1.258805 125578 40
CPU11 44.439205 125539 sgemm sgemm CUDA3 1.260680 125579 40
CPU8 44.347445 125540 sgemm sgemm CUDA2 10.823715 125580 40
CPU4 44.740743 125541 sgemm sgemm CUDA0 1.202366 125581 40
CPU10 44.480871 125542 sgemm sgemm CUDA0 1.064753 125582 40
CPU10 44.324908 125543 sgemm sgemm CUDA0 1.258883 125583 40
CPU13 44.486922 125544 sgemm sgemm CUDA1 1.017345 125584 40
CPU13 44.475331 125545 sgemm sgemm CUDA3 1.069168 125585 40
CPU13 44.509904 125549 sgemm sgemm CUDA0 1.075392 125589 40
CPU9 44.358763 125550 sgemm sgemm CUDA0 1.195249 125590 40
CPU9 44.353574 125551 sgemm sgemm CUDA0 1.261711 125591 40
CPU0 44.537548 125552 sgemm sgemm CUDA0 1.067784 125592 40
CPU4 44.584851 125553 sgemm sgemm CUDA2 0.899275 125593 40
CPU12 44.238118 125554 sgemm sgemm CUDA2 0.061958 125594 40
CPU19 44.467845 125555 sgemm sgemm CUDA0 12.196324 125595 40
CPU11 44.526251 125556 sgemm sgemm CUDA0 1.260128 125596 40
CPU9 44.347724 125557 sgemm sgemm CUDA2 1.258092 125597 40
CPU4 44.598120 125558 sgemm sgemm CUDA0 0.137952 125598 40
CPU10 44.386941 125559 sgemm sgemm CUDA0 1.065950 125599 40
CPU12 44.289054 125560 sgemm sgemm CUDA0 1.260629 125600 40
CPU12 44.338309 125561 sgemm sgemm CUDA0 11.876841 125601 40
CPU12 44.490714 125562 sgemm sgemm CUDA0 0.046188 125602 40
CPU13 44.596373 125566 sgemm sgemm CUDA0 1.276906 125606 40
CPU0 44.653772 125567 sgemm sgemm CUDA3 12.389048 125607 40
CPU8 44.207457 125568 sgemm sgemm CUDA2 1.442183 125608 40
CPU9 44.798581 125569 sgemm sgemm CUDA2 0.062768 125609 40
CPU5 44.297199 125570 sgemm sgemm CUDA2 1.381540 125610 40
CPU18 44.255263 125571 sgemm sgemm CUDA2 1.263249 125611 40
CPU16 44.692464 125572 sgemm sgemm CUDA3 0.045792 125612 40
CPU11 44.447966 125573 sgemm sgemm CUDA3 11.953321 125613 40
CPU3 44.518496 125574 sgemm sgemm CUDA2 1.259606 125614 40
CPU12 44.520156 125575 sgemm sgemm CUDA1 1.214522 125615 40
CPU12 44.678657 125576 sgemm sgemm CUDA0 1.070305 125616 40
CPU12 44.702212 125577 sgemm sgemm CUDA1 8.371794 125617 40
CPU12 44.595711 125578 sgemm sgemm CUDA3 1.262113 125618 40
CPU12 44.727505 125579 sgemm sgemm CUDA0 1.063566 125619 40
CPU13 44.564808 125583 sgemm sgemm CUDA2 1.312229 125623 40
CPU7 44.619466 125584 sgemm sgemm CUDA3 12.327197 125624 40
CPU0 44.620286 125585 sgemm sgemm CUDA3 0.041222 125625 40
CPU9 44.384055 125586 sgemm sgemm CUDA2 12.895880 125626 40
CPU4 44.533474 125587 sgemm sgemm CUDA2 1.256115 125627 40
CPU18 44.454289 125588 sgemm sgemm CUDA2 0.061110 125628 40
CPU18 44.264598 125589 sgemm sgemm CUDA0 0.063662 125629 40
CPU11 44.332543 125590 sgemm sgemm CUDA3 1.324959 125630 40
CPU2 44.436556 125591 sgemm sgemm CUDA0 1.325257 125631 40
CPU2 44.459346 125592 sgemm sgemm CUDA0 1.266974 125632 40
CPU10 44.406018 125593 sgemm sgemm CUDA3 1.260788 125633 40
CPU12 44.428801 125594 sgemm sgemm CUDA0 1.071502 125634 40
CPU13 44.420320 125595 sgemm sgemm CUDA2 1.257311 125635 40
CPU13 44.433498 125596 sgemm sgemm CUDA3 1.068621 125636 40
CPU13 44.557665 125600 sgemm sgemm CUDA2 1.023870 125640 40
CPU1 44.205123 125601 sgemm sgemm CUDA3 0.299887 125641 40
CPU5 44.146678 125602 sgemm sgemm CUDA2 12.020558 125642 40
CPU6 44.280160 125603 sgemm sgemm CUDA2 1.322071 125643 40
CPU5 44.217240 125604 sgemm sgemm CUDA1 1.411680 125644 40
CPU17 44.553805 125605 sgemm sgemm CUDA1 1.256623 125645 40
CPU10 44.702690 125606 sgemm sgemm CUDA3 1.076935 125646 40
CPU19 44.615311 125607 sgemm sgemm CUDA1 1.258762 125647 40
CPU3 44.415301 125608 sgemm sgemm CUDA1 1.259403 125648 40
CPU12 44.688760 125609 sgemm sgemm CUDA1 1.259069 125649 40
CPU12 44.555256 125610 sgemm sgemm CUDA3 1.256120 125650 40
CPU12 44.446764 125611 sgemm sgemm CUDA2 1.259194 125651 40
CPU12 44.475478 125612 sgemm sgemm CUDA3 1.066822 125652 40
CPU12 44.677832 125613 sgemm sgemm CUDA1 1.254959 125653 40
CPU13 44.514985 125617 sgemm sgemm CUDA0 1.241397 125657 40
CPU1 44.267481 125618 sgemm sgemm CUDA0 1.063152 125658 40
CPU5 44.231449 125619 sgemm sgemm CUDA2 11.954367 125659 40
CPU9 44.256845 125620 sgemm sgemm CUDA2 1.288574 125660 40
CPU5 44.341462 125621 sgemm sgemm CUDA0 1.068603 125661 40
CPU17 44.571865 125622 sgemm sgemm CUDA0 1.254396 125662 40
CPU19 44.615838 125623 sgemm sgemm CUDA0 1.067692 125663 40
CPU11 44.430356 125624 sgemm sgemm CUDA1 1.354334 125664 40
CPU0 44.438180 125625 sgemm sgemm CUDA1 1.059150 125665 40
CPU4 44.650053 125626 sgemm sgemm CUDA1 1.065994 125666 40
CPU19 44.554097 125627 sgemm sgemm CUDA3 1.311848 125667 40
CPU19 44.382405 125628 sgemm sgemm CUDA3 1.259791 125668 40
CPU13 44.515804 125629 sgemm sgemm CUDA3 1.070521 125669 40
CPU13 44.609797 125630 sgemm sgemm CUDA3 1.262796 125670 40
CPU13 44.458536 125634 sgemm sgemm CUDA2 12.064869 125674 40
CPU0 44.557190 125635 sgemm sgemm CUDA3 1.261730 125675 40
CPU6 44.235378 125636 sgemm sgemm CUDA3 1.266947 125676 40
CPU9 44.222288 125637 sgemm sgemm CUDA2 1.258322 125677 40
CPU5 44.359302 125638 sgemm sgemm CUDA2 1.261032 125678 40
CPU17 44.421816 125639 sgemm sgemm CUDA2 1.071562 125679 40
CPU17 44.643344 125640 sgemm sgemm CUDA3 1.067655 125680 40
CPU10 44.545083 125641 sgemm sgemm CUDA3 1.066804 125681 40
CPU7 44.401478 125642 sgemm sgemm CUDA0 1.073097 125682 40
CPU4 44.616166 125643 sgemm sgemm CUDA0 1.074759 125683 40
CPU10 44.412339 125644 sgemm sgemm CUDA3 1.067611 125684 40
CPU13 44.355412 125645 sgemm sgemm CUDA0 1.263186 125685 40
CPU13 44.455891 125646 sgemm sgemm CUDA3 1.079373 125686 40
CPU13 44.491484 125647 sgemm sgemm CUDA3 7.700373 125687 40
CPU13 44.405405 125651 sgemm sgemm CUDA3 1.270459 125691 40
CPU1 44.425073 125652 sgemm sgemm CUDA3 1.075680 125692 40
CPU4 44.301963 125653 sgemm sgemm CUDA1 1.253226 125693 40
CPU9 44.641487 125654 sgemm sgemm CUDA1 1.072402 125694 40
CPU3 44.392463 125655 sgemm sgemm CUDA1 1.256046 125695 40
CPU18 44.404260 125656 sgemm sgemm CUDA1 1.069877 125696 40
CPU15 44.299486 125657 sgemm sgemm CUDA3 1.073202 125697 40
CPU11 44.281673 125658 sgemm sgemm CUDA1 1.256186 125698 40
CPU2 44.480515 125659 sgemm sgemm CUDA2 1.331010 125699 40
CPU4 44.652641 125660 sgemm sgemm CUDA1 1.257691 125700 40
CPU19 44.342762 125661 sgemm sgemm CUDA3 1.258727 125701 40
CPU13 44.243604 125662 sgemm sgemm CUDA2 10.583594 125702 40
CPU13 44.287515 125663 sgemm sgemm CUDA3 1.256773 125703 40
CPU13 44.315042 125664 sgemm sgemm CUDA3 1.259815 125704 40
CPU13 44.314597 125668 sgemm sgemm CUDA3 1.252568 125708 40
CPU9 44.473118 125669 sgemm sgemm CUDA3 1.070607 125709 40
CPU10 44.499026 125670 sgemm sgemm CUDA1 1.212756 125710 40
CPU0 45.188085 125671 sgemm sgemm CUDA1 0.050778 125711 40
CPU1 44.136472 125672 sgemm sgemm CUDA1 11.919122 125712 40
CPU18 44.193391 125673 sgemm sgemm CUDA0 0.152801 125713 40
CPU17 44.554607 125674 sgemm sgemm CUDA0 1.329622 125714 40
CPU19 44.471525 125675 sgemm sgemm CUDA3 1.258759 125715 40
CPU1 44.506580 125676 sgemm sgemm CUDA0 1.073335 125716 40
CPU12 44.606735 125677 sgemm sgemm CUDA1 0.072983 125717 40
CPU12 44.557147 125678 sgemm sgemm CUDA3 1.262184 125718 40
CPU12 44.590657 125679 sgemm sgemm CUDA3 1.067572 125719 40
CPU12 44.473408 125680 sgemm sgemm CUDA3 1.072689 125720 40
CPU12 44.551323 125681 sgemm sgemm CUDA0 1.255278 125721 40
CPU13 44.406131 125685 sgemm sgemm CUDA2 1.308170 125725 40
CPU2 44.741259 125686 sgemm sgemm CUDA2 1.258576 125726 40
CPU2 44.613907 125687 sgemm sgemm CUDA2 1.061661 125727 40
CPU0 45.250047 125688 sgemm sgemm CUDA2 1.253761 125728 40
CPU2 44.286461 125689 sgemm sgemm CUDA2 1.253761 125729 40
CPU17 44.265882 125690 sgemm sgemm CUDA2 1.261425 125730 40
CPU18 92.289115 125691 sgemm sgemm CUDA3 1.400475 125731 40
CPU11 44.474280 125692 sgemm sgemm CUDA3 1.259497 125732 40
CPU9 44.379173 125693 sgemm sgemm CUDA3 1.068067 125733 40
CPU5 44.448241 125694 sgemm sgemm CUDA1 1.263171 125734 40
CPU10 44.358286 125695 sgemm sgemm CUDA3 1.261158 125735 40
CPU13 44.381160 125696 sgemm sgemm CUDA0 0.652089 125736 40
CPU13 44.346753 125697 sgemm sgemm CUDA3 1.256292 125737 40
CPU13 44.286204 125698 sgemm sgemm CUDA0 1.096470 125738 40
CPU13 44.412862 125702 sgemm sgemm CUDA2 9.268018 125742 40
CPU1 44.451384 125703 sgemm sgemm CUDA2 0.052105 125743 40
CPU1 44.542628 125704 sgemm sgemm CUDA2 1.271374 125744 40
CPU9 44.543488 125705 sgemm sgemm CUDA2 1.260502 125745 40
CPU3 44.608883 125706 sgemm sgemm CUDA2 1.068754 125746 40
CPU17 44.385133 125707 sgemm sgemm CUDA2 1.258722 125747 40
CPU17 90.232848 125708 sgemm sgemm CUDA3 1.069536 125748 40
CPU10 44.440375 125709 sgemm sgemm CUDA1 1.253405 125749 40
CPU8 44.379334 125710 sgemm sgemm CUDA1 1.260773 125750 40
CPU12 44.672121 125711 sgemm sgemm CUDA1 1.254160 125751 40
CPU12 44.559784 125712 sgemm sgemm CUDA1 1.258844 125752 40
CPU12 44.355927 125713 sgemm sgemm CUDA3 1.069266 125753 40
CPU12 44.261334 125714 sgemm sgemm CUDA3 1.063782 125754 40
CPU12 44.302487 125715 sgemm sgemm CUDA3 12.933934 125755 40
CPU13 44.340969 125719 sgemm sgemm CUDA3 1.310912 125759 40
CPU2 44.247317 125720 sgemm sgemm CUDA3 1.252445 125760 40
CPU1 44.485091 125721 sgemm sgemm CUDA3 1.067062 125761 40
CPU9 44.258660 125722 sgemm sgemm CUDA0 1.203683 125762 40
CPU2 43.991480 125723 sgemm sgemm CUDA1 1.299529 125763 40
CPU18 44.183547 125724 sgemm sgemm CUDA1 1.258455 125764 40
CPU16 47.293979 125725 sgemm sgemm CUDA0 1.074609 125765 40
CPU11 44.444675 125726 sgemm sgemm CUDA1 1.070553 125766 40
CPU1 44.503412 125727 sgemm sgemm CUDA3 4.702564 125767 40
CPU4 44.607937 125728 sgemm sgemm CUDA2 4.623952 125768 40
CPU10 44.322766 125729 sgemm sgemm CUDA3 0.041526 125769 40
CPU13 44.407027 125730 sgemm sgemm CUDA2 0.044906 125770 40
CPU13 44.368191 125731 sgemm sgemm CUDA3 1.260492 125771 40
CPU13 44.509344 125732 sgemm sgemm CUDA0 1.070611 125772 40
CPU13 44.615118 125736 sgemm sgemm CUDA3 1.062579 125776 40
CPU2 44.067389 125737 sgemm sgemm CUDA3 1.069285 125777 40
CPU4 44.275549 125738 sgemm sgemm CUDA3 1.263221 125778 40
CPU1 44.195943 125739 sgemm sgemm CUDA0 1.300276 125779 40
CPU5 44.062371 125740 sgemm sgemm CUDA0 1.068875 125780 40
CPU17 45.169627 125741 sgemm sgemm CUDA1 0.054215 125781 40
CPU10 44.855662 125742 sgemm sgemm CUDA3 1.064671 125782 40
CPU19 44.677702 125743 sgemm sgemm CUDA0 1.256724 125783 40
CPU2 44.190659 125744 sgemm sgemm CUDA3 1.063281 125784 40
CPU2 44.120035 125745 sgemm sgemm CUDA1 1.396589 125785 40
CPU10 44.546964 125746 sgemm sgemm CUDA3 1.256291 125786 40
CPU13 44.396856 125747 sgemm sgemm CUDA3 1.257560 125787 40
CPU13 44.487244 125748 sgemm sgemm CUDA1 1.254923 125788 40
CPU13 44.757607 125749 sgemm sgemm CUDA0 1.068141 125789 40
CPU13 44.485377 125753 sgemm sgemm CUDA2 1.431679 125793 40
CPU9 44.493162 125754 sgemm sgemm CUDA2 5.516654 125794 40
CPU9 44.339238 125755 sgemm sgemm CUDA2 0.041484 125795 40
CPU9 44.324501 125756 sgemm sgemm CUDA2 1.068890 125796 40
CPU4 44.459686 125757 sgemm sgemm CUDA2 1.257493 125797 40
CPU18 44.328011 125758 sgemm sgemm CUDA1 1.071291 125798 40
CPU16 44.620306 125759 sgemm sgemm CUDA1 1.071570 125799 40
CPU11 44.466885 125760 sgemm sgemm CUDA1 1.259314 125800 40
CPU3 44.366334 125761 sgemm sgemm CUDA2 1.267274 125801 40
CPU0 44.580064 125762 sgemm sgemm CUDA2 7.102493 125802 40
CPU10 44.345647 125763 sgemm sgemm CUDA3 1.224352 125803 40
CPU13 44.412669 125764 sgemm sgemm CUDA3 1.259288 125804 40
CPU13 44.578757 125765 sgemm sgemm CUDA3 1.065114 125805 40
CPU13 44.569780 125766 sgemm sgemm CUDA3 1.269624 125806 40
CPU13 44.891373 125770 sgemm sgemm CUDA2 1.259240 125810 40
CPU7 44.371171 125771 sgemm sgemm CUDA2 1.259967 125811 40
CPU3 44.286141 125772 sgemm sgemm CUDA2 1.074092 125812 40
CPU7 44.522330 125773 sgemm sgemm CUDA2 1.261460 125813 40
CPU5 44.341346 125774 sgemm sgemm CUDA2 1.258026 125814 40
CPU17 44.415009 125775 sgemm sgemm CUDA2 1.064298 125815 40
CPU18 47.285097 125776 sgemm sgemm CUDA3 1.261370 125816 40
CPU10 44.814640 125777 sgemm sgemm CUDA3 1.258538 125817 40
CPU7 44.442430 125778 sgemm sgemm CUDA3 1.065824 125818 40
CPU12 44.415500 125779 sgemm sgemm CUDA2 1.254739 125819 40
CPU12 44.446968 125780 sgemm sgemm CUDA3 1.257139 125820 40
CPU12 44.442947 125781 sgemm sgemm CUDA2 1.068744 125821 40
CPU12 44.472298 125782 sgemm sgemm CUDA3 1.069213 125822 40
CPU12 44.382361 125783 sgemm sgemm CUDA3 1.260087 125823 40
CPU13 44.692659 125787 sgemm sgemm CUDA2 1.008141 125827 40
CPU9 44.183051 125788 sgemm sgemm CUDA2 1.075193 125828 40
CPU8 44.173808 125789 sgemm sgemm CUDA2 1.257677 125829 40
CPU6 44.366063 125790 sgemm sgemm CUDA2 1.260077 125830 40
CPU5 44.165470 125791 sgemm sgemm CUDA0 0.305401 125831 40
CPU18 44.245577 125792 sgemm sgemm CUDA1 0.998382 125832 40
CPU18 44.610983 125793 sgemm sgemm CUDA1 1.062167 125833 40
CPU11 44.402817 125794 sgemm sgemm CUDA0 1.256188 125834 40
CPU0 44.449947 125795 sgemm sgemm CUDA1 1.260333 125835 40
CPU4 44.314004 125796 sgemm sgemm CUDA1 1.261457 125836 40
CPU3 44.144674 125797 sgemm sgemm CUDA0 1.256579 125837 40
CPU13 44.630591 125798 sgemm sgemm CUDA0 1.063581 125838 40
CPU13 44.689558 125799 sgemm sgemm CUDA2 1.257453 125839 40
CPU13 44.573307 125800 sgemm sgemm CUDA1 1.259958 125840 40
CPU13 44.433682 125804 sgemm sgemm CUDA2 1.069641 125844 40
CPU1 44.353647 125805 sgemm sgemm CUDA2 1.069957 125845 40
CPU0 44.715059 125806 sgemm sgemm CUDA3 1.263524 125846 40
CPU7 44.498800 125807 sgemm sgemm CUDA0 1.005002 125847 40
CPU5 44.609133 125808 sgemm sgemm CUDA0 1.065062 125848 40
CPU17 44.322712 125809 sgemm sgemm CUDA3 1.071518 125849 40
CPU16 44.603521 125810 sgemm sgemm CUDA3 1.304928 125850 40
CPU19 44.353455 125811 sgemm sgemm CUDA3 1.067563 125851 40
CPU3 44.531897 125812 sgemm sgemm CUDA3 1.065437 125852 40
CPU12 44.475855 125813 sgemm sgemm CUDA0 1.261108 125853 40
CPU12 44.454852 125814 sgemm sgemm CUDA0 1.070654 125854 40
CPU12 44.430162 125815 sgemm sgemm CUDA0 1.068881 125855 40
CPU12 44.387911 125816 sgemm sgemm CUDA3 1.263445 125856 40
CPU12 44.364782 125817 sgemm sgemm CUDA3 1.069605 125857 40
CPU13 44.295678 125821 sgemm sgemm CUDA2 1.375754 125861 40
CPU8 44.323779 125822 sgemm sgemm CUDA1 1.267836 125862 40
CPU5 44.670861 125823 sgemm sgemm CUDA1 1.258141 125863 40
CPU6 44.688616 125824 sgemm sgemm CUDA1 1.259991 125864 40
CPU1 44.409684 125825 sgemm sgemm CUDA1 1.066661 125865 40
CPU18 44.139965 125826 sgemm sgemm CUDA1 1.066018 125866 40
CPU17 44.160926 125827 sgemm sgemm CUDA1 1.087855 125867 40
CPU7 44.852209 125828 sgemm sgemm CUDA1 1.063512 125868 40
CPU1 44.524596 125829 sgemm sgemm CUDA1 1.068213 125869 40
CPU4 44.646707 125830 sgemm sgemm CUDA1 1.260048 125870 40
CPU19 44.412846 125831 sgemm sgemm CUDA1 1.070960 125871 40
CPU13 44.235878 125832 sgemm sgemm CUDA2 1.254881 125872 40
CPU13 44.312247 125833 sgemm sgemm CUDA2 1.063730 125873 40
CPU13 44.365921 125834 sgemm sgemm CUDA1 1.068094 125874 40
CPU13 44.541100 125838 sgemm sgemm CUDA0 1.034270 125878 40
CPU3 44.351648 125839 sgemm sgemm CUDA0 1.064164 125879 40
CPU6 44.325510 125840 sgemm sgemm CUDA1 4.214259 125880 40
CPU9 44.372206 125841 sgemm sgemm CUDA1 0.072210 125881 40
CPU0 44.664368 125842 sgemm sgemm CUDA0 11.022470 125882 40
CPU17 44.289946 125843 sgemm sgemm CUDA2 1.257777 125883 40
CPU17 45.243322 125844 sgemm sgemm CUDA0 0.070880 125884 40
CPU11 44.281352 125845 sgemm sgemm CUDA1 1.068566 125885 40
CPU9 44.419192 125846 sgemm sgemm CUDA2 1.065542 125886 40
CPU4 44.684123 125847 sgemm sgemm CUDA0 1.358467 125887 40
CPU10 44.299195 125848 sgemm sgemm CUDA0 1.260502 125888 40
CPU13 44.540721 125849 sgemm sgemm CUDA1 1.258426 125889 40
CPU13 44.468388 125850 sgemm sgemm CUDA1 1.253173 125890 40
CPU13 44.416212 125851 sgemm sgemm CUDA0 1.261264 125891 40
CPU13 44.575334 125855 sgemm sgemm CUDA2 4.314208 125895 40
CPU1 44.238464 125856 sgemm sgemm CUDA2 0.058885 125896 40
CPU2 44.493379 125857 sgemm sgemm CUDA3 4.111222 125897 40
CPU9 44.437171 125858 sgemm sgemm CUDA2 1.264800 125898 40
CPU5 44.439109 125859 sgemm sgemm CUDA3 0.063542 125899 40
CPU18 44.190011 125860 sgemm sgemm CUDA3 1.068166 125900 40
CPU15 44.406185 125861 sgemm sgemm CUDA0 1.257817 125901 40
CPU10 44.633051 125862 sgemm sgemm CUDA0 1.259413 125902 40
CPU8 44.419310 125863 sgemm sgemm CUDA3 1.259936 125903 40
CPU4 44.563929 125864 sgemm sgemm CUDA3 1.076410 125904 40
CPU19 44.593114 125865 sgemm sgemm CUDA0 1.257432 125905 40
CPU11 44.495287 125866 sgemm sgemm CUDA2 3.629820 125906 40
CPU13 44.585091 125867 sgemm sgemm CUDA3 1.258750 125907 40
CPU12 44.301320 125868 sgemm sgemm CUDA0 1.259128 125908 40
CPU13 44.684094 125872 sgemm sgemm CUDA2 1.285658 125912 40
CPU0 44.455563 125873 sgemm sgemm CUDA3 1.071839 125913 40
CPU0 44.356270 125874 sgemm sgemm CUDA3 1.066679 125914 40
CPU8 44.040193 125875 sgemm sgemm CUDA2 1.262299 125915 40
CPU1 43.700433 125876 sgemm sgemm CUDA3 11.202392 125916 40
CPU17 44.690211 125877 sgemm sgemm CUDA2 1.259123 125917 40
CPU18 44.672898 125878 sgemm sgemm CUDA1 1.068220 125918 40
CPU11 44.662315 125879 sgemm sgemm CUDA1 1.257796 125919 40
CPU2 44.049561 125880 sgemm sgemm CUDA2 1.259547 125920 40
CPU12 44.534903 125881 sgemm sgemm CUDA2 1.259052 125921 40
CPU12 44.513074 125882 sgemm sgemm CUDA3 0.070237 125922 40
CPU12 44.625324 125883 sgemm sgemm CUDA1 1.065151 125923 40
CPU12 44.628496 125884 sgemm sgemm CUDA3 1.365883 125924 40
CPU12 44.688768 125885 sgemm sgemm CUDA1 1.261983 125925 40
CPU13 44.888402 125889 sgemm sgemm CUDA2 1.254064 125929 40
CPU1 44.276286 125890 sgemm sgemm CUDA2 12.054138 125930 40
CPU19 44.607216 125891 sgemm sgemm CUDA2 1.326249 125931 40
CPU7 44.257388 125892 sgemm sgemm CUDA2 1.251933 125932 40
CPU4 44.306598 125893 sgemm sgemm CUDA2 1.067573 125933 40
CPU18 44.438662 125894 sgemm sgemm CUDA2 1.069667 125934 40
CPU16 44.393340 125895 sgemm sgemm CUDA0 1.237981 125935 40
CPU19 44.591892 125896 sgemm sgemm CUDA0 1.261261 125936 40
CPU2 44.121894 125897 sgemm sgemm CUDA0 1.271657 125937 40
CPU4 44.388619 125898 sgemm sgemm CUDA0 1.254661 125938 40
CPU10 44.607802 125899 sgemm sgemm CUDA0 12.306492 125939 40
CPU13 44.657750 125900 sgemm sgemm CUDA0 0.842313 125940 40
CPU13 44.722891 125901 sgemm sgemm CUDA3 12.435447 125941 40
CPU13 44.774190 125902 sgemm sgemm CUDA3 1.093420 125942 40
CPU13 44.813209 125906 sgemm sgemm CUDA2 1.304011 125946 40
CPU1 44.224933 125907 sgemm sgemm CUDA2 1.259600 125947 40
CPU6 43.942246 125908 sgemm sgemm CUDA2 1.067498 125948 40
CPU8 44.169638 125909 sgemm sgemm CUDA2 1.071815 125949 40
CPU3 44.242841 125910 sgemm sgemm CUDA2 1.254853 125950 40
CPU17 44.347490 125911 sgemm sgemm CUDA2 1.070750 125951 40
CPU10 44.671575 125912 sgemm sgemm CUDA3 1.062918 125952 40
CPU11 44.344346 125913 sgemm sgemm CUDA3 1.063119 125953 40
CPU1 44.712558 125914 sgemm sgemm CUDA3 1.061763 125954 40
CPU4 44.686775 125915 sgemm sgemm CUDA3 1.263566 125955 40
CPU10 44.351628 125916 sgemm sgemm CUDA3 1.248761 125956 40
CPU13 44.474044 125917 sgemm sgemm CUDA3 1.067987 125957 40
CPU13 44.648279 125918 sgemm sgemm CUDA3 1.067043 125958 40
CPU13 44.560969 125919 sgemm sgemm CUDA3 12.560092 125959 40
CPU13 44.640693 125923 sgemm sgemm CUDA2 1.061258 125963 40
CPU8 44.251162 125924 sgemm sgemm CUDA2 1.261814 125964 40
CPU7 44.278330 125925 sgemm sgemm CUDA2 1.072565 125965 40
CPU9 44.082192 125926 sgemm sgemm CUDA2 1.254991 125966 40
CPU4 44.202228 125927 sgemm sgemm CUDA0 1.360660 125967 40
CPU17 44.485778 125928 sgemm sgemm CUDA3 1.265422 125968 40
CPU19 44.758446 125929 sgemm sgemm CUDA0 1.077492 125969 40
CPU10 44.501415 125930 sgemm sgemm CUDA0 1.069509 125970 40
CPU8 44.358764 125931 sgemm sgemm CUDA3 1.265157 125971 40
CPU1 44.221856 125932 sgemm sgemm CUDA0 1.064833 125972 40
CPU10 44.399532 125933 sgemm sgemm CUDA0 1.260553 125973 40
CPU12 44.786850 125934 sgemm sgemm CUDA2 1.275693 125974 40
CPU19 44.513058 125935 sgemm sgemm CUDA2 1.265249 125975 40
CPU11 45.280276 125936 sgemm sgemm CUDA3 1.268121 125976 40
CPU13 44.805447 125940 sgemm sgemm CUDA2 0.224068 125980 40
CPU9 44.450124 125941 sgemm sgemm CUDA2 1.411312 125981 40
CPU10 44.527689 125942 sgemm sgemm CUDA2 1.069167 125982 40
CPU9 44.264800 125943 sgemm sgemm CUDA2 1.077212 125983 40
CPU2 44.149086 125944 sgemm sgemm CUDA0 1.068920 125984 40
CPU18 44.301377 125945 sgemm sgemm CUDA0 1.270554 125985 40
CPU18 44.602329 125946 sgemm sgemm CUDA0 1.156796 125986 40
CPU11 44.445847 125947 sgemm sgemm CUDA0 0.980208 125987 40
CPU7 44.535425 125948 sgemm sgemm CUDA0 1.261624 125988 40
CPU4 44.707371 125949 sgemm sgemm CUDA0 1.072921 125989 40
CPU10 44.546566 125950 sgemm sgemm CUDA3 1.347585 125990 40
CPU13 44.596305 125951 sgemm sgemm CUDA3 1.250523 125991 40
CPU13 44.618820 125952 sgemm sgemm CUDA3 1.255318 125992 40
CPU13 44.702296 125953 sgemm sgemm CUDA3 1.260481 125993 40
CPU13 44.814835 125957 sgemm sgemm CUDA1 1.079560 125997 40
CPU8 44.310247 125958 sgemm sgemm CUDA1 1.079759 125998 40
CPU11 44.589199 125959 sgemm sgemm CUDA1 1.065589 125999 40
CPU7 44.460609 125960 sgemm sgemm CUDA1 1.065551 126000 40
CPU4 44.445974 125961 sgemm sgemm CUDA1 1.276555 126001 40
CPU17 44.345768 125962 sgemm sgemm CUDA0 1.066945 126002 40
CPU18 44.537879 125963 sgemm sgemm CUDA0 1.259985 126003 40
CPU19 44.439359 125964 sgemm sgemm CUDA0 1.070453 126004 40
CPU0 44.535469 125965 sgemm sgemm CUDA0 1.260261 126005 40
CPU4 44.536908 125966 sgemm sgemm CUDA1 1.271740 126006 40
CPU10 44.609375 125967 sgemm sgemm CUDA1 1.264881 126007 40
CPU13 44.763624 125968 sgemm sgemm CUDA1 13.057680 126008 40
CPU13 44.800410 125969 sgemm sgemm CUDA1 0.169466 126009 40
CPU13 44.801861 125970 sgemm sgemm CUDA0 1.066218 126010 40
CPU13 44.947998 125974 sgemm sgemm CUDA2 1.262008 126014 40
CPU0 44.517722 125975 sgemm sgemm CUDA2 1.256737 126015 40
CPU4 44.123549 125976 sgemm sgemm CUDA2 1.259495 126016 40
CPU6 44.358520 125977 sgemm sgemm CUDA2 1.206465 126017 40
CPU0 44.668648 125978 sgemm sgemm CUDA0 1.061946 126018 40
CPU12 44.611528 125979 sgemm sgemm CUDA2 1.204442 126019 40
CPU18 44.484502 125980 sgemm sgemm CUDA0 1.255810 126020 40
CPU11 44.502586 125981 sgemm sgemm CUDA0 1.069659 126021 40
CPU3 44.342789 125982 sgemm sgemm CUDA0 1.196789 126022 40
CPU7 44.505348 125983 sgemm sgemm CUDA0 1.012775 126023 40
CPU12 44.661035 125984 sgemm sgemm CUDA0 1.073456 126024 40
CPU12 44.610868 125985 sgemm sgemm CUDA3 1.259897 126025 40
CPU13 44.609391 125986 sgemm sgemm CUDA3 1.064276 126026 40
CPU13 44.615036 125987 sgemm sgemm CUDA3 1.065524 126027 40
CPU13 44.789231 125991 sgemm sgemm CUDA2 1.013581 126031 40
CPU7 44.450892 125992 sgemm sgemm CUDA2 1.014806 126032 40
CPU2 44.011620 125993 sgemm sgemm CUDA1 1.256719 126033 40
CPU9 43.979062 125994 sgemm sgemm CUDA1 1.068584 126034 40
CPU5 44.028917 125995 sgemm sgemm CUDA1 1.257291 126035 40
CPU19 44.685600 125996 sgemm sgemm CUDA1 1.198077 126036 40
CPU17 44.599223 125997 sgemm sgemm CUDA1 1.253478 126037 40
CPU19 44.721659 125998 sgemm sgemm CUDA3 1.258671 126038 40
CPU1 44.154649 125999 sgemm sgemm CUDA3 1.258652 126039 40
CPU12 44.795996 126000 sgemm sgemm CUDA1 1.010864 126040 40
CPU7 44.450690 126001 sgemm sgemm CUDA3 1.068848 126041 40
CPU10 44.817613 126002 sgemm sgemm CUDA3 1.256501 126042 40
CPU11 44.551256 126003 sgemm sgemm CUDA3 13.023896 126043 40
CPU12 44.975648 126004 sgemm sgemm CUDA3 0.195085 126044 40
CPU13 32.404051 126010 strsm strsm CUDA3 2.835917 126050 40
CPU9 31.466988 126014 strsm strsm CUDA3 0.177796 126054 40
CPU14 34.048620 126018 strsm strsm CUDA2 12.181376 126058 40
CPU7 31.956034 126022 strsm strsm CUDA2 2.471526 126062 40
CPU5 31.622746 126026 strsm strsm CUDA1 12.842187 126066 40
CPU12 31.708612 126030 strsm strsm CUDA0 0.266145 126070 40
CPU17 32.103721 126034 strsm strsm CUDA0 2.713250 126074 40
CPU19 31.978916 126038 strsm strsm CUDA1 0.202902 126078 40
CPU11 31.726382 126042 strsm strsm CUDA0 12.413787 126082 40
CPU12 32.214049 126046 strsm strsm CUDA2 2.560790 126086 40
CPU7 32.554083 126050 strsm strsm CUDA1 2.817408 126090 40
CPU13 32.096178 126054 strsm strsm CUDA3 2.488906 126094 40
CPU13 32.261564 126058 strsm strsm CUDA2 0.177426 126098 40
CPU13 32.258196 126062 strsm strsm CUDA1 2.439046 126102 40
CPU6 15.633131 126066 strtri strtri CPU -1 126106 40
CPU2 30.671495 126068 strsm strsm CPU32 99.493697 126108 40
CPU12 31.197840 126070 strsm strsm CPU -1 126110 40
CPU1 30.878204 126072 strsm strsm CPU35 92.887798 126112 40
CPU8 30.692390 126074 strsm strsm CPU30 193.222564 126114 40
CPU9 30.958628 126076 strsm strsm CPU -1 126116 40
CPU1 30.591725 126078 strsm strsm CPU -1 126118 40
CPU8 30.686950 126080 strsm strsm CUDA3 2.905690 126120 40
CPU16 30.770644 126082 strsm strsm CUDA3 11.720170 126122 40
CPU0 32.276839 126084 strsm strsm CUDA3 2.803522 126124 40
CPU8 30.734470 126086 strsm strsm CUDA0 2.914523 126126 40
CPU3 30.676925 126088 strsm strsm CUDA0 11.999252 126128 40
CPU10 31.100842 126090 strsm strsm CUDA3 2.885370 126130 40
CPU8 30.600705 126092 strsm strsm CUDA0 2.830871 126132 40
CPU12 30.870555 126094 strsm strsm CUDA3 12.512209 126134 40
CPU10 30.789258 126096 strsm strsm CUDA0 2.943168 126136 40
CPU10 30.839209 126098 strsm strsm CUDA0 2.835898 126138 40
CPU9 30.963477 126100 strsm strsm CUDA3 2.829675 126140 40
CPU10 30.974741 126102 strsm strsm CUDA0 2.902030 126142 40
CPU12 31.400772 126104 strsm strsm CUDA3 2.643221 126144 40
CPU3 30.602007 126106 strsm strsm CUDA0 2.810429 126146 40
CPU2 31.021118 126108 strsm strsm CUDA3 2.673213 126148 40
CPU6 31.006730 126110 strsm strsm CUDA0 2.811630 126150 40
CPU0 31.377040 126112 strsm strsm CUDA0 2.857522 126152 40
CPU1 30.889755 126114 strsm strsm CUDA0 2.856518 126154 40
CPU12 31.283761 126116 strsm strsm CUDA3 2.744806 126156 40
CPU9 30.787957 126118 strsm strsm CUDA0 2.836670 126158 40
CPU10 31.359356 126120 strsm strsm CUDA3 14.858780 126160 40
CPU15 30.731278 126122 strsm strsm CUDA3 2.461264 126162 40
CPU2 30.456214 126124 strsm strsm CUDA3 1.900425 126164 40
CPU13 31.756717 126126 strsm strsm CUDA2 2.918808 126166 40
CPU19 31.638591 126128 strsm strsm CUDA3 2.857978 126168 40
CPU6 31.702010 126130 strsm strsm CUDA2 12.030259 126170 40
CPU19 30.983644 126132 strsm strsm CUDA2 2.810721 126172 40
CPU7 30.902404 126134 strsm strsm CUDA2 7.935671 126174 40
CPU13 44.563875 126136 sgemm sgemm CUDA3 1.258094 126176 40
CPU2 44.494835 126137 sgemm sgemm CUDA3 4.039365 126177 40
CPU1 44.414565 126138 sgemm sgemm CUDA2 1.263312 126178 40
CPU8 44.550086 126139 sgemm sgemm CUDA3 0.059018 126179 40
CPU4 44.692351 126140 sgemm sgemm CUDA2 1.262161 126180 40
CPU17 44.438280 126141 sgemm sgemm CUDA2 1.329960 126181 40
CPU19 44.642813 126142 sgemm sgemm CUDA0 1.307482 126182 40
CPU11 44.479589 126143 sgemm sgemm CUDA3 1.260198 126183 40
CPU11 44.772293 126144 sgemm sgemm CUDA2 12.653662 126184 40
CPU4 44.637405 126145 sgemm sgemm CUDA2 0.040684 126185 40
CPU19 44.612397 126146 sgemm sgemm CUDA3 1.362302 126186 40
CPU11 44.874463 126147 sgemm sgemm CUDA0 1.202333 126187 40
CPU4 44.728196 126148 sgemm sgemm CUDA3 1.261330 126188 40
CPU5 44.313525 126149 sgemm sgemm CUDA3 0.864809 126189 40
CPU1 44.121609 126150 sgemm sgemm CUDA0 3.638464 126190 40
CPU13 44.479769 126154 sgemm sgemm CUDA0 1.207163 126194 40
CPU0 44.755854 126155 sgemm sgemm CUDA1 1.258489 126195 40
CPU9 44.403537 126156 sgemm sgemm CUDA1 0.092413 126196 40
CPU8 44.301456 126157 sgemm sgemm CUDA1 1.268301 126197 40
CPU4 44.600813 126158 sgemm sgemm CUDA1 1.070508 126198 40
CPU18 44.295146 126159 sgemm sgemm CUDA1 12.157647 126199 40
CPU16 44.411608 126160 sgemm sgemm CUDA0 1.041366 126200 40
CPU11 44.314402 126161 sgemm sgemm CUDA1 0.154866 126201 40
CPU2 44.253231 126162 sgemm sgemm CUDA1 1.258676 126202 40
CPU4 44.398638 126163 sgemm sgemm CUDA1 0.090605 126203 40
CPU19 44.851096 126164 sgemm sgemm CUDA1 1.224115 126204 40
CPU19 44.888667 126165 sgemm sgemm CUDA0 1.018376 126205 40
CPU13 44.608697 126166 sgemm sgemm CUDA1 1.031475 126206 40
CPU10 44.768100 126167 sgemm sgemm CUDA1 1.269415 126207 40
CPU13 44.633108 126168 sgemm sgemm CUDA0 1.010854 126208 40
CPU13 44.279034 126172 sgemm sgemm CUDA0 1.258179 126212 40
CPU0 44.957364 126173 sgemm sgemm CUDA1 1.264397 126213 40
CPU3 44.316045 126174 sgemm sgemm CUDA2 1.215268 126214 40
CPU7 44.337867 126175 sgemm sgemm CUDA1 1.265049 126215 40
CPU4 44.745911 126176 sgemm sgemm CUDA2 1.236955 126216 40
CPU17 44.608791 126177 sgemm sgemm CUDA2 1.027753 126217 40
CPU19 44.497166 126178 sgemm sgemm CUDA0 1.013253 126218 40
CPU11 44.350978 126179 sgemm sgemm CUDA1 1.362479 126219 40
CPU0 44.779249 126180 sgemm sgemm CUDA2 0.057773 126220 40
CPU4 44.578936 126181 sgemm sgemm CUDA2 1.259583 126221 40
CPU10 44.516933 126182 sgemm sgemm CUDA1 13.081633 126222 40
CPU11 44.810508 126183 sgemm sgemm CUDA0 1.027330 126223 40
CPU13 44.468154 126184 sgemm sgemm CUDA1 1.251900 126224 40
CPU0 45.059478 126185 sgemm sgemm CUDA1 1.069279 126225 40
CPU13 44.396325 126186 sgemm sgemm CUDA0 1.257007 126226 40
CPU13 44.339648 126190 sgemm sgemm CUDA0 12.914497 126230 40
CPU9 44.662370 126191 sgemm sgemm CUDA3 0.047761 126231 40
CPU14 44.594434 126192 sgemm sgemm CUDA2 1.259473 126232 40
CPU6 44.704459 126193 sgemm sgemm CUDA3 1.176487 126233 40
CPU4 44.801045 126194 sgemm sgemm CUDA2 1.199139 126234 40
CPU12 44.716491 126195 sgemm sgemm CUDA2 1.205331 126235 40
CPU18 44.875957 126196 sgemm sgemm CUDA0 1.198101 126236 40
CPU10 44.453892 126197 sgemm sgemm CUDA3 0.929234 126237 40
CPU7 44.187011 126198 sgemm sgemm CUDA2 1.334803 126238 40
CPU4 44.369695 126199 sgemm sgemm CUDA2 1.071473 126239 40
CPU7 44.440240 126200 sgemm sgemm CUDA0 1.257859 126240 40
CPU2 43.888278 126201 sgemm sgemm CUDA0 1.019093 126241 40
CPU10 44.675170 126202 sgemm sgemm CUDA3 0.931574 126242 40
CPU12 44.938065 126203 sgemm sgemm CUDA3 0.047865 126243 40
CPU12 44.667659 126204 sgemm sgemm CUDA0 0.062264 126244 40
CPU13 44.439022 126208 sgemm sgemm CUDA3 16.545212 126248 40
CPU9 44.657212 126209 sgemm sgemm CUDA3 1.245815 126249 40
CPU7 44.595113 126210 sgemm sgemm CUDA3 1.263171 126250 40
CPU0 45.064791 126211 sgemm sgemm CUDA1 1.256163 126251 40
CPU5 44.679104 126212 sgemm sgemm CUDA1 12.887093 126252 40
CPU12 44.664147 126213 sgemm sgemm CUDA1 0.881054 126253 40
CPU17 44.340523 126214 sgemm sgemm CUDA3 0.041016 126254 40
CPU11 44.419697 126215 sgemm sgemm CUDA1 1.079826 126255 40
CPU1 44.583538 126216 sgemm sgemm CUDA1 1.254947 126256 40
CPU0 44.799867 126217 sgemm sgemm CUDA1 1.073765 126257 40
CPU10 44.498657 126218 sgemm sgemm CUDA1 12.012791 126258 40
CPU12 44.695138 126219 sgemm sgemm CUDA3 1.260599 126259 40
CPU12 44.509286 126220 sgemm sgemm CUDA3 1.008847 126260 40
CPU12 44.681189 126221 sgemm sgemm CUDA1 1.255033 126261 40
CPU12 44.565451 126222 sgemm sgemm CUDA1 1.232330 126262 40
CPU13 44.509257 126226 sgemm sgemm CUDA3 1.199314 126266 40
CPU9 44.533691 126227 sgemm sgemm CUDA3 1.256236 126267 40
CPU3 44.498573 126228 sgemm sgemm CUDA3 1.262077 126268 40
CPU8 44.437027 126229 sgemm sgemm CUDA3 1.201671 126269 40
CPU4 44.525457 126230 sgemm sgemm CUDA2 1.204514 126270 40
CPU18 44.267755 126231 sgemm sgemm CUDA2 1.205849 126271 40
CPU19 44.650258 126232 sgemm sgemm CUDA3 1.309706 126272 40
CPU19 44.598622 126233 sgemm sgemm CUDA3 1.201232 126273 40
CPU1 44.280693 126234 sgemm sgemm CUDA2 1.014024 126274 40
CPU3 44.269022 126235 sgemm sgemm CUDA2 1.259641 126275 40
CPU19 44.661207 126236 sgemm sgemm CUDA3 1.045521 126276 40
CPU13 44.848171 126237 sgemm sgemm CUDA3 1.069053 126277 40
CPU13 44.692203 126238 sgemm sgemm CUDA3 12.729616 126278 40
CPU13 44.824583 126239 sgemm sgemm CUDA3 10.549680 126279 40
CPU13 44.739612 126240 sgemm sgemm CUDA2 1.246832 126280 40
CPU13 44.736638 126244 sgemm sgemm CUDA3 0.054831 126284 40
CPU0 44.831484 126245 sgemm sgemm CUDA3 1.200593 126285 40
CPU8 44.001248 126246 sgemm sgemm CUDA3 1.326725 126286 40
CPU9 44.462492 126247 sgemm sgemm CUDA3 1.265418 126287 40
CPU4 44.582047 126248 sgemm sgemm CUDA1 1.292700 126288 40
CPU18 44.165854 126249 sgemm sgemm CUDA1 10.647562 126289 40
CPU18 44.280418 126250 sgemm sgemm CUDA0 1.068555 126290 40
CPU11 44.537499 126251 sgemm sgemm CUDA3 1.080270 126291 40
CPU8 44.289019 126252 sgemm sgemm CUDA2 1.257694 126292 40
CPU1 44.310789 126253 sgemm sgemm CUDA1 0.060745 126293 40
CPU10 44.507804 126254 sgemm sgemm CUDA0 1.073382 126294 40
CPU10 44.465814 126255 sgemm sgemm CUDA0 1.259104 126295 40
CPU13 44.900378 126256 sgemm sgemm CUDA1 1.321343 126296 40
CPU13 44.760356 126257 sgemm sgemm CUDA3 1.282093 126297 40
CPU13 45.106877 126258 sgemm sgemm CUDA2 1.063978 126298 40
CPU13 44.698630 126262 sgemm sgemm CUDA0 1.278273 126302 40
CPU9 44.435818 126263 sgemm sgemm CUDA0 1.061964 126303 40
CPU9 44.498541 126264 sgemm sgemm CUDA0 1.067793 126304 40
CPU0 44.645148 126265 sgemm sgemm CUDA0 1.260969 126305 40
CPU4 44.495345 126266 sgemm sgemm CUDA2 1.261040 126306 40
CPU12 44.398601 126267 sgemm sgemm CUDA2 1.072043 126307 40
CPU19 44.452453 126268 sgemm sgemm CUDA0 1.260517 126308 40
CPU10 44.461237 126269 sgemm sgemm CUDA0 1.063176 126309 40
CPU9 44.289002 126270 sgemm sgemm CUDA2 1.257272 126310 40
CPU4 44.385727 126271 sgemm sgemm CUDA0 1.058524 126311 40
CPU19 44.523333 126272 sgemm sgemm CUDA0 1.259579 126312 40
CPU12 44.497554 126273 sgemm sgemm CUDA0 1.068007 126313 40
CPU12 44.463888 126274 sgemm sgemm CUDA1 1.259038 126314 40
CPU12 44.485671 126275 sgemm sgemm CUDA1 1.084949 126315 40
CPU12 44.445274 126276 sgemm sgemm CUDA2 11.621095 126316 40
CPU13 44.622456 126280 sgemm sgemm CUDA3 1.359320 126320 40
CPU0 44.796782 126281 sgemm sgemm CUDA3 11.623428 126321 40
CPU8 44.085805 126282 sgemm sgemm CUDA3 1.270623 126322 40
CPU8 44.419697 126283 sgemm sgemm CUDA3 1.272564 126323 40
CPU4 44.587277 126284 sgemm sgemm CUDA3 1.279166 126324 40
CPU18 44.416551 126285 sgemm sgemm CUDA3 1.087403 126325 40
CPU16 101.248995 126286 sgemm sgemm CUDA3 0.158476 126326 40
CPU11 44.480397 126287 sgemm sgemm CUDA3 1.287624 126327 40
CPU1 44.405116 126288 sgemm sgemm CUDA2 1.272709 126328 40
CPU12 44.584477 126289 sgemm sgemm CUDA1 1.071378 126329 40
CPU10 44.554570 126290 sgemm sgemm CUDA0 0.193947 126330 40
CPU11 44.418620 126291 sgemm sgemm CUDA1 1.265114 126331 40
CPU12 44.529354 126292 sgemm sgemm CUDA3 1.268756 126332 40
CPU12 44.446668 126293 sgemm sgemm CUDA0 1.279793 126333 40
CPU4 44.684496 126294 sgemm sgemm CUDA0 1.070248 126334 40
CPU13 44.497363 126298 sgemm sgemm CUDA0 1.293885 126338 40
CPU7 44.898329 126299 sgemm sgemm CUDA0 1.067516 126339 40
CPU0 44.857957 126300 sgemm sgemm CUDA3 0.801369 126340 40
CPU8 44.521482 126301 sgemm sgemm CUDA0 1.260435 126341 40
CPU4 44.624382 126302 sgemm sgemm CUDA2 1.330855 126342 40
CPU17 44.364993 126303 sgemm sgemm CUDA2 1.261883 126343 40
CPU16 44.178125 126304 sgemm sgemm CUDA0 1.260798 126344 40
CPU19 44.448756 126305 sgemm sgemm CUDA3 1.283356 126345 40
CPU2 44.460386 126306 sgemm sgemm CUDA2 1.064523 126346 40
CPU2 44.269013 126307 sgemm sgemm CUDA0 1.257620 126347 40
CPU10 44.644899 126308 sgemm sgemm CUDA3 1.067598 126348 40
CPU8 44.469377 126309 sgemm sgemm CUDA0 1.065959 126349 40
CPU13 44.712454 126310 sgemm sgemm CUDA2 1.065848 126350 40
CPU13 44.766879 126311 sgemm sgemm CUDA3 1.262301 126351 40
CPU13 44.720327 126312 sgemm sgemm CUDA2 1.065064 126352 40
CPU13 44.621682 126316 sgemm sgemm CUDA0 0.835550 126356 40
CPU7 44.821223 126317 sgemm sgemm CUDA0 1.263664 126357 40
CPU5 44.635553 126318 sgemm sgemm CUDA0 1.268838 126358 40
CPU6 44.678559 126319 sgemm sgemm CUDA0 1.258026 126359 40
CPU4 44.575965 126320 sgemm sgemm CUDA1 1.022165 126360 40
CPU18 44.215281 126321 sgemm sgemm CUDA1 11.554674 126361 40
CPU10 44.709971 126322 sgemm sgemm CUDA3 1.350108 126362 40
CPU19 44.429888 126323 sgemm sgemm CUDA1 1.412223 126363 40
CPU3 44.514042 126324 sgemm sgemm CUDA1 1.261089 126364 40
CPU9 44.576447 126325 sgemm sgemm CUDA1 1.253506 126365 40
CPU2 44.416666 126326 sgemm sgemm CUDA3 1.256684 126366 40
CPU6 44.167329 126327 sgemm sgemm CUDA2 1.058205 126367 40
CPU5 44.580911 126328 sgemm sgemm CUDA3 1.070509 126368 40
CPU7 44.546613 126329 sgemm sgemm CUDA0 1.065398 126369 40
CPU12 44.401813 126330 sgemm sgemm CUDA2 1.067651 126370 40
CPU13 44.668073 126334 sgemm sgemm CUDA3 1.252788 126374 40
CPU8 44.347780 126335 sgemm sgemm CUDA3 1.255302 126375 40
CPU5 44.483863 126336 sgemm sgemm CUDA2 1.238121 126376 40
CPU8 44.601326 126337 sgemm sgemm CUDA2 1.070894 126377 40
CPU4 44.555199 126338 sgemm sgemm CUDA2 1.066086 126378 40
CPU18 44.244689 126339 sgemm sgemm CUDA3 1.066357 126379 40
CPU19 44.474602 126340 sgemm sgemm CUDA0 1.308098 126380 40
CPU11 44.331792 126341 sgemm sgemm CUDA0 1.062997 126381 40
CPU0 44.464985 126342 sgemm sgemm CUDA2 1.256002 126382 40
CPU4 44.568464 126343 sgemm sgemm CUDA0 1.259259 126383 40
CPU19 44.615149 126344 sgemm sgemm CUDA3 1.296971 126384 40
CPU19 44.590169 126345 sgemm sgemm CUDA3 1.271057 126385 40
CPU13 44.898032 126346 sgemm sgemm CUDA3 1.078292 126386 40
CPU13 44.837575 126347 sgemm sgemm CUDA3 1.257412 126387 40
CPU13 44.739453 126348 sgemm sgemm CUDA0 1.260753 126388 40
CPU13 44.622026 126352 sgemm sgemm CUDA0 1.259699 126392 40
CPU0 44.832296 126353 sgemm sgemm CUDA3 0.732243 126393 40
CPU6 44.406479 126354 sgemm sgemm CUDA3 1.260781 126394 40
CPU9 44.401926 126355 sgemm sgemm CUDA2 1.218178 126395 40
CPU5 44.286552 126356 sgemm sgemm CUDA2 1.261717 126396 40
CPU17 44.497278 126357 sgemm sgemm CUDA2 1.259413 126397 40
CPU17 44.477382 126358 sgemm sgemm CUDA3 1.254712 126398 40
CPU10 44.609834 126359 sgemm sgemm CUDA3 1.076840 126399 40
CPU7 44.404618 126360 sgemm sgemm CUDA0 1.263029 126400 40
CPU0 44.655988 126361 sgemm sgemm CUDA0 2.268338 126401 40
CPU10 44.718739 126362 sgemm sgemm CUDA3 1.068309 126402 40
CPU13 44.714450 126363 sgemm sgemm CUDA0 0.283686 126403 40
CPU13 44.641485 126364 sgemm sgemm CUDA3 1.065392 126404 40
CPU13 44.605966 126365 sgemm sgemm CUDA3 1.265366 126405 40
CPU13 44.604284 126366 sgemm sgemm CUDA2 1.259433 126406 40
CPU13 44.419933 126370 sgemm sgemm CUDA3 1.320267 126410 40
CPU1 44.581190 126371 sgemm sgemm CUDA3 1.073271 126411 40
CPU4 44.319567 126372 sgemm sgemm CUDA1 1.262856 126412 40
CPU9 44.700380 126373 sgemm sgemm CUDA1 1.257108 126413 40
CPU4 44.579877 126374 sgemm sgemm CUDA1 1.264918 126414 40
CPU17 44.231735 126375 sgemm sgemm CUDA1 1.067292 126415 40
CPU15 44.273368 126376 sgemm sgemm CUDA3 1.070501 126416 40
CPU10 44.406234 126377 sgemm sgemm CUDA1 1.074810 126417 40
CPU2 44.510465 126378 sgemm sgemm CUDA1 1.258989 126418 40
CPU1 44.450964 126379 sgemm sgemm CUDA1 1.064874 126419 40
CPU19 44.608321 126380 sgemm sgemm CUDA1 1.257193 126420 40
CPU13 44.499586 126381 sgemm sgemm CUDA2 1.067094 126421 40
CPU13 44.609562 126382 sgemm sgemm CUDA1 1.065663 126422 40
CPU13 44.517189 126383 sgemm sgemm CUDA3 1.071355 126423 40
CPU13 44.612495 126384 sgemm sgemm CUDA2 1.258122 126424 40
CPU13 44.584618 126388 sgemm sgemm CUDA0 1.252974 126428 40
CPU9 44.850165 126389 sgemm sgemm CUDA3 1.257077 126429 40
CPU10 44.415117 126390 sgemm sgemm CUDA1 1.260984 126430 40
CPU0 45.272887 126391 sgemm sgemm CUDA1 1.070929 126431 40
CPU4 44.547373 126392 sgemm sgemm CUDA1 1.071057 126432 40
CPU18 44.301984 126393 sgemm sgemm CUDA1 12.676152 126433 40
CPU15 44.237697 126394 sgemm sgemm CUDA0 1.065393 126434 40
CPU19 44.447243 126395 sgemm sgemm CUDA3 1.073255 126435 40
CPU1 44.547638 126396 sgemm sgemm CUDA0 1.068995 126436 40
CPU8 44.839030 126397 sgemm sgemm CUDA1 0.162529 126437 40
CPU3 44.512113 126398 sgemm sgemm CUDA3 1.256897 126438 40
CPU0 44.574852 126399 sgemm sgemm CUDA3 1.261023 126439 40
CPU1 44.481866 126400 sgemm sgemm CUDA3 1.063490 126440 40
CPU12 44.436515 126401 sgemm sgemm CUDA0 1.072092 126441 40
CPU4 44.692449 126402 sgemm sgemm CUDA1 1.360367 126442 40
CPU13 44.448794 126406 sgemm sgemm CUDA0 1.219933 126446 40
CPU2 44.873978 126407 sgemm sgemm CUDA0 1.254513 126447 40
CPU2 44.679167 126408 sgemm sgemm CUDA0 1.256175 126448 40
CPU0 44.986354 126409 sgemm sgemm CUDA0 1.065477 126449 40
CPU4 44.637348 126410 sgemm sgemm CUDA3 1.258747 126450 40
CPU18 44.182040 126411 sgemm sgemm CUDA3 1.072187 126451 40
CPU18 44.155533 126412 sgemm sgemm CUDA3 1.263474 126452 40
CPU11 44.639814 126413 sgemm sgemm CUDA3 1.067772 126453 40
CPU9 44.309394 126414 sgemm sgemm CUDA3 1.071193 126454 40
CPU5 44.285962 126415 sgemm sgemm CUDA1 1.257788 126455 40
CPU10 44.398250 126416 sgemm sgemm CUDA3 1.068104 126456 40
CPU13 44.512943 126417 sgemm sgemm CUDA0 1.063195 126457 40
CPU13 44.543011 126418 sgemm sgemm CUDA3 1.063579 126458 40
CPU13 44.609174 126419 sgemm sgemm CUDA0 1.069290 126459 40
CPU13 44.372159 126420 sgemm sgemm CUDA1 1.258734 126460 40
CPU13 44.707532 126424 sgemm sgemm CUDA3 11.902773 126464 40
CPU1 44.856060 126425 sgemm sgemm CUDA3 0.097085 126465 40
CPU1 44.690709 126426 sgemm sgemm CUDA2 1.324838 126466 40
CPU8 44.587967 126427 sgemm sgemm CUDA2 1.272076 126467 40
CPU4 44.694056 126428 sgemm sgemm CUDA2 1.078512 126468 40
CPU18 44.094331 126429 sgemm sgemm CUDA2 1.076635 126469 40
CPU17 47.995822 126430 sgemm sgemm CUDA3 0.088809 126470 40
CPU10 44.800842 126431 sgemm sgemm CUDA1 1.396603 126471 40
CPU8 44.309226 126432 sgemm sgemm CUDA1 1.253949 126472 40
CPU5 44.693574 126433 sgemm sgemm CUDA1 1.257051 126473 40
CPU12 44.540226 126434 sgemm sgemm CUDA1 1.258163 126474 40
CPU11 44.348135 126435 sgemm sgemm CUDA3 1.393018 126475 40
CPU1 44.433144 126436 sgemm sgemm CUDA3 1.071746 126476 40
CPU12 44.445354 126437 sgemm sgemm CUDA3 1.068235 126477 40
CPU4 44.792794 126438 sgemm sgemm CUDA2 1.257930 126478 40
CPU13 44.459401 126442 sgemm sgemm CUDA3 1.257605 126482 40
CPU2 44.498600 126443 sgemm sgemm CUDA3 1.255250 126483 40
CPU1 44.656598 126444 sgemm sgemm CUDA3 1.257573 126484 40
CPU7 44.344289 126445 sgemm sgemm CUDA0 1.223260 126485 40
CPU4 44.474990 126446 sgemm sgemm CUDA1 1.258934 126486 40
CPU18 44.253709 126447 sgemm sgemm CUDA1 1.259880 126487 40
CPU16 44.889788 126448 sgemm sgemm CUDA0 1.065074 126488 40
CPU19 44.366529 126449 sgemm sgemm CUDA1 1.261362 126489 40
CPU1 44.522751 126450 sgemm sgemm CUDA3 12.110052 126490 40
CPU4 44.556037 126451 sgemm sgemm CUDA1 1.257852 126491 40
CPU10 44.628282 126452 sgemm sgemm CUDA3 0.074986 126492 40
CPU13 44.622192 126453 sgemm sgemm CUDA2 0.908103 126493 40
CPU13 44.563789 126454 sgemm sgemm CUDA3 1.301919 126494 40
CPU13 44.598120 126455 sgemm sgemm CUDA1 1.358344 126495 40
CPU13 44.448986 126456 sgemm sgemm CUDA1 1.247902 126496 40
CPU13 44.467493 126460 sgemm sgemm CUDA3 0.048354 126500 40
CPU2 44.440687 126461 sgemm sgemm CUDA3 1.345118 126501 40
CPU4 44.427684 126462 sgemm sgemm CUDA3 1.060984 126502 40
CPU1 44.472235 126463 sgemm sgemm CUDA0 1.296599 126503 40
CPU5 44.344169 126464 sgemm sgemm CUDA0 1.255601 126504 40
CPU17 44.632327 126465 sgemm sgemm CUDA1 0.051333 126505 40
CPU18 44.397264 126466 sgemm sgemm CUDA3 1.069228 126506 40
CPU19 44.485146 126467 sgemm sgemm CUDA0 1.073807 126507 40
CPU2 44.359516 126468 sgemm sgemm CUDA3 1.074766 126508 40
CPU2 44.132848 126469 sgemm sgemm CUDA1 1.423699 126509 40
CPU19 44.502714 126470 sgemm sgemm CUDA3 1.065820 126510 40
CPU13 44.644719 126471 sgemm sgemm CUDA2 1.303669 126511 40
CPU13 44.699523 126472 sgemm sgemm CUDA2 1.252506 126512 40
CPU13 44.749790 126473 sgemm sgemm CUDA0 1.263182 126513 40
CPU13 44.661456 126474 sgemm sgemm CUDA2 1.064347 126514 40
CPU13 44.466716 126478 sgemm sgemm CUDA0 1.211544 126518 40
CPU9 45.223982 126479 sgemm sgemm CUDA0 1.255548 126519 40
CPU9 44.341660 126480 sgemm sgemm CUDA2 11.104299 126520 40
CPU9 44.508378 126481 sgemm sgemm CUDA2 0.047378 126521 40
CPU4 44.606989 126482 sgemm sgemm CUDA2 1.310250 126522 40
CPU17 44.367039 126483 sgemm sgemm CUDA1 10.942496 126523 40
CPU16 45.073995 126484 sgemm sgemm CUDA1 1.358366 126524 40
CPU17 44.380677 126485 sgemm sgemm CUDA1 0.073664 126525 40
CPU1 44.397547 126486 sgemm sgemm CUDA2 1.257379 126526 40
CPU0 44.586417 126487 sgemm sgemm CUDA2 1.072546 126527 40
CPU19 44.562739 126488 sgemm sgemm CUDA3 11.089478 126528 40
CPU13 44.518617 126489 sgemm sgemm CUDA3 0.099176 126529 40
CPU13 44.749736 126490 sgemm sgemm CUDA3 1.390169 126530 40
CPU13 44.599234 126491 sgemm sgemm CUDA3 1.255490 126531 40
CPU13 44.482436 126492 sgemm sgemm CUDA1 1.068854 126532 40
CPU13 44.546423 126496 sgemm sgemm CUDA3 1.263952 126536 40
CPU7 44.499895 126497 sgemm sgemm CUDA3 1.258718 126537 40
CPU3 44.245068 126498 sgemm sgemm CUDA2 1.260356 126538 40
CPU7 44.591750 126499 sgemm sgemm CUDA2 1.074362 126539 40
CPU4 44.569966 126500 sgemm sgemm CUDA2 1.070250 126540 40
CPU18 44.269856 126501 sgemm sgemm CUDA2 1.067003 126541 40
CPU18 44.334622 126502 sgemm sgemm CUDA3 0.039043 126542 40
CPU10 44.694107 126503 sgemm sgemm CUDA3 1.072743 126543 40
CPU7 44.436849 126504 sgemm sgemm CUDA3 1.256094 126544 40
CPU7 44.554146 126505 sgemm sgemm CUDA2 1.067207 126545 40
CPU12 44.409770 126506 sgemm sgemm CUDA1 1.071782 126546 40
CPU1 44.405155 126507 sgemm sgemm CUDA1 1.256673 126547 40
CPU12 44.499524 126508 sgemm sgemm CUDA1 1.257201 126548 40
CPU0 44.784182 126509 sgemm sgemm CUDA1 1.065560 126549 40
CPU13 44.602482 126510 sgemm sgemm CUDA2 1.066410 126550 40
CPU13 44.662674 126514 sgemm sgemm CUDA0 1.253558 126554 40
CPU9 44.291363 126515 sgemm sgemm CUDA2 1.340906 126555 40
CPU8 44.307294 126516 sgemm sgemm CUDA2 1.064211 126556 40
CPU6 44.287202 126517 sgemm sgemm CUDA2 8.645453 126557 40
CPU5 44.369537 126518 sgemm sgemm CUDA0 2.872258 126558 40
CPU17 44.455148 126519 sgemm sgemm CUDA1 1.259154 126559 40
CPU16 44.171641 126520 sgemm sgemm CUDA1 1.069942 126560 40
CPU18 44.228653 126521 sgemm sgemm CUDA0 11.975612 126561 40
CPU0 44.474901 126522 sgemm sgemm CUDA1 1.082243 126562 40
CPU3 43.979357 126523 sgemm sgemm CUDA1 1.074749 126563 40
CPU3 44.055697 126524 sgemm sgemm CUDA0 1.072509 126564 40
CPU13 44.803703 126525 sgemm sgemm CUDA2 0.075399 126565 40
CPU13 44.857886 126526 sgemm sgemm CUDA2 1.309601 126566 40
CPU13 44.686064 126527 sgemm sgemm CUDA1 1.067005 126567 40
CPU13 44.751821 126528 sgemm sgemm CUDA2 1.067880 126568 40
CPU13 44.643997 126532 sgemm sgemm CUDA0 1.259894 126572 40
CPU1 44.504962 126533 sgemm sgemm CUDA2 0.367017 126573 40
CPU0 44.835578 126534 sgemm sgemm CUDA3 1.139719 126574 40
CPU7 44.666604 126535 sgemm sgemm CUDA0 1.316808 126575 40
CPU4 44.610960 126536 sgemm sgemm CUDA0 1.065600 126576 40
CPU18 44.125026 126537 sgemm sgemm CUDA3 1.256948 126577 40
CPU16 44.375588 126538 sgemm sgemm CUDA3 1.259861 126578 40
CPU19 44.337280 126539 sgemm sgemm CUDA3 0.583177 126579 40
CPU3 44.570957 126540 sgemm sgemm CUDA3 1.268645 126580 40
CPU4 44.421513 126541 sgemm sgemm CUDA0 1.259343 126581 40
CPU6 44.538900 126542 sgemm sgemm CUDA0 1.255766 126582 40
CPU12 44.641427 126543 sgemm sgemm CUDA0 1.258008 126583 40
CPU12 44.490057 126544 sgemm sgemm CUDA3 21.219602 126584 40
CPU11 44.270139 126545 sgemm sgemm CUDA3 0.064850 126585 40
CPU13 44.454779 126546 sgemm sgemm CUDA2 1.253749 126586 40
CPU13 44.518322 126550 sgemm sgemm CUDA0 2.739746 126590 40
CPU8 44.519384 126551 sgemm sgemm CUDA1 1.068327 126591 40
CPU5 44.857220 126552 sgemm sgemm CUDA1 1.064710 126592 40
CPU6 44.765787 126553 sgemm sgemm CUDA1 1.258765 126593 40
CPU1 44.613751 126554 sgemm sgemm CUDA1 13.028572 126594 40
CPU18 44.079216 126555 sgemm sgemm CUDA1 0.099675 126595 40
CPU17 44.513927 126556 sgemm sgemm CUDA1 11.881631 126596 40
CPU11 44.248549 126557 sgemm sgemm CUDA1 0.049096 126597 40
CPU1 44.508664 126558 sgemm sgemm CUDA0 0.056518 126598 40
CPU4 44.793796 126559 sgemm sgemm CUDA1 1.318495 126599 40
CPU19 44.600175 126560 sgemm sgemm CUDA0 11.905187 126600 40
CPU13 44.617991 126561 sgemm sgemm CUDA2 1.069395 126601 40
CPU13 44.495644 126562 sgemm sgemm CUDA2 1.258339 126602 40
CPU13 44.403641 126563 sgemm sgemm CUDA1 1.255076 126603 40
CPU13 44.383662 126564 sgemm sgemm CUDA2 11.980199 126604 40
CPU13 44.478262 126568 sgemm sgemm CUDA3 1.998084 126608 40
CPU2 44.395464 126569 sgemm sgemm CUDA3 1.402542 126609 40
CPU6 44.346484 126570 sgemm sgemm CUDA3 1.067496 126610 40
CPU9 44.538205 126571 sgemm sgemm CUDA1 1.079809 126611 40
CPU0 44.830858 126572 sgemm sgemm CUDA0 1.004722 126612 40
CPU17 44.177408 126573 sgemm sgemm CUDA3 1.059636 126613 40
CPU17 44.557210 126574 sgemm sgemm CUDA0 1.068944 126614 40
CPU11 44.455461 126575 sgemm sgemm CUDA1 1.085972 126615 40
CPU9 44.339092 126576 sgemm sgemm CUDA3 1.259164 126616 40
CPU0 45.002734 126577 sgemm sgemm CUDA0 1.072924 126617 40
CPU10 44.580471 126578 sgemm sgemm CUDA0 1.258487 126618 40
CPU13 44.596180 126579 sgemm sgemm CUDA1 1.068347 126619 40
CPU13 44.467153 126580 sgemm sgemm CUDA1 1.071382 126620 40
CPU13 44.474125 126581 sgemm sgemm CUDA0 1.258532 126621 40
CPU13 44.396347 126582 sgemm sgemm CUDA1 1.256764 126622 40
CPU13 44.653868 126586 sgemm sgemm CUDA0 1.073500 126626 40
CPU9 44.480171 126587 sgemm sgemm CUDA2 0.096110 126627 40
CPU2 44.661749 126588 sgemm sgemm CUDA2 1.497856 126628 40
CPU6 44.639331 126589 sgemm sgemm CUDA2 10.171553 126629 40
CPU5 44.598367 126590 sgemm sgemm CUDA0 1.267675 126630 40
CPU18 44.282254 126591 sgemm sgemm CUDA2 0.041884 126631 40
CPU15 44.367992 126592 sgemm sgemm CUDA0 1.235230 126632 40
CPU10 44.350609 126593 sgemm sgemm CUDA0 1.071224 126633 40
CPU8 44.339127 126594 sgemm sgemm CUDA2 1.368280 126634 40
CPU1 44.401162 126595 sgemm sgemm CUDA0 1.076748 126635 40
CPU19 44.727994 126596 sgemm sgemm CUDA0 1.095329 126636 40
CPU11 44.585741 126597 sgemm sgemm CUDA2 1.066168 126637 40
CPU13 44.665673 126598 sgemm sgemm CUDA2 1.250876 126638 40
CPU5 44.461821 126599 sgemm sgemm CUDA0 1.253774 126639 40
CPU12 44.801231 126600 sgemm sgemm CUDA0 1.064018 126640 40
CPU13 44.591461 126604 sgemm sgemm CUDA2 1.071277 126644 40
CPU0 44.649653 126605 sgemm sgemm CUDA3 1.299471 126645 40
CPU0 44.460735 126606 sgemm sgemm CUDA2 1.081315 126646 40
CPU8 44.110507 126607 sgemm sgemm CUDA2 1.269178 126647 40
CPU4 44.187582 126608 sgemm sgemm CUDA3 1.069449 126648 40
CPU17 44.723622 126609 sgemm sgemm CUDA2 1.262602 126649 40
CPU17 44.374794 126610 sgemm sgemm CUDA1 1.250456 126650 40
CPU10 44.528342 126611 sgemm sgemm CUDA1 1.260706 126651 40
CPU2 44.133003 126612 sgemm sgemm CUDA2 1.262869 126652 40
CPU12 44.689101 126613 sgemm sgemm CUDA2 1.069719 126653 40
CPU12 44.803860 126614 sgemm sgemm CUDA3 0.150556 126654 40
CPU12 44.873462 126615 sgemm sgemm CUDA1 1.256579 126655 40
CPU12 44.819459 126616 sgemm sgemm CUDA3 1.861181 126656 40
CPU11 44.583009 126617 sgemm sgemm CUDA1 1.262725 126657 40
CPU13 44.737279 126618 sgemm sgemm CUDA2 1.254717 126658 40
CPU13 44.675254 126622 sgemm sgemm CUDA2 1.254784 126662 40
CPU7 44.498678 126623 sgemm sgemm CUDA2 1.263079 126663 40
CPU19 44.566709 126624 sgemm sgemm CUDA2 1.071864 126664 40
CPU7 45.411968 126625 sgemm sgemm CUDA2 1.259675 126665 40
CPU3 44.318883 126626 sgemm sgemm CUDA2 1.257442 126666 40
CPU18 44.377231 126627 sgemm sgemm CUDA2 1.069429 126667 40
CPU16 44.620044 126628 sgemm sgemm CUDA3 1.074263 126668 40
CPU19 44.477887 126629 sgemm sgemm CUDA0 1.261498 126669 40
CPU2 44.109565 126630 sgemm sgemm CUDA0 1.255394 126670 40
CPU4 44.382176 126631 sgemm sgemm CUDA0 1.255244 126671 40
CPU10 44.609959 126632 sgemm sgemm CUDA0 1.255126 126672 40
CPU13 44.634846 126633 sgemm sgemm CUDA0 1.068327 126673 40
CPU13 44.911164 126634 sgemm sgemm CUDA3 1.068182 126674 40
CPU13 44.995020 126635 sgemm sgemm CUDA3 1.259874 126675 40
CPU13 44.864990 126636 sgemm sgemm CUDA3 1.257999 126676 40
CPU13 44.751517 126640 sgemm sgemm CUDA3 1.064796 126680 40
CPU1 44.247394 126641 sgemm sgemm CUDA0 1.281884 126681 40
CPU6 43.939636 126642 sgemm sgemm CUDA0 1.065122 126682 40
CPU8 44.150835 126643 sgemm sgemm CUDA0 1.062888 126683 40
CPU2 44.315789 126644 sgemm sgemm CUDA0 1.265132 126684 40
CPU18 44.448349 126645 sgemm sgemm CUDA3 1.069465 126685 40
CPU10 44.489426 126646 sgemm sgemm CUDA3 1.262967 126686 40
CPU11 44.307071 126647 sgemm sgemm CUDA3 1.261135 126687 40
CPU1 44.445044 126648 sgemm sgemm CUDA3 4.801747 126688 40
CPU3 44.185212 126649 sgemm sgemm CUDA0 1.073899 126689 40
CPU10 44.677872 126650 sgemm sgemm CUDA3 1.338559 126690 40
CPU13 44.846520 126651 sgemm sgemm CUDA0 1.062599 126691 40
CPU13 44.873055 126652 sgemm sgemm CUDA3 1.068854 126692 40
CPU13 44.821007 126653 sgemm sgemm CUDA0 1.071834 126693 40
CPU13 44.664956 126654 sgemm sgemm CUDA3 1.259123 126694 40
CPU13 44.465505 126658 sgemm sgemm CUDA2 1.007867 126698 40
CPU8 44.347418 126659 sgemm sgemm CUDA2 1.060416 126699 40
CPU7 44.282395 126660 sgemm sgemm CUDA2 1.265596 126700 40
CPU9 44.239969 126661 sgemm sgemm CUDA2 1.067153 126701 40
CPU4 44.375521 126662 sgemm sgemm CUDA0 1.071252 126702 40
CPU17 44.386039 126663 sgemm sgemm CUDA3 1.152463 126703 40
CPU19 44.631923 126664 sgemm sgemm CUDA0 1.066495 126704 40
CPU10 44.425323 126665 sgemm sgemm CUDA0 1.070340 126705 40
CPU8 44.435852 126666 sgemm sgemm CUDA3 1.065968 126706 40
CPU1 44.519717 126667 sgemm sgemm CUDA0 1.064732 126707 40
CPU10 44.675942 126668 sgemm sgemm CUDA0 1.259837 126708 40
CPU10 44.749099 126669 sgemm sgemm CUDA2 1.258887 126709 40
CPU19 45.247889 126670 sgemm sgemm CUDA2 1.064825 126710 40
CPU11 44.517657 126671 sgemm sgemm CUDA3 1.261632 126711 40
CPU19 44.442101 126672 sgemm sgemm CUDA3 1.069714 126712 40
CPU13 44.480393 126676 sgemm sgemm CUDA2 0.349234 126716 40
CPU9 44.626250 126677 sgemm sgemm CUDA2 11.627419 126717 40
CPU10 44.565773 126678 sgemm sgemm CUDA2 0.059425 126718 40
CPU9 44.609650 126679 sgemm sgemm CUDA2 1.330633 126719 40
CPU1 44.533199 126680 sgemm sgemm CUDA0 1.291265 126720 40
CPU17 44.538198 126681 sgemm sgemm CUDA3 1.260005 126721 40
CPU18 44.322099 126682 sgemm sgemm CUDA0 1.265759 126722 40
CPU19 44.273290 126683 sgemm sgemm CUDA0 1.257457 126723 40
CPU7 44.683818 126684 sgemm sgemm CUDA0 1.073041 126724 40
CPU4 44.642527 126685 sgemm sgemm CUDA0 1.270471 126725 40
CPU10 44.428927 126686 sgemm sgemm CUDA3 0.950442 126726 40
CPU13 44.696455 126687 sgemm sgemm CUDA3 1.085455 126727 40
CPU13 44.584691 126688 sgemm sgemm CUDA3 1.067914 126728 40
CPU13 44.541815 126689 sgemm sgemm CUDA3 1.259492 126729 40
CPU13 44.511867 126690 sgemm sgemm CUDA2 1.254787 126730 40
CPU13 44.492095 126694 sgemm sgemm CUDA2 1.257716 126734 40
CPU8 44.690029 126695 sgemm sgemm CUDA0 1.305509 126735 40
CPU11 44.478790 126696 sgemm sgemm CUDA0 1.255856 126736 40
CPU7 44.717290 126697 sgemm sgemm CUDA0 1.259420 126737 40
CPU0 44.862272 126698 sgemm sgemm CUDA0 1.067795 126738 40
CPU18 44.383632 126699 sgemm sgemm CUDA0 1.072544 126739 40
CPU18 44.215166 126700 sgemm sgemm CUDA0 1.072664 126740 40
CPU19 44.216386 126701 sgemm sgemm CUDA0 1.069387 126741 40
CPU0 44.684001 126702 sgemm sgemm CUDA0 1.061043 126742 40
CPU0 44.860091 126703 sgemm sgemm CUDA2 1.256139 126743 40
CPU19 44.600455 126704 sgemm sgemm CUDA3 1.256392 126744 40
CPU13 44.688718 126705 sgemm sgemm CUDA3 1.060599 126745 40
CPU13 44.587723 126706 sgemm sgemm CUDA3 1.064652 126746 40
CPU13 44.568583 126707 sgemm sgemm CUDA0 1.064454 126747 40
CPU13 44.667814 126708 sgemm sgemm CUDA3 1.251825 126748 40
CPU13 44.680357 126712 sgemm sgemm CUDA2 0.050185 126752 40
CPU0 44.510849 126713 sgemm sgemm CUDA2 1.375555 126753 40
CPU4 44.105135 126714 sgemm sgemm CUDA2 1.266140 126754 40
CPU6 44.474710 126715 sgemm sgemm CUDA2 1.257258 126755 40
CPU4 44.481651 126716 sgemm sgemm CUDA0 1.368305 126756 40
CPU12 44.544411 126717 sgemm sgemm CUDA2 1.258402 126757 40
CPU18 44.368526 126718 sgemm sgemm CUDA0 0.044776 126758 40
CPU17 44.378195 126719 sgemm sgemm CUDA0 1.373726 126759 40
CPU1 44.227312 126720 sgemm sgemm CUDA0 1.069991 126760 40
CPU7 44.413390 126721 sgemm sgemm CUDA0 1.065773 126761 40
CPU12 44.635962 126722 sgemm sgemm CUDA0 1.259955 126762 40
CPU12 44.643058 126723 sgemm sgemm CUDA3 1.241838 126763 40
CPU13 44.697580 126724 sgemm sgemm CUDA3 0.044055 126764 40
CPU13 44.675860 126725 sgemm sgemm CUDA3 1.303657 126765 40
CPU13 44.482025 126726 sgemm sgemm CUDA3 1.064207 126766 40
CPU13 44.704507 126730 sgemm sgemm CUDA2 1.064254 126770 40
CPU7 44.442481 126731 sgemm sgemm CUDA2 1.007450 126771 40
CPU2 44.176737 126732 sgemm sgemm CUDA2 0.043211 126772 40
CPU8 44.368912 126733 sgemm sgemm CUDA2 1.216588 126773 40
CPU5 44.305829 126734 sgemm sgemm CUDA1 0.062750 126774 40
CPU19 45.315460 126735 sgemm sgemm CUDA1 1.336658 126775 40
CPU17 44.467182 126736 sgemm sgemm CUDA1 5.196104 126776 40
CPU19 44.750111 126737 sgemm sgemm CUDA3 1.081125 126777 40
CPU1 44.187253 126738 sgemm sgemm CUDA3 1.005708 126778 40
CPU10 44.647234 126739 sgemm sgemm CUDA1 0.130427 126779 40
CPU6 44.733702 126740 sgemm sgemm CUDA3 1.187920 126780 40
CPU10 44.646698 126741 sgemm sgemm CUDA3 6.014497 126781 40
CPU11 44.595581 126742 sgemm sgemm CUDA3 0.042607 126782 40
CPU12 44.576101 126743 sgemm sgemm CUDA3 1.318340 126783 40
CPU13 44.743854 126744 sgemm sgemm CUDA3 1.013312 126784 40
CPU10 32.109998 126750 strsm strsm CUDA2 0.280589 126790 40
CPU9 32.016423 126754 strsm strsm CUDA3 0.236995 126794 40
CPU14 33.247651 126758 strsm strsm CUDA2 2.452898 126798 40
CPU6 32.236816 126762 strsm strsm CUDA0 3.351856 126802 40
CPU5 31.881334 126766 strsm strsm CUDA2 14.668451 126806 40
CPU12 31.829063 126770 strsm strsm CUDA3 0.994231 126810 40
CPU10 31.843541 126774 strsm strsm CUDA1 2.907395 126814 40
CPU17 31.695641 126778 strsm strsm CUDA0 2.918201 126818 40
CPU19 32.319735 126782 strsm strsm CUDA0 0.046138 126822 40
CPU10 32.412380 126786 strsm strsm CUDA1 14.405560 126826 40
CPU12 32.269676 126790 strsm strsm CUDA0 2.959762 126830 40
CPU4 32.131275 126794 strsm strsm CUDA0 8.091999 126834 40
CPU11 31.922717 126798 strsm strsm CUDA2 0.203173 126838 40
CPU12 32.227576 126802 strsm strsm CUDA3 2.341655 126842 40
CPU13 32.304320 126806 strsm strsm CUDA2 10.282657 126846 40
CPU13 15.032982 126810 strtri strtri CPU -1 126850 40
CPU1 30.703468 126812 strsm strsm CPU -1 126852 40
CPU8 30.720282 126814 strsm strsm CPU31 271.133448 126854 40
CPU0 31.125564 126816 strsm strsm CPU15 168.480874 126856 40
CPU9 31.002995 126818 strsm strsm CUDA0 3.079620 126858 40
CPU1 30.924326 126820 strsm strsm CUDA0 2.882211 126860 40
CPU6 31.217059 126822 strsm strsm CUDA0 0.132146 126862 40
CPU12 30.805072 126824 strsm strsm CUDA0 0.077656 126864 40
CPU4 32.325159 126826 strsm strsm CUDA0 2.876056 126866 40
CPU7 31.541427 126828 strsm strsm CUDA0 2.859393 126868 40
CPU1 31.107880 126830 strsm strsm CUDA0 13.792579 126870 40
CPU10 30.862430 126832 strsm strsm CUDA0 2.898256 126872 40
CPU8 30.914471 126834 strsm strsm CUDA0 2.668976 126874 40
CPU9 31.018816 126836 strsm strsm CUDA0 2.799201 126876 40
CPU10 30.789490 126838 strsm strsm CUDA0 2.895619 126878 40
CPU16 30.333968 126840 strsm strsm CUDA0 2.977137 126880 40
CPU2 31.075679 126842 strsm strsm CUDA3 2.872164 126882 40
CPU10 30.891583 126844 strsm strsm CUDA0 2.801021 126884 40
CPU11 30.344035 126846 strsm strsm CUDA3 12.177269 126886 40
CPU3 30.947464 126848 strsm strsm CUDA3 12.994208 126888 40
CPU0 31.414197 126850 strsm strsm CUDA0 12.708241 126890 40
CPU6 31.064362 126852 strsm strsm CUDA3 2.973659 126892 40
CPU0 31.321249 126854 strsm strsm CUDA3 2.796963 126894 40
CPU1 30.993189 126856 strsm strsm CUDA0 2.999578 126896 40
CPU12 30.809273 126858 strsm strsm CUDA3 3.073104 126898 40
CPU10 30.936371 126860 strsm strsm CUDA3 2.928212 126900 40
CPU10 31.273807 126862 strsm strsm CUDA3 2.839466 126902 40
CPU15 30.340082 126864 strsm strsm CUDA3 2.953118 126904 40
CPU6 31.326579 126866 strsm strsm CUDA3 2.778283 126906 40
CPU13 31.145324 126868 strsm strsm CUDA1 2.763964 126908 40
CPU19 31.813945 126870 strsm strsm CUDA3 2.881291 126910 40
CPU4 32.135154 126872 strsm strsm CUDA1 2.700056 126912 40
CPU19 30.905424 126874 strsm strsm CUDA1 2.865956 126914 40
CPU7 31.005084 126876 strsm strsm CUDA3 2.831919 126916 40
CPU13 44.607782 126878 sgemm sgemm CUDA0 0.068341 126918 40
CPU2 44.324241 126879 sgemm sgemm CUDA1 1.066186 126919 40
CPU3 44.319852 126880 sgemm sgemm CUDA1 1.062566 126920 40
CPU8 44.344532 126881 sgemm sgemm CUDA1 1.318869 126921 40
CPU3 44.434726 126882 sgemm sgemm CUDA1 1.264335 126922 40
CPU18 44.124994 126883 sgemm sgemm CUDA0 1.321998 126923 40
CPU16 44.407682 126884 sgemm sgemm CUDA0 1.063167 126924 40
CPU11 44.425486 126885 sgemm sgemm CUDA1 1.258124 126925 40
CPU11 44.625084 126886 sgemm sgemm CUDA1 12.613962 126926 40
CPU3 44.219897 126887 sgemm sgemm CUDA1 1.259695 126927 40
CPU19 44.588974 126888 sgemm sgemm CUDA1 1.256653 126928 40
CPU11 44.714533 126889 sgemm sgemm CUDA0 1.067547 126929 40
CPU13 44.742272 126890 sgemm sgemm CUDA1 1.365741 126930 40
CPU5 44.263587 126891 sgemm sgemm CUDA1 1.070199 126931 40
CPU13 44.677870 126892 sgemm sgemm CUDA0 0.085266 126932 40
CPU13 44.671903 126893 sgemm sgemm CUDA0 1.214284 126933 40
CPU13 44.633986 126897 sgemm sgemm CUDA0 11.775501 126937 40
CPU8 44.473033 126898 sgemm sgemm CUDA1 1.019570 126938 40
CPU9 44.313784 126899 sgemm sgemm CUDA2 1.255623 126939 40
CPU7 44.711060 126900 sgemm sgemm CUDA1 0.063461 126940 40
CPU2 44.434411 126901 sgemm sgemm CUDA2 1.070961 126941 40
CPU17 44.452122 126902 sgemm sgemm CUDA2 1.263217 126942 40
CPU19 44.636000 126903 sgemm sgemm CUDA0 1.045717 126943 40
CPU10 44.554909 126904 sgemm sgemm CUDA1 1.235340 126944 40
CPU10 44.662413 126905 sgemm sgemm CUDA2 1.205039 126945 40
CPU2 44.375679 126906 sgemm sgemm CUDA2 1.257113 126946 40
CPU10 44.688454 126907 sgemm sgemm CUDA1 1.044162 126947 40
CPU11 44.800144 126908 sgemm sgemm CUDA0 1.007840 126948 40
CPU13 44.631520 126909 sgemm sgemm CUDA1 1.039707 126949 40
CPU4 44.870959 126910 sgemm sgemm CUDA1 1.042138 126950 40
CPU13 44.576749 126911 sgemm sgemm CUDA0 1.268499 126951 40
CPU13 44.518331 126912 sgemm sgemm CUDA0 1.302639 126952 40
CPU13 44.655654 126916 sgemm sgemm CUDA0 0.049127 126956 40
CPU9 44.994117 126917 sgemm sgemm CUDA3 0.047937 126957 40
CPU14 44.831484 126918 sgemm sgemm CUDA2 1.209927 126958 40
CPU6 44.657246 126919 sgemm sgemm CUDA3 1.258671 126959 40
CPU4 44.480967 126920 sgemm sgemm CUDA2 1.065029 126960 40
CPU2 44.409597 126921 sgemm sgemm CUDA2 12.433924 126961 40
CPU18 44.621081 126922 sgemm sgemm CUDA0 1.061782 126962 40
CPU10 44.631095 126923 sgemm sgemm CUDA3 1.071241 126963 40
CPU11 44.623816 126924 sgemm sgemm CUDA2 1.258428 126964 40
CPU1 44.175611 126925 sgemm sgemm CUDA2 1.255832 126965 40
CPU7 44.439162 126926 sgemm sgemm CUDA3 1.253814 126966 40
CPU2 43.931277 126927 sgemm sgemm CUDA0 1.255699 126967 40
CPU10 44.677179 126928 sgemm sgemm CUDA3 1.068162 126968 40
CPU6 44.470311 126929 sgemm sgemm CUDA3 1.258348 126969 40
CPU5 43.957447 126930 sgemm sgemm CUDA0 1.069015 126970 40
CPU13 46.679730 126931 sgemm sgemm CUDA3 1.064066 126971 40
CPU13 44.776530 126935 sgemm sgemm CUDA3 1.255592 126975 40
CPU0 44.725400 126936 sgemm sgemm CUDA3 1.067679 126976 40
CPU7 44.104443 126937 sgemm sgemm CUDA3 1.253727 126977 40
CPU0 44.803516 126938 sgemm sgemm CUDA1 1.069614 126978 40
CPU5 44.441119 126939 sgemm sgemm CUDA1 1.262376 126979 40
CPU12 44.595751 126940 sgemm sgemm CUDA1 1.261850 126980 40
CPU17 44.692024 126941 sgemm sgemm CUDA3 1.258972 126981 40
CPU19 44.497877 126942 sgemm sgemm CUDA1 1.071496 126982 40
CPU11 44.840100 126943 sgemm sgemm CUDA1 1.072197 126983 40
CPU0 44.651629 126944 sgemm sgemm CUDA1 1.265534 126984 40
CPU10 44.780313 126945 sgemm sgemm CUDA1 1.071421 126985 40
CPU0 44.558414 126946 sgemm sgemm CUDA3 1.255890 126986 40
CPU1 44.508685 126947 sgemm sgemm CUDA3 1.259747 126987 40
CPU4 44.503820 126948 sgemm sgemm CUDA1 1.261262 126988 40
CPU7 44.390680 126949 sgemm sgemm CUDA0 1.063874 126989 40
CPU13 44.726485 126950 sgemm sgemm CUDA3 1.067818 126990 40
CPU13 44.629677 126954 sgemm sgemm CUDA0 1.271980 126994 40
CPU7 44.504232 126955 sgemm sgemm CUDA0 1.443659 126995 40
CPU8 44.010287 126956 sgemm sgemm CUDA3 1.076592 126996 40
CPU7 44.702708 126957 sgemm sgemm CUDA3 1.261956 126997 40
CPU4 44.686648 126958 sgemm sgemm CUDA2 1.073000 126998 40
CPU18 44.108408 126959 sgemm sgemm CUDA2 1.256321 126999 40
CPU19 44.662194 126960 sgemm sgemm CUDA0 11.957291 127000 40
CPU19 44.617496 126961 sgemm sgemm CUDA3 1.062882 127001 40
CPU10 44.539574 126962 sgemm sgemm CUDA2 1.063829 127002 40
CPU3 44.437365 126963 sgemm sgemm CUDA2 1.260685 127003 40
CPU19 44.551245 126964 sgemm sgemm CUDA3 1.256732 127004 40
CPU13 44.631030 126965 sgemm sgemm CUDA0 0.128827 127005 40
CPU13 44.632645 126966 sgemm sgemm CUDA3 1.258247 127006 40
CPU13 44.642008 126967 sgemm sgemm CUDA3 1.068396 127007 40
CPU0 45.142484 126968 sgemm sgemm CUDA0 5.153807 127008 40
CPU11 44.458563 126969 sgemm sgemm CUDA2 1.263800 127009 40
CPU8 44.345298 126973 sgemm sgemm CUDA0 1.068530 127013 40
CPU2 44.512324 126974 sgemm sgemm CUDA0 1.259195 127014 40
CPU0 44.871664 126975 sgemm sgemm CUDA3 1.069291 127015 40
CPU9 44.570922 126976 sgemm sgemm CUDA3 1.254337 127016 40
CPU4 44.640147 126977 sgemm sgemm CUDA2 1.072247 127017 40
CPU18 44.118158 126978 sgemm sgemm CUDA2 1.066939 127018 40
CPU16 44.360175 126979 sgemm sgemm CUDA0 1.261283 127019 40
CPU18 44.248963 126980 sgemm sgemm CUDA3 1.260606 127020 40
CPU11 44.660444 126981 sgemm sgemm CUDA2 1.266800 127021 40
CPU1 44.426091 126982 sgemm sgemm CUDA2 1.254688 127022 40
CPU10 44.725811 126983 sgemm sgemm CUDA0 1.259187 127023 40
CPU10 44.590044 126984 sgemm sgemm CUDA0 1.065076 127024 40
CPU9 44.452230 126985 sgemm sgemm CUDA3 1.263079 127025 40
CPU13 44.630394 126986 sgemm sgemm CUDA3 1.262200 127026 40
CPU12 44.007731 126987 sgemm sgemm CUDA2 1.068889 127027 40
CPU19 44.516369 126988 sgemm sgemm CUDA2 1.259138 127028 40
CPU13 44.697850 126992 sgemm sgemm CUDA0 1.260184 127032 40
CPU8 44.674345 126993 sgemm sgemm CUDA0 1.070236 127033 40
CPU4 44.810285 126994 sgemm sgemm CUDA0 1.068647 127034 40
CPU0 44.897128 126995 sgemm sgemm CUDA3 1.257752 127035 40
CPU0 45.018653 126996 sgemm sgemm CUDA3 1.063060 127036 40
CPU9 44.617516 126997 sgemm sgemm CUDA1 1.065931 127037 40
CPU19 44.383691 126998 sgemm sgemm CUDA0 1.256490 127038 40
CPU10 44.439041 126999 sgemm sgemm CUDA3 12.416116 127039 40
CPU19 44.550351 127000 sgemm sgemm CUDA1 1.072780 127040 40
CPU4 44.743826 127001 sgemm sgemm CUDA1 1.264756 127041 40
CPU19 44.325966 127002 sgemm sgemm CUDA0 1.259619 127042 40
CPU8 44.664891 127003 sgemm sgemm CUDA3 0.041028 127043 40
CPU3 44.818875 127004 sgemm sgemm CUDA1 1.280416 127044 40
CPU5 44.735659 127005 sgemm sgemm CUDA1 1.253355 127045 40
CPU12 44.485421 127006 sgemm sgemm CUDA2 1.256318 127046 40
CPU11 44.156679 127007 sgemm sgemm CUDA3 1.369486 127047 40
CPU0 44.870009 127011 sgemm sgemm CUDA3 1.187606 127051 40
CPU2 44.609042 127012 sgemm sgemm CUDA3 2.593946 127052 40
CPU5 44.809756 127013 sgemm sgemm CUDA3 0.051239 127053 40
CPU6 44.915257 127014 sgemm sgemm CUDA3 1.269048 127054 40
CPU4 44.831214 127015 sgemm sgemm CUDA3 1.065934 127055 40
CPU17 44.422954 127016 sgemm sgemm CUDA0 1.281749 127056 40
CPU19 44.764463 127017 sgemm sgemm CUDA3 1.071739 127057 40
CPU11 44.463013 127018 sgemm sgemm CUDA3 1.066472 127058 40
CPU11 44.457607 127019 sgemm sgemm CUDA2 11.886630 127059 40
CPU4 45.081192 127020 sgemm sgemm CUDA2 0.051147 127060 40
CPU10 44.518848 127021 sgemm sgemm CUDA0 3.216398 127061 40
CPU11 44.257813 127022 sgemm sgemm CUDA0 10.612421 127062 40
CPU7 44.781924 127023 sgemm sgemm CUDA3 1.066701 127063 40
CPU11 44.433813 127024 sgemm sgemm CUDA0 0.060246 127064 40
CPU4 44.815413 127025 sgemm sgemm CUDA0 0.048887 127065 40
CPU3 44.615577 127026 sgemm sgemm CUDA2 1.355392 127066 40
CPU1 44.624350 127030 sgemm sgemm CUDA0 1.018003 127070 40
CPU1 44.553228 127031 sgemm sgemm CUDA0 1.079193 127071 40
CPU6 44.479069 127032 sgemm sgemm CUDA0 1.065484 127072 40
CPU8 44.684685 127033 sgemm sgemm CUDA0 1.076345 127073 40
CPU1 44.757442 127034 sgemm sgemm CUDA2 1.386949 127074 40
CPU17 44.280121 127035 sgemm sgemm CUDA2 1.260125 127075 40
CPU16 44.383185 127036 sgemm sgemm CUDA0 1.260647 127076 40
CPU19 44.463170 127037 sgemm sgemm CUDA3 1.261674 127077 40
CPU11 44.280139 127038 sgemm sgemm CUDA2 1.069698 127078 40
CPU2 44.437221 127039 sgemm sgemm CUDA0 12.746232 127079 40
CPU19 44.491022 127040 sgemm sgemm CUDA3 1.256356 127080 40
CPU11 44.688064 127041 sgemm sgemm CUDA0 0.094256 127081 40
CPU8 44.662944 127042 sgemm sgemm CUDA2 1.256920 127082 40
CPU4 44.386098 127043 sgemm sgemm CUDA3 1.261017 127083 40
CPU7 44.055148 127044 sgemm sgemm CUDA2 1.069446 127084 40
CPU2 44.616943 127045 sgemm sgemm CUDA0 1.393468 127085 40
CPU9 44.409647 127049 sgemm sgemm CUDA0 1.076255 127089 40
CPU2 44.856291 127050 sgemm sgemm CUDA0 1.069109 127090 40
CPU2 44.924690 127051 sgemm sgemm CUDA0 1.258094 127091 40
CPU6 44.857556 127052 sgemm sgemm CUDA0 1.070758 127092 40
CPU4 44.792554 127053 sgemm sgemm CUDA1 1.073306 127093 40
CPU17 44.165489 127054 sgemm sgemm CUDA1 1.068731 127094 40
CPU10 44.462349 127055 sgemm sgemm CUDA3 1.276347 127095 40
CPU18 44.273784 127056 sgemm sgemm CUDA1 1.066455 127096 40
CPU10 44.430265 127057 sgemm sgemm CUDA1 1.261677 127097 40
CPU9 44.896362 127058 sgemm sgemm CUDA1 1.255546 127098 40
CPU2 44.556698 127059 sgemm sgemm CUDA3 1.251598 127099 40
CPU6 44.065074 127060 sgemm sgemm CUDA3 1.069934 127100 40
CPU5 44.693644 127061 sgemm sgemm CUDA3 1.066725 127101 40
CPU7 44.764084 127062 sgemm sgemm CUDA0 1.259793 127102 40
CPU3 44.937511 127063 sgemm sgemm CUDA2 1.078202 127103 40
CPU13 46.234393 127064 sgemm sgemm CUDA2 1.070694 127104 40
CPU12 44.514907 127068 sgemm sgemm CUDA0 1.068856 127108 40
CPU8 44.844904 127069 sgemm sgemm CUDA0 1.068646 127109 40
CPU7 44.922237 127070 sgemm sgemm CUDA0 1.061300 127110 40
CPU8 45.034418 127071 sgemm sgemm CUDA1 0.231841 127111 40
CPU3 44.611175 127072 sgemm sgemm CUDA1 1.077230 127112 40
CPU18 44.119097 127073 sgemm sgemm CUDA1 0.069738 127113 40
CPU19 44.732653 127074 sgemm sgemm CUDA0 1.066838 127114 40
CPU17 44.498427 127075 sgemm sgemm CUDA1 13.160888 127115 40
CPU11 44.384086 127076 sgemm sgemm CUDA1 1.325418 127116 40
CPU4 44.993283 127077 sgemm sgemm CUDA0 1.259427 127117 40
CPU19 44.339826 127078 sgemm sgemm CUDA3 1.072652 127118 40
CPU0 45.040888 127079 sgemm sgemm CUDA3 1.089408 127119 40
CPU13 44.661796 127080 sgemm sgemm CUDA3 12.053030 127120 40
CPU1 44.685761 127081 sgemm sgemm CUDA3 1.320859 127121 40
CPU8 44.643156 127082 sgemm sgemm CUDA0 1.076186 127122 40
CPU7 44.325227 127083 sgemm sgemm CUDA3 1.258738 127123 40
CPU2 44.529036 127087 sgemm sgemm CUDA0 0.088601 127127 40
CPU2 44.564200 127088 sgemm sgemm CUDA3 1.205768 127128 40
CPU1 44.635561 127089 sgemm sgemm CUDA3 1.067881 127129 40
CPU7 44.679797 127090 sgemm sgemm CUDA3 1.065572 127130 40
CPU5 44.596341 127091 sgemm sgemm CUDA2 1.012183 127131 40
CPU17 44.220234 127092 sgemm sgemm CUDA2 1.068346 127132 40
CPU19 44.610908 127093 sgemm sgemm CUDA3 1.171222 127133 40
CPU11 44.472152 127094 sgemm sgemm CUDA3 1.257647 127134 40
CPU19 44.631763 127095 sgemm sgemm CUDA2 0.199375 127135 40
CPU0 45.146323 127096 sgemm sgemm CUDA0 11.546456 127136 40
CPU10 44.472356 127097 sgemm sgemm CUDA3 1.064089 127137 40
CPU9 44.398045 127098 sgemm sgemm CUDA0 0.163344 127138 40
CPU19 44.441245 127099 sgemm sgemm CUDA3 1.067732 127139 40
CPU12 44.524029 127100 sgemm sgemm CUDA3 1.256628 127140 40
CPU11 44.022281 127101 sgemm sgemm CUDA2 1.346353 127141 40
CPU13 44.066740 127102 sgemm sgemm CUDA2 9.576993 127142 40
CPU1 44.779699 127106 sgemm sgemm CUDA0 1.260331 127146 40
CPU1 44.531254 127107 sgemm sgemm CUDA3 1.260057 127147 40
CPU9 44.490943 127108 sgemm sgemm CUDA1 1.259424 127148 40
CPU6 44.929014 127109 sgemm sgemm CUDA1 1.069778 127149 40
CPU2 44.610974 127110 sgemm sgemm CUDA1 1.261800 127150 40
CPU17 44.270395 127111 sgemm sgemm CUDA1 1.066106 127151 40
CPU15 44.277046 127112 sgemm sgemm CUDA3 1.067307 127152 40
CPU10 44.450226 127113 sgemm sgemm CUDA1 1.065887 127153 40
CPU11 44.413561 127114 sgemm sgemm CUDA1 1.071413 127154 40
CPU1 44.705159 127115 sgemm sgemm CUDA1 1.258880 127155 40
CPU19 44.352260 127116 sgemm sgemm CUDA1 1.068440 127156 40
CPU13 44.797866 127117 sgemm sgemm CUDA0 1.067676 127157 40
CPU8 44.713961 127118 sgemm sgemm CUDA1 1.258370 127158 40
CPU7 44.918396 127119 sgemm sgemm CUDA3 1.256766 127159 40
CPU2 44.753645 127120 sgemm sgemm CUDA2 1.261887 127160 40
CPU19 44.437951 127121 sgemm sgemm CUDA2 1.258757 127161 40
CPU11 44.471801 127125 sgemm sgemm CUDA0 7.407470 127165 40
CPU9 44.904945 127126 sgemm sgemm CUDA0 1.281978 127166 40
CPU1 44.724176 127127 sgemm sgemm CUDA0 1.260096 127167 40
CPU0 45.271591 127128 sgemm sgemm CUDA0 1.062639 127168 40
CPU4 44.576256 127129 sgemm sgemm CUDA1 1.256082 127169 40
CPU18 44.535548 127130 sgemm sgemm CUDA1 1.256814 127170 40
CPU15 44.380177 127131 sgemm sgemm CUDA0 0.064128 127171 40
CPU10 44.520019 127132 sgemm sgemm CUDA3 1.255728 127172 40
CPU11 44.288569 127133 sgemm sgemm CUDA0 1.070019 127173 40
CPU8 44.638474 127134 sgemm sgemm CUDA1 1.077191 127174 40
CPU3 44.680420 127135 sgemm sgemm CUDA3 1.066011 127175 40
CPU0 44.725589 127136 sgemm sgemm CUDA3 1.264799 127176 40
CPU1 44.659614 127137 sgemm sgemm CUDA3 1.257746 127177 40
CPU12 44.504375 127138 sgemm sgemm CUDA0 1.258018 127178 40
CPU4 44.820858 127139 sgemm sgemm CUDA1 1.065584 127179 40
CPU13 44.798488 127140 sgemm sgemm CUDA3 1.261457 127180 40
CPU0 44.856274 127144 sgemm sgemm CUDA0 7.422725 127184 40
CPU9 44.548851 127145 sgemm sgemm CUDA0 0.098374 127185 40
CPU1 44.899010 127146 sgemm sgemm CUDA0 1.267398 127186 40
CPU0 44.894355 127147 sgemm sgemm CUDA0 1.062276 127187 40
CPU0 45.106110 127148 sgemm sgemm CUDA3 1.257187 127188 40
CPU18 44.124235 127149 sgemm sgemm CUDA3 1.257405 127189 40
CPU17 44.187911 127150 sgemm sgemm CUDA3 1.257823 127190 40
CPU11 44.428629 127151 sgemm sgemm CUDA3 1.069911 127191 40
CPU10 44.357846 127152 sgemm sgemm CUDA0 1.261014 127192 40
CPU5 44.454316 127153 sgemm sgemm CUDA1 1.311523 127193 40
CPU10 44.603062 127154 sgemm sgemm CUDA3 1.258798 127194 40
CPU1 44.683436 127155 sgemm sgemm CUDA0 1.067753 127195 40
CPU4 44.634638 127156 sgemm sgemm CUDA1 1.254301 127196 40
CPU13 44.390177 127157 sgemm sgemm CUDA0 1.258923 127197 40
CPU8 44.871437 127158 sgemm sgemm CUDA1 1.257075 127198 40
CPU2 44.516118 127159 sgemm sgemm CUDA0 1.259197 127199 40
CPU13 44.657712 127163 sgemm sgemm CUDA3 1.002517 127203 40
CPU2 44.638699 127164 sgemm sgemm CUDA3 16.887335 127204 40
CPU1 44.917815 127165 sgemm sgemm CUDA2 1.221139 127205 40
CPU8 44.873091 127166 sgemm sgemm CUDA2 1.255947 127206 40
CPU4 44.795480 127167 sgemm sgemm CUDA2 1.073075 127207 40
CPU17 44.357062 127168 sgemm sgemm CUDA2 12.894834 127208 40
CPU19 44.115441 127169 sgemm sgemm CUDA3 0.046758 127209 40
CPU18 44.131286 127170 sgemm sgemm CUDA3 1.382657 127210 40
CPU11 44.571546 127171 sgemm sgemm CUDA1 0.047398 127211 40
CPU5 44.353528 127172 sgemm sgemm CUDA1 1.396410 127212 40
CPU7 44.816927 127173 sgemm sgemm CUDA1 1.067181 127213 40
CPU11 44.195299 127174 sgemm sgemm CUDA3 1.071324 127214 40
CPU1 44.638483 127175 sgemm sgemm CUDA3 1.069287 127215 40
CPU12 44.426737 127176 sgemm sgemm CUDA3 11.063407 127216 40
CPU4 44.842030 127177 sgemm sgemm CUDA2 0.090478 127217 40
CPU6 45.433683 127178 sgemm sgemm CUDA2 11.958520 127218 40
CPU11 44.426264 127182 sgemm sgemm CUDA3 1.285328 127222 40
CPU0 45.027899 127183 sgemm sgemm CUDA3 1.259934 127223 40
CPU9 44.470537 127184 sgemm sgemm CUDA3 1.063359 127224 40
CPU7 44.286697 127185 sgemm sgemm CUDA0 1.081972 127225 40
CPU1 44.564860 127186 sgemm sgemm CUDA1 1.262632 127226 40
CPU18 44.401405 127187 sgemm sgemm CUDA1 1.262027 127227 40
CPU19 44.502190 127188 sgemm sgemm CUDA0 1.063012 127228 40
CPU19 44.402567 127189 sgemm sgemm CUDA1 1.262101 127229 40
CPU19 44.741836 127190 sgemm sgemm CUDA3 1.255397 127230 40
CPU4 44.719765 127191 sgemm sgemm CUDA1 1.259331 127231 40
CPU10 44.465909 127192 sgemm sgemm CUDA3 1.068804 127232 40
CPU13 44.327711 127193 sgemm sgemm CUDA0 1.260680 127233 40
CPU0 44.853744 127194 sgemm sgemm CUDA3 1.264142 127234 40
CPU3 44.521578 127195 sgemm sgemm CUDA1 1.063748 127235 40
CPU4 44.590249 127196 sgemm sgemm CUDA1 1.068751 127236 40
CPU19 44.692644 127197 sgemm sgemm CUDA0 12.050293 127237 40
CPU12 44.576047 127201 sgemm sgemm CUDA3 1.351460 127241 40
CPU2 44.465370 127202 sgemm sgemm CUDA3 1.078563 127242 40
CPU8 44.403884 127203 sgemm sgemm CUDA3 1.270791 127243 40
CPU1 45.182349 127204 sgemm sgemm CUDA3 1.069147 127244 40
CPU5 44.453899 127205 sgemm sgemm CUDA3 1.068715 127245 40
CPU17 44.366707 127206 sgemm sgemm CUDA1 3.891775 127246 40
CPU18 44.477381 127207 sgemm sgemm CUDA3 1.068674 127247 40
CPU11 44.523865 127208 sgemm sgemm CUDA1 1.072054 127248 40
CPU11 44.582404 127209 sgemm sgemm CUDA3 1.068310 127249 40
CPU1 44.468949 127210 sgemm sgemm CUDA1 1.267161 127250 40
CPU19 44.490159 127211 sgemm sgemm CUDA3 1.256312 127251 40
CPU13 44.229259 127212 sgemm sgemm CUDA2 1.391579 127252 40
CPU8 44.714418 127213 sgemm sgemm CUDA2 1.258944 127253 40
CPU2 44.278448 127214 sgemm sgemm CUDA0 1.272786 127254 40
CPU9 43.748968 127215 sgemm sgemm CUDA2 1.254768 127255 40
CPU6 44.708296 127216 sgemm sgemm CUDA0 1.266262 127256 40
CPU11 44.184935 127220 sgemm sgemm CUDA3 1.072866 127260 40
CPU7 44.748102 127221 sgemm sgemm CUDA3 1.256124 127261 40
CPU9 44.282992 127222 sgemm sgemm CUDA3 1.260264 127262 40
CPU9 44.803803 127223 sgemm sgemm CUDA2 0.057585 127263 40
CPU4 44.856391 127224 sgemm sgemm CUDA2 1.261093 127264 40
CPU17 44.228484 127225 sgemm sgemm CUDA1 1.373985 127265 40
CPU16 44.441889 127226 sgemm sgemm CUDA1 1.071908 127266 40
CPU17 44.387540 127227 sgemm sgemm CUDA1 1.257894 127267 40
CPU11 44.513622 127228 sgemm sgemm CUDA2 1.263748 127268 40
CPU0 44.746562 127229 sgemm sgemm CUDA2 1.261911 127269 40
CPU19 44.510372 127230 sgemm sgemm CUDA3 1.362546 127270 40
CPU13 44.045674 127231 sgemm sgemm CUDA3 1.260816 127271 40
CPU0 44.988060 127232 sgemm sgemm CUDA3 1.260934 127272 40
CPU7 44.877872 127233 sgemm sgemm CUDA3 1.263423 127273 40
CPU4 44.213516 127234 sgemm sgemm CUDA1 1.260965 127274 40
CPU13 44.470296 127235 sgemm sgemm CUDA2 1.259810 127275 40
CPU12 44.604200 127239 sgemm sgemm CUDA3 0.052652 127279 40
CPU2 44.470056 127240 sgemm sgemm CUDA3 1.446254 127280 40
CPU3 44.424895 127241 sgemm sgemm CUDA2 5.952608 127281 40
CPU7 44.704433 127242 sgemm sgemm CUDA2 1.068585 127282 40
CPU3 44.592457 127243 sgemm sgemm CUDA2 1.065716 127283 40
CPU18 44.316100 127244 sgemm sgemm CUDA0 1.068032 127284 40
CPU18 44.555656 127245 sgemm sgemm CUDA3 1.068384 127285 40
CPU10 44.586598 127246 sgemm sgemm CUDA3 1.072480 127286 40
CPU10 44.678675 127247 sgemm sgemm CUDA3 1.257873 127287 40
CPU7 44.700202 127248 sgemm sgemm CUDA2 1.259419 127288 40
CPU12 44.657190 127249 sgemm sgemm CUDA1 1.256999 127289 40
CPU1 44.532047 127250 sgemm sgemm CUDA1 1.071487 127290 40
CPU10 44.500722 127251 sgemm sgemm CUDA1 1.259174 127291 40
CPU0 44.917038 127252 sgemm sgemm CUDA1 1.258184 127292 40
CPU8 44.563615 127253 sgemm sgemm CUDA0 1.260405 127293 40
CPU2 46.208569 127254 sgemm sgemm CUDA3 1.064300 127294 40
CPU19 44.639317 127258 sgemm sgemm CUDA3 1.195526 127298 40
CPU2 44.430482 127259 sgemm sgemm CUDA3 9.231986 127299 40
CPU8 44.937070 127260 sgemm sgemm CUDA2 0.050924 127300 40
CPU6 44.386171 127261 sgemm sgemm CUDA2 1.491951 127301 40
CPU5 44.349597 127262 sgemm sgemm CUDA3 0.058608 127302 40
CPU17 44.429071 127263 sgemm sgemm CUDA1 1.316645 127303 40
CPU16 44.476319 127264 sgemm sgemm CUDA1 1.072463 127304 40
CPU18 44.367766 127265 sgemm sgemm CUDA3 1.392456 127305 40
CPU11 45.004688 127266 sgemm sgemm CUDA1 1.262091 127306 40
CPU3 44.178345 127267 sgemm sgemm CUDA1 1.261319 127307 40
CPU3 44.003498 127268 sgemm sgemm CUDA0 1.010624 127308 40
CPU6 44.384431 127269 sgemm sgemm CUDA2 1.074432 127309 40
CPU11 44.227297 127270 sgemm sgemm CUDA2 1.069262 127310 40
CPU13 44.101878 127271 sgemm sgemm CUDA1 1.261444 127311 40
CPU0 44.554746 127272 sgemm sgemm CUDA2 1.078470 127312 40
CPU1 44.235025 127273 sgemm sgemm CUDA0 1.153431 127313 40
CPU4 44.812849 127277 sgemm sgemm CUDA3 1.320121 127317 40
CPU1 44.422377 127278 sgemm sgemm CUDA3 1.070976 127318 40
CPU0 44.861588 127279 sgemm sgemm CUDA3 1.198153 127319 40
CPU7 44.780463 127280 sgemm sgemm CUDA0 1.069760 127320 40
CPU2 44.591537 127281 sgemm sgemm CUDA0 1.257731 127321 40
CPU18 44.198571 127282 sgemm sgemm CUDA3 0.062446 127322 40
CPU16 44.435853 127283 sgemm sgemm CUDA3 1.257826 127323 40
CPU19 44.298278 127284 sgemm sgemm CUDA3 1.259081 127324 40
CPU19 44.497412 127285 sgemm sgemm CUDA3 1.072055 127325 40
CPU4 44.609282 127286 sgemm sgemm CUDA0 1.262386 127326 40
CPU6 44.701170 127287 sgemm sgemm CUDA0 1.260927 127327 40
CPU12 44.535018 127288 sgemm sgemm CUDA0 1.068019 127328 40
CPU10 44.412513 127289 sgemm sgemm CUDA3 1.260577 127329 40
CPU11 44.183953 127290 sgemm sgemm CUDA3 1.259755 127330 40
CPU10 44.226186 127291 sgemm sgemm CUDA2 1.238123 127331 40
CPU13 44.300951 127292 sgemm sgemm CUDA2 1.065489 127332 40
CPU12 44.299567 127296 sgemm sgemm CUDA0 1.266412 127336 40
CPU2 44.831180 127297 sgemm sgemm CUDA0 1.067015 127337 40
CPU5 44.771895 127298 sgemm sgemm CUDA0 1.069140 127338 40
CPU6 44.906750 127299 sgemm sgemm CUDA0 1.070738 127339 40
CPU1 44.847403 127300 sgemm sgemm CUDA1 1.065470 127340 40
CPU17 44.391796 127301 sgemm sgemm CUDA1 1.251363 127341 40
CPU17 44.484750 127302 sgemm sgemm CUDA1 13.098303 127342 40
CPU18 44.103153 127303 sgemm sgemm CUDA1 0.094849 127343 40
CPU11 44.562003 127304 sgemm sgemm CUDA0 1.256697 127344 40
CPU4 44.890942 127305 sgemm sgemm CUDA1 1.379737 127345 40
CPU19 44.348825 127306 sgemm sgemm CUDA0 1.069240 127346 40
CPU2 44.557564 127307 sgemm sgemm CUDA2 16.537478 127347 40
CPU19 44.711587 127308 sgemm sgemm CUDA2 0.042429 127348 40
CPU11 43.924942 127309 sgemm sgemm CUDA1 1.064195 127349 40
CPU13 44.182556 127310 sgemm sgemm CUDA2 1.309228 127350 40
CPU0 45.086788 127311 sgemm sgemm CUDA2 1.259888 127351 40
CPU3 44.262206 127315 sgemm sgemm CUDA3 1.061861 127355 40
CPU2 44.422673 127316 sgemm sgemm CUDA3 1.256751 127356 40
CPU6 44.479872 127317 sgemm sgemm CUDA3 12.431774 127357 40
CPU9 44.748062 127318 sgemm sgemm CUDA3 0.126161 127358 40
CPU0 44.955733 127319 sgemm sgemm CUDA3 1.336315 127359 40
CPU17 44.206003 127320 sgemm sgemm CUDA3 1.065149 127360 40
CPU17 44.726623 127321 sgemm sgemm CUDA0 13.481691 127361 40
CPU10 44.403132 127322 sgemm sgemm CUDA1 1.064712 127362 40
CPU11 44.645177 127323 sgemm sgemm CUDA3 1.068053 127363 40
CPU0 45.089287 127324 sgemm sgemm CUDA0 1.361271 127364 40
CPU19 44.298412 127325 sgemm sgemm CUDA0 1.068678 127365 40
CPU1 44.201755 127326 sgemm sgemm CUDA1 1.253566 127366 40
CPU8 44.742403 127327 sgemm sgemm CUDA1 12.046770 127367 40
CPU4 44.362944 127328 sgemm sgemm CUDA0 1.260271 127368 40
CPU10 44.657937 127329 sgemm sgemm CUDA1 1.951283 127369 40
CPU9 44.751004 127330 sgemm sgemm CUDA3 1.069771 127370 40
CPU13 44.740821 127334 sgemm sgemm CUDA3 6.271032 127374 40
CPU8 44.597984 127335 sgemm sgemm CUDA3 0.045750 127375 40
CPU0 44.820360 127336 sgemm sgemm CUDA2 1.363895 127376 40
CPU6 44.868932 127337 sgemm sgemm CUDA2 1.074616 127377 40
CPU5 44.609163 127338 sgemm sgemm CUDA3 1.274836 127378 40
CPU17 44.497102 127339 sgemm sgemm CUDA2 1.259275 127379 40
CPU15 44.223404 127340 sgemm sgemm CUDA0 5.903518 127380 40
CPU11 44.307772 127341 sgemm sgemm CUDA0 0.041604 127381 40
CPU10 44.547172 127342 sgemm sgemm CUDA2 1.259174 127382 40
CPU1 44.634631 127343 sgemm sgemm CUDA0 1.013122 127383 40
CPU19 44.372974 127344 sgemm sgemm CUDA3 1.255204 127384 40
CPU9 44.296481 127345 sgemm sgemm CUDA2 1.069880 127385 40
CPU13 44.746326 127346 sgemm sgemm CUDA2 1.254723 127386 40
CPU5 44.255546 127347 sgemm sgemm CUDA3 1.066645 127387 40
CPU1 44.577760 127348 sgemm sgemm CUDA0 1.064140 127388 40
CPU13 45.868833 127349 sgemm sgemm CUDA2 1.259044 127389 40
CPU5 44.108723 127353 sgemm sgemm CUDA3 16.721034 127393 40
CPU2 44.351922 127354 sgemm sgemm CUDA3 0.395798 127394 40
CPU4 44.447343 127355 sgemm sgemm CUDA2 1.354390 127395 40
CPU8 44.213033 127356 sgemm sgemm CUDA2 1.077331 127396 40
CPU4 44.356779 127357 sgemm sgemm CUDA3 0.043273 127397 40
CPU17 44.581912 127358 sgemm sgemm CUDA2 1.080041 127398 40
CPU17 44.607358 127359 sgemm sgemm CUDA1 0.045478 127399 40
CPU10 44.637681 127360 sgemm sgemm CUDA1 1.308709 127400 40
CPU11 44.884318 127361 sgemm sgemm CUDA2 1.255999 127401 40
CPU12 44.478952 127362 sgemm sgemm CUDA2 1.067408 127402 40
CPU11 44.703717 127363 sgemm sgemm CUDA3 1.323206 127403 40
CPU10 44.665410 127364 sgemm sgemm CUDA1 1.252827 127404 40
CPU12 44.723158 127365 sgemm sgemm CUDA3 1.067484 127405 40
CPU11 44.636031 127366 sgemm sgemm CUDA1 1.262114 127406 40
CPU13 44.762608 127367 sgemm sgemm CUDA2 1.067220 127407 40
CPU12 44.420056 127368 sgemm sgemm CUDA2 1.270772 127408 40
CPU11 44.585145 127372 sgemm sgemm CUDA3 1.280806 127412 40
CPU9 44.765977 127373 sgemm sgemm CUDA3 1.262554 127413 40
CPU5 44.446822 127374 sgemm sgemm CUDA2 1.069554 127414 40
CPU7 44.772794 127375 sgemm sgemm CUDA2 0.128631 127415 40
CPU3 44.348701 127376 sgemm sgemm CUDA2 1.296364 127416 40
CPU18 44.532977 127377 sgemm sgemm CUDA2 1.256106 127417 40
CPU16 44.880307 127378 sgemm sgemm CUDA3 9.348471 127418 40
CPU10 44.561880 127379 sgemm sgemm CUDA0 9.141672 127419 40
CPU19 44.561476 127380 sgemm sgemm CUDA0 0.059819 127420 40
CPU4 44.653120 127381 sgemm sgemm CUDA0 1.395348 127421 40
CPU19 44.492213 127382 sgemm sgemm CUDA0 1.269667 127422 40
CPU13 44.308576 127383 sgemm sgemm CUDA2 1.069265 127423 40
CPU4 44.536412 127384 sgemm sgemm CUDA3 0.060595 127424 40
CPU10 44.566848 127385 sgemm sgemm CUDA3 1.326790 127425 40
CPU7 44.076279 127386 sgemm sgemm CUDA0 1.260157 127426 40
CPU9 44.295884 127387 sgemm sgemm CUDA2 1.269948 127427 40
CPU5 44.289454 127391 sgemm sgemm CUDA3 1.199374 127431 40
CPU2 44.481511 127392 sgemm sgemm CUDA0 1.258691 127432 40
CPU6 44.442760 127393 sgemm sgemm CUDA0 1.259434 127433 40
CPU8 44.468576 127394 sgemm sgemm CUDA0 1.066715 127434 40
CPU2 44.348748 127395 sgemm sgemm CUDA0 1.067520 127435 40
CPU18 44.234492 127396 sgemm sgemm CUDA3 4.134436 127436 40
CPU19 44.497847 127397 sgemm sgemm CUDA3 1.071148 127437 40
CPU11 44.370695 127398 sgemm sgemm CUDA3 1.071344 127438 40
CPU11 44.738832 127399 sgemm sgemm CUDA3 1.258498 127439 40
CPU3 44.551295 127400 sgemm sgemm CUDA0 1.266657 127440 40
CPU10 44.524805 127401 sgemm sgemm CUDA3 1.064895 127441 40
CPU6 44.823515 127402 sgemm sgemm CUDA0 1.064081 127442 40
CPU13 44.391542 127403 sgemm sgemm CUDA3 1.256091 127443 40
CPU12 44.013707 127404 sgemm sgemm CUDA0 1.259360 127444 40
CPU3 44.411940 127405 sgemm sgemm CUDA0 1.066268 127445 40
CPU11 44.649555 127406 sgemm sgemm CUDA3 12.647932 127446 40
CPU13 44.674760 127410 sgemm sgemm CUDA1 1.267487 127450 40
CPU0 44.742648 127411 sgemm sgemm CUDA2 1.261557 127451 40
CPU7 44.550236 127412 sgemm sgemm CUDA2 1.169226 127452 40
CPU9 44.378167 127413 sgemm sgemm CUDA2 1.077746 127453 40
CPU0 44.535162 127414 sgemm sgemm CUDA2 1.259719 127454 40
CPU17 44.365443 127415 sgemm sgemm CUDA2 12.305590 127455 40
CPU19 44.773154 127416 sgemm sgemm CUDA1 1.244620 127456 40
CPU19 44.458317 127417 sgemm sgemm CUDA1 1.068471 127457 40
CPU11 44.660598 127418 sgemm sgemm CUDA2 11.123361 127458 40
CPU1 44.545164 127419 sgemm sgemm CUDA0 1.273863 127459 40
CPU10 44.787784 127420 sgemm sgemm CUDA0 1.256428 127460 40
CPU11 44.830798 127421 sgemm sgemm CUDA2 0.050004 127461 40
CPU4 44.716368 127422 sgemm sgemm CUDA2 0.063574 127462 40
CPU3 44.200654 127423 sgemm sgemm CUDA1 1.071795 127463 40
CPU1 44.242973 127424 sgemm sgemm CUDA0 1.068754 127464 40
CPU13 44.827900 127425 sgemm sgemm CUDA2 1.443613 127465 40
CPU13 44.698640 127429 sgemm sgemm CUDA3 1.254702 127469 40
CPU2 44.492409 127430 sgemm sgemm CUDA2 1.082090 127470 40
CPU10 44.441468 127431 sgemm sgemm CUDA2 0.067139 127471 40
CPU7 44.568950 127432 sgemm sgemm CUDA2 1.383274 127472 40
CPU1 44.459092 127433 sgemm sgemm CUDA0 1.291682 127473 40
CPU17 44.490477 127434 sgemm sgemm CUDA3 1.262308 127474 40
CPU16 44.214518 127435 sgemm sgemm CUDA0 1.083606 127475 40
CPU19 44.372998 127436 sgemm sgemm CUDA0 1.067552 127476 40
CPU10 44.397126 127437 sgemm sgemm CUDA0 1.067844 127477 40
CPU4 44.721832 127438 sgemm sgemm CUDA0 1.255546 127478 40
CPU10 44.503419 127439 sgemm sgemm CUDA3 1.259266 127479 40
CPU4 44.739878 127440 sgemm sgemm CUDA3 1.067320 127480 40
CPU7 44.383710 127441 sgemm sgemm CUDA3 1.067357 127481 40
CPU9 44.589259 127442 sgemm sgemm CUDA3 1.066317 127482 40
CPU2 44.286157 127443 sgemm sgemm CUDA2 1.072559 127483 40
CPU5 44.466011 127444 sgemm sgemm CUDA2 1.093582 127484 40
CPU19 44.698758 127448 sgemm sgemm CUDA1 1.070363 127488 40
CPU7 44.799368 127449 sgemm sgemm CUDA0 1.309900 127489 40
CPU11 44.455090 127450 sgemm sgemm CUDA0 1.070700 127490 40
CPU7 44.789378 127451 sgemm sgemm CUDA0 1.063846 127491 40
CPU0 44.886721 127452 sgemm sgemm CUDA0 1.070435 127492 40
CPU18 44.428992 127453 sgemm sgemm CUDA0 1.057954 127493 40
CPU17 44.072614 127454 sgemm sgemm CUDA0 1.076635 127494 40
CPU18 44.177470 127455 sgemm sgemm CUDA0 1.069111 127495 40
CPU11 44.576946 127456 sgemm sgemm CUDA0 1.260761 127496 40
CPU0 44.681740 127457 sgemm sgemm CUDA0 1.260069 127497 40
CPU19 44.550095 127458 sgemm sgemm CUDA3 1.258246 127498 40
CPU8 44.968848 127459 sgemm sgemm CUDA3 1.258184 127499 40
CPU2 44.674978 127460 sgemm sgemm CUDA3 1.068918 127500 40
CPU5 44.555928 127461 sgemm sgemm CUDA0 1.259863 127501 40
CPU11 44.346204 127462 sgemm sgemm CUDA3 1.258747 127502 40
CPU19 44.344390 127463 sgemm sgemm CUDA2 1.255093 127503 40
CPU13 44.833637 127467 sgemm sgemm CUDA1 4.714151 127507 40
CPU0 44.781931 127468 sgemm sgemm CUDA2 13.059368 127508 40
CPU4 44.445925 127469 sgemm sgemm CUDA2 0.086853 127509 40
CPU6 44.609175 127470 sgemm sgemm CUDA2 1.328030 127510 40
CPU4 44.497951 127471 sgemm sgemm CUDA0 1.069932 127511 40
CPU12 44.820623 127472 sgemm sgemm CUDA0 1.070204 127512 40
CPU18 44.440140 127473 sgemm sgemm CUDA0 1.068082 127513 40
CPU17 44.454099 127474 sgemm sgemm CUDA0 1.070585 127514 40
CPU19 44.698506 127475 sgemm sgemm CUDA0 1.065359 127515 40
CPU4 44.579318 127476 sgemm sgemm CUDA0 1.263355 127516 40
CPU10 44.523886 127477 sgemm sgemm CUDA0 1.261605 127517 40
CPU12 44.742193 127478 sgemm sgemm CUDA3 1.063500 127518 40
CPU13 44.509962 127479 sgemm sgemm CUDA3 1.063100 127519 40
CPU3 44.631463 127480 sgemm sgemm CUDA3 1.257840 127520 40
CPU8 44.071736 127481 sgemm sgemm CUDA3 1.197237 127521 40
CPU10 44.530707 127482 sgemm sgemm CUDA2 1.066909 127522 40
CPU3 44.464975 127486 sgemm sgemm CUDA1 1.285280 127526 40
CPU7 44.526402 127487 sgemm sgemm CUDA2 1.066845 127527 40
CPU2 44.267688 127488 sgemm sgemm CUDA2 1.004000 127528 40
CPU8 44.443563 127489 sgemm sgemm CUDA2 1.014324 127529 40
CPU5 44.362676 127490 sgemm sgemm CUDA1 1.008533 127530 40
CPU19 45.412522 127491 sgemm sgemm CUDA1 1.191818 127531 40
CPU17 44.383372 127492 sgemm sgemm CUDA1 1.203688 127532 40
CPU19 44.807499 127493 sgemm sgemm CUDA3 0.083282 127533 40
CPU11 44.445629 127494 sgemm sgemm CUDA3 1.332409 127534 40
CPU10 44.727324 127495 sgemm sgemm CUDA1 1.013818 127535 40
CPU6 45.295511 127496 sgemm sgemm CUDA3 1.199318 127536 40
CPU10 44.537819 127497 sgemm sgemm CUDA3 1.199818 127537 40
CPU3 44.447220 127498 sgemm sgemm CUDA3 1.201345 127538 40
CPU12 44.609312 127499 sgemm sgemm CUDA1 1.201596 127539 40
CPU1 45.049447 127500 sgemm sgemm CUDA2 1.208284 127540 40
CPU19 45.121181 127501 sgemm sgemm CUDA2 1.010018 127541 40
CPU3 32.364712 127507 strsm strsm CUDA1 2.803701 127547 40
CPU9 32.089478 127511 strsm strsm CUDA3 2.753856 127551 40
CPU14 32.374707 127515 strsm strsm CUDA0 3.237901 127555 40
CPU7 32.791128 127519 strsm strsm CUDA2 2.778552 127559 40
CPU4 32.471236 127523 strsm strsm CUDA0 2.761878 127563 40
CPU10 31.941377 127527 strsm strsm CUDA0 2.672184 127567 40
CPU19 32.103684 127531 strsm strsm CUDA0 2.741345 127571 40
CPU19 32.124800 127535 strsm strsm CUDA3 11.395854 127575 40
CPU11 31.738475 127539 strsm strsm CUDA2 0.096621 127579 40
CPU4 32.276173 127543 strsm strsm CUDA1 13.711909 127583 40
CPU10 32.155182 127547 strsm strsm CUDA3 2.797426 127587 40
CPU8 32.577438 127551 strsm strsm CUDA1 2.817866 127591 40
CPU13 32.155443 127555 strsm strsm CUDA3 2.002130 127595 40
CPU3 31.852705 127559 strsm strsm CUDA1 11.879990 127599 40
CPU1 32.798385 127563 strsm strsm CUDA2 12.495179 127603 40
CPU19 33.311214 127567 strsm strsm CUDA2 2.542205 127607 40
CPU7 15.861288 127571 strtri strtri CPU -1 127611 40
CPU0 31.239769 127573 strsm strsm CUDA1 2.794516 127613 40
CPU1 30.522078 127575 strsm strsm CUDA1 2.885656 127615 40
CPU9 30.774531 127577 strsm strsm CUDA2 0.058848 127617 40
CPU4 31.381267 127579 strsm strsm CUDA1 2.869531 127619 40
CPU3 30.298745 127581 strsm strsm CUDA1 2.915276 127621 40
CPU12 31.172048 127583 strsm strsm CUDA1 2.975700 127623 40
CPU4 32.215432 127585 strsm strsm CUDA2 2.979654 127625 40
CPU4 31.559073 127587 strsm strsm CUDA1 2.986087 127627 40
CPU0 31.296162 127589 strsm strsm CUDA2 13.621042 127629 40
CPU10 31.066912 127591 strsm strsm CUDA1 2.824592 127631 40
CPU4 31.510961 127593 strsm strsm CUDA2 2.723707 127633 40
CPU14 31.289283 127595 strsm strsm CUDA1 2.854985 127635 40
CPU10 30.824209 127597 strsm strsm CUDA2 2.813334 127637 40
CPU15 30.282377 127599 strsm strsm CUDA1 2.788992 127639 40
CPU2 30.835043 127601 strsm strsm CUDA2 2.788544 127641 40
CPU10 30.850627 127603 strsm strsm CUDA2 3.119381 127643 40
CPU12 31.674354 127605 strsm strsm CUDA1 2.702761 127645 40
CPU6 31.379600 127607 strsm strsm CUDA1 12.895170 127647 40
CPU0 31.343229 127609 strsm strsm CUDA2 1.406209 127649 40
CPU4 30.932119 127611 strsm strsm CUDA0 2.864392 127651 40
CPU9 31.576353 127613 strsm strsm CUDA0 2.748079 127653 40
CPU3 30.569589 127615 strsm strsm CUDA0 2.787442 127655 40
CPU10 30.944736 127617 strsm strsm CUDA1 13.306075 127657 40
CPU10 31.553015 127619 strsm strsm CUDA2 2.772682 127659 40
CPU10 31.299596 127621 strsm strsm CUDA2 2.747587 127661 40
CPU15 30.747666 127623 strsm strsm CUDA2 3.323466 127663 40
CPU2 30.919075 127625 strsm strsm CUDA2 12.416610 127665 40
CPU13 30.994181 127627 strsm strsm CUDA2 4.227495 127667 40
CPU19 31.642375 127629 strsm strsm CUDA2 2.724273 127669 40
CPU7 31.474444 127631 strsm strsm CUDA2 0.189706 127671 40
CPU19 31.100613 127633 strsm strsm CUDA1 2.791489 127673 40
CPU5 30.309488 127635 strsm strsm CUDA2 2.075362 127675 40
CPU5 44.417052 127637 sgemm sgemm CUDA0 0.075609 127677 40
CPU8 44.341219 127638 sgemm sgemm CUDA1 1.253749 127678 40
CPU3 44.669964 127639 sgemm sgemm CUDA1 1.218061 127679 40
CPU8 44.403208 127640 sgemm sgemm CUDA1 1.036644 127680 40
CPU2 44.496512 127641 sgemm sgemm CUDA1 1.227682 127681 40
CPU18 44.410590 127642 sgemm sgemm CUDA2 1.067792 127682 40
CPU16 44.500910 127643 sgemm sgemm CUDA0 1.068383 127683 40
CPU10 44.516369 127644 sgemm sgemm CUDA1 1.041319 127684 40
CPU10 44.600693 127645 sgemm sgemm CUDA3 1.282044 127685 40
CPU2 44.255840 127646 sgemm sgemm CUDA3 1.228570 127686 40
CPU19 44.605423 127647 sgemm sgemm CUDA1 1.028476 127687 40
CPU11 44.660716 127648 sgemm sgemm CUDA0 1.038675 127688 40
CPU13 44.513199 127649 sgemm sgemm CUDA3 1.048945 127689 40
CPU4 44.706361 127650 sgemm sgemm CUDA1 1.205921 127690 40
CPU10 44.541112 127651 sgemm sgemm CUDA0 1.223218 127691 40
CPU4 44.546615 127652 sgemm sgemm CUDA0 0.107069 127692 40
CPU8 45.779207 127653 sgemm sgemm CUDA0 1.371258 127693 40
CPU19 44.555574 127657 sgemm sgemm CUDA0 1.193609 127697 40
CPU9 44.195432 127658 sgemm sgemm CUDA1 1.062983 127698 40
CPU14 44.618781 127659 sgemm sgemm CUDA1 1.069539 127699 40
CPU6 44.540952 127660 sgemm sgemm CUDA1 1.068982 127700 40
CPU1 44.430324 127661 sgemm sgemm CUDA1 1.071735 127701 40
CPU2 44.457076 127662 sgemm sgemm CUDA0 1.064166 127702 40
CPU16 44.400069 127663 sgemm sgemm CUDA0 1.069809 127703 40
CPU19 44.516881 127664 sgemm sgemm CUDA3 1.579757 127704 40
CPU11 44.365532 127665 sgemm sgemm CUDA3 1.283775 127705 40
CPU1 44.120071 127666 sgemm sgemm CUDA1 1.064070 127706 40
CPU7 44.288522 127667 sgemm sgemm CUDA3 1.085900 127707 40
CPU2 44.006078 127668 sgemm sgemm CUDA0 1.067436 127708 40
CPU12 44.609433 127669 sgemm sgemm CUDA3 1.073291 127709 40
CPU6 44.351582 127670 sgemm sgemm CUDA3 1.257434 127710 40
CPU10 44.662481 127671 sgemm sgemm CUDA0 1.072429 127711 40
CPU9 44.203538 127672 sgemm sgemm CUDA3 1.255431 127712 40
CPU7 44.130707 127673 sgemm sgemm CUDA0 1.255664 127713 40
CPU6 44.594917 127677 sgemm sgemm CUDA2 1.278183 127717 40
CPU0 44.917481 127678 sgemm sgemm CUDA2 1.281197 127718 40
CPU3 44.636538 127679 sgemm sgemm CUDA2 1.070693 127719 40
CPU8 44.510688 127680 sgemm sgemm CUDA1 1.260417 127720 40
CPU5 44.837036 127681 sgemm sgemm CUDA1 1.262352 127721 40
CPU12 44.503318 127682 sgemm sgemm CUDA2 1.086429 127722 40
CPU16 44.570887 127683 sgemm sgemm CUDA3 1.068498 127723 40
CPU19 44.420759 127684 sgemm sgemm CUDA1 1.261116 127724 40
CPU10 44.334313 127685 sgemm sgemm CUDA1 1.070230 127725 40
CPU3 44.442553 127686 sgemm sgemm CUDA1 1.259987 127726 40
CPU10 44.515895 127687 sgemm sgemm CUDA1 1.260088 127727 40
CPU0 44.796276 127688 sgemm sgemm CUDA3 1.262851 127728 40
CPU13 44.401184 127689 sgemm sgemm CUDA3 1.063935 127729 40
CPU1 44.675535 127690 sgemm sgemm CUDA1 1.262694 127730 40
CPU8 44.326453 127691 sgemm sgemm CUDA0 1.259551 127731 40
CPU2 44.572282 127692 sgemm sgemm CUDA3 1.066769 127732 40
CPU11 46.695411 127693 sgemm sgemm CUDA0 1.074613 127733 40
CPU13 44.369859 127697 sgemm sgemm CUDA0 0.339688 127737 40
CPU7 44.592616 127698 sgemm sgemm CUDA1 1.326430 127738 40
CPU8 44.542383 127699 sgemm sgemm CUDA1 6.130179 127739 40
CPU8 45.309949 127700 sgemm sgemm CUDA1 0.058885 127740 40
CPU4 44.858694 127701 sgemm sgemm CUDA1 1.276140 127741 40
CPU17 44.495941 127702 sgemm sgemm CUDA2 1.190647 127742 40
CPU16 44.438148 127703 sgemm sgemm CUDA0 1.270851 127743 40
CPU18 44.293444 127704 sgemm sgemm CUDA3 0.389297 127744 40
CPU10 44.413761 127705 sgemm sgemm CUDA2 0.122370 127745 40
CPU3 44.493606 127706 sgemm sgemm CUDA2 1.389118 127746 40
CPU19 44.473889 127707 sgemm sgemm CUDA3 1.069352 127747 40
CPU12 44.532305 127708 sgemm sgemm CUDA0 1.077003 127748 40
CPU13 44.512094 127709 sgemm sgemm CUDA3 6.319253 127749 40
CPU13 44.604253 127710 sgemm sgemm CUDA3 0.064268 127750 40
CPU0 44.512152 127711 sgemm sgemm CUDA0 1.077630 127751 40
CPU11 44.415952 127712 sgemm sgemm CUDA2 1.263622 127752 40
CPU7 46.645739 127713 sgemm sgemm CUDA0 1.066541 127753 40
CPU8 44.303045 127717 sgemm sgemm CUDA0 1.409522 127757 40
CPU2 44.279258 127718 sgemm sgemm CUDA1 1.252176 127758 40
CPU0 44.634059 127719 sgemm sgemm CUDA1 1.254852 127759 40
CPU9 44.969711 127720 sgemm sgemm CUDA1 1.261313 127760 40
CPU3 44.415886 127721 sgemm sgemm CUDA1 1.069994 127761 40
CPU18 44.357504 127722 sgemm sgemm CUDA2 10.863445 127762 40
CPU15 44.264142 127723 sgemm sgemm CUDA0 1.200653 127763 40
CPU18 44.312799 127724 sgemm sgemm CUDA3 11.845371 127764 40
CPU11 44.631892 127725 sgemm sgemm CUDA2 11.730975 127765 40
CPU3 44.116492 127726 sgemm sgemm CUDA2 0.095610 127766 40
CPU10 44.808098 127727 sgemm sgemm CUDA3 0.044928 127767 40
CPU10 44.760712 127728 sgemm sgemm CUDA0 1.261671 127768 40
CPU9 44.165682 127729 sgemm sgemm CUDA3 1.375261 127769 40
CPU13 44.691160 127730 sgemm sgemm CUDA3 1.261360 127770 40
CPU12 44.750243 127731 sgemm sgemm CUDA2 11.863228 127771 40
CPU19 44.591438 127732 sgemm sgemm CUDA2 0.049781 127772 40
CPU19 44.662129 127733 sgemm sgemm CUDA0 1.262812 127773 40
CPU13 44.735514 127737 sgemm sgemm CUDA0 11.833030 127777 40
CPU8 44.355106 127738 sgemm sgemm CUDA1 1.017480 127778 40
CPU4 44.640491 127739 sgemm sgemm CUDA0 1.437868 127779 40
CPU8 44.403453 127740 sgemm sgemm CUDA3 1.254902 127780 40
CPU0 44.893616 127741 sgemm sgemm CUDA3 1.069287 127781 40
CPU9 44.465196 127742 sgemm sgemm CUDA1 1.066429 127782 40
CPU19 44.408859 127743 sgemm sgemm CUDA3 1.075082 127783 40
CPU11 44.281087 127744 sgemm sgemm CUDA3 1.242658 127784 40
CPU19 44.604489 127745 sgemm sgemm CUDA1 1.250301 127785 40
CPU4 44.271520 127746 sgemm sgemm CUDA1 1.258628 127786 40
CPU19 44.515745 127747 sgemm sgemm CUDA3 1.082089 127787 40
CPU8 44.488614 127748 sgemm sgemm CUDA3 1.261717 127788 40
CPU11 44.561948 127749 sgemm sgemm CUDA1 1.075444 127789 40
CPU5 44.419762 127750 sgemm sgemm CUDA1 1.258881 127790 40
CPU4 44.321646 127751 sgemm sgemm CUDA2 1.254598 127791 40
CPU11 44.364356 127752 sgemm sgemm CUDA3 1.260786 127792 40
CPU11 44.504124 127753 sgemm sgemm CUDA0 0.043977 127793 40
CPU0 45.000059 127757 sgemm sgemm CUDA2 1.233455 127797 40
CPU2 44.540750 127758 sgemm sgemm CUDA2 1.078038 127798 40
CPU5 44.640549 127759 sgemm sgemm CUDA2 1.259769 127799 40
CPU8 44.578100 127760 sgemm sgemm CUDA3 1.236362 127800 40
CPU2 44.415355 127761 sgemm sgemm CUDA3 1.068090 127801 40
CPU17 44.464031 127762 sgemm sgemm CUDA0 1.248710 127802 40
CPU16 44.618521 127763 sgemm sgemm CUDA3 1.263199 127803 40
CPU11 44.317481 127764 sgemm sgemm CUDA3 1.072455 127804 40
CPU19 44.713231 127765 sgemm sgemm CUDA2 1.256958 127805 40
CPU4 44.955272 127766 sgemm sgemm CUDA2 1.069427 127806 40
CPU10 44.384560 127767 sgemm sgemm CUDA0 1.082522 127807 40
CPU11 44.323151 127768 sgemm sgemm CUDA0 1.260144 127808 40
CPU12 44.476339 127769 sgemm sgemm CUDA3 1.259163 127809 40
CPU11 44.689981 127770 sgemm sgemm CUDA0 1.260415 127810 40
CPU1 44.142746 127771 sgemm sgemm CUDA0 1.265472 127811 40
CPU3 44.628429 127772 sgemm sgemm CUDA2 1.066183 127812 40
CPU3 44.731820 127773 sgemm sgemm CUDA0 1.257115 127813 40
CPU1 44.699097 127777 sgemm sgemm CUDA0 1.014579 127817 40
CPU1 44.539532 127778 sgemm sgemm CUDA1 11.228876 127818 40
CPU6 44.592259 127779 sgemm sgemm CUDA0 1.258388 127819 40
CPU8 44.567399 127780 sgemm sgemm CUDA1 1.269410 127820 40
CPU1 44.669760 127781 sgemm sgemm CUDA1 1.071874 127821 40
CPU17 44.401062 127782 sgemm sgemm CUDA2 0.608259 127822 40
CPU16 44.492552 127783 sgemm sgemm CUDA0 1.275295 127823 40
CPU17 44.296002 127784 sgemm sgemm CUDA3 1.261008 127824 40
CPU11 44.252405 127785 sgemm sgemm CUDA2 1.257905 127825 40
CPU2 44.493398 127786 sgemm sgemm CUDA0 1.301130 127826 40
CPU19 44.551201 127787 sgemm sgemm CUDA3 1.251829 127827 40
CPU11 44.501087 127788 sgemm sgemm CUDA0 0.053899 127828 40
CPU8 44.615130 127789 sgemm sgemm CUDA1 1.261269 127829 40
CPU4 44.362173 127790 sgemm sgemm CUDA3 1.070969 127830 40
CPU7 43.784561 127791 sgemm sgemm CUDA2 1.261527 127831 40
CPU2 44.410405 127792 sgemm sgemm CUDA0 1.257967 127832 40
CPU0 44.909303 127793 sgemm sgemm CUDA0 1.064550 127833 40
CPU9 44.439873 127797 sgemm sgemm CUDA0 0.351124 127837 40
CPU1 44.377360 127798 sgemm sgemm CUDA0 1.076100 127838 40
CPU2 44.743197 127799 sgemm sgemm CUDA0 1.083857 127839 40
CPU8 44.409093 127800 sgemm sgemm CUDA0 1.074484 127840 40
CPU4 44.785673 127801 sgemm sgemm CUDA1 1.077717 127841 40
CPU17 44.302326 127802 sgemm sgemm CUDA1 1.072855 127842 40
CPU10 44.613139 127803 sgemm sgemm CUDA3 0.079840 127843 40
CPU11 44.377408 127804 sgemm sgemm CUDA1 1.080469 127844 40
CPU10 44.393157 127805 sgemm sgemm CUDA3 1.365185 127845 40
CPU9 44.534028 127806 sgemm sgemm CUDA1 1.266142 127846 40
CPU2 44.341484 127807 sgemm sgemm CUDA3 1.064971 127847 40
CPU6 44.083151 127808 sgemm sgemm CUDA3 1.072995 127848 40
CPU13 44.498944 127809 sgemm sgemm CUDA3 1.262623 127849 40
CPU7 44.469895 127810 sgemm sgemm CUDA0 1.257898 127850 40
CPU19 44.583706 127811 sgemm sgemm CUDA2 0.063140 127851 40
CPU13 44.760097 127812 sgemm sgemm CUDA2 1.075160 127852 40
CPU13 44.609962 127813 sgemm sgemm CUDA0 1.067173 127853 40
CPU12 44.473442 127817 sgemm sgemm CUDA2 1.227446 127857 40
CPU8 44.772262 127818 sgemm sgemm CUDA2 13.442384 127858 40
CPU7 44.743114 127819 sgemm sgemm CUDA2 0.049615 127859 40
CPU8 44.613238 127820 sgemm sgemm CUDA1 1.211277 127860 40
CPU3 44.589684 127821 sgemm sgemm CUDA1 1.071877 127861 40
CPU18 44.128919 127822 sgemm sgemm CUDA1 25.581692 127862 40
CPU15 44.298582 127823 sgemm sgemm CUDA2 1.318435 127863 40
CPU17 44.413180 127824 sgemm sgemm CUDA1 0.044362 127864 40
CPU10 44.279246 127825 sgemm sgemm CUDA2 1.263919 127865 40
CPU4 44.734009 127826 sgemm sgemm CUDA2 1.066148 127866 40
CPU19 44.367029 127827 sgemm sgemm CUDA3 24.906716 127867 40
CPU0 44.958474 127828 sgemm sgemm CUDA3 0.047217 127868 40
CPU13 44.665548 127829 sgemm sgemm CUDA3 1.374434 127869 40
CPU3 44.625629 127830 sgemm sgemm CUDA3 1.259217 127870 40
CPU8 44.401153 127831 sgemm sgemm CUDA2 1.262425 127871 40
CPU7 44.172708 127832 sgemm sgemm CUDA3 1.259898 127872 40
CPU0 44.851002 127833 sgemm sgemm CUDA1 1.373023 127873 40
CPU2 44.586964 127837 sgemm sgemm CUDA0 16.962925 127877 40
CPU2 44.498036 127838 sgemm sgemm CUDA0 1.249329 127878 40
CPU1 44.886222 127839 sgemm sgemm CUDA0 1.257810 127879 40
CPU6 44.775351 127840 sgemm sgemm CUDA0 1.076228 127880 40
CPU0 44.938538 127841 sgemm sgemm CUDA2 1.256596 127881 40
CPU18 44.284722 127842 sgemm sgemm CUDA2 19.037799 127882 40
CPU16 44.545114 127843 sgemm sgemm CUDA0 1.071401 127883 40
CPU10 44.568009 127844 sgemm sgemm CUDA3 1.072319 127884 40
CPU19 44.572923 127845 sgemm sgemm CUDA2 0.088140 127885 40
CPU3 44.552317 127846 sgemm sgemm CUDA0 1.257852 127886 40
CPU10 44.332711 127847 sgemm sgemm CUDA3 1.259780 127887 40
CPU9 44.440480 127848 sgemm sgemm CUDA0 1.071895 127888 40
CPU19 44.438276 127849 sgemm sgemm CUDA3 1.257728 127889 40
CPU12 44.656563 127850 sgemm sgemm CUDA3 1.258989 127890 40
CPU11 44.025437 127851 sgemm sgemm CUDA2 1.261625 127891 40
CPU13 44.664266 127852 sgemm sgemm CUDA2 1.066169 127892 40
CPU13 44.601423 127853 sgemm sgemm CUDA0 1.072825 127893 40
CPU1 44.732423 127857 sgemm sgemm CUDA1 12.572071 127897 40
CPU1 44.520928 127858 sgemm sgemm CUDA1 0.040573 127898 40
CPU9 44.912232 127859 sgemm sgemm CUDA1 1.214767 127899 40
CPU8 44.510806 127860 sgemm sgemm CUDA1 1.173106 127900 40
CPU2 44.589701 127861 sgemm sgemm CUDA1 1.319001 127901 40
CPU18 44.274731 127862 sgemm sgemm CUDA1 1.261290 127902 40
CPU16 44.634204 127863 sgemm sgemm CUDA3 1.259729 127903 40
CPU11 44.262644 127864 sgemm sgemm CUDA1 1.260520 127904 40
CPU11 44.247325 127865 sgemm sgemm CUDA1 1.256889 127905 40
CPU2 44.554500 127866 sgemm sgemm CUDA1 1.258746 127906 40
CPU19 44.368052 127867 sgemm sgemm CUDA3 1.261077 127907 40
CPU13 44.407104 127868 sgemm sgemm CUDA3 1.069051 127908 40
CPU8 44.663541 127869 sgemm sgemm CUDA1 1.073808 127909 40
CPU7 44.224077 127870 sgemm sgemm CUDA3 1.070818 127910 40
CPU2 44.522938 127871 sgemm sgemm CUDA2 1.009941 127911 40
CPU19 44.582987 127872 sgemm sgemm CUDA2 1.068964 127912 40
CPU19 44.747926 127873 sgemm sgemm CUDA2 1.068624 127913 40
CPU11 44.366291 127877 sgemm sgemm CUDA2 1.211645 127917 40
CPU9 44.557416 127878 sgemm sgemm CUDA0 1.252382 127918 40
CPU1 45.117440 127879 sgemm sgemm CUDA0 1.068346 127919 40
CPU7 44.949864 127880 sgemm sgemm CUDA0 1.260036 127920 40
CPU4 44.710475 127881 sgemm sgemm CUDA1 1.072314 127921 40
CPU18 44.191122 127882 sgemm sgemm CUDA1 1.257217 127922 40
CPU15 44.070847 127883 sgemm sgemm CUDA0 1.263714 127923 40
CPU11 44.452850 127884 sgemm sgemm CUDA3 1.284457 127924 40
CPU19 44.701892 127885 sgemm sgemm CUDA3 1.257817 127925 40
CPU8 44.506040 127886 sgemm sgemm CUDA1 1.069906 127926 40
CPU3 44.462020 127887 sgemm sgemm CUDA3 1.076444 127927 40
CPU0 44.467182 127888 sgemm sgemm CUDA3 1.257430 127928 40
CPU4 44.884047 127889 sgemm sgemm CUDA3 1.068861 127929 40
CPU11 44.500268 127890 sgemm sgemm CUDA0 1.260977 127930 40
CPU7 44.455571 127891 sgemm sgemm CUDA2 1.065664 127931 40
CPU13 44.441318 127892 sgemm sgemm CUDA3 1.259030 127932 40
CPU13 44.426423 127893 sgemm sgemm CUDA1 1.073165 127933 40
CPU0 44.950440 127897 sgemm sgemm CUDA0 9.539322 127937 40
CPU9 44.481709 127898 sgemm sgemm CUDA0 0.055980 127938 40
CPU8 45.027340 127899 sgemm sgemm CUDA0 1.324803 127939 40
CPU8 44.543168 127900 sgemm sgemm CUDA0 1.259618 127940 40
CPU0 45.022106 127901 sgemm sgemm CUDA1 11.902127 127941 40
CPU17 44.432756 127902 sgemm sgemm CUDA1 0.044031 127942 40
CPU15 44.257517 127903 sgemm sgemm CUDA3 1.259960 127943 40
CPU17 44.385076 127904 sgemm sgemm CUDA3 1.071311 127944 40
CPU10 44.256441 127905 sgemm sgemm CUDA1 0.061282 127945 40
CPU5 44.530650 127906 sgemm sgemm CUDA1 1.251824 127946 40
CPU10 44.517842 127907 sgemm sgemm CUDA3 1.256404 127947 40
CPU1 44.613664 127908 sgemm sgemm CUDA0 1.264093 127948 40
CPU4 44.665842 127909 sgemm sgemm CUDA1 9.670582 127949 40
CPU13 44.437785 127910 sgemm sgemm CUDA0 1.070951 127950 40
CPU8 44.749046 127911 sgemm sgemm CUDA1 1.325994 127951 40
CPU2 44.525747 127912 sgemm sgemm CUDA0 1.070879 127952 40
CPU9 43.936798 127913 sgemm sgemm CUDA1 1.255641 127953 40
CPU12 44.373947 127917 sgemm sgemm CUDA2 1.262265 127957 40
CPU8 44.839033 127918 sgemm sgemm CUDA2 1.067566 127958 40
CPU0 45.010810 127919 sgemm sgemm CUDA2 1.444467 127959 40
CPU8 44.566798 127920 sgemm sgemm CUDA2 1.258336 127960 40
CPU4 44.812367 127921 sgemm sgemm CUDA2 1.275771 127961 40
CPU17 44.488194 127922 sgemm sgemm CUDA2 1.074057 127962 40
CPU16 44.468684 127923 sgemm sgemm CUDA3 12.151221 127963 40
CPU11 44.208324 127924 sgemm sgemm CUDA3 0.079182 127964 40
CPU11 44.311106 127925 sgemm sgemm CUDA3 1.357534 127965 40
CPU5 44.238367 127926 sgemm sgemm CUDA1 1.246431 127966 40
CPU7 44.647873 127927 sgemm sgemm CUDA1 1.257373 127967 40
CPU11 44.208763 127928 sgemm sgemm CUDA3 1.258789 127968 40
CPU19 44.403441 127929 sgemm sgemm CUDA3 1.074157 127969 40
CPU12 44.525880 127930 sgemm sgemm CUDA3 1.264605 127970 40
CPU6 44.462397 127931 sgemm sgemm CUDA2 1.066723 127971 40
CPU3 44.610778 127932 sgemm sgemm CUDA2 1.069064 127972 40
CPU12 44.876827 127933 sgemm sgemm CUDA1 1.070818 127973 40
CPU11 44.267520 127937 sgemm sgemm CUDA2 1.258423 127977 40
CPU0 44.975320 127938 sgemm sgemm CUDA0 12.360711 127978 40
CPU9 44.660498 127939 sgemm sgemm CUDA0 0.042093 127979 40
CPU6 44.603410 127940 sgemm sgemm CUDA0 1.265079 127980 40
CPU1 44.537611 127941 sgemm sgemm CUDA1 4.050698 127981 40
CPU17 44.315551 127942 sgemm sgemm CUDA1 1.267348 127982 40
CPU15 44.271253 127943 sgemm sgemm CUDA0 1.078374 127983 40
CPU11 44.207791 127944 sgemm sgemm CUDA1 1.066329 127984 40
CPU19 44.568600 127945 sgemm sgemm CUDA3 1.260461 127985 40
CPU4 44.723602 127946 sgemm sgemm CUDA1 1.259288 127986 40
CPU10 44.430337 127947 sgemm sgemm CUDA3 12.649113 127987 40
CPU13 44.463636 127948 sgemm sgemm CUDA0 1.484308 127988 40
CPU0 45.037557 127949 sgemm sgemm CUDA3 0.039880 127989 40
CPU3 44.409690 127950 sgemm sgemm CUDA1 1.258067 127990 40
CPU4 44.507883 127951 sgemm sgemm CUDA1 1.256999 127991 40
CPU19 44.558872 127952 sgemm sgemm CUDA0 1.072268 127992 40
CPU19 44.787442 127953 sgemm sgemm CUDA0 1.258666 127993 40
CPU12 44.512239 127957 sgemm sgemm CUDA1 1.257675 127997 40
CPU2 44.507234 127958 sgemm sgemm CUDA1 1.261973 127998 40
CPU8 44.867118 127959 sgemm sgemm CUDA1 1.252133 127999 40
CPU1 44.545159 127960 sgemm sgemm CUDA3 1.065264 128000 40
CPU9 44.465028 127961 sgemm sgemm CUDA3 1.068757 128001 40
CPU17 44.370553 127962 sgemm sgemm CUDA1 1.256687 128002 40
CPU18 44.273184 127963 sgemm sgemm CUDA3 1.071282 128003 40
CPU11 44.258077 127964 sgemm sgemm CUDA1 1.258604 128004 40
CPU10 44.420335 127965 sgemm sgemm CUDA3 1.253595 128005 40
CPU0 44.875875 127966 sgemm sgemm CUDA1 1.064672 128006 40
CPU19 44.469740 127967 sgemm sgemm CUDA3 1.256596 128007 40
CPU13 44.402104 127968 sgemm sgemm CUDA2 1.263653 128008 40
CPU8 44.753888 127969 sgemm sgemm CUDA2 1.064417 128009 40
CPU2 44.385734 127970 sgemm sgemm CUDA0 1.255866 128010 40
CPU9 43.924781 127971 sgemm sgemm CUDA2 1.258999 128011 40
CPU6 44.739758 127972 sgemm sgemm CUDA0 1.068520 128012 40
CPU1 44.525503 127973 sgemm sgemm CUDA2 1.064118 128013 40
CPU11 44.175394 127977 sgemm sgemm CUDA1 0.043260 128017 40
CPU7 44.730220 127978 sgemm sgemm CUDA1 1.394243 128018 40
CPU3 45.023284 127979 sgemm sgemm CUDA3 3.173115 128019 40
CPU8 44.531769 127980 sgemm sgemm CUDA3 1.356146 128020 40
CPU3 44.288327 127981 sgemm sgemm CUDA3 1.074798 128021 40
CPU18 44.325182 127982 sgemm sgemm CUDA1 1.313344 128022 40
CPU16 44.284776 127983 sgemm sgemm CUDA3 1.261471 128023 40
CPU10 44.433636 127984 sgemm sgemm CUDA1 2.965876 128024 40
CPU11 44.210885 127985 sgemm sgemm CUDA2 1.271598 128025 40
CPU0 44.612006 127986 sgemm sgemm CUDA2 1.076263 128026 40
CPU19 44.435449 127987 sgemm sgemm CUDA3 0.044440 128027 40
CPU13 44.395946 127988 sgemm sgemm CUDA3 1.261872 128028 40
CPU0 44.997540 127989 sgemm sgemm CUDA3 1.259908 128029 40
CPU7 44.770695 127990 sgemm sgemm CUDA3 1.080389 128030 40
CPU4 44.742242 127991 sgemm sgemm CUDA2 1.266255 128031 40
CPU13 44.484607 127992 sgemm sgemm CUDA2 1.261840 128032 40
CPU13 44.551725 127993 sgemm sgemm CUDA2 1.065280 128033 40
CPU12 44.604763 127997 sgemm sgemm CUDA3 0.041064 128037 40
CPU9 44.189211 127998 sgemm sgemm CUDA3 1.307575 128038 40
CPU2 44.595047 127999 sgemm sgemm CUDA2 1.072433 128039 40
CPU7 44.929125 128000 sgemm sgemm CUDA2 13.053722 128040 40
CPU3 44.632664 128001 sgemm sgemm CUDA3 1.066964 128041 40
CPU18 44.355369 128002 sgemm sgemm CUDA0 1.263822 128042 40
CPU16 44.433803 128003 sgemm sgemm CUDA3 1.259204 128043 40
CPU11 44.396969 128004 sgemm sgemm CUDA3 1.261812 128044 40
CPU10 44.502556 128005 sgemm sgemm CUDA3 1.066601 128045 40
CPU7 44.796851 128006 sgemm sgemm CUDA2 0.039496 128046 40
CPU12 44.631028 128007 sgemm sgemm CUDA1 1.257499 128047 40
CPU1 44.501907 128008 sgemm sgemm CUDA1 1.255504 128048 40
CPU11 44.333389 128009 sgemm sgemm CUDA1 1.072682 128049 40
CPU0 44.709928 128010 sgemm sgemm CUDA1 1.067659 128050 40
CPU8 44.366372 128011 sgemm sgemm CUDA0 1.261547 128051 40
CPU2 44.312826 128012 sgemm sgemm CUDA3 1.260225 128052 40
CPU3 44.272443 128013 sgemm sgemm CUDA0 1.075027 128053 40
CPU19 44.815703 128017 sgemm sgemm CUDA3 1.207181 128057 40
CPU2 44.189522 128018 sgemm sgemm CUDA3 1.262833 128058 40
CPU3 44.168745 128019 sgemm sgemm CUDA3 1.255491 128059 40
CPU8 44.216957 128020 sgemm sgemm CUDA3 1.255206 128060 40
CPU2 44.356167 128021 sgemm sgemm CUDA3 1.265171 128061 40
CPU18 44.390324 128022 sgemm sgemm CUDA1 0.980132 128062 40
CPU15 44.357805 128023 sgemm sgemm CUDA3 2.169271 128063 40
CPU18 44.472916 128024 sgemm sgemm CUDA3 0.060585 128064 40
CPU19 44.648010 128025 sgemm sgemm CUDA1 1.068307 128065 40
CPU3 44.276691 128026 sgemm sgemm CUDA1 1.065917 128066 40
CPU3 44.143891 128027 sgemm sgemm CUDA0 6.784273 128067 40
CPU6 44.557387 128028 sgemm sgemm CUDA2 1.274940 128068 40
CPU11 44.168611 128029 sgemm sgemm CUDA2 1.255641 128069 40
CPU13 44.796354 128030 sgemm sgemm CUDA1 1.066999 128070 40
CPU0 44.471233 128031 sgemm sgemm CUDA2 1.071365 128071 40
CPU1 44.184499 128032 sgemm sgemm CUDA0 1.389235 128072 40
CPU8 45.735029 128033 sgemm sgemm CUDA2 1.062665 128073 40
CPU4 45.060522 128037 sgemm sgemm CUDA3 1.290110 128077 40
CPU1 44.475949 128038 sgemm sgemm CUDA3 1.076210 128078 40
CPU3 44.790250 128039 sgemm sgemm CUDA3 1.072739 128079 40
CPU8 44.508298 128040 sgemm sgemm CUDA0 1.199128 128080 40
CPU2 44.632639 128041 sgemm sgemm CUDA3 1.261947 128081 40
CPU18 44.384323 128042 sgemm sgemm CUDA3 1.068865 128082 40
CPU16 44.268333 128043 sgemm sgemm CUDA3 1.260900 128083 40
CPU11 44.222564 128044 sgemm sgemm CUDA3 1.067927 128084 40
CPU19 44.503120 128045 sgemm sgemm CUDA3 1.067920 128085 40
CPU4 44.402652 128046 sgemm sgemm CUDA0 1.063567 128086 40
CPU6 44.472073 128047 sgemm sgemm CUDA0 1.064613 128087 40
CPU12 44.670941 128048 sgemm sgemm CUDA0 1.063891 128088 40
CPU3 44.547802 128049 sgemm sgemm CUDA3 12.648404 128089 40
CPU11 44.303888 128050 sgemm sgemm CUDA3 0.210941 128090 40
CPU10 44.831600 128051 sgemm sgemm CUDA2 1.256682 128091 40
CPU13 44.591021 128052 sgemm sgemm CUDA2 12.311631 128092 40
CPU13 46.155689 128053 sgemm sgemm CUDA2 0.043237 128093 40
CPU12 44.453186 128057 sgemm sgemm CUDA0 11.735156 128097 40
CPU0 44.820393 128058 sgemm sgemm CUDA0 0.043123 128098 40
CPU2 44.785026 128059 sgemm sgemm CUDA0 1.318689 128099 40
CPU6 44.518301 128060 sgemm sgemm CUDA0 1.069430 128100 40
CPU3 44.444345 128061 sgemm sgemm CUDA1 1.073029 128101 40
CPU17 44.435903 128062 sgemm sgemm CUDA1 1.260808 128102 40
CPU16 44.390294 128063 sgemm sgemm CUDA1 1.269374 128103 40
CPU17 44.381204 128064 sgemm sgemm CUDA1 4.523583 128104 40
CPU11 44.010166 128065 sgemm sgemm CUDA0 1.066479 128105 40
CPU4 44.626860 128066 sgemm sgemm CUDA1 0.042244 128106 40
CPU19 44.403250 128067 sgemm sgemm CUDA0 1.067946 128107 40
CPU2 44.362443 128068 sgemm sgemm CUDA2 0.047667 128108 40
CPU19 44.601600 128069 sgemm sgemm CUDA2 5.247902 128109 40
CPU11 43.887985 128070 sgemm sgemm CUDA1 1.269795 128110 40
CPU13 44.530124 128071 sgemm sgemm CUDA2 0.049157 128111 40
CPU0 44.979172 128072 sgemm sgemm CUDA2 1.358085 128112 40
CPU7 44.625609 128073 sgemm sgemm CUDA0 5.213560 128113 40
CPU3 44.322497 128077 sgemm sgemm CUDA3 11.125165 128117 40
CPU2 44.350962 128078 sgemm sgemm CUDA3 0.047395 128118 40
CPU3 45.117491 128079 sgemm sgemm CUDA3 1.295210 128119 40
CPU8 44.607500 128080 sgemm sgemm CUDA3 1.063341 128120 40
CPU3 44.839576 128081 sgemm sgemm CUDA3 1.070055 128121 40
CPU17 44.298058 128082 sgemm sgemm CUDA3 1.258666 128122 40
CPU16 44.273201 128083 sgemm sgemm CUDA0 1.494703 128123 40
CPU10 44.369356 128084 sgemm sgemm CUDA3 1.258999 128124 40
CPU10 44.424247 128085 sgemm sgemm CUDA0 1.255309 128125 40
CPU3 44.777195 128086 sgemm sgemm CUDA0 10.812532 128126 40
CPU19 44.382980 128087 sgemm sgemm CUDA0 0.050912 128127 40
CPU1 44.221174 128088 sgemm sgemm CUDA0 1.260278 128128 40
CPU8 44.711842 128089 sgemm sgemm CUDA3 1.065386 128129 40
CPU4 44.378941 128090 sgemm sgemm CUDA0 1.259631 128130 40
CPU10 44.466751 128091 sgemm sgemm CUDA1 1.060134 128131 40
CPU9 44.599504 128092 sgemm sgemm CUDA3 1.067748 128132 40
CPU0 47.091000 128093 sgemm sgemm CUDA0 1.071189 128133 40
CPU13 44.413678 128097 sgemm sgemm CUDA3 1.261911 128137 40
CPU8 44.653001 128098 sgemm sgemm CUDA3 1.072741 128138 40
CPU0 44.870879 128099 sgemm sgemm CUDA2 1.277602 128139 40
CPU7 44.819133 128100 sgemm sgemm CUDA2 1.253207 128140 40
CPU3 44.338093 128101 sgemm sgemm CUDA3 1.260280 128141 40
CPU17 44.479505 128102 sgemm sgemm CUDA2 1.257897 128142 40
CPU15 44.199180 128103 sgemm sgemm CUDA3 1.258964 128143 40
CPU19 44.356649 128104 sgemm sgemm CUDA3 1.257337 128144 40
CPU10 44.477228 128105 sgemm sgemm CUDA2 1.063304 128145 40
CPU3 44.605966 128106 sgemm sgemm CUDA3 1.254909 128146 40
CPU19 44.350616 128107 sgemm sgemm CUDA3 1.067718 128147 40
CPU9 44.193163 128108 sgemm sgemm CUDA2 1.061803 128148 40
CPU0 44.505584 128109 sgemm sgemm CUDA2 1.066976 128149 40
CPU5 44.143805 128110 sgemm sgemm CUDA3 1.066132 128150 40
CPU9 44.363457 128111 sgemm sgemm CUDA1 1.070932 128151 40
CPU0 44.639831 128112 sgemm sgemm CUDA2 1.260553 128152 40
CPU13 44.769320 128113 sgemm sgemm CUDA1 1.070503 128153 40
CPU5 44.367346 128117 sgemm sgemm CUDA3 0.609219 128157 40
CPU2 44.119544 128118 sgemm sgemm CUDA3 1.061520 128158 40
CPU4 44.409469 128119 sgemm sgemm CUDA2 1.488655 128159 40
CPU8 44.011427 128120 sgemm sgemm CUDA2 1.259606 128160 40
CPU2 44.262550 128121 sgemm sgemm CUDA3 1.257769 128161 40
CPU18 44.469524 128122 sgemm sgemm CUDA2 1.261430 128162 40
CPU16 44.623592 128123 sgemm sgemm CUDA1 1.185666 128163 40
CPU11 44.420974 128124 sgemm sgemm CUDA1 1.065467 128164 40
CPU11 44.518357 128125 sgemm sgemm CUDA2 1.263006 128165 40
CPU9 44.283841 128126 sgemm sgemm CUDA2 1.262393 128166 40
CPU11 44.727236 128127 sgemm sgemm CUDA3 1.257818 128167 40
CPU10 44.723639 128128 sgemm sgemm CUDA1 1.065623 128168 40
CPU12 44.704237 128129 sgemm sgemm CUDA3 1.261644 128169 40
CPU11 44.588795 128130 sgemm sgemm CUDA1 1.067348 128170 40
CPU13 44.775739 128131 sgemm sgemm CUDA2 13.028131 128171 40
CPU12 44.683099 128132 sgemm sgemm CUDA2 0.968265 128172 40
CPU3 43.929058 128133 sgemm sgemm CUDA1 1.071372 128173 40
CPU11 44.628183 128137 sgemm sgemm CUDA2 1.044939 128177 40
CPU9 44.104894 128138 sgemm sgemm CUDA2 3.238118 128178 40
CPU5 44.409390 128139 sgemm sgemm CUDA2 0.042325 128179 40
CPU7 44.583011 128140 sgemm sgemm CUDA2 1.310833 128180 40
CPU2 44.468513 128141 sgemm sgemm CUDA2 1.266001 128181 40
CPU18 44.363160 128142 sgemm sgemm CUDA2 1.067826 128182 40
CPU15 44.413155 128143 sgemm sgemm CUDA3 0.070721 128183 40
CPU11 44.330094 128144 sgemm sgemm CUDA3 1.310699 128184 40
CPU19 44.515860 128145 sgemm sgemm CUDA0 1.222113 128185 40
CPU4 44.523789 128146 sgemm sgemm CUDA0 1.068473 128186 40
CPU19 44.542023 128147 sgemm sgemm CUDA0 1.061891 128187 40
CPU13 44.553369 128148 sgemm sgemm CUDA2 1.259750 128188 40
CPU4 44.385882 128149 sgemm sgemm CUDA3 9.072416 128189 40
CPU10 44.657772 128150 sgemm sgemm CUDA3 13.486699 128190 40
CPU7 43.987140 128151 sgemm sgemm CUDA1 1.291871 128191 40
CPU9 44.157039 128152 sgemm sgemm CUDA2 10.021845 128192 40
CPU0 46.577549 128153 sgemm sgemm CUDA1 1.072829 128193 40
CPU5 44.405835 128157 sgemm sgemm CUDA3 1.360604 128197 40
CPU7 44.546005 128158 sgemm sgemm CUDA2 1.286296 128198 40
CPU6 44.409666 128159 sgemm sgemm CUDA2 1.073050 128199 40
CPU8 44.522321 128160 sgemm sgemm CUDA0 1.271601 128200 40
CPU3 44.462663 128161 sgemm sgemm CUDA0 1.065607 128201 40
CPU17 44.329041 128162 sgemm sgemm CUDA3 1.069875 128202 40
CPU17 44.319195 128163 sgemm sgemm CUDA3 1.257241 128203 40
CPU11 44.283523 128164 sgemm sgemm CUDA3 1.255023 128204 40
CPU19 44.482617 128165 sgemm sgemm CUDA0 1.075040 128205 40
CPU1 44.492127 128166 sgemm sgemm CUDA0 1.062237 128206 40
CPU10 44.535235 128167 sgemm sgemm CUDA3 1.066563 128207 40
CPU6 44.916091 128168 sgemm sgemm CUDA0 1.066822 128208 40
CPU13 44.433566 128169 sgemm sgemm CUDA3 1.262428 128209 40
CPU12 44.482330 128170 sgemm sgemm CUDA0 1.255786 128210 40
CPU3 44.391461 128171 sgemm sgemm CUDA1 1.474758 128211 40
CPU11 44.626051 128172 sgemm sgemm CUDA3 1.064807 128212 40
CPU3 45.839088 128173 sgemm sgemm CUDA1 1.070654 128213 40
CPU11 44.439129 128177 sgemm sgemm CUDA2 12.788394 128217 40
CPU0 44.905883 128178 sgemm sgemm CUDA2 1.315876 128218 40
CPU7 44.911383 128179 sgemm sgemm CUDA2 1.256830 128219 40
CPU6 44.579706 128180 sgemm sgemm CUDA2 12.155687 128220 40
CPU0 44.927372 128181 sgemm sgemm CUDA2 1.306611 128221 40
CPU18 44.302790 128182 sgemm sgemm CUDA2 1.072492 128222 40
CPU16 44.194075 128183 sgemm sgemm CUDA1 1.262414 128223 40
CPU11 44.116146 128184 sgemm sgemm CUDA1 1.261312 128224 40
CPU11 44.001907 128185 sgemm sgemm CUDA2 1.262397 128225 40
CPU1 44.657090 128186 sgemm sgemm CUDA0 1.464365 128226 40
CPU10 44.605702 128187 sgemm sgemm CUDA0 1.088037 128227 40
CPU11 44.678000 128188 sgemm sgemm CUDA2 1.063190 128228 40
CPU5 44.748014 128189 sgemm sgemm CUDA3 0.146479 128229 40
CPU3 44.472784 128190 sgemm sgemm CUDA1 1.074176 128230 40
CPU2 44.245127 128191 sgemm sgemm CUDA0 1.072305 128231 40
CPU12 44.452445 128192 sgemm sgemm CUDA3 6.489048 128232 40
CPU11 44.505013 128193 sgemm sgemm CUDA0 1.260137 128233 40
CPU13 44.479802 128197 sgemm sgemm CUDA3 12.217759 128237 40
CPU2 44.455973 128198 sgemm sgemm CUDA2 0.178118 128238 40
CPU10 44.376700 128199 sgemm sgemm CUDA2 1.258540 128239 40
CPU8 44.616742 128200 sgemm sgemm CUDA2 1.068715 128240 40
CPU1 44.544142 128201 sgemm sgemm CUDA3 12.024937 128241 40
CPU17 44.366642 128202 sgemm sgemm CUDA3 1.360581 128242 40
CPU16 44.561441 128203 sgemm sgemm CUDA3 1.244094 128243 40
CPU11 44.212236 128204 sgemm sgemm CUDA3 1.067561 128244 40
CPU10 44.300914 128205 sgemm sgemm CUDA0 1.073029 128245 40
CPU4 44.983932 128206 sgemm sgemm CUDA0 1.260612 128246 40
CPU10 44.467526 128207 sgemm sgemm CUDA3 1.255455 128247 40
CPU4 44.873663 128208 sgemm sgemm CUDA3 1.065453 128248 40
CPU7 44.887360 128209 sgemm sgemm CUDA3 1.258698 128249 40
CPU9 44.551754 128210 sgemm sgemm CUDA3 1.260612 128250 40
CPU2 44.033538 128211 sgemm sgemm CUDA2 1.261125 128251 40
CPU5 44.541487 128212 sgemm sgemm CUDA2 1.070453 128252 40
CPU3 44.467839 128213 sgemm sgemm CUDA0 1.068079 128253 40
CPU19 44.714471 128217 sgemm sgemm CUDA2 0.135111 128257 40
CPU7 44.510608 128218 sgemm sgemm CUDA0 1.263489 128258 40
CPU11 44.458769 128219 sgemm sgemm CUDA0 1.011762 128259 40
CPU7 44.609244 128220 sgemm sgemm CUDA0 1.008687 128260 40
CPU0 44.893754 128221 sgemm sgemm CUDA0 1.007772 128261 40
CPU18 44.253783 128222 sgemm sgemm CUDA0 1.013254 128262 40
CPU16 44.635310 128223 sgemm sgemm CUDA0 1.003375 128263 40
CPU10 44.336489 128224 sgemm sgemm CUDA0 1.200679 128264 40
CPU10 44.530017 128225 sgemm sgemm CUDA0 1.202084 128265 40
CPU0 44.548501 128226 sgemm sgemm CUDA0 1.010240 128266 40
CPU19 44.640201 128227 sgemm sgemm CUDA3 0.070957 128267 40
CPU6 44.408041 128228 sgemm sgemm CUDA3 1.378624 128268 40
CPU2 44.448339 128229 sgemm sgemm CUDA3 1.258302 128269 40
CPU5 44.267809 128230 sgemm sgemm CUDA3 1.062888 128270 40
CPU11 44.503549 128231 sgemm sgemm CUDA3 1.064618 128271 40
CPU19 44.490526 128232 sgemm sgemm CUDA2 1.351046 128272 40
CPU19 44.569274 128233 sgemm sgemm CUDA0 1.198219 128273 40
CPU13 44.588179 128237 sgemm sgemm CUDA1 1.039831 128277 40
CPU0 44.666640 128238 sgemm sgemm CUDA2 1.012176 128278 40
CPU5 44.561403 128239 sgemm sgemm CUDA2 1.261798 128279 40
CPU8 44.298229 128240 sgemm sgemm CUDA2 1.068813 128280 40
CPU4 44.567233 128241 sgemm sgemm CUDA2 1.259912 128281 40
CPU12 44.744531 128242 sgemm sgemm CUDA2 1.070912 128282 40
CPU15 44.552704 128243 sgemm sgemm CUDA0 1.111512 128283 40
CPU11 44.306994 128244 sgemm sgemm CUDA0 1.066089 128284 40
CPU19 44.553586 128245 sgemm sgemm CUDA0 1.066074 128285 40
CPU3 44.407448 128246 sgemm sgemm CUDA0 1.258108 128286 40
CPU10 44.877862 128247 sgemm sgemm CUDA0 1.071228 128287 40
CPU11 44.240935 128248 sgemm sgemm CUDA2 12.144337 128288 40
CPU13 44.741005 128249 sgemm sgemm CUDA3 1.143511 128289 40
CPU1 43.906147 128250 sgemm sgemm CUDA3 1.066396 128290 40
CPU8 44.576941 128251 sgemm sgemm CUDA2 0.136358 128291 40
CPU10 44.524165 128252 sgemm sgemm CUDA2 1.418925 128292 40
CPU2 44.620628 128253 sgemm sgemm CUDA1 1.257848 128293 40
CPU3 44.463522 128257 sgemm sgemm CUDA2 1.085580 128297 40
CPU7 44.489657 128258 sgemm sgemm CUDA2 1.030114 128298 40
CPU6 44.622809 128259 sgemm sgemm CUDA2 1.075690 128299 40
CPU8 44.140248 128260 sgemm sgemm CUDA2 1.254754 128300 40
CPU1 44.333671 128261 sgemm sgemm CUDA2 1.260874 128301 40
CPU19 44.734918 128262 sgemm sgemm CUDA1 1.237747 128302 40
CPU16 44.548917 128263 sgemm sgemm CUDA1 1.066597 128303 40
CPU18 44.641297 128264 sgemm sgemm CUDA3 1.206643 128304 40
CPU11 44.593627 128265 sgemm sgemm CUDA3 1.065907 128305 40
CPU10 44.788978 128266 sgemm sgemm CUDA1 1.068547 128306 40
CPU6 44.391916 128267 sgemm sgemm CUDA3 1.265068 128307 40
CPU10 44.812706 128268 sgemm sgemm CUDA3 1.199931 128308 40
CPU13 44.624671 128269 sgemm sgemm CUDA3 1.014333 128309 40
CPU12 44.830988 128270 sgemm sgemm CUDA1 1.068631 128310 40
CPU1 44.187488 128271 sgemm sgemm CUDA2 0.045335 128311 40
CPU19 44.550801 128272 sgemm sgemm CUDA2 1.318032 128312 40
CPU19 46.126399 128273 sgemm sgemm CUDA1 1.007360 128313 40
CPU11 32.572017 128279 strsm strsm CUDA2 12.916678 128319 40
CPU9 31.692441 128283 strsm strsm CUDA2 2.757583 128323 40
CPU14 32.821878 128287 strsm strsm CUDA2 0.380409 128327 40
CPU6 32.126534 128291 strsm strsm CUDA0 8.054619 128331 40
CPU1 32.092808 128295 strsm strsm CUDA1 2.792837 128335 40
CPU12 32.080745 128299 strsm strsm CUDA3 2.774295 128339 40
CPU16 31.464760 128303 strsm strsm CUDA3 8.193596 128343 40
CPU18 31.377090 128307 strsm strsm CUDA0 0.323441 128347 40
CPU10 32.060910 128311 strsm strsm CUDA2 1.929881 128351 40
CPU9 31.679944 128315 strsm strsm CUDA2 1.942754 128355 40
CPU0 31.783327 128319 strsm strsm CUDA3 0.346613 128359 40
CPU13 33.042454 128323 strsm strsm CUDA1 0.268931 128363 40
CPU8 32.811725 128327 strsm strsm CUDA3 2.236284 128367 40
CPU13 32.620713 128331 strsm strsm CUDA1 10.493299 128371 40
CPU13 34.046580 128335 strsm strsm CUDA3 0.186990 128375 40
CPU13 33.433890 128339 strsm strsm CUDA2 0.209588 128379 40
CPU13 33.794612 128343 strsm strsm CUDA1 2.581389 128383 40
CPU8 14.742450 128347 strtri strtri CPU -1 128387 40
CPU0 31.035803 128349 strsm strsm CUDA3 2.835973 128389 40
CPU9 30.770777 128351 strsm strsm CUDA3 2.768990 128391 40
CPU6 31.102862 128353 strsm strsm CUDA1 2.889198 128393 40
CPU3 30.293546 128355 strsm strsm CUDA1 2.789080 128395 40
CPU13 30.959757 128357 strsm strsm CUDA3 2.820421 128397 40
CPU0 32.845580 128359 strsm strsm CUDA3 2.786690 128399 40
CPU4 31.684740 128361 strsm strsm CUDA1 24.811922 128401 40
CPU1 30.467114 128363 strsm strsm CUDA3 2.206014 128403 40
CPU18 30.638573 128365 strsm strsm CUDA1 0.068796 128405 40
CPU8 30.383298 128367 strsm strsm CUDA1 16.431960 128407 40
CPU14 31.223505 128369 strsm strsm CUDA3 2.860972 128409 40
CPU11 30.376915 128371 strsm strsm CUDA2 2.898239 128411 40
CPU15 30.254141 128373 strsm strsm CUDA3 2.723379 128413 40
CPU7 31.333979 128375 strsm strsm CUDA1 2.876291 128415 40
CPU5 30.687839 128377 strsm strsm CUDA2 0.060566 128417 40
CPU12 31.084530 128379 strsm strsm CUDA1 2.890810 128419 40
CPU6 31.345720 128381 strsm strsm CUDA1 12.383054 128421 40
CPU9 30.798638 128383 strsm strsm CUDA3 2.853771 128423 40
CPU4 30.939918 128385 strsm strsm CUDA2 2.687213 128425 40
CPU1 31.901411 128387 strsm strsm CUDA3 0.099680 128427 40
CPU1 31.464782 128389 strsm strsm CUDA3 2.833601 128429 40
CPU14 30.874778 128391 strsm strsm CUDA3 2.702598 128431 40
CPU7 31.728762 128393 strsm strsm CUDA3 2.855236 128433 40
CPU11 30.734507 128395 strsm strsm CUDA3 13.147912 128435 40
CPU15 30.747979 128397 strsm strsm CUDA3 1.640171 128437 40
CPU2 30.820347 128399 strsm strsm CUDA3 2.919749 128439 40
CPU13 31.302462 128401 strsm strsm CUDA3 2.901780 128441 40
CPU19 32.052551 128403 strsm strsm CUDA3 26.450749 128443 40
CPU5 31.413215 128405 strsm strsm CUDA3 1.892604 128445 40
CPU19 31.068684 128407 strsm strsm CUDA3 2.757136 128447 40
CPU2 30.315254 128409 strsm strsm CUDA3 3.151401 128449 40
CPU19 44.510606 128411 sgemm sgemm CUDA0 1.303950 128451 40
CPU9 44.227637 128412 sgemm sgemm CUDA1 1.194083 128452 40
CPU14 44.728991 128413 sgemm sgemm CUDA1 4.851343 128453 40
CPU6 45.399069 128414 sgemm sgemm CUDA1 11.965843 128454 40
CPU1 44.598130 128415 sgemm sgemm CUDA1 1.270566 128455 40
CPU2 44.550410 128416 sgemm sgemm CUDA0 1.234215 128456 40
CPU15 44.453903 128417 sgemm sgemm CUDA0 1.220034 128457 40
CPU19 44.564548 128418 sgemm sgemm CUDA3 1.270742 128458 40
CPU19 44.563686 128419 sgemm sgemm CUDA3 1.201551 128459 40
CPU1 44.098503 128420 sgemm sgemm CUDA3 1.028917 128460 40
CPU7 44.348107 128421 sgemm sgemm CUDA3 1.220809 128461 40
CPU10 44.408199 128422 sgemm sgemm CUDA0 1.039647 128462 40
CPU13 44.488049 128423 sgemm sgemm CUDA3 1.038596 128463 40
CPU6 44.696523 128424 sgemm sgemm CUDA1 1.035408 128464 40
CPU10 44.457629 128425 sgemm sgemm CUDA0 1.225751 128465 40
CPU9 44.327771 128426 sgemm sgemm CUDA3 1.238125 128466 40
CPU7 44.384784 128427 sgemm sgemm CUDA0 1.030647 128467 40
CPU9 45.347917 128428 sgemm sgemm CUDA1 1.001660 128468 40
CPU6 44.603376 128432 sgemm sgemm CUDA3 10.796651 128472 40
CPU0 44.932594 128433 sgemm sgemm CUDA1 1.343159 128473 40
CPU7 44.965144 128434 sgemm sgemm CUDA1 1.064951 128474 40
CPU6 44.712819 128435 sgemm sgemm CUDA1 11.080125 128475 40
CPU5 44.742486 128436 sgemm sgemm CUDA1 0.066499 128476 40
CPU12 44.518506 128437 sgemm sgemm CUDA2 1.217295 128477 40
CPU16 44.447061 128438 sgemm sgemm CUDA3 0.066921 128478 40
CPU19 44.571783 128439 sgemm sgemm CUDA1 1.066304 128479 40
CPU10 44.578486 128440 sgemm sgemm CUDA3 1.380040 128480 40
CPU2 44.457420 128441 sgemm sgemm CUDA3 1.260944 128481 40
CPU10 44.808531 128442 sgemm sgemm CUDA1 1.067129 128482 40
CPU0 44.788029 128443 sgemm sgemm CUDA3 1.264141 128483 40
CPU13 44.298041 128444 sgemm sgemm CUDA3 1.259614 128484 40
CPU1 44.813747 128445 sgemm sgemm CUDA1 1.258890 128485 40
CPU10 44.453644 128446 sgemm sgemm CUDA0 1.249003 128486 40
CPU2 44.619386 128447 sgemm sgemm CUDA3 1.259786 128487 40
CPU11 44.537761 128448 sgemm sgemm CUDA0 1.259189 128488 40
CPU11 44.426408 128449 sgemm sgemm CUDA2 1.059184 128489 40
CPU13 44.436106 128453 sgemm sgemm CUDA0 1.068003 128493 40
CPU7 44.435868 128454 sgemm sgemm CUDA1 1.010458 128494 40
CPU8 44.572810 128455 sgemm sgemm CUDA1 1.261007 128495 40
CPU8 44.472147 128456 sgemm sgemm CUDA1 1.069630 128496 40
CPU4 44.716881 128457 sgemm sgemm CUDA1 1.260193 128497 40
CPU17 44.494063 128458 sgemm sgemm CUDA2 1.065456 128498 40
CPU16 44.422825 128459 sgemm sgemm CUDA0 1.260655 128499 40
CPU18 44.474101 128460 sgemm sgemm CUDA3 1.263153 128500 40
CPU10 44.490860 128461 sgemm sgemm CUDA2 1.074351 128501 40
CPU3 44.331072 128462 sgemm sgemm CUDA3 1.069485 128502 40
CPU19 44.582502 128463 sgemm sgemm CUDA3 1.070730 128503 40
CPU12 44.622713 128464 sgemm sgemm CUDA0 1.256433 128504 40
CPU5 44.568396 128465 sgemm sgemm CUDA3 1.063625 128505 40
CPU0 44.742198 128466 sgemm sgemm CUDA1 1.259057 128506 40
CPU10 44.507936 128467 sgemm sgemm CUDA0 1.259401 128507 40
CPU4 44.501914 128468 sgemm sgemm CUDA2 1.256649 128508 40
CPU8 43.970100 128469 sgemm sgemm CUDA0 12.800456 128509 40
CPU1 46.930649 128470 sgemm sgemm CUDA2 1.075708 128510 40
CPU5 44.294138 128474 sgemm sgemm CUDA0 1.258878 128514 40
CPU1 44.247222 128475 sgemm sgemm CUDA1 1.260166 128515 40
CPU0 44.427721 128476 sgemm sgemm CUDA1 1.066285 128516 40
CPU9 44.361822 128477 sgemm sgemm CUDA1 1.064990 128517 40
CPU3 44.411487 128478 sgemm sgemm CUDA1 1.065959 128518 40
CPU18 44.433386 128479 sgemm sgemm CUDA2 1.260042 128519 40
CPU15 44.466224 128480 sgemm sgemm CUDA0 1.069962 128520 40
CPU18 44.509423 128481 sgemm sgemm CUDA3 1.257822 128521 40
CPU10 44.703418 128482 sgemm sgemm CUDA2 0.045400 128522 40
CPU2 44.166007 128483 sgemm sgemm CUDA3 1.068045 128523 40
CPU10 44.792966 128484 sgemm sgemm CUDA3 1.061998 128524 40
CPU11 44.421197 128485 sgemm sgemm CUDA0 1.258962 128525 40
CPU13 44.550056 128486 sgemm sgemm CUDA3 1.261654 128526 40
CPU8 44.642695 128487 sgemm sgemm CUDA3 1.074785 128527 40
CPU19 44.601334 128488 sgemm sgemm CUDA2 1.303395 128528 40
CPU1 43.924951 128489 sgemm sgemm CUDA2 1.062446 128529 40
CPU8 44.272061 128490 sgemm sgemm CUDA0 12.279371 128530 40
CPU7 44.285362 128491 sgemm sgemm CUDA3 1.261767 128531 40
CPU6 45.019096 128495 sgemm sgemm CUDA0 1.264666 128535 40
CPU8 44.412088 128496 sgemm sgemm CUDA1 1.275396 128536 40
CPU4 44.747199 128497 sgemm sgemm CUDA1 1.081112 128537 40
CPU7 44.786726 128498 sgemm sgemm CUDA1 1.259199 128538 40
CPU0 45.294160 128499 sgemm sgemm CUDA3 1.252400 128539 40
CPU9 44.578379 128500 sgemm sgemm CUDA0 1.081469 128540 40
CPU19 44.528906 128501 sgemm sgemm CUDA3 1.277895 128541 40
CPU11 44.318841 128502 sgemm sgemm CUDA3 1.063892 128542 40
CPU19 44.529098 128503 sgemm sgemm CUDA1 1.062565 128543 40
CPU0 44.743491 128504 sgemm sgemm CUDA1 1.072984 128544 40
CPU19 44.385024 128505 sgemm sgemm CUDA3 1.066641 128545 40
CPU8 44.703317 128506 sgemm sgemm CUDA3 1.068407 128546 40
CPU13 44.279870 128507 sgemm sgemm CUDA1 1.259255 128547 40
CPU5 44.914144 128508 sgemm sgemm CUDA1 1.270387 128548 40
CPU10 44.362606 128509 sgemm sgemm CUDA0 0.291904 128549 40
CPU3 44.693500 128510 sgemm sgemm CUDA3 1.256738 128550 40
CPU8 44.637035 128511 sgemm sgemm CUDA0 1.071035 128551 40
CPU3 44.664127 128512 sgemm sgemm CUDA0 1.253083 128552 40
CPU5 44.601199 128516 sgemm sgemm CUDA3 1.071490 128556 40
CPU2 44.544859 128517 sgemm sgemm CUDA1 19.191254 128557 40
CPU5 44.747254 128518 sgemm sgemm CUDA1 1.276126 128558 40
CPU8 44.861631 128519 sgemm sgemm CUDA3 1.067367 128559 40
CPU2 44.411380 128520 sgemm sgemm CUDA3 1.289088 128560 40
CPU18 44.210109 128521 sgemm sgemm CUDA0 1.315070 128561 40
CPU16 44.478903 128522 sgemm sgemm CUDA3 1.070221 128562 40
CPU11 44.404120 128523 sgemm sgemm CUDA3 1.259794 128563 40
CPU19 44.729223 128524 sgemm sgemm CUDA2 1.410333 128564 40
CPU4 44.873886 128525 sgemm sgemm CUDA2 1.259040 128565 40
CPU10 44.435713 128526 sgemm sgemm CUDA0 1.261033 128566 40
CPU11 44.260476 128527 sgemm sgemm CUDA0 1.072215 128567 40
CPU13 44.331587 128528 sgemm sgemm CUDA1 1.226080 128568 40
CPU11 44.488504 128529 sgemm sgemm CUDA1 1.073668 128569 40
CPU10 44.331371 128530 sgemm sgemm CUDA0 1.258619 128570 40
CPU0 44.745944 128531 sgemm sgemm CUDA2 1.250549 128571 40
CPU7 44.924425 128532 sgemm sgemm CUDA0 1.253931 128572 40
CPU1 44.501459 128533 sgemm sgemm CUDA2 1.260003 128573 40
CPU5 44.563355 128537 sgemm sgemm CUDA3 1.258838 128577 40
CPU1 44.514653 128538 sgemm sgemm CUDA1 1.367798 128578 40
CPU6 44.747058 128539 sgemm sgemm CUDA3 1.258420 128579 40
CPU8 44.781045 128540 sgemm sgemm CUDA3 1.079459 128580 40
CPU1 44.724674 128541 sgemm sgemm CUDA1 1.074888 128581 40
CPU17 44.465628 128542 sgemm sgemm CUDA2 10.926357 128582 40
CPU16 44.313860 128543 sgemm sgemm CUDA3 6.975444 128583 40
CPU17 44.406231 128544 sgemm sgemm CUDA3 1.236185 128584 40
CPU11 44.181258 128545 sgemm sgemm CUDA2 0.048757 128585 40
CPU2 44.330916 128546 sgemm sgemm CUDA2 1.376714 128586 40
CPU19 44.317804 128547 sgemm sgemm CUDA3 0.052341 128587 40
CPU11 44.246267 128548 sgemm sgemm CUDA3 1.462443 128588 40
CPU13 44.287289 128549 sgemm sgemm CUDA1 1.067441 128589 40
CPU4 44.901246 128550 sgemm sgemm CUDA3 1.073081 128590 40
CPU19 44.516169 128551 sgemm sgemm CUDA2 1.062724 128591 40
CPU4 44.566697 128552 sgemm sgemm CUDA2 1.259139 128592 40
CPU8 44.681215 128553 sgemm sgemm CUDA0 1.259088 128593 40
CPU0 44.904044 128554 sgemm sgemm CUDA2 8.204040 128594 40
CPU5 44.360798 128558 sgemm sgemm CUDA3 1.044602 128598 40
CPU1 44.395444 128559 sgemm sgemm CUDA3 1.264874 128599 40
CPU2 44.369985 128560 sgemm sgemm CUDA3 1.071944 128600 40
CPU8 44.325389 128561 sgemm sgemm CUDA3 1.070638 128601 40
CPU4 44.694081 128562 sgemm sgemm CUDA1 1.035437 128602 40
CPU17 44.568845 128563 sgemm sgemm CUDA2 1.067963 128603 40
CPU10 44.674797 128564 sgemm sgemm CUDA3 1.258162 128604 40
CPU11 44.444750 128565 sgemm sgemm CUDA1 1.258184 128605 40
CPU10 44.494032 128566 sgemm sgemm CUDA2 1.080489 128606 40
CPU9 44.129747 128567 sgemm sgemm CUDA1 1.065261 128607 40
CPU2 44.337711 128568 sgemm sgemm CUDA3 1.068353 128608 40
CPU6 44.293647 128569 sgemm sgemm CUDA3 1.079015 128609 40
CPU13 44.435680 128570 sgemm sgemm CUDA3 1.067309 128610 40
CPU7 44.444437 128571 sgemm sgemm CUDA2 1.260619 128611 40
CPU10 44.629273 128572 sgemm sgemm CUDA2 1.236350 128612 40
CPU13 44.579375 128573 sgemm sgemm CUDA2 1.075563 128613 40
CPU12 44.276941 128574 sgemm sgemm CUDA0 1.305817 128614 40
CPU9 44.381765 128575 sgemm sgemm CUDA0 1.256792 128615 40
CPU5 44.347155 128579 sgemm sgemm CUDA0 1.071551 128619 40
CPU8 44.334644 128580 sgemm sgemm CUDA1 1.259859 128620 40
CPU7 44.370147 128581 sgemm sgemm CUDA1 1.071390 128621 40
CPU7 109.664888 128582 sgemm sgemm CUDA1 1.068086 128622 40
CPU3 44.382966 128583 sgemm sgemm CUDA1 1.257948 128623 40
CPU17 44.590307 128584 sgemm sgemm CUDA0 0.060814 128624 40
CPU15 44.653260 128585 sgemm sgemm CUDA0 1.317075 128625 40
CPU17 44.633486 128586 sgemm sgemm CUDA1 1.070588 128626 40
CPU10 44.484571 128587 sgemm sgemm CUDA2 1.258100 128627 40
CPU1 44.241247 128588 sgemm sgemm CUDA2 1.069915 128628 40
CPU19 44.531457 128589 sgemm sgemm CUDA3 0.050046 128629 40
CPU11 44.398715 128590 sgemm sgemm CUDA3 1.345275 128630 40
CPU11 44.644780 128591 sgemm sgemm CUDA3 1.256720 128631 40
CPU3 44.291089 128592 sgemm sgemm CUDA3 1.251438 128632 40
CPU10 44.605136 128593 sgemm sgemm CUDA2 1.070476 128633 40
CPU1 44.307833 128594 sgemm sgemm CUDA3 1.067652 128634 40
CPU6 44.651789 128595 sgemm sgemm CUDA0 1.260213 128635 40
CPU13 44.410809 128596 sgemm sgemm CUDA2 1.256582 128636 40
CPU5 44.297026 128600 sgemm sgemm CUDA3 1.391472 128640 40
CPU8 44.285968 128601 sgemm sgemm CUDA3 1.262730 128641 40
CPU4 44.591530 128602 sgemm sgemm CUDA3 1.259800 128642 40
CPU6 44.414423 128603 sgemm sgemm CUDA3 1.259402 128643 40
CPU0 44.650041 128604 sgemm sgemm CUDA3 1.076001 128644 40
CPU18 44.317528 128605 sgemm sgemm CUDA2 1.260914 128645 40
CPU16 44.574401 128606 sgemm sgemm CUDA3 1.062318 128646 40
CPU10 44.818307 128607 sgemm sgemm CUDA3 1.258559 128647 40
CPU19 44.763157 128608 sgemm sgemm CUDA2 1.063220 128648 40
CPU0 44.736582 128609 sgemm sgemm CUDA2 1.257269 128649 40
CPU10 44.655261 128610 sgemm sgemm CUDA3 1.258494 128650 40
CPU9 44.450926 128611 sgemm sgemm CUDA3 1.066652 128651 40
CPU13 44.569238 128612 sgemm sgemm CUDA3 1.069480 128652 40
CPU12 44.725993 128613 sgemm sgemm CUDA3 1.066652 128653 40
CPU19 44.594084 128614 sgemm sgemm CUDA2 1.256186 128654 40
CPU10 44.627474 128615 sgemm sgemm CUDA2 1.069792 128655 40
CPU13 44.522423 128616 sgemm sgemm CUDA0 1.076822 128656 40
CPU5 44.421487 128617 sgemm sgemm CUDA2 1.074200 128657 40
CPU5 44.497375 128621 sgemm sgemm CUDA3 1.273940 128661 40
CPU8 44.516687 128622 sgemm sgemm CUDA3 1.077751 128662 40
CPU9 44.862665 128623 sgemm sgemm CUDA3 1.073600 128663 40
CPU8 81.821867 128624 sgemm sgemm CUDA3 1.254485 128664 40
CPU2 44.383077 128625 sgemm sgemm CUDA1 1.303612 128665 40
CPU17 44.431534 128626 sgemm sgemm CUDA1 1.068897 128666 40
CPU16 44.481990 128627 sgemm sgemm CUDA3 1.336632 128667 40
CPU19 44.475381 128628 sgemm sgemm CUDA1 1.264777 128668 40
CPU11 44.254409 128629 sgemm sgemm CUDA1 1.271379 128669 40
CPU2 44.473333 128630 sgemm sgemm CUDA1 1.078802 128670 40
CPU19 44.413832 128631 sgemm sgemm CUDA3 1.065901 128671 40
CPU11 44.371452 128632 sgemm sgemm CUDA3 1.066324 128672 40
CPU13 44.462280 128633 sgemm sgemm CUDA1 1.267575 128673 40
CPU7 44.667155 128634 sgemm sgemm CUDA3 1.252875 128674 40
CPU10 44.355996 128635 sgemm sgemm CUDA2 1.078387 128675 40
CPU4 44.710801 128636 sgemm sgemm CUDA2 1.261267 128676 40
CPU8 44.582051 128637 sgemm sgemm CUDA2 1.066708 128677 40
CPU13 44.282466 128638 sgemm sgemm CUDA2 13.266821 128678 40
CPU5 44.609825 128642 sgemm sgemm CUDA2 1.071159 128682 40
CPU9 44.627769 128643 sgemm sgemm CUDA0 1.254554 128683 40
CPU1 44.786590 128644 sgemm sgemm CUDA0 1.067436 128684 40
CPU7 45.187476 128645 sgemm sgemm CUDA0 12.689100 128685 40
CPU2 44.605634 128646 sgemm sgemm CUDA1 1.391792 128686 40
CPU17 44.310493 128647 sgemm sgemm CUDA1 1.257597 128687 40
CPU15 44.331321 128648 sgemm sgemm CUDA0 1.212680 128688 40
CPU11 44.335647 128649 sgemm sgemm CUDA3 0.557350 128689 40
CPU19 44.727556 128650 sgemm sgemm CUDA3 1.264256 128690 40
CPU8 44.459971 128651 sgemm sgemm CUDA1 1.069756 128691 40
CPU3 44.581880 128652 sgemm sgemm CUDA3 1.068117 128692 40
CPU0 44.641011 128653 sgemm sgemm CUDA3 1.066450 128693 40
CPU13 44.435906 128654 sgemm sgemm CUDA3 1.254509 128694 40
CPU11 44.296725 128655 sgemm sgemm CUDA2 1.069939 128695 40
CPU10 44.363558 128656 sgemm sgemm CUDA2 1.002087 128696 40
CPU13 44.401587 128657 sgemm sgemm CUDA3 1.071384 128697 40
CPU13 44.458764 128658 sgemm sgemm CUDA0 0.042002 128698 40
CPU13 44.387150 128659 sgemm sgemm CUDA0 1.302925 128699 40
CPU5 44.663117 128663 sgemm sgemm CUDA3 1.066664 128703 40
CPU9 44.482183 128664 sgemm sgemm CUDA3 1.070934 128704 40
CPU8 44.798083 128665 sgemm sgemm CUDA3 1.070920 128705 40
CPU8 47.863806 128666 sgemm sgemm CUDA3 1.262347 128706 40
CPU0 44.914195 128667 sgemm sgemm CUDA1 1.256181 128707 40
CPU17 44.659662 128668 sgemm sgemm CUDA1 1.262441 128708 40
CPU15 44.489764 128669 sgemm sgemm CUDA3 1.072059 128709 40
CPU17 44.649182 128670 sgemm sgemm CUDA3 1.262497 128710 40
CPU10 44.403805 128671 sgemm sgemm CUDA1 1.258306 128711 40
CPU0 44.671347 128672 sgemm sgemm CUDA1 12.864563 128712 40
CPU10 44.744906 128673 sgemm sgemm CUDA3 1.065969 128713 40
CPU1 44.900386 128674 sgemm sgemm CUDA0 1.067241 128714 40
CPU13 44.333619 128675 sgemm sgemm CUDA1 12.165428 128715 40
CPU13 44.452293 128676 sgemm sgemm CUDA0 1.257631 128716 40
CPU19 44.454270 128677 sgemm sgemm CUDA0 1.258595 128717 40
CPU2 44.760668 128678 sgemm sgemm CUDA0 1.262628 128718 40
CPU8 44.661256 128679 sgemm sgemm CUDA1 1.357994 128719 40
CPU13 44.457909 128680 sgemm sgemm CUDA0 1.065832 128720 40
CPU5 44.654852 128684 sgemm sgemm CUDA0 1.231102 128724 40
CPU8 44.819337 128685 sgemm sgemm CUDA0 0.199041 128725 40
CPU0 44.946314 128686 sgemm sgemm CUDA1 21.835095 128726 40
CPU8 45.933985 128687 sgemm sgemm CUDA0 1.344593 128727 40
CPU3 44.513928 128688 sgemm sgemm CUDA1 0.072559 128728 40
CPU18 44.139937 128689 sgemm sgemm CUDA0 1.083268 128729 40
CPU16 44.339896 128690 sgemm sgemm CUDA0 21.281208 128730 40
CPU10 44.598407 128691 sgemm sgemm CUDA1 1.318093 128731 40
CPU11 44.494041 128692 sgemm sgemm CUDA1 1.068619 128732 40
CPU5 44.329873 128693 sgemm sgemm CUDA1 1.316990 128733 40
CPU7 44.892652 128694 sgemm sgemm CUDA1 1.257328 128734 40
CPU11 44.128622 128695 sgemm sgemm CUDA0 1.313415 128735 40
CPU13 44.456568 128696 sgemm sgemm CUDA3 1.065997 128736 40
CPU6 44.943487 128697 sgemm sgemm CUDA3 1.064604 128737 40
CPU10 44.282769 128698 sgemm sgemm CUDA0 1.257640 128738 40
CPU4 44.888779 128699 sgemm sgemm CUDA0 1.198442 128739 40
CPU7 44.837799 128700 sgemm sgemm CUDA1 1.261693 128740 40
CPU3 44.682884 128701 sgemm sgemm CUDA1 1.069734 128741 40
CPU5 44.601822 128705 sgemm sgemm CUDA2 1.021671 128745 40
CPU0 44.956658 128706 sgemm sgemm CUDA0 0.084416 128746 40
CPU9 45.162190 128707 sgemm sgemm CUDA0 1.378763 128747 40
CPU6 44.731401 128708 sgemm sgemm CUDA0 1.068946 128748 40
CPU1 44.463919 128709 sgemm sgemm CUDA1 1.082103 128749 40
CPU17 44.401047 128710 sgemm sgemm CUDA1 1.068430 128750 40
CPU15 44.353653 128711 sgemm sgemm CUDA0 1.074206 128751 40
CPU11 44.208183 128712 sgemm sgemm CUDA1 1.066089 128752 40
CPU19 44.597194 128713 sgemm sgemm CUDA3 1.066209 128753 40
CPU4 44.616723 128714 sgemm sgemm CUDA1 1.262681 128754 40
CPU10 44.505437 128715 sgemm sgemm CUDA3 1.267932 128755 40
CPU13 44.511146 128716 sgemm sgemm CUDA0 1.257997 128756 40
CPU13 44.362893 128717 sgemm sgemm CUDA3 1.255871 128757 40
CPU3 44.654784 128718 sgemm sgemm CUDA1 12.214234 128758 40
CPU10 44.389088 128719 sgemm sgemm CUDA2 12.178469 128759 40
CPU3 44.664944 128720 sgemm sgemm CUDA0 1.065627 128760 40
CPU8 44.623920 128721 sgemm sgemm CUDA0 1.255465 128761 40
CPU13 44.454053 128722 sgemm sgemm CUDA2 3.024239 128762 40
CPU5 44.377422 128726 sgemm sgemm CUDA1 1.377647 128766 40
CPU2 44.325927 128727 sgemm sgemm CUDA1 0.063656 128767 40
CPU8 44.927345 128728 sgemm sgemm CUDA1 1.257468 128768 40
CPU1 44.590428 128729 sgemm sgemm CUDA3 1.259741 128769 40
CPU9 44.282706 128730 sgemm sgemm CUDA3 1.256966 128770 40
CPU17 44.505425 128731 sgemm sgemm CUDA1 1.063196 128771 40
CPU18 44.463882 128732 sgemm sgemm CUDA3 1.264969 128772 40
CPU18 44.377626 128733 sgemm sgemm CUDA1 1.067677 128773 40
CPU10 44.525160 128734 sgemm sgemm CUDA3 1.259883 128774 40
CPU0 44.761305 128735 sgemm sgemm CUDA1 1.256424 128775 40
CPU19 44.595204 128736 sgemm sgemm CUDA3 1.260954 128776 40
CPU13 44.422027 128737 sgemm sgemm CUDA0 1.255270 128777 40
CPU13 44.466523 128738 sgemm sgemm CUDA2 1.260124 128778 40
CPU9 44.429639 128739 sgemm sgemm CUDA0 1.260831 128779 40
CPU19 44.637507 128740 sgemm sgemm CUDA2 1.062179 128780 40
CPU0 44.593834 128741 sgemm sgemm CUDA0 1.071903 128781 40
CPU8 44.459316 128742 sgemm sgemm CUDA2 1.068693 128782 40
CPU13 44.484524 128743 sgemm sgemm CUDA0 1.066821 128783 40
CPU5 44.718434 128747 sgemm sgemm CUDA1 0.078809 128787 40
CPU7 44.790193 128748 sgemm sgemm CUDA1 1.071970 128788 40
CPU3 44.795663 128749 sgemm sgemm CUDA3 1.251696 128789 40
CPU7 44.898193 128750 sgemm sgemm CUDA3 1.257834 128790 40
CPU3 44.312195 128751 sgemm sgemm CUDA3 1.259854 128791 40
CPU18 44.255806 128752 sgemm sgemm CUDA1 1.261036 128792 40
CPU16 44.475944 128753 sgemm sgemm CUDA3 1.257712 128793 40
CPU10 44.436556 128754 sgemm sgemm CUDA1 5.029839 128794 40
CPU10 44.647062 128755 sgemm sgemm CUDA2 1.141194 128795 40
CPU0 44.567683 128756 sgemm sgemm CUDA2 1.261415 128796 40
CPU19 44.505615 128757 sgemm sgemm CUDA3 1.257803 128797 40
CPU13 44.337970 128758 sgemm sgemm CUDA3 1.255595 128798 40
CPU13 44.386230 128759 sgemm sgemm CUDA3 1.255845 128799 40
CPU7 45.065337 128760 sgemm sgemm CUDA3 1.259275 128800 40
CPU10 44.268163 128761 sgemm sgemm CUDA2 1.259923 128801 40
CPU13 44.537524 128762 sgemm sgemm CUDA2 1.062390 128802 40
CPU13 44.529624 128763 sgemm sgemm CUDA2 1.257030 128803 40
CPU13 44.728410 128764 sgemm sgemm CUDA2 0.252724 128804 40
CPU5 44.376462 128768 sgemm sgemm CUDA3 6.400100 128808 40
CPU9 44.322231 128769 sgemm sgemm CUDA3 0.060776 128809 40
CPU2 44.806651 128770 sgemm sgemm CUDA3 1.380636 128810 40
CPU7 45.000387 128771 sgemm sgemm CUDA3 1.065333 128811 40
CPU3 44.562998 128772 sgemm sgemm CUDA3 1.068487 128812 40
CPU18 44.509477 128773 sgemm sgemm CUDA0 1.217335 128813 40
CPU16 44.473278 128774 sgemm sgemm CUDA3 1.070069 128814 40
CPU11 44.279482 128775 sgemm sgemm CUDA3 1.257803 128815 40
CPU10 44.490674 128776 sgemm sgemm CUDA3 1.259328 128816 40
CPU7 44.753689 128777 sgemm sgemm CUDA2 1.064864 128817 40
CPU5 44.460878 128778 sgemm sgemm CUDA1 1.404333 128818 40
CPU1 44.596928 128779 sgemm sgemm CUDA0 1.250011 128819 40
CPU13 44.431768 128780 sgemm sgemm CUDA1 1.064213 128820 40
CPU0 45.003853 128781 sgemm sgemm CUDA1 1.068184 128821 40
CPU10 44.365320 128782 sgemm sgemm CUDA0 1.257467 128822 40
CPU1 44.612579 128783 sgemm sgemm CUDA3 1.066850 128823 40
CPU6 44.663525 128784 sgemm sgemm CUDA0 1.068839 128824 40
CPU11 44.355054 128785 sgemm sgemm CUDA2 1.261303 128825 40
CPU5 44.304742 128789 sgemm sgemm CUDA3 1.279732 128829 40
CPU9 44.315856 128790 sgemm sgemm CUDA3 1.260905 128830 40
CPU9 44.552306 128791 sgemm sgemm CUDA3 1.255772 128831 40
CPU8 44.777126 128792 sgemm sgemm CUDA3 1.061110 128832 40
CPU2 44.389740 128793 sgemm sgemm CUDA3 1.266501 128833 40
CPU17 44.519308 128794 sgemm sgemm CUDA2 0.049186 128834 40
CPU15 44.458929 128795 sgemm sgemm CUDA3 1.063154 128835 40
CPU18 44.552504 128796 sgemm sgemm CUDA3 1.260646 128836 40
CPU19 44.652384 128797 sgemm sgemm CUDA2 1.309061 128837 40
CPU3 44.139096 128798 sgemm sgemm CUDA1 1.336987 128838 40
CPU19 44.747440 128799 sgemm sgemm CUDA0 1.061524 128839 40
CPU6 44.516112 128800 sgemm sgemm CUDA2 11.910610 128840 40
CPU11 44.843589 128801 sgemm sgemm CUDA2 0.951565 128841 40
CPU13 44.768760 128802 sgemm sgemm CUDA1 1.070102 128842 40
CPU19 44.749866 128803 sgemm sgemm CUDA2 4.416156 128843 40
CPU4 43.961157 128804 sgemm sgemm CUDA0 1.066222 128844 40
CPU8 44.198442 128805 sgemm sgemm CUDA2 1.254720 128845 40
CPU13 47.005761 128806 sgemm sgemm CUDA1 1.261867 128846 40
CPU5 44.415686 128810 sgemm sgemm CUDA3 1.254275 128850 40
CPU1 44.363151 128811 sgemm sgemm CUDA3 1.061395 128851 40
CPU4 44.494140 128812 sgemm sgemm CUDA3 1.257218 128852 40
CPU8 44.933060 128813 sgemm sgemm CUDA0 0.934851 128853 40
CPU2 44.563129 128814 sgemm sgemm CUDA3 1.071492 128854 40
CPU17 44.459947 128815 sgemm sgemm CUDA1 12.047404 128855 40
CPU16 44.353836 128816 sgemm sgemm CUDA3 0.324763 128856 40
CPU17 44.541780 128817 sgemm sgemm CUDA1 1.363191 128857 40
CPU19 44.529614 128818 sgemm sgemm CUDA1 1.066477 128858 40
CPU4 44.464770 128819 sgemm sgemm CUDA1 1.257533 128859 40
CPU6 44.505689 128820 sgemm sgemm CUDA0 1.068817 128860 40
CPU11 44.768648 128821 sgemm sgemm CUDA0 12.603916 128861 40
CPU13 44.360615 128822 sgemm sgemm CUDA3 2.253087 128862 40
CPU11 44.276395 128823 sgemm sgemm CUDA0 0.791416 128863 40
CPU10 44.344449 128824 sgemm sgemm CUDA2 5.424445 128864 40
CPU13 44.670363 128825 sgemm sgemm CUDA2 0.139445 128865 40
CPU13 44.554040 128826 sgemm sgemm CUDA2 1.524387 128866 40
CPU13 46.523618 128827 sgemm sgemm CUDA0 1.056171 128867 40
CPU1 44.817781 128831 sgemm sgemm CUDA0 1.066540 128871 40
CPU0 45.060547 128832 sgemm sgemm CUDA0 6.772328 128872 40
CPU2 44.953647 128833 sgemm sgemm CUDA0 0.163632 128873 40
CPU6 44.800175 128834 sgemm sgemm CUDA0 5.962131 128874 40
CPU2 44.793030 128835 sgemm sgemm CUDA1 1.253485 128875 40
CPU17 44.452794 128836 sgemm sgemm CUDA1 12.785935 128876 40
CPU16 44.382611 128837 sgemm sgemm CUDA1 0.039747 128877 40
CPU17 44.424317 128838 sgemm sgemm CUDA1 1.375307 128878 40
CPU11 44.394457 128839 sgemm sgemm CUDA0 0.041871 128879 40
CPU3 44.613976 128840 sgemm sgemm CUDA1 1.269756 128880 40
CPU19 44.449479 128841 sgemm sgemm CUDA0 1.279624 128881 40
CPU2 44.651082 128842 sgemm sgemm CUDA0 1.069234 128882 40
CPU0 44.957943 128843 sgemm sgemm CUDA2 0.062496 128883 40
CPU19 44.588094 128844 sgemm sgemm CUDA1 1.078839 128884 40
CPU13 44.630487 128845 sgemm sgemm CUDA2 1.312010 128885 40
CPU4 44.902980 128846 sgemm sgemm CUDA2 1.070169 128886 40
CPU8 44.759946 128847 sgemm sgemm CUDA0 1.064506 128887 40
CPU13 44.570062 128848 sgemm sgemm CUDA0 1.068082 128888 40
CPU3 44.702438 128852 sgemm sgemm CUDA3 1.260657 128892 40
CPU2 44.279083 128853 sgemm sgemm CUDA3 1.258043 128893 40
CPU2 45.762638 128854 sgemm sgemm CUDA3 1.072576 128894 40
CPU8 45.027170 128855 sgemm sgemm CUDA3 1.265468 128895 40
CPU1 44.699587 128856 sgemm sgemm CUDA3 1.259170 128896 40
CPU17 44.512243 128857 sgemm sgemm CUDA3 1.070395 128897 40
CPU16 44.492638 128858 sgemm sgemm CUDA3 1.063111 128898 40
CPU10 44.422079 128859 sgemm sgemm CUDA3 1.066408 128899 40
CPU10 44.479785 128860 sgemm sgemm CUDA0 1.228405 128900 40
CPU3 44.596579 128861 sgemm sgemm CUDA0 1.257300 128901 40
CPU19 44.473181 128862 sgemm sgemm CUDA0 1.260782 128902 40
CPU1 44.820255 128863 sgemm sgemm CUDA0 1.064718 128903 40
CPU1 44.874296 128864 sgemm sgemm CUDA3 1.065792 128904 40
CPU8 44.787199 128865 sgemm sgemm CUDA0 1.272383 128905 40
CPU10 44.335717 128866 sgemm sgemm CUDA2 7.178861 128906 40
CPU2 44.690220 128867 sgemm sgemm CUDA2 0.072564 128907 40
CPU7 44.870022 128868 sgemm sgemm CUDA2 1.337588 128908 40
CPU0 47.464628 128869 sgemm sgemm CUDA1 0.126888 128909 40
CPU0 44.971766 128873 sgemm sgemm CUDA3 1.280580 128913 40
CPU8 44.602035 128874 sgemm sgemm CUDA3 1.062790 128914 40
CPU0 44.997015 128875 sgemm sgemm CUDA3 1.067195 128915 40
CPU7 44.979640 128876 sgemm sgemm CUDA3 1.071092 128916 40
CPU3 44.396613 128877 sgemm sgemm CUDA3 1.069670 128917 40
CPU18 44.217178 128878 sgemm sgemm CUDA1 1.398979 128918 40
CPU15 44.415640 128879 sgemm sgemm CUDA3 1.257880 128919 40
CPU19 44.272551 128880 sgemm sgemm CUDA1 10.310449 128920 40
CPU10 44.467693 128881 sgemm sgemm CUDA1 0.045770 128921 40
CPU3 44.519431 128882 sgemm sgemm CUDA3 1.255511 128922 40
CPU19 44.439539 128883 sgemm sgemm CUDA3 1.259379 128923 40
CPU10 44.312318 128884 sgemm sgemm CUDA1 1.321490 128924 40
CPU9 44.850129 128885 sgemm sgemm CUDA1 1.066827 128925 40
CPU5 44.454257 128886 sgemm sgemm CUDA3 14.133440 128926 40
CPU19 44.602700 128887 sgemm sgemm CUDA1 1.069159 128927 40
CPU4 44.721368 128888 sgemm sgemm CUDA2 1.251285 128928 40
CPU8 44.586410 128889 sgemm sgemm CUDA1 1.063052 128929 40
CPU0 44.689123 128890 sgemm sgemm CUDA1 1.062620 128930 40
CPU5 44.221539 128894 sgemm sgemm CUDA3 1.415345 128934 40
CPU2 44.172912 128895 sgemm sgemm CUDA3 1.259196 128935 40
CPU4 44.488415 128896 sgemm sgemm CUDA3 1.069648 128936 40
CPU7 44.482565 128897 sgemm sgemm CUDA3 1.064451 128937 40
CPU2 44.303631 128898 sgemm sgemm CUDA3 1.067714 128938 40
CPU18 44.494952 128899 sgemm sgemm CUDA2 1.266355 128939 40
CPU16 44.690696 128900 sgemm sgemm CUDA1 1.225525 128940 40
CPU11 44.522734 128901 sgemm sgemm CUDA1 1.257151 128941 40
CPU11 44.703054 128902 sgemm sgemm CUDA2 1.258049 128942 40
CPU7 44.475956 128903 sgemm sgemm CUDA2 1.258643 128943 40
CPU11 44.557454 128904 sgemm sgemm CUDA1 1.260096 128944 40
CPU10 44.658460 128905 sgemm sgemm CUDA1 1.066381 128945 40
CPU7 44.376281 128906 sgemm sgemm CUDA3 7.943147 128946 40
CPU11 44.583429 128907 sgemm sgemm CUDA1 1.073718 128947 40
CPU13 44.876503 128908 sgemm sgemm CUDA2 1.255790 128948 40
CPU3 44.334040 128909 sgemm sgemm CUDA2 1.257520 128949 40
CPU8 44.113760 128910 sgemm sgemm CUDA1 1.262029 128950 40
CPU13 44.786814 128911 sgemm sgemm CUDA2 1.071203 128951 40
CPU4 44.429651 128915 sgemm sgemm CUDA3 1.063621 128955 40
CPU9 44.129299 128916 sgemm sgemm CUDA3 1.066912 128956 40
CPU5 44.488326 128917 sgemm sgemm CUDA3 1.259652 128957 40
CPU7 44.618489 128918 sgemm sgemm CUDA3 1.255690 128958 40
CPU2 44.375000 128919 sgemm sgemm CUDA3 1.262908 128959 40
CPU18 44.518493 128920 sgemm sgemm CUDA2 1.067124 128960 40
CPU15 44.644693 128921 sgemm sgemm CUDA3 1.075622 128961 40
CPU11 44.409104 128922 sgemm sgemm CUDA3 1.069389 128962 40
CPU19 44.670503 128923 sgemm sgemm CUDA0 1.069007 128963 40
CPU2 44.111533 128924 sgemm sgemm CUDA0 1.062599 128964 40
CPU19 44.608879 128925 sgemm sgemm CUDA0 1.065563 128965 40
CPU13 44.728106 128926 sgemm sgemm CUDA2 1.063657 128966 40
CPU6 44.373544 128927 sgemm sgemm CUDA3 1.066588 128967 40
CPU10 44.886804 128928 sgemm sgemm CUDA0 1.069924 128968 40
CPU10 44.587631 128929 sgemm sgemm CUDA1 1.071248 128969 40
CPU0 44.362441 128930 sgemm sgemm CUDA2 1.072535 128970 40
CPU6 44.448047 128931 sgemm sgemm CUDA1 1.259083 128971 40
CPU13 47.037593 128932 sgemm sgemm CUDA1 1.259606 128972 40
CPU2 44.368726 128936 sgemm sgemm CUDA3 10.883596 128976 40
CPU7 44.384350 128937 sgemm sgemm CUDA0 1.226843 128977 40
CPU6 44.488360 128938 sgemm sgemm CUDA0 1.262239 128978 40
CPU8 44.449634 128939 sgemm sgemm CUDA0 1.333766 128979 40
CPU3 44.374979 128940 sgemm sgemm CUDA0 1.249088 128980 40
CPU17 44.441337 128941 sgemm sgemm CUDA3 0.059000 128981 40
CPU17 44.525015 128942 sgemm sgemm CUDA3 1.062311 128982 40
CPU11 44.363716 128943 sgemm sgemm CUDA3 1.066632 128983 40
CPU19 44.550507 128944 sgemm sgemm CUDA0 1.096139 128984 40
CPU1 44.631919 128945 sgemm sgemm CUDA0 1.071111 128985 40
CPU19 44.372249 128946 sgemm sgemm CUDA0 1.263612 128986 40
CPU6 44.830225 128947 sgemm sgemm CUDA0 1.069625 128987 40
CPU13 44.500663 128948 sgemm sgemm CUDA3 1.264476 128988 40
CPU12 44.423366 128949 sgemm sgemm CUDA0 1.067904 128989 40
CPU10 44.441994 128950 sgemm sgemm CUDA1 1.069579 128990 40
CPU1 44.460041 128951 sgemm sgemm CUDA3 1.264637 128991 40
CPU8 44.366517 128952 sgemm sgemm CUDA1 1.066353 128992 40
CPU4 45.631716 128953 sgemm sgemm CUDA1 1.066215 128993 40
CPU5 44.418158 128957 sgemm sgemm CUDA3 12.602801 128997 40
CPU0 44.633366 128958 sgemm sgemm CUDA3 12.267009 128998 40
CPU7 44.696908 128959 sgemm sgemm CUDA2 1.302827 128999 40
CPU6 44.445298 128960 sgemm sgemm CUDA2 0.047302 129000 40
CPU0 44.536658 128961 sgemm sgemm CUDA2 1.303325 129001 40
CPU17 44.517232 128962 sgemm sgemm CUDA2 1.071777 129002 40
CPU16 44.466742 128963 sgemm sgemm CUDA1 12.183821 129003 40
CPU19 44.498775 128964 sgemm sgemm CUDA1 0.053405 129004 40
CPU11 44.581165 128965 sgemm sgemm CUDA2 1.257373 129005 40
CPU1 44.335745 128966 sgemm sgemm CUDA0 1.208742 129006 40
CPU10 44.545382 128967 sgemm sgemm CUDA0 0.054008 129007 40
CPU11 44.571224 128968 sgemm sgemm CUDA2 1.253248 129008 40
CPU13 44.492013 128969 sgemm sgemm CUDA3 0.058356 129009 40
CPU3 44.239735 128970 sgemm sgemm CUDA1 1.319567 129010 40
CPU19 44.708662 128971 sgemm sgemm CUDA0 1.324162 129011 40
CPU4 44.080179 128972 sgemm sgemm CUDA3 0.056806 129012 40
CPU8 44.178259 128973 sgemm sgemm CUDA0 1.077194 129013 40
CPU12 44.505521 128974 sgemm sgemm CUDA1 1.072074 129014 40
CPU1 44.652518 128978 sgemm sgemm CUDA3 1.255053 129018 40
CPU0 44.754796 128979 sgemm sgemm CUDA3 1.067706 129019 40
CPU10 44.366869 128980 sgemm sgemm CUDA2 1.068886 129020 40
CPU8 44.815939 128981 sgemm sgemm CUDA2 1.261142 129021 40
CPU1 44.427608 128982 sgemm sgemm CUDA3 1.255736 129022 40
CPU17 44.584658 128983 sgemm sgemm CUDA3 1.069157 129023 40
CPU16 44.613960 128984 sgemm sgemm CUDA3 1.075195 129024 40
CPU11 44.360299 128985 sgemm sgemm CUDA3 1.063802 129025 40
CPU10 44.389527 128986 sgemm sgemm CUDA0 1.081914 129026 40
CPU4 44.678010 128987 sgemm sgemm CUDA0 1.065243 129027 40
CPU10 44.708426 128988 sgemm sgemm CUDA0 1.071079 129028 40
CPU7 44.727695 128989 sgemm sgemm CUDA0 1.066231 129029 40
CPU12 44.213549 128990 sgemm sgemm CUDA3 1.070653 129030 40
CPU9 44.619421 128991 sgemm sgemm CUDA0 12.270535 129031 40
CPU10 44.373141 128992 sgemm sgemm CUDA2 1.254063 129032 40
CPU4 44.705524 128993 sgemm sgemm CUDA2 1.256257 129033 40
CPU7 44.623459 128994 sgemm sgemm CUDA0 0.162552 129034 40
CPU6 44.569273 128995 sgemm sgemm CUDA2 1.262434 129035 40
CPU5 44.559223 128999 sgemm sgemm CUDA0 0.044087 129039 40
CPU7 44.619319 129000 sgemm sgemm CUDA0 1.238627 129040 40
CPU11 44.383503 129001 sgemm sgemm CUDA0 1.069872 129041 40
CPU7 44.919395 129002 sgemm sgemm CUDA0 1.067992 129042 40
CPU0 45.024945 129003 sgemm sgemm CUDA0 1.260085 129043 40
CPU18 44.226577 129004 sgemm sgemm CUDA0 1.260158 129044 40
CPU16 44.440848 129005 sgemm sgemm CUDA3 1.262292 129045 40
CPU10 44.415288 129006 sgemm sgemm CUDA0 1.238556 129046 40
CPU10 44.592461 129007 sgemm sgemm CUDA0 0.046938 129047 40
CPU0 44.799851 129008 sgemm sgemm CUDA0 1.240741 129048 40
CPU19 44.583647 129009 sgemm sgemm CUDA3 0.042766 129049 40
CPU6 44.894689 129010 sgemm sgemm CUDA3 1.238344 129050 40
CPU10 44.465661 129011 sgemm sgemm CUDA3 1.006872 129051 40
CPU5 44.636103 129012 sgemm sgemm CUDA3 1.206828 129052 40
CPU10 44.459180 129013 sgemm sgemm CUDA0 1.200868 129053 40
CPU2 44.737747 129014 sgemm sgemm CUDA0 1.259524 129054 40
CPU8 44.680903 129015 sgemm sgemm CUDA0 1.250612 129055 40
CPU19 46.582997 129016 sgemm sgemm CUDA0 1.199301 129056 40
CPU2 44.518007 129020 sgemm sgemm CUDA3 11.234329 129060 40
CPU0 44.867961 129021 sgemm sgemm CUDA2 10.404721 129061 40
CPU5 44.432107 129022 sgemm sgemm CUDA2 1.366780 129062 40
CPU8 44.587765 129023 sgemm sgemm CUDA2 0.059190 129063 40
CPU4 44.838477 129024 sgemm sgemm CUDA2 1.366762 129064 40
CPU12 44.803283 129025 sgemm sgemm CUDA2 1.257394 129065 40
CPU15 44.549048 129026 sgemm sgemm CUDA3 1.309372 129066 40
CPU10 44.734192 129027 sgemm sgemm CUDA3 1.254865 129067 40
CPU19 44.675725 129028 sgemm sgemm CUDA0 1.316400 129068 40
CPU2 44.242295 129029 sgemm sgemm CUDA0 1.318928 129069 40
CPU10 44.758688 129030 sgemm sgemm CUDA0 1.079954 129070 40
CPU11 44.248376 129031 sgemm sgemm CUDA0 1.074515 129071 40
CPU9 44.674167 129032 sgemm sgemm CUDA3 0.044663 129072 40
CPU1 44.744198 129033 sgemm sgemm CUDA0 1.264464 129073 40
CPU19 44.531420 129034 sgemm sgemm CUDA2 13.068683 129074 40
CPU4 44.666495 129035 sgemm sgemm CUDA0 1.257826 129075 40
CPU8 44.455807 129036 sgemm sgemm CUDA1 0.048847 129076 40
CPU13 44.702081 129037 sgemm sgemm CUDA1 1.287585 129077 40
CPU1 44.455297 129041 sgemm sgemm CUDA3 1.258708 129081 40
CPU7 44.514897 129042 sgemm sgemm CUDA2 0.039863 129082 40
CPU6 44.472321 129043 sgemm sgemm CUDA2 1.202603 129083 40
CPU7 44.477629 129044 sgemm sgemm CUDA2 1.004360 129084 40
CPU9 44.103617 129045 sgemm sgemm CUDA2 1.200703 129085 40
CPU19 44.830480 129046 sgemm sgemm CUDA1 1.066474 129086 40
CPU16 44.908496 129047 sgemm sgemm CUDA1 0.041130 129087 40
CPU18 44.611171 129048 sgemm sgemm CUDA3 1.072442 129088 40
CPU11 44.668064 129049 sgemm sgemm CUDA1 1.264176 129089 40
CPU10 44.672298 129050 sgemm sgemm CUDA1 1.068386 129090 40
CPU6 44.333863 129051 sgemm sgemm CUDA3 0.040894 129091 40
CPU10 44.610288 129052 sgemm sgemm CUDA1 1.069384 129092 40
CPU11 44.629660 129053 sgemm sgemm CUDA3 1.304522 129093 40
CPU12 44.796376 129054 sgemm sgemm CUDA1 1.259531 129094 40
CPU10 44.675127 129055 sgemm sgemm CUDA2 1.202606 129095 40
CPU3 44.489988 129056 sgemm sgemm CUDA2 1.005490 129096 40
CPU6 44.448566 129057 sgemm sgemm CUDA1 1.064227 129097 40
CPU13 46.794087 129058 sgemm sgemm CUDA1 1.259455 129098 40
CPU2 32.843280 129064 strsm strsm CUDA3 2.725286 129104 40
CPU9 31.678144 129068 strsm strsm CUDA3 0.398292 129108 40
CPU14 32.200386 129072 strsm strsm CUDA2 0.513096 129112 40
CPU7 32.527390 129076 strsm strsm CUDA3 11.190932 129116 40
CPU9 32.251787 129080 strsm strsm CUDA1 11.260401 129120 40
CPU12 32.248164 129084 strsm strsm CUDA1 2.811593 129124 40
CPU15 31.619157 129088 strsm strsm CUDA1 2.751685 129128 40
CPU11 31.686347 129092 strsm strsm CUDA1 2.726294 129132 40
CPU11 31.774885 129096 strsm strsm CUDA2 2.717099 129136 40
CPU7 32.039296 129100 strsm strsm CUDA1 2.937109 129140 40
CPU5 31.646437 129104 strsm strsm CUDA3 2.600925 129144 40
CPU13 32.271625 129108 strsm strsm CUDA2 0.236211 129148 40
CPU9 32.743285 129112 strsm strsm CUDA3 1.516428 129152 40
CPU11 31.618977 129116 strsm strsm CUDA1 0.491380 129156 40
CPU13 32.388128 129120 strsm strsm CUDA2 1.680284 129160 40
CPU13 32.115047 129124 strsm strsm CUDA0 0.362000 129164 40
CPU13 33.089626 129128 strsm strsm CUDA2 1.822907 129168 40
CPU13 33.519782 129132 strsm strsm CUDA0 11.194815 129172 40
CPU1 15.025925 129136 strtri strtri CPU -1 129176 40
CPU9 30.537255 129138 strsm strsm CUDA2 2.859002 129178 40
CPU5 30.828283 129140 strsm strsm CUDA3 2.824334 129180 40
CPU1 30.473979 129142 strsm strsm CUDA2 3.132078 129182 40
CPU13 31.421824 129144 strsm strsm CUDA2 13.216586 129184 40
CPU0 31.597121 129146 strsm strsm CUDA3 2.794601 129186 40
CPU4 31.223546 129148 strsm strsm CUDA3 3.108191 129188 40
CPU8 30.250048 129150 strsm strsm CUDA2 2.840131 129190 40
CPU19 31.480692 129152 strsm strsm CUDA3 2.782223 129192 40
CPU8 30.236747 129154 strsm strsm CUDA2 2.850163 129194 40
CPU14 32.125684 129156 strsm strsm CUDA3 2.824448 129196 40
CPU2 30.834558 129158 strsm strsm CUDA3 2.982613 129198 40
CPU18 30.284196 129160 strsm strsm CUDA3 2.786365 129200 40
CPU2 30.924780 129162 strsm strsm CUDA3 11.613260 129202 40
CPU10 31.008411 129164 strsm strsm CUDA2 2.845766 129204 40
CPU11 30.789148 129166 strsm strsm CUDA3 2.883065 129206 40
CPU6 31.306737 129168 strsm strsm CUDA2 2.741092 129208 40
CPU3 30.709716 129170 strsm strsm CUDA2 2.840680 129210 40
CPU4 30.792929 129172 strsm strsm CUDA2 2.972036 129212 40
CPU0 31.935443 129174 strsm strsm CUDA2 2.859690 129214 40
CPU8 30.849772 129176 strsm strsm CUDA2 0.276319 129216 40
CPU14 30.950440 129178 strsm strsm CUDA3 3.185169 129218 40
CPU4 31.208661 129180 strsm strsm CUDA3 2.827080 129220 40
CPU11 30.796124 129182 strsm strsm CUDA2 2.717271 129222 40
CPU15 30.873450 129184 strsm strsm CUDA2 2.799387 129224 40
CPU2 30.751129 129186 strsm strsm CUDA2 14.545604 129226 40
CPU13 31.342772 129188 strsm strsm CUDA2 2.687950 129228 40
CPU19 31.104099 129190 strsm strsm CUDA2 2.796066 129230 40
CPU2 30.895900 129192 strsm strsm CUDA2 2.763606 129232 40
CPU19 31.499857 129194 strsm strsm CUDA2 0.049266 129234 40
CPU4 30.668716 129196 strsm strsm CUDA2 2.837887 129236 40
CPU6 44.669058 129198 sgemm sgemm CUDA3 1.200818 129238 40
CPU0 45.143571 129199 sgemm sgemm CUDA1 1.306921 129239 40
CPU14 44.674442 129200 sgemm sgemm CUDA1 1.207921 129240 40
CPU6 44.721246 129201 sgemm sgemm CUDA1 1.219342 129241 40
CPU5 44.646381 129202 sgemm sgemm CUDA1 1.025652 129242 40
CPU12 44.592332 129203 sgemm sgemm CUDA2 0.052461 129243 40
CPU15 44.315146 129204 sgemm sgemm CUDA3 1.222604 129244 40
CPU19 44.483575 129205 sgemm sgemm CUDA3 1.032511 129245 40
CPU19 44.540386 129206 sgemm sgemm CUDA3 1.235695 129246 40
CPU1 44.391055 129207 sgemm sgemm CUDA3 1.238114 129247 40
CPU7 44.608298 129208 sgemm sgemm CUDA3 1.232893 129248 40
CPU0 44.557755 129209 sgemm sgemm CUDA3 1.223293 129249 40
CPU11 44.254575 129210 sgemm sgemm CUDA3 1.046613 129250 40
CPU1 44.522529 129211 sgemm sgemm CUDA1 1.048164 129251 40
CPU10 44.456883 129212 sgemm sgemm CUDA0 1.256076 129252 40
CPU2 44.505104 129213 sgemm sgemm CUDA3 1.240656 129253 40
CPU11 44.644954 129214 sgemm sgemm CUDA0 1.020938 129254 40
CPU11 44.517068 129215 sgemm sgemm CUDA2 1.043355 129255 40
CPU2 44.475851 129216 sgemm sgemm CUDA0 1.907691 129256 40
CPU10 44.328501 129220 sgemm sgemm CUDA3 1.261572 129260 40
CPU7 44.726686 129221 sgemm sgemm CUDA1 1.250463 129261 40
CPU14 44.441472 129222 sgemm sgemm CUDA1 1.263120 129262 40
CPU8 44.782237 129223 sgemm sgemm CUDA1 9.337152 129263 40
CPU9 44.631590 129224 sgemm sgemm CUDA1 0.049474 129264 40
CPU3 44.753039 129225 sgemm sgemm CUDA2 0.495125 129265 40
CPU16 44.278335 129226 sgemm sgemm CUDA3 1.069266 129266 40
CPU18 44.430467 129227 sgemm sgemm CUDA3 1.285716 129267 40
CPU19 44.524965 129228 sgemm sgemm CUDA2 1.277163 129268 40
CPU3 44.378662 129229 sgemm sgemm CUDA3 1.272107 129269 40
CPU4 44.481500 129230 sgemm sgemm CUDA3 1.070448 129270 40
CPU12 44.473169 129231 sgemm sgemm CUDA0 1.296284 129271 40
CPU5 44.760659 129232 sgemm sgemm CUDA3 1.076113 129272 40
CPU0 45.065915 129233 sgemm sgemm CUDA1 1.312016 129273 40
CPU19 44.525840 129234 sgemm sgemm CUDA0 0.044879 129274 40
CPU9 44.400057 129235 sgemm sgemm CUDA2 1.069723 129275 40
CPU7 44.642463 129236 sgemm sgemm CUDA0 1.281337 129276 40
CPU1 44.442326 129237 sgemm sgemm CUDA2 1.259256 129277 40
CPU1 44.167750 129238 sgemm sgemm CUDA0 1.259466 129278 40
CPU19 44.603319 129242 sgemm sgemm CUDA0 1.252034 129282 40
CPU1 44.339748 129243 sgemm sgemm CUDA1 1.260187 129283 40
CPU14 44.474823 129244 sgemm sgemm CUDA1 1.259742 129284 40
CPU9 44.328571 129245 sgemm sgemm CUDA1 1.067819 129285 40
CPU3 44.402354 129246 sgemm sgemm CUDA1 1.072661 129286 40
CPU2 44.591719 129247 sgemm sgemm CUDA2 1.259194 129287 40
CPU15 44.340547 129248 sgemm sgemm CUDA0 1.073272 129288 40
CPU19 44.405245 129249 sgemm sgemm CUDA3 1.316924 129289 40
CPU10 44.677916 129250 sgemm sgemm CUDA2 1.259192 129290 40
CPU2 44.066913 129251 sgemm sgemm CUDA3 1.262377 129291 40
CPU5 44.079013 129252 sgemm sgemm CUDA3 1.067707 129292 40
CPU10 44.455849 129253 sgemm sgemm CUDA0 1.058013 129293 40
CPU7 44.453235 129254 sgemm sgemm CUDA3 1.072656 129294 40
CPU8 44.482774 129255 sgemm sgemm CUDA1 1.069308 129295 40
CPU19 44.525188 129256 sgemm sgemm CUDA0 1.256128 129296 40
CPU9 44.310940 129257 sgemm sgemm CUDA2 1.261458 129297 40
CPU8 44.211252 129258 sgemm sgemm CUDA0 1.256899 129298 40
CPU7 44.159789 129259 sgemm sgemm CUDA3 1.258275 129299 40
CPU5 43.970099 129260 sgemm sgemm CUDA0 1.254457 129300 40
CPU6 44.545215 129264 sgemm sgemm CUDA0 1.284839 129304 40
CPU8 44.185173 129265 sgemm sgemm CUDA1 1.256641 129305 40
CPU14 44.487961 129266 sgemm sgemm CUDA1 1.066628 129306 40
CPU7 44.485011 129267 sgemm sgemm CUDA1 1.258850 129307 40
CPU1 44.543592 129268 sgemm sgemm CUDA1 1.258917 129308 40
CPU9 44.360096 129269 sgemm sgemm CUDA0 1.262409 129309 40
CPU15 44.349316 129270 sgemm sgemm CUDA3 1.392709 129310 40
CPU17 44.675016 129271 sgemm sgemm CUDA3 1.070248 129311 40
CPU19 44.498248 129272 sgemm sgemm CUDA2 1.285292 129312 40
CPU0 44.409667 129273 sgemm sgemm CUDA3 1.073265 129313 40
CPU7 44.281346 129274 sgemm sgemm CUDA3 1.260204 129314 40
CPU8 44.380108 129275 sgemm sgemm CUDA3 1.071580 129315 40
CPU3 44.100823 129276 sgemm sgemm CUDA1 1.069873 129316 40
CPU5 44.127186 129277 sgemm sgemm CUDA1 1.067975 129317 40
CPU10 44.587689 129278 sgemm sgemm CUDA0 1.067397 129318 40
CPU3 44.249187 129279 sgemm sgemm CUDA3 1.260658 129319 40
CPU8 44.375211 129280 sgemm sgemm CUDA0 1.262882 129320 40
CPU3 44.122801 129281 sgemm sgemm CUDA2 1.072853 129321 40
CPU2 43.815490 129282 sgemm sgemm CUDA0 1.259911 129322 40
CPU3 44.732168 129286 sgemm sgemm CUDA3 1.355886 129326 40
CPU2 44.415130 129287 sgemm sgemm CUDA1 1.004847 129327 40
CPU14 44.413656 129288 sgemm sgemm CUDA1 1.068680 129328 40
CPU8 44.751223 129289 sgemm sgemm CUDA3 1.261984 129329 40
CPU2 44.402163 129290 sgemm sgemm CUDA3 1.067750 129330 40
CPU2 44.833111 129291 sgemm sgemm CUDA0 1.070224 129331 40
CPU16 44.511961 129292 sgemm sgemm CUDA3 1.259441 129332 40
CPU11 44.457888 129293 sgemm sgemm CUDA3 1.072729 129333 40
CPU19 44.556878 129294 sgemm sgemm CUDA2 1.264184 129334 40
CPU4 44.709672 129295 sgemm sgemm CUDA2 1.068388 129335 40
CPU10 44.431165 129296 sgemm sgemm CUDA0 1.259742 129336 40
CPU11 44.194542 129297 sgemm sgemm CUDA0 1.258325 129337 40
CPU0 45.122603 129298 sgemm sgemm CUDA1 1.065014 129338 40
CPU11 44.662075 129299 sgemm sgemm CUDA1 1.256941 129339 40
CPU10 44.354933 129300 sgemm sgemm CUDA0 1.072931 129340 40
CPU0 44.503063 129301 sgemm sgemm CUDA2 1.065106 129341 40
CPU7 44.715615 129302 sgemm sgemm CUDA0 1.261252 129342 40
CPU9 44.474044 129303 sgemm sgemm CUDA2 1.072961 129343 40
CPU13 44.507528 129304 sgemm sgemm CUDA3 1.261276 129344 40
CPU0 45.041098 129308 sgemm sgemm CUDA3 1.061980 129348 40
CPU1 44.561285 129309 sgemm sgemm CUDA1 1.283400 129349 40
CPU14 44.261328 129310 sgemm sgemm CUDA1 1.258246 129350 40
CPU8 44.904666 129311 sgemm sgemm CUDA1 1.070709 129351 40
CPU1 44.951414 129312 sgemm sgemm CUDA1 1.269921 129352 40
CPU2 44.877104 129313 sgemm sgemm CUDA2 1.259746 129353 40
CPU16 44.453554 129314 sgemm sgemm CUDA3 1.065030 129354 40
CPU17 44.373704 129315 sgemm sgemm CUDA3 1.076433 129355 40
CPU11 44.238859 129316 sgemm sgemm CUDA2 1.257594 129356 40
CPU2 44.378706 129317 sgemm sgemm CUDA2 1.256377 129357 40
CPU3 44.997595 129318 sgemm sgemm CUDA3 1.068842 129358 40
CPU10 44.334879 129319 sgemm sgemm CUDA3 1.067557 129359 40
CPU13 44.308773 129320 sgemm sgemm CUDA1 1.269080 129360 40
CPU4 44.720256 129321 sgemm sgemm CUDA1 1.256988 129361 40
CPU19 44.467380 129322 sgemm sgemm CUDA2 1.076786 129362 40
CPU0 45.052572 129323 sgemm sgemm CUDA2 1.258186 129363 40
CPU7 44.689501 129324 sgemm sgemm CUDA0 0.043309 129364 40
CPU9 44.255574 129325 sgemm sgemm CUDA2 12.177499 129365 40
CPU13 44.524518 129326 sgemm sgemm CUDA0 1.301395 129366 40
CPU5 44.168622 129330 sgemm sgemm CUDA3 9.154359 129370 40
CPU1 44.384287 129331 sgemm sgemm CUDA3 0.046775 129371 40
CPU14 44.460392 129332 sgemm sgemm CUDA3 1.359923 129372 40
CPU8 44.405895 129333 sgemm sgemm CUDA3 1.065046 129373 40
CPU1 44.511167 129334 sgemm sgemm CUDA1 1.214236 129374 40
CPU1 44.609868 129335 sgemm sgemm CUDA2 0.060519 129375 40
CPU15 44.542257 129336 sgemm sgemm CUDA3 1.071412 129376 40
CPU11 44.599169 129337 sgemm sgemm CUDA1 12.992054 129377 40
CPU19 44.479611 129338 sgemm sgemm CUDA2 1.333347 129378 40
CPU9 43.970808 129339 sgemm sgemm CUDA1 1.260625 129379 40
CPU2 44.179197 129340 sgemm sgemm CUDA3 1.072105 129380 40
CPU6 44.286964 129341 sgemm sgemm CUDA3 1.257589 129381 40
CPU13 44.590810 129342 sgemm sgemm CUDA3 1.067663 129382 40
CPU6 44.648019 129343 sgemm sgemm CUDA1 1.258835 129383 40
CPU19 44.600681 129344 sgemm sgemm CUDA2 1.075335 129384 40
CPU0 44.690282 129345 sgemm sgemm CUDA2 1.069338 129385 40
CPU12 44.514219 129346 sgemm sgemm CUDA0 1.373544 129386 40
CPU9 44.311243 129347 sgemm sgemm CUDA0 9.233366 129387 40
CPU4 43.850062 129348 sgemm sgemm CUDA1 1.259048 129388 40
CPU4 44.592704 129352 sgemm sgemm CUDA0 0.954974 129392 40
CPU8 44.353174 129353 sgemm sgemm CUDA1 1.273009 129393 40
CPU14 44.481780 129354 sgemm sgemm CUDA1 1.264501 129394 40
CPU7 45.979405 129355 sgemm sgemm CUDA1 1.067563 129395 40
CPU0 45.036821 129356 sgemm sgemm CUDA1 1.258646 129396 40
CPU2 44.496919 129357 sgemm sgemm CUDA0 1.268772 129397 40
CPU15 44.498305 129358 sgemm sgemm CUDA0 1.063299 129398 40
CPU19 44.459427 129359 sgemm sgemm CUDA1 1.268636 129399 40
CPU19 44.467795 129360 sgemm sgemm CUDA3 1.269826 129400 40
CPU1 44.140665 129361 sgemm sgemm CUDA2 0.712369 129401 40
CPU9 44.202527 129362 sgemm sgemm CUDA3 0.994743 129402 40
CPU11 44.450380 129363 sgemm sgemm CUDA3 1.258870 129403 40
CPU11 44.662078 129364 sgemm sgemm CUDA3 1.251076 129404 40
CPU3 44.117676 129365 sgemm sgemm CUDA1 1.264552 129405 40
CPU10 44.576197 129366 sgemm sgemm CUDA2 1.269072 129406 40
CPU1 44.322194 129367 sgemm sgemm CUDA3 1.258884 129407 40
CPU6 44.480281 129368 sgemm sgemm CUDA0 1.264936 129408 40
CPU13 44.701525 129369 sgemm sgemm CUDA2 1.084789 129409 40
CPU4 44.274596 129370 sgemm sgemm CUDA0 1.259190 129410 40
CPU2 44.388757 129374 sgemm sgemm CUDA3 1.066794 129414 40
CPU8 44.350105 129375 sgemm sgemm CUDA3 12.500624 129415 40
CPU14 44.591094 129376 sgemm sgemm CUDA3 0.056655 129416 40
CPU6 44.510816 129377 sgemm sgemm CUDA3 1.316391 129417 40
CPU0 44.611842 129378 sgemm sgemm CUDA3 1.071320 129418 40
CPU1 44.662924 129379 sgemm sgemm CUDA2 1.384543 129419 40
CPU16 44.664260 129380 sgemm sgemm CUDA3 1.064549 129420 40
CPU10 44.748584 129381 sgemm sgemm CUDA3 1.260423 129421 40
CPU19 44.736864 129382 sgemm sgemm CUDA2 1.262035 129422 40
CPU0 44.578818 129383 sgemm sgemm CUDA2 0.052871 129423 40
CPU2 44.420322 129384 sgemm sgemm CUDA3 1.257511 129424 40
CPU9 44.368059 129385 sgemm sgemm CUDA3 1.262344 129425 40
CPU13 44.620427 129386 sgemm sgemm CUDA3 1.258484 129426 40
CPU12 44.814700 129387 sgemm sgemm CUDA1 1.064125 129427 40
CPU19 44.583445 129388 sgemm sgemm CUDA2 1.413620 129428 40
CPU10 44.645448 129389 sgemm sgemm CUDA2 1.262519 129429 40
CPU5 44.130543 129390 sgemm sgemm CUDA0 12.761975 129430 40
CPU5 44.312385 129391 sgemm sgemm CUDA1 1.255831 129431 40
CPU5 43.961392 129392 sgemm sgemm CUDA0 0.057247 129432 40
CPU5 44.499075 129396 sgemm sgemm CUDA3 0.997083 129436 40
CPU9 44.448196 129397 sgemm sgemm CUDA3 1.067997 129437 40
CPU14 44.531852 129398 sgemm sgemm CUDA3 1.066704 129438 40
CPU7 44.830132 129399 sgemm sgemm CUDA3 1.066166 129439 40
CPU1 44.734352 129400 sgemm sgemm CUDA1 1.324127 129440 40
CPU2 44.622568 129401 sgemm sgemm CUDA1 1.255979 129441 40
CPU16 44.505908 129402 sgemm sgemm CUDA3 1.259834 129442 40
CPU19 44.494507 129403 sgemm sgemm CUDA1 1.069551 129443 40
CPU11 44.381376 129404 sgemm sgemm CUDA2 1.064594 129444 40
CPU2 44.278736 129405 sgemm sgemm CUDA1 1.259350 129445 40
CPU6 44.390394 129406 sgemm sgemm CUDA3 12.693979 129446 40
CPU11 44.372940 129407 sgemm sgemm CUDA3 0.072957 129447 40
CPU13 44.362927 129408 sgemm sgemm CUDA1 1.067521 129448 40
CPU7 44.603349 129409 sgemm sgemm CUDA2 1.067975 129449 40
CPU10 44.394334 129410 sgemm sgemm CUDA2 1.273306 129450 40
CPU1 44.449258 129411 sgemm sgemm CUDA2 1.070687 129451 40
CPU8 44.459397 129412 sgemm sgemm CUDA0 1.257562 129452 40
CPU11 44.549157 129413 sgemm sgemm CUDA2 1.260009 129453 40
CPU13 44.612943 129414 sgemm sgemm CUDA0 1.250288 129454 40
CPU3 44.727493 129418 sgemm sgemm CUDA3 1.073530 129458 40
CPU9 44.873246 129419 sgemm sgemm CUDA0 1.267283 129459 40
CPU14 44.542638 129420 sgemm sgemm CUDA0 1.262050 129460 40
CPU7 45.777726 129421 sgemm sgemm CUDA0 1.260067 129461 40
CPU2 44.415436 129422 sgemm sgemm CUDA1 16.806366 129462 40
CPU1 44.902809 129423 sgemm sgemm CUDA1 0.127363 129463 40
CPU15 44.340043 129424 sgemm sgemm CUDA0 1.305985 129464 40
CPU11 44.507017 129425 sgemm sgemm CUDA3 1.074441 129465 40
CPU19 44.289339 129426 sgemm sgemm CUDA3 12.412126 129466 40
CPU8 44.384053 129427 sgemm sgemm CUDA1 1.295431 129467 40
CPU3 44.509832 129428 sgemm sgemm CUDA3 0.255021 129468 40
CPU0 44.531283 129429 sgemm sgemm CUDA3 1.315478 129469 40
CPU13 44.301699 129430 sgemm sgemm CUDA3 1.261825 129470 40
CPU11 44.291917 129431 sgemm sgemm CUDA2 0.479626 129471 40
CPU10 44.328591 129432 sgemm sgemm CUDA2 1.084571 129472 40
CPU12 44.356827 129433 sgemm sgemm CUDA2 1.258871 129473 40
CPU13 44.509482 129434 sgemm sgemm CUDA0 1.272734 129474 40
CPU13 44.584098 129435 sgemm sgemm CUDA0 1.261462 129475 40
CPU13 44.770872 129436 sgemm sgemm CUDA0 1.061656 129476 40
CPU0 45.203181 129440 sgemm sgemm CUDA3 1.210610 129480 40
CPU9 44.542907 129441 sgemm sgemm CUDA3 12.579584 129481 40
CPU14 44.390015 129442 sgemm sgemm CUDA3 1.253647 129482 40
CPU6 44.938257 129443 sgemm sgemm CUDA3 1.074636 129483 40
CPU0 45.286499 129444 sgemm sgemm CUDA1 1.069798 129484 40
CPU3 44.836716 129445 sgemm sgemm CUDA1 1.068057 129485 40
CPU15 44.298086 129446 sgemm sgemm CUDA3 1.068254 129486 40
CPU17 44.436521 129447 sgemm sgemm CUDA3 1.258880 129487 40
CPU19 44.282101 129448 sgemm sgemm CUDA1 1.263493 129488 40
CPU0 44.596438 129449 sgemm sgemm CUDA1 1.072683 129489 40
CPU7 44.628425 129450 sgemm sgemm CUDA3 12.931780 129490 40
CPU1 44.791174 129451 sgemm sgemm CUDA0 1.260107 129491 40
CPU13 44.247441 129452 sgemm sgemm CUDA1 1.262752 129492 40
CPU13 44.795108 129453 sgemm sgemm CUDA0 1.069471 129493 40
CPU19 44.408269 129454 sgemm sgemm CUDA0 1.260760 129494 40
CPU2 44.683057 129455 sgemm sgemm CUDA0 1.253702 129495 40
CPU8 44.565934 129456 sgemm sgemm CUDA1 1.076594 129496 40
CPU13 44.782676 129457 sgemm sgemm CUDA0 1.260283 129497 40
CPU13 44.791434 129458 sgemm sgemm CUDA0 1.072080 129498 40
CPU5 44.247390 129462 sgemm sgemm CUDA3 1.266536 129502 40
CPU8 44.805133 129463 sgemm sgemm CUDA3 1.265567 129503 40
CPU14 44.444666 129464 sgemm sgemm CUDA3 1.074354 129504 40
CPU8 45.478120 129465 sgemm sgemm CUDA3 1.076873 129505 40
CPU3 44.417690 129466 sgemm sgemm CUDA1 1.437564 129506 40
CPU2 44.386708 129467 sgemm sgemm CUDA1 1.293031 129507 40
CPU16 44.362973 129468 sgemm sgemm CUDA0 1.257368 129508 40
CPU10 44.626642 129469 sgemm sgemm CUDA1 1.076927 129509 40
CPU11 44.348335 129470 sgemm sgemm CUDA1 1.074781 129510 40
CPU5 44.267161 129471 sgemm sgemm CUDA1 1.070782 129511 40
CPU7 44.888435 129472 sgemm sgemm CUDA3 1.260233 129512 40
CPU11 44.042429 129473 sgemm sgemm CUDA0 1.071828 129513 40
CPU12 44.385290 129474 sgemm sgemm CUDA3 1.208104 129514 40
CPU6 44.862666 129475 sgemm sgemm CUDA1 1.070231 129515 40
CPU19 44.430956 129476 sgemm sgemm CUDA0 7.209539 129516 40
CPU4 44.278381 129477 sgemm sgemm CUDA0 0.040920 129517 40
CPU7 44.179989 129478 sgemm sgemm CUDA1 1.071629 129518 40
CPU9 44.562766 129479 sgemm sgemm CUDA1 1.065140 129519 40
CPU13 44.417159 129480 sgemm sgemm CUDA3 1.272355 129520 40
CPU1 44.621801 129484 sgemm sgemm CUDA2 12.313557 129524 40
CPU0 44.965139 129485 sgemm sgemm CUDA2 1.350376 129525 40
CPU14 44.271163 129486 sgemm sgemm CUDA2 1.062699 129526 40
CPU6 44.631313 129487 sgemm sgemm CUDA2 1.259119 129527 40
CPU9 44.662332 129488 sgemm sgemm CUDA1 1.255876 129528 40
CPU5 44.710390 129489 sgemm sgemm CUDA1 1.060624 129529 40
CPU15 44.276371 129490 sgemm sgemm CUDA2 1.257047 129530 40
CPU19 44.558971 129491 sgemm sgemm CUDA1 1.256729 129531 40
CPU19 44.478732 129492 sgemm sgemm CUDA2 0.048372 129532 40
CPU4 44.500684 129493 sgemm sgemm CUDA1 1.255268 129533 40
CPU0 44.751653 129494 sgemm sgemm CUDA3 0.040228 129534 40
CPU13 44.693864 129495 sgemm sgemm CUDA3 1.320110 129535 40
CPU13 44.251790 129496 sgemm sgemm CUDA3 1.256139 129536 40
CPU3 44.413813 129497 sgemm sgemm CUDA1 1.069832 129537 40
CPU10 44.517871 129498 sgemm sgemm CUDA2 1.320498 129538 40
CPU3 44.470727 129499 sgemm sgemm CUDA2 1.071456 129539 40
CPU6 44.696388 129500 sgemm sgemm CUDA1 13.098012 129540 40
CPU11 44.485354 129501 sgemm sgemm CUDA2 1.257973 129541 40
CPU13 44.742826 129502 sgemm sgemm CUDA1 0.854764 129542 40
CPU4 44.386718 129506 sgemm sgemm CUDA3 0.096274 129546 40
CPU2 44.290289 129507 sgemm sgemm CUDA3 1.361204 129547 40
CPU14 44.499365 129508 sgemm sgemm CUDA3 1.067233 129548 40
CPU1 44.418202 129509 sgemm sgemm CUDA3 1.140712 129549 40
CPU9 44.143721 129510 sgemm sgemm CUDA3 14.667048 129550 40
CPU6 44.223868 129511 sgemm sgemm CUDA1 1.055970 129551 40
CPU15 44.537083 129512 sgemm sgemm CUDA3 1.060455 129552 40
CPU18 44.399789 129513 sgemm sgemm CUDA1 1.072748 129553 40
CPU19 44.647391 129514 sgemm sgemm CUDA3 1.064889 129554 40
CPU0 44.543435 129515 sgemm sgemm CUDA1 1.263129 129555 40
CPU4 44.384001 129516 sgemm sgemm CUDA3 1.068889 129556 40
CPU13 44.684057 129517 sgemm sgemm CUDA0 14.957946 129557 40
CPU13 44.482134 129518 sgemm sgemm CUDA3 1.072765 129558 40
CPU9 44.170753 129519 sgemm sgemm CUDA0 0.085216 129559 40
CPU19 44.712785 129520 sgemm sgemm CUDA0 1.317994 129560 40
CPU0 44.461486 129521 sgemm sgemm CUDA0 1.259302 129561 40
CPU8 44.175762 129522 sgemm sgemm CUDA0 1.058680 129562 40
CPU13 44.700379 129523 sgemm sgemm CUDA0 1.258747 129563 40
CPU13 44.779078 129524 sgemm sgemm CUDA1 1.071843 129564 40
CPU2 44.721993 129528 sgemm sgemm CUDA2 0.045498 129568 40
CPU7 44.793925 129529 sgemm sgemm CUDA2 1.526002 129569 40
CPU14 44.334519 129530 sgemm sgemm CUDA3 1.008768 129570 40
CPU7 44.928111 129531 sgemm sgemm CUDA3 12.172985 129571 40
CPU3 44.189895 129532 sgemm sgemm CUDA3 0.043075 129572 40
CPU1 44.782953 129533 sgemm sgemm CUDA1 1.255219 129573 40
CPU16 44.759860 129534 sgemm sgemm CUDA3 1.304578 129574 40
CPU10 44.491296 129535 sgemm sgemm CUDA1 1.255924 129575 40
CPU10 44.663834 129536 sgemm sgemm CUDA2 1.276968 129576 40
CPU0 44.698563 129537 sgemm sgemm CUDA2 12.422393 129577 40
CPU7 44.509790 129538 sgemm sgemm CUDA3 1.065423 129578 40
CPU13 44.364690 129539 sgemm sgemm CUDA3 1.072700 129579 40
CPU3 44.810059 129540 sgemm sgemm CUDA3 1.257582 129580 40
CPU7 45.102521 129541 sgemm sgemm CUDA1 1.066107 129581 40
CPU10 44.384356 129542 sgemm sgemm CUDA2 1.260426 129582 40
CPU13 44.689763 129543 sgemm sgemm CUDA2 1.067751 129583 40
CPU13 44.543010 129544 sgemm sgemm CUDA1 1.069875 129584 40
CPU13 44.567782 129545 sgemm sgemm CUDA2 1.067358 129585 40
CPU13 44.518903 129546 sgemm sgemm CUDA1 1.259978 129586 40
CPU5 44.556021 129550 sgemm sgemm CUDA3 1.067054 129590 40
CPU9 45.185144 129551 sgemm sgemm CUDA3 0.043481 129591 40
CPU14 44.335944 129552 sgemm sgemm CUDA3 1.302301 129592 40
CPU7 45.043687 129553 sgemm sgemm CUDA3 1.260369 129593 40
CPU1 44.893080 129554 sgemm sgemm CUDA3 1.260564 129594 40
CPU0 44.662245 129555 sgemm sgemm CUDA0 1.359738 129595 40
CPU16 44.465907 129556 sgemm sgemm CUDA3 1.067457 129596 40
CPU11 44.523976 129557 sgemm sgemm CUDA3 1.259721 129597 40
CPU19 44.622311 129558 sgemm sgemm CUDA2 1.254102 129598 40
CPU7 44.582297 129559 sgemm sgemm CUDA2 1.259896 129599 40
CPU5 44.675969 129560 sgemm sgemm CUDA0 1.061866 129600 40
CPU1 44.601604 129561 sgemm sgemm CUDA0 1.251880 129601 40
CPU13 44.465564 129562 sgemm sgemm CUDA1 1.069120 129602 40
CPU3 44.796242 129563 sgemm sgemm CUDA1 1.067843 129603 40
CPU10 44.497709 129564 sgemm sgemm CUDA0 1.069542 129604 40
CPU1 44.536385 129565 sgemm sgemm CUDA3 1.264446 129605 40
CPU6 44.591488 129566 sgemm sgemm CUDA0 1.076369 129606 40
CPU9 44.415581 129567 sgemm sgemm CUDA2 1.258992 129607 40
CPU8 44.263630 129568 sgemm sgemm CUDA1 1.257257 129608 40
CPU3 44.517812 129572 sgemm sgemm CUDA3 1.062247 129612 40
CPU9 44.430462 129573 sgemm sgemm CUDA3 0.041755 129613 40
CPU14 44.523841 129574 sgemm sgemm CUDA3 1.312802 129614 40
CPU8 44.468117 129575 sgemm sgemm CUDA3 1.067455 129615 40
CPU2 44.324766 129576 sgemm sgemm CUDA3 1.069009 129616 40
CPU9 44.288380 129577 sgemm sgemm CUDA2 1.065304 129617 40
CPU15 44.474100 129578 sgemm sgemm CUDA3 1.255137 129618 40
CPU18 44.594160 129579 sgemm sgemm CUDA3 1.259027 129619 40
CPU19 44.552674 129580 sgemm sgemm CUDA2 1.260375 129620 40
CPU0 44.349032 129581 sgemm sgemm CUDA1 1.257523 129621 40
CPU5 44.018406 129582 sgemm sgemm CUDA0 0.144849 129622 40
CPU6 44.485231 129583 sgemm sgemm CUDA0 7.692264 129623 40
CPU11 44.607102 129584 sgemm sgemm CUDA0 0.069014 129624 40
CPU13 44.619250 129585 sgemm sgemm CUDA1 1.270588 129625 40
CPU19 44.752589 129586 sgemm sgemm CUDA0 1.335899 129626 40
CPU4 44.210751 129587 sgemm sgemm CUDA0 1.251741 129627 40
CPU7 44.133108 129588 sgemm sgemm CUDA0 1.067918 129628 40
CPU12 44.802821 129589 sgemm sgemm CUDA1 1.072046 129629 40
CPU13 44.797162 129590 sgemm sgemm CUDA1 1.070743 129630 40
CPU5 44.225492 129594 sgemm sgemm CUDA3 1.266301 129634 40
CPU1 44.278563 129595 sgemm sgemm CUDA3 1.266078 129635 40
CPU14 44.416813 129596 sgemm sgemm CUDA3 0.812669 129636 40
CPU7 44.612120 129597 sgemm sgemm CUDA3 1.067082 129637 40
CPU0 44.907538 129598 sgemm sgemm CUDA3 1.066061 129638 40
CPU8 44.285589 129599 sgemm sgemm CUDA1 1.276282 129639 40
CPU16 44.498807 129600 sgemm sgemm CUDA3 1.073018 129640 40
CPU17 44.627056 129601 sgemm sgemm CUDA1 1.256668 129641 40
CPU19 44.480699 129602 sgemm sgemm CUDA1 1.063796 129642 40
CPU4 44.222489 129603 sgemm sgemm CUDA1 1.259635 129643 40
CPU6 44.198576 129604 sgemm sgemm CUDA0 0.648235 129644 40
CPU11 44.710837 129605 sgemm sgemm CUDA0 1.070784 129645 40
CPU2 44.594948 129606 sgemm sgemm CUDA3 1.062319 129646 40
CPU6 44.461049 129607 sgemm sgemm CUDA2 11.774111 129647 40
CPU19 44.601695 129608 sgemm sgemm CUDA2 0.047069 129648 40
CPU13 44.775880 129609 sgemm sgemm CUDA2 2.550877 129649 40
CPU13 44.792119 129610 sgemm sgemm CUDA0 1.066273 129650 40
CPU13 44.732134 129611 sgemm sgemm CUDA1 1.064249 129651 40
CPU13 44.699763 129612 sgemm sgemm CUDA1 1.066248 129652 40
CPU1 44.808970 129616 sgemm sgemm CUDA2 1.106937 129656 40
CPU0 45.181042 129617 sgemm sgemm CUDA1 1.074318 129657 40
CPU14 44.400848 129618 sgemm sgemm CUDA1 1.078840 129658 40
CPU6 44.763913 129619 sgemm sgemm CUDA1 1.271533 129659 40
CPU9 44.810117 129620 sgemm sgemm CUDA1 1.071106 129660 40
CPU3 44.893374 129621 sgemm sgemm CUDA1 0.111763 129661 40
CPU16 44.375534 129622 sgemm sgemm CUDA1 1.068591 129662 40
CPU17 44.451125 129623 sgemm sgemm CUDA1 1.269606 129663 40
CPU11 44.126723 129624 sgemm sgemm CUDA1 1.065353 129664 40
CPU3 44.594891 129625 sgemm sgemm CUDA1 1.273143 129665 40
CPU7 44.448976 129626 sgemm sgemm CUDA3 12.920992 129666 40
CPU2 44.557849 129627 sgemm sgemm CUDA3 0.128983 129667 40
CPU0 45.013149 129628 sgemm sgemm CUDA3 1.429692 129668 40
CPU19 44.590529 129629 sgemm sgemm CUDA1 12.177689 129669 40
CPU13 44.240927 129630 sgemm sgemm CUDA2 1.101194 129670 40
CPU2 44.550573 129631 sgemm sgemm CUDA2 1.256401 129671 40
CPU8 44.615104 129632 sgemm sgemm CUDA1 0.039479 129672 40
CPU12 44.494565 129633 sgemm sgemm CUDA3 1.073765 129673 40
CPU13 44.481977 129634 sgemm sgemm CUDA3 1.257072 129674 40
CPU3 44.620046 129638 sgemm sgemm CUDA3 1.263805 129678 40
CPU2 44.447968 129639 sgemm sgemm CUDA3 1.265135 129679 40
CPU14 44.376227 129640 sgemm sgemm CUDA3 0.094738 129680 40
CPU6 44.814896 129641 sgemm sgemm CUDA3 1.471904 129681 40
CPU1 44.808701 129642 sgemm sgemm CUDA3 1.092981 129682 40
CPU2 44.522104 129643 sgemm sgemm CUDA2 1.256756 129683 40
CPU16 44.357118 129644 sgemm sgemm CUDA2 1.260579 129684 40
CPU18 44.377226 129645 sgemm sgemm CUDA3 1.079780 129685 40
CPU19 44.314518 129646 sgemm sgemm CUDA2 1.086482 129686 40
CPU1 44.521980 129647 sgemm sgemm CUDA2 1.257922 129687 40
CPU1 44.693439 129648 sgemm sgemm CUDA0 1.263143 129688 40
CPU1 44.852508 129649 sgemm sgemm CUDA0 12.514899 129689 40
CPU1 44.708521 129650 sgemm sgemm CUDA3 1.086142 129690 40
CPU8 44.664431 129651 sgemm sgemm CUDA2 1.261595 129691 40
CPU10 44.363653 129652 sgemm sgemm CUDA2 1.301028 129692 40
CPU2 44.513354 129653 sgemm sgemm CUDA2 1.271392 129693 40
CPU7 44.666930 129654 sgemm sgemm CUDA0 0.165909 129694 40
CPU9 44.611692 129655 sgemm sgemm CUDA1 1.283549 129695 40
CPU2 44.480841 129656 sgemm sgemm CUDA1 1.266322 129696 40
CPU0 45.028697 129660 sgemm sgemm CUDA3 1.002179 129700 40
CPU8 44.658419 129661 sgemm sgemm CUDA3 1.261220 129701 40
CPU14 44.527793 129662 sgemm sgemm CUDA3 0.122290 129702 40
CPU7 44.953541 129663 sgemm sgemm CUDA3 1.555421 129703 40
CPU3 44.323631 129664 sgemm sgemm CUDA3 1.086184 129704 40
CPU5 44.566148 129665 sgemm sgemm CUDA2 1.291657 129705 40
CPU15 44.494717 129666 sgemm sgemm CUDA2 1.081484 129706 40
CPU19 44.301768 129667 sgemm sgemm CUDA1 1.346722 129707 40
CPU19 44.209903 129668 sgemm sgemm CUDA1 1.065052 129708 40
CPU3 44.523650 129669 sgemm sgemm CUDA3 1.277512 129709 40
CPU7 44.369483 129670 sgemm sgemm CUDA3 1.073918 129710 40
CPU10 44.287836 129671 sgemm sgemm CUDA2 1.259072 129711 40
CPU9 44.688693 129672 sgemm sgemm CUDA1 1.070392 129712 40
CPU6 44.791033 129673 sgemm sgemm CUDA2 1.260252 129713 40
CPU19 44.561043 129674 sgemm sgemm CUDA2 1.071030 129714 40
CPU0 44.807243 129675 sgemm sgemm CUDA2 3.049329 129715 40
CPU8 44.498441 129676 sgemm sgemm CUDA1 1.260559 129716 40
CPU9 44.437965 129677 sgemm sgemm CUDA1 1.259761 129717 40
CPU4 44.454745 129678 sgemm sgemm CUDA3 1.257906 129718 40
CPU0 44.241098 129682 sgemm sgemm CUDA2 1.270784 129722 40
CPU2 44.259648 129683 sgemm sgemm CUDA3 1.386940 129723 40
CPU14 44.732554 129684 sgemm sgemm CUDA3 1.260985 129724 40
CPU7 44.332958 129685 sgemm sgemm CUDA3 1.279002 129725 40
CPU2 44.060773 129686 sgemm sgemm CUDA3 1.266433 129726 40
CPU6 44.175628 129687 sgemm sgemm CUDA2 1.309397 129727 40
CPU15 44.412077 129688 sgemm sgemm CUDA2 10.568879 129728 40
CPU10 44.671025 129689 sgemm sgemm CUDA1 0.049823 129729 40
CPU10 44.644891 129690 sgemm sgemm CUDA2 0.064637 129730 40
CPU6 44.647763 129691 sgemm sgemm CUDA2 0.045412 129731 40
CPU11 44.720420 129692 sgemm sgemm CUDA3 1.269699 129732 40
CPU10 44.664070 129693 sgemm sgemm CUDA2 1.319690 129733 40
CPU7 44.477084 129694 sgemm sgemm CUDA3 1.262323 129734 40
CPU3 44.227341 129695 sgemm sgemm CUDA1 1.438797 129735 40
CPU11 44.703837 129696 sgemm sgemm CUDA2 1.072023 129736 40
CPU3 44.170527 129697 sgemm sgemm CUDA2 2.091838 129737 40
CPU6 44.203181 129698 sgemm sgemm CUDA1 1.259511 129738 40
CPU13 44.912822 129699 sgemm sgemm CUDA3 1.261508 129739 40
CPU13 44.808969 129700 sgemm sgemm CUDA1 1.256009 129740 40
CPU4 44.763639 129704 sgemm sgemm CUDA2 1.175458 129744 40
CPU9 44.370713 129705 sgemm sgemm CUDA3 1.199189 129745 40
CPU14 44.635167 129706 sgemm sgemm CUDA3 1.062479 129746 40
CPU7 45.100543 129707 sgemm sgemm CUDA3 1.261844 129747 40
CPU0 45.045703 129708 sgemm sgemm CUDA3 1.066181 129748 40
CPU1 44.784940 129709 sgemm sgemm CUDA2 1.070217 129749 40
CPU15 44.518832 129710 sgemm sgemm CUDA2 1.258833 129750 40
CPU18 44.333640 129711 sgemm sgemm CUDA3 1.066734 129751 40
CPU19 44.402603 129712 sgemm sgemm CUDA2 1.256939 129752 40
CPU2 44.391006 129713 sgemm sgemm CUDA2 1.260127 129753 40
CPU8 44.827984 129714 sgemm sgemm CUDA0 1.295805 129754 40
CPU13 44.605847 129715 sgemm sgemm CUDA2 1.261837 129755 40
CPU6 44.477339 129716 sgemm sgemm CUDA3 1.260280 129756 40
CPU10 44.738573 129717 sgemm sgemm CUDA0 1.255000 129757 40
CPU10 44.495214 129718 sgemm sgemm CUDA2 1.259209 129758 40
CPU0 44.473582 129719 sgemm sgemm CUDA2 1.265155 129759 40
CPU6 44.649820 129720 sgemm sgemm CUDA1 1.280705 129760 40
CPU12 44.926487 129721 sgemm sgemm CUDA1 1.257014 129761 40
CPU13 44.775001 129722 sgemm sgemm CUDA1 1.263492 129762 40
CPU2 44.438050 129726 sgemm sgemm CUDA3 1.375645 129766 40
CPU7 44.484089 129727 sgemm sgemm CUDA3 1.071371 129767 40
CPU14 44.716892 129728 sgemm sgemm CUDA3 1.251547 129768 40
CPU8 44.512856 129729 sgemm sgemm CUDA3 1.072557 129769 40
CPU9 44.474559 129730 sgemm sgemm CUDA3 1.067346 129770 40
CPU0 44.852249 129731 sgemm sgemm CUDA3 1.266831 129771 40
CPU15 44.283680 129732 sgemm sgemm CUDA1 1.077722 129772 40
CPU11 44.373676 129733 sgemm sgemm CUDA3 1.262791 129773 40
CPU19 44.410472 129734 sgemm sgemm CUDA1 1.265889 129774 40
CPU1 44.548233 129735 sgemm sgemm CUDA1 1.253185 129775 40
CPU3 45.672331 129736 sgemm sgemm CUDA0 1.379546 129776 40
CPU6 44.831222 129737 sgemm sgemm CUDA0 1.260983 129777 40
CPU13 44.472229 129738 sgemm sgemm CUDA3 1.251280 129778 40
CPU12 44.597503 129739 sgemm sgemm CUDA0 1.256158 129779 40
CPU10 44.431381 129740 sgemm sgemm CUDA1 1.081915 129780 40
CPU1 44.370458 129741 sgemm sgemm CUDA0 1.066238 129781 40
CPU8 44.381629 129742 sgemm sgemm CUDA1 1.304322 129782 40
CPU4 44.547700 129743 sgemm sgemm CUDA1 1.061647 129783 40
CPU3 45.195713 129744 sgemm sgemm CUDA1 1.067795 129784 40
CPU4 44.543456 129748 sgemm sgemm CUDA3 1.233762 129788 40
CPU0 44.740934 129749 sgemm sgemm CUDA3 1.043872 129789 40
CPU14 44.592876 129750 sgemm sgemm CUDA2 11.820621 129790 40
CPU6 44.339881 129751 sgemm sgemm CUDA3 1.254852 129791 40
CPU0 44.751976 129752 sgemm sgemm CUDA2 11.853892 129792 40
CPU9 45.073222 129753 sgemm sgemm CUDA2 3.172643 129793 40
CPU16 44.477408 129754 sgemm sgemm CUDA1 1.047754 129794 40
CPU19 44.579545 129755 sgemm sgemm CUDA1 1.073744 129795 40
CPU11 44.226962 129756 sgemm sgemm CUDA2 0.072802 129796 40
CPU1 44.199481 129757 sgemm sgemm CUDA1 1.260130 129797 40
CPU9 44.157902 129758 sgemm sgemm CUDA3 0.064756 129798 40
CPU11 44.564818 129759 sgemm sgemm CUDA2 0.064909 129799 40
CPU6 44.594834 129760 sgemm sgemm CUDA3 1.332415 129800 40
CPU5 44.102098 129761 sgemm sgemm CUDA1 1.067418 129801 40
CPU19 44.717342 129762 sgemm sgemm CUDA0 1.039985 129802 40
CPU1 44.383753 129763 sgemm sgemm CUDA3 1.070834 129803 40
CPU7 44.195455 129764 sgemm sgemm CUDA0 1.070116 129804 40
CPU9 44.164366 129765 sgemm sgemm CUDA1 1.257511 129805 40
CPU1 44.055761 129766 sgemm sgemm CUDA1 1.256242 129806 40
CPU1 44.564299 129770 sgemm sgemm CUDA2 1.079600 129810 40
CPU0 44.912110 129771 sgemm sgemm CUDA3 1.240327 129811 40
CPU14 44.417492 129772 sgemm sgemm CUDA2 1.019778 129812 40
CPU8 44.410071 129773 sgemm sgemm CUDA2 1.307301 129813 40
CPU1 44.466205 129774 sgemm sgemm CUDA3 1.261107 129814 40
CPU8 44.329076 129775 sgemm sgemm CUDA3 1.067106 129815 40
CPU16 44.602141 129776 sgemm sgemm CUDA2 1.260234 129816 40
CPU11 44.366351 129777 sgemm sgemm CUDA3 1.258514 129817 40
CPU19 44.340613 129778 sgemm sgemm CUDA2 1.068475 129818 40
CPU0 44.792656 129779 sgemm sgemm CUDA2 1.069598 129819 40
CPU2 44.363520 129780 sgemm sgemm CUDA0 1.247072 129820 40
CPU7 44.777240 129781 sgemm sgemm CUDA0 1.257619 129821 40
CPU12 44.383049 129782 sgemm sgemm CUDA3 1.070641 129822 40
CPU9 44.430890 129783 sgemm sgemm CUDA0 1.063802 129823 40
CPU19 44.442171 129784 sgemm sgemm CUDA2 12.056555 129824 40
CPU4 44.379278 129785 sgemm sgemm CUDA2 1.067948 129825 40
CPU7 44.808609 129786 sgemm sgemm CUDA0 1.259294 129826 40
CPU6 44.426052 129787 sgemm sgemm CUDA3 1.070415 129827 40
CPU5 44.299573 129788 sgemm sgemm CUDA3 1.256769 129828 40
CPU1 44.500330 129792 sgemm sgemm CUDA2 0.045447 129832 40
CPU7 44.735347 129793 sgemm sgemm CUDA2 1.383351 129833 40
CPU14 45.109264 129794 sgemm sgemm CUDA2 1.251663 129834 40
CPU7 44.850136 129795 sgemm sgemm CUDA0 1.088618 129835 40
CPU0 45.152735 129796 sgemm sgemm CUDA0 1.259496 129836 40
CPU2 44.863410 129797 sgemm sgemm CUDA0 1.321148 129837 40
CPU15 44.056978 129798 sgemm sgemm CUDA0 1.073905 129838 40
CPU10 44.439280 129799 sgemm sgemm CUDA0 1.262529 129839 40
CPU19 44.845996 129800 sgemm sgemm CUDA0 1.260784 129840 40
CPU1 44.424395 129801 sgemm sgemm CUDA0 1.259424 129841 40
CPU6 44.449580 129802 sgemm sgemm CUDA0 0.046404 129842 40
CPU6 45.116106 129803 sgemm sgemm CUDA2 1.255216 129843 40
CPU10 44.636126 129804 sgemm sgemm CUDA3 0.063634 129844 40
CPU5 44.577540 129805 sgemm sgemm CUDA3 1.278493 129845 40
CPU10 44.618502 129806 sgemm sgemm CUDA0 1.321666 129846 40
CPU2 44.566093 129807 sgemm sgemm CUDA0 1.253986 129847 40
CPU8 44.589831 129808 sgemm sgemm CUDA0 1.261368 129848 40
CPU9 44.437961 129809 sgemm sgemm CUDA1 1.074235 129849 40
CPU4 44.912487 129810 sgemm sgemm CUDA3 1.066161 129850 40
CPU7 44.766919 129814 sgemm sgemm CUDA2 1.064322 129854 40
CPU0 44.646502 129815 sgemm sgemm CUDA2 1.008446 129855 40
CPU14 44.664718 129816 sgemm sgemm CUDA2 0.044433 129856 40
CPU7 44.586431 129817 sgemm sgemm CUDA2 1.220056 129857 40
CPU4 44.514434 129818 sgemm sgemm CUDA2 1.004190 129858 40
CPU10 44.570822 129819 sgemm sgemm CUDA2 1.200050 129859 40
CPU15 44.478365 129820 sgemm sgemm CUDA1 1.206326 129860 40
CPU10 44.705904 129821 sgemm sgemm CUDA1 1.006146 129861 40
CPU19 45.183499 129822 sgemm sgemm CUDA1 5.324060 129862 40
CPU2 44.091288 129823 sgemm sgemm CUDA1 0.051398 129863 40
CPU10 44.675456 129824 sgemm sgemm CUDA0 1.191734 129864 40
CPU11 44.669135 129825 sgemm sgemm CUDA0 1.010447 129865 40
CPU9 44.756935 129826 sgemm sgemm CUDA1 1.201317 129866 40
CPU1 44.719410 129827 sgemm sgemm CUDA0 5.648389 129867 40
CPU19 44.497758 129828 sgemm sgemm CUDA2 1.210818 129868 40
CPU3 44.363323 129829 sgemm sgemm CUDA0 0.170118 129869 40
CPU0 44.805484 129830 sgemm sgemm CUDA1 1.259524 129870 40
CPU13 44.669278 129831 sgemm sgemm CUDA1 1.070124 129871 40
CPU8 44.083409 129832 sgemm sgemm CUDA1 5.953333 129872 40
CPU1 44.017972 129836 sgemm sgemm CUDA2 1.244201 129876 40
CPU7 44.613166 129837 sgemm sgemm CUDA2 1.256397 129877 40
CPU14 44.659952 129838 sgemm sgemm CUDA2 1.066780 129878 40
CPU6 44.587166 129839 sgemm sgemm CUDA2 1.066883 129879 40
CPU9 44.314926 129840 sgemm sgemm CUDA2 1.261776 129880 40
CPU6 44.407481 129841 sgemm sgemm CUDA1 1.244736 129881 40
CPU16 44.692761 129842 sgemm sgemm CUDA1 1.066798 129882 40
CPU18 44.533702 129843 sgemm sgemm CUDA3 1.246638 129883 40
CPU10 44.727748 129844 sgemm sgemm CUDA1 1.068499 129884 40
CPU10 44.748660 129845 sgemm sgemm CUDA1 1.069674 129885 40
CPU7 44.089035 129846 sgemm sgemm CUDA3 1.072633 129886 40
CPU10 44.476885 129847 sgemm sgemm CUDA2 1.066589 129887 40
CPU11 44.572216 129848 sgemm sgemm CUDA3 1.269521 129888 40
CPU10 44.771254 129849 sgemm sgemm CUDA1 1.258267 129889 40
CPU10 44.857319 129850 sgemm sgemm CUDA2 1.066784 129890 40
CPU3 44.273770 129851 sgemm sgemm CUDA2 1.063759 129891 40
CPU6 44.321746 129852 sgemm sgemm CUDA1 1.067441 129892 40
CPU12 44.788559 129853 sgemm sgemm CUDA1 1.063456 129893 40
CPU10 44.905666 129854 sgemm sgemm CUDA3 1.096317 129894 40
CPU10 32.435113 129860 strsm strsm CUDA2 0.332118 129900 40
CPU9 32.018162 129864 strsm strsm CUDA1 2.765596 129904 40
CPU14 31.865738 129868 strsm strsm CUDA2 2.019248 129908 40
CPU7 32.510438 129872 strsm strsm CUDA1 0.434766 129912 40
CPU9 32.150601 129876 strsm strsm CUDA3 0.399342 129916 40
CPU10 31.928268 129880 strsm strsm CUDA3 2.177337 129920 40
CPU16 31.486644 129884 strsm strsm CUDA2 2.714396 129924 40
CPU11 31.690727 129888 strsm strsm CUDA3 0.408108 129928 40
CPU19 31.947749 129892 strsm strsm CUDA3 2.700573 129932 40
CPU6 31.760104 129896 strsm strsm CUDA3 6.562501 129936 40
CPU5 31.405007 129900 strsm strsm CUDA0 0.126248 129940 40
CPU2 32.062336 129904 strsm strsm CUDA2 13.780730 129944 40
CPU19 32.782241 129908 strsm strsm CUDA1 5.841750 129948 40
CPU13 32.743646 129912 strsm strsm CUDA3 3.223110 129952 40
CPU11 31.481686 129916 strsm strsm CUDA2 3.148125 129956 40
CPU12 32.075051 129920 strsm strsm CUDA0 3.138450 129960 40
CPU19 32.707244 129924 strsm strsm CUDA0 2.817827 129964 40
CPU15 32.232961 129928 strsm strsm CUDA1 2.894175 129968 40
CPU8 32.314054 129932 strsm strsm CUDA1 0.044476 129972 40
CPU15 15.101825 129936 strtri strtri CPU -1 129976 40
CPU5 30.627845 129938 strsm strsm CUDA1 2.804149 129978 40
CPU1 30.523012 129940 strsm strsm CUDA2 2.848776 129980 40
CPU13 31.015385 129942 strsm strsm CUDA1 0.044999 129982 40
CPU3 31.821784 129944 strsm strsm CUDA2 2.853033 129984 40
CPU4 32.029166 129946 strsm strsm CUDA1 11.730350 129986 40
CPU9 30.941187 129948 strsm strsm CUDA2 2.768666 129988 40
CPU19 30.891080 129950 strsm strsm CUDA2 12.816606 129990 40
CPU8 31.535801 129952 strsm strsm CUDA2 2.737403 129992 40
CPU14 32.006476 129954 strsm strsm CUDA1 2.945636 129994 40
CPU1 31.107685 129956 strsm strsm CUDA2 9.376717 129996 40
CPU19 30.804899 129958 strsm strsm CUDA1 2.930838 129998 40
CPU7 31.340470 129960 strsm strsm CUDA2 14.795806 130000 40
CPU10 30.814452 129962 strsm strsm CUDA1 2.761169 130002 40
CPU11 30.308947 129964 strsm strsm CUDA1 14.715332 130004 40
CPU4 31.283865 129966 strsm strsm CUDA1 2.789511 130006 40
CPU3 30.468104 129968 strsm strsm CUDA1 8.420883 130008 40
CPU8 30.659457 129970 strsm strsm CUDA2 0.165496 130010 40
CPU9 31.515162 129972 strsm strsm CUDA3 12.698110 130012 40
CPU3 30.894397 129974 strsm strsm CUDA2 0.050721 130014 40
CPU10 31.023243 129976 strsm strsm CUDA3 0.048498 130016 40
CPU0 31.449218 129978 strsm strsm CUDA2 2.450357 130018 40
CPU11 30.735013 129980 strsm strsm CUDA3 2.999039 130020 40
CPU10 31.737816 129982 strsm strsm CUDA3 0.087676 130022 40
CPU4 31.358724 129984 strsm strsm CUDA3 0.051340 130024 40
CPU9 30.346166 129986 strsm strsm CUDA3 2.795810 130026 40
CPU19 31.288852 129988 strsm strsm CUDA2 0.057024 130028 40
CPU4 31.296050 129990 strsm strsm CUDA3 13.171982 130030 40
CPU19 31.097774 129992 strsm strsm CUDA2 1.949603 130032 40
CPU9 30.256945 129994 strsm strsm CUDA3 2.793864 130034 40
CPU10 44.713968 129996 sgemm sgemm CUDA3 11.975986 130036 40
CPU7 44.617298 129997 sgemm sgemm CUDA1 1.307755 130037 40
CPU14 44.430967 129998 sgemm sgemm CUDA1 1.221001 130038 40
CPU6 44.921899 129999 sgemm sgemm CUDA1 1.034655 130039 40
CPU5 44.605688 130000 sgemm sgemm CUDA1 1.228189 130040 40
CPU12 44.383603 130001 sgemm sgemm CUDA2 0.065082 130041 40
CPU16 44.545016 130002 sgemm sgemm CUDA3 0.053977 130042 40
CPU18 44.563757 130003 sgemm sgemm CUDA3 1.315091 130043 40
CPU19 44.779993 130004 sgemm sgemm CUDA2 1.264297 130044 40
CPU3 44.399711 130005 sgemm sgemm CUDA3 1.054137 130045 40
CPU4 44.629340 130006 sgemm sgemm CUDA3 1.027945 130046 40
CPU12 44.719211 130007 sgemm sgemm CUDA3 1.034143 130047 40
CPU11 44.386601 130008 sgemm sgemm CUDA3 1.237740 130048 40
CPU0 44.930693 130009 sgemm sgemm CUDA1 1.047072 130049 40
CPU19 44.592933 130010 sgemm sgemm CUDA0 1.257113 130050 40
CPU9 44.362147 130011 sgemm sgemm CUDA2 1.020329 130051 40
CPU11 44.538074 130012 sgemm sgemm CUDA0 1.016551 130052 40
CPU2 44.174567 130013 sgemm sgemm CUDA2 1.232790 130053 40
CPU2 44.454430 130014 sgemm sgemm CUDA0 1.219448 130054 40
CPU10 44.522310 130015 sgemm sgemm CUDA2 1.244205 130055 40
CPU6 44.437907 130019 sgemm sgemm CUDA3 1.075514 130059 40
CPU1 44.415226 130020 sgemm sgemm CUDA1 1.278137 130060 40
CPU14 44.437318 130021 sgemm sgemm CUDA1 12.692082 130061 40
CPU6 44.418752 130022 sgemm sgemm CUDA1 0.042632 130062 40
CPU3 44.437523 130023 sgemm sgemm CUDA1 1.302682 130063 40
CPU12 44.455434 130024 sgemm sgemm CUDA2 1.429912 130064 40
CPU15 44.398129 130025 sgemm sgemm CUDA3 1.065348 130065 40
CPU19 44.474994 130026 sgemm sgemm CUDA3 1.239375 130066 40
CPU10 44.816222 130027 sgemm sgemm CUDA2 1.070170 130067 40
CPU2 44.228544 130028 sgemm sgemm CUDA3 1.259659 130068 40
CPU5 44.301467 130029 sgemm sgemm CUDA3 1.260381 130069 40
CPU0 44.813604 130030 sgemm sgemm CUDA3 1.260865 130070 40
CPU7 44.638209 130031 sgemm sgemm CUDA3 1.255096 130071 40
CPU8 44.479920 130032 sgemm sgemm CUDA1 1.074327 130072 40
CPU10 44.619916 130033 sgemm sgemm CUDA0 1.062803 130073 40
CPU9 44.242279 130034 sgemm sgemm CUDA2 1.259603 130074 40
CPU8 44.187758 130035 sgemm sgemm CUDA0 1.068925 130075 40
CPU7 44.431918 130036 sgemm sgemm CUDA2 1.256595 130076 40
CPU2 44.347057 130037 sgemm sgemm CUDA0 1.261523 130077 40
CPU5 45.267919 130038 sgemm sgemm CUDA1 1.256650 130078 40
CPU6 44.669178 130042 sgemm sgemm CUDA0 1.062744 130082 40
CPU8 44.499782 130043 sgemm sgemm CUDA1 1.065071 130083 40
CPU14 44.261835 130044 sgemm sgemm CUDA1 1.257805 130084 40
CPU7 44.832870 130045 sgemm sgemm CUDA1 1.260237 130085 40
CPU4 44.462376 130046 sgemm sgemm CUDA1 1.260629 130086 40
CPU10 44.485279 130047 sgemm sgemm CUDA0 1.261787 130087 40
CPU15 44.416226 130048 sgemm sgemm CUDA3 0.062541 130088 40
CPU17 44.567011 130049 sgemm sgemm CUDA3 1.066926 130089 40
CPU19 44.637414 130050 sgemm sgemm CUDA2 1.256914 130090 40
CPU0 44.995754 130051 sgemm sgemm CUDA3 1.259682 130091 40
CPU0 44.596533 130052 sgemm sgemm CUDA3 1.266125 130092 40
CPU8 44.791558 130053 sgemm sgemm CUDA3 1.062520 130093 40
CPU3 44.436957 130054 sgemm sgemm CUDA2 1.258141 130094 40
CPU5 44.754223 130055 sgemm sgemm CUDA2 1.260386 130095 40
CPU10 44.465580 130056 sgemm sgemm CUDA0 1.296301 130096 40
CPU3 44.661966 130057 sgemm sgemm CUDA2 12.072777 130097 40
CPU1 44.275516 130058 sgemm sgemm CUDA0 1.068909 130098 40
CPU3 44.621764 130059 sgemm sgemm CUDA2 0.069449 130099 40
CPU5 44.512412 130060 sgemm sgemm CUDA0 16.545545 130100 40
CPU3 44.400253 130061 sgemm sgemm CUDA2 1.354548 130101 40
CPU3 44.481376 130065 sgemm sgemm CUDA3 1.261417 130105 40
CPU2 44.512406 130066 sgemm sgemm CUDA1 1.294392 130106 40
CPU14 44.315365 130067 sgemm sgemm CUDA1 1.083150 130107 40
CPU8 44.799852 130068 sgemm sgemm CUDA1 1.070991 130108 40
CPU5 44.776913 130069 sgemm sgemm CUDA1 1.258054 130109 40
CPU3 44.638487 130070 sgemm sgemm CUDA0 1.260001 130110 40
CPU16 44.506986 130071 sgemm sgemm CUDA3 1.256020 130111 40
CPU11 44.454020 130072 sgemm sgemm CUDA3 1.066974 130112 40
CPU19 44.837643 130073 sgemm sgemm CUDA2 0.414964 130113 40
CPU4 45.127040 130074 sgemm sgemm CUDA2 1.075788 130114 40
CPU10 44.478012 130075 sgemm sgemm CUDA0 1.066436 130115 40
CPU9 44.604013 130076 sgemm sgemm CUDA0 1.257595 130116 40
CPU0 44.957572 130077 sgemm sgemm CUDA2 1.262362 130117 40
CPU11 44.480410 130078 sgemm sgemm CUDA1 1.259390 130118 40
CPU19 44.387823 130079 sgemm sgemm CUDA0 1.064147 130119 40
CPU0 44.527411 130080 sgemm sgemm CUDA2 1.258623 130120 40
CPU7 44.740987 130081 sgemm sgemm CUDA0 1.069409 130121 40
CPU9 44.691961 130082 sgemm sgemm CUDA2 1.070977 130122 40
CPU11 44.175123 130083 sgemm sgemm CUDA3 1.067284 130123 40
CPU13 44.356636 130084 sgemm sgemm CUDA3 1.258184 130124 40
CPU0 45.060099 130088 sgemm sgemm CUDA3 1.254113 130128 40
CPU1 44.603408 130089 sgemm sgemm CUDA1 1.072833 130129 40
CPU14 44.914359 130090 sgemm sgemm CUDA1 1.073573 130130 40
CPU8 44.364345 130091 sgemm sgemm CUDA1 1.070710 130131 40
CPU2 44.605378 130092 sgemm sgemm CUDA1 1.257017 130132 40
CPU12 44.395956 130093 sgemm sgemm CUDA0 1.064979 130133 40
CPU15 44.435229 130094 sgemm sgemm CUDA3 1.068156 130134 40
CPU17 44.578321 130095 sgemm sgemm CUDA3 1.073396 130135 40
CPU11 44.386951 130096 sgemm sgemm CUDA3 1.259197 130136 40
CPU2 44.399713 130097 sgemm sgemm CUDA2 1.064617 130137 40
CPU3 44.646824 130098 sgemm sgemm CUDA3 1.069014 130138 40
CPU0 45.415899 130099 sgemm sgemm CUDA0 1.067461 130139 40
CPU13 44.217647 130100 sgemm sgemm CUDA2 1.069387 130140 40
CPU4 44.626222 130101 sgemm sgemm CUDA1 12.952845 130141 40
CPU19 44.427064 130102 sgemm sgemm CUDA0 1.063301 130142 40
CPU0 45.118359 130103 sgemm sgemm CUDA2 1.067701 130143 40
CPU7 44.591337 130104 sgemm sgemm CUDA0 1.267644 130144 40
CPU9 44.757748 130105 sgemm sgemm CUDA2 12.047482 130145 40
CPU10 44.457603 130106 sgemm sgemm CUDA0 1.269555 130146 40
CPU12 45.558527 130107 sgemm sgemm CUDA0 1.071734 130147 40
CPU2 44.535539 130111 sgemm sgemm CUDA3 9.552716 130151 40
CPU1 44.701168 130112 sgemm sgemm CUDA3 0.045882 130152 40
CPU14 44.872679 130113 sgemm sgemm CUDA3 1.361538 130153 40
CPU8 44.763161 130114 sgemm sgemm CUDA3 1.262666 130154 40
CPU5 44.666594 130115 sgemm sgemm CUDA1 1.306980 130155 40
CPU12 44.388628 130116 sgemm sgemm CUDA2 11.307825 130156 40
CPU15 44.415846 130117 sgemm sgemm CUDA3 1.263298 130157 40
CPU19 44.682505 130118 sgemm sgemm CUDA3 1.257608 130158 40
CPU19 44.633241 130119 sgemm sgemm CUDA2 1.174015 130159 40
CPU9 44.546804 130120 sgemm sgemm CUDA2 1.262083 130160 40
CPU2 44.603152 130121 sgemm sgemm CUDA3 1.067899 130161 40
CPU9 44.699671 130122 sgemm sgemm CUDA3 1.258837 130162 40
CPU13 44.440003 130123 sgemm sgemm CUDA3 1.701515 130163 40
CPU1 44.915096 130124 sgemm sgemm CUDA1 1.066534 130164 40
CPU19 44.478244 130125 sgemm sgemm CUDA2 1.258769 130165 40
CPU0 44.692143 130126 sgemm sgemm CUDA2 4.396339 130166 40
CPU12 44.397140 130127 sgemm sgemm CUDA0 1.253958 130167 40
CPU4 44.800185 130128 sgemm sgemm CUDA0 1.259002 130168 40
CPU8 44.436157 130129 sgemm sgemm CUDA1 0.040937 130169 40
CPU9 44.251297 130130 sgemm sgemm CUDA0 1.260362 130170 40
CPU4 44.526489 130134 sgemm sgemm CUDA0 1.297560 130174 40
CPU8 44.834590 130135 sgemm sgemm CUDA1 1.193376 130175 40
CPU14 44.376786 130136 sgemm sgemm CUDA1 1.075041 130176 40
CPU7 45.024041 130137 sgemm sgemm CUDA1 1.258721 130177 40
CPU3 44.653074 130138 sgemm sgemm CUDA1 1.260821 130178 40
CPU10 44.434024 130139 sgemm sgemm CUDA2 1.069501 130179 40
CPU15 44.341116 130140 sgemm sgemm CUDA0 1.258882 130180 40
CPU17 44.619226 130141 sgemm sgemm CUDA1 1.071301 130181 40
CPU19 44.540749 130142 sgemm sgemm CUDA2 1.072394 130182 40
CPU1 44.597163 130143 sgemm sgemm CUDA2 1.375703 130183 40
CPU9 44.734943 130144 sgemm sgemm CUDA3 1.256413 130184 40
CPU8 44.718188 130145 sgemm sgemm CUDA3 1.072912 130185 40
CPU10 44.641801 130146 sgemm sgemm CUDA3 1.067200 130186 40
CPU3 44.628447 130147 sgemm sgemm CUDA1 1.258188 130187 40
CPU0 44.978515 130148 sgemm sgemm CUDA2 1.068385 130188 40
CPU1 44.600814 130149 sgemm sgemm CUDA3 1.070066 130189 40
CPU6 44.741495 130150 sgemm sgemm CUDA0 1.065503 130190 40
CPU13 44.554561 130151 sgemm sgemm CUDA2 1.265675 130191 40
CPU4 44.710051 130152 sgemm sgemm CUDA0 1.076572 130192 40
CPU9 44.573942 130153 sgemm sgemm CUDA2 1.075096 130193 40
CPU2 44.596370 130157 sgemm sgemm CUDA2 0.060084 130197 40
CPU8 44.729115 130158 sgemm sgemm CUDA2 1.334621 130198 40
CPU14 44.629196 130159 sgemm sgemm CUDA1 0.045832 130199 40
CPU6 44.740437 130160 sgemm sgemm CUDA1 1.374272 130200 40
CPU5 44.508675 130161 sgemm sgemm CUDA1 1.260533 130201 40
CPU12 44.409111 130162 sgemm sgemm CUDA2 1.320156 130202 40
CPU16 44.217196 130163 sgemm sgemm CUDA3 0.093164 130203 40
CPU10 44.771572 130164 sgemm sgemm CUDA3 1.320472 130204 40
CPU19 44.631982 130165 sgemm sgemm CUDA2 10.141939 130205 40
CPU0 45.010342 130166 sgemm sgemm CUDA2 1.070906 130206 40
CPU2 44.901908 130167 sgemm sgemm CUDA3 1.256799 130207 40
CPU9 44.660018 130168 sgemm sgemm CUDA3 1.068661 130208 40
CPU19 44.618129 130169 sgemm sgemm CUDA3 1.260955 130209 40
CPU12 44.677880 130170 sgemm sgemm CUDA1 1.064742 130210 40
CPU10 44.666685 130171 sgemm sgemm CUDA2 1.071301 130211 40
CPU10 44.450981 130172 sgemm sgemm CUDA2 1.258391 130212 40
CPU5 44.482293 130173 sgemm sgemm CUDA0 1.296168 130213 40
CPU5 44.822833 130174 sgemm sgemm CUDA1 1.263156 130214 40
CPU2 44.607659 130175 sgemm sgemm CUDA1 1.256604 130215 40
CPU5 44.420985 130176 sgemm sgemm CUDA1 1.069865 130216 40
CPU5 44.581705 130180 sgemm sgemm CUDA3 1.176983 130220 40
CPU0 45.016987 130181 sgemm sgemm CUDA3 1.076700 130221 40
CPU14 44.636810 130182 sgemm sgemm CUDA3 1.260684 130222 40
CPU7 45.046046 130183 sgemm sgemm CUDA3 1.063372 130223 40
CPU4 44.708025 130184 sgemm sgemm CUDA1 11.435327 130224 40
CPU12 44.566515 130185 sgemm sgemm CUDA1 1.212132 130225 40
CPU16 44.475137 130186 sgemm sgemm CUDA3 1.257246 130226 40
CPU19 44.475850 130187 sgemm sgemm CUDA1 1.071207 130227 40
CPU11 44.361924 130188 sgemm sgemm CUDA2 1.258985 130228 40
CPU2 44.603529 130189 sgemm sgemm CUDA1 1.076675 130229 40
CPU6 44.542650 130190 sgemm sgemm CUDA3 1.064072 130230 40
CPU11 44.593469 130191 sgemm sgemm CUDA3 1.261752 130231 40
CPU13 44.292581 130192 sgemm sgemm CUDA2 1.065517 130232 40
CPU7 44.923138 130193 sgemm sgemm CUDA2 1.259017 130233 40
CPU10 44.492138 130194 sgemm sgemm CUDA2 1.260195 130234 40
CPU1 44.673918 130195 sgemm sgemm CUDA2 1.264475 130235 40
CPU4 44.337482 130196 sgemm sgemm CUDA0 1.258003 130236 40
CPU11 44.175535 130197 sgemm sgemm CUDA2 1.067160 130237 40
CPU13 44.591547 130198 sgemm sgemm CUDA0 1.063081 130238 40
CPU13 44.507027 130199 sgemm sgemm CUDA0 1.259526 130239 40
CPU3 44.626971 130203 sgemm sgemm CUDA3 1.063947 130243 40
CPU9 44.807832 130204 sgemm sgemm CUDA3 1.086045 130244 40
CPU14 44.707314 130205 sgemm sgemm CUDA3 1.266202 130245 40
CPU6 44.857758 130206 sgemm sgemm CUDA3 1.065472 130246 40
CPU5 44.550762 130207 sgemm sgemm CUDA1 1.249871 130247 40
CPU9 44.760967 130208 sgemm sgemm CUDA1 1.070219 130248 40
CPU15 44.315801 130209 sgemm sgemm CUDA3 1.255060 130249 40
CPU11 44.442657 130210 sgemm sgemm CUDA3 1.259101 130250 40
CPU19 44.634910 130211 sgemm sgemm CUDA3 1.255633 130251 40
CPU8 44.595065 130212 sgemm sgemm CUDA1 1.066125 130252 40
CPU3 44.701018 130213 sgemm sgemm CUDA3 1.067292 130253 40
CPU0 45.317961 130214 sgemm sgemm CUDA3 13.050374 130254 40
CPU13 44.272490 130215 sgemm sgemm CUDA3 0.040107 130255 40
CPU11 44.224337 130216 sgemm sgemm CUDA2 1.250768 130256 40
CPU8 44.642739 130217 sgemm sgemm CUDA2 1.061368 130257 40
CPU12 44.214813 130218 sgemm sgemm CUDA2 1.254261 130258 40
CPU13 44.500844 130219 sgemm sgemm CUDA0 1.306321 130259 40
CPU12 44.525464 130220 sgemm sgemm CUDA0 1.275341 130260 40
CPU10 44.521420 130221 sgemm sgemm CUDA0 1.253964 130261 40
CPU13 44.434740 130222 sgemm sgemm CUDA1 1.261741 130262 40
CPU0 45.023797 130226 sgemm sgemm CUDA3 1.548049 130266 40
CPU9 44.519305 130227 sgemm sgemm CUDA3 1.257037 130267 40
CPU14 44.450986 130228 sgemm sgemm CUDA3 1.062750 130268 40
CPU6 44.861446 130229 sgemm sgemm CUDA3 1.266161 130269 40
CPU1 44.859663 130230 sgemm sgemm CUDA1 1.386953 130270 40
CPU10 44.465023 130231 sgemm sgemm CUDA1 1.070728 130271 40
CPU15 44.119784 130232 sgemm sgemm CUDA3 1.254945 130272 40
CPU17 44.576478 130233 sgemm sgemm CUDA3 1.261064 130273 40
CPU19 44.556400 130234 sgemm sgemm CUDA3 1.062230 130274 40
CPU0 44.788714 130235 sgemm sgemm CUDA1 1.256972 130275 40
CPU4 44.755991 130236 sgemm sgemm CUDA3 1.257532 130276 40
CPU1 44.778572 130237 sgemm sgemm CUDA0 1.267447 130277 40
CPU13 44.422642 130238 sgemm sgemm CUDA1 1.069269 130278 40
CPU16 44.298164 130239 sgemm sgemm CUDA0 1.255038 130279 40
CPU10 44.433692 130240 sgemm sgemm CUDA0 1.070834 130280 40
CPU2 44.688414 130241 sgemm sgemm CUDA0 1.070933 130281 40
CPU6 44.706600 130242 sgemm sgemm CUDA0 1.069838 130282 40
CPU15 44.252559 130243 sgemm sgemm CUDA0 1.256623 130283 40
CPU18 44.112685 130244 sgemm sgemm CUDA0 1.257700 130284 40
CPU13 44.562734 130245 sgemm sgemm CUDA3 12.759930 130285 40
CPU2 44.585114 130249 sgemm sgemm CUDA2 1.463903 130289 40
CPU8 44.730969 130250 sgemm sgemm CUDA2 1.259253 130290 40
CPU14 44.233472 130251 sgemm sgemm CUDA3 1.202505 130291 40
CPU8 44.729677 130252 sgemm sgemm CUDA3 1.069423 130292 40
CPU5 44.660845 130253 sgemm sgemm CUDA1 1.253697 130293 40
CPU12 44.564870 130254 sgemm sgemm CUDA1 1.252631 130294 40
CPU15 44.486602 130255 sgemm sgemm CUDA0 1.347094 130295 40
CPU10 44.593288 130256 sgemm sgemm CUDA0 0.049446 130296 40
CPU10 44.575919 130257 sgemm sgemm CUDA0 1.271432 130297 40
CPU5 44.484086 130258 sgemm sgemm CUDA1 1.255472 130298 40
CPU7 44.907483 130259 sgemm sgemm CUDA0 1.066118 130299 40
CPU9 44.592200 130260 sgemm sgemm CUDA0 1.088851 130300 40
CPU12 44.239207 130261 sgemm sgemm CUDA3 1.067350 130301 40
CPU6 44.910050 130262 sgemm sgemm CUDA0 1.259062 130302 40
CPU19 44.571763 130263 sgemm sgemm CUDA0 3.834050 130303 40
CPU4 44.515365 130264 sgemm sgemm CUDA0 1.257030 130304 40
CPU7 44.647979 130265 sgemm sgemm CUDA1 1.256988 130305 40
CPU9 44.743692 130266 sgemm sgemm CUDA1 1.068035 130306 40
CPU12 44.669870 130267 sgemm sgemm CUDA3 1.070860 130307 40
CPU13 44.614856 130268 sgemm sgemm CUDA0 12.520431 130308 40
CPU1 44.581625 130272 sgemm sgemm CUDA2 1.251118 130312 40
CPU0 44.963060 130273 sgemm sgemm CUDA2 1.066556 130313 40
CPU14 44.264910 130274 sgemm sgemm CUDA1 1.255662 130314 40
CPU6 71.394107 130275 sgemm sgemm CUDA3 0.072373 130315 40
CPU0 45.175364 130276 sgemm sgemm CUDA1 11.598137 130316 40
CPU12 44.466648 130277 sgemm sgemm CUDA1 1.249550 130317 40
CPU15 44.116469 130278 sgemm sgemm CUDA3 1.321240 130318 40
CPU19 44.621649 130279 sgemm sgemm CUDA3 1.263448 130319 40
CPU19 44.745808 130280 sgemm sgemm CUDA2 1.255720 130320 40
CPU4 44.707026 130281 sgemm sgemm CUDA1 1.261375 130321 40
CPU0 44.886809 130282 sgemm sgemm CUDA3 1.327822 130322 40
CPU13 44.690874 130283 sgemm sgemm CUDA3 1.260871 130323 40
CPU13 44.616191 130284 sgemm sgemm CUDA3 1.068477 130324 40
CPU3 44.439892 130285 sgemm sgemm CUDA1 1.254559 130325 40
CPU10 44.525159 130286 sgemm sgemm CUDA2 1.262063 130326 40
CPU3 44.773246 130287 sgemm sgemm CUDA2 1.070027 130327 40
CPU6 44.803185 130288 sgemm sgemm CUDA1 1.077074 130328 40
CPU11 44.192133 130289 sgemm sgemm CUDA2 1.066083 130329 40
CPU12 44.797813 130290 sgemm sgemm CUDA1 1.262043 130330 40
CPU13 44.598456 130291 sgemm sgemm CUDA2 1.069013 130331 40
CPU4 44.574038 130295 sgemm sgemm CUDA3 1.257033 130335 40
CPU2 44.523863 130296 sgemm sgemm CUDA1 12.854190 130336 40
CPU14 44.200964 130297 sgemm sgemm CUDA3 0.048035 130337 40
CPU6 47.572939 130298 sgemm sgemm CUDA3 1.202560 130338 40
CPU2 44.390875 130299 sgemm sgemm CUDA3 1.079471 130339 40
CPU10 44.340748 130300 sgemm sgemm CUDA1 0.050177 130340 40
CPU15 44.293034 130301 sgemm sgemm CUDA3 1.201755 130341 40
CPU18 44.392855 130302 sgemm sgemm CUDA1 1.248509 130342 40
CPU19 44.641560 130303 sgemm sgemm CUDA3 1.204489 130343 40
CPU0 44.965899 130304 sgemm sgemm CUDA1 1.079744 130344 40
CPU4 44.869256 130305 sgemm sgemm CUDA3 1.069476 130345 40
CPU17 44.346922 130306 sgemm sgemm CUDA0 1.002429 130346 40
CPU13 44.622909 130307 sgemm sgemm CUDA3 12.661975 130347 40
CPU9 44.671667 130308 sgemm sgemm CUDA0 1.260089 130348 40
CPU19 44.527070 130309 sgemm sgemm CUDA0 1.065402 130349 40
CPU0 44.799190 130310 sgemm sgemm CUDA0 1.253942 130350 40
CPU2 44.405106 130311 sgemm sgemm CUDA0 1.259921 130351 40
CPU13 44.537320 130312 sgemm sgemm CUDA0 1.063253 130352 40
CPU14 44.524649 130313 sgemm sgemm CUDA1 1.085943 130353 40
CPU19 44.621339 130314 sgemm sgemm CUDA3 0.040464 130354 40
CPU2 44.627588 130318 sgemm sgemm CUDA1 11.849141 130358 40
CPU7 44.806058 130319 sgemm sgemm CUDA1 0.063246 130359 40
CPU14 44.421625 130320 sgemm sgemm CUDA1 1.300163 130360 40
CPU7 45.076029 130321 sgemm sgemm CUDA1 1.081931 130361 40
CPU5 44.568809 130322 sgemm sgemm CUDA1 1.070079 130362 40
CPU12 44.594543 130323 sgemm sgemm CUDA1 6.390211 130363 40
CPU16 44.480165 130324 sgemm sgemm CUDA3 1.141030 130364 40
CPU10 44.484270 130325 sgemm sgemm CUDA3 1.066641 130365 40
CPU10 44.745745 130326 sgemm sgemm CUDA3 1.068177 130366 40
CPU0 44.680686 130327 sgemm sgemm CUDA3 1.067761 130367 40
CPU7 44.842782 130328 sgemm sgemm CUDA3 0.045946 130368 40
CPU13 44.457963 130329 sgemm sgemm CUDA3 1.062560 130369 40
CPU3 44.827140 130330 sgemm sgemm CUDA3 1.066968 130370 40
CPU7 45.112891 130331 sgemm sgemm CUDA1 1.068114 130371 40
CPU19 44.587090 130332 sgemm sgemm CUDA2 1.063697 130372 40
CPU13 44.443336 130333 sgemm sgemm CUDA2 1.255403 130373 40
CPU11 44.484565 130334 sgemm sgemm CUDA1 1.064427 130374 40
CPU13 44.506907 130335 sgemm sgemm CUDA2 1.260286 130375 40
CPU13 44.377498 130336 sgemm sgemm CUDA1 1.065219 130376 40
CPU10 44.436320 130337 sgemm sgemm CUDA2 1.069796 130377 40
CPU3 44.146433 130341 sgemm sgemm CUDA2 0.689694 130381 40
CPU9 44.346657 130342 sgemm sgemm CUDA2 1.070659 130382 40
CPU14 44.537540 130343 sgemm sgemm CUDA2 1.067886 130383 40
CPU6 45.192010 130344 sgemm sgemm CUDA3 1.261933 130384 40
CPU3 44.561418 130345 sgemm sgemm CUDA3 1.259101 130385 40
CPU12 44.467088 130346 sgemm sgemm CUDA2 1.066309 130386 40
CPU16 44.479603 130347 sgemm sgemm CUDA3 1.065506 130387 40
CPU10 44.642114 130348 sgemm sgemm CUDA3 1.253444 130388 40
CPU19 44.734084 130349 sgemm sgemm CUDA2 1.864944 130389 40
CPU7 44.635601 130350 sgemm sgemm CUDA2 1.069471 130390 40
CPU6 44.611085 130351 sgemm sgemm CUDA0 1.381761 130391 40
CPU8 44.410352 130352 sgemm sgemm CUDA0 1.067820 130392 40
CPU13 44.525198 130353 sgemm sgemm CUDA1 1.058982 130393 40
CPU3 44.632676 130354 sgemm sgemm CUDA0 1.063361 130394 40
CPU10 44.639344 130355 sgemm sgemm CUDA0 1.255285 130395 40
CPU1 44.466235 130356 sgemm sgemm CUDA3 1.073741 130396 40
CPU6 44.382123 130357 sgemm sgemm CUDA0 1.070596 130397 40
CPU9 44.520210 130358 sgemm sgemm CUDA2 1.070655 130398 40
CPU8 44.359594 130359 sgemm sgemm CUDA1 1.257346 130399 40
CPU7 44.556026 130360 sgemm sgemm CUDA2 1.257199 130400 40
CPU3 44.390688 130364 sgemm sgemm CUDA2 1.075604 130404 40
CPU9 44.664354 130365 sgemm sgemm CUDA3 0.323377 130405 40
CPU14 44.417274 130366 sgemm sgemm CUDA3 1.072315 130406 40
CPU8 44.518919 130367 sgemm sgemm CUDA3 1.066281 130407 40
CPU5 44.551310 130368 sgemm sgemm CUDA3 12.580847 130408 40
CPU10 44.345125 130369 sgemm sgemm CUDA2 0.241704 130409 40
CPU15 44.132509 130370 sgemm sgemm CUDA0 1.073275 130410 40
CPU18 44.562068 130371 sgemm sgemm CUDA0 1.072019 130411 40
CPU19 44.582944 130372 sgemm sgemm CUDA2 1.262873 130412 40
CPU0 44.775737 130373 sgemm sgemm CUDA2 1.079898 130413 40
CPU5 44.215369 130374 sgemm sgemm CUDA0 1.355326 130414 40
CPU6 44.764919 130375 sgemm sgemm CUDA0 1.280383 130415 40
CPU11 44.466589 130376 sgemm sgemm CUDA0 1.065966 130416 40
CPU18 44.497006 130377 sgemm sgemm CUDA2 1.258155 130417 40
CPU10 44.639587 130378 sgemm sgemm CUDA0 1.259968 130418 40
CPU4 44.582174 130379 sgemm sgemm CUDA0 12.047957 130419 40
CPU7 44.329577 130380 sgemm sgemm CUDA0 0.040767 130420 40
CPU12 44.603274 130381 sgemm sgemm CUDA2 12.122913 130421 40
CPU13 44.784326 130382 sgemm sgemm CUDA1 12.574289 130422 40
CPU19 44.645896 130383 sgemm sgemm CUDA3 1.089732 130423 40
CPU5 44.372859 130387 sgemm sgemm CUDA3 1.207744 130427 40
CPU1 44.420038 130388 sgemm sgemm CUDA3 1.064205 130428 40
CPU14 44.358471 130389 sgemm sgemm CUDA3 7.247560 130429 40
CPU7 44.925512 130390 sgemm sgemm CUDA3 0.044397 130430 40
CPU4 44.686168 130391 sgemm sgemm CUDA3 1.281878 130431 40
CPU12 44.404964 130392 sgemm sgemm CUDA2 1.065385 130432 40
CPU15 44.299282 130393 sgemm sgemm CUDA3 1.065302 130433 40
CPU17 44.549822 130394 sgemm sgemm CUDA2 1.065750 130434 40
CPU19 44.715618 130395 sgemm sgemm CUDA2 12.749202 130435 40
CPU4 44.533433 130396 sgemm sgemm CUDA2 0.087066 130436 40
CPU6 44.514417 130397 sgemm sgemm CUDA0 0.044867 130437 40
CPU11 44.796411 130398 sgemm sgemm CUDA0 1.298034 130438 40
CPU2 44.575826 130399 sgemm sgemm CUDA2 10.209725 130439 40
CPU6 44.764965 130400 sgemm sgemm CUDA2 0.042515 130440 40
CPU19 44.606013 130401 sgemm sgemm CUDA2 1.374620 130441 40
CPU13 44.498408 130402 sgemm sgemm CUDA0 1.254345 130442 40
CPU18 44.665487 130403 sgemm sgemm CUDA0 1.262134 130443 40
CPU12 44.481733 130404 sgemm sgemm CUDA0 1.265728 130444 40
CPU11 44.601121 130405 sgemm sgemm CUDA1 1.448099 130445 40
CPU10 44.546430 130406 sgemm sgemm CUDA0 6.816301 130446 40
CPU1 44.672092 130410 sgemm sgemm CUDA2 12.666996 130450 40
CPU0 45.207403 130411 sgemm sgemm CUDA1 1.258096 130451 40
CPU14 107.426047 130412 sgemm sgemm CUDA1 1.072567 130452 40
CPU6 45.195959 130413 sgemm sgemm CUDA1 1.064342 130453 40
CPU5 44.620015 130414 sgemm sgemm CUDA1 1.075306 130454 40
CPU12 44.231140 130415 sgemm sgemm CUDA1 1.270542 130455 40
CPU16 44.065855 130416 sgemm sgemm CUDA1 1.077090 130456 40
CPU17 44.526530 130417 sgemm sgemm CUDA1 1.072675 130457 40
CPU11 44.370146 130418 sgemm sgemm CUDA2 0.069129 130458 40
CPU3 44.683100 130419 sgemm sgemm CUDA1 13.256969 130459 40
CPU5 44.645701 130420 sgemm sgemm CUDA3 12.989789 130460 40
CPU2 44.595991 130421 sgemm sgemm CUDA3 0.045665 130461 40
CPU11 44.233895 130422 sgemm sgemm CUDA3 1.299555 130462 40
CPU19 44.586848 130423 sgemm sgemm CUDA1 0.106606 130463 40
CPU13 44.457408 130424 sgemm sgemm CUDA2 1.381888 130464 40
CPU2 44.612100 130425 sgemm sgemm CUDA2 1.074388 130465 40
CPU3 44.452363 130426 sgemm sgemm CUDA1 1.310941 130466 40
CPU12 44.428128 130427 sgemm sgemm CUDA0 1.067525 130467 40
CPU13 44.269083 130428 sgemm sgemm CUDA3 1.261437 130468 40
CPU13 44.405315 130429 sgemm sgemm CUDA0 1.065846 130469 40
CPU3 44.228541 130433 sgemm sgemm CUDA3 1.144965 130473 40
CPU2 44.242123 130434 sgemm sgemm CUDA3 1.075078 130474 40
CPU14 47.399738 130435 sgemm sgemm CUDA3 1.264425 130475 40
CPU6 44.494072 130436 sgemm sgemm CUDA3 1.075816 130476 40
CPU1 44.580622 130437 sgemm sgemm CUDA3 1.073337 130477 40
CPU10 44.355792 130438 sgemm sgemm CUDA2 1.178008 130478 40
CPU16 44.428505 130439 sgemm sgemm CUDA2 1.064535 130479 40
CPU18 44.442253 130440 sgemm sgemm CUDA2 1.256842 130480 40
CPU19 44.776460 130441 sgemm sgemm CUDA2 1.070581 130481 40
CPU1 44.421882 130442 sgemm sgemm CUDA2 1.258667 130482 40
CPU1 44.704864 130443 sgemm sgemm CUDA0 1.263493 130483 40
CPU1 44.568537 130444 sgemm sgemm CUDA0 1.254487 130484 40
CPU11 44.437931 130445 sgemm sgemm CUDA3 1.258452 130485 40
CPU8 44.614815 130446 sgemm sgemm CUDA2 1.069147 130486 40
CPU10 44.478832 130447 sgemm sgemm CUDA2 1.260509 130487 40
CPU2 44.523410 130448 sgemm sgemm CUDA2 12.722231 130488 40
CPU7 44.490466 130449 sgemm sgemm CUDA0 1.068234 130489 40
CPU9 44.552950 130450 sgemm sgemm CUDA0 1.262205 130490 40
CPU6 44.448049 130451 sgemm sgemm CUDA1 1.268233 130491 40
CPU2 44.543188 130452 sgemm sgemm CUDA0 1.264191 130492 40
CPU0 45.012230 130456 sgemm sgemm CUDA3 1.255106 130496 40
CPU8 44.700776 130457 sgemm sgemm CUDA3 1.064591 130497 40
CPU14 45.168434 130458 sgemm sgemm CUDA3 1.258317 130498 40
CPU6 45.097525 130459 sgemm sgemm CUDA3 1.069615 130499 40
CPU5 44.711850 130460 sgemm sgemm CUDA3 12.417445 130500 40
CPU12 44.217958 130461 sgemm sgemm CUDA2 0.268974 130501 40
CPU15 44.086850 130462 sgemm sgemm CUDA2 1.262480 130502 40
CPU19 44.422357 130463 sgemm sgemm CUDA1 1.060682 130503 40
CPU19 44.430097 130464 sgemm sgemm CUDA2 1.269947 130504 40
CPU3 44.800288 130465 sgemm sgemm CUDA1 1.266188 130505 40
CPU7 44.699003 130466 sgemm sgemm CUDA3 12.114742 130506 40
CPU0 45.137892 130467 sgemm sgemm CUDA2 1.258076 130507 40
CPU10 45.114848 130468 sgemm sgemm CUDA1 8.077402 130508 40
CPU6 44.431130 130469 sgemm sgemm CUDA2 1.256893 130509 40
CPU10 44.545920 130470 sgemm sgemm CUDA2 1.259143 130510 40
CPU0 44.913797 130471 sgemm sgemm CUDA2 9.600444 130511 40
CPU5 44.446173 130472 sgemm sgemm CUDA1 0.060704 130512 40
CPU9 44.632492 130473 sgemm sgemm CUDA0 1.360634 130513 40
CPU7 44.804767 130474 sgemm sgemm CUDA3 1.413155 130514 40
CPU9 44.957441 130475 sgemm sgemm CUDA3 1.077791 130515 40
CPU0 44.261894 130479 sgemm sgemm CUDA2 1.296035 130519 40
CPU2 44.221059 130480 sgemm sgemm CUDA3 1.306823 130520 40
CPU14 44.914963 130481 sgemm sgemm CUDA3 1.259052 130521 40
CPU7 44.394575 130482 sgemm sgemm CUDA3 1.261079 130522 40
CPU0 44.641689 130483 sgemm sgemm CUDA3 1.257149 130523 40
CPU12 44.596846 130484 sgemm sgemm CUDA2 1.269489 130524 40
CPU15 44.410830 130485 sgemm sgemm CUDA2 1.074806 130525 40
CPU10 44.675700 130486 sgemm sgemm CUDA2 1.257187 130526 40
CPU10 44.723159 130487 sgemm sgemm CUDA2 1.256150 130527 40
CPU6 44.805336 130488 sgemm sgemm CUDA2 1.067240 130528 40
CPU11 44.522770 130489 sgemm sgemm CUDA3 1.260244 130529 40
CPU10 44.555393 130490 sgemm sgemm CUDA2 1.069784 130530 40
CPU11 44.533474 130491 sgemm sgemm CUDA3 13.002304 130531 40
CPU3 44.207474 130492 sgemm sgemm CUDA1 0.929044 130532 40
CPU11 44.649904 130493 sgemm sgemm CUDA2 1.067450 130533 40
CPU3 44.283255 130494 sgemm sgemm CUDA2 12.067394 130534 40
CPU6 44.266074 130495 sgemm sgemm CUDA1 1.259984 130535 40
CPU10 44.678328 130496 sgemm sgemm CUDA3 0.322444 130536 40
CPU13 44.843265 130497 sgemm sgemm CUDA1 1.254342 130537 40
CPU1 44.335755 130498 sgemm sgemm CUDA3 1.809970 130538 40
CPU4 44.575681 130502 sgemm sgemm CUDA2 1.067916 130542 40
CPU9 44.345390 130503 sgemm sgemm CUDA3 0.063034 130543 40
CPU14 44.656696 130504 sgemm sgemm CUDA3 1.388423 130544 40
CPU6 44.929801 130505 sgemm sgemm CUDA3 1.070850 130545 40
CPU2 44.476896 130506 sgemm sgemm CUDA3 1.067875 130546 40
CPU10 44.565967 130507 sgemm sgemm CUDA2 1.064763 130547 40
CPU15 44.204629 130508 sgemm sgemm CUDA2 1.250577 130548 40
CPU18 44.242338 130509 sgemm sgemm CUDA2 1.255884 130549 40
CPU19 44.540287 130510 sgemm sgemm CUDA2 1.072514 130550 40
CPU2 44.385936 130511 sgemm sgemm CUDA2 1.261656 130551 40
CPU8 44.253374 130512 sgemm sgemm CUDA0 1.068724 130552 40
CPU4 45.132208 130513 sgemm sgemm CUDA2 1.257175 130553 40
CPU7 44.683809 130514 sgemm sgemm CUDA0 0.042891 130554 40
CPU10 44.826986 130515 sgemm sgemm CUDA0 1.357282 130555 40
CPU19 44.655968 130516 sgemm sgemm CUDA2 1.066632 130556 40
CPU0 44.578057 130517 sgemm sgemm CUDA2 10.400278 130557 40
CPU6 44.540022 130518 sgemm sgemm CUDA1 1.257452 130558 40
CPU12 44.654180 130519 sgemm sgemm CUDA1 1.064508 130559 40
CPU8 44.783036 130520 sgemm sgemm CUDA1 1.252718 130560 40
CPU18 44.534847 130521 sgemm sgemm CUDA0 1.264723 130561 40
CPU2 44.249783 130525 sgemm sgemm CUDA3 1.259140 130565 40
CPU7 44.525051 130526 sgemm sgemm CUDA3 1.072089 130566 40
CPU14 44.712235 130527 sgemm sgemm CUDA3 1.251316 130567 40
CPU8 44.474844 130528 sgemm sgemm CUDA3 1.264372 130568 40
CPU5 44.487758 130529 sgemm sgemm CUDA3 12.887918 130569 40
CPU12 44.455807 130530 sgemm sgemm CUDA1 1.258187 130570 40
CPU15 44.277739 130531 sgemm sgemm CUDA1 1.259275 130571 40
CPU19 44.504614 130532 sgemm sgemm CUDA1 1.254195 130572 40
CPU19 44.486736 130533 sgemm sgemm CUDA1 1.260148 130573 40
CPU1 44.698614 130534 sgemm sgemm CUDA1 1.260732 130574 40
CPU3 44.259162 130535 sgemm sgemm CUDA0 1.280435 130575 40
CPU6 44.823101 130536 sgemm sgemm CUDA0 1.062246 130576 40
CPU0 44.957068 130537 sgemm sgemm CUDA0 1.069710 130577 40
CPU12 44.632809 130538 sgemm sgemm CUDA0 1.259529 130578 40
CPU10 44.493126 130539 sgemm sgemm CUDA0 1.258424 130579 40
CPU1 44.513186 130540 sgemm sgemm CUDA0 1.068997 130580 40
CPU8 44.345158 130541 sgemm sgemm CUDA1 1.259000 130581 40
CPU4 44.694717 130542 sgemm sgemm CUDA1 1.256080 130582 40
CPU9 44.459984 130543 sgemm sgemm CUDA1 12.421583 130583 40
CPU6 46.526513 130544 sgemm sgemm CUDA0 1.259215 130584 40
CPU4 44.363523 130548 sgemm sgemm CUDA3 1.069906 130588 40
CPU0 44.666027 130549 sgemm sgemm CUDA3 1.252160 130589 40
CPU14 44.756216 130550 sgemm sgemm CUDA3 1.258294 130590 40
CPU6 44.650793 130551 sgemm sgemm CUDA3 1.071021 130591 40
CPU3 44.241053 130552 sgemm sgemm CUDA1 1.256597 130592 40
CPU12 44.423619 130553 sgemm sgemm CUDA1 1.257487 130593 40
CPU15 44.431832 130554 sgemm sgemm CUDA1 1.256365 130594 40
CPU19 44.683353 130555 sgemm sgemm CUDA1 1.255855 130595 40
CPU10 44.625929 130556 sgemm sgemm CUDA1 1.070531 130596 40
CPU1 44.360615 130557 sgemm sgemm CUDA1 1.256461 130597 40
CPU9 44.242701 130558 sgemm sgemm CUDA3 12.941036 130598 40
CPU9 44.027046 130559 sgemm sgemm CUDA0 1.332661 130599 40
CPU6 44.575720 130560 sgemm sgemm CUDA0 1.068661 130600 40
CPU5 44.148654 130561 sgemm sgemm CUDA1 1.065296 130601 40
CPU19 44.700610 130562 sgemm sgemm CUDA0 12.318602 130602 40
CPU1 44.515614 130563 sgemm sgemm CUDA0 1.064983 130603 40
CPU7 44.178053 130564 sgemm sgemm CUDA0 1.257862 130604 40
CPU9 44.376783 130565 sgemm sgemm CUDA1 1.263134 130605 40
CPU1 44.173104 130566 sgemm sgemm CUDA1 1.068870 130606 40
CPU7 44.275168 130567 sgemm sgemm CUDA0 1.263906 130607 40
CPU1 44.318897 130571 sgemm sgemm CUDA2 1.081864 130611 40
CPU0 44.719355 130572 sgemm sgemm CUDA3 12.049381 130612 40
CPU14 44.631216 130573 sgemm sgemm CUDA2 1.256723 130613 40
CPU7 44.522903 130574 sgemm sgemm CUDA3 0.130103 130614 40
CPU5 44.235906 130575 sgemm sgemm CUDA3 1.346235 130615 40
CPU10 44.604756 130576 sgemm sgemm CUDA3 1.078604 130616 40
CPU16 44.393270 130577 sgemm sgemm CUDA2 1.262268 130617 40
CPU18 44.125715 130578 sgemm sgemm CUDA3 1.087679 130618 40
CPU19 44.642366 130579 sgemm sgemm CUDA2 1.066070 130619 40
CPU0 44.822855 130580 sgemm sgemm CUDA2 12.649874 130620 40
CPU2 44.390171 130581 sgemm sgemm CUDA0 1.257443 130621 40
CPU7 44.462475 130582 sgemm sgemm CUDA0 1.292516 130622 40
CPU11 44.291042 130583 sgemm sgemm CUDA0 0.057918 130623 40
CPU9 44.386601 130584 sgemm sgemm CUDA0 1.386965 130624 40
CPU19 44.558160 130585 sgemm sgemm CUDA2 0.724672 130625 40
CPU2 44.372289 130586 sgemm sgemm CUDA0 1.067454 130626 40
CPU7 44.611658 130587 sgemm sgemm CUDA0 1.256310 130627 40
CPU6 44.424870 130588 sgemm sgemm CUDA3 8.297246 130628 40
CPU4 44.420256 130589 sgemm sgemm CUDA3 0.058144 130629 40
CPU5 44.267857 130590 sgemm sgemm CUDA0 1.067142 130630 40
CPU1 44.368819 130594 sgemm sgemm CUDA3 1.279995 130634 40
CPU7 44.671071 130595 sgemm sgemm CUDA2 0.053708 130635 40
CPU14 44.361750 130596 sgemm sgemm CUDA2 1.312731 130636 40
CPU6 45.277027 130597 sgemm sgemm CUDA3 1.131050 130637 40
CPU4 44.930965 130598 sgemm sgemm CUDA3 1.274715 130638 40
CPU12 44.301577 130599 sgemm sgemm CUDA3 6.705808 130639 40
CPU15 44.210286 130600 sgemm sgemm CUDA0 1.262531 130640 40
CPU10 44.464726 130601 sgemm sgemm CUDA0 1.076270 130641 40
CPU19 44.513218 130602 sgemm sgemm CUDA0 1.076346 130642 40
CPU1 44.521025 130603 sgemm sgemm CUDA2 1.264576 130643 40
CPU6 44.446106 130604 sgemm sgemm CUDA0 1.071085 130644 40
CPU6 45.149661 130605 sgemm sgemm CUDA2 1.274634 130645 40
CPU11 44.038326 130606 sgemm sgemm CUDA3 1.225277 130646 40
CPU5 44.841491 130607 sgemm sgemm CUDA3 0.043767 130647 40
CPU1 44.458832 130608 sgemm sgemm CUDA0 1.263257 130648 40
CPU2 44.694196 130609 sgemm sgemm CUDA0 1.255148 130649 40
CPU7 44.731048 130610 sgemm sgemm CUDA0 1.259368 130650 40
CPU9 44.514543 130611 sgemm sgemm CUDA1 1.203928 130651 40
CPU2 44.688520 130612 sgemm sgemm CUDA3 1.297730 130652 40
CPU4 44.905225 130613 sgemm sgemm CUDA2 1.262153 130653 40
CPU7 44.548470 130617 sgemm sgemm CUDA2 1.068923 130657 40
CPU0 44.580541 130618 sgemm sgemm CUDA2 1.198452 130658 40
CPU14 44.645690 130619 sgemm sgemm CUDA2 1.007423 130659 40
CPU7 44.511004 130620 sgemm sgemm CUDA1 1.259126 130660 40
CPU5 44.281233 130621 sgemm sgemm CUDA1 1.003219 130661 40
CPU10 44.682668 130622 sgemm sgemm CUDA2 1.005999 130662 40
CPU15 44.467658 130623 sgemm sgemm CUDA1 1.011909 130663 40
CPU10 44.761112 130624 sgemm sgemm CUDA1 1.014743 130664 40
CPU19 45.281303 130625 sgemm sgemm CUDA1 1.204878 130665 40
CPU2 44.239052 130626 sgemm sgemm CUDA1 1.004712 130666 40
CPU10 44.559856 130627 sgemm sgemm CUDA0 1.252549 130667 40
CPU11 44.453894 130628 sgemm sgemm CUDA0 1.008349 130668 40
CPU4 44.863446 130629 sgemm sgemm CUDA1 1.201246 130669 40
CPU1 44.703373 130630 sgemm sgemm CUDA0 1.009994 130670 40
CPU10 44.560215 130631 sgemm sgemm CUDA2 1.005146 130671 40
CPU3 44.576748 130632 sgemm sgemm CUDA0 1.010075 130672 40
CPU0 44.516707 130633 sgemm sgemm CUDA1 24.407937 130673 40
CPU10 44.770834 130634 sgemm sgemm CUDA1 0.053467 130674 40
CPU8 44.719206 130635 sgemm sgemm CUDA1 1.253475 130675 40
CPU8 47.135401 130636 sgemm sgemm CUDA2 1.200691 130676 40
CPU1 44.291006 130640 sgemm sgemm CUDA3 1.202473 130680 40
CPU7 44.544778 130641 sgemm sgemm CUDA3 1.267722 130681 40
CPU14 44.778436 130642 sgemm sgemm CUDA3 1.256279 130682 40
CPU6 44.546307 130643 sgemm sgemm CUDA3 1.258614 130683 40
CPU9 44.455354 130644 sgemm sgemm CUDA3 1.256836 130684 40
CPU12 44.730737 130645 sgemm sgemm CUDA1 1.157020 130685 40
CPU16 44.544021 130646 sgemm sgemm CUDA1 1.080549 130686 40
CPU18 44.568475 130647 sgemm sgemm CUDA3 1.071139 130687 40
CPU10 44.779713 130648 sgemm sgemm CUDA1 1.083276 130688 40
CPU10 44.721596 130649 sgemm sgemm CUDA1 1.068597 130689 40
CPU1 44.285493 130650 sgemm sgemm CUDA3 1.073841 130690 40
CPU8 44.258560 130651 sgemm sgemm CUDA0 1.078120 130691 40
CPU5 44.351549 130652 sgemm sgemm CUDA3 1.072982 130692 40
CPU10 44.894016 130653 sgemm sgemm CUDA1 1.275056 130693 40
CPU4 44.243286 130654 sgemm sgemm CUDA0 17.865251 130694 40
CPU3 44.496890 130655 sgemm sgemm CUDA0 0.060123 130695 40
CPU6 44.336522 130656 sgemm sgemm CUDA1 1.273684 130696 40
CPU12 44.729919 130657 sgemm sgemm CUDA1 1.256738 130697 40
CPU1 44.320430 130658 sgemm sgemm CUDA3 1.073348 130698 40
CPU5 44.175497 130659 sgemm sgemm CUDA3 24.303607 130699 40
CPU2 31.783260 130665 strsm strsm CUDA2 13.276129 130705 40
CPU9 31.887239 130669 strsm strsm CUDA2 11.951214 130709 40
CPU14 31.912687 130673 strsm strsm CUDA3 0.306442 130713 40
CPU7 32.517822 130677 strsm strsm CUDA3 13.410673 130717 40
CPU5 32.161788 130681 strsm strsm CUDA3 0.186148 130721 40
CPU12 32.934606 130685 strsm strsm CUDA1 2.964301 130725 40
CPU15 31.399122 130689 strsm strsm CUDA2 2.607088 130729 40
CPU19 32.332517 130693 strsm strsm CUDA2 2.217898 130733 40
CPU19 32.304633 130697 strsm strsm CUDA2 5.022893 130737 40
CPU6 32.355563 130701 strsm strsm CUDA1 6.667133 130741 40
CPU6 32.411524 130705 strsm strsm CUDA3 0.078414 130745 40
CPU4 32.897624 130709 strsm strsm CUDA0 2.755739 130749 40
CPU0 34.044498 130713 strsm strsm CUDA2 0.189023 130753 40
CPU18 31.916695 130717 strsm strsm CUDA0 9.630395 130757 40
CPU0 32.497181 130721 strsm strsm CUDA3 2.431413 130761 40
CPU13 32.227819 130725 strsm strsm CUDA0 0.208150 130765 40
CPU18 32.807618 130729 strsm strsm CUDA1 0.071970 130769 40
CPU10 32.045406 130733 strsm strsm CUDA2 6.284742 130773 40
CPU8 32.601520 130737 strsm strsm CUDA1 6.226961 130777 40
CPU6 33.584862 130741 strsm strsm CUDA3 2.066653 130781 40
CPU0 15.035847 130745 strtri strtri CPU -1 130785 40
CPU7 31.160032 130747 strsm strsm CUDA1 2.946662 130787 40
CPU11 30.942708 130749 strsm strsm CUDA0 2.900247 130789 40
CPU0 32.835505 130751 strsm strsm CUDA1 2.852367 130791 40
CPU7 31.178298 130753 strsm strsm CUDA3 2.795798 130793 40
CPU7 30.997560 130755 strsm strsm CUDA1 2.870428 130795 40
CPU7 30.983015 130757 strsm strsm CUDA3 12.992555 130797 40
CPU1 30.575818 130759 strsm strsm CUDA1 12.324582 130799 40
CPU14 32.149789 130761 strsm strsm CUDA3 2.818497 130801 40
CPU3 30.781768 130763 strsm strsm CUDA3 2.782123 130803 40
CPU19 30.938339 130765 strsm strsm CUDA0 8.545307 130805 40
CPU2 30.866447 130767 strsm strsm CUDA1 3.166027 130807 40
CPU0 31.220252 130769 strsm strsm CUDA1 3.121471 130809 40
CPU11 31.477752 130771 strsm strsm CUDA1 3.104726 130811 40
CPU8 30.730296 130773 strsm strsm CUDA1 14.119670 130813 40
CPU4 30.941561 130775 strsm strsm CUDA1 2.856117 130815 40
CPU7 31.428021 130777 strsm strsm CUDA3 2.743010 130817 40
CPU6 31.225310 130779 strsm strsm CUDA3 2.807560 130819 40
CPU8 30.763474 130781 strsm strsm CUDA0 2.811553 130821 40
CPU10 31.206973 130783 strsm strsm CUDA0 10.646794 130823 40
CPU4 30.945403 130785 strsm strsm CUDA2 2.959278 130825 40
CPU11 30.790223 130787 strsm strsm CUDA3 13.067288 130827 40
CPU10 31.528995 130789 strsm strsm CUDA3 14.529120 130829 40
CPU0 31.269393 130791 strsm strsm CUDA3 2.898216 130831 40
CPU10 31.348617 130793 strsm strsm CUDA3 3.015447 130833 40
CPU19 31.356986 130795 strsm strsm CUDA2 0.322083 130835 40
CPU4 31.245039 130797 strsm strsm CUDA2 2.831126 130837 40
CPU19 31.244079 130799 strsm strsm CUDA1 13.244550 130839 40
CPU6 30.832575 130801 strsm strsm CUDA3 13.337407 130841 40
CPU7 44.576650 130803 sgemm sgemm CUDA3 1.254136 130843 40
CPU1 44.326782 130804 sgemm sgemm CUDA1 1.067176 130844 40
CPU14 44.678163 130805 sgemm sgemm CUDA1 1.203853 130845 40
CPU6 44.542325 130806 sgemm sgemm CUDA1 1.035425 130846 40
CPU3 44.316678 130807 sgemm sgemm CUDA1 1.227100 130847 40
CPU3 44.465094 130808 sgemm sgemm CUDA2 0.039971 130848 40
CPU15 44.209762 130809 sgemm sgemm CUDA3 13.052661 130849 40
CPU19 44.430170 130810 sgemm sgemm CUDA3 0.057426 130850 40
CPU19 44.648205 130811 sgemm sgemm CUDA2 1.309270 130851 40
CPU2 44.159470 130812 sgemm sgemm CUDA3 1.365787 130852 40
CPU5 44.064083 130813 sgemm sgemm CUDA3 1.033776 130853 40
CPU12 44.624145 130814 sgemm sgemm CUDA3 1.234643 130854 40
CPU7 44.508513 130815 sgemm sgemm CUDA3 1.239066 130855 40
CPU8 44.941604 130816 sgemm sgemm CUDA1 1.037695 130856 40
CPU7 44.437485 130817 sgemm sgemm CUDA0 1.002301 130857 40
CPU9 44.096184 130818 sgemm sgemm CUDA2 1.237880 130858 40
CPU8 44.312986 130819 sgemm sgemm CUDA0 1.205461 130859 40
CPU2 44.266405 130820 sgemm sgemm CUDA2 1.233749 130860 40
CPU0 44.484010 130821 sgemm sgemm CUDA0 1.206217 130861 40
CPU1 44.479009 130822 sgemm sgemm CUDA1 1.040434 130862 40
CPU8 44.185500 130823 sgemm sgemm CUDA0 1.216311 130863 40
CPU10 44.624252 130827 sgemm sgemm CUDA0 1.274578 130867 40
CPU8 44.354300 130828 sgemm sgemm CUDA1 0.983352 130868 40
CPU14 44.356489 130829 sgemm sgemm CUDA1 1.200194 130869 40
CPU6 44.971938 130830 sgemm sgemm CUDA1 1.262156 130870 40
CPU4 44.488597 130831 sgemm sgemm CUDA1 1.068956 130871 40
CPU10 44.511669 130832 sgemm sgemm CUDA0 1.255115 130872 40
CPU16 44.267732 130833 sgemm sgemm CUDA3 1.310257 130873 40
CPU17 44.469444 130834 sgemm sgemm CUDA3 1.070692 130874 40
CPU19 44.781674 130835 sgemm sgemm CUDA2 1.067017 130875 40
CPU3 44.066645 130836 sgemm sgemm CUDA3 1.259634 130876 40
CPU0 44.584449 130837 sgemm sgemm CUDA3 1.258476 130877 40
CPU12 44.448539 130838 sgemm sgemm CUDA3 1.257085 130878 40
CPU3 44.804850 130839 sgemm sgemm CUDA2 1.068472 130879 40
CPU0 45.113632 130840 sgemm sgemm CUDA2 1.257618 130880 40
CPU10 44.406744 130841 sgemm sgemm CUDA0 7.456070 130881 40
CPU9 44.263151 130842 sgemm sgemm CUDA2 1.064131 130882 40
CPU1 44.563300 130843 sgemm sgemm CUDA0 0.074234 130883 40
CPU2 44.528619 130844 sgemm sgemm CUDA2 1.068434 130884 40
CPU5 44.434416 130845 sgemm sgemm CUDA0 1.255477 130885 40
CPU7 44.473582 130846 sgemm sgemm CUDA2 1.263338 130886 40
CPU5 44.623919 130847 sgemm sgemm CUDA0 1.258835 130887 40
CPU1 44.489398 130851 sgemm sgemm CUDA3 0.043598 130891 40
CPU1 44.516247 130852 sgemm sgemm CUDA1 1.004209 130892 40
CPU14 44.409173 130853 sgemm sgemm CUDA1 1.259844 130893 40
CPU8 44.575447 130854 sgemm sgemm CUDA1 1.262079 130894 40
CPU9 44.810582 130855 sgemm sgemm CUDA1 1.067186 130895 40
CPU3 44.639865 130856 sgemm sgemm CUDA0 1.388327 130896 40
CPU15 44.411850 130857 sgemm sgemm CUDA3 1.300207 130897 40
CPU18 44.293593 130858 sgemm sgemm CUDA3 1.258160 130898 40
CPU19 44.924695 130859 sgemm sgemm CUDA2 1.070579 130899 40
CPU4 44.964366 130860 sgemm sgemm CUDA2 1.257336 130900 40
CPU10 44.400055 130861 sgemm sgemm CUDA0 1.065347 130901 40
CPU11 44.222957 130862 sgemm sgemm CUDA0 1.255341 130902 40
CPU0 44.809883 130863 sgemm sgemm CUDA2 12.246079 130903 40
CPU9 44.583765 130864 sgemm sgemm CUDA1 12.412277 130904 40
CPU19 44.360868 130865 sgemm sgemm CUDA0 1.259839 130905 40
CPU9 44.322919 130866 sgemm sgemm CUDA2 0.044492 130906 40
CPU11 44.322294 130867 sgemm sgemm CUDA0 1.064451 130907 40
CPU2 44.879555 130868 sgemm sgemm CUDA2 11.929254 130908 40
CPU11 44.267942 130869 sgemm sgemm CUDA3 1.073236 130909 40
CPU2 44.734336 130870 sgemm sgemm CUDA2 0.044931 130910 40
CPU6 44.413386 130871 sgemm sgemm CUDA2 1.311747 130911 40
CPU3 44.238705 130875 sgemm sgemm CUDA3 1.285749 130915 40
CPU1 44.424328 130876 sgemm sgemm CUDA1 1.204361 130916 40
CPU14 44.412418 130877 sgemm sgemm CUDA1 12.864358 130917 40
CPU8 44.380080 130878 sgemm sgemm CUDA1 0.054284 130918 40
CPU2 44.479803 130879 sgemm sgemm CUDA1 1.346949 130919 40
CPU12 44.778644 130880 sgemm sgemm CUDA0 1.259184 130920 40
CPU15 44.508234 130881 sgemm sgemm CUDA3 1.262631 130921 40
CPU17 44.493961 130882 sgemm sgemm CUDA3 1.074634 130922 40
CPU19 44.412294 130883 sgemm sgemm CUDA3 1.263065 130923 40
CPU3 44.322926 130884 sgemm sgemm CUDA2 1.256946 130924 40
CPU3 44.309410 130885 sgemm sgemm CUDA3 1.069388 130925 40
CPU12 44.409318 130886 sgemm sgemm CUDA0 1.260229 130926 40
CPU11 44.260579 130887 sgemm sgemm CUDA2 1.255939 130927 40
CPU1 44.095978 130888 sgemm sgemm CUDA1 1.072607 130928 40
CPU19 44.556047 130889 sgemm sgemm CUDA0 1.072937 130929 40
CPU9 44.296556 130890 sgemm sgemm CUDA2 1.071706 130930 40
CPU7 44.639162 130891 sgemm sgemm CUDA0 1.248585 130931 40
CPU1 44.573612 130892 sgemm sgemm CUDA2 1.013656 130932 40
CPU10 44.614664 130893 sgemm sgemm CUDA0 1.066183 130933 40
CPU12 44.035539 130894 sgemm sgemm CUDA2 1.073134 130934 40
CPU18 44.420203 130895 sgemm sgemm CUDA2 1.255038 130935 40
CPU5 44.285881 130899 sgemm sgemm CUDA3 1.066592 130939 40
CPU1 44.356878 130900 sgemm sgemm CUDA1 1.076894 130940 40
CPU14 44.476486 130901 sgemm sgemm CUDA1 12.651667 130941 40
CPU8 44.270519 130902 sgemm sgemm CUDA1 11.985656 130942 40
CPU1 44.387780 130903 sgemm sgemm CUDA1 1.221119 130943 40
CPU4 44.644517 130904 sgemm sgemm CUDA2 1.276399 130944 40
CPU16 44.540882 130905 sgemm sgemm CUDA3 1.068473 130945 40
CPU19 44.694299 130906 sgemm sgemm CUDA3 1.262162 130946 40
CPU19 44.698620 130907 sgemm sgemm CUDA2 1.256496 130947 40
CPU9 44.172934 130908 sgemm sgemm CUDA2 1.064617 130948 40
CPU2 44.256850 130909 sgemm sgemm CUDA3 1.258204 130949 40
CPU12 44.633960 130910 sgemm sgemm CUDA3 1.259076 130950 40
CPU10 44.504189 130911 sgemm sgemm CUDA2 1.259290 130951 40
CPU7 44.618694 130912 sgemm sgemm CUDA1 1.261428 130952 40
CPU19 44.775498 130913 sgemm sgemm CUDA2 1.068031 130953 40
CPU0 44.664721 130914 sgemm sgemm CUDA2 1.258122 130954 40
CPU12 44.519392 130915 sgemm sgemm CUDA0 1.067041 130955 40
CPU4 44.506860 130916 sgemm sgemm CUDA0 1.259985 130956 40
CPU8 43.989623 130917 sgemm sgemm CUDA1 0.039814 130957 40
CPU10 44.637676 130918 sgemm sgemm CUDA2 1.258609 130958 40
CPU4 44.452286 130919 sgemm sgemm CUDA0 1.069152 130959 40
CPU4 44.547492 130923 sgemm sgemm CUDA3 3.272739 130963 40
CPU8 44.451237 130924 sgemm sgemm CUDA1 1.226300 130964 40
CPU14 44.503882 130925 sgemm sgemm CUDA1 1.256208 130965 40
CPU6 44.600889 130926 sgemm sgemm CUDA1 1.069885 130966 40
CPU3 44.345764 130927 sgemm sgemm CUDA1 5.605540 130967 40
CPU10 44.695043 130928 sgemm sgemm CUDA2 0.060537 130968 40
CPU16 44.482647 130929 sgemm sgemm CUDA3 1.066762 130969 40
CPU17 44.631056 130930 sgemm sgemm CUDA1 1.382559 130970 40
CPU19 44.630988 130931 sgemm sgemm CUDA2 3.262321 130971 40
CPU2 44.313472 130932 sgemm sgemm CUDA2 0.052620 130972 40
CPU9 44.953786 130933 sgemm sgemm CUDA3 1.289556 130973 40
CPU11 44.453994 130934 sgemm sgemm CUDA3 5.791248 130974 40
CPU10 44.715877 130935 sgemm sgemm CUDA3 0.042077 130975 40
CPU6 44.082807 130936 sgemm sgemm CUDA1 1.071579 130976 40
CPU0 44.733519 130937 sgemm sgemm CUDA2 1.279786 130977 40
CPU9 44.019411 130938 sgemm sgemm CUDA2 1.064719 130978 40
CPU6 44.525142 130939 sgemm sgemm CUDA0 1.241726 130979 40
CPU13 44.684623 130940 sgemm sgemm CUDA2 1.066221 130980 40
CPU4 44.252861 130941 sgemm sgemm CUDA0 1.070471 130981 40
CPU2 44.224042 130942 sgemm sgemm CUDA2 1.066760 130982 40
CPU13 44.695403 130943 sgemm sgemm CUDA0 1.255246 130983 40
CPU10 44.790664 130947 sgemm sgemm CUDA3 1.067207 130987 40
CPU8 44.368209 130948 sgemm sgemm CUDA3 1.074280 130988 40
CPU14 44.524077 130949 sgemm sgemm CUDA1 1.269777 130989 40
CPU6 44.491691 130950 sgemm sgemm CUDA1 1.275649 130990 40
CPU5 44.207377 130951 sgemm sgemm CUDA1 1.064324 130991 40
CPU12 45.016655 130952 sgemm sgemm CUDA2 1.273078 130992 40
CPU16 44.486854 130953 sgemm sgemm CUDA3 12.375028 130993 40
CPU10 44.694960 130954 sgemm sgemm CUDA3 1.310035 130994 40
CPU19 44.675880 130955 sgemm sgemm CUDA2 1.258461 130995 40
CPU3 44.460925 130956 sgemm sgemm CUDA2 0.042310 130996 40
CPU2 44.337594 130957 sgemm sgemm CUDA3 1.262239 130997 40
CPU12 44.536834 130958 sgemm sgemm CUDA3 1.261599 130998 40
CPU19 44.596671 130959 sgemm sgemm CUDA3 1.066254 130999 40
CPU3 44.443992 130960 sgemm sgemm CUDA1 13.070525 131000 40
CPU6 44.436961 130961 sgemm sgemm CUDA2 1.338020 131001 40
CPU10 44.785283 130962 sgemm sgemm CUDA2 1.070059 131002 40
CPU9 44.427998 130963 sgemm sgemm CUDA0 1.277533 131003 40
CPU5 44.407351 130964 sgemm sgemm CUDA0 1.276374 131004 40
CPU6 44.419735 130965 sgemm sgemm CUDA0 1.261309 131005 40
CPU10 44.659697 130966 sgemm sgemm CUDA1 1.425498 131006 40
CPU19 44.559515 130967 sgemm sgemm CUDA0 1.264808 131007 40
CPU10 44.892199 130971 sgemm sgemm CUDA3 6.591498 131011 40
CPU7 44.684821 130972 sgemm sgemm CUDA3 0.045465 131012 40
CPU14 44.513855 130973 sgemm sgemm CUDA3 1.282341 131013 40
CPU6 44.914803 130974 sgemm sgemm CUDA3 1.069498 131014 40
CPU4 44.537468 130975 sgemm sgemm CUDA1 1.003162 131015 40
CPU12 44.728949 130976 sgemm sgemm CUDA1 6.613659 131016 40
CPU16 44.421774 130977 sgemm sgemm CUDA3 1.264856 131017 40
CPU19 44.387456 130978 sgemm sgemm CUDA1 0.044263 131018 40
CPU19 44.468334 130979 sgemm sgemm CUDA2 1.072777 131019 40
CPU1 44.527911 130980 sgemm sgemm CUDA1 1.275310 131020 40
CPU6 44.441579 130981 sgemm sgemm CUDA3 1.069525 131021 40
CPU11 44.795220 130982 sgemm sgemm CUDA3 1.262039 131022 40
CPU7 44.740150 130983 sgemm sgemm CUDA2 1.078269 131023 40
CPU0 45.052517 130984 sgemm sgemm CUDA2 13.217737 131024 40
CPU9 44.459628 130985 sgemm sgemm CUDA2 0.091567 131025 40
CPU9 44.220642 130986 sgemm sgemm CUDA2 1.327561 131026 40
CPU4 44.512869 130987 sgemm sgemm CUDA0 1.316981 131027 40
CPU11 44.283630 130988 sgemm sgemm CUDA0 1.252931 131028 40
CPU13 44.923474 130989 sgemm sgemm CUDA0 1.065890 131029 40
CPU13 44.680852 130990 sgemm sgemm CUDA1 1.066680 131030 40
CPU13 44.812117 130991 sgemm sgemm CUDA2 1.065664 131031 40
CPU10 44.777838 130995 sgemm sgemm CUDA3 7.088111 131035 40
CPU9 44.652205 130996 sgemm sgemm CUDA3 1.311350 131036 40
CPU14 44.580148 130997 sgemm sgemm CUDA3 1.067839 131037 40
CPU6 44.979482 130998 sgemm sgemm CUDA3 1.075848 131038 40
CPU0 44.813361 130999 sgemm sgemm CUDA1 1.370284 131039 40
CPU9 44.606945 131000 sgemm sgemm CUDA1 10.749731 131040 40
CPU16 44.459165 131001 sgemm sgemm CUDA3 1.073892 131041 40
CPU11 44.566624 131002 sgemm sgemm CUDA3 1.255752 131042 40
CPU19 44.372372 131003 sgemm sgemm CUDA3 1.255067 131043 40
CPU8 44.424777 131004 sgemm sgemm CUDA1 1.365180 131044 40
CPU3 44.657241 131005 sgemm sgemm CUDA3 1.255000 131045 40
CPU12 44.436364 131006 sgemm sgemm CUDA3 1.257665 131046 40
CPU13 44.624909 131007 sgemm sgemm CUDA3 1.256914 131047 40
CPU9 44.690745 131008 sgemm sgemm CUDA1 1.263788 131048 40
CPU8 44.633937 131009 sgemm sgemm CUDA2 1.255358 131049 40
CPU12 44.455303 131010 sgemm sgemm CUDA2 1.255036 131050 40
CPU13 44.757517 131011 sgemm sgemm CUDA0 1.352808 131051 40
CPU12 44.554161 131012 sgemm sgemm CUDA0 1.253584 131052 40
CPU10 44.554166 131013 sgemm sgemm CUDA0 1.062575 131053 40
CPU13 44.631358 131014 sgemm sgemm CUDA1 1.110646 131054 40
CPU13 44.559667 131015 sgemm sgemm CUDA1 1.068100 131055 40
CPU10 44.978448 131019 sgemm sgemm CUDA3 1.063394 131059 40
CPU9 44.526754 131020 sgemm sgemm CUDA3 1.253780 131060 40
CPU14 44.549223 131021 sgemm sgemm CUDA3 1.066373 131061 40
CPU6 44.834955 131022 sgemm sgemm CUDA3 16.572916 131062 40
CPU1 44.923940 131023 sgemm sgemm CUDA1 1.073154 131063 40
CPU10 44.518286 131024 sgemm sgemm CUDA1 1.253998 131064 40
CPU16 44.230896 131025 sgemm sgemm CUDA3 0.045765 131065 40
CPU17 44.385970 131026 sgemm sgemm CUDA3 1.373282 131066 40
CPU19 44.415681 131027 sgemm sgemm CUDA3 1.257859 131067 40
CPU0 44.649141 131028 sgemm sgemm CUDA1 1.058080 131068 40
CPU4 45.365485 131029 sgemm sgemm CUDA3 1.067799 131069 40
CPU11 44.378735 131030 sgemm sgemm CUDA0 1.073573 131070 40
CPU9 44.204384 131031 sgemm sgemm CUDA1 1.069919 131071 40
CPU16 44.376997 131032 sgemm sgemm CUDA0 1.259717 131072 40
CPU2 44.345005 131033 sgemm sgemm CUDA0 1.256243 131073 40
CPU4 44.425023 131034 sgemm sgemm CUDA0 1.255319 131074 40
CPU6 44.666511 131035 sgemm sgemm CUDA0 1.259342 131075 40
CPU15 44.400382 131036 sgemm sgemm CUDA0 1.066658 131076 40
CPU18 44.279830 131037 sgemm sgemm CUDA0 12.232213 131077 40
CPU13 44.475158 131038 sgemm sgemm CUDA1 1.257452 131078 40
CPU13 44.591474 131039 sgemm sgemm CUDA1 1.255063 131079 40
CPU10 44.832600 131043 sgemm sgemm CUDA2 1.069007 131083 40
CPU8 44.732367 131044 sgemm sgemm CUDA2 1.259636 131084 40
CPU14 44.235045 131045 sgemm sgemm CUDA1 1.082328 131085 40
CPU8 44.498060 131046 sgemm sgemm CUDA1 1.260503 131086 40
CPU2 45.726048 131047 sgemm sgemm CUDA1 1.068559 131087 40
CPU12 44.614019 131048 sgemm sgemm CUDA1 1.258507 131088 40
CPU15 44.238662 131049 sgemm sgemm CUDA2 1.071513 131089 40
CPU10 44.489983 131050 sgemm sgemm CUDA1 1.067750 131090 40
CPU19 44.482100 131051 sgemm sgemm CUDA2 1.259025 131091 40
CPU5 44.319929 131052 sgemm sgemm CUDA1 1.256317 131092 40
CPU7 44.782152 131053 sgemm sgemm CUDA0 1.064159 131093 40
CPU12 44.302963 131054 sgemm sgemm CUDA0 1.254769 131094 40
CPU12 44.386252 131055 sgemm sgemm CUDA2 1.062910 131095 40
CPU0 45.175425 131056 sgemm sgemm CUDA0 12.702485 131096 40
CPU19 44.462963 131057 sgemm sgemm CUDA0 0.204882 131097 40
CPU0 44.725777 131058 sgemm sgemm CUDA2 1.259280 131098 40
CPU7 44.777612 131059 sgemm sgemm CUDA1 1.065262 131099 40
CPU2 45.137737 131060 sgemm sgemm CUDA2 13.251526 131100 40
CPU12 44.587048 131061 sgemm sgemm CUDA3 1.351718 131101 40
CPU16 44.336098 131062 sgemm sgemm CUDA2 0.215832 131102 40
CPU19 43.977526 131063 sgemm sgemm CUDA3 1.259811 131103 40
CPU10 44.567160 131067 sgemm sgemm CUDA2 1.062169 131107 40
CPU0 44.783072 131068 sgemm sgemm CUDA2 1.248331 131108 40
CPU14 44.302756 131069 sgemm sgemm CUDA1 1.257491 131109 40
CPU6 44.179263 131070 sgemm sgemm CUDA3 1.356028 131110 40
CPU0 44.949477 131071 sgemm sgemm CUDA1 1.261325 131111 40
CPU12 44.484232 131072 sgemm sgemm CUDA2 1.071214 131112 40
CPU15 44.110570 131073 sgemm sgemm CUDA3 1.065603 131113 40
CPU19 44.524052 131074 sgemm sgemm CUDA3 1.063087 131114 40
CPU19 44.570292 131075 sgemm sgemm CUDA2 0.084363 131115 40
CPU0 44.420352 131076 sgemm sgemm CUDA1 1.254636 131116 40
CPU0 44.634838 131077 sgemm sgemm CUDA3 1.070354 131117 40
CPU13 44.538131 131078 sgemm sgemm CUDA3 1.065536 131118 40
CPU13 44.507978 131079 sgemm sgemm CUDA3 1.061290 131119 40
CPU0 44.919598 131080 sgemm sgemm CUDA2 1.385978 131120 40
CPU8 44.458673 131081 sgemm sgemm CUDA2 1.257946 131121 40
CPU9 44.161723 131082 sgemm sgemm CUDA2 3.984570 131122 40
CPU6 44.707937 131083 sgemm sgemm CUDA1 1.253182 131123 40
CPU11 44.285068 131084 sgemm sgemm CUDA2 0.039842 131124 40
CPU12 44.739106 131085 sgemm sgemm CUDA1 1.254300 131125 40
CPU13 44.678824 131086 sgemm sgemm CUDA2 1.258545 131126 40
CPU13 44.820378 131087 sgemm sgemm CUDA2 1.073923 131127 40
CPU10 44.621449 131091 sgemm sgemm CUDA3 1.074140 131131 40
CPU8 44.323454 131092 sgemm sgemm CUDA1 1.072082 131132 40
CPU14 44.411266 131093 sgemm sgemm CUDA3 1.258429 131133 40
CPU6 44.469295 131094 sgemm sgemm CUDA3 1.263141 131134 40
CPU2 44.156725 131095 sgemm sgemm CUDA1 1.072974 131135 40
CPU10 44.461948 131096 sgemm sgemm CUDA1 0.041252 131136 40
CPU16 44.479917 131097 sgemm sgemm CUDA3 1.065595 131137 40
CPU18 44.426653 131098 sgemm sgemm CUDA1 1.304600 131138 40
CPU19 44.641538 131099 sgemm sgemm CUDA3 1.260534 131139 40
CPU2 44.240614 131100 sgemm sgemm CUDA1 1.256486 131140 40
CPU4 44.416562 131101 sgemm sgemm CUDA0 1.260300 131141 40
CPU17 44.599450 131102 sgemm sgemm CUDA0 1.260760 131142 40
CPU0 44.747927 131103 sgemm sgemm CUDA0 1.063608 131143 40
CPU4 44.469869 131104 sgemm sgemm CUDA0 1.263813 131144 40
CPU19 44.664473 131105 sgemm sgemm CUDA0 1.268861 131145 40
CPU6 44.216933 131106 sgemm sgemm CUDA0 1.083683 131146 40
CPU2 44.201293 131107 sgemm sgemm CUDA0 12.908521 131147 40
CPU13 44.804017 131108 sgemm sgemm CUDA0 0.045514 131148 40
CPU14 44.740092 131109 sgemm sgemm CUDA1 1.263631 131149 40
CPU19 44.659917 131110 sgemm sgemm CUDA2 1.257878 131150 40
CPU19 44.585709 131111 sgemm sgemm CUDA2 1.064865 131151 40
CPU10 44.503701 131115 sgemm sgemm CUDA1 1.257608 131155 40
CPU7 44.668141 131116 sgemm sgemm CUDA1 1.495395 131156 40
CPU14 44.240558 131117 sgemm sgemm CUDA1 1.275834 131157 40
CPU6 44.772990 131118 sgemm sgemm CUDA1 1.261331 131158 40
CPU5 44.553403 131119 sgemm sgemm CUDA1 1.069623 131159 40
CPU12 44.513467 131120 sgemm sgemm CUDA1 1.262279 131160 40
CPU15 44.284450 131121 sgemm sgemm CUDA3 1.070094 131161 40
CPU10 44.440806 131122 sgemm sgemm CUDA3 1.259906 131162 40
CPU19 44.701401 131123 sgemm sgemm CUDA3 1.066435 131163 40
CPU0 44.600596 131124 sgemm sgemm CUDA3 0.214160 131164 40
CPU7 44.625882 131125 sgemm sgemm CUDA3 1.339479 131165 40
CPU13 44.755458 131126 sgemm sgemm CUDA0 1.066694 131166 40
CPU3 44.744375 131127 sgemm sgemm CUDA0 8.291361 131167 40
CPU6 44.748727 131128 sgemm sgemm CUDA0 0.040860 131168 40
CPU19 44.428185 131129 sgemm sgemm CUDA2 1.080396 131169 40
CPU12 44.620962 131130 sgemm sgemm CUDA2 1.069916 131170 40
CPU11 44.411803 131131 sgemm sgemm CUDA1 1.073155 131171 40
CPU13 44.587833 131132 sgemm sgemm CUDA2 1.068569 131172 40
CPU13 44.502966 131133 sgemm sgemm CUDA1 1.065097 131173 40
CPU10 44.360521 131134 sgemm sgemm CUDA2 1.066560 131174 40
CPU15 43.828809 131135 sgemm sgemm CUDA3 1.276993 131175 40
CPU10 44.699371 131139 sgemm sgemm CUDA1 10.125842 131179 40
CPU9 44.329144 131140 sgemm sgemm CUDA2 1.062502 131180 40
CPU14 44.383808 131141 sgemm sgemm CUDA1 0.044630 131181 40
CPU6 44.763787 131142 sgemm sgemm CUDA3 7.869683 131182 40
CPU3 44.560921 131143 sgemm sgemm CUDA3 1.298514 131183 40
CPU12 44.746184 131144 sgemm sgemm CUDA2 1.067764 131184 40
CPU16 44.386655 131145 sgemm sgemm CUDA3 1.260547 131185 40
CPU10 44.582393 131146 sgemm sgemm CUDA3 1.064360 131186 40
CPU19 44.624766 131147 sgemm sgemm CUDA2 1.253800 131187 40
CPU7 44.554844 131148 sgemm sgemm CUDA2 1.257064 131188 40
CPU6 44.863609 131149 sgemm sgemm CUDA0 1.325080 131189 40
CPU12 44.440214 131150 sgemm sgemm CUDA0 0.042744 131190 40
CPU17 44.487044 131151 sgemm sgemm CUDA1 1.302927 131191 40
CPU7 44.748659 131152 sgemm sgemm CUDA0 1.349030 131192 40
CPU19 44.670424 131153 sgemm sgemm CUDA0 1.067199 131193 40
CPU2 44.266940 131154 sgemm sgemm CUDA3 1.064159 131194 40
CPU6 44.556258 131155 sgemm sgemm CUDA0 1.256805 131195 40
CPU2 44.755590 131156 sgemm sgemm CUDA2 1.257326 131196 40
CPU8 44.272906 131157 sgemm sgemm CUDA1 1.070857 131197 40
CPU4 44.616412 131158 sgemm sgemm CUDA2 1.261790 131198 40
CPU12 44.541055 131159 sgemm sgemm CUDA1 1.257725 131199 40
CPU10 44.636160 131163 sgemm sgemm CUDA2 9.794966 131203 40
CPU9 44.532597 131164 sgemm sgemm CUDA3 1.422898 131204 40
CPU14 44.504119 131165 sgemm sgemm CUDA3 1.284074 131205 40
CPU7 44.848273 131166 sgemm sgemm CUDA3 1.265879 131206 40
CPU3 44.619992 131167 sgemm sgemm CUDA3 1.268254 131207 40
CPU10 44.548977 131168 sgemm sgemm CUDA2 0.097881 131208 40
CPU16 44.309524 131169 sgemm sgemm CUDA0 1.293173 131209 40
CPU18 44.541330 131170 sgemm sgemm CUDA0 1.216448 131210 40
CPU19 44.400258 131171 sgemm sgemm CUDA2 1.014740 131211 40
CPU3 44.238897 131172 sgemm sgemm CUDA2 1.268213 131212 40
CPU5 44.393166 131173 sgemm sgemm CUDA0 1.009490 131213 40
CPU11 44.477153 131174 sgemm sgemm CUDA0 1.253137 131214 40
CPU11 44.508442 131175 sgemm sgemm CUDA0 1.072825 131215 40
CPU18 44.546277 131176 sgemm sgemm CUDA2 3.841363 131216 40
CPU3 44.064504 131177 sgemm sgemm CUDA0 0.049243 131217 40
CPU4 44.177622 131178 sgemm sgemm CUDA0 1.267484 131218 40
CPU7 44.330122 131179 sgemm sgemm CUDA0 1.257955 131219 40
CPU12 44.735603 131180 sgemm sgemm CUDA2 0.049406 131220 40
CPU13 44.779103 131181 sgemm sgemm CUDA1 0.896946 131221 40
CPU19 44.751978 131182 sgemm sgemm CUDA1 1.269867 131222 40
CPU19 44.704104 131183 sgemm sgemm CUDA1 1.075163 131223 40
CPU10 44.504749 131187 sgemm sgemm CUDA3 16.377791 131227 40
CPU1 44.502750 131188 sgemm sgemm CUDA3 0.043475 131228 40
CPU14 44.365377 131189 sgemm sgemm CUDA3 1.325752 131229 40
CPU6 44.975239 131190 sgemm sgemm CUDA3 1.075739 131230 40
CPU4 44.893646 131191 sgemm sgemm CUDA3 1.267101 131231 40
CPU12 44.845254 131192 sgemm sgemm CUDA2 0.054395 131232 40
CPU15 44.381242 131193 sgemm sgemm CUDA3 1.066835 131233 40
CPU17 44.446793 131194 sgemm sgemm CUDA2 1.468805 131234 40
CPU19 44.347633 131195 sgemm sgemm CUDA2 1.101763 131235 40
CPU4 44.541665 131196 sgemm sgemm CUDA2 1.260766 131236 40
CPU6 44.673645 131197 sgemm sgemm CUDA0 1.304689 131237 40
CPU12 44.440634 131198 sgemm sgemm CUDA0 1.064090 131238 40
CPU2 44.656485 131199 sgemm sgemm CUDA2 1.064041 131239 40
CPU3 45.122105 131200 sgemm sgemm CUDA2 1.263144 131240 40
CPU19 44.460848 131201 sgemm sgemm CUDA2 1.065875 131241 40
CPU13 44.712441 131202 sgemm sgemm CUDA0 1.070058 131242 40
CPU18 44.300369 131203 sgemm sgemm CUDA0 1.260869 131243 40
CPU12 44.344949 131204 sgemm sgemm CUDA0 1.254511 131244 40
CPU11 44.570785 131205 sgemm sgemm CUDA0 1.255614 131245 40
CPU10 44.355623 131206 sgemm sgemm CUDA0 1.067349 131246 40
CPU10 44.369701 131207 sgemm sgemm CUDA3 1.253876 131247 40
CPU10 44.339041 131211 sgemm sgemm CUDA2 1.260461 131251 40
CPU0 45.019628 131212 sgemm sgemm CUDA1 1.258201 131252 40
CPU14 44.374961 131213 sgemm sgemm CUDA1 1.257773 131253 40
CPU6 44.912793 131214 sgemm sgemm CUDA1 1.067279 131254 40
CPU5 44.674232 131215 sgemm sgemm CUDA1 1.256935 131255 40
CPU18 44.207245 131216 sgemm sgemm CUDA1 1.070186 131256 40
CPU16 44.309650 131217 sgemm sgemm CUDA2 1.067301 131257 40
CPU17 44.366443 131218 sgemm sgemm CUDA1 1.257914 131258 40
CPU19 44.508416 131219 sgemm sgemm CUDA2 1.256219 131259 40
CPU3 44.781763 131220 sgemm sgemm CUDA1 1.255218 131260 40
CPU5 44.599531 131221 sgemm sgemm CUDA0 1.074521 131261 40
CPU12 44.403803 131222 sgemm sgemm CUDA3 1.260535 131262 40
CPU2 44.677408 131223 sgemm sgemm CUDA3 1.255822 131263 40
CPU0 45.120179 131224 sgemm sgemm CUDA2 1.259653 131264 40
CPU5 44.663313 131225 sgemm sgemm CUDA2 1.256349 131265 40
CPU2 44.523359 131226 sgemm sgemm CUDA2 1.259294 131266 40
CPU3 44.634228 131227 sgemm sgemm CUDA1 1.258414 131267 40
CPU12 44.383450 131228 sgemm sgemm CUDA0 1.305027 131268 40
CPU4 45.110580 131229 sgemm sgemm CUDA3 1.063686 131269 40
CPU8 44.645201 131230 sgemm sgemm CUDA0 1.251773 131270 40
CPU7 44.575671 131231 sgemm sgemm CUDA3 1.258617 131271 40
CPU10 44.593686 131235 sgemm sgemm CUDA3 1.262068 131275 40
CPU2 44.192152 131236 sgemm sgemm CUDA3 1.065599 131276 40
CPU14 44.567569 131237 sgemm sgemm CUDA3 1.071358 131277 40
CPU6 44.776640 131238 sgemm sgemm CUDA3 1.063639 131278 40
CPU1 44.585416 131239 sgemm sgemm CUDA3 1.259955 131279 40
CPU10 44.387274 131240 sgemm sgemm CUDA2 1.063099 131280 40
CPU15 44.144448 131241 sgemm sgemm CUDA2 1.065563 131281 40
CPU18 44.435659 131242 sgemm sgemm CUDA2 1.256274 131282 40
CPU19 44.504484 131243 sgemm sgemm CUDA2 1.073059 131283 40
CPU1 44.487138 131244 sgemm sgemm CUDA2 1.262979 131284 40
CPU1 44.575695 131245 sgemm sgemm CUDA0 1.063416 131285 40
CPU11 44.400247 131246 sgemm sgemm CUDA0 1.070534 131286 40
CPU6 44.677305 131247 sgemm sgemm CUDA3 1.069340 131287 40
CPU9 44.640277 131248 sgemm sgemm CUDA2 1.258838 131288 40
CPU10 44.511407 131249 sgemm sgemm CUDA2 1.255845 131289 40
CPU3 44.326383 131250 sgemm sgemm CUDA2 1.072743 131290 40
CPU7 44.587912 131251 sgemm sgemm CUDA0 1.062813 131291 40
CPU1 44.702849 131252 sgemm sgemm CUDA0 1.063916 131292 40
CPU6 44.684213 131253 sgemm sgemm CUDA1 1.064992 131293 40
CPU10 44.412741 131254 sgemm sgemm CUDA0 1.258378 131294 40
CPU3 44.525613 131255 sgemm sgemm CUDA1 1.254183 131295 40
CPU10 44.414744 131259 sgemm sgemm CUDA2 1.257599 131299 40
CPU8 44.439422 131260 sgemm sgemm CUDA2 1.260491 131300 40
CPU14 44.606245 131261 sgemm sgemm CUDA3 0.121187 131301 40
CPU6 44.803189 131262 sgemm sgemm CUDA3 4.049582 131302 40
CPU5 44.902048 131263 sgemm sgemm CUDA3 0.062998 131303 40
CPU4 44.912954 131264 sgemm sgemm CUDA2 1.263137 131304 40
CPU15 44.183368 131265 sgemm sgemm CUDA2 1.068465 131305 40
CPU19 44.203578 131266 sgemm sgemm CUDA1 1.264177 131306 40
CPU19 44.427113 131267 sgemm sgemm CUDA2 1.258872 131307 40
CPU0 44.515366 131268 sgemm sgemm CUDA1 3.801491 131308 40
CPU8 44.336453 131269 sgemm sgemm CUDA3 1.305675 131309 40
CPU12 44.464108 131270 sgemm sgemm CUDA2 12.047258 131310 40
CPU10 44.526575 131271 sgemm sgemm CUDA1 0.064817 131311 40
CPU0 44.965327 131272 sgemm sgemm CUDA2 0.487468 131312 40
CPU5 44.398142 131273 sgemm sgemm CUDA2 1.266987 131313 40
CPU0 44.640082 131274 sgemm sgemm CUDA2 10.226761 131314 40
CPU5 44.313584 131275 sgemm sgemm CUDA1 1.386736 131315 40
CPU2 44.690700 131276 sgemm sgemm CUDA0 2.638493 131316 40
CPU7 44.563610 131277 sgemm sgemm CUDA3 1.079465 131317 40
CPU10 44.449284 131278 sgemm sgemm CUDA0 1.394005 131318 40
CPU10 44.500131 131279 sgemm sgemm CUDA1 1.257651 131319 40
CPU10 44.597265 131283 sgemm sgemm CUDA2 1.258436 131323 40
CPU2 44.209260 131284 sgemm sgemm CUDA3 0.040846 131324 40
CPU14 44.710328 131285 sgemm sgemm CUDA3 1.378927 131325 40
CPU6 44.398882 131286 sgemm sgemm CUDA3 1.258937 131326 40
CPU0 44.616173 131287 sgemm sgemm CUDA3 1.080214 131327 40
CPU8 44.232283 131288 sgemm sgemm CUDA2 1.068482 131328 40
CPU16 44.520562 131289 sgemm sgemm CUDA2 1.261538 131329 40
CPU10 44.685913 131290 sgemm sgemm CUDA2 1.069721 131330 40
CPU19 44.752917 131291 sgemm sgemm CUDA2 1.070183 131331 40
CPU5 44.410408 131292 sgemm sgemm CUDA2 1.066446 131332 40
CPU11 44.575188 131293 sgemm sgemm CUDA3 1.258667 131333 40
CPU12 44.767569 131294 sgemm sgemm CUDA2 1.073024 131334 40
CPU1 44.229209 131295 sgemm sgemm CUDA3 1.069505 131335 40
CPU0 44.726797 131296 sgemm sgemm CUDA1 4.954056 131336 40
CPU11 44.557521 131297 sgemm sgemm CUDA2 1.079883 131337 40
CPU5 43.995149 131298 sgemm sgemm CUDA2 1.067713 131338 40
CPU6 44.346598 131299 sgemm sgemm CUDA1 0.048897 131339 40
CPU10 44.803457 131300 sgemm sgemm CUDA0 5.133307 131340 40
CPU13 45.011728 131301 sgemm sgemm CUDA1 1.270367 131341 40
CPU1 44.377999 131302 sgemm sgemm CUDA0 0.045495 131342 40
CPU1 44.336599 131303 sgemm sgemm CUDA1 1.254991 131343 40
CPU10 44.444966 131307 sgemm sgemm CUDA2 1.089195 131347 40
CPU9 44.258686 131308 sgemm sgemm CUDA3 1.071060 131348 40
CPU14 44.531964 131309 sgemm sgemm CUDA3 1.066512 131349 40
CPU6 44.980326 131310 sgemm sgemm CUDA3 1.074557 131350 40
CPU2 44.473086 131311 sgemm sgemm CUDA3 1.069585 131351 40
CPU10 44.514247 131312 sgemm sgemm CUDA2 1.071218 131352 40
CPU16 44.322930 131313 sgemm sgemm CUDA2 1.259847 131353 40
CPU18 44.249830 131314 sgemm sgemm CUDA2 1.074734 131354 40
CPU19 44.413456 131315 sgemm sgemm CUDA2 1.256258 131355 40
CPU2 44.498271 131316 sgemm sgemm CUDA2 1.063508 131356 40
CPU8 44.248937 131317 sgemm sgemm CUDA0 1.068653 131357 40
CPU3 44.724318 131318 sgemm sgemm CUDA2 1.260821 131358 40
CPU7 44.640385 131319 sgemm sgemm CUDA0 1.066380 131359 40
CPU0 45.046363 131320 sgemm sgemm CUDA0 1.257415 131360 40
CPU19 44.714426 131321 sgemm sgemm CUDA2 1.253631 131361 40
CPU0 44.337477 131322 sgemm sgemm CUDA2 12.538009 131362 40
CPU6 44.660648 131323 sgemm sgemm CUDA1 13.082493 131363 40
CPU12 44.808690 131324 sgemm sgemm CUDA1 0.043816 131364 40
CPU8 44.510432 131325 sgemm sgemm CUDA1 1.388064 131365 40
CPU18 44.476862 131326 sgemm sgemm CUDA0 1.266154 131366 40
CPU16 46.146560 131327 sgemm sgemm CUDA1 1.068522 131367 40
CPU10 44.380917 131331 sgemm sgemm CUDA3 12.096042 131371 40
CPU7 44.480925 131332 sgemm sgemm CUDA3 0.262512 131372 40
CPU14 44.828635 131333 sgemm sgemm CUDA3 1.326254 131373 40
CPU8 44.436339 131334 sgemm sgemm CUDA3 1.271384 131374 40
CPU5 44.543560 131335 sgemm sgemm CUDA3 1.273370 131375 40
CPU2 44.746735 131336 sgemm sgemm CUDA1 1.068996 131376 40
CPU15 44.155934 131337 sgemm sgemm CUDA1 1.252244 131377 40
CPU19 44.694075 131338 sgemm sgemm CUDA1 1.069448 131378 40
CPU19 44.468974 131339 sgemm sgemm CUDA1 1.257618 131379 40
CPU3 44.374769 131340 sgemm sgemm CUDA1 12.547324 131380 40
CPU3 44.145971 131341 sgemm sgemm CUDA0 1.260688 131381 40
CPU11 44.355569 131342 sgemm sgemm CUDA0 1.256774 131382 40
CPU9 44.707994 131343 sgemm sgemm CUDA0 1.256466 131383 40
CPU0 45.039475 131344 sgemm sgemm CUDA0 11.980672 131384 40
CPU10 44.531942 131345 sgemm sgemm CUDA0 0.153644 131385 40
CPU9 44.185177 131346 sgemm sgemm CUDA0 1.328494 131386 40
CPU1 44.256798 131347 sgemm sgemm CUDA1 0.039562 131387 40
CPU4 44.636987 131348 sgemm sgemm CUDA1 1.303836 131388 40
CPU9 44.297342 131349 sgemm sgemm CUDA1 1.070504 131389 40
CPU6 44.948614 131350 sgemm sgemm CUDA0 1.256286 131390 40
CPU4 46.330352 131351 sgemm sgemm CUDA3 1.074816 131391 40
CPU10 44.551208 131355 sgemm sgemm CUDA3 1.255006 131395 40
CPU0 44.622326 131356 sgemm sgemm CUDA3 1.256234 131396 40
CPU14 44.587750 131357 sgemm sgemm CUDA3 13.169923 131397 40
CPU6 44.648125 131358 sgemm sgemm CUDA3 0.044797 131398 40
CPU3 44.275493 131359 sgemm sgemm CUDA1 1.259094 131399 40
CPU0 45.090755 131360 sgemm sgemm CUDA1 1.066181 131400 40
CPU15 44.336062 131361 sgemm sgemm CUDA1 1.068431 131401 40
CPU19 44.568980 131362 sgemm sgemm CUDA1 1.069575 131402 40
CPU19 44.790693 131363 sgemm sgemm CUDA1 1.257504 131403 40
CPU1 44.457355 131364 sgemm sgemm CUDA1 1.259547 131404 40
CPU9 44.164689 131365 sgemm sgemm CUDA3 1.316669 131405 40
CPU12 44.796041 131366 sgemm sgemm CUDA0 1.280546 131406 40
CPU6 44.656359 131367 sgemm sgemm CUDA0 1.254920 131407 40
CPU7 44.344106 131368 sgemm sgemm CUDA0 1.255534 131408 40
CPU19 44.657073 131369 sgemm sgemm CUDA0 1.253468 131409 40
CPU1 44.387833 131370 sgemm sgemm CUDA0 13.003449 131410 40
CPU7 44.386672 131371 sgemm sgemm CUDA0 0.047728 131411 40
CPU2 44.550356 131372 sgemm sgemm CUDA1 1.070175 131412 40
CPU1 44.079204 131373 sgemm sgemm CUDA1 1.071445 131413 40
CPU9 44.313689 131374 sgemm sgemm CUDA0 1.348823 131414 40
CPU7 45.783147 131375 sgemm sgemm CUDA3 1.254184 131415 40
CPU9 44.156168 131379 sgemm sgemm CUDA2 1.069341 131419 40
CPU0 44.571080 131380 sgemm sgemm CUDA2 1.257176 131420 40
CPU14 44.549408 131381 sgemm sgemm CUDA2 1.071037 131421 40
CPU7 44.599704 131382 sgemm sgemm CUDA3 1.255149 131422 40
CPU1 44.289805 131383 sgemm sgemm CUDA3 1.066083 131423 40
CPU10 44.680641 131384 sgemm sgemm CUDA2 1.064802 131424 40
CPU16 44.503751 131385 sgemm sgemm CUDA2 1.255979 131425 40
CPU18 44.042525 131386 sgemm sgemm CUDA2 1.069779 131426 40
CPU19 44.497674 131387 sgemm sgemm CUDA2 1.250821 131427 40
CPU3 44.289665 131388 sgemm sgemm CUDA2 1.065784 131428 40
CPU2 44.276122 131389 sgemm sgemm CUDA0 1.070398 131429 40
CPU12 44.684967 131390 sgemm sgemm CUDA0 1.254840 131430 40
CPU0 44.682362 131391 sgemm sgemm CUDA0 1.261761 131431 40
CPU6 44.352129 131392 sgemm sgemm CUDA0 13.069802 131432 40
CPU19 44.491862 131393 sgemm sgemm CUDA2 1.256024 131433 40
CPU2 44.217599 131394 sgemm sgemm CUDA0 0.038897 131434 40
CPU7 44.446536 131395 sgemm sgemm CUDA0 1.323787 131435 40
CPU6 44.499345 131396 sgemm sgemm CUDA3 1.071584 131436 40
CPU4 44.393903 131397 sgemm sgemm CUDA3 1.063673 131437 40
CPU0 44.658333 131398 sgemm sgemm CUDA0 1.062032 131438 40
CPU11 44.612326 131399 sgemm sgemm CUDA3 1.260267 131439 40
CPU4 44.637485 131403 sgemm sgemm CUDA3 1.283601 131443 40
CPU7 44.592032 131404 sgemm sgemm CUDA2 1.281100 131444 40
CPU14 44.415366 131405 sgemm sgemm CUDA2 1.261592 131445 40
CPU6 44.946927 131406 sgemm sgemm CUDA3 1.260898 131446 40
CPU4 44.771798 131407 sgemm sgemm CUDA3 1.062517 131447 40
CPU1 44.682966 131408 sgemm sgemm CUDA3 1.261680 131448 40
CPU16 44.247888 131409 sgemm sgemm CUDA0 1.223963 131449 40
CPU10 44.374436 131410 sgemm sgemm CUDA0 1.069352 131450 40
CPU19 44.497590 131411 sgemm sgemm CUDA0 1.257269 131451 40
CPU1 44.405320 131412 sgemm sgemm CUDA2 1.256375 131452 40
CPU6 44.340456 131413 sgemm sgemm CUDA0 1.258157 131453 40
CPU11 44.407680 131414 sgemm sgemm CUDA2 1.253504 131454 40
CPU9 44.549340 131415 sgemm sgemm CUDA3 1.261008 131455 40
CPU3 44.837911 131416 sgemm sgemm CUDA3 1.264818 131456 40
CPU1 44.111779 131417 sgemm sgemm CUDA0 1.264930 131457 40
CPU9 44.484030 131418 sgemm sgemm CUDA0 1.259182 131458 40
CPU7 44.792655 131419 sgemm sgemm CUDA0 24.950568 131459 40
CPU1 44.675521 131420 sgemm sgemm CUDA1 1.070445 131460 40
CPU2 44.410133 131421 sgemm sgemm CUDA3 1.066073 131461 40
CPU6 44.844079 131422 sgemm sgemm CUDA2 1.065937 131462 40
CPU11 44.244807 131423 sgemm sgemm CUDA1 1.071625 131463 40
CPU8 44.452131 131427 sgemm sgemm CUDA2 1.302799 131467 40
CPU0 44.540401 131428 sgemm sgemm CUDA2 1.199372 131468 40
CPU14 44.689848 131429 sgemm sgemm CUDA2 1.209178 131469 40
CPU7 44.652304 131430 sgemm sgemm CUDA1 0.127222 131470 40
CPU5 44.516732 131431 sgemm sgemm CUDA1 1.292829 131471 40
CPU4 44.756266 131432 sgemm sgemm CUDA2 1.085596 131472 40
CPU16 44.464195 131433 sgemm sgemm CUDA1 1.072262 131473 40
CPU10 44.555483 131434 sgemm sgemm CUDA1 0.041170 131474 40
CPU19 44.706343 131435 sgemm sgemm CUDA2 5.021389 131475 40
CPU0 44.378797 131436 sgemm sgemm CUDA2 0.045814 131476 40
CPU10 44.694235 131437 sgemm sgemm CUDA0 1.261673 131477 40
CPU12 44.545046 131438 sgemm sgemm CUDA0 1.271895 131478 40
CPU4 44.847516 131439 sgemm sgemm CUDA2 1.369214 131479 40
CPU0 44.915411 131440 sgemm sgemm CUDA0 1.062315 131480 40
CPU0 44.476399 131441 sgemm sgemm CUDA2 1.205951 131481 40
CPU3 44.288473 131442 sgemm sgemm CUDA0 1.299001 131482 40
CPU0 44.340911 131443 sgemm sgemm CUDA1 1.254876 131483 40
CPU10 44.708081 131444 sgemm sgemm CUDA2 1.199117 131484 40
CPU8 44.754325 131445 sgemm sgemm CUDA1 1.010396 131485 40
CPU8 44.759786 131446 sgemm sgemm CUDA2 0.040935 131486 40
CPU10 44.650229 131447 sgemm sgemm CUDA2 1.258023 131487 40
CPU6 44.474689 131451 sgemm sgemm CUDA3 1.246656 131491 40
CPU7 44.477931 131452 sgemm sgemm CUDA3 1.261313 131492 40
CPU14 44.850145 131453 sgemm sgemm CUDA3 11.903001 131493 40
CPU6 44.503909 131454 sgemm sgemm CUDA3 0.046133 131494 40
CPU9 44.803755 131455 sgemm sgemm CUDA3 1.264818 131495 40
CPU3 44.285091 131456 sgemm sgemm CUDA1 1.075805 131496 40
CPU16 44.564125 131457 sgemm sgemm CUDA1 1.061730 131497 40
CPU18 44.460662 131458 sgemm sgemm CUDA1 12.902845 131498 40
CPU19 44.959675 131459 sgemm sgemm CUDA1 1.259394 131499 40
CPU10 44.751436 131460 sgemm sgemm CUDA1 1.196359 131500 40
CPU1 44.089313 131461 sgemm sgemm CUDA3 1.009691 131501 40
CPU12 44.690146 131462 sgemm sgemm CUDA0 1.265475 131502 40
CPU5 44.303372 131463 sgemm sgemm CUDA0 1.199769 131503 40
CPU0 44.589232 131464 sgemm sgemm CUDA1 0.043162 131504 40
CPU4 44.066092 131465 sgemm sgemm CUDA0 1.258229 131505 40
CPU9 44.138828 131466 sgemm sgemm CUDA0 0.046225 131506 40
CPU6 44.542886 131467 sgemm sgemm CUDA1 1.244901 131507 40
CPU12 44.662192 131468 sgemm sgemm CUDA1 0.423302 131508 40
CPU1 44.152486 131469 sgemm sgemm CUDA3 1.067266 131509 40
CPU5 44.218520 131470 sgemm sgemm CUDA0 1.071698 131510 40
CPU8 45.343710 131471 sgemm sgemm CUDA1 1.273299 131511 40
CPU6 33.585568 131477 strsm strsm CUDA2 2.801891 131517 40
CPU9 31.729299 131481 strsm strsm CUDA3 2.739785 131521 40
CPU14 31.835748 131485 strsm strsm CUDA3 0.191230 131525 40
CPU6 32.441869 131489 strsm strsm CUDA3 10.125800 131529 40
CPU1 31.923861 131493 strsm strsm CUDA1 6.001256 131533 40
CPU3 33.353392 131497 strsm strsm CUDA2 2.779148 131537 40
CPU16 31.404908 131501 strsm strsm CUDA1 3.047822 131541 40
CPU19 32.088146 131505 strsm strsm CUDA0 2.706280 131545 40
CPU19 32.018874 131509 strsm strsm CUDA2 9.759572 131549 40
CPU5 31.506702 131513 strsm strsm CUDA1 2.878325 131553 40
CPU6 32.098521 131517 strsm strsm CUDA0 2.518633 131557 40
CPU13 32.476219 131521 strsm strsm CUDA0 2.717189 131561 40
CPU17 32.974401 131525 strsm strsm CUDA3 9.198628 131565 40
CPU18 31.329062 131529 strsm strsm CUDA2 10.310587 131569 40
CPU5 32.633542 131533 strsm strsm CUDA2 0.184211 131573 40
CPU13 32.696405 131537 strsm strsm CUDA0 0.271129 131577 40
CPU13 32.748545 131541 strsm strsm CUDA0 0.158117 131581 40
CPU13 32.314726 131545 strsm strsm CUDA1 14.023483 131585 40
CPU6 32.117155 131549 strsm strsm CUDA1 0.039490 131589 40
CPU8 33.183152 131553 strsm strsm CUDA2 2.216114 131593 40
CPU7 33.111238 131557 strsm strsm CUDA2 2.926771 131597 40
CPU6 14.971783 131561 strtri strtri CPU -1 131601 40
CPU8 30.785795 131563 strsm strsm CUDA2 3.128845 131603 40
CPU7 32.000990 131565 strsm strsm CUDA0 2.786456 131605 40
CPU3 30.794658 131567 strsm strsm CUDA0 2.737990 131607 40
CPU4 30.918726 131569 strsm strsm CUDA2 0.164612 131609 40
CPU5 30.306727 131571 strsm strsm CUDA2 0.094035 131611 40
CPU8 30.406493 131573 strsm strsm CUDA2 2.760814 131613 40
CPU14 31.124958 131575 strsm strsm CUDA1 13.161070 131615 40
CPU3 30.702583 131577 strsm strsm CUDA1 2.815932 131617 40
CPU5 31.844690 131579 strsm strsm CUDA1 13.357757 131619 40
CPU4 31.296165 131581 strsm strsm CUDA1 2.839866 131621 40
CPU8 30.637201 131583 strsm strsm CUDA2 2.774466 131623 40
CPU3 30.240543 131585 strsm strsm CUDA1 12.982520 131625 40
CPU8 31.325235 131587 strsm strsm CUDA1 3.028632 131627 40
CPU9 30.734259 131589 strsm strsm CUDA2 0.087897 131629 40
CPU7 31.032041 131591 strsm strsm CUDA2 2.711165 131631 40
CPU5 30.349944 131593 strsm strsm CUDA2 11.973471 131633 40
CPU8 30.553004 131595 strsm strsm CUDA2 0.055898 131635 40
CPU10 30.962111 131597 strsm strsm CUDA2 2.871471 131637 40
CPU0 31.202664 131599 strsm strsm CUDA2 13.847793 131639 40
CPU11 30.830612 131601 strsm strsm CUDA2 0.041436 131641 40
CPU8 30.825263 131603 strsm strsm CUDA2 2.891201 131643 40
CPU4 30.986059 131605 strsm strsm CUDA2 0.111510 131645 40
CPU12 30.855125 131607 strsm strsm CUDA2 25.094982 131647 40
CPU19 30.796422 131609 strsm strsm CUDA2 2.900537 131649 40
CPU6 31.433757 131611 strsm strsm CUDA2 2.660437 131651 40
CPU19 31.186452 131613 strsm strsm CUDA2 1.685655 131653 40
CPU6 30.859257 131615 strsm strsm CUDA1 0.334284 131655 40
CPU3 44.631881 131617 sgemm sgemm CUDA0 1.172428 131657 40
CPU8 44.423289 131618 sgemm sgemm CUDA1 1.268667 131658 40
CPU14 44.500464 131619 sgemm sgemm CUDA1 1.021743 131659 40
CPU6 44.776363 131620 sgemm sgemm CUDA1 2.270706 131660 40
CPU4 44.643114 131621 sgemm sgemm CUDA1 11.953581 131661 40
CPU3 44.852104 131622 sgemm sgemm CUDA0 0.049973 131662 40
CPU16 44.124128 131623 sgemm sgemm CUDA3 1.301453 131663 40
CPU17 44.429443 131624 sgemm sgemm CUDA3 1.039534 131664 40
CPU19 44.311167 131625 sgemm sgemm CUDA2 1.257163 131665 40
CPU2 44.474011 131626 sgemm sgemm CUDA3 1.235529 131666 40
CPU0 44.760902 131627 sgemm sgemm CUDA3 1.046549 131667 40
CPU11 44.241090 131628 sgemm sgemm CUDA3 1.230465 131668 40
CPU3 44.699069 131629 sgemm sgemm CUDA2 1.040335 131669 40
CPU8 44.913430 131630 sgemm sgemm CUDA1 0.067590 131670 40
CPU19 44.766185 131631 sgemm sgemm CUDA0 1.275135 131671 40
CPU9 44.399107 131632 sgemm sgemm CUDA2 1.045143 131672 40
CPU8 44.577547 131633 sgemm sgemm CUDA0 1.221848 131673 40
CPU2 44.367109 131634 sgemm sgemm CUDA2 1.238117 131674 40
CPU0 44.872428 131635 sgemm sgemm CUDA0 1.209200 131675 40
CPU7 44.624582 131636 sgemm sgemm CUDA1 1.282904 131676 40
CPU8 44.479454 131637 sgemm sgemm CUDA0 1.042566 131677 40
CPU9 44.443312 131638 sgemm sgemm CUDA3 1.046725 131678 40
CPU1 44.740089 131642 sgemm sgemm CUDA3 1.248478 131682 40
CPU1 44.432358 131643 sgemm sgemm CUDA1 1.293225 131683 40
CPU14 44.403313 131644 sgemm sgemm CUDA1 1.074930 131684 40
CPU8 44.645692 131645 sgemm sgemm CUDA1 1.245386 131685 40
CPU9 44.710567 131646 sgemm sgemm CUDA1 1.264497 131686 40
CPU7 44.485822 131647 sgemm sgemm CUDA0 0.530371 131687 40
CPU15 44.352191 131648 sgemm sgemm CUDA3 4.316787 131688 40
CPU18 44.301916 131649 sgemm sgemm CUDA3 1.263894 131689 40
CPU19 44.533699 131650 sgemm sgemm CUDA2 1.290561 131690 40
CPU4 44.929339 131651 sgemm sgemm CUDA2 1.273478 131691 40
CPU10 44.395580 131652 sgemm sgemm CUDA3 1.273374 131692 40
CPU11 44.212258 131653 sgemm sgemm CUDA3 1.258389 131693 40
CPU0 44.851546 131654 sgemm sgemm CUDA2 1.322305 131694 40
CPU8 44.293045 131655 sgemm sgemm CUDA1 1.087515 131695 40
CPU6 44.717000 131656 sgemm sgemm CUDA0 1.075744 131696 40
CPU9 44.392670 131657 sgemm sgemm CUDA2 1.259350 131697 40
CPU4 44.342343 131658 sgemm sgemm CUDA0 1.075153 131698 40
CPU2 44.507917 131659 sgemm sgemm CUDA2 1.257177 131699 40
CPU11 44.490325 131660 sgemm sgemm CUDA3 1.064536 131700 40
CPU2 44.479884 131661 sgemm sgemm CUDA1 1.267179 131701 40
CPU6 44.140583 131662 sgemm sgemm CUDA2 1.070922 131702 40
CPU5 44.615852 131663 sgemm sgemm CUDA1 4.435362 131703 40
CPU3 44.988869 131667 sgemm sgemm CUDA3 1.257193 131707 40
CPU1 44.786451 131668 sgemm sgemm CUDA1 0.077280 131708 40
CPU14 44.294491 131669 sgemm sgemm CUDA1 1.309003 131709 40
CPU7 44.915530 131670 sgemm sgemm CUDA1 1.255901 131710 40
CPU2 44.689291 131671 sgemm sgemm CUDA1 1.259257 131711 40
CPU18 44.224698 131672 sgemm sgemm CUDA0 1.065814 131712 40
CPU15 44.155410 131673 sgemm sgemm CUDA3 1.259642 131713 40
CPU19 44.356250 131674 sgemm sgemm CUDA3 1.067942 131714 40
CPU19 44.199444 131675 sgemm sgemm CUDA3 1.262475 131715 40
CPU3 44.473396 131676 sgemm sgemm CUDA2 1.283788 131716 40
CPU3 44.426704 131677 sgemm sgemm CUDA3 1.262590 131717 40
CPU12 44.304006 131678 sgemm sgemm CUDA2 1.070364 131718 40
CPU11 44.287801 131679 sgemm sgemm CUDA2 1.073035 131719 40
CPU1 44.321916 131680 sgemm sgemm CUDA1 1.069144 131720 40
CPU7 44.633195 131681 sgemm sgemm CUDA0 1.257677 131721 40
CPU9 44.553820 131682 sgemm sgemm CUDA2 1.071394 131722 40
CPU6 44.850627 131683 sgemm sgemm CUDA0 13.139048 131723 40
CPU1 44.497327 131684 sgemm sgemm CUDA2 1.062498 131724 40
CPU10 44.587496 131685 sgemm sgemm CUDA3 12.955591 131725 40
CPU12 44.010156 131686 sgemm sgemm CUDA2 1.068744 131726 40
CPU18 44.267877 131687 sgemm sgemm CUDA2 1.256890 131727 40
CPU18 44.326071 131688 sgemm sgemm CUDA1 1.257449 131728 40
CPU5 44.151924 131692 sgemm sgemm CUDA3 1.246078 131732 40
CPU1 44.554946 131693 sgemm sgemm CUDA2 1.257264 131733 40
CPU14 44.452386 131694 sgemm sgemm CUDA3 0.040072 131734 40
CPU8 44.252455 131695 sgemm sgemm CUDA2 1.262487 131735 40
CPU1 44.356521 131696 sgemm sgemm CUDA2 8.384844 131736 40
CPU4 44.707408 131697 sgemm sgemm CUDA2 0.256114 131737 40
CPU16 44.404945 131698 sgemm sgemm CUDA3 1.283132 131738 40
CPU19 44.575044 131699 sgemm sgemm CUDA3 1.261888 131739 40
CPU19 44.582928 131700 sgemm sgemm CUDA2 1.075291 131740 40
CPU9 44.306246 131701 sgemm sgemm CUDA2 1.076768 131741 40
CPU2 44.157757 131702 sgemm sgemm CUDA3 1.256504 131742 40
CPU12 44.413793 131703 sgemm sgemm CUDA3 1.072407 131743 40
CPU10 44.579457 131704 sgemm sgemm CUDA2 1.266935 131744 40
CPU7 44.742063 131705 sgemm sgemm CUDA1 0.087917 131745 40
CPU7 44.295079 131706 sgemm sgemm CUDA0 1.258417 131746 40
CPU0 44.935786 131707 sgemm sgemm CUDA2 7.322704 131747 40
CPU12 44.451533 131708 sgemm sgemm CUDA0 1.070867 131748 40
CPU4 44.405794 131709 sgemm sgemm CUDA0 1.066139 131749 40
CPU5 44.000564 131710 sgemm sgemm CUDA0 1.258101 131750 40
CPU5 44.047307 131711 sgemm sgemm CUDA2 1.375313 131751 40
CPU4 44.381370 131712 sgemm sgemm CUDA0 1.064305 131752 40
CPU1 44.087951 131713 sgemm sgemm CUDA0 10.953755 131753 40
CPU4 44.410984 131717 sgemm sgemm CUDA2 1.065315 131757 40
CPU7 44.419104 131718 sgemm sgemm CUDA1 1.056213 131758 40
CPU14 44.538063 131719 sgemm sgemm CUDA1 1.067295 131759 40
CPU6 44.510082 131720 sgemm sgemm CUDA1 1.066633 131760 40
CPU3 44.431091 131721 sgemm sgemm CUDA1 1.065709 131761 40
CPU1 44.670230 131722 sgemm sgemm CUDA2 1.061522 131762 40
CPU15 44.487164 131723 sgemm sgemm CUDA3 12.858795 131763 40
CPU17 44.517273 131724 sgemm sgemm CUDA1 1.063828 131764 40
CPU19 44.507737 131725 sgemm sgemm CUDA2 1.063723 131765 40
CPU2 44.460832 131726 sgemm sgemm CUDA2 1.059413 131766 40
CPU9 44.300021 131727 sgemm sgemm CUDA3 0.040327 131767 40
CPU11 44.483901 131728 sgemm sgemm CUDA3 1.300555 131768 40
CPU10 44.818240 131729 sgemm sgemm CUDA3 1.262312 131769 40
CPU6 44.001225 131730 sgemm sgemm CUDA1 1.257506 131770 40
CPU6 44.290222 131731 sgemm sgemm CUDA2 0.256205 131771 40
CPU9 44.184152 131732 sgemm sgemm CUDA2 9.357205 131772 40
CPU2 44.299336 131733 sgemm sgemm CUDA0 1.261675 131773 40
CPU10 44.588944 131734 sgemm sgemm CUDA2 0.061387 131774 40
CPU4 44.092045 131735 sgemm sgemm CUDA0 12.614598 131775 40
CPU2 44.139771 131736 sgemm sgemm CUDA1 1.256476 131776 40
CPU16 44.666274 131737 sgemm sgemm CUDA0 0.046161 131777 40
CPU12 44.244916 131738 sgemm sgemm CUDA3 1.059115 131778 40
CPU7 44.237837 131742 sgemm sgemm CUDA2 12.425398 131782 40
CPU8 44.258636 131743 sgemm sgemm CUDA2 0.040906 131783 40
CPU14 44.607284 131744 sgemm sgemm CUDA1 1.175274 131784 40
CPU6 44.433867 131745 sgemm sgemm CUDA1 1.066775 131785 40
CPU4 44.391071 131746 sgemm sgemm CUDA1 1.068998 131786 40
CPU9 44.334640 131747 sgemm sgemm CUDA2 1.172148 131787 40
CPU15 44.490272 131748 sgemm sgemm CUDA3 0.048978 131788 40
CPU19 44.598475 131749 sgemm sgemm CUDA3 1.076722 131789 40
CPU19 44.721294 131750 sgemm sgemm CUDA2 1.070990 131790 40
CPU3 44.483420 131751 sgemm sgemm CUDA2 1.320914 131791 40
CPU2 44.407090 131752 sgemm sgemm CUDA3 1.082416 131792 40
CPU12 44.392960 131753 sgemm sgemm CUDA3 1.255089 131793 40
CPU18 44.432548 131754 sgemm sgemm CUDA3 1.258742 131794 40
CPU3 44.443383 131755 sgemm sgemm CUDA1 1.069697 131795 40
CPU2 44.147570 131756 sgemm sgemm CUDA2 1.257957 131796 40
CPU10 44.679541 131757 sgemm sgemm CUDA2 1.259828 131797 40
CPU9 44.376262 131758 sgemm sgemm CUDA0 1.323776 131798 40
CPU5 44.054949 131759 sgemm sgemm CUDA0 1.261902 131799 40
CPU6 44.244513 131760 sgemm sgemm CUDA0 1.076778 131800 40
CPU1 43.990121 131761 sgemm sgemm CUDA1 1.070208 131801 40
CPU19 44.680130 131762 sgemm sgemm CUDA0 1.067995 131802 40
CPU19 44.830914 131763 sgemm sgemm CUDA0 1.262787 131803 40
CPU1 44.233996 131767 sgemm sgemm CUDA3 1.261693 131807 40
CPU1 44.600157 131768 sgemm sgemm CUDA3 1.263365 131808 40
CPU14 44.416255 131769 sgemm sgemm CUDA3 1.073232 131809 40
CPU6 44.677319 131770 sgemm sgemm CUDA1 1.069674 131810 40
CPU4 44.444196 131771 sgemm sgemm CUDA1 1.206933 131811 40
CPU4 44.762908 131772 sgemm sgemm CUDA2 1.342875 131812 40
CPU16 44.371061 131773 sgemm sgemm CUDA3 1.257229 131813 40
CPU19 44.389734 131774 sgemm sgemm CUDA1 1.068309 131814 40
CPU19 44.485337 131775 sgemm sgemm CUDA2 1.196948 131815 40
CPU1 44.531959 131776 sgemm sgemm CUDA2 1.015473 131816 40
CPU6 44.454085 131777 sgemm sgemm CUDA3 1.070461 131817 40
CPU11 44.806430 131778 sgemm sgemm CUDA3 1.066582 131818 40
CPU7 44.625936 131779 sgemm sgemm CUDA2 1.011783 131819 40
CPU0 44.930335 131780 sgemm sgemm CUDA2 1.009997 131820 40
CPU9 44.561159 131781 sgemm sgemm CUDA2 1.009997 131821 40
CPU9 44.406170 131782 sgemm sgemm CUDA2 1.198925 131822 40
CPU3 44.457516 131783 sgemm sgemm CUDA0 1.202184 131823 40
CPU11 44.408883 131784 sgemm sgemm CUDA0 1.253447 131824 40
CPU19 44.759081 131785 sgemm sgemm CUDA0 1.066440 131825 40
CPU13 44.828102 131786 sgemm sgemm CUDA1 1.260376 131826 40
CPU17 44.592958 131787 sgemm sgemm CUDA2 1.201154 131827 40
CPU11 44.535587 131788 sgemm sgemm CUDA3 1.066655 131828 40
CPU10 44.268172 131792 sgemm sgemm CUDA3 0.405138 131832 40
CPU9 44.776629 131793 sgemm sgemm CUDA3 1.074700 131833 40
CPU14 44.400300 131794 sgemm sgemm CUDA3 6.881970 131834 40
CPU6 44.906504 131795 sgemm sgemm CUDA2 6.879624 131835 40
CPU0 44.709510 131796 sgemm sgemm CUDA1 1.409876 131836 40
CPU9 44.717683 131797 sgemm sgemm CUDA2 11.961148 131837 40
CPU16 44.251464 131798 sgemm sgemm CUDA3 0.048754 131838 40
CPU11 44.431315 131799 sgemm sgemm CUDA3 11.913004 131839 40
CPU19 44.543265 131800 sgemm sgemm CUDA2 1.502627 131840 40
CPU8 44.535487 131801 sgemm sgemm CUDA2 1.069525 131841 40
CPU3 44.667808 131802 sgemm sgemm CUDA3 0.045992 131842 40
CPU12 44.357386 131803 sgemm sgemm CUDA2 1.066565 131843 40
CPU15 44.364071 131804 sgemm sgemm CUDA3 1.309135 131844 40
CPU9 44.740509 131805 sgemm sgemm CUDA1 1.067740 131845 40
CPU3 44.521209 131806 sgemm sgemm CUDA2 1.260141 131846 40
CPU12 44.344668 131807 sgemm sgemm CUDA2 1.065618 131847 40
CPU13 45.166840 131808 sgemm sgemm CUDA0 1.243601 131848 40
CPU12 44.802618 131809 sgemm sgemm CUDA0 1.064282 131849 40
CPU10 44.802785 131810 sgemm sgemm CUDA0 1.068404 131850 40
CPU13 44.564241 131811 sgemm sgemm CUDA1 1.256999 131851 40
CPU13 44.634268 131812 sgemm sgemm CUDA1 1.066181 131852 40
CPU13 44.753726 131813 sgemm sgemm CUDA0 0.073577 131853 40
CPU2 44.421454 131817 sgemm sgemm CUDA3 1.257251 131857 40
CPU8 44.660605 131818 sgemm sgemm CUDA3 1.066565 131858 40
CPU14 44.348374 131819 sgemm sgemm CUDA1 0.058191 131859 40
CPU6 44.823559 131820 sgemm sgemm CUDA1 1.063536 131860 40
CPU1 44.857906 131821 sgemm sgemm CUDA1 1.259262 131861 40
CPU8 44.352505 131822 sgemm sgemm CUDA2 1.262798 131862 40
CPU16 44.178275 131823 sgemm sgemm CUDA3 1.068994 131863 40
CPU17 44.472487 131824 sgemm sgemm CUDA3 1.265549 131864 40
CPU17 44.374369 131825 sgemm sgemm CUDA2 1.257576 131865 40
CPU0 44.759414 131826 sgemm sgemm CUDA2 1.064523 131866 40
CPU4 44.660700 131827 sgemm sgemm CUDA3 3.488466 131867 40
CPU11 44.070932 131828 sgemm sgemm CUDA2 1.261085 131868 40
CPU9 44.533958 131829 sgemm sgemm CUDA2 1.065567 131869 40
CPU16 44.450885 131830 sgemm sgemm CUDA2 1.258032 131870 40
CPU2 44.578114 131831 sgemm sgemm CUDA0 1.257501 131871 40
CPU2 44.899490 131832 sgemm sgemm CUDA0 13.084638 131872 40
CPU5 44.526672 131833 sgemm sgemm CUDA0 0.048063 131873 40
CPU15 44.456251 131834 sgemm sgemm CUDA0 1.300289 131874 40
CPU18 44.243848 131835 sgemm sgemm CUDA0 1.068816 131875 40
CPU13 44.722070 131836 sgemm sgemm CUDA1 0.063054 131876 40
CPU13 44.802441 131837 sgemm sgemm CUDA1 1.380177 131877 40
CPU13 44.781685 131838 sgemm sgemm CUDA3 0.050275 131878 40
CPU10 44.449249 131842 sgemm sgemm CUDA2 0.091700 131882 40
CPU7 44.765657 131843 sgemm sgemm CUDA2 1.359960 131883 40
CPU14 44.331634 131844 sgemm sgemm CUDA1 1.221193 131884 40
CPU7 45.046155 131845 sgemm sgemm CUDA1 1.252348 131885 40
CPU2 44.536556 131846 sgemm sgemm CUDA1 1.260396 131886 40
CPU8 44.271065 131847 sgemm sgemm CUDA2 1.257038 131887 40
CPU15 44.025407 131848 sgemm sgemm CUDA3 12.953679 131888 40
CPU10 44.374481 131849 sgemm sgemm CUDA3 0.052605 131889 40
CPU19 44.537881 131850 sgemm sgemm CUDA2 1.259022 131890 40
CPU5 44.477751 131851 sgemm sgemm CUDA3 11.908276 131891 40
CPU7 44.920118 131852 sgemm sgemm CUDA3 0.045832 131892 40
CPU12 44.394136 131853 sgemm sgemm CUDA3 1.356066 131893 40
CPU12 44.507805 131854 sgemm sgemm CUDA2 1.256175 131894 40
CPU0 45.032169 131855 sgemm sgemm CUDA0 1.069160 131895 40
CPU5 44.667577 131856 sgemm sgemm CUDA0 1.314669 131896 40
CPU3 44.444432 131857 sgemm sgemm CUDA0 12.148863 131897 40
CPU0 44.586986 131858 sgemm sgemm CUDA0 0.284574 131898 40
CPU2 44.542804 131859 sgemm sgemm CUDA2 1.253572 131899 40
CPU12 44.677984 131860 sgemm sgemm CUDA3 1.224694 131900 40
CPU16 44.830279 131861 sgemm sgemm CUDA2 1.072523 131901 40
CPU19 44.532919 131862 sgemm sgemm CUDA0 1.326742 131902 40
CPU19 44.867164 131863 sgemm sgemm CUDA0 11.738629 131903 40
CPU10 44.466511 131867 sgemm sgemm CUDA2 13.114816 131907 40
CPU1 44.477279 131868 sgemm sgemm CUDA2 0.095968 131908 40
CPU14 44.363550 131869 sgemm sgemm CUDA1 0.042008 131909 40
CPU6 44.584697 131870 sgemm sgemm CUDA1 1.301840 131910 40
CPU0 44.864422 131871 sgemm sgemm CUDA1 1.255800 131911 40
CPU2 44.561164 131872 sgemm sgemm CUDA2 1.346694 131912 40
CPU15 44.103987 131873 sgemm sgemm CUDA3 1.272493 131913 40
CPU19 44.351489 131874 sgemm sgemm CUDA3 1.070192 131914 40
CPU19 44.586588 131875 sgemm sgemm CUDA2 1.061188 131915 40
CPU0 44.512247 131876 sgemm sgemm CUDA3 1.064457 131916 40
CPU0 44.819855 131877 sgemm sgemm CUDA3 1.068513 131917 40
CPU13 44.493883 131878 sgemm sgemm CUDA3 1.257518 131918 40
CPU18 44.344482 131879 sgemm sgemm CUDA3 1.065985 131919 40
CPU9 44.557243 131880 sgemm sgemm CUDA2 1.259996 131920 40
CPU8 44.561264 131881 sgemm sgemm CUDA2 1.262534 131921 40
CPU5 44.447635 131882 sgemm sgemm CUDA2 1.070680 131922 40
CPU1 44.336721 131883 sgemm sgemm CUDA1 1.063722 131923 40
CPU11 44.323629 131884 sgemm sgemm CUDA2 1.257765 131924 40
CPU12 44.796144 131885 sgemm sgemm CUDA1 1.262965 131925 40
CPU13 44.634931 131886 sgemm sgemm CUDA2 1.064639 131926 40
CPU13 44.533520 131887 sgemm sgemm CUDA1 1.064708 131927 40
CPU13 44.693508 131888 sgemm sgemm CUDA3 1.065884 131928 40
CPU10 44.691761 131892 sgemm sgemm CUDA3 1.065431 131932 40
CPU8 44.264423 131893 sgemm sgemm CUDA3 1.257501 131933 40
CPU14 44.566943 131894 sgemm sgemm CUDA3 1.069513 131934 40
CPU6 44.515810 131895 sgemm sgemm CUDA3 1.068712 131935 40
CPU2 44.076907 131896 sgemm sgemm CUDA2 1.255610 131936 40
CPU3 44.437165 131897 sgemm sgemm CUDA2 1.259110 131937 40
CPU15 44.563223 131898 sgemm sgemm CUDA3 1.259611 131938 40
CPU18 44.506687 131899 sgemm sgemm CUDA1 1.375500 131939 40
CPU19 44.651100 131900 sgemm sgemm CUDA3 1.072411 131940 40
CPU2 44.295732 131901 sgemm sgemm CUDA2 1.066692 131941 40
CPU4 44.458642 131902 sgemm sgemm CUDA0 1.063159 131942 40
CPU17 44.474576 131903 sgemm sgemm CUDA2 1.066400 131943 40
CPU0 44.553453 131904 sgemm sgemm CUDA0 1.260030 131944 40
CPU4 44.389360 131905 sgemm sgemm CUDA0 1.253637 131945 40
CPU0 44.249411 131906 sgemm sgemm CUDA0 1.258540 131946 40
CPU0 44.486149 131907 sgemm sgemm CUDA0 13.171255 131947 40
CPU8 44.307239 131908 sgemm sgemm CUDA0 0.049501 131948 40
CPU13 44.727072 131909 sgemm sgemm CUDA2 5.741104 131949 40
CPU14 44.741631 131910 sgemm sgemm CUDA1 1.257650 131950 40
CPU15 44.721074 131911 sgemm sgemm CUDA2 0.040989 131951 40
CPU19 44.569388 131912 sgemm sgemm CUDA2 1.355659 131952 40
CPU13 44.918985 131913 sgemm sgemm CUDA2 1.069000 131953 40
CPU10 44.389887 131917 sgemm sgemm CUDA1 1.346069 131957 40
CPU9 44.365021 131918 sgemm sgemm CUDA3 1.072026 131958 40
CPU14 44.431877 131919 sgemm sgemm CUDA1 1.249396 131959 40
CPU6 44.799850 131920 sgemm sgemm CUDA3 1.010314 131960 40
CPU5 44.646655 131921 sgemm sgemm CUDA1 0.210637 131961 40
CPU1 44.677690 131922 sgemm sgemm CUDA3 1.202983 131962 40
CPU15 44.282122 131923 sgemm sgemm CUDA3 1.201624 131963 40
CPU10 44.498256 131924 sgemm sgemm CUDA3 1.023432 131964 40
CPU19 44.470102 131925 sgemm sgemm CUDA3 1.012958 131965 40
CPU0 44.620557 131926 sgemm sgemm CUDA3 3.598641 131966 40
CPU7 44.624165 131927 sgemm sgemm CUDA3 0.055459 131967 40
CPU13 44.592741 131928 sgemm sgemm CUDA2 1.267250 131968 40
CPU3 44.619273 131929 sgemm sgemm CUDA0 10.540202 131969 40
CPU6 44.923362 131930 sgemm sgemm CUDA0 0.046688 131970 40
CPU4 44.658628 131931 sgemm sgemm CUDA2 1.021303 131971 40
CPU12 44.466340 131932 sgemm sgemm CUDA2 1.015786 131972 40
CPU11 44.405343 131933 sgemm sgemm CUDA1 1.273418 131973 40
CPU13 44.662142 131934 sgemm sgemm CUDA2 1.007714 131974 40
CPU13 44.558245 131935 sgemm sgemm CUDA1 9.079256 131975 40
CPU10 44.465057 131936 sgemm sgemm CUDA2 1.004378 131976 40
CPU15 44.158433 131937 sgemm sgemm CUDA0 1.069759 131977 40
CPU13 44.604233 131938 sgemm sgemm CUDA0 1.266103 131978 40
CPU10 44.526126 131942 sgemm sgemm CUDA2 1.260481 131982 40
CPU8 44.363978 131943 sgemm sgemm CUDA2 1.259516 131983 40
CPU14 44.485700 131944 sgemm sgemm CUDA1 1.071512 131984 40
CPU6 44.821364 131945 sgemm sgemm CUDA3 1.355484 131985 40
CPU3 44.617219 131946 sgemm sgemm CUDA3 1.253166 131986 40
CPU0 44.677284 131947 sgemm sgemm CUDA2 1.262208 131987 40
CPU16 44.488828 131948 sgemm sgemm CUDA3 1.255825 131988 40
CPU10 44.174561 131949 sgemm sgemm CUDA3 1.247934 131989 40
CPU18 44.274897 131950 sgemm sgemm CUDA2 1.260710 131990 40
CPU7 44.734224 131951 sgemm sgemm CUDA2 1.256087 131991 40
CPU3 44.605371 131952 sgemm sgemm CUDA0 1.308999 131992 40
CPU12 44.319343 131953 sgemm sgemm CUDA0 1.254952 131993 40
CPU17 44.724232 131954 sgemm sgemm CUDA1 4.665949 131994 40
CPU7 44.923387 131955 sgemm sgemm CUDA0 1.257251 131995 40
CPU19 44.621710 131956 sgemm sgemm CUDA0 1.065686 131996 40
CPU4 44.762267 131957 sgemm sgemm CUDA3 1.263081 131997 40
CPU8 44.864884 131958 sgemm sgemm CUDA0 1.255914 131998 40
CPU1 44.446851 131959 sgemm sgemm CUDA2 1.256230 131999 40
CPU8 44.390788 131960 sgemm sgemm CUDA1 0.039765 132000 40
CPU4 44.546619 131961 sgemm sgemm CUDA2 1.258715 132001 40
CPU12 44.507218 131962 sgemm sgemm CUDA1 1.264690 132002 40
CPU12 44.526105 131963 sgemm sgemm CUDA3 1.070826 132003 40
CPU10 44.548488 131967 sgemm sgemm CUDA2 1.375076 132007 40
CPU9 44.095271 131968 sgemm sgemm CUDA2 1.352460 132008 40
CPU14 44.570145 131969 sgemm sgemm CUDA2 1.081467 132009 40
CPU7 44.676909 131970 sgemm sgemm CUDA3 0.297590 132010 40
CPU3 44.502980 131971 sgemm sgemm CUDA3 1.277947 132011 40
CPU3 44.557991 131972 sgemm sgemm CUDA2 0.164146 132012 40
CPU16 44.331369 131973 sgemm sgemm CUDA3 1.068741 132013 40
CPU18 44.405155 131974 sgemm sgemm CUDA0 8.540015 132014 40
CPU17 44.523660 131975 sgemm sgemm CUDA2 1.280368 132015 40
CPU3 44.440224 131976 sgemm sgemm CUDA2 1.071287 132016 40
CPU5 44.196033 131977 sgemm sgemm CUDA0 0.065303 132017 40
CPU11 44.364879 131978 sgemm sgemm CUDA0 1.295050 132018 40
CPU7 44.340529 131979 sgemm sgemm CUDA0 1.064633 132019 40
CPU18 44.276003 131980 sgemm sgemm CUDA2 1.260032 132020 40
CPU3 44.124084 131981 sgemm sgemm CUDA0 1.258524 132021 40
CPU9 44.030592 131982 sgemm sgemm CUDA0 1.079246 132022 40
CPU4 44.281217 131983 sgemm sgemm CUDA0 1.269595 132023 40
CPU12 44.709428 131984 sgemm sgemm CUDA2 1.258775 132024 40
CPU13 44.871248 131985 sgemm sgemm CUDA1 1.309745 132025 40
CPU19 44.703760 131986 sgemm sgemm CUDA1 1.069052 132026 40
CPU19 44.639247 131987 sgemm sgemm CUDA1 1.066744 132027 40
CPU13 44.849904 131988 sgemm sgemm CUDA3 1.077341 132028 40
CPU9 44.295436 131992 sgemm sgemm CUDA1 1.283953 132032 40
CPU7 44.257577 131993 sgemm sgemm CUDA1 1.275676 132033 40
CPU14 44.628940 131994 sgemm sgemm CUDA1 1.263877 132034 40
CPU6 44.462250 131995 sgemm sgemm CUDA1 1.083498 132035 40
CPU4 44.565572 131996 sgemm sgemm CUDA1 1.262722 132036 40
CPU7 44.491842 131997 sgemm sgemm CUDA2 1.263756 132037 40
CPU15 44.196751 131998 sgemm sgemm CUDA3 1.257679 132038 40
CPU17 44.508031 131999 sgemm sgemm CUDA1 12.766415 132039 40
CPU19 44.510480 132000 sgemm sgemm CUDA2 1.259671 132040 40
CPU4 44.334175 132001 sgemm sgemm CUDA2 1.266521 132041 40
CPU6 44.459603 132002 sgemm sgemm CUDA0 0.060613 132042 40
CPU12 44.528776 132003 sgemm sgemm CUDA0 1.065383 132043 40
CPU2 44.479371 132004 sgemm sgemm CUDA2 1.258324 132044 40
CPU3 44.883311 132005 sgemm sgemm CUDA1 0.039153 132045 40
CPU1 44.578862 132006 sgemm sgemm CUDA2 1.258542 132046 40
CPU13 44.681635 132007 sgemm sgemm CUDA0 1.084520 132047 40
CPU18 44.413269 132008 sgemm sgemm CUDA0 1.080509 132048 40
CPU12 44.663080 132009 sgemm sgemm CUDA0 1.263431 132049 40
CPU11 44.695151 132010 sgemm sgemm CUDA1 1.265550 132050 40
CPU10 44.764448 132011 sgemm sgemm CUDA1 1.301661 132051 40
CPU10 44.650163 132012 sgemm sgemm CUDA3 1.067721 132052 40
CPU13 44.626428 132013 sgemm sgemm CUDA3 1.070751 132053 40
CPU4 44.542714 132017 sgemm sgemm CUDA2 1.071766 132057 40
CPU1 44.587749 132018 sgemm sgemm CUDA1 1.067904 132058 40
CPU14 44.638163 132019 sgemm sgemm CUDA1 1.253573 132059 40
CPU6 44.723824 132020 sgemm sgemm CUDA1 1.073020 132060 40
CPU0 44.922737 132021 sgemm sgemm CUDA1 1.261050 132061 40
CPU18 44.937728 132022 sgemm sgemm CUDA2 1.069873 132062 40
CPU15 44.215297 132023 sgemm sgemm CUDA2 1.067488 132063 40
CPU17 44.373338 132024 sgemm sgemm CUDA1 1.259981 132064 40
CPU19 44.503923 132025 sgemm sgemm CUDA2 14.618165 132065 40
CPU3 44.635486 132026 sgemm sgemm CUDA1 12.841418 132066 40
CPU5 44.495095 132027 sgemm sgemm CUDA0 1.075268 132067 40
CPU12 44.352110 132028 sgemm sgemm CUDA0 1.259147 132068 40
CPU2 44.593794 132029 sgemm sgemm CUDA3 1.262637 132069 40
CPU8 44.556721 132030 sgemm sgemm CUDA2 0.043670 132070 40
CPU5 44.259205 132031 sgemm sgemm CUDA2 1.377037 132071 40
CPU9 44.693748 132032 sgemm sgemm CUDA3 1.257783 132072 40
CPU8 44.814333 132033 sgemm sgemm CUDA1 0.041034 132073 40
CPU12 44.618030 132034 sgemm sgemm CUDA0 1.064252 132074 40
CPU4 45.139853 132035 sgemm sgemm CUDA3 1.257267 132075 40
CPU8 44.818984 132036 sgemm sgemm CUDA0 7.146568 132076 40
CPU6 44.667529 132037 sgemm sgemm CUDA3 1.255979 132077 40
CPU7 44.849547 132038 sgemm sgemm CUDA0 0.041575 132078 40
CPU6 44.547620 132042 sgemm sgemm CUDA2 1.282640 132082 40
CPU2 44.504815 132043 sgemm sgemm CUDA2 1.256275 132083 40
CPU14 44.659163 132044 sgemm sgemm CUDA2 1.260408 132084 40
CPU6 44.719304 132045 sgemm sgemm CUDA3 1.261097 132085 40
CPU1 44.709610 132046 sgemm sgemm CUDA3 1.256422 132086 40
CPU3 44.790339 132047 sgemm sgemm CUDA2 16.000707 132087 40
CPU15 44.067922 132048 sgemm sgemm CUDA2 1.257066 132088 40
CPU18 44.377816 132049 sgemm sgemm CUDA2 1.261190 132089 40
CPU19 44.553137 132050 sgemm sgemm CUDA2 0.099518 132090 40
CPU1 44.623326 132051 sgemm sgemm CUDA2 1.264273 132091 40
CPU1 44.643480 132052 sgemm sgemm CUDA0 1.260260 132092 40
CPU11 44.263271 132053 sgemm sgemm CUDA0 1.070279 132093 40
CPU6 44.593837 132054 sgemm sgemm CUDA3 1.258439 132094 40
CPU9 44.820875 132055 sgemm sgemm CUDA2 1.063991 132095 40
CPU6 44.769731 132056 sgemm sgemm CUDA2 1.253230 132096 40
CPU1 44.545901 132057 sgemm sgemm CUDA3 1.260687 132097 40
CPU7 45.427854 132058 sgemm sgemm CUDA0 1.261175 132098 40
CPU1 44.625050 132059 sgemm sgemm CUDA0 1.257727 132099 40
CPU0 44.884687 132060 sgemm sgemm CUDA1 1.325892 132100 40
CPU3 44.195025 132061 sgemm sgemm CUDA1 1.259010 132101 40
CPU3 44.605187 132062 sgemm sgemm CUDA1 1.073980 132102 40
CPU7 44.291733 132063 sgemm sgemm CUDA3 1.945954 132103 40
CPU10 44.472550 132067 sgemm sgemm CUDA2 0.066854 132107 40
CPU9 44.330809 132068 sgemm sgemm CUDA2 1.375617 132108 40
CPU14 44.530169 132069 sgemm sgemm CUDA3 1.086085 132109 40
CPU6 44.625788 132070 sgemm sgemm CUDA3 1.299984 132110 40
CPU2 44.634391 132071 sgemm sgemm CUDA3 1.088035 132111 40
CPU4 45.040423 132072 sgemm sgemm CUDA3 1.069407 132112 40
CPU15 44.280107 132073 sgemm sgemm CUDA3 1.260739 132113 40
CPU19 44.128305 132074 sgemm sgemm CUDA1 1.266829 132114 40
CPU18 44.353485 132075 sgemm sgemm CUDA2 1.270378 132115 40
CPU0 44.646249 132076 sgemm sgemm CUDA1 1.064634 132116 40
CPU8 44.353536 132077 sgemm sgemm CUDA3 1.073554 132117 40
CPU12 44.370820 132078 sgemm sgemm CUDA2 1.078865 132118 40
CPU10 44.584412 132079 sgemm sgemm CUDA1 1.262150 132119 40
CPU0 44.783404 132080 sgemm sgemm CUDA2 1.079753 132120 40
CPU5 44.389483 132081 sgemm sgemm CUDA2 1.076474 132121 40
CPU7 44.632005 132082 sgemm sgemm CUDA3 1.262046 132122 40
CPU8 44.416461 132083 sgemm sgemm CUDA1 1.258987 132123 40
CPU2 44.253951 132084 sgemm sgemm CUDA0 1.174619 132124 40
CPU8 44.374933 132085 sgemm sgemm CUDA3 1.261627 132125 40
CPU10 44.369729 132086 sgemm sgemm CUDA0 1.258286 132126 40
CPU9 44.326772 132087 sgemm sgemm CUDA1 1.067346 132127 40
CPU2 44.317181 132088 sgemm sgemm CUDA3 1.259024 132128 40
CPU8 44.292795 132092 sgemm sgemm CUDA2 1.010120 132132 40
CPU2 44.197076 132093 sgemm sgemm CUDA3 0.060421 132133 40
CPU14 44.615558 132094 sgemm sgemm CUDA3 1.393665 132134 40
CPU6 44.276125 132095 sgemm sgemm CUDA3 1.062149 132135 40
CPU0 44.555624 132096 sgemm sgemm CUDA3 1.262553 132136 40
CPU8 44.084732 132097 sgemm sgemm CUDA2 1.262186 132137 40
CPU16 44.905133 132098 sgemm sgemm CUDA2 1.261322 132138 40
CPU10 44.554559 132099 sgemm sgemm CUDA2 1.070195 132139 40
CPU19 44.691296 132100 sgemm sgemm CUDA2 1.067400 132140 40
CPU5 44.310966 132101 sgemm sgemm CUDA2 1.067001 132141 40
CPU11 44.566745 132102 sgemm sgemm CUDA3 1.071677 132142 40
CPU12 44.691746 132103 sgemm sgemm CUDA2 1.254859 132143 40
CPU1 44.103527 132104 sgemm sgemm CUDA3 1.261317 132144 40
CPU0 44.621174 132105 sgemm sgemm CUDA1 1.324986 132145 40
CPU11 44.545221 132106 sgemm sgemm CUDA2 1.255884 132146 40
CPU6 44.057438 132107 sgemm sgemm CUDA2 13.151356 132147 40
CPU7 45.053890 132108 sgemm sgemm CUDA1 1.071034 132148 40
CPU10 44.860586 132109 sgemm sgemm CUDA0 1.071724 132149 40
CPU8 44.258717 132110 sgemm sgemm CUDA1 1.066103 132150 40
CPU9 44.137662 132111 sgemm sgemm CUDA0 1.072010 132151 40
CPU1 44.363125 132112 sgemm sgemm CUDA1 1.065447 132152 40
CPU10 44.739572 132113 sgemm sgemm CUDA3 1.260674 132153 40
CPU10 44.461770 132117 sgemm sgemm CUDA2 0.951965 132157 40
CPU8 44.328042 132118 sgemm sgemm CUDA2 12.050229 132158 40
CPU14 44.573538 132119 sgemm sgemm CUDA3 0.059592 132159 40
CPU6 44.721776 132120 sgemm sgemm CUDA3 1.058527 132160 40
CPU2 44.414635 132121 sgemm sgemm CUDA3 1.258645 132161 40
CPU8 44.653534 132122 sgemm sgemm CUDA2 1.061399 132162 40
CPU15 44.432195 132123 sgemm sgemm CUDA2 1.305884 132163 40
CPU18 44.197467 132124 sgemm sgemm CUDA2 1.255637 132164 40
CPU17 44.503054 132125 sgemm sgemm CUDA2 1.074049 132165 40
CPU2 44.605984 132126 sgemm sgemm CUDA2 1.064414 132166 40
CPU8 44.192052 132127 sgemm sgemm CUDA0 1.268827 132167 40
CPU3 44.671059 132128 sgemm sgemm CUDA2 1.255095 132168 40
CPU7 44.541527 132129 sgemm sgemm CUDA0 1.263676 132169 40
CPU0 44.805203 132130 sgemm sgemm CUDA0 1.068116 132170 40
CPU9 44.571246 132131 sgemm sgemm CUDA2 1.261515 132171 40
CPU2 44.407403 132132 sgemm sgemm CUDA2 1.067884 132172 40
CPU2 44.498599 132133 sgemm sgemm CUDA1 12.232999 132173 40
CPU12 44.892611 132134 sgemm sgemm CUDA1 0.042333 132174 40
CPU8 44.309016 132135 sgemm sgemm CUDA1 1.324173 132175 40
CPU18 44.366633 132136 sgemm sgemm CUDA0 1.416745 132176 40
CPU16 44.412074 132137 sgemm sgemm CUDA1 1.262645 132177 40
CPU8 45.224965 132138 sgemm sgemm CUDA3 1.256116 132178 40
CPU0 44.634968 132142 sgemm sgemm CUDA2 1.075737 132182 40
CPU7 44.369479 132143 sgemm sgemm CUDA3 1.065306 132183 40
CPU14 44.725520 132144 sgemm sgemm CUDA3 1.260392 132184 40
CPU8 44.167469 132145 sgemm sgemm CUDA3 1.260403 132185 40
CPU5 44.404996 132146 sgemm sgemm CUDA3 1.067928 132186 40
CPU2 44.639748 132147 sgemm sgemm CUDA2 1.077203 132187 40
CPU15 44.298772 132148 sgemm sgemm CUDA2 1.066004 132188 40
CPU19 44.479628 132149 sgemm sgemm CUDA1 1.258762 132189 40
CPU19 44.511340 132150 sgemm sgemm CUDA1 1.065195 132190 40
CPU3 44.494683 132151 sgemm sgemm CUDA1 1.249822 132191 40
CPU3 44.011780 132152 sgemm sgemm CUDA0 1.254551 132192 40
CPU11 44.261017 132153 sgemm sgemm CUDA0 1.255636 132193 40
CPU9 44.428789 132154 sgemm sgemm CUDA0 1.064774 132194 40
CPU0 44.871329 132155 sgemm sgemm CUDA0 1.071170 132195 40
CPU10 44.656858 132156 sgemm sgemm CUDA0 1.261877 132196 40
CPU3 44.143225 132157 sgemm sgemm CUDA0 1.256021 132197 40
CPU1 44.246841 132158 sgemm sgemm CUDA1 1.269841 132198 40
CPU4 44.451619 132159 sgemm sgemm CUDA1 1.252026 132199 40
CPU9 44.089143 132160 sgemm sgemm CUDA1 1.257893 132200 40
CPU6 44.382613 132161 sgemm sgemm CUDA0 1.069691 132201 40
CPU4 44.459211 132162 sgemm sgemm CUDA3 1.253578 132202 40
CPU4 44.448327 132163 sgemm sgemm CUDA3 12.731284 132203 40
CPU10 44.395084 132167 sgemm sgemm CUDA1 1.282297 132207 40
CPU0 44.918283 132168 sgemm sgemm CUDA1 1.072335 132208 40
CPU14 44.664339 132169 sgemm sgemm CUDA1 1.258280 132209 40
CPU6 44.680567 132170 sgemm sgemm CUDA1 1.071171 132210 40
CPU3 44.476208 132171 sgemm sgemm CUDA1 1.263045 132211 40
CPU0 45.712865 132172 sgemm sgemm CUDA1 13.069982 132212 40
CPU15 44.065919 132173 sgemm sgemm CUDA1 0.039247 132213 40
CPU19 44.407052 132174 sgemm sgemm CUDA1 1.330018 132214 40
CPU19 44.597601 132175 sgemm sgemm CUDA1 1.257126 132215 40
CPU1 44.807981 132176 sgemm sgemm CUDA1 1.261502 132216 40
CPU9 44.511864 132177 sgemm sgemm CUDA3 1.259962 132217 40
CPU12 44.692030 132178 sgemm sgemm CUDA0 1.263011 132218 40
CPU6 44.533026 132179 sgemm sgemm CUDA0 1.068867 132219 40
CPU7 44.655683 132180 sgemm sgemm CUDA0 1.059970 132220 40
CPU8 44.566889 132181 sgemm sgemm CUDA0 1.258984 132221 40
CPU5 44.694929 132182 sgemm sgemm CUDA0 1.256745 132222 40
CPU3 44.311755 132183 sgemm sgemm CUDA0 1.255977 132223 40
CPU2 44.473467 132184 sgemm sgemm CUDA1 1.074937 132224 40
CPU1 44.288572 132185 sgemm sgemm CUDA3 1.066024 132225 40
CPU9 44.310481 132186 sgemm sgemm CUDA0 1.259967 132226 40
CPU7 44.656072 132187 sgemm sgemm CUDA3 1.064449 132227 40
CPU8 43.879495 132188 sgemm sgemm CUDA3 1.069356 132228 40
CPU9 44.376057 132192 sgemm sgemm CUDA2 1.221402 132232 40
CPU0 44.829412 132193 sgemm sgemm CUDA2 1.261206 132233 40
CPU14 44.567475 132194 sgemm sgemm CUDA2 1.075710 132234 40
CPU7 45.022801 132195 sgemm sgemm CUDA3 1.076946 132235 40
CPU1 44.550558 132196 sgemm sgemm CUDA3 1.260325 132236 40
CPU2 44.683033 132197 sgemm sgemm CUDA2 1.072702 132237 40
CPU16 44.749811 132198 sgemm sgemm CUDA2 1.064525 132238 40
CPU18 44.108201 132199 sgemm sgemm CUDA2 1.259202 132239 40
CPU19 44.549617 132200 sgemm sgemm CUDA2 12.300471 132240 40
CPU2 44.731341 132201 sgemm sgemm CUDA2 0.358947 132241 40
CPU2 44.574883 132202 sgemm sgemm CUDA0 1.291366 132242 40
CPU12 44.879480 132203 sgemm sgemm CUDA0 1.068333 132243 40
CPU0 44.866195 132204 sgemm sgemm CUDA0 1.060162 132244 40
CPU6 44.655180 132205 sgemm sgemm CUDA0 1.063810 132245 40
CPU7 44.777707 132206 sgemm sgemm CUDA2 1.554295 132246 40
CPU0 44.792602 132207 sgemm sgemm CUDA0 13.545196 132247 40
CPU5 44.700459 132208 sgemm sgemm CUDA0 0.043017 132248 40
CPU6 44.706020 132209 sgemm sgemm CUDA3 1.064783 132249 40
CPU4 44.604365 132210 sgemm sgemm CUDA3 1.071642 132250 40
CPU0 44.810079 132211 sgemm sgemm CUDA0 1.385802 132251 40
CPU10 44.671751 132212 sgemm sgemm CUDA3 4.509057 132252 40
CPU4 44.358598 132213 sgemm sgemm CUDA3 0.062189 132253 40
CPU4 44.574513 132217 sgemm sgemm CUDA2 1.260221 132257 40
CPU7 44.551017 132218 sgemm sgemm CUDA2 0.091512 132258 40
CPU14 44.505885 132219 sgemm sgemm CUDA2 1.073136 132259 40
CPU6 44.718616 132220 sgemm sgemm CUDA3 1.257475 132260 40
CPU4 44.777542 132221 sgemm sgemm CUDA3 1.066763 132261 40
CPU1 44.792996 132222 sgemm sgemm CUDA3 1.070648 132262 40
CPU16 44.250578 132223 sgemm sgemm CUDA2 1.258412 132263 40
CPU10 44.448078 132224 sgemm sgemm CUDA0 1.436959 132264 40
CPU18 44.525102 132225 sgemm sgemm CUDA0 1.065023 132265 40
CPU1 44.582652 132226 sgemm sgemm CUDA2 1.066445 132266 40
CPU6 44.360751 132227 sgemm sgemm CUDA0 1.260089 132267 40
CPU11 44.210631 132228 sgemm sgemm CUDA2 1.259956 132268 40
CPU9 44.496741 132229 sgemm sgemm CUDA3 1.070817 132269 40
CPU3 44.742754 132230 sgemm sgemm CUDA0 1.066067 132270 40
CPU1 44.557024 132231 sgemm sgemm CUDA0 1.076394 132271 40
CPU8 44.692346 132232 sgemm sgemm CUDA0 1.065729 132272 40
CPU7 44.521142 132233 sgemm sgemm CUDA0 1.069461 132273 40
CPU1 44.423505 132234 sgemm sgemm CUDA1 1.357796 132274 40
CPU2 44.260278 132235 sgemm sgemm CUDA3 1.069531 132275 40
CPU6 44.635778 132236 sgemm sgemm CUDA2 1.260915 132276 40
CPU11 44.354604 132237 sgemm sgemm CUDA1 1.065987 132277 40
CPU6 44.720212 132238 sgemm sgemm CUDA3 1.069808 132278 40
CPU8 44.385124 132242 sgemm sgemm CUDA2 12.565283 132282 40
CPU0 44.583863 132243 sgemm sgemm CUDA2 0.043241 132283 40
CPU14 44.628511 132244 sgemm sgemm CUDA2 1.432116 132284 40
CPU7 44.509230 132245 sgemm sgemm CUDA1 1.068025 132285 40
CPU3 44.343455 132246 sgemm sgemm CUDA1 1.065814 132286 40
CPU0 44.887032 132247 sgemm sgemm CUDA2 1.079742 132287 40
CPU16 44.460602 132248 sgemm sgemm CUDA1 1.070925 132288 40
CPU10 44.527095 132249 sgemm sgemm CUDA1 1.261122 132289 40
CPU17 45.072698 132250 sgemm sgemm CUDA2 1.071969 132290 40
CPU0 44.362933 132251 sgemm sgemm CUDA2 1.073181 132291 40
CPU10 44.535427 132252 sgemm sgemm CUDA0 1.258000 132292 40
CPU12 44.489706 132253 sgemm sgemm CUDA0 1.068055 132293 40
CPU4 44.747554 132254 sgemm sgemm CUDA1 1.253428 132294 40
CPU4 44.952318 132255 sgemm sgemm CUDA0 1.256047 132295 40
CPU0 44.681846 132256 sgemm sgemm CUDA2 1.259645 132296 40
CPU4 44.309111 132257 sgemm sgemm CUDA0 1.068578 132297 40
CPU0 44.455764 132258 sgemm sgemm CUDA1 12.761632 132298 40
CPU10 44.587858 132259 sgemm sgemm CUDA2 1.262000 132299 40
CPU7 45.017337 132260 sgemm sgemm CUDA1 0.041280 132300 40
CPU8 44.548665 132261 sgemm sgemm CUDA2 1.072248 132301 40
CPU10 44.516102 132262 sgemm sgemm CUDA0 12.741572 132302 40
CPU10 44.666813 132263 sgemm sgemm CUDA0 0.041381 132303 40
CPU1 44.554550 132267 sgemm sgemm CUDA1 1.262830 132307 40
CPU7 44.581547 132268 sgemm sgemm CUDA1 1.016539 132308 40
CPU14 44.650842 132269 sgemm sgemm CUDA1 1.014363 132309 40
CPU6 44.451109 132270 sgemm sgemm CUDA3 1.070000 132310 40
CPU9 44.123753 132271 sgemm sgemm CUDA3 1.198643 132311 40
CPU3 44.391883 132272 sgemm sgemm CUDA1 1.213530 132312 40
CPU16 44.502052 132273 sgemm sgemm CUDA1 15.231581 132313 40
CPU18 44.408995 132274 sgemm sgemm CUDA1 0.047515 132314 40
CPU19 44.651318 132275 sgemm sgemm CUDA1 1.258713 132315 40
CPU10 44.747455 132276 sgemm sgemm CUDA1 1.197207 132316 40
CPU1 44.204787 132277 sgemm sgemm CUDA3 1.005484 132317 40
CPU12 44.696586 132278 sgemm sgemm CUDA0 0.065009 132318 40
CPU5 44.217417 132279 sgemm sgemm CUDA0 1.265894 132319 40
CPU6 44.552250 132280 sgemm sgemm CUDA1 1.008757 132320 40
CPU4 44.561193 132281 sgemm sgemm CUDA0 1.003605 132321 40
CPU9 44.239241 132282 sgemm sgemm CUDA0 1.189389 132322 40
CPU8 44.307779 132283 sgemm sgemm CUDA1 1.008450 132323 40
CPU12 44.827190 132284 sgemm sgemm CUDA2 1.307138 132324 40
CPU1 44.072034 132285 sgemm sgemm CUDA3 1.014167 132325 40
CPU5 43.950375 132286 sgemm sgemm CUDA2 1.200807 132326 40
CPU8 43.922733 132287 sgemm sgemm CUDA2 1.198483 132327 40
CPU5 43.959439 132288 sgemm sgemm CUDA3 1.205872 132328 40
CPU9 32.880183 132294 strsm strsm CUDA2 2.698042 132334 40
CPU9 31.776898 132298 strsm strsm CUDA2 2.761655 132338 40
CPU14 31.775935 132302 strsm strsm CUDA2 14.247812 132342 40
CPU6 32.264767 132306 strsm strsm CUDA3 8.205305 132346 40
CPU3 31.948800 132310 strsm strsm CUDA3 6.918413 132350 40
CPU0 33.355923 132314 strsm strsm CUDA2 0.072080 132354 40
CPU15 31.374178 132318 strsm strsm CUDA2 7.797230 132358 40
CPU19 31.951073 132322 strsm strsm CUDA1 2.905134 132362 40
CPU17 33.124237 132326 strsm strsm CUDA2 2.370224 132366 40
CPU5 31.856428 132330 strsm strsm CUDA3 0.259786 132370 40
CPU3 31.801528 132334 strsm strsm CUDA0 2.551907 132374 40
CPU18 31.248398 132338 strsm strsm CUDA2 0.385972 132378 40
CPU18 32.828217 132342 strsm strsm CUDA1 2.316530 132382 40
CPU18 31.274016 132346 strsm strsm CUDA2 6.756936 132386 40
CPU2 32.989644 132350 strsm strsm CUDA0 2.880079 132390 40
CPU19 32.088593 132354 strsm strsm CUDA3 1.993493 132394 40
CPU3 31.802788 132358 strsm strsm CUDA1 7.668980 132398 40
CPU19 32.239508 132362 strsm strsm CUDA1 0.230036 132402 40
CPU8 31.580929 132366 strsm strsm CUDA1 0.131994 132406 40
CPU13 33.954611 132370 strsm strsm CUDA0 8.564467 132410 40
CPU13 32.577398 132374 strsm strsm CUDA0 0.466020 132414 40
CPU10 32.471139 132378 strsm strsm CUDA2 3.225336 132418 40
CPU19 15.152590 132382 strtri strtri CPU -1 132422 40
CPU8 31.951491 132384 strsm strsm CUDA0 2.887825 132424 40
CPU2 30.999044 132386 strsm strsm CUDA2 2.816456 132426 40
CPU4 31.896952 132388 strsm strsm CUDA0 2.850365 132428 40
CPU7 31.616970 132390 strsm strsm CUDA1 2.893994 132430 40
CPU8 30.821644 132392 strsm strsm CUDA1 2.850678 132432 40
CPU14 30.870275 132394 strsm strsm CUDA0 2.857827 132434 40
CPU3 30.456592 132396 strsm strsm CUDA1 2.821320 132436 40
CPU3 30.915488 132398 strsm strsm CUDA0 2.783686 132438 40
CPU4 31.113461 132400 strsm strsm CUDA1 3.423927 132440 40
CPU1 31.002005 132402 strsm strsm CUDA2 0.050512 132442 40
CPU7 31.771590 132404 strsm strsm CUDA0 8.363302 132444 40
CPU9 30.883455 132406 strsm strsm CUDA1 0.056997 132446 40
CPU4 31.048034 132408 strsm strsm CUDA2 2.656594 132448 40
CPU6 30.906117 132410 strsm strsm CUDA2 14.394953 132450 40
CPU5 30.360761 132412 strsm strsm CUDA1 2.909303 132452 40
CPU3 30.549347 132414 strsm strsm CUDA2 2.857414 132454 40
CPU10 31.183447 132416 strsm strsm CUDA1 2.932772 132456 40
CPU5 30.579364 132418 strsm strsm CUDA2 12.176806 132458 40
CPU11 30.811348 132420 strsm strsm CUDA2 2.648179 132460 40
CPU11 30.438133 132422 strsm strsm CUDA1 13.848878 132462 40
CPU3 30.714120 132424 strsm strsm CUDA2 0.115126 132464 40
CPU12 31.395277 132426 strsm strsm CUDA2 2.729149 132466 40
CPU19 31.080305 132428 strsm strsm CUDA2 1.278933 132468 40
CPU3 30.757882 132430 strsm strsm CUDA2 2.725674 132470 40
CPU19 30.908090 132432 strsm strsm CUDA2 14.876495 132472 40
CPU8 30.413095 132434 strsm strsm CUDA2 0.047859 132474 40
CPU3 44.636202 132436 sgemm sgemm CUDA0 0.063375 132476 40
CPU8 44.404154 132437 sgemm sgemm CUDA1 1.055444 132477 40
CPU14 44.256504 132438 sgemm sgemm CUDA1 6.237865 132478 40
CPU6 44.876954 132439 sgemm sgemm CUDA1 35.946402 132479 40
CPU9 44.705050 132440 sgemm sgemm CUDA1 0.083624 132480 40
CPU7 44.958901 132441 sgemm sgemm CUDA0 1.327887 132481 40
CPU15 44.214223 132442 sgemm sgemm CUDA3 1.218719 132482 40
CPU18 44.320442 132443 sgemm sgemm CUDA3 1.223639 132483 40
CPU19 44.385124 132444 sgemm sgemm CUDA2 1.179900 132484 40
CPU4 44.680896 132445 sgemm sgemm CUDA2 1.194999 132485 40
CPU10 44.334398 132446 sgemm sgemm CUDA3 1.044912 132486 40
CPU11 44.208716 132447 sgemm sgemm CUDA3 1.223050 132487 40
CPU3 44.751710 132448 sgemm sgemm CUDA2 1.220049 132488 40
CPU8 44.291002 132449 sgemm sgemm CUDA1 1.288301 132489 40
CPU19 44.627053 132450 sgemm sgemm CUDA0 1.248213 132490 40
CPU9 44.243785 132451 sgemm sgemm CUDA2 1.036644 132491 40
CPU4 44.901875 132452 sgemm sgemm CUDA0 1.214182 132492 40
CPU1 44.765922 132453 sgemm sgemm CUDA2 1.225881 132493 40
CPU11 44.355970 132454 sgemm sgemm CUDA3 1.047342 132494 40
CPU2 44.497799 132455 sgemm sgemm CUDA1 1.026219 132495 40
CPU6 44.325707 132456 sgemm sgemm CUDA2 1.231681 132496 40
CPU5 44.850072 132457 sgemm sgemm CUDA3 1.037668 132497 40
CPU8 45.243552 132458 sgemm sgemm CUDA2 1.045511 132498 40
CPU3 44.551507 132462 sgemm sgemm CUDA2 1.068606 132502 40
CPU8 44.553761 132463 sgemm sgemm CUDA1 1.309533 132503 40
CPU14 44.255432 132464 sgemm sgemm CUDA1 1.255834 132504 40
CPU6 44.853354 132465 sgemm sgemm CUDA1 1.256660 132505 40
CPU2 44.595742 132466 sgemm sgemm CUDA1 1.069161 132506 40
CPU18 44.158600 132467 sgemm sgemm CUDA0 0.962315 132507 40
CPU16 44.253571 132468 sgemm sgemm CUDA3 1.069323 132508 40
CPU17 44.303539 132469 sgemm sgemm CUDA3 1.072679 132509 40
CPU18 44.195886 132470 sgemm sgemm CUDA2 1.260153 132510 40
CPU2 44.413749 132471 sgemm sgemm CUDA2 1.327400 132511 40
CPU0 44.833612 132472 sgemm sgemm CUDA3 1.062885 132512 40
CPU11 44.313850 132473 sgemm sgemm CUDA2 1.067537 132513 40
CPU11 44.328762 132474 sgemm sgemm CUDA2 1.091416 132514 40
CPU1 44.786181 132475 sgemm sgemm CUDA1 1.256022 132515 40
CPU19 44.701411 132476 sgemm sgemm CUDA0 6.532494 132516 40
CPU1 44.225063 132477 sgemm sgemm CUDA2 1.270496 132517 40
CPU6 45.072051 132478 sgemm sgemm CUDA0 0.111881 132518 40
CPU1 44.719830 132479 sgemm sgemm CUDA2 1.069643 132519 40
CPU10 44.500370 132480 sgemm sgemm CUDA0 1.256522 132520 40
CPU12 44.431388 132481 sgemm sgemm CUDA1 1.069069 132521 40
CPU18 44.188536 132482 sgemm sgemm CUDA0 1.258436 132522 40
CPU18 44.263381 132483 sgemm sgemm CUDA1 1.064474 132523 40
CPU18 44.215918 132484 sgemm sgemm CUDA1 1.071546 132524 40
CPU8 44.759075 132488 sgemm sgemm CUDA2 1.256928 132528 40
CPU8 44.471408 132489 sgemm sgemm CUDA2 1.257125 132529 40
CPU14 44.489181 132490 sgemm sgemm CUDA2 1.268107 132530 40
CPU6 44.820235 132491 sgemm sgemm CUDA2 1.263041 132531 40
CPU1 44.599585 132492 sgemm sgemm CUDA2 4.894204 132532 40
CPU4 44.971722 132493 sgemm sgemm CUDA2 1.282996 132533 40
CPU15 44.391020 132494 sgemm sgemm CUDA3 1.257514 132534 40
CPU19 44.447663 132495 sgemm sgemm CUDA3 1.259907 132535 40
CPU17 44.298506 132496 sgemm sgemm CUDA2 1.074954 132536 40
CPU9 44.340032 132497 sgemm sgemm CUDA2 1.056404 132537 40
CPU2 44.602069 132498 sgemm sgemm CUDA3 1.258889 132538 40
CPU12 44.479835 132499 sgemm sgemm CUDA3 1.268815 132539 40
CPU10 44.646163 132500 sgemm sgemm CUDA2 1.065227 132540 40
CPU7 44.925575 132501 sgemm sgemm CUDA1 1.368021 132541 40
CPU19 44.761189 132502 sgemm sgemm CUDA0 1.255044 132542 40
CPU0 45.089116 132503 sgemm sgemm CUDA2 1.258699 132543 40
CPU12 44.413607 132504 sgemm sgemm CUDA0 6.991798 132544 40
CPU2 44.521799 132505 sgemm sgemm CUDA0 1.347129 132545 40
CPU5 44.497980 132506 sgemm sgemm CUDA0 1.264524 132546 40
CPU5 44.252970 132507 sgemm sgemm CUDA1 1.261582 132547 40
CPU4 44.904138 132508 sgemm sgemm CUDA0 1.064868 132548 40
CPU1 44.639344 132509 sgemm sgemm CUDA3 1.253407 132549 40
CPU1 44.907537 132510 sgemm sgemm CUDA1 1.256934 132550 40
CPU9 44.759162 132514 sgemm sgemm CUDA1 1.066417 132554 40
CPU8 44.551476 132515 sgemm sgemm CUDA1 1.301934 132555 40
CPU14 44.467183 132516 sgemm sgemm CUDA1 1.179632 132556 40
CPU6 44.789444 132517 sgemm sgemm CUDA1 1.259432 132557 40
CPU3 44.863833 132518 sgemm sgemm CUDA1 1.258792 132558 40
CPU1 45.043619 132519 sgemm sgemm CUDA1 1.258098 132559 40
CPU15 44.507046 132520 sgemm sgemm CUDA3 1.268108 132560 40
CPU17 44.424591 132521 sgemm sgemm CUDA1 1.076298 132561 40
CPU18 44.252879 132522 sgemm sgemm CUDA2 1.068471 132562 40
CPU2 44.517531 132523 sgemm sgemm CUDA2 1.070769 132563 40
CPU0 44.940895 132524 sgemm sgemm CUDA3 1.069164 132564 40
CPU11 44.064962 132525 sgemm sgemm CUDA3 1.064866 132565 40
CPU3 44.578614 132526 sgemm sgemm CUDA3 1.264164 132566 40
CPU6 44.923082 132527 sgemm sgemm CUDA1 1.067489 132567 40
CPU19 44.874699 132528 sgemm sgemm CUDA2 1.260659 132568 40
CPU6 44.676169 132529 sgemm sgemm CUDA2 1.261398 132569 40
CPU2 44.824093 132530 sgemm sgemm CUDA0 1.066608 132570 40
CPU10 44.358934 132531 sgemm sgemm CUDA2 1.256907 132571 40
CPU4 44.576725 132532 sgemm sgemm CUDA0 1.068418 132572 40
CPU2 44.248367 132533 sgemm sgemm CUDA1 1.261568 132573 40
CPU16 44.386731 132534 sgemm sgemm CUDA0 1.259650 132574 40
CPU12 44.156090 132535 sgemm sgemm CUDA3 1.261589 132575 40
CPU12 45.207948 132536 sgemm sgemm CUDA1 1.265800 132576 40
CPU7 44.412255 132540 sgemm sgemm CUDA2 1.260285 132580 40
CPU8 44.390471 132541 sgemm sgemm CUDA2 1.253681 132581 40
CPU14 44.423202 132542 sgemm sgemm CUDA1 1.255468 132582 40
CPU6 44.689600 132543 sgemm sgemm CUDA1 1.258271 132583 40
CPU4 44.730580 132544 sgemm sgemm CUDA1 12.616428 132584 40
CPU9 44.788168 132545 sgemm sgemm CUDA2 1.255809 132585 40
CPU15 44.359004 132546 sgemm sgemm CUDA3 1.265024 132586 40
CPU17 44.478387 132547 sgemm sgemm CUDA3 1.066910 132587 40
CPU19 44.485687 132548 sgemm sgemm CUDA2 1.073277 132588 40
CPU3 44.535485 132549 sgemm sgemm CUDA2 1.072653 132589 40
CPU3 44.335748 132550 sgemm sgemm CUDA3 1.255117 132590 40
CPU12 44.408276 132551 sgemm sgemm CUDA3 1.068193 132591 40
CPU18 44.342756 132552 sgemm sgemm CUDA3 12.412088 132592 40
CPU3 44.823462 132553 sgemm sgemm CUDA1 0.040790 132593 40
CPU19 44.890800 132554 sgemm sgemm CUDA2 1.257392 132594 40
CPU10 44.592555 132555 sgemm sgemm CUDA2 1.070243 132595 40
CPU9 44.707278 132556 sgemm sgemm CUDA0 1.068911 132596 40
CPU1 44.705369 132557 sgemm sgemm CUDA0 1.261920 132597 40
CPU6 44.639121 132558 sgemm sgemm CUDA0 1.260860 132598 40
CPU1 44.182739 132559 sgemm sgemm CUDA1 1.306050 132599 40
CPU19 44.423497 132560 sgemm sgemm CUDA0 1.068261 132600 40
CPU17 44.257963 132561 sgemm sgemm CUDA0 1.072138 132601 40
CPU18 44.370934 132562 sgemm sgemm CUDA0 1.261760 132602 40
CPU1 44.402778 132566 sgemm sgemm CUDA0 1.343875 132606 40
CPU8 44.514364 132567 sgemm sgemm CUDA3 1.257868 132607 40
CPU14 44.312953 132568 sgemm sgemm CUDA3 1.067127 132608 40
CPU6 44.795556 132569 sgemm sgemm CUDA1 1.258281 132609 40
CPU4 44.612655 132570 sgemm sgemm CUDA1 1.080178 132610 40
CPU4 44.725821 132571 sgemm sgemm CUDA1 1.241209 132611 40
CPU16 44.294334 132572 sgemm sgemm CUDA3 9.528746 132612 40
CPU17 44.248753 132573 sgemm sgemm CUDA1 1.077485 132613 40
CPU19 44.427010 132574 sgemm sgemm CUDA2 1.042788 132614 40
CPU1 44.492891 132575 sgemm sgemm CUDA2 1.251234 132615 40
CPU4 44.664081 132576 sgemm sgemm CUDA3 0.045224 132616 40
CPU11 44.696392 132577 sgemm sgemm CUDA3 1.327090 132617 40
CPU7 44.920941 132578 sgemm sgemm CUDA2 1.068073 132618 40
CPU7 44.995920 132579 sgemm sgemm CUDA1 1.196046 132619 40
CPU19 44.463977 132580 sgemm sgemm CUDA2 1.255754 132620 40
CPU7 44.674131 132581 sgemm sgemm CUDA2 1.064686 132621 40
CPU3 44.772964 132582 sgemm sgemm CUDA0 0.089484 132622 40
CPU11 44.291297 132583 sgemm sgemm CUDA0 1.055742 132623 40
CPU19 44.554727 132584 sgemm sgemm CUDA0 9.373220 132624 40
CPU12 44.604723 132585 sgemm sgemm CUDA1 1.066842 132625 40
CPU17 44.413038 132586 sgemm sgemm CUDA0 1.013570 132626 40
CPU11 44.258202 132587 sgemm sgemm CUDA3 1.260627 132627 40
CPU11 45.079200 132588 sgemm sgemm CUDA3 1.204281 132628 40
CPU10 44.456501 132592 sgemm sgemm CUDA1 6.500266 132632 40
CPU9 44.402016 132593 sgemm sgemm CUDA3 1.274239 132633 40
CPU14 44.471537 132594 sgemm sgemm CUDA3 1.198482 132634 40
CPU6 44.500715 132595 sgemm sgemm CUDA2 0.166690 132635 40
CPU0 44.668179 132596 sgemm sgemm CUDA1 0.081401 132636 40
CPU9 44.459643 132597 sgemm sgemm CUDA2 1.016664 132637 40
CPU16 44.677050 132598 sgemm sgemm CUDA3 1.207105 132638 40
CPU11 44.563762 132599 sgemm sgemm CUDA3 1.198282 132639 40
CPU19 44.384731 132600 sgemm sgemm CUDA2 1.014116 132640 40
CPU8 44.198794 132601 sgemm sgemm CUDA2 1.201096 132641 40
CPU3 44.546166 132602 sgemm sgemm CUDA3 1.013845 132642 40
CPU12 44.408928 132603 sgemm sgemm CUDA2 3.551759 132643 40
CPU15 44.314339 132604 sgemm sgemm CUDA3 1.205211 132644 40
CPU9 44.550232 132605 sgemm sgemm CUDA1 1.246040 132645 40
CPU19 44.522255 132606 sgemm sgemm CUDA2 0.096862 132646 40
CPU12 44.518361 132607 sgemm sgemm CUDA2 1.327108 132647 40
CPU1 44.714765 132608 sgemm sgemm CUDA0 1.247166 132648 40
CPU11 44.640717 132609 sgemm sgemm CUDA0 1.011005 132649 40
CPU10 44.639762 132610 sgemm sgemm CUDA0 1.175653 132650 40
CPU13 44.698824 132611 sgemm sgemm CUDA1 1.213233 132651 40
CPU13 44.648850 132612 sgemm sgemm CUDA0 1.008623 132652 40
CPU13 44.688915 132613 sgemm sgemm CUDA0 5.728150 132653 40
CPU13 44.725725 132614 sgemm sgemm CUDA0 1.320581 132654 40
CPU2 44.377506 132618 sgemm sgemm CUDA3 1.272793 132658 40
CPU8 44.199207 132619 sgemm sgemm CUDA3 1.291281 132659 40
CPU14 44.418353 132620 sgemm sgemm CUDA3 1.263917 132660 40
CPU6 44.476716 132621 sgemm sgemm CUDA1 1.064632 132661 40
CPU1 44.342305 132622 sgemm sgemm CUDA1 1.072309 132662 40
CPU8 44.362617 132623 sgemm sgemm CUDA2 1.258153 132663 40
CPU16 44.559603 132624 sgemm sgemm CUDA3 1.259876 132664 40
CPU17 44.514829 132625 sgemm sgemm CUDA3 1.070659 132665 40
CPU17 44.765645 132626 sgemm sgemm CUDA2 1.259291 132666 40
CPU0 44.367016 132627 sgemm sgemm CUDA2 1.067166 132667 40
CPU4 44.504589 132628 sgemm sgemm CUDA3 1.067644 132668 40
CPU11 44.198017 132629 sgemm sgemm CUDA2 1.258481 132669 40
CPU9 44.561929 132630 sgemm sgemm CUDA2 1.065063 132670 40
CPU16 44.510781 132631 sgemm sgemm CUDA1 12.974207 132671 40
CPU19 44.539211 132632 sgemm sgemm CUDA0 1.300749 132672 40
CPU2 44.689797 132633 sgemm sgemm CUDA0 1.066309 132673 40
CPU5 44.485620 132634 sgemm sgemm CUDA0 1.072327 132674 40
CPU15 44.517480 132635 sgemm sgemm CUDA0 1.261362 132675 40
CPU18 44.216676 132636 sgemm sgemm CUDA0 1.261064 132676 40
CPU13 44.966651 132637 sgemm sgemm CUDA1 0.134470 132677 40
CPU13 44.980602 132638 sgemm sgemm CUDA1 1.386750 132678 40
CPU13 45.133106 132639 sgemm sgemm CUDA3 1.071890 132679 40
CPU13 44.842885 132640 sgemm sgemm CUDA3 13.198009 132680 40
CPU3 44.733646 132644 sgemm sgemm CUDA2 1.011317 132684 40
CPU8 44.412858 132645 sgemm sgemm CUDA2 1.066264 132685 40
CPU14 44.331974 132646 sgemm sgemm CUDA1 1.295562 132686 40
CPU6 44.604543 132647 sgemm sgemm CUDA1 1.087344 132687 40
CPU2 44.439988 132648 sgemm sgemm CUDA1 1.068254 132688 40
CPU8 44.481047 132649 sgemm sgemm CUDA2 1.065891 132689 40
CPU16 44.263232 132650 sgemm sgemm CUDA3 1.012581 132690 40
CPU17 44.327311 132651 sgemm sgemm CUDA3 1.259897 132691 40
CPU18 44.484047 132652 sgemm sgemm CUDA2 1.259588 132692 40
CPU5 44.145351 132653 sgemm sgemm CUDA3 1.259362 132693 40
CPU7 44.829085 132654 sgemm sgemm CUDA3 1.068089 132694 40
CPU12 44.506734 132655 sgemm sgemm CUDA3 1.260639 132695 40
CPU12 44.449369 132656 sgemm sgemm CUDA2 1.071841 132696 40
CPU3 44.566597 132657 sgemm sgemm CUDA0 1.172033 132697 40
CPU19 44.480297 132658 sgemm sgemm CUDA0 1.264919 132698 40
CPU3 44.231641 132659 sgemm sgemm CUDA0 1.261289 132699 40
CPU0 44.511722 132660 sgemm sgemm CUDA0 1.256060 132700 40
CPU2 44.355631 132661 sgemm sgemm CUDA2 1.068425 132701 40
CPU12 44.518840 132662 sgemm sgemm CUDA3 3.409297 132702 40
CPU16 44.760926 132663 sgemm sgemm CUDA2 1.255362 132703 40
CPU19 44.590366 132664 sgemm sgemm CUDA0 1.259617 132704 40
CPU19 44.432238 132665 sgemm sgemm CUDA0 1.257911 132705 40
CPU19 44.445995 132666 sgemm sgemm CUDA1 1.066704 132706 40
CPU7 44.573022 132670 sgemm sgemm CUDA2 1.234531 132710 40
CPU8 44.548987 132671 sgemm sgemm CUDA2 1.072491 132711 40
CPU14 44.303327 132672 sgemm sgemm CUDA2 1.070195 132712 40
CPU6 44.715734 132673 sgemm sgemm CUDA2 0.156245 132713 40
CPU0 44.912903 132674 sgemm sgemm CUDA1 0.051928 132714 40
CPU2 44.884194 132675 sgemm sgemm CUDA2 1.332280 132715 40
CPU16 44.209105 132676 sgemm sgemm CUDA3 1.017811 132716 40
CPU19 44.361090 132677 sgemm sgemm CUDA3 1.262960 132717 40
CPU17 44.476321 132678 sgemm sgemm CUDA2 1.081595 132718 40
CPU0 44.622260 132679 sgemm sgemm CUDA3 1.264315 132719 40
CPU9 44.940267 132680 sgemm sgemm CUDA3 5.619801 132720 40
CPU13 44.709373 132681 sgemm sgemm CUDA3 0.041924 132721 40
CPU18 44.406334 132682 sgemm sgemm CUDA3 1.356674 132722 40
CPU9 44.765203 132683 sgemm sgemm CUDA1 5.715140 132723 40
CPU19 44.625248 132684 sgemm sgemm CUDA2 1.264914 132724 40
CPU5 44.572463 132685 sgemm sgemm CUDA2 1.068013 132725 40
CPU1 45.090986 132686 sgemm sgemm CUDA1 0.097721 132726 40
CPU11 44.139322 132687 sgemm sgemm CUDA2 1.255066 132727 40
CPU12 44.676487 132688 sgemm sgemm CUDA3 1.070609 132728 40
CPU13 44.581785 132689 sgemm sgemm CUDA2 1.068040 132729 40
CPU13 44.579284 132690 sgemm sgemm CUDA1 1.378844 132730 40
CPU13 44.467177 132691 sgemm sgemm CUDA3 1.257696 132731 40
CPU13 44.429944 132692 sgemm sgemm CUDA3 1.070442 132732 40
CPU10 44.252946 132696 sgemm sgemm CUDA3 0.045189 132736 40
CPU7 44.587726 132697 sgemm sgemm CUDA3 1.291010 132737 40
CPU14 44.329198 132698 sgemm sgemm CUDA3 1.260290 132738 40
CPU6 44.666704 132699 sgemm sgemm CUDA3 1.063025 132739 40
CPU2 44.286578 132700 sgemm sgemm CUDA0 1.066462 132740 40
CPU3 44.678428 132701 sgemm sgemm CUDA2 1.075479 132741 40
CPU15 44.536556 132702 sgemm sgemm CUDA3 1.070958 132742 40
CPU17 44.354930 132703 sgemm sgemm CUDA1 0.157408 132743 40
CPU18 44.273749 132704 sgemm sgemm CUDA2 1.069662 132744 40
CPU2 44.468126 132705 sgemm sgemm CUDA2 1.067792 132745 40
CPU2 44.809264 132706 sgemm sgemm CUDA0 1.070281 132746 40
CPU17 44.301167 132707 sgemm sgemm CUDA2 1.070920 132747 40
CPU0 44.948974 132708 sgemm sgemm CUDA0 1.067870 132748 40
CPU4 44.796539 132709 sgemm sgemm CUDA0 1.259968 132749 40
CPU19 44.776789 132710 sgemm sgemm CUDA0 1.258405 132750 40
CPU0 44.627228 132711 sgemm sgemm CUDA0 9.541719 132751 40
CPU8 44.742318 132712 sgemm sgemm CUDA1 3.986224 132752 40
CPU13 44.362780 132713 sgemm sgemm CUDA2 1.067177 132753 40
CPU14 44.530625 132714 sgemm sgemm CUDA1 0.047469 132754 40
CPU15 44.650468 132715 sgemm sgemm CUDA2 1.074972 132755 40
CPU19 44.391004 132716 sgemm sgemm CUDA1 1.367708 132756 40
CPU13 44.453282 132717 sgemm sgemm CUDA3 1.072258 132757 40
CPU13 44.450202 132718 sgemm sgemm CUDA1 1.259234 132758 40
CPU2 44.723450 132722 sgemm sgemm CUDA1 1.263395 132762 40
CPU8 44.553960 132723 sgemm sgemm CUDA2 1.256892 132763 40
CPU14 44.323446 132724 sgemm sgemm CUDA1 1.073476 132764 40
CPU6 44.898040 132725 sgemm sgemm CUDA2 1.259117 132765 40
CPU4 44.811136 132726 sgemm sgemm CUDA1 1.259443 132766 40
CPU1 44.556281 132727 sgemm sgemm CUDA1 1.069773 132767 40
CPU16 44.334992 132728 sgemm sgemm CUDA3 1.063184 132768 40
CPU17 44.364062 132729 sgemm sgemm CUDA3 1.063905 132769 40
CPU19 44.456361 132730 sgemm sgemm CUDA3 1.064954 132770 40
CPU1 44.427163 132731 sgemm sgemm CUDA3 1.065518 132771 40
CPU7 44.886393 132732 sgemm sgemm CUDA3 12.302039 132772 40
CPU17 44.409531 132733 sgemm sgemm CUDA2 1.071964 132773 40
CPU3 44.889787 132734 sgemm sgemm CUDA0 12.503601 132774 40
CPU6 44.923634 132735 sgemm sgemm CUDA0 0.041891 132775 40
CPU19 44.541291 132736 sgemm sgemm CUDA2 1.070330 132776 40
CPU12 44.603424 132737 sgemm sgemm CUDA2 1.255596 132777 40
CPU11 44.200107 132738 sgemm sgemm CUDA0 1.322734 132778 40
CPU11 44.220845 132739 sgemm sgemm CUDA2 1.065237 132779 40
CPU13 44.336062 132740 sgemm sgemm CUDA1 1.068866 132780 40
CPU10 44.233857 132741 sgemm sgemm CUDA2 1.261406 132781 40
CPU15 44.204577 132742 sgemm sgemm CUDA0 1.256319 132782 40
CPU10 44.517871 132743 sgemm sgemm CUDA0 1.260894 132783 40
CPU13 44.448246 132744 sgemm sgemm CUDA1 0.045447 132784 40
CPU1 44.478094 132748 sgemm sgemm CUDA2 0.989995 132788 40
CPU8 44.213327 132749 sgemm sgemm CUDA2 1.076516 132789 40
CPU14 44.373096 132750 sgemm sgemm CUDA1 1.306928 132790 40
CPU6 44.661442 132751 sgemm sgemm CUDA1 1.070238 132791 40
CPU3 44.527715 132752 sgemm sgemm CUDA1 1.068560 132792 40
CPU3 44.323761 132753 sgemm sgemm CUDA2 1.067289 132793 40
CPU16 44.455806 132754 sgemm sgemm CUDA3 1.074324 132794 40
CPU10 44.200144 132755 sgemm sgemm CUDA3 1.073751 132795 40
CPU18 44.253242 132756 sgemm sgemm CUDA2 1.260964 132796 40
CPU7 44.439681 132757 sgemm sgemm CUDA3 1.067756 132797 40
CPU3 44.549999 132758 sgemm sgemm CUDA0 1.255777 132798 40
CPU12 44.325335 132759 sgemm sgemm CUDA0 1.064333 132799 40
CPU15 44.339813 132760 sgemm sgemm CUDA1 1.068176 132800 40
CPU7 44.923792 132761 sgemm sgemm CUDA0 1.256546 132801 40
CPU19 44.692430 132762 sgemm sgemm CUDA0 1.262453 132802 40
CPU4 44.605638 132763 sgemm sgemm CUDA3 1.069901 132803 40
CPU4 44.400406 132764 sgemm sgemm CUDA0 1.255732 132804 40
CPU1 44.490680 132765 sgemm sgemm CUDA2 1.262256 132805 40
CPU8 44.476132 132766 sgemm sgemm CUDA1 1.260399 132806 40
CPU4 44.388927 132767 sgemm sgemm CUDA1 1.255040 132807 40
CPU12 44.549566 132768 sgemm sgemm CUDA1 1.069601 132808 40
CPU12 44.507474 132769 sgemm sgemm CUDA3 1.259260 132809 40
CPU12 44.356873 132770 sgemm sgemm CUDA3 1.257806 132810 40
CPU10 44.384737 132774 sgemm sgemm CUDA2 0.059548 132814 40
CPU7 44.268750 132775 sgemm sgemm CUDA2 1.409664 132815 40
CPU14 44.516335 132776 sgemm sgemm CUDA2 1.085103 132816 40
CPU6 44.515331 132777 sgemm sgemm CUDA3 0.040395 132817 40
CPU3 44.273497 132778 sgemm sgemm CUDA3 1.301646 132818 40
CPU4 44.738777 132779 sgemm sgemm CUDA2 1.259693 132819 40
CPU15 44.436600 132780 sgemm sgemm CUDA3 1.072955 132820 40
CPU17 44.519790 132781 sgemm sgemm CUDA3 1.258491 132821 40
CPU17 44.825546 132782 sgemm sgemm CUDA2 1.263284 132822 40
CPU1 43.982597 132783 sgemm sgemm CUDA2 1.262796 132823 40
CPU6 43.951491 132784 sgemm sgemm CUDA0 1.097288 132824 40
CPU11 44.328811 132785 sgemm sgemm CUDA0 1.075934 132825 40
CPU7 44.486500 132786 sgemm sgemm CUDA0 1.068119 132826 40
CPU18 44.436587 132787 sgemm sgemm CUDA0 3.371068 132827 40
CPU19 44.760680 132788 sgemm sgemm CUDA0 1.257359 132828 40
CPU2 44.140442 132789 sgemm sgemm CUDA0 0.061817 132829 40
CPU4 44.998745 132790 sgemm sgemm CUDA0 1.290933 132830 40
CPU12 44.716281 132791 sgemm sgemm CUDA2 1.067638 132831 40
CPU13 44.766400 132792 sgemm sgemm CUDA1 1.258489 132832 40
CPU19 44.703041 132793 sgemm sgemm CUDA1 1.258148 132833 40
CPU19 44.635197 132794 sgemm sgemm CUDA1 1.260907 132834 40
CPU13 44.920326 132795 sgemm sgemm CUDA3 1.266451 132835 40
CPU13 44.674564 132796 sgemm sgemm CUDA1 1.262742 132836 40
CPU9 44.421934 132800 sgemm sgemm CUDA1 1.070434 132840 40
CPU8 44.279904 132801 sgemm sgemm CUDA1 1.070320 132841 40
CPU14 44.531017 132802 sgemm sgemm CUDA1 0.042885 132842 40
CPU6 44.428067 132803 sgemm sgemm CUDA1 1.307456 132843 40
CPU4 44.427839 132804 sgemm sgemm CUDA1 1.259378 132844 40
CPU7 44.566518 132805 sgemm sgemm CUDA2 1.357963 132845 40
CPU16 44.376205 132806 sgemm sgemm CUDA3 1.064845 132846 40
CPU17 44.546163 132807 sgemm sgemm CUDA1 1.259381 132847 40
CPU19 44.460252 132808 sgemm sgemm CUDA2 1.070403 132848 40
CPU4 44.294938 132809 sgemm sgemm CUDA2 1.064253 132849 40
CPU6 44.491856 132810 sgemm sgemm CUDA3 1.259972 132850 40
CPU12 44.493166 132811 sgemm sgemm CUDA0 3.726240 132851 40
CPU2 44.545866 132812 sgemm sgemm CUDA2 1.071984 132852 40
CPU3 44.597823 132813 sgemm sgemm CUDA1 1.068482 132853 40
CPU19 44.696902 132814 sgemm sgemm CUDA2 1.070292 132854 40
CPU13 44.762100 132815 sgemm sgemm CUDA0 0.052553 132855 40
CPU18 44.366525 132816 sgemm sgemm CUDA0 1.364677 132856 40
CPU12 44.583365 132817 sgemm sgemm CUDA0 1.260504 132857 40
CPU11 44.638449 132818 sgemm sgemm CUDA1 1.255367 132858 40
CPU10 44.756948 132819 sgemm sgemm CUDA1 1.069989 132859 40
CPU3 44.664400 132820 sgemm sgemm CUDA3 1.267329 132860 40
CPU10 44.317601 132821 sgemm sgemm CUDA3 1.066444 132861 40
CPU16 44.759124 132822 sgemm sgemm CUDA3 1.258879 132862 40
CPU4 44.666192 132826 sgemm sgemm CUDA2 1.311723 132866 40
CPU8 44.370384 132827 sgemm sgemm CUDA2 0.064686 132867 40
CPU14 44.438085 132828 sgemm sgemm CUDA2 1.356766 132868 40
CPU6 44.653729 132829 sgemm sgemm CUDA1 1.331584 132869 40
CPU0 45.001910 132830 sgemm sgemm CUDA1 1.260654 132870 40
CPU18 45.141666 132831 sgemm sgemm CUDA2 1.076799 132871 40
CPU15 44.190067 132832 sgemm sgemm CUDA3 1.193950 132872 40
CPU17 44.479735 132833 sgemm sgemm CUDA3 1.073526 132873 40
CPU18 44.168021 132834 sgemm sgemm CUDA2 1.066854 132874 40
CPU0 44.553328 132835 sgemm sgemm CUDA3 1.260713 132875 40
CPU5 44.507157 132836 sgemm sgemm CUDA3 1.062302 132876 40
CPU12 44.308447 132837 sgemm sgemm CUDA0 1.338423 132877 40
CPU2 44.736040 132838 sgemm sgemm CUDA3 1.256980 132878 40
CPU8 44.765146 132839 sgemm sgemm CUDA2 1.067478 132879 40
CPU5 44.728184 132840 sgemm sgemm CUDA2 1.257561 132880 40
CPU3 44.348076 132841 sgemm sgemm CUDA3 1.071417 132881 40
CPU8 44.699889 132842 sgemm sgemm CUDA1 1.260520 132882 40
CPU12 44.648890 132843 sgemm sgemm CUDA0 1.069494 132883 40
CPU4 45.155877 132844 sgemm sgemm CUDA3 1.259827 132884 40
CPU8 44.585536 132845 sgemm sgemm CUDA0 1.069576 132885 40
CPU6 44.745271 132846 sgemm sgemm CUDA3 1.260811 132886 40
CPU7 45.181636 132847 sgemm sgemm CUDA0 1.259781 132887 40
CPU7 44.892098 132848 sgemm sgemm CUDA0 1.255359 132888 40
CPU6 44.616030 132852 sgemm sgemm CUDA2 1.068700 132892 40
CPU2 44.366088 132853 sgemm sgemm CUDA2 1.260359 132893 40
CPU14 44.356017 132854 sgemm sgemm CUDA2 1.069677 132894 40
CPU6 44.832403 132855 sgemm sgemm CUDA3 1.257458 132895 40
CPU1 44.621090 132856 sgemm sgemm CUDA3 1.065090 132896 40
CPU1 44.909378 132857 sgemm sgemm CUDA2 1.066436 132897 40
CPU16 44.216777 132858 sgemm sgemm CUDA3 1.259604 132898 40
CPU17 44.600507 132859 sgemm sgemm CUDA2 12.146047 132899 40
CPU19 44.391359 132860 sgemm sgemm CUDA2 0.197540 132900 40
CPU0 44.676433 132861 sgemm sgemm CUDA2 1.402429 132901 40
CPU3 44.621119 132862 sgemm sgemm CUDA3 1.075878 132902 40
CPU11 44.207595 132863 sgemm sgemm CUDA2 1.258151 132903 40
CPU6 44.736049 132864 sgemm sgemm CUDA3 1.083471 132904 40
CPU9 44.737721 132865 sgemm sgemm CUDA2 1.069196 132905 40
CPU6 44.623892 132866 sgemm sgemm CUDA2 1.270121 132906 40
CPU1 44.642871 132867 sgemm sgemm CUDA3 1.312249 132907 40
CPU6 45.061938 132868 sgemm sgemm CUDA0 1.009706 132908 40
CPU2 44.508590 132869 sgemm sgemm CUDA0 1.070329 132909 40
CPU0 45.099296 132870 sgemm sgemm CUDA1 0.072688 132910 40
CPU3 44.169038 132871 sgemm sgemm CUDA1 1.391235 132911 40
CPU3 44.608798 132872 sgemm sgemm CUDA3 1.063951 132912 40
CPU7 44.220241 132873 sgemm sgemm CUDA3 1.308940 132913 40
CPU5 44.740718 132874 sgemm sgemm CUDA3 1.273895 132914 40
CPU5 44.526571 132878 sgemm sgemm CUDA2 0.052769 132918 40
CPU7 44.517584 132879 sgemm sgemm CUDA2 1.075104 132919 40
CPU14 44.359202 132880 sgemm sgemm CUDA2 18.369855 132920 40
CPU6 45.129057 132881 sgemm sgemm CUDA2 0.114841 132921 40
CPU2 44.539757 132882 sgemm sgemm CUDA0 0.054479 132922 40
CPU4 45.214985 132883 sgemm sgemm CUDA0 1.417992 132923 40
CPU15 44.265284 132884 sgemm sgemm CUDA0 1.261435 132924 40
CPU17 44.582015 132885 sgemm sgemm CUDA1 1.068907 132925 40
CPU18 44.417519 132886 sgemm sgemm CUDA2 1.484106 132926 40
CPU2 44.401248 132887 sgemm sgemm CUDA1 1.262618 132927 40
CPU8 44.513013 132888 sgemm sgemm CUDA3 1.261617 132928 40
CPU12 44.409246 132889 sgemm sgemm CUDA2 1.261848 132929 40
CPU10 44.457172 132890 sgemm sgemm CUDA1 12.171670 132930 40
CPU5 44.468821 132891 sgemm sgemm CUDA2 1.069553 132931 40
CPU19 44.616718 132892 sgemm sgemm CUDA2 1.262492 132932 40
CPU7 44.383960 132893 sgemm sgemm CUDA3 1.065258 132933 40
CPU6 44.693254 132894 sgemm sgemm CUDA1 1.257701 132934 40
CPU2 44.270674 132895 sgemm sgemm CUDA0 1.078168 132935 40
CPU8 44.451908 132896 sgemm sgemm CUDA3 1.259184 132936 40
CPU10 44.497985 132897 sgemm sgemm CUDA0 1.258923 132937 40
CPU9 44.559213 132898 sgemm sgemm CUDA1 1.072529 132938 40
CPU2 44.439020 132899 sgemm sgemm CUDA3 1.062667 132939 40
CPU1 44.737386 132900 sgemm sgemm CUDA3 1.259973 132940 40
CPU8 44.308817 132904 sgemm sgemm CUDA2 1.070407 132944 40
CPU8 44.094059 132905 sgemm sgemm CUDA3 1.069235 132945 40
CPU14 44.573747 132906 sgemm sgemm CUDA3 1.260135 132946 40
CPU6 44.523044 132907 sgemm sgemm CUDA3 1.069519 132947 40
CPU0 44.452464 132908 sgemm sgemm CUDA3 1.260335 132948 40
CPU8 43.991871 132909 sgemm sgemm CUDA2 1.070277 132949 40
CPU16 44.555671 132910 sgemm sgemm CUDA0 1.259345 132950 40
CPU10 44.300852 132911 sgemm sgemm CUDA2 1.070519 132951 40
CPU19 44.618390 132912 sgemm sgemm CUDA2 1.072651 132952 40
CPU4 44.372960 132913 sgemm sgemm CUDA2 1.261243 132953 40
CPU11 44.498814 132914 sgemm sgemm CUDA3 1.257227 132954 40
CPU11 44.626798 132915 sgemm sgemm CUDA0 1.064614 132955 40
CPU1 44.225847 132916 sgemm sgemm CUDA3 1.260628 132956 40
CPU0 44.512363 132917 sgemm sgemm CUDA0 1.070237 132957 40
CPU11 44.514148 132918 sgemm sgemm CUDA0 1.255244 132958 40
CPU6 44.383851 132919 sgemm sgemm CUDA0 1.066598 132959 40
CPU7 44.448081 132920 sgemm sgemm CUDA1 1.075316 132960 40
CPU10 44.846829 132921 sgemm sgemm CUDA0 1.065188 132961 40
CPU8 44.448679 132922 sgemm sgemm CUDA1 1.073747 132962 40
CPU9 44.132642 132923 sgemm sgemm CUDA0 1.065095 132963 40
CPU1 44.460229 132924 sgemm sgemm CUDA1 1.263522 132964 40
CPU10 44.685790 132925 sgemm sgemm CUDA3 1.253088 132965 40
CPU10 46.997531 132926 sgemm sgemm CUDA1 1.258617 132966 40
CPU10 44.470709 132930 sgemm sgemm CUDA2 1.075615 132970 40
CPU8 44.230500 132931 sgemm sgemm CUDA2 1.241030 132971 40
CPU14 44.507957 132932 sgemm sgemm CUDA3 1.480608 132972 40
CPU6 45.029882 132933 sgemm sgemm CUDA3 1.154596 132973 40
CPU2 44.442082 132934 sgemm sgemm CUDA3 1.355604 132974 40
CPU8 44.473977 132935 sgemm sgemm CUDA2 1.089621 132975 40
CPU15 44.327803 132936 sgemm sgemm CUDA2 1.073404 132976 40
CPU18 44.027165 132937 sgemm sgemm CUDA2 1.071320 132977 40
CPU17 44.526213 132938 sgemm sgemm CUDA2 1.073677 132978 40
CPU1 44.350981 132939 sgemm sgemm CUDA2 1.086736 132979 40
CPU0 44.616664 132940 sgemm sgemm CUDA3 1.083561 132980 40
CPU3 44.681347 132941 sgemm sgemm CUDA2 1.066671 132981 40
CPU7 44.706757 132942 sgemm sgemm CUDA3 1.264915 132982 40
CPU0 44.738679 132943 sgemm sgemm CUDA1 1.256615 132983 40
CPU19 44.650616 132944 sgemm sgemm CUDA2 1.254870 132984 40
CPU2 44.258639 132945 sgemm sgemm CUDA2 1.070247 132985 40
CPU2 44.557068 132946 sgemm sgemm CUDA1 1.291985 132986 40
CPU12 44.838433 132947 sgemm sgemm CUDA1 1.257439 132987 40
CPU5 44.405650 132948 sgemm sgemm CUDA1 1.088214 132988 40
CPU18 44.366647 132949 sgemm sgemm CUDA0 0.062286 132989 40
CPU16 44.464282 132950 sgemm sgemm CUDA1 1.258273 132990 40
CPU8 44.572016 132951 sgemm sgemm CUDA3 1.068992 132991 40
CPU7 45.856030 132952 sgemm sgemm CUDA3 1.064162 132992 40
CPU0 44.714386 132956 sgemm sgemm CUDA2 1.079337 132996 40
CPU7 44.345270 132957 sgemm sgemm CUDA2 1.071412 132997 40
CPU14 44.623412 132958 sgemm sgemm CUDA2 1.066669 132998 40
CPU6 44.467969 132959 sgemm sgemm CUDA3 1.071119 132999 40
CPU5 44.237504 132960 sgemm sgemm CUDA3 1.064749 133000 40
CPU2 44.777428 132961 sgemm sgemm CUDA2 1.073340 133001 40
CPU16 44.530029 132962 sgemm sgemm CUDA2 1.071712 133002 40
CPU19 44.475077 132963 sgemm sgemm CUDA1 1.340845 133003 40
CPU17 44.389800 132964 sgemm sgemm CUDA1 1.263218 133004 40
CPU3 44.356914 132965 sgemm sgemm CUDA1 1.068618 133005 40
CPU3 43.981230 132966 sgemm sgemm CUDA3 1.064218 133006 40
CPU11 44.257052 132967 sgemm sgemm CUDA2 1.070047 133007 40
CPU9 44.541697 132968 sgemm sgemm CUDA1 1.258211 133008 40
CPU0 44.819780 132969 sgemm sgemm CUDA2 1.067270 133009 40
CPU10 44.647607 132970 sgemm sgemm CUDA0 1.256518 133010 40
CPU3 44.140484 132971 sgemm sgemm CUDA0 12.701504 133011 40
CPU1 44.535405 132972 sgemm sgemm CUDA1 1.258972 133012 40
CPU4 44.634686 132973 sgemm sgemm CUDA1 1.065480 133013 40
CPU9 44.422294 132974 sgemm sgemm CUDA1 1.072660 133014 40
CPU6 44.468350 132975 sgemm sgemm CUDA0 0.045760 133015 40
CPU4 44.630459 132976 sgemm sgemm CUDA3 1.066373 133016 40
CPU4 44.654472 132977 sgemm sgemm CUDA3 1.263746 133017 40
CPU4 44.614277 132978 sgemm sgemm CUDA3 1.263405 133018 40
CPU4 44.890323 132982 sgemm sgemm CUDA2 12.301185 133022 40
CPU8 44.182935 132983 sgemm sgemm CUDA2 1.313359 133023 40
CPU14 44.568121 132984 sgemm sgemm CUDA2 1.081584 133024 40
CPU6 44.585745 132985 sgemm sgemm CUDA2 9.505525 133025 40
CPU3 44.283948 132986 sgemm sgemm CUDA1 1.247892 133026 40
CPU0 45.623264 132987 sgemm sgemm CUDA1 1.068158 133027 40
CPU16 44.660065 132988 sgemm sgemm CUDA2 0.056400 133028 40
CPU17 44.613928 132989 sgemm sgemm CUDA1 1.072255 133029 40
CPU17 45.076205 132990 sgemm sgemm CUDA1 1.262480 133030 40
CPU0 44.325375 132991 sgemm sgemm CUDA1 1.070232 133031 40
CPU9 44.380782 132992 sgemm sgemm CUDA3 1.300172 133032 40
CPU12 44.452670 132993 sgemm sgemm CUDA0 1.392097 133033 40
CPU6 44.523029 132994 sgemm sgemm CUDA0 1.278743 133034 40
CPU7 44.494400 132995 sgemm sgemm CUDA0 1.067210 133035 40
CPU19 44.556405 132996 sgemm sgemm CUDA0 1.065690 133036 40
CPU5 44.590550 132997 sgemm sgemm CUDA3 1.263822 133037 40
CPU3 44.597062 132998 sgemm sgemm CUDA0 1.255413 133038 40
CPU2 44.419501 132999 sgemm sgemm CUDA1 1.071126 133039 40
CPU1 44.614184 133000 sgemm sgemm CUDA3 9.338515 133040 40
CPU9 44.266365 133001 sgemm sgemm CUDA0 1.071323 133041 40
CPU7 44.785675 133002 sgemm sgemm CUDA3 0.051163 133042 40
CPU8 44.266343 133003 sgemm sgemm CUDA3 1.304892 133043 40
CPU6 44.880038 133004 sgemm sgemm CUDA3 1.258165 133044 40
CPU0 44.624239 133008 sgemm sgemm CUDA2 1.067298 133048 40
CPU8 44.095950 133009 sgemm sgemm CUDA2 1.260591 133049 40
CPU14 44.511835 133010 sgemm sgemm CUDA2 1.067921 133050 40
CPU6 44.404514 133011 sgemm sgemm CUDA2 1.260302 133051 40
CPU1 44.206532 133012 sgemm sgemm CUDA3 1.246912 133052 40
CPU2 44.396336 133013 sgemm sgemm CUDA2 1.253532 133053 40
CPU15 44.303378 133014 sgemm sgemm CUDA2 1.071346 133054 40
CPU18 44.064271 133015 sgemm sgemm CUDA2 1.257536 133055 40
CPU18 44.223506 133016 sgemm sgemm CUDA2 1.068656 133056 40
CPU2 44.354605 133017 sgemm sgemm CUDA2 1.262598 133057 40
CPU2 44.504400 133018 sgemm sgemm CUDA0 1.257037 133058 40
CPU12 44.528425 133019 sgemm sgemm CUDA0 1.066398 133059 40
CPU0 44.793196 133020 sgemm sgemm CUDA0 1.258916 133060 40
CPU6 44.502135 133021 sgemm sgemm CUDA0 1.265644 133061 40
CPU7 44.623769 133022 sgemm sgemm CUDA2 1.261193 133062 40
CPU0 44.452161 133023 sgemm sgemm CUDA0 1.067000 133063 40
CPU5 44.534563 133024 sgemm sgemm CUDA0 1.067593 133064 40
CPU6 44.463318 133025 sgemm sgemm CUDA3 12.049057 133065 40
CPU4 44.554268 133026 sgemm sgemm CUDA3 1.303282 133066 40
CPU0 44.451302 133027 sgemm sgemm CUDA0 1.251552 133067 40
CPU10 44.698452 133028 sgemm sgemm CUDA3 1.066863 133068 40
CPU4 44.262363 133029 sgemm sgemm CUDA3 1.256432 133069 40
CPU4 44.495445 133030 sgemm sgemm CUDA0 1.262798 133070 40
CPU3 44.472248 133034 sgemm sgemm CUDA2 1.431067 133074 40
CPU7 44.611601 133035 sgemm sgemm CUDA2 1.276262 133075 40
CPU14 44.395722 133036 sgemm sgemm CUDA2 1.087891 133076 40
CPU6 44.905389 133037 sgemm sgemm CUDA3 1.255349 133077 40
CPU4 44.683917 133038 sgemm sgemm CUDA3 1.064588 133078 40
CPU1 44.472149 133039 sgemm sgemm CUDA2 13.129852 133079 40
CPU16 44.356548 133040 sgemm sgemm CUDA2 0.040126 133080 40
CPU17 44.631335 133041 sgemm sgemm CUDA3 0.115665 133081 40
CPU18 44.382872 133042 sgemm sgemm CUDA2 1.304581 133082 40
CPU1 44.316640 133043 sgemm sgemm CUDA2 1.067427 133083 40
CPU6 44.396606 133044 sgemm sgemm CUDA0 1.263557 133084 40
CPU11 44.295010 133045 sgemm sgemm CUDA2 1.067885 133085 40
CPU9 44.599765 133046 sgemm sgemm CUDA3 1.065907 133086 40
CPU3 44.617196 133047 sgemm sgemm CUDA0 1.262024 133087 40
CPU19 44.485350 133048 sgemm sgemm CUDA0 1.282142 133088 40
CPU8 44.460647 133049 sgemm sgemm CUDA0 1.270853 133089 40
CPU7 44.796770 133050 sgemm sgemm CUDA0 1.068850 133090 40
CPU1 44.439397 133051 sgemm sgemm CUDA0 1.063016 133091 40
CPU2 44.639138 133052 sgemm sgemm CUDA3 1.071768 133092 40
CPU6 44.541254 133053 sgemm sgemm CUDA0 1.260880 133093 40
CPU11 44.471861 133054 sgemm sgemm CUDA3 1.068519 133094 40
CPU6 44.726825 133055 sgemm sgemm CUDA3 1.070917 133095 40
CPU6 44.753447 133056 sgemm sgemm CUDA0 1.260646 133096 40
CPU1 44.112522 133060 sgemm sgemm CUDA2 1.079060 133100 40
CPU0 44.792296 133061 sgemm sgemm CUDA2 1.068038 133101 40
CPU14 44.447994 133062 sgemm sgemm CUDA2 1.263067 133102 40
CPU6 44.625690 133063 sgemm sgemm CUDA3 1.071359 133103 40
CPU2 44.585810 133064 sgemm sgemm CUDA3 1.255959 133104 40
CPU0 44.980245 133065 sgemm sgemm CUDA2 1.071577 133105 40
CPU15 44.199261 133066 sgemm sgemm CUDA3 1.068208 133106 40
CPU17 44.823632 133067 sgemm sgemm CUDA3 1.068483 133107 40
CPU17 44.690696 133068 sgemm sgemm CUDA2 1.260398 133108 40
CPU0 44.532302 133069 sgemm sgemm CUDA2 13.239457 133109 40
CPU10 44.564890 133070 sgemm sgemm CUDA0 1.258022 133110 40
CPU12 44.344745 133071 sgemm sgemm CUDA0 1.255611 133111 40
CPU4 44.945820 133072 sgemm sgemm CUDA3 1.068186 133112 40
CPU4 44.855120 133073 sgemm sgemm CUDA0 1.068409 133113 40
CPU19 44.422304 133074 sgemm sgemm CUDA2 0.039811 133114 40
CPU4 44.289756 133075 sgemm sgemm CUDA0 1.257158 133115 40
CPU0 44.752207 133076 sgemm sgemm CUDA1 1.280035 133116 40
CPU10 44.558040 133077 sgemm sgemm CUDA1 1.073917 133117 40
CPU7 45.263767 133078 sgemm sgemm CUDA1 1.256452 133118 40
CPU8 44.449104 133079 sgemm sgemm CUDA2 1.247264 133119 40
CPU10 44.577575 133080 sgemm sgemm CUDA0 1.065272 133120 40
CPU7 44.770995 133081 sgemm sgemm CUDA0 1.067630 133121 40
CPU1 45.840226 133082 sgemm sgemm CUDA1 1.260450 133122 40
CPU7 44.119839 133086 sgemm sgemm CUDA1 1.065002 133126 40
CPU7 44.398776 133087 sgemm sgemm CUDA1 1.197551 133127 40
CPU14 44.708139 133088 sgemm sgemm CUDA1 1.012474 133128 40
CPU6 44.508871 133089 sgemm sgemm CUDA3 12.396019 133129 40
CPU9 44.066884 133090 sgemm sgemm CUDA3 0.046461 133130 40
CPU3 44.294649 133091 sgemm sgemm CUDA1 1.013067 133131 40
CPU16 44.478324 133092 sgemm sgemm CUDA3 1.264893 133132 40
CPU17 44.814647 133093 sgemm sgemm CUDA1 1.205194 133133 40
CPU18 44.465810 133094 sgemm sgemm CUDA1 1.016411 133134 40
CPU10 44.824407 133095 sgemm sgemm CUDA3 1.203702 133135 40
CPU1 44.346363 133096 sgemm sgemm CUDA3 1.200341 133136 40
CPU11 44.459886 133097 sgemm sgemm CUDA2 1.061560 133137 40
CPU5 44.131807 133098 sgemm sgemm CUDA0 1.067735 133138 40
CPU6 44.454769 133099 sgemm sgemm CUDA1 12.050451 133139 40
CPU19 44.654838 133100 sgemm sgemm CUDA0 1.255190 133140 40
CPU5 44.315448 133101 sgemm sgemm CUDA0 1.062315 133141 40
CPU8 44.466065 133102 sgemm sgemm CUDA1 1.238843 133142 40
CPU12 44.765241 133103 sgemm sgemm CUDA2 1.005902 133143 40
CPU1 44.254606 133104 sgemm sgemm CUDA3 1.011716 133144 40
CPU5 43.937658 133105 sgemm sgemm CUDA2 1.204144 133145 40
CPU8 44.115575 133106 sgemm sgemm CUDA3 1.012571 133146 40
CPU5 44.141806 133107 sgemm sgemm CUDA3 1.202956 133147 40
CPU4 44.271015 133108 sgemm sgemm CUDA0 12.787045 133148 40
CPU4 33.574574 133114 strsm strsm CUDA0 2.762837 133154 40
CPU9 31.589396 133118 strsm strsm CUDA2 2.826443 133158 40
CPU14 32.142257 133122 strsm strsm CUDA1 2.746913 133162 40
CPU6 32.294642 133126 strsm strsm CUDA2 0.287394 133166 40
CPU2 32.028754 133130 strsm strsm CUDA1 2.723116 133170 40
CPU7 33.593344 133134 strsm strsm CUDA0 2.671243 133174 40
CPU15 31.315656 133138 strsm strsm CUDA3 2.770185 133178 40
CPU17 31.850967 133142 strsm strsm CUDA2 5.962380 133182 40
CPU18 31.773569 133146 strsm strsm CUDA1 0.216479 133186 40
CPU4 31.793502 133150 strsm strsm CUDA3 2.506451 133190 40
CPU3 32.280527 133154 strsm strsm CUDA3 1.865295 133194 40
CPU17 31.676044 133158 strsm strsm CUDA2 2.277156 133198 40
CPU18 32.066718 133162 strsm strsm CUDA1 14.173551 133202 40
CPU18 31.300418 133166 strsm strsm CUDA0 2.290200 133206 40
CPU5 33.184310 133170 strsm strsm CUDA0 6.483593 133210 40
CPU10 32.197558 133174 strsm strsm CUDA0 11.071344 133214 40
CPU1 32.167037 133178 strsm strsm CUDA1 2.634358 133218 40
CPU11 31.656225 133182 strsm strsm CUDA3 0.526495 133222 40
CPU1 32.288791 133186 strsm strsm CUDA1 4.956736 133226 40
CPU12 32.517203 133190 strsm strsm CUDA2 6.806457 133230 40
CPU13 32.269982 133194 strsm strsm CUDA3 6.989351 133234 40
CPU10 31.961604 133198 strsm strsm CUDA3 0.149251 133238 40
CPU16 31.430574 133202 strsm strsm CUDA0 0.624732 133242 40
CPU10 15.275622 133206 strtri strtri CPU -1 133246 40
CPU2 31.534182 133208 strsm strsm CUDA2 12.504003 133248 40
CPU8 31.404277 133210 strsm strsm CUDA2 2.968076 133250 40
CPU6 32.611463 133212 strsm strsm CUDA2 2.781221 133252 40
CPU9 31.090882 133214 strsm strsm CUDA2 9.444976 133254 40
CPU14 30.849993 133216 strsm strsm CUDA0 14.593405 133256 40
CPU4 30.937391 133218 strsm strsm CUDA0 12.472086 133258 40
CPU6 32.045010 133220 strsm strsm CUDA2 2.846169 133260 40
CPU8 30.929598 133222 strsm strsm CUDA0 7.721504 133262 40
CPU5 30.980517 133224 strsm strsm CUDA2 0.040105 133264 40
CPU5 30.864150 133226 strsm strsm CUDA0 2.871546 133266 40
CPU9 31.101656 133228 strsm strsm CUDA2 13.004181 133268 40
CPU9 31.044469 133230 strsm strsm CUDA2 2.921689 133270 40
CPU5 31.426539 133232 strsm strsm CUDA3 14.203789 133272 40
CPU8 30.977700 133234 strsm strsm CUDA2 2.907210 133274 40
CPU5 31.022727 133236 strsm strsm CUDA2 2.809199 133276 40
CPU10 31.036021 133238 strsm strsm CUDA0 2.818240 133278 40
CPU6 31.763166 133240 strsm strsm CUDA2 2.892065 133280 40
CPU19 31.166630 133242 strsm strsm CUDA2 2.609119 133282 40
CPU12 31.049776 133244 strsm strsm CUDA2 24.213708 133284 40
CPU1 31.208907 133246 strsm strsm CUDA2 10.579708 133286 40
CPU12 30.857836 133248 strsm strsm CUDA2 2.700575 133288 40
CPU19 30.668666 133250 strsm strsm CUDA3 2.760568 133290 40
CPU5 31.004689 133252 strsm strsm CUDA2 12.950682 133292 40
CPU19 30.989574 133254 strsm strsm CUDA3 2.756814 133294 40
CPU2 30.453042 133256 strsm strsm CUDA0 0.051845 133296 40
CPU2 44.658333 133258 sgemm sgemm CUDA2 10.493127 133298 40
CPU8 44.558251 133259 sgemm sgemm CUDA1 1.210999 133299 40
CPU14 44.353816 133260 sgemm sgemm CUDA1 1.068981 133300 40
CPU6 44.967728 133261 sgemm sgemm CUDA1 0.062544 133301 40
CPU9 44.769386 133262 sgemm sgemm CUDA1 1.264973 133302 40
CPU18 44.458927 133263 sgemm sgemm CUDA0 0.047522 133303 40
CPU16 44.448437 133264 sgemm sgemm CUDA3 1.069725 133304 40
CPU18 44.550019 133265 sgemm sgemm CUDA3 1.231949 133305 40
CPU19 44.524829 133266 sgemm sgemm CUDA2 0.063265 133306 40
CPU4 44.754326 133267 sgemm sgemm CUDA2 1.135903 133307 40
CPU10 44.395869 133268 sgemm sgemm CUDA3 1.045425 133308 40
CPU11 44.449249 133269 sgemm sgemm CUDA3 1.212127 133309 40
CPU11 44.177879 133270 sgemm sgemm CUDA2 1.237688 133310 40
CPU8 44.893285 133271 sgemm sgemm CUDA1 1.046449 133311 40
CPU19 44.416812 133272 sgemm sgemm CUDA0 1.335744 133312 40
CPU1 44.198021 133273 sgemm sgemm CUDA2 1.048025 133313 40
CPU6 45.144196 133274 sgemm sgemm CUDA0 1.028349 133314 40
CPU1 44.831624 133275 sgemm sgemm CUDA2 1.045802 133315 40
CPU10 44.666573 133276 sgemm sgemm CUDA0 1.026237 133316 40
CPU2 44.739867 133277 sgemm sgemm CUDA1 1.048153 133317 40
CPU6 44.270382 133278 sgemm sgemm CUDA0 1.222625 133318 40
CPU18 44.469145 133279 sgemm sgemm CUDA1 1.013992 133319 40
CPU18 44.395630 133280 sgemm sgemm CUDA1 1.028972 133320 40
CPU18 44.454008 133281 sgemm sgemm CUDA3 1.052627 133321 40
CPU8 44.671074 133285 sgemm sgemm CUDA2 1.155582 133325 40
CPU8 44.578274 133286 sgemm sgemm CUDA2 1.068357 133326 40
CPU14 44.392199 133287 sgemm sgemm CUDA2 1.258696 133327 40
CPU6 44.926663 133288 sgemm sgemm CUDA1 1.314622 133328 40
CPU1 45.101441 133289 sgemm sgemm CUDA1 1.072326 133329 40
CPU4 44.875049 133290 sgemm sgemm CUDA1 1.064938 133330 40
CPU15 44.654907 133291 sgemm sgemm CUDA3 0.130314 133331 40
CPU18 44.624381 133292 sgemm sgemm CUDA3 1.072505 133332 40
CPU17 44.483911 133293 sgemm sgemm CUDA1 1.253319 133333 40
CPU3 44.781287 133294 sgemm sgemm CUDA2 1.259222 133334 40
CPU2 44.587281 133295 sgemm sgemm CUDA3 1.265277 133335 40
CPU12 44.444350 133296 sgemm sgemm CUDA3 1.261579 133336 40
CPU10 44.655844 133297 sgemm sgemm CUDA2 1.073570 133337 40
CPU8 44.897364 133298 sgemm sgemm CUDA1 0.980928 133338 40
CPU19 44.606807 133299 sgemm sgemm CUDA0 1.002901 133339 40
CPU0 45.229586 133300 sgemm sgemm CUDA2 1.261885 133340 40
CPU12 44.274575 133301 sgemm sgemm CUDA0 1.255887 133341 40
CPU1 44.826688 133302 sgemm sgemm CUDA0 1.258271 133342 40
CPU11 44.256176 133303 sgemm sgemm CUDA0 1.255334 133343 40
CPU2 44.612074 133304 sgemm sgemm CUDA1 1.068720 133344 40
CPU4 45.029873 133305 sgemm sgemm CUDA0 1.259371 133345 40
CPU1 44.958985 133306 sgemm sgemm CUDA3 1.264778 133346 40
CPU1 44.522323 133307 sgemm sgemm CUDA1 1.066281 133347 40
CPU1 45.070245 133308 sgemm sgemm CUDA3 2.628894 133348 40
CPU9 44.671069 133312 sgemm sgemm CUDA0 1.256592 133352 40
CPU8 44.590110 133313 sgemm sgemm CUDA2 1.265420 133353 40
CPU14 44.404700 133314 sgemm sgemm CUDA3 1.066184 133354 40
CPU6 45.090731 133315 sgemm sgemm CUDA3 1.256920 133355 40
CPU9 44.683686 133316 sgemm sgemm CUDA0 1.258045 133356 40
CPU1 44.991383 133317 sgemm sgemm CUDA0 1.264136 133357 40
CPU15 44.275381 133318 sgemm sgemm CUDA3 1.262255 133358 40
CPU18 44.517009 133319 sgemm sgemm CUDA3 1.068508 133359 40
CPU18 44.276071 133320 sgemm sgemm CUDA2 1.343983 133360 40
CPU5 44.655571 133321 sgemm sgemm CUDA2 1.268033 133361 40
CPU10 44.316807 133322 sgemm sgemm CUDA3 1.065599 133362 40
CPU11 44.246449 133323 sgemm sgemm CUDA3 1.068469 133363 40
CPU3 44.553785 133324 sgemm sgemm CUDA2 3.325904 133364 40
CPU5 44.489136 133325 sgemm sgemm CUDA1 1.269056 133365 40
CPU19 44.775803 133326 sgemm sgemm CUDA2 0.079916 133366 40
CPU6 44.515730 133327 sgemm sgemm CUDA2 1.294743 133367 40
CPU2 44.813275 133328 sgemm sgemm CUDA0 1.452820 133368 40
CPU10 44.668991 133329 sgemm sgemm CUDA2 1.074019 133369 40
CPU11 44.191145 133330 sgemm sgemm CUDA0 1.066260 133370 40
CPU2 44.632365 133331 sgemm sgemm CUDA1 1.263197 133371 40
CPU16 44.892459 133332 sgemm sgemm CUDA0 12.933777 133372 40
CPU12 44.656553 133333 sgemm sgemm CUDA3 1.259997 133373 40
CPU12 44.509940 133334 sgemm sgemm CUDA1 1.261316 133374 40
CPU12 44.427134 133335 sgemm sgemm CUDA3 12.074961 133375 40
CPU7 44.690017 133339 sgemm sgemm CUDA2 1.307312 133379 40
CPU7 44.534510 133340 sgemm sgemm CUDA2 1.261288 133380 40
CPU14 44.554571 133341 sgemm sgemm CUDA1 1.073672 133381 40
CPU6 44.960209 133342 sgemm sgemm CUDA1 1.255514 133382 40
CPU4 44.783262 133343 sgemm sgemm CUDA1 1.259593 133383 40
CPU9 44.855930 133344 sgemm sgemm CUDA1 1.255195 133384 40
CPU15 44.238836 133345 sgemm sgemm CUDA3 0.104588 133385 40
CPU18 44.631504 133346 sgemm sgemm CUDA3 1.341515 133386 40
CPU19 44.609411 133347 sgemm sgemm CUDA2 1.068084 133387 40
CPU1 44.785514 133348 sgemm sgemm CUDA2 12.743240 133388 40
CPU9 44.698587 133349 sgemm sgemm CUDA3 1.066686 133389 40
CPU12 44.377030 133350 sgemm sgemm CUDA3 1.257898 133390 40
CPU18 44.458941 133351 sgemm sgemm CUDA3 1.069305 133391 40
CPU8 44.511290 133352 sgemm sgemm CUDA1 1.258152 133392 40
CPU19 44.406568 133353 sgemm sgemm CUDA2 0.060318 133393 40
CPU10 44.771118 133354 sgemm sgemm CUDA2 1.326092 133394 40
CPU9 44.734120 133355 sgemm sgemm CUDA0 1.276324 133395 40
CPU1 44.949649 133356 sgemm sgemm CUDA0 1.253692 133396 40
CPU11 44.200767 133357 sgemm sgemm CUDA0 1.071332 133397 40
CPU2 44.653510 133358 sgemm sgemm CUDA1 1.261620 133398 40
CPU6 44.965100 133359 sgemm sgemm CUDA0 1.263688 133399 40
CPU5 44.707528 133360 sgemm sgemm CUDA0 1.261563 133400 40
CPU8 44.950469 133361 sgemm sgemm CUDA0 1.063276 133401 40
CPU18 44.304828 133362 sgemm sgemm CUDA1 1.068355 133402 40
CPU1 44.685058 133366 sgemm sgemm CUDA0 1.275568 133406 40
CPU8 44.361519 133367 sgemm sgemm CUDA3 0.126648 133407 40
CPU14 44.492014 133368 sgemm sgemm CUDA3 1.286991 133408 40
CPU6 45.009031 133369 sgemm sgemm CUDA1 1.181526 133409 40
CPU9 44.498448 133370 sgemm sgemm CUDA1 1.260754 133410 40
CPU4 44.599193 133371 sgemm sgemm CUDA0 1.064613 133411 40
CPU16 44.132117 133372 sgemm sgemm CUDA3 9.310324 133412 40
CPU18 44.610596 133373 sgemm sgemm CUDA3 1.258599 133413 40
CPU17 44.566269 133374 sgemm sgemm CUDA2 1.176920 133414 40
CPU4 44.733338 133375 sgemm sgemm CUDA2 1.019127 133415 40
CPU10 44.259117 133376 sgemm sgemm CUDA3 1.068478 133416 40
CPU11 44.507639 133377 sgemm sgemm CUDA3 1.072890 133417 40
CPU7 44.706578 133378 sgemm sgemm CUDA2 1.068399 133418 40
CPU7 44.738429 133379 sgemm sgemm CUDA1 1.067080 133419 40
CPU19 44.490978 133380 sgemm sgemm CUDA2 1.256242 133420 40
CPU7 44.515739 133381 sgemm sgemm CUDA2 13.012723 133421 40
CPU3 44.547615 133382 sgemm sgemm CUDA0 1.259495 133422 40
CPU11 44.491505 133383 sgemm sgemm CUDA0 1.257932 133423 40
CPU19 44.548912 133384 sgemm sgemm CUDA0 1.258654 133424 40
CPU12 44.665435 133385 sgemm sgemm CUDA1 1.061903 133425 40
CPU17 44.490080 133386 sgemm sgemm CUDA0 1.261969 133426 40
CPU11 44.381311 133387 sgemm sgemm CUDA3 7.104644 133427 40
CPU11 44.403655 133388 sgemm sgemm CUDA3 0.043665 133428 40
CPU11 44.222383 133389 sgemm sgemm CUDA2 0.911727 133429 40
CPU10 44.518374 133393 sgemm sgemm CUDA1 1.257757 133433 40
CPU9 44.539268 133394 sgemm sgemm CUDA1 1.068084 133434 40
CPU14 44.596701 133395 sgemm sgemm CUDA3 1.254063 133435 40
CPU6 44.723845 133396 sgemm sgemm CUDA1 1.032582 133436 40
CPU0 44.696931 133397 sgemm sgemm CUDA1 1.257057 133437 40
CPU9 44.555521 133398 sgemm sgemm CUDA1 1.083238 133438 40
CPU15 44.556577 133399 sgemm sgemm CUDA3 1.065383 133439 40
CPU11 44.525716 133400 sgemm sgemm CUDA3 1.261911 133440 40
CPU17 44.441757 133401 sgemm sgemm CUDA1 1.066135 133441 40
CPU0 44.578189 133402 sgemm sgemm CUDA2 1.265667 133442 40
CPU3 44.566346 133403 sgemm sgemm CUDA3 1.066965 133443 40
CPU12 44.472245 133404 sgemm sgemm CUDA2 1.064116 133444 40
CPU15 44.299819 133405 sgemm sgemm CUDA2 0.039792 133445 40
CPU8 44.365808 133406 sgemm sgemm CUDA1 1.261879 133446 40
CPU19 44.409512 133407 sgemm sgemm CUDA2 1.065069 133447 40
CPU12 44.636643 133408 sgemm sgemm CUDA2 12.067629 133448 40
CPU8 44.516371 133409 sgemm sgemm CUDA0 1.219836 133449 40
CPU11 44.528467 133410 sgemm sgemm CUDA0 1.074866 133450 40
CPU10 44.528411 133411 sgemm sgemm CUDA0 1.072530 133451 40
CPU13 44.504622 133412 sgemm sgemm CUDA1 1.067927 133452 40
CPU10 44.475806 133413 sgemm sgemm CUDA0 1.064737 133453 40
CPU13 44.544727 133414 sgemm sgemm CUDA1 1.074723 133454 40
CPU13 44.546150 133415 sgemm sgemm CUDA1 1.263954 133455 40
CPU13 44.707044 133416 sgemm sgemm CUDA1 1.069967 133456 40
CPU2 44.478779 133420 sgemm sgemm CUDA2 1.173861 133460 40
CPU8 44.389684 133421 sgemm sgemm CUDA3 11.919309 133461 40
CPU14 44.422372 133422 sgemm sgemm CUDA3 1.344535 133462 40
CPU6 44.927610 133423 sgemm sgemm CUDA1 1.284995 133463 40
CPU9 44.507968 133424 sgemm sgemm CUDA1 1.261904 133464 40
CPU8 44.555434 133425 sgemm sgemm CUDA1 1.256438 133465 40
CPU16 44.329530 133426 sgemm sgemm CUDA3 1.265264 133466 40
CPU18 44.475406 133427 sgemm sgemm CUDA3 1.063840 133467 40
CPU19 44.446439 133428 sgemm sgemm CUDA2 1.254474 133468 40
CPU9 44.197997 133429 sgemm sgemm CUDA2 1.069105 133469 40
CPU8 44.512041 133430 sgemm sgemm CUDA3 1.071719 133470 40
CPU11 44.303620 133431 sgemm sgemm CUDA2 1.260902 133471 40
CPU9 44.621727 133432 sgemm sgemm CUDA2 1.069806 133472 40
CPU16 44.568167 133433 sgemm sgemm CUDA1 1.258621 133473 40
CPU19 44.485525 133434 sgemm sgemm CUDA0 1.246070 133474 40
CPU4 44.487625 133435 sgemm sgemm CUDA0 1.257435 133475 40
CPU5 44.513514 133436 sgemm sgemm CUDA0 1.258977 133476 40
CPU15 44.537348 133437 sgemm sgemm CUDA0 1.258810 133477 40
CPU18 44.205439 133438 sgemm sgemm CUDA0 1.077387 133478 40
CPU12 44.691949 133439 sgemm sgemm CUDA1 1.071004 133479 40
CPU13 44.540139 133440 sgemm sgemm CUDA1 1.251094 133480 40
CPU13 44.753435 133441 sgemm sgemm CUDA3 1.093272 133481 40
CPU13 44.601897 133442 sgemm sgemm CUDA3 0.989739 133482 40
CPU13 44.629259 133443 sgemm sgemm CUDA3 1.193428 133483 40
CPU3 44.783577 133447 sgemm sgemm CUDA0 1.065725 133487 40
CPU7 44.682693 133448 sgemm sgemm CUDA2 1.065442 133488 40
CPU14 44.332584 133449 sgemm sgemm CUDA1 1.070812 133489 40
CPU6 44.955464 133450 sgemm sgemm CUDA1 1.258700 133490 40
CPU2 44.454106 133451 sgemm sgemm CUDA1 1.065273 133491 40
CPU8 44.599140 133452 sgemm sgemm CUDA0 1.255313 133492 40
CPU16 44.435826 133453 sgemm sgemm CUDA3 1.069095 133493 40
CPU18 44.410204 133454 sgemm sgemm CUDA3 1.258036 133494 40
CPU16 44.465765 133455 sgemm sgemm CUDA2 1.259357 133495 40
CPU8 44.282284 133456 sgemm sgemm CUDA3 1.257483 133496 40
CPU7 45.037910 133457 sgemm sgemm CUDA3 1.259760 133497 40
CPU2 44.884717 133458 sgemm sgemm CUDA3 1.262713 133498 40
CPU12 44.268698 133459 sgemm sgemm CUDA2 1.262306 133499 40
CPU3 44.488911 133460 sgemm sgemm CUDA1 1.069555 133500 40
CPU19 44.277065 133461 sgemm sgemm CUDA0 1.261627 133501 40
CPU9 44.368408 133462 sgemm sgemm CUDA0 1.065765 133502 40
CPU0 44.776141 133463 sgemm sgemm CUDA0 1.254616 133503 40
CPU2 44.555734 133464 sgemm sgemm CUDA2 17.069528 133504 40
CPU12 44.423984 133465 sgemm sgemm CUDA3 1.258614 133505 40
CPU16 44.342125 133466 sgemm sgemm CUDA1 1.066793 133506 40
CPU19 44.449357 133467 sgemm sgemm CUDA0 1.264717 133507 40
CPU19 44.999702 133468 sgemm sgemm CUDA0 1.066931 133508 40
CPU19 44.357712 133469 sgemm sgemm CUDA1 1.263713 133509 40
CPU19 44.643806 133470 sgemm sgemm CUDA1 1.070822 133510 40
CPU7 44.775929 133474 sgemm sgemm CUDA2 1.313121 133514 40
CPU8 44.292169 133475 sgemm sgemm CUDA2 1.269691 133515 40
CPU14 44.211807 133476 sgemm sgemm CUDA2 1.262851 133516 40
CPU6 44.882334 133477 sgemm sgemm CUDA2 1.071067 133517 40
CPU9 44.701275 133478 sgemm sgemm CUDA1 1.301866 133518 40
CPU2 45.124336 133479 sgemm sgemm CUDA2 1.257347 133519 40
CPU15 44.372600 133480 sgemm sgemm CUDA3 1.074100 133520 40
CPU18 44.298625 133481 sgemm sgemm CUDA3 1.069459 133521 40
CPU17 44.627265 133482 sgemm sgemm CUDA2 0.040678 133522 40
CPU2 44.777475 133483 sgemm sgemm CUDA3 1.063113 133523 40
CPU0 44.741574 133484 sgemm sgemm CUDA3 1.258359 133524 40
CPU13 44.452564 133485 sgemm sgemm CUDA3 1.258128 133525 40
CPU17 44.317216 133486 sgemm sgemm CUDA3 12.381838 133526 40
CPU9 44.714079 133487 sgemm sgemm CUDA1 1.266857 133527 40
CPU19 44.279415 133488 sgemm sgemm CUDA2 1.259451 133528 40
CPU9 44.479801 133489 sgemm sgemm CUDA2 1.065926 133529 40
CPU1 45.327274 133490 sgemm sgemm CUDA1 1.065635 133530 40
CPU11 44.150388 133491 sgemm sgemm CUDA2 1.253165 133531 40
CPU12 44.488524 133492 sgemm sgemm CUDA3 1.257149 133532 40
CPU13 44.437083 133493 sgemm sgemm CUDA1 1.066044 133533 40
CPU2 44.846657 133494 sgemm sgemm CUDA1 1.259537 133534 40
CPU0 44.581788 133495 sgemm sgemm CUDA3 1.258548 133535 40
CPU9 44.445945 133496 sgemm sgemm CUDA3 1.070046 133536 40
CPU7 44.528855 133497 sgemm sgemm CUDA1 13.018640 133537 40
CPU10 44.513474 133501 sgemm sgemm CUDA0 1.339784 133541 40
CPU7 44.420658 133502 sgemm sgemm CUDA3 1.294136 133542 40
CPU14 44.329976 133503 sgemm sgemm CUDA3 1.074874 133543 40
CPU6 44.614210 133504 sgemm sgemm CUDA3 1.066406 133544 40
CPU9 44.275404 133505 sgemm sgemm CUDA0 1.089042 133545 40
CPU3 44.531675 133506 sgemm sgemm CUDA2 1.068745 133546 40
CPU15 44.458045 133507 sgemm sgemm CUDA3 1.077734 133547 40
CPU18 44.254594 133508 sgemm sgemm CUDA3 1.068982 133548 40
CPU18 44.422819 133509 sgemm sgemm CUDA2 1.259904 133549 40
CPU6 44.623627 133510 sgemm sgemm CUDA2 1.259516 133550 40
CPU10 44.396244 133511 sgemm sgemm CUDA0 1.065836 133551 40
CPU17 44.510173 133512 sgemm sgemm CUDA2 12.307545 133552 40
CPU0 44.829922 133513 sgemm sgemm CUDA0 1.263430 133553 40
CPU4 44.558750 133514 sgemm sgemm CUDA0 1.072196 133554 40
CPU19 44.536914 133515 sgemm sgemm CUDA0 1.076686 133555 40
CPU4 44.458950 133516 sgemm sgemm CUDA0 1.073113 133556 40
CPU1 44.619428 133517 sgemm sgemm CUDA0 1.070356 133557 40
CPU10 44.715358 133518 sgemm sgemm CUDA2 1.300076 133558 40
CPU14 44.482760 133519 sgemm sgemm CUDA3 0.041150 133559 40
CPU2 44.557570 133520 sgemm sgemm CUDA2 1.262612 133560 40
CPU6 44.781682 133521 sgemm sgemm CUDA1 1.076317 133561 40
CPU13 44.682792 133522 sgemm sgemm CUDA3 1.317218 133562 40
CPU19 44.666657 133523 sgemm sgemm CUDA1 1.257232 133563 40
CPU12 44.280803 133524 sgemm sgemm CUDA1 1.061941 133564 40
CPU2 45.729643 133528 sgemm sgemm CUDA2 1.267388 133568 40
CPU8 44.490114 133529 sgemm sgemm CUDA2 1.258477 133569 40
CPU14 44.264348 133530 sgemm sgemm CUDA2 1.075399 133570 40
CPU6 44.882834 133531 sgemm sgemm CUDA2 1.075063 133571 40
CPU4 44.857013 133532 sgemm sgemm CUDA2 1.078847 133572 40
CPU1 44.735868 133533 sgemm sgemm CUDA2 1.075859 133573 40
CPU16 44.261548 133534 sgemm sgemm CUDA3 1.155045 133574 40
CPU18 44.461114 133535 sgemm sgemm CUDA3 1.261241 133575 40
CPU18 44.399721 133536 sgemm sgemm CUDA3 1.073420 133576 40
CPU4 44.792762 133537 sgemm sgemm CUDA3 1.067056 133577 40
CPU1 44.668155 133538 sgemm sgemm CUDA3 1.261043 133578 40
CPU17 44.472238 133539 sgemm sgemm CUDA2 1.260276 133579 40
CPU3 44.964383 133540 sgemm sgemm CUDA3 1.065959 133580 40
CPU6 44.986213 133541 sgemm sgemm CUDA0 1.344718 133581 40
CPU19 44.412970 133542 sgemm sgemm CUDA2 1.069994 133582 40
CPU12 44.560668 133543 sgemm sgemm CUDA2 1.075479 133583 40
CPU11 44.178620 133544 sgemm sgemm CUDA0 1.079712 133584 40
CPU11 44.953705 133545 sgemm sgemm CUDA2 1.070774 133585 40
CPU13 44.334939 133546 sgemm sgemm CUDA3 1.068535 133586 40
CPU2 44.885401 133547 sgemm sgemm CUDA2 12.359124 133587 40
CPU6 44.893240 133548 sgemm sgemm CUDA0 1.063539 133588 40
CPU10 44.420210 133549 sgemm sgemm CUDA0 1.073097 133589 40
CPU13 44.307037 133550 sgemm sgemm CUDA3 12.379884 133590 40
CPU13 44.493373 133551 sgemm sgemm CUDA3 12.273188 133591 40
CPU1 44.596217 133555 sgemm sgemm CUDA2 8.683887 133595 40
CPU7 44.742860 133556 sgemm sgemm CUDA2 0.059599 133596 40
CPU14 44.233814 133557 sgemm sgemm CUDA2 1.237608 133597 40
CPU6 44.871100 133558 sgemm sgemm CUDA2 1.059595 133598 40
CPU9 44.773858 133559 sgemm sgemm CUDA2 1.256324 133599 40
CPU3 44.727571 133560 sgemm sgemm CUDA2 1.075160 133600 40
CPU16 44.425473 133561 sgemm sgemm CUDA3 1.297684 133601 40
CPU18 44.509740 133562 sgemm sgemm CUDA3 1.070195 133602 40
CPU19 44.517575 133563 sgemm sgemm CUDA2 1.262915 133603 40
CPU3 44.988134 133564 sgemm sgemm CUDA3 1.264125 133604 40
CPU3 44.968159 133565 sgemm sgemm CUDA3 1.067799 133605 40
CPU11 44.822391 133566 sgemm sgemm CUDA3 1.258179 133606 40
CPU15 44.303562 133567 sgemm sgemm CUDA3 17.308988 133607 40
CPU7 44.986441 133568 sgemm sgemm CUDA0 0.052341 133608 40
CPU19 44.722532 133569 sgemm sgemm CUDA0 1.384499 133609 40
CPU8 44.374791 133570 sgemm sgemm CUDA3 0.044461 133610 40
CPU4 44.751521 133571 sgemm sgemm CUDA0 1.261849 133611 40
CPU1 44.840849 133572 sgemm sgemm CUDA2 1.257600 133612 40
CPU11 44.049771 133573 sgemm sgemm CUDA3 1.312332 133613 40
CPU2 44.848187 133574 sgemm sgemm CUDA1 1.359397 133614 40
CPU12 44.547704 133575 sgemm sgemm CUDA1 1.258344 133615 40
CPU12 44.505447 133576 sgemm sgemm CUDA3 1.261007 133616 40
CPU12 44.290808 133577 sgemm sgemm CUDA3 1.271334 133617 40
CPU15 44.441565 133578 sgemm sgemm CUDA1 1.068801 133618 40
CPU10 44.367588 133582 sgemm sgemm CUDA2 1.259218 133622 40
CPU7 44.635722 133583 sgemm sgemm CUDA2 1.276377 133623 40
CPU14 44.252232 133584 sgemm sgemm CUDA2 1.061268 133624 40
CPU6 44.985655 133585 sgemm sgemm CUDA3 1.351332 133625 40
CPU3 44.640154 133586 sgemm sgemm CUDA3 1.072689 133626 40
CPU4 45.049016 133587 sgemm sgemm CUDA2 1.070095 133627 40
CPU15 44.404054 133588 sgemm sgemm CUDA3 8.732344 133628 40
CPU18 44.280687 133589 sgemm sgemm CUDA3 1.258514 133629 40
CPU17 44.407495 133590 sgemm sgemm CUDA2 1.068674 133630 40
CPU4 44.771063 133591 sgemm sgemm CUDA2 1.256675 133631 40
CPU9 44.337581 133592 sgemm sgemm CUDA0 0.041673 133632 40
CPU11 44.585892 133593 sgemm sgemm CUDA0 1.308151 133633 40
CPU7 44.656565 133594 sgemm sgemm CUDA0 1.069347 133634 40
CPU18 44.303029 133595 sgemm sgemm CUDA0 1.262326 133635 40
CPU19 44.731241 133596 sgemm sgemm CUDA0 1.069731 133636 40
CPU2 44.391412 133597 sgemm sgemm CUDA0 1.069081 133637 40
CPU4 45.000915 133598 sgemm sgemm CUDA0 1.070066 133638 40
CPU12 44.459147 133599 sgemm sgemm CUDA2 1.256462 133639 40
CPU5 44.611855 133600 sgemm sgemm CUDA1 1.258574 133640 40
CPU0 44.735124 133601 sgemm sgemm CUDA1 1.067632 133641 40
CPU6 44.790801 133602 sgemm sgemm CUDA1 1.258572 133642 40
CPU19 44.599968 133603 sgemm sgemm CUDA3 1.260205 133643 40
CPU18 44.249667 133604 sgemm sgemm CUDA1 1.067400 133644 40
CPU13 44.802356 133605 sgemm sgemm CUDA1 1.067509 133645 40
CPU9 44.457272 133609 sgemm sgemm CUDA2 0.040803 133649 40
CPU8 44.229173 133610 sgemm sgemm CUDA2 1.301965 133650 40
CPU14 44.363991 133611 sgemm sgemm CUDA1 12.897557 133651 40
CPU6 44.924617 133612 sgemm sgemm CUDA1 0.040108 133652 40
CPU9 44.978765 133613 sgemm sgemm CUDA1 1.301450 133653 40
CPU7 45.143182 133614 sgemm sgemm CUDA2 1.257555 133654 40
CPU16 44.337289 133615 sgemm sgemm CUDA3 0.039916 133655 40
CPU18 44.160892 133616 sgemm sgemm CUDA3 1.304924 133656 40
CPU19 44.483717 133617 sgemm sgemm CUDA2 1.069012 133657 40
CPU5 44.555611 133618 sgemm sgemm CUDA2 1.259210 133658 40
CPU6 44.795953 133619 sgemm sgemm CUDA3 1.260145 133659 40
CPU3 44.562920 133620 sgemm sgemm CUDA3 1.256880 133660 40
CPU2 44.676097 133621 sgemm sgemm CUDA2 1.260822 133661 40
CPU3 45.048240 133622 sgemm sgemm CUDA1 1.064830 133662 40
CPU19 44.651797 133623 sgemm sgemm CUDA2 1.261648 133663 40
CPU13 44.719482 133624 sgemm sgemm CUDA0 1.259404 133664 40
CPU18 44.054567 133625 sgemm sgemm CUDA0 1.069566 133665 40
CPU12 44.265084 133626 sgemm sgemm CUDA0 1.258824 133666 40
CPU11 44.458129 133627 sgemm sgemm CUDA0 1.070764 133667 40
CPU2 44.533709 133628 sgemm sgemm CUDA1 1.256556 133668 40
CPU6 44.744795 133629 sgemm sgemm CUDA0 13.095393 133669 40
CPU10 44.740853 133630 sgemm sgemm CUDA3 1.260094 133670 40
CPU16 44.585928 133631 sgemm sgemm CUDA3 1.260169 133671 40
CPU16 44.499445 133632 sgemm sgemm CUDA3 1.066397 133672 40
CPU4 44.658006 133636 sgemm sgemm CUDA2 1.281562 133676 40
CPU8 44.591401 133637 sgemm sgemm CUDA2 1.260879 133677 40
CPU14 44.297870 133638 sgemm sgemm CUDA2 1.259913 133678 40
CPU6 44.934162 133639 sgemm sgemm CUDA1 1.301102 133679 40
CPU0 45.450061 133640 sgemm sgemm CUDA1 1.067019 133680 40
CPU18 44.251778 133641 sgemm sgemm CUDA2 1.263951 133681 40
CPU15 44.279343 133642 sgemm sgemm CUDA3 1.161065 133682 40
CPU18 44.311894 133643 sgemm sgemm CUDA3 1.068985 133683 40
CPU19 44.455501 133644 sgemm sgemm CUDA2 1.067561 133684 40
CPU4 44.879089 133645 sgemm sgemm CUDA3 1.074169 133685 40
CPU10 44.236892 133646 sgemm sgemm CUDA3 1.070325 133686 40
CPU12 44.701077 133647 sgemm sgemm CUDA0 0.989184 133687 40
CPU2 45.025745 133648 sgemm sgemm CUDA3 1.256312 133688 40
CPU8 44.714136 133649 sgemm sgemm CUDA1 1.073075 133689 40
CPU5 44.733979 133650 sgemm sgemm CUDA2 1.256724 133690 40
CPU3 44.369290 133651 sgemm sgemm CUDA3 1.254676 133691 40
CPU7 44.915979 133652 sgemm sgemm CUDA1 1.260444 133692 40
CPU12 44.350098 133653 sgemm sgemm CUDA0 1.331515 133693 40
CPU4 45.059144 133654 sgemm sgemm CUDA3 1.256468 133694 40
CPU8 45.258113 133655 sgemm sgemm CUDA0 1.067362 133695 40
CPU6 44.986162 133656 sgemm sgemm CUDA0 1.255884 133696 40
CPU3 44.689802 133657 sgemm sgemm CUDA0 1.065609 133697 40
CPU7 45.255615 133658 sgemm sgemm CUDA0 1.269496 133698 40
CPU7 45.466443 133659 sgemm sgemm CUDA3 1.259052 133699 40
CPU6 44.613621 133663 sgemm sgemm CUDA2 1.061864 133703 40
CPU2 44.378490 133664 sgemm sgemm CUDA2 1.259806 133704 40
CPU14 44.336290 133665 sgemm sgemm CUDA2 1.258753 133705 40
CPU6 44.868259 133666 sgemm sgemm CUDA3 1.259453 133706 40
CPU9 45.109318 133667 sgemm sgemm CUDA3 1.065187 133707 40
CPU1 44.829440 133668 sgemm sgemm CUDA2 1.071390 133708 40
CPU15 44.372977 133669 sgemm sgemm CUDA3 1.071972 133709 40
CPU17 44.385180 133670 sgemm sgemm CUDA3 1.065246 133710 40
CPU16 44.398875 133671 sgemm sgemm CUDA2 1.256673 133711 40
CPU1 44.711435 133672 sgemm sgemm CUDA2 1.263351 133712 40
CPU5 44.631668 133673 sgemm sgemm CUDA3 1.261343 133713 40
CPU11 45.115915 133674 sgemm sgemm CUDA2 1.067315 133714 40
CPU6 45.025839 133675 sgemm sgemm CUDA3 1.260736 133715 40
CPU9 44.540967 133676 sgemm sgemm CUDA0 7.159335 133716 40
CPU6 44.944557 133677 sgemm sgemm CUDA2 1.069089 133717 40
CPU9 44.271417 133678 sgemm sgemm CUDA3 1.258180 133718 40
CPU6 44.976225 133679 sgemm sgemm CUDA0 0.040255 133719 40
CPU1 44.808140 133680 sgemm sgemm CUDA0 1.379324 133720 40
CPU11 44.206444 133681 sgemm sgemm CUDA1 1.028790 133721 40
CPU1 44.606831 133682 sgemm sgemm CUDA1 2.426418 133722 40
CPU6 44.820194 133683 sgemm sgemm CUDA1 0.049936 133723 40
CPU3 44.675264 133684 sgemm sgemm CUDA1 1.058726 133724 40
CPU8 45.063734 133685 sgemm sgemm CUDA3 1.071761 133725 40
CPU5 44.710561 133686 sgemm sgemm CUDA1 1.068147 133726 40
CPU5 44.601445 133690 sgemm sgemm CUDA2 1.273193 133730 40
CPU7 44.626433 133691 sgemm sgemm CUDA2 1.270539 133731 40
CPU14 44.537282 133692 sgemm sgemm CUDA2 1.258366 133732 40
CPU6 44.645560 133693 sgemm sgemm CUDA2 1.065006 133733 40
CPU2 44.510912 133694 sgemm sgemm CUDA2 1.256934 133734 40
CPU4 44.792928 133695 sgemm sgemm CUDA2 1.072374 133735 40
CPU15 44.437715 133696 sgemm sgemm CUDA0 1.321379 133736 40
CPU17 44.460893 133697 sgemm sgemm CUDA2 1.256998 133737 40
CPU16 44.462372 133698 sgemm sgemm CUDA2 1.069396 133738 40
CPU4 44.633633 133699 sgemm sgemm CUDA2 12.292783 133739 40
CPU10 44.281270 133700 sgemm sgemm CUDA0 1.070160 133740 40
CPU5 44.608098 133701 sgemm sgemm CUDA2 0.046822 133741 40
CPU10 44.419971 133702 sgemm sgemm CUDA0 1.257712 133742 40
CPU5 44.554074 133703 sgemm sgemm CUDA0 1.068879 133743 40
CPU19 44.671494 133704 sgemm sgemm CUDA2 1.304358 133744 40
CPU1 44.157502 133705 sgemm sgemm CUDA3 0.097196 133745 40
CPU6 44.524815 133706 sgemm sgemm CUDA0 1.069965 133746 40
CPU2 44.469907 133707 sgemm sgemm CUDA0 1.260065 133747 40
CPU11 44.519539 133708 sgemm sgemm CUDA3 1.344834 133748 40
CPU9 44.565169 133709 sgemm sgemm CUDA0 1.065594 133749 40
CPU6 44.739132 133710 sgemm sgemm CUDA3 1.064332 133750 40
CPU5 44.585792 133711 sgemm sgemm CUDA3 1.070144 133751 40
CPU8 44.616717 133712 sgemm sgemm CUDA3 1.258132 133752 40
CPU5 45.126842 133713 sgemm sgemm CUDA3 1.259761 133753 40
CPU8 44.310152 133717 sgemm sgemm CUDA2 0.050357 133757 40
CPU7 44.463302 133718 sgemm sgemm CUDA3 1.274144 133758 40
CPU14 44.665208 133719 sgemm sgemm CUDA3 1.261665 133759 40
CPU6 44.412570 133720 sgemm sgemm CUDA3 1.067392 133760 40
CPU9 44.269371 133721 sgemm sgemm CUDA3 1.338335 133761 40
CPU8 44.112420 133722 sgemm sgemm CUDA2 1.303642 133762 40
CPU16 44.601998 133723 sgemm sgemm CUDA0 0.163970 133763 40
CPU18 44.695020 133724 sgemm sgemm CUDA2 0.059829 133764 40
CPU18 44.519092 133725 sgemm sgemm CUDA3 1.271574 133765 40
CPU6 44.682507 133726 sgemm sgemm CUDA3 1.067945 133766 40
CPU11 44.478721 133727 sgemm sgemm CUDA3 1.092377 133767 40
CPU11 44.598301 133728 sgemm sgemm CUDA0 0.061444 133768 40
CPU1 44.221563 133729 sgemm sgemm CUDA3 1.274895 133769 40
CPU9 44.310753 133730 sgemm sgemm CUDA0 1.262467 133770 40
CPU11 44.479252 133731 sgemm sgemm CUDA0 1.258846 133771 40
CPU7 44.329764 133732 sgemm sgemm CUDA0 1.257336 133772 40
CPU7 44.398954 133733 sgemm sgemm CUDA1 1.261112 133773 40
CPU10 44.637871 133734 sgemm sgemm CUDA0 1.066526 133774 40
CPU8 44.393393 133735 sgemm sgemm CUDA1 1.260698 133775 40
CPU2 44.186334 133736 sgemm sgemm CUDA0 1.257374 133776 40
CPU6 43.956429 133737 sgemm sgemm CUDA3 1.257994 133777 40
CPU4 44.435171 133738 sgemm sgemm CUDA3 0.043645 133778 40
CPU10 44.653467 133739 sgemm sgemm CUDA1 0.089286 133779 40
CPU3 45.709648 133740 sgemm sgemm CUDA3 1.370238 133780 40
CPU10 44.504931 133744 sgemm sgemm CUDA2 1.251835 133784 40
CPU8 44.080591 133745 sgemm sgemm CUDA3 1.258940 133785 40
CPU14 44.538314 133746 sgemm sgemm CUDA3 1.256581 133786 40
CPU6 44.851179 133747 sgemm sgemm CUDA3 1.072791 133787 40
CPU9 44.543918 133748 sgemm sgemm CUDA3 1.265837 133788 40
CPU8 44.383988 133749 sgemm sgemm CUDA2 1.254532 133789 40
CPU15 44.338627 133750 sgemm sgemm CUDA3 1.256255 133790 40
CPU18 44.549975 133751 sgemm sgemm CUDA3 1.064764 133791 40
CPU19 44.554567 133752 sgemm sgemm CUDA3 1.074854 133792 40
CPU4 44.736065 133753 sgemm sgemm CUDA2 1.273479 133793 40
CPU2 44.383119 133754 sgemm sgemm CUDA3 1.067742 133794 40
CPU3 44.590223 133755 sgemm sgemm CUDA2 1.267321 133795 40
CPU7 44.596064 133756 sgemm sgemm CUDA3 1.264205 133796 40
CPU8 44.042890 133757 sgemm sgemm CUDA1 1.212337 133797 40
CPU19 44.690966 133758 sgemm sgemm CUDA1 1.258380 133798 40
CPU6 44.327998 133759 sgemm sgemm CUDA2 1.262309 133799 40
CPU2 44.520186 133760 sgemm sgemm CUDA1 1.260742 133800 40
CPU12 44.992408 133761 sgemm sgemm CUDA1 1.259994 133801 40
CPU5 44.440213 133762 sgemm sgemm CUDA1 1.074711 133802 40
CPU2 44.648347 133763 sgemm sgemm CUDA0 1.246260 133803 40
CPU5 44.666432 133764 sgemm sgemm CUDA1 1.258071 133804 40
CPU3 44.863363 133765 sgemm sgemm CUDA3 12.113211 133805 40
CPU8 44.671645 133766 sgemm sgemm CUDA3 0.044950 133806 40
CPU7 45.851419 133767 sgemm sgemm CUDA1 12.650754 133807 40
CPU0 44.777276 133771 sgemm sgemm CUDA2 1.267720 133811 40
CPU7 44.595275 133772 sgemm sgemm CUDA2 1.064244 133812 40
CPU14 44.519728 133773 sgemm sgemm CUDA2 1.075026 133813 40
CPU6 44.813512 133774 sgemm sgemm CUDA2 1.070531 133814 40
CPU5 44.746554 133775 sgemm sgemm CUDA3 0.043313 133815 40
CPU2 44.938527 133776 sgemm sgemm CUDA2 1.065576 133816 40
CPU16 44.196183 133777 sgemm sgemm CUDA2 4.687666 133817 40
CPU19 44.450322 133778 sgemm sgemm CUDA3 1.342591 133818 40
CPU17 44.485497 133779 sgemm sgemm CUDA1 0.077328 133819 40
CPU0 44.655556 133780 sgemm sgemm CUDA1 1.337874 133820 40
CPU8 44.393021 133781 sgemm sgemm CUDA3 1.069665 133821 40
CPU11 44.567287 133782 sgemm sgemm CUDA2 8.499732 133822 40
CPU9 44.664524 133783 sgemm sgemm CUDA1 1.267114 133823 40
CPU0 44.943453 133784 sgemm sgemm CUDA1 1.263959 133824 40
CPU10 44.594244 133785 sgemm sgemm CUDA0 1.261562 133825 40
CPU2 44.325731 133786 sgemm sgemm CUDA0 12.645260 133826 40
CPU1 44.710040 133787 sgemm sgemm CUDA1 1.075478 133827 40
CPU4 44.777089 133788 sgemm sgemm CUDA1 1.257915 133828 40
CPU17 44.354410 133789 sgemm sgemm CUDA1 1.256089 133829 40
CPU1 44.803164 133790 sgemm sgemm CUDA0 0.230230 133830 40
CPU4 44.857374 133791 sgemm sgemm CUDA3 1.265244 133831 40
CPU5 45.082972 133792 sgemm sgemm CUDA3 1.077712 133832 40
CPU7 44.732522 133793 sgemm sgemm CUDA3 1.264066 133833 40
CPU4 44.745587 133794 sgemm sgemm CUDA3 1.261987 133834 40
CPU4 44.872492 133798 sgemm sgemm CUDA2 0.048000 133838 40
CPU8 44.696958 133799 sgemm sgemm CUDA2 13.665741 133839 40
CPU14 44.446279 133800 sgemm sgemm CUDA2 0.311797 133840 40
CPU6 44.872594 133801 sgemm sgemm CUDA2 1.273763 133841 40
CPU9 44.691521 133802 sgemm sgemm CUDA1 1.067599 133842 40
CPU0 45.297328 133803 sgemm sgemm CUDA1 1.079502 133843 40
CPU16 44.379841 133804 sgemm sgemm CUDA2 1.077602 133844 40
CPU17 44.041335 133805 sgemm sgemm CUDA1 1.081319 133845 40
CPU17 44.338017 133806 sgemm sgemm CUDA1 1.267534 133846 40
CPU9 44.636444 133807 sgemm sgemm CUDA1 1.254091 133847 40
CPU3 44.592760 133808 sgemm sgemm CUDA3 1.264804 133848 40
CPU0 44.690531 133809 sgemm sgemm CUDA0 1.841188 133849 40
CPU6 44.676010 133810 sgemm sgemm CUDA0 12.190484 133850 40
CPU7 44.674699 133811 sgemm sgemm CUDA0 1.339641 133851 40
CPU19 44.578736 133812 sgemm sgemm CUDA0 1.262646 133852 40
CPU3 44.428755 133813 sgemm sgemm CUDA3 1.261321 133853 40
CPU3 44.438780 133814 sgemm sgemm CUDA0 1.070874 133854 40
CPU2 44.571082 133815 sgemm sgemm CUDA1 1.255421 133855 40
CPU19 44.354410 133816 sgemm sgemm CUDA3 1.069109 133856 40
CPU2 44.568429 133817 sgemm sgemm CUDA0 1.259609 133857 40
CPU3 44.597253 133818 sgemm sgemm CUDA3 1.065257 133858 40
CPU4 44.673988 133819 sgemm sgemm CUDA3 1.072427 133859 40
CPU8 44.530029 133820 sgemm sgemm CUDA3 1.070742 133860 40
CPU6 45.037380 133821 sgemm sgemm CUDA1 1.255761 133861 40
CPU0 44.804840 133825 sgemm sgemm CUDA3 1.074822 133865 40
CPU7 44.921338 133826 sgemm sgemm CUDA3 1.067962 133866 40
CPU14 44.529470 133827 sgemm sgemm CUDA3 1.261573 133867 40
CPU6 45.006100 133828 sgemm sgemm CUDA3 1.068228 133868 40
CPU1 44.564430 133829 sgemm sgemm CUDA3 1.256884 133869 40
CPU2 44.627042 133830 sgemm sgemm CUDA2 0.048660 133870 40
CPU15 44.278285 133831 sgemm sgemm CUDA2 1.076533 133871 40
CPU18 44.334988 133832 sgemm sgemm CUDA2 7.974510 133872 40
CPU18 44.366911 133833 sgemm sgemm CUDA2 0.046565 133873 40
CPU8 44.768599 133834 sgemm sgemm CUDA2 1.325532 133874 40
CPU0 44.699998 133835 sgemm sgemm CUDA0 0.202063 133875 40
CPU9 44.935563 133836 sgemm sgemm CUDA0 1.312141 133876 40
CPU0 45.061247 133837 sgemm sgemm CUDA0 1.075699 133877 40
CPU6 44.686682 133838 sgemm sgemm CUDA0 1.257549 133878 40
CPU7 44.944614 133839 sgemm sgemm CUDA2 1.268496 133879 40
CPU5 44.483302 133840 sgemm sgemm CUDA0 1.265194 133880 40
CPU5 44.801382 133841 sgemm sgemm CUDA0 1.260047 133881 40
CPU6 44.764643 133842 sgemm sgemm CUDA3 1.259688 133882 40
CPU10 44.192370 133843 sgemm sgemm CUDA3 13.104455 133883 40
CPU2 44.733831 133844 sgemm sgemm CUDA0 1.254822 133884 40
CPU6 44.650978 133845 sgemm sgemm CUDA3 0.438450 133885 40
CPU5 44.724927 133846 sgemm sgemm CUDA3 1.438086 133886 40
CPU8 44.739250 133847 sgemm sgemm CUDA0 1.090774 133887 40
CPU4 44.479599 133848 sgemm sgemm CUDA3 1.080049 133888 40
CPU3 44.584841 133852 sgemm sgemm CUDA2 1.270975 133892 40
CPU7 44.732116 133853 sgemm sgemm CUDA2 1.073669 133893 40
CPU14 44.458374 133854 sgemm sgemm CUDA2 1.146448 133894 40
CPU6 44.985453 133855 sgemm sgemm CUDA3 1.067887 133895 40
CPU4 44.885036 133856 sgemm sgemm CUDA3 13.079008 133896 40
CPU1 44.714731 133857 sgemm sgemm CUDA2 1.063275 133897 40
CPU15 44.311919 133858 sgemm sgemm CUDA2 1.071933 133898 40
CPU17 44.221964 133859 sgemm sgemm CUDA3 0.086197 133899 40
CPU19 44.566026 133860 sgemm sgemm CUDA2 1.257243 133900 40
CPU3 44.807994 133861 sgemm sgemm CUDA2 1.065952 133901 40
CPU10 44.488037 133862 sgemm sgemm CUDA3 1.318885 133902 40
CPU11 44.219064 133863 sgemm sgemm CUDA2 1.067312 133903 40
CPU9 44.792799 133864 sgemm sgemm CUDA3 1.255329 133904 40
CPU3 44.745274 133865 sgemm sgemm CUDA0 1.207011 133905 40
CPU19 44.385008 133866 sgemm sgemm CUDA0 1.067326 133906 40
CPU0 44.908286 133867 sgemm sgemm CUDA0 1.260469 133907 40
CPU7 45.144545 133868 sgemm sgemm CUDA0 1.071176 133908 40
CPU1 44.646179 133869 sgemm sgemm CUDA0 1.257661 133909 40
CPU11 44.093599 133870 sgemm sgemm CUDA3 1.069062 133910 40
CPU9 45.198307 133871 sgemm sgemm CUDA0 1.071155 133911 40
CPU6 44.927700 133872 sgemm sgemm CUDA3 1.197648 133912 40
CPU3 44.821886 133873 sgemm sgemm CUDA3 1.256097 133913 40
CPU8 44.564644 133874 sgemm sgemm CUDA0 1.259884 133914 40
CPU6 44.842337 133875 sgemm sgemm CUDA3 1.262510 133915 40
CPU1 44.150506 133879 sgemm sgemm CUDA3 1.326602 133919 40
CPU0 44.705603 133880 sgemm sgemm CUDA3 1.069138 133920 40
CPU14 44.538527 133881 sgemm sgemm CUDA2 6.733534 133921 40
CPU6 44.630260 133882 sgemm sgemm CUDA3 17.134063 133922 40
CPU2 44.683806 133883 sgemm sgemm CUDA3 0.066716 133923 40
CPU0 45.120144 133884 sgemm sgemm CUDA2 0.061851 133924 40
CPU15 44.415180 133885 sgemm sgemm CUDA3 1.265141 133925 40
CPU17 44.325911 133886 sgemm sgemm CUDA3 1.075744 133926 40
CPU16 44.568427 133887 sgemm sgemm CUDA2 1.308559 133927 40
CPU6 44.517150 133888 sgemm sgemm CUDA2 1.073878 133928 40
CPU10 44.618523 133889 sgemm sgemm CUDA0 0.047982 133929 40
CPU1 44.934402 133890 sgemm sgemm CUDA0 1.348078 133930 40
CPU4 44.759965 133891 sgemm sgemm CUDA3 7.045044 133931 40
CPU4 44.772760 133892 sgemm sgemm CUDA0 6.952344 133932 40
CPU19 44.375548 133893 sgemm sgemm CUDA2 1.269649 133933 40
CPU9 44.429227 133894 sgemm sgemm CUDA0 0.060939 133934 40
CPU0 44.650538 133895 sgemm sgemm CUDA1 1.242007 133935 40
CPU8 44.604072 133896 sgemm sgemm CUDA1 1.270396 133936 40
CPU11 44.469919 133897 sgemm sgemm CUDA1 1.091425 133937 40
CPU1 44.644112 133898 sgemm sgemm CUDA2 1.264043 133938 40
CPU6 44.567548 133899 sgemm sgemm CUDA0 1.308875 133939 40
CPU5 44.584067 133900 sgemm sgemm CUDA0 1.253914 133940 40
CPU7 44.699729 133901 sgemm sgemm CUDA1 1.086305 133941 40
CPU1 44.663291 133902 sgemm sgemm CUDA1 7.144731 133942 40
CPU7 44.160229 133906 sgemm sgemm CUDA0 1.255039 133946 40
CPU7 44.298129 133907 sgemm sgemm CUDA1 1.067963 133947 40
CPU14 44.690444 133908 sgemm sgemm CUDA1 1.194429 133948 40
CPU6 44.517244 133909 sgemm sgemm CUDA3 1.071055 133949 40
CPU9 45.026662 133910 sgemm sgemm CUDA3 1.007442 133950 40
CPU3 44.343591 133911 sgemm sgemm CUDA1 1.200492 133951 40
CPU16 44.637875 133912 sgemm sgemm CUDA3 1.207690 133952 40
CPU17 44.803361 133913 sgemm sgemm CUDA1 12.824869 133953 40
CPU18 44.551535 133914 sgemm sgemm CUDA1 0.049223 133954 40
CPU4 44.318756 133915 sgemm sgemm CUDA3 1.013573 133955 40
CPU1 44.205140 133916 sgemm sgemm CUDA3 12.052116 133956 40
CPU11 44.472852 133917 sgemm sgemm CUDA2 1.071843 133957 40
CPU5 43.979027 133918 sgemm sgemm CUDA0 1.007589 133958 40
CPU6 44.467098 133919 sgemm sgemm CUDA1 1.257245 133959 40
CPU19 44.702291 133920 sgemm sgemm CUDA0 1.202201 133960 40
CPU5 44.222849 133921 sgemm sgemm CUDA0 13.084907 133961 40
CPU8 44.550921 133922 sgemm sgemm CUDA1 1.196778 133962 40
CPU12 44.744985 133923 sgemm sgemm CUDA2 1.005601 133963 40
CPU18 44.496030 133924 sgemm sgemm CUDA3 1.260539 133964 40
CPU2 44.402954 133925 sgemm sgemm CUDA2 1.199610 133965 40
CPU5 44.387895 133926 sgemm sgemm CUDA3 1.005845 133966 40
CPU4 44.392169 133927 sgemm sgemm CUDA3 1.208576 133967 40
CPU8 43.924108 133928 sgemm sgemm CUDA0 0.043282 133968 40
CPU4 44.255777 133929 sgemm sgemm CUDA3 1.014529 133969 40
CPU2 32.746192 133935 strsm strsm CUDA0 12.174286 133975 40
CPU9 31.775638 133939 strsm strsm CUDA2 2.753774 133979 40
CPU14 31.666779 133943 strsm strsm CUDA2 0.244275 133983 40
CPU6 32.722043 133947 strsm strsm CUDA3 2.869576 133987 40
CPU9 32.145090 133951 strsm strsm CUDA3 1.936681 133991 40
CPU7 33.313728 133955 strsm strsm CUDA1 0.205859 133995 40
CPU16 31.974429 133959 strsm strsm CUDA3 0.266074 133999 40
CPU18 31.698570 133963 strsm strsm CUDA3 2.248152 134003 40
CPU16 31.645196 133967 strsm strsm CUDA2 1.964164 134007 40
CPU6 32.589702 133971 strsm strsm CUDA1 11.485435 134011 40
CPU3 33.242717 133975 strsm strsm CUDA2 2.099602 134015 40
CPU13 33.215701 133979 strsm strsm CUDA2 2.532044 134019 40
CPU17 32.375472 133983 strsm strsm CUDA0 11.746282 134023 40
CPU18 31.104808 133987 strsm strsm CUDA0 2.467301 134027 40
CPU5 32.626180 133991 strsm strsm CUDA1 13.187820 134031 40
CPU10 32.058985 133995 strsm strsm CUDA0 0.290230 134035 40
CPU8 32.290074 133999 strsm strsm CUDA1 2.572147 134039 40
CPU10 32.331384 134003 strsm strsm CUDA2 2.234201 134043 40
CPU5 32.795949 134007 strsm strsm CUDA0 2.636198 134047 40
CPU13 32.442284 134011 strsm strsm CUDA2 0.186640 134051 40
CPU2 32.330819 134015 strsm strsm CUDA1 0.449829 134055 40
CPU19 32.290992 134019 strsm strsm CUDA0 2.091415 134059 40
CPU18 32.503204 134023 strsm strsm CUDA3 1.848923 134063 40
CPU11 31.274960 134027 strsm strsm CUDA3 1.780812 134067 40
CPU10 15.330437 134031 strtri strtri CPU -1 134071 40
CPU2 31.312345 134033 strsm strsm CUDA1 3.052807 134073 40
CPU3 32.016955 134035 strsm strsm CUDA0 2.956852 134075 40
CPU8 30.938185 134037 strsm strsm CUDA2 2.776917 134077 40
CPU14 31.195253 134039 strsm strsm CUDA1 2.770561 134079 40
CPU9 30.775103 134041 strsm strsm CUDA1 2.986355 134081 40
CPU8 30.970062 134043 strsm strsm CUDA2 3.062619 134083 40
CPU2 31.530744 134045 strsm strsm CUDA1 11.660472 134085 40
CPU0 31.571572 134047 strsm strsm CUDA1 2.987185 134087 40
CPU6 32.376174 134049 strsm strsm CUDA2 3.005592 134089 40
CPU4 31.377111 134051 strsm strsm CUDA1 2.822717 134091 40
CPU5 30.921021 134053 strsm strsm CUDA1 2.965795 134093 40
CPU5 31.196634 134055 strsm strsm CUDA2 0.049443 134095 40
CPU7 31.348370 134057 strsm strsm CUDA0 3.131647 134097 40
CPU4 31.133426 134059 strsm strsm CUDA2 2.786852 134099 40
CPU19 30.889718 134061 strsm strsm CUDA0 3.149575 134101 40
CPU6 31.340729 134063 strsm strsm CUDA0 2.787215 134103 40
CPU11 30.801324 134065 strsm strsm CUDA2 12.174283 134105 40
CPU15 30.994128 134067 strsm strsm CUDA0 2.757434 134107 40
CPU5 31.621058 134069 strsm strsm CUDA2 2.830769 134109 40
CPU10 30.785529 134071 strsm strsm CUDA2 3.141632 134111 40
CPU19 30.769300 134073 strsm strsm CUDA2 2.936719 134113 40
CPU0 31.638593 134075 strsm strsm CUDA2 14.591139 134115 40
CPU19 30.868090 134077 strsm strsm CUDA2 1.348652 134117 40
CPU2 30.414120 134079 strsm strsm CUDA0 2.849883 134119 40
CPU8 44.643494 134081 sgemm sgemm CUDA1 1.365410 134121 40
CPU7 44.469141 134082 sgemm sgemm CUDA1 1.041343 134122 40
CPU14 44.392937 134083 sgemm sgemm CUDA1 1.043951 134123 40
CPU6 45.003450 134084 sgemm sgemm CUDA1 1.227417 134124 40
CPU1 44.732033 134085 sgemm sgemm CUDA1 1.040718 134125 40
CPU18 44.338902 134086 sgemm sgemm CUDA1 1.229291 134126 40
CPU16 44.505019 134087 sgemm sgemm CUDA3 1.257545 134127 40
CPU18 44.407635 134088 sgemm sgemm CUDA3 1.041814 134128 40
CPU19 44.439965 134089 sgemm sgemm CUDA1 1.226270 134129 40
CPU3 44.637708 134090 sgemm sgemm CUDA2 0.087058 134130 40
CPU2 44.538104 134091 sgemm sgemm CUDA3 1.234133 134131 40
CPU8 45.190969 134092 sgemm sgemm CUDA2 1.255524 134132 40
CPU10 44.774204 134093 sgemm sgemm CUDA2 1.212896 134133 40
CPU5 44.591439 134094 sgemm sgemm CUDA1 1.234571 134134 40
CPU19 44.535048 134095 sgemm sgemm CUDA2 1.226981 134135 40
CPU0 45.044900 134096 sgemm sgemm CUDA2 1.053437 134136 40
CPU12 44.310649 134097 sgemm sgemm CUDA0 1.262254 134137 40
CPU1 44.639303 134098 sgemm sgemm CUDA0 1.018622 134138 40
CPU10 44.637921 134099 sgemm sgemm CUDA0 1.086180 134139 40
CPU2 44.798099 134100 sgemm sgemm CUDA1 1.225362 134140 40
CPU4 45.146778 134101 sgemm sgemm CUDA0 1.223956 134141 40
CPU1 44.536422 134102 sgemm sgemm CUDA3 1.229792 134142 40
CPU9 44.101116 134103 sgemm sgemm CUDA1 0.057628 134143 40
CPU1 44.832220 134104 sgemm sgemm CUDA3 12.958213 134144 40
CPU9 44.235046 134105 sgemm sgemm CUDA2 1.235539 134145 40
CPU9 44.643588 134109 sgemm sgemm CUDA0 1.354838 134149 40
CPU8 44.743729 134110 sgemm sgemm CUDA2 1.065576 134150 40
CPU14 44.371860 134111 sgemm sgemm CUDA0 1.259157 134151 40
CPU6 45.075116 134112 sgemm sgemm CUDA2 10.784978 134152 40
CPU9 44.718968 134113 sgemm sgemm CUDA0 1.265409 134153 40
CPU18 44.363290 134114 sgemm sgemm CUDA0 1.254007 134154 40
CPU16 44.539208 134115 sgemm sgemm CUDA2 1.355773 134155 40
CPU18 44.287575 134116 sgemm sgemm CUDA3 11.893454 134156 40
CPU19 44.556948 134117 sgemm sgemm CUDA2 1.069796 134157 40
CPU5 44.634658 134118 sgemm sgemm CUDA2 1.253889 134158 40
CPU7 44.681272 134119 sgemm sgemm CUDA3 0.049571 134159 40
CPU11 44.334352 134120 sgemm sgemm CUDA3 1.370931 134160 40
CPU11 44.263365 134121 sgemm sgemm CUDA2 1.067239 134161 40
CPU5 44.431659 134122 sgemm sgemm CUDA1 1.263276 134162 40
CPU19 44.442729 134123 sgemm sgemm CUDA2 1.072060 134163 40
CPU6 44.493689 134124 sgemm sgemm CUDA2 1.260096 134164 40
CPU2 44.837348 134125 sgemm sgemm CUDA0 1.258496 134165 40
CPU10 44.515918 134126 sgemm sgemm CUDA2 1.069593 134166 40
CPU10 44.711993 134127 sgemm sgemm CUDA0 1.066736 134167 40
CPU2 44.743467 134128 sgemm sgemm CUDA1 1.069463 134168 40
CPU16 44.456400 134129 sgemm sgemm CUDA0 1.071391 134169 40
CPU12 44.711999 134130 sgemm sgemm CUDA1 1.255529 134170 40
CPU12 44.616769 134131 sgemm sgemm CUDA1 1.259483 134171 40
CPU12 44.416161 134132 sgemm sgemm CUDA3 1.077051 134172 40
CPU12 44.312649 134133 sgemm sgemm CUDA0 1.265693 134173 40
CPU2 44.698659 134137 sgemm sgemm CUDA2 1.214300 134177 40
CPU7 44.693830 134138 sgemm sgemm CUDA2 1.068109 134178 40
CPU14 44.489498 134139 sgemm sgemm CUDA1 1.067075 134179 40
CPU6 44.913358 134140 sgemm sgemm CUDA1 1.258151 134180 40
CPU4 45.082006 134141 sgemm sgemm CUDA1 1.257982 134181 40
CPU9 44.760603 134142 sgemm sgemm CUDA1 1.260233 134182 40
CPU16 44.401736 134143 sgemm sgemm CUDA2 1.256721 134183 40
CPU18 44.328520 134144 sgemm sgemm CUDA3 0.047724 134184 40
CPU18 44.583191 134145 sgemm sgemm CUDA2 1.064854 134185 40
CPU1 44.803601 134146 sgemm sgemm CUDA2 1.073469 134186 40
CPU9 44.566586 134147 sgemm sgemm CUDA3 1.056407 134187 40
CPU4 45.197385 134148 sgemm sgemm CUDA3 1.260758 134188 40
CPU11 44.160722 134149 sgemm sgemm CUDA3 1.259464 134189 40
CPU4 44.965656 134150 sgemm sgemm CUDA1 1.259664 134190 40
CPU19 44.460444 134151 sgemm sgemm CUDA2 1.071117 134191 40
CPU10 44.607371 134152 sgemm sgemm CUDA2 12.059164 134192 40
CPU9 44.729645 134153 sgemm sgemm CUDA0 1.266960 134193 40
CPU1 44.711807 134154 sgemm sgemm CUDA0 1.069457 134194 40
CPU11 44.357806 134155 sgemm sgemm CUDA0 1.075013 134195 40
CPU0 44.537523 134156 sgemm sgemm CUDA1 12.433494 134196 40
CPU4 45.061182 134157 sgemm sgemm CUDA0 1.077642 134197 40
CPU18 44.523696 134158 sgemm sgemm CUDA0 1.063944 134198 40
CPU16 44.564626 134159 sgemm sgemm CUDA0 1.254420 134199 40
CPU18 44.150558 134160 sgemm sgemm CUDA3 1.066700 134200 40
CPU2 44.988229 134161 sgemm sgemm CUDA0 1.260679 134201 40
CPU5 44.439751 134165 sgemm sgemm CUDA1 1.268051 134205 40
CPU8 44.536288 134166 sgemm sgemm CUDA1 1.063049 134206 40
CPU14 44.473344 134167 sgemm sgemm CUDA1 1.078914 134207 40
CPU6 44.568680 134168 sgemm sgemm CUDA1 1.307514 134208 40
CPU9 44.350430 134169 sgemm sgemm CUDA1 1.268625 134209 40
CPU4 44.534709 134170 sgemm sgemm CUDA0 1.318722 134210 40
CPU16 44.432507 134171 sgemm sgemm CUDA3 1.187038 134211 40
CPU18 44.406048 134172 sgemm sgemm CUDA3 1.260181 134212 40
CPU17 44.485349 134173 sgemm sgemm CUDA2 1.407285 134213 40
CPU2 44.423524 134174 sgemm sgemm CUDA2 12.744027 134214 40
CPU9 44.216790 134175 sgemm sgemm CUDA3 1.253320 134215 40
CPU11 44.465813 134176 sgemm sgemm CUDA3 1.071177 134216 40
CPU7 44.510795 134177 sgemm sgemm CUDA2 0.040856 134217 40
CPU7 44.686846 134178 sgemm sgemm CUDA1 1.268087 134218 40
CPU19 44.495387 134179 sgemm sgemm CUDA2 1.376092 134219 40
CPU7 44.493594 134180 sgemm sgemm CUDA2 1.075717 134220 40
CPU3 44.394794 134181 sgemm sgemm CUDA0 1.252642 134221 40
CPU11 44.545342 134182 sgemm sgemm CUDA0 12.047265 134222 40
CPU19 44.573449 134183 sgemm sgemm CUDA0 0.121752 134223 40
CPU12 44.607574 134184 sgemm sgemm CUDA1 1.067477 134224 40
CPU17 44.521698 134185 sgemm sgemm CUDA0 1.412729 134225 40
CPU11 44.559451 134186 sgemm sgemm CUDA3 1.264743 134226 40
CPU11 44.691126 134187 sgemm sgemm CUDA3 1.258354 134227 40
CPU11 44.425105 134188 sgemm sgemm CUDA2 0.050876 134228 40
CPU10 44.646542 134189 sgemm sgemm CUDA3 2.131730 134229 40
CPU3 44.633442 134193 sgemm sgemm CUDA1 1.219500 134233 40
CPU9 44.651571 134194 sgemm sgemm CUDA1 1.285940 134234 40
CPU14 44.508943 134195 sgemm sgemm CUDA1 3.389937 134235 40
CPU6 44.650020 134196 sgemm sgemm CUDA1 1.089494 134236 40
CPU0 44.724302 134197 sgemm sgemm CUDA1 0.055736 134237 40
CPU18 44.507101 134198 sgemm sgemm CUDA1 1.408054 134238 40
CPU15 44.343388 134199 sgemm sgemm CUDA3 1.214206 134239 40
CPU11 44.337045 134200 sgemm sgemm CUDA3 3.617213 134240 40
CPU17 44.424398 134201 sgemm sgemm CUDA3 0.045014 134241 40
CPU0 44.728100 134202 sgemm sgemm CUDA2 1.070041 134242 40
CPU3 44.451078 134203 sgemm sgemm CUDA3 1.282620 134243 40
CPU12 44.575570 134204 sgemm sgemm CUDA2 1.074633 134244 40
CPU15 44.308999 134205 sgemm sgemm CUDA2 1.074114 134245 40
CPU8 44.403350 134206 sgemm sgemm CUDA1 1.278994 134246 40
CPU19 44.635898 134207 sgemm sgemm CUDA2 1.070228 134247 40
CPU12 44.695829 134208 sgemm sgemm CUDA2 1.068015 134248 40
CPU8 44.619205 134209 sgemm sgemm CUDA0 1.079724 134249 40
CPU11 44.541668 134210 sgemm sgemm CUDA0 1.252109 134250 40
CPU10 44.541817 134211 sgemm sgemm CUDA0 1.063826 134251 40
CPU10 44.473132 134212 sgemm sgemm CUDA1 1.076210 134252 40
CPU10 44.488756 134213 sgemm sgemm CUDA0 1.067525 134253 40
CPU13 44.661169 134214 sgemm sgemm CUDA1 1.099282 134254 40
CPU13 44.529879 134215 sgemm sgemm CUDA1 1.276285 134255 40
CPU13 44.833917 134216 sgemm sgemm CUDA3 1.264852 134256 40
CPU13 45.102477 134217 sgemm sgemm CUDA3 1.069238 134257 40
CPU2 44.512750 134221 sgemm sgemm CUDA2 1.185458 134261 40
CPU8 44.710823 134222 sgemm sgemm CUDA2 1.257031 134262 40
CPU14 44.363704 134223 sgemm sgemm CUDA1 1.306786 134263 40
CPU6 44.783524 134224 sgemm sgemm CUDA1 0.224672 134264 40
CPU9 44.595241 134225 sgemm sgemm CUDA1 1.265872 134265 40
CPU18 44.737737 134226 sgemm sgemm CUDA1 1.078120 134266 40
CPU15 44.198868 134227 sgemm sgemm CUDA3 11.843307 134267 40
CPU18 44.271209 134228 sgemm sgemm CUDA3 1.400842 134268 40
CPU18 44.395419 134229 sgemm sgemm CUDA2 1.072967 134269 40
CPU9 44.459036 134230 sgemm sgemm CUDA2 1.072298 134270 40
CPU8 44.525217 134231 sgemm sgemm CUDA3 1.271639 134271 40
CPU11 44.477108 134232 sgemm sgemm CUDA2 1.256668 134272 40
CPU9 44.692072 134233 sgemm sgemm CUDA2 12.191282 134273 40
CPU16 44.493457 134234 sgemm sgemm CUDA1 1.270598 134274 40
CPU19 44.499867 134235 sgemm sgemm CUDA2 0.295702 134275 40
CPU1 44.602333 134236 sgemm sgemm CUDA0 14.631284 134276 40
CPU5 44.606491 134237 sgemm sgemm CUDA0 1.319723 134277 40
CPU15 44.518179 134238 sgemm sgemm CUDA0 1.072299 134278 40
CPU18 44.228207 134239 sgemm sgemm CUDA0 1.258399 134279 40
CPU12 44.588251 134240 sgemm sgemm CUDA1 1.067632 134280 40
CPU13 44.862111 134241 sgemm sgemm CUDA1 12.174674 134281 40
CPU13 44.766505 134242 sgemm sgemm CUDA3 1.082487 134282 40
CPU13 44.654763 134243 sgemm sgemm CUDA3 1.082629 134283 40
CPU13 44.746798 134244 sgemm sgemm CUDA3 1.274028 134284 40
CPU13 44.678308 134245 sgemm sgemm CUDA3 1.270809 134285 40
CPU3 44.617685 134249 sgemm sgemm CUDA2 1.073766 134289 40
CPU7 45.022657 134250 sgemm sgemm CUDA2 1.318577 134290 40
CPU14 44.445354 134251 sgemm sgemm CUDA1 1.261449 134291 40
CPU6 45.221148 134252 sgemm sgemm CUDA2 1.079359 134292 40
CPU2 44.621373 134253 sgemm sgemm CUDA1 1.258040 134293 40
CPU8 44.534760 134254 sgemm sgemm CUDA2 1.259125 134294 40
CPU16 44.351749 134255 sgemm sgemm CUDA2 1.277007 134295 40
CPU17 44.298306 134256 sgemm sgemm CUDA3 1.261748 134296 40
CPU16 44.416609 134257 sgemm sgemm CUDA2 1.255709 134297 40
CPU8 44.098584 134258 sgemm sgemm CUDA2 1.066718 134298 40
CPU7 45.311292 134259 sgemm sgemm CUDA3 1.254693 134299 40
CPU2 44.660094 134260 sgemm sgemm CUDA3 1.071431 134300 40
CPU11 44.127432 134261 sgemm sgemm CUDA2 1.258809 134301 40
CPU3 44.631518 134262 sgemm sgemm CUDA1 1.257308 134302 40
CPU19 44.538203 134263 sgemm sgemm CUDA2 1.258745 134303 40
CPU0 44.666083 134264 sgemm sgemm CUDA0 1.065857 134304 40
CPU0 44.641811 134265 sgemm sgemm CUDA0 1.069398 134305 40
CPU2 44.413267 134266 sgemm sgemm CUDA2 1.255794 134306 40
CPU12 44.571120 134267 sgemm sgemm CUDA0 12.045985 134307 40
CPU16 44.316966 134268 sgemm sgemm CUDA1 1.256978 134308 40
CPU19 44.779063 134269 sgemm sgemm CUDA0 1.310321 134309 40
CPU19 44.740298 134270 sgemm sgemm CUDA0 1.256531 134310 40
CPU19 45.230287 134271 sgemm sgemm CUDA1 1.257173 134311 40
CPU19 44.734930 134272 sgemm sgemm CUDA2 1.067626 134312 40
CPU19 44.408897 134273 sgemm sgemm CUDA2 1.258313 134313 40
CPU7 44.625715 134277 sgemm sgemm CUDA1 1.070013 134317 40
CPU8 44.551960 134278 sgemm sgemm CUDA2 0.039574 134318 40
CPU14 44.722290 134279 sgemm sgemm CUDA2 1.332289 134319 40
CPU6 44.751784 134280 sgemm sgemm CUDA2 1.202900 134320 40
CPU9 44.540157 134281 sgemm sgemm CUDA1 1.256963 134321 40
CPU2 44.807389 134282 sgemm sgemm CUDA2 1.195645 134322 40
CPU15 44.292363 134283 sgemm sgemm CUDA3 1.068827 134323 40
CPU18 44.146878 134284 sgemm sgemm CUDA3 1.256065 134324 40
CPU18 44.301764 134285 sgemm sgemm CUDA2 1.015222 134325 40
CPU2 44.712508 134286 sgemm sgemm CUDA3 1.261072 134326 40
CPU0 44.717832 134287 sgemm sgemm CUDA3 1.256564 134327 40
CPU13 44.397675 134288 sgemm sgemm CUDA3 1.260360 134328 40
CPU17 44.318372 134289 sgemm sgemm CUDA3 1.062281 134329 40
CPU9 44.584871 134290 sgemm sgemm CUDA1 1.063611 134330 40
CPU19 44.606999 134291 sgemm sgemm CUDA2 1.200352 134331 40
CPU4 44.301332 134292 sgemm sgemm CUDA2 1.207833 134332 40
CPU1 45.038421 134293 sgemm sgemm CUDA1 1.069131 134333 40
CPU11 44.254514 134294 sgemm sgemm CUDA2 1.198179 134334 40
CPU12 44.546812 134295 sgemm sgemm CUDA3 1.259930 134335 40
CPU11 44.376811 134296 sgemm sgemm CUDA1 13.146689 134336 40
CPU2 44.822182 134297 sgemm sgemm CUDA1 0.039523 134337 40
CPU0 44.860582 134298 sgemm sgemm CUDA3 1.256963 134338 40
CPU9 44.581689 134299 sgemm sgemm CUDA1 1.395735 134339 40
CPU7 44.584248 134300 sgemm sgemm CUDA1 1.117652 134340 40
CPU7 44.992377 134301 sgemm sgemm CUDA2 1.009999 134341 40
CPU7 44.576807 134305 sgemm sgemm CUDA2 1.070297 134345 40
CPU8 44.893590 134306 sgemm sgemm CUDA2 1.061482 134346 40
CPU14 44.417255 134307 sgemm sgemm CUDA3 1.259405 134347 40
CPU6 44.689163 134308 sgemm sgemm CUDA3 1.066304 134348 40
CPU9 44.489382 134309 sgemm sgemm CUDA0 1.262028 134349 40
CPU18 44.469583 134310 sgemm sgemm CUDA2 1.238744 134350 40
CPU15 44.260646 134311 sgemm sgemm CUDA3 8.220866 134351 40
CPU18 44.149288 134312 sgemm sgemm CUDA3 0.045308 134352 40
CPU19 44.689456 134313 sgemm sgemm CUDA2 1.066141 134353 40
CPU6 44.615100 134314 sgemm sgemm CUDA2 1.253891 134354 40
CPU10 44.375361 134315 sgemm sgemm CUDA3 1.071206 134355 40
CPU17 44.394451 134316 sgemm sgemm CUDA2 1.385878 134356 40
CPU0 44.994867 134317 sgemm sgemm CUDA3 1.065177 134357 40
CPU4 44.746588 134318 sgemm sgemm CUDA0 1.261002 134358 40
CPU19 44.541433 134319 sgemm sgemm CUDA2 1.061034 134359 40
CPU4 44.713247 134320 sgemm sgemm CUDA0 1.269610 134360 40
CPU1 44.818951 134321 sgemm sgemm CUDA0 1.257824 134361 40
CPU10 44.263448 134322 sgemm sgemm CUDA2 1.171094 134362 40
CPU14 44.392794 134323 sgemm sgemm CUDA3 0.175797 134363 40
CPU7 44.642330 134324 sgemm sgemm CUDA1 1.062357 134364 40
CPU3 45.001413 134325 sgemm sgemm CUDA1 1.210656 134365 40
CPU13 44.514321 134326 sgemm sgemm CUDA3 1.276357 134366 40
CPU19 44.559280 134327 sgemm sgemm CUDA1 1.073089 134367 40
CPU12 43.974724 134328 sgemm sgemm CUDA1 1.063370 134368 40
CPU12 44.404418 134329 sgemm sgemm CUDA1 1.066709 134369 40
CPU2 44.701424 134333 sgemm sgemm CUDA1 1.313666 134373 40
CPU8 44.676904 134334 sgemm sgemm CUDA2 1.205298 134374 40
CPU14 44.467939 134335 sgemm sgemm CUDA2 1.257635 134375 40
CPU6 44.856888 134336 sgemm sgemm CUDA2 1.255986 134376 40
CPU4 44.854199 134337 sgemm sgemm CUDA1 1.072782 134377 40
CPU1 44.619599 134338 sgemm sgemm CUDA2 1.074555 134378 40
CPU16 44.297199 134339 sgemm sgemm CUDA3 1.268849 134379 40
CPU17 44.308321 134340 sgemm sgemm CUDA3 1.268590 134380 40
CPU18 44.340621 134341 sgemm sgemm CUDA1 1.065875 134381 40
CPU4 44.612035 134342 sgemm sgemm CUDA2 1.263375 134382 40
CPU1 44.611682 134343 sgemm sgemm CUDA3 1.264826 134383 40
CPU16 44.115125 134344 sgemm sgemm CUDA2 1.073113 134384 40
CPU10 44.676966 134345 sgemm sgemm CUDA3 1.063181 134385 40
CPU6 44.934401 134346 sgemm sgemm CUDA0 1.082067 134386 40
CPU19 44.380881 134347 sgemm sgemm CUDA2 1.072719 134387 40
CPU12 44.523914 134348 sgemm sgemm CUDA0 1.068985 134388 40
CPU11 44.189067 134349 sgemm sgemm CUDA0 1.078187 134389 40
CPU11 44.272740 134350 sgemm sgemm CUDA2 1.067801 134390 40
CPU13 44.320294 134351 sgemm sgemm CUDA3 1.257465 134391 40
CPU8 44.640525 134352 sgemm sgemm CUDA1 1.063683 134392 40
CPU6 44.897663 134353 sgemm sgemm CUDA0 1.257262 134393 40
CPU10 44.465088 134354 sgemm sgemm CUDA0 1.261112 134394 40
CPU13 44.386038 134355 sgemm sgemm CUDA0 1.068549 134395 40
CPU13 44.370578 134356 sgemm sgemm CUDA3 1.262796 134396 40
CPU12 44.297787 134357 sgemm sgemm CUDA0 1.261264 134397 40
CPU1 44.574699 134361 sgemm sgemm CUDA1 1.062992 134401 40
CPU7 45.073482 134362 sgemm sgemm CUDA1 1.257956 134402 40
CPU14 44.390685 134363 sgemm sgemm CUDA2 1.260470 134403 40
CPU6 44.911408 134364 sgemm sgemm CUDA2 1.072738 134404 40
CPU9 44.717241 134365 sgemm sgemm CUDA1 1.254201 134405 40
CPU3 44.598710 134366 sgemm sgemm CUDA2 1.071050 134406 40
CPU15 44.409973 134367 sgemm sgemm CUDA3 1.252612 134407 40
CPU18 44.248008 134368 sgemm sgemm CUDA3 1.072802 134408 40
CPU16 44.340418 134369 sgemm sgemm CUDA2 1.069988 134409 40
CPU3 44.625616 134370 sgemm sgemm CUDA3 1.255160 134410 40
CPU5 44.600638 134371 sgemm sgemm CUDA3 1.074057 134411 40
CPU11 44.578618 134372 sgemm sgemm CUDA3 1.067900 134412 40
CPU15 44.306606 134373 sgemm sgemm CUDA3 1.257156 134413 40
CPU7 44.934419 134374 sgemm sgemm CUDA0 1.262225 134414 40
CPU19 44.482686 134375 sgemm sgemm CUDA0 1.256340 134415 40
CPU8 44.456553 134376 sgemm sgemm CUDA0 1.257108 134416 40
CPU4 44.790218 134377 sgemm sgemm CUDA0 1.064210 134417 40
CPU1 44.737455 134378 sgemm sgemm CUDA2 1.066097 134418 40
CPU15 44.148281 134379 sgemm sgemm CUDA3 1.068429 134419 40
CPU1 44.601850 134380 sgemm sgemm CUDA1 10.967686 134420 40
CPU12 44.424622 134381 sgemm sgemm CUDA1 0.045830 134421 40
CPU12 44.565846 134382 sgemm sgemm CUDA3 1.263364 134422 40
CPU12 44.473839 134383 sgemm sgemm CUDA1 1.256094 134423 40
CPU15 44.636168 134384 sgemm sgemm CUDA1 1.253027 134424 40
CPU15 44.642683 134385 sgemm sgemm CUDA0 12.709843 134425 40
CPU10 44.357544 134389 sgemm sgemm CUDA2 1.265629 134429 40
CPU8 44.667337 134390 sgemm sgemm CUDA2 1.069000 134430 40
CPU14 44.303469 134391 sgemm sgemm CUDA2 1.066772 134431 40
CPU6 45.328726 134392 sgemm sgemm CUDA3 1.262742 134432 40
CPU3 44.607686 134393 sgemm sgemm CUDA3 1.271266 134433 40
CPU18 44.207990 134394 sgemm sgemm CUDA2 1.067068 134434 40
CPU16 44.774246 134395 sgemm sgemm CUDA3 1.063112 134435 40
CPU18 44.161496 134396 sgemm sgemm CUDA3 1.062888 134436 40
CPU17 44.362693 134397 sgemm sgemm CUDA2 2.868138 134437 40
CPU5 44.343957 134398 sgemm sgemm CUDA2 0.119097 134438 40
CPU9 44.311693 134399 sgemm sgemm CUDA3 1.258477 134439 40
CPU11 44.369954 134400 sgemm sgemm CUDA3 1.262737 134440 40
CPU11 44.285967 134401 sgemm sgemm CUDA2 1.299651 134441 40
CPU17 44.253033 134402 sgemm sgemm CUDA0 14.430455 134442 40
CPU19 44.450930 134403 sgemm sgemm CUDA0 0.120255 134443 40
CPU2 44.348523 134404 sgemm sgemm CUDA0 1.375186 134444 40
CPU4 44.816734 134405 sgemm sgemm CUDA0 1.390708 134445 40
CPU12 44.507394 134406 sgemm sgemm CUDA2 1.083991 134446 40
CPU5 44.643039 134407 sgemm sgemm CUDA3 1.069223 134447 40
CPU0 44.876401 134408 sgemm sgemm CUDA1 0.045057 134448 40
CPU6 44.770674 134409 sgemm sgemm CUDA1 1.286159 134449 40
CPU19 44.738519 134410 sgemm sgemm CUDA3 1.258680 134450 40
CPU18 44.503829 134411 sgemm sgemm CUDA1 1.068998 134451 40
CPU13 44.392685 134412 sgemm sgemm CUDA1 1.258657 134452 40
CPU13 44.444341 134413 sgemm sgemm CUDA1 1.069950 134453 40
CPU9 44.287012 134417 sgemm sgemm CUDA1 1.328804 134457 40
CPU8 44.454993 134418 sgemm sgemm CUDA1 1.070634 134458 40
CPU14 44.437333 134419 sgemm sgemm CUDA1 1.072417 134459 40
CPU6 44.651513 134420 sgemm sgemm CUDA1 1.071447 134460 40
CPU9 44.630925 134421 sgemm sgemm CUDA1 1.073073 134461 40
CPU7 44.893593 134422 sgemm sgemm CUDA1 1.066067 134462 40
CPU15 44.296846 134423 sgemm sgemm CUDA3 1.360833 134463 40
CPU17 44.396062 134424 sgemm sgemm CUDA3 1.262703 134464 40
CPU16 44.428511 134425 sgemm sgemm CUDA3 1.063241 134465 40
CPU5 44.310871 134426 sgemm sgemm CUDA3 1.067443 134466 40
CPU6 44.487866 134427 sgemm sgemm CUDA3 1.071198 134467 40
CPU3 43.921760 134428 sgemm sgemm CUDA3 1.068220 134468 40
CPU11 44.381574 134429 sgemm sgemm CUDA3 1.255723 134469 40
CPU3 44.549029 134430 sgemm sgemm CUDA1 1.253593 134470 40
CPU17 44.499829 134431 sgemm sgemm CUDA0 1.363591 134471 40
CPU13 44.593870 134432 sgemm sgemm CUDA0 1.076296 134472 40
CPU18 44.288842 134433 sgemm sgemm CUDA0 1.078504 134473 40
CPU12 44.439528 134434 sgemm sgemm CUDA0 1.063796 134474 40
CPU11 44.421436 134435 sgemm sgemm CUDA0 1.256274 134475 40
CPU9 44.560704 134436 sgemm sgemm CUDA1 1.257750 134476 40
CPU4 44.596636 134437 sgemm sgemm CUDA0 1.065465 134477 40
CPU10 44.548975 134438 sgemm sgemm CUDA3 1.254235 134478 40
CPU16 44.447632 134439 sgemm sgemm CUDA1 1.065299 134479 40
CPU16 44.545365 134440 sgemm sgemm CUDA3 1.067125 134480 40
CPU13 44.519492 134441 sgemm sgemm CUDA1 1.067207 134481 40
CPU4 44.587545 134445 sgemm sgemm CUDA2 1.222963 134485 40
CPU8 44.735919 134446 sgemm sgemm CUDA2 12.493081 134486 40
CPU14 44.403244 134447 sgemm sgemm CUDA2 0.089754 134487 40
CPU6 44.681029 134448 sgemm sgemm CUDA1 0.048143 134488 40
CPU0 45.258573 134449 sgemm sgemm CUDA1 1.324087 134489 40
CPU18 44.205119 134450 sgemm sgemm CUDA2 1.350668 134490 40
CPU16 44.681292 134451 sgemm sgemm CUDA3 0.057308 134491 40
CPU18 44.201344 134452 sgemm sgemm CUDA3 1.306243 134492 40
CPU19 44.898751 134453 sgemm sgemm CUDA2 10.460204 134493 40
CPU4 44.557820 134454 sgemm sgemm CUDA3 1.254846 134494 40
CPU5 44.303966 134455 sgemm sgemm CUDA3 1.256160 134495 40
CPU12 44.733832 134456 sgemm sgemm CUDA3 1.263157 134496 40
CPU11 44.472284 134457 sgemm sgemm CUDA3 1.068035 134497 40
CPU8 44.588563 134458 sgemm sgemm CUDA1 10.469025 134498 40
CPU3 44.134292 134459 sgemm sgemm CUDA2 0.048504 134499 40
CPU3 44.392799 134460 sgemm sgemm CUDA0 1.304751 134500 40
CPU7 44.845478 134461 sgemm sgemm CUDA1 0.057739 134501 40
CPU12 44.510187 134462 sgemm sgemm CUDA0 1.286882 134502 40
CPU4 44.863859 134463 sgemm sgemm CUDA3 1.068812 134503 40
CPU8 44.894431 134464 sgemm sgemm CUDA0 1.257593 134504 40
CPU6 44.744508 134465 sgemm sgemm CUDA0 0.076421 134505 40
CPU3 44.455553 134466 sgemm sgemm CUDA0 1.074529 134506 40
CPU6 44.656125 134467 sgemm sgemm CUDA0 1.260353 134507 40
CPU7 45.037030 134468 sgemm sgemm CUDA3 1.255720 134508 40
CPU7 45.122578 134469 sgemm sgemm CUDA1 1.290190 134509 40
CPU6 44.621200 134473 sgemm sgemm CUDA2 7.849824 134513 40
CPU8 44.578808 134474 sgemm sgemm CUDA2 0.040589 134514 40
CPU14 44.329597 134475 sgemm sgemm CUDA2 1.309440 134515 40
CPU6 44.767631 134476 sgemm sgemm CUDA3 1.257757 134516 40
CPU9 44.704851 134477 sgemm sgemm CUDA3 1.256354 134517 40
CPU18 44.130322 134478 sgemm sgemm CUDA2 1.258398 134518 40
CPU15 44.167008 134479 sgemm sgemm CUDA3 0.097880 134519 40
CPU17 44.196068 134480 sgemm sgemm CUDA3 1.347357 134520 40
CPU16 44.591138 134481 sgemm sgemm CUDA2 1.261617 134521 40
CPU1 44.590424 134482 sgemm sgemm CUDA2 1.072575 134522 40
CPU5 44.522132 134483 sgemm sgemm CUDA3 1.069714 134523 40
CPU11 44.272379 134484 sgemm sgemm CUDA2 1.259680 134524 40
CPU10 44.433836 134485 sgemm sgemm CUDA3 1.066911 134525 40
CPU9 44.401333 134486 sgemm sgemm CUDA0 1.326638 134526 40
CPU19 44.453521 134487 sgemm sgemm CUDA2 1.068203 134527 40
CPU8 44.693708 134488 sgemm sgemm CUDA0 1.068945 134528 40
CPU6 45.000406 134489 sgemm sgemm CUDA0 1.070902 134529 40
CPU1 44.718669 134490 sgemm sgemm CUDA0 1.062920 134530 40
CPU16 44.018565 134491 sgemm sgemm CUDA1 1.068044 134531 40
CPU1 44.429831 134492 sgemm sgemm CUDA1 1.070884 134532 40
CPU3 44.618276 134493 sgemm sgemm CUDA1 1.064703 134533 40
CPU18 45.096439 134494 sgemm sgemm CUDA1 12.193311 134534 40
CPU17 44.457344 134495 sgemm sgemm CUDA1 0.085011 134535 40
CPU18 44.238066 134496 sgemm sgemm CUDA1 1.624814 134536 40
CPU0 45.218968 134497 sgemm sgemm CUDA2 1.255333 134537 40
CPU5 44.638939 134501 sgemm sgemm CUDA2 1.374054 134541 40
CPU7 44.602807 134502 sgemm sgemm CUDA2 1.260791 134542 40
CPU14 44.281301 134503 sgemm sgemm CUDA2 1.074925 134543 40
CPU6 44.554840 134504 sgemm sgemm CUDA2 1.258652 134544 40
CPU2 44.430426 134505 sgemm sgemm CUDA1 1.323899 134545 40
CPU18 44.249514 134506 sgemm sgemm CUDA2 1.073471 134546 40
CPU15 44.243309 134507 sgemm sgemm CUDA3 1.072264 134547 40
CPU17 44.268081 134508 sgemm sgemm CUDA3 1.066824 134548 40
CPU16 44.404029 134509 sgemm sgemm CUDA1 1.070257 134549 40
CPU1 44.521691 134510 sgemm sgemm CUDA2 1.257063 134550 40
CPU4 44.581420 134511 sgemm sgemm CUDA3 1.073408 134551 40
CPU5 44.656496 134512 sgemm sgemm CUDA2 1.258226 134552 40
CPU11 44.406795 134513 sgemm sgemm CUDA3 1.066979 134553 40
CPU5 44.591192 134514 sgemm sgemm CUDA1 1.273634 134554 40
CPU19 44.406366 134515 sgemm sgemm CUDA2 1.254983 134555 40
CPU1 44.387566 134516 sgemm sgemm CUDA3 1.072372 134556 40
CPU6 44.433134 134517 sgemm sgemm CUDA0 1.245032 134557 40
CPU2 44.362338 134518 sgemm sgemm CUDA0 9.018794 134558 40
CPU14 44.397706 134519 sgemm sgemm CUDA3 1.260204 134559 40
CPU9 44.116612 134520 sgemm sgemm CUDA1 1.261012 134560 40
CPU6 44.721725 134521 sgemm sgemm CUDA1 1.068718 134561 40
CPU18 44.401318 134522 sgemm sgemm CUDA3 1.260513 134562 40
CPU8 44.325633 134523 sgemm sgemm CUDA1 1.257210 134563 40
CPU16 44.650338 134524 sgemm sgemm CUDA3 1.258090 134564 40
CPU9 44.638057 134525 sgemm sgemm CUDA0 0.051843 134565 40
CPU8 44.422862 134529 sgemm sgemm CUDA2 0.052799 134569 40
CPU7 44.633140 134530 sgemm sgemm CUDA3 1.279035 134570 40
CPU14 44.541991 134531 sgemm sgemm CUDA3 1.344663 134571 40
CPU6 44.261903 134532 sgemm sgemm CUDA3 1.262971 134572 40
CPU9 44.184696 134533 sgemm sgemm CUDA3 1.264493 134573 40
CPU18 44.511146 134534 sgemm sgemm CUDA2 1.367824 134574 40
CPU16 44.518758 134535 sgemm sgemm CUDA3 1.261006 134575 40
CPU18 44.383623 134536 sgemm sgemm CUDA3 1.064873 134576 40
CPU18 44.448946 134537 sgemm sgemm CUDA3 1.260271 134577 40
CPU0 44.563859 134538 sgemm sgemm CUDA3 12.806488 134578 40
CPU11 44.557771 134539 sgemm sgemm CUDA3 0.063437 134579 40
CPU11 44.584658 134540 sgemm sgemm CUDA2 1.263105 134580 40
CPU11 44.660868 134541 sgemm sgemm CUDA3 1.366749 134581 40
CPU9 44.329414 134542 sgemm sgemm CUDA0 1.291833 134582 40
CPU11 44.504327 134543 sgemm sgemm CUDA0 1.263201 134583 40
CPU7 44.343990 134544 sgemm sgemm CUDA0 1.074349 134584 40
CPU7 44.342484 134545 sgemm sgemm CUDA1 1.199821 134585 40
CPU10 44.640537 134546 sgemm sgemm CUDA0 1.260403 134586 40
CPU8 44.222517 134547 sgemm sgemm CUDA1 1.258059 134587 40
CPU2 44.297875 134548 sgemm sgemm CUDA0 1.255703 134588 40
CPU5 44.460852 134549 sgemm sgemm CUDA0 1.250910 134589 40
CPU4 44.366306 134550 sgemm sgemm CUDA3 1.079698 134590 40
CPU10 44.568110 134551 sgemm sgemm CUDA1 1.261208 134591 40
CPU3 44.269600 134552 sgemm sgemm CUDA3 1.068786 134592 40
CPU1 45.610335 134553 sgemm sgemm CUDA2 1.088549 134593 40
CPU0 44.828071 134557 sgemm sgemm CUDA0 1.157676 134597 40
CPU8 44.548530 134558 sgemm sgemm CUDA3 1.238720 134598 40
CPU14 44.433188 134559 sgemm sgemm CUDA3 1.086827 134599 40
CPU6 44.642543 134560 sgemm sgemm CUDA3 1.276494 134600 40
CPU9 44.503528 134561 sgemm sgemm CUDA3 1.073862 134601 40
CPU18 44.432028 134562 sgemm sgemm CUDA0 1.281377 134602 40
CPU16 44.659815 134563 sgemm sgemm CUDA3 1.263513 134603 40
CPU17 44.547765 134564 sgemm sgemm CUDA3 1.065062 134604 40
CPU17 44.680768 134565 sgemm sgemm CUDA3 1.065758 134605 40
CPU4 44.387875 134566 sgemm sgemm CUDA3 1.263132 134606 40
CPU2 44.230386 134567 sgemm sgemm CUDA3 1.071725 134607 40
CPU3 44.605692 134568 sgemm sgemm CUDA3 1.067183 134608 40
CPU11 44.383808 134569 sgemm sgemm CUDA3 1.260125 134609 40
CPU8 44.004663 134570 sgemm sgemm CUDA0 1.267734 134610 40
CPU19 44.549398 134571 sgemm sgemm CUDA0 1.294401 134611 40
CPU6 44.343954 134572 sgemm sgemm CUDA2 1.264925 134612 40
CPU2 44.661126 134573 sgemm sgemm CUDA0 1.269354 134613 40
CPU12 45.186607 134574 sgemm sgemm CUDA2 1.259458 134614 40
CPU5 44.430174 134575 sgemm sgemm CUDA1 1.332321 134615 40
CPU0 44.639489 134576 sgemm sgemm CUDA0 1.318291 134616 40
CPU5 44.612059 134577 sgemm sgemm CUDA1 1.279080 134617 40
CPU3 44.515082 134578 sgemm sgemm CUDA3 1.252435 134618 40
CPU8 44.906240 134579 sgemm sgemm CUDA0 1.079337 134619 40
CPU17 44.224962 134580 sgemm sgemm CUDA1 1.086428 134620 40
CPU2 44.832278 134581 sgemm sgemm CUDA2 1.256081 134621 40
CPU0 44.753948 134585 sgemm sgemm CUDA2 1.300955 134625 40
CPU8 44.519961 134586 sgemm sgemm CUDA2 1.258588 134626 40
CPU14 44.480942 134587 sgemm sgemm CUDA2 1.057879 134627 40
CPU6 44.923119 134588 sgemm sgemm CUDA2 1.256838 134628 40
CPU5 44.861585 134589 sgemm sgemm CUDA1 1.262412 134629 40
CPU18 44.226122 134590 sgemm sgemm CUDA2 1.257828 134630 40
CPU16 44.405959 134591 sgemm sgemm CUDA2 1.258961 134631 40
CPU19 44.560116 134592 sgemm sgemm CUDA1 1.072682 134632 40
CPU17 44.352320 134593 sgemm sgemm CUDA1 1.068672 134633 40
CPU0 44.817066 134594 sgemm sgemm CUDA1 12.300195 134634 40
CPU8 44.239658 134595 sgemm sgemm CUDA3 16.791677 134635 40
CPU11 44.482927 134596 sgemm sgemm CUDA2 1.258719 134636 40
CPU10 44.526309 134597 sgemm sgemm CUDA1 0.040028 134637 40
CPU0 45.006344 134598 sgemm sgemm CUDA1 1.315282 134638 40
CPU19 44.443394 134599 sgemm sgemm CUDA0 12.572136 134639 40
CPU2 44.404511 134600 sgemm sgemm CUDA0 0.045427 134640 40
CPU1 44.660418 134601 sgemm sgemm CUDA1 1.254452 134641 40
CPU4 44.717710 134602 sgemm sgemm CUDA0 1.300080 134642 40
CPU17 44.472970 134603 sgemm sgemm CUDA1 1.065196 134643 40
CPU1 45.007489 134604 sgemm sgemm CUDA0 1.256095 134644 40
CPU4 44.471346 134605 sgemm sgemm CUDA3 0.040375 134645 40
CPU5 44.815718 134606 sgemm sgemm CUDA3 1.406649 134646 40
CPU7 44.857611 134607 sgemm sgemm CUDA0 1.257609 134647 40
CPU18 44.438533 134608 sgemm sgemm CUDA3 7.910234 134648 40
CPU0 45.323014 134609 sgemm sgemm CUDA0 1.071974 134649 40
CPU4 44.716654 134613 sgemm sgemm CUDA2 1.286227 134653 40
CPU8 44.664524 134614 sgemm sgemm CUDA2 1.265800 134654 40
CPU14 44.378112 134615 sgemm sgemm CUDA2 1.260488 134655 40
CPU6 44.702541 134616 sgemm sgemm CUDA2 1.073316 134656 40
CPU9 44.558640 134617 sgemm sgemm CUDA1 1.175920 134657 40
CPU18 44.257535 134618 sgemm sgemm CUDA1 13.161131 134658 40
CPU16 44.310885 134619 sgemm sgemm CUDA2 1.255166 134659 40
CPU17 44.279945 134620 sgemm sgemm CUDA1 12.077363 134660 40
CPU17 44.193930 134621 sgemm sgemm CUDA1 1.408140 134661 40
CPU9 44.599999 134622 sgemm sgemm CUDA1 1.082130 134662 40
CPU3 44.480540 134623 sgemm sgemm CUDA3 0.147750 134663 40
CPU0 44.662838 134624 sgemm sgemm CUDA3 12.269106 134664 40
CPU11 44.621345 134625 sgemm sgemm CUDA2 1.263171 134665 40
CPU7 44.710828 134626 sgemm sgemm CUDA0 0.051807 134666 40
CPU17 44.509025 134627 sgemm sgemm CUDA0 1.346163 134667 40
CPU3 44.482869 134628 sgemm sgemm CUDA3 0.043847 134668 40
CPU3 44.449165 134629 sgemm sgemm CUDA0 1.076671 134669 40
CPU2 44.507825 134630 sgemm sgemm CUDA2 1.261638 134670 40
CPU19 44.472867 134631 sgemm sgemm CUDA3 1.312623 134671 40
CPU7 44.793769 134632 sgemm sgemm CUDA0 1.066421 134672 40
CPU3 44.664868 134633 sgemm sgemm CUDA3 1.259448 134673 40
CPU4 44.604050 134634 sgemm sgemm CUDA3 1.066484 134674 40
CPU7 45.329081 134635 sgemm sgemm CUDA0 8.081846 134675 40
CPU18 44.464598 134636 sgemm sgemm CUDA1 1.070279 134676 40
CPU1 44.843919 134637 sgemm sgemm CUDA1 1.081090 134677 40
CPU0 44.748044 134641 sgemm sgemm CUDA2 1.018201 134681 40
CPU7 44.680455 134642 sgemm sgemm CUDA2 1.259318 134682 40
CPU14 44.375810 134643 sgemm sgemm CUDA2 1.262302 134683 40
CPU6 44.892624 134644 sgemm sgemm CUDA2 1.256917 134684 40
CPU1 44.601476 134645 sgemm sgemm CUDA3 1.011742 134685 40
CPU18 44.437561 134646 sgemm sgemm CUDA2 1.067328 134686 40
CPU16 44.345996 134647 sgemm sgemm CUDA2 1.069914 134687 40
CPU18 44.327210 134648 sgemm sgemm CUDA2 12.048052 134688 40
CPU19 44.466322 134649 sgemm sgemm CUDA2 0.482791 134689 40
CPU8 44.644390 134650 sgemm sgemm CUDA2 1.074736 134690 40
CPU0 44.638980 134651 sgemm sgemm CUDA0 0.048413 134691 40
CPU9 44.663346 134652 sgemm sgemm CUDA0 1.300890 134692 40
CPU11 44.642717 134653 sgemm sgemm CUDA0 1.073118 134693 40
CPU6 44.722360 134654 sgemm sgemm CUDA0 1.072006 134694 40
CPU19 44.435529 134655 sgemm sgemm CUDA0 1.067568 134695 40
CPU5 44.660868 134656 sgemm sgemm CUDA0 1.262359 134696 40
CPU5 44.800979 134657 sgemm sgemm CUDA0 1.069542 134697 40
CPU6 44.658857 134658 sgemm sgemm CUDA3 1.255821 134698 40
CPU10 44.313200 134659 sgemm sgemm CUDA3 1.066100 134699 40
CPU8 44.782200 134660 sgemm sgemm CUDA0 1.256773 134700 40
CPU6 44.608722 134661 sgemm sgemm CUDA3 1.256825 134701 40
CPU5 44.510320 134662 sgemm sgemm CUDA3 1.256514 134702 40
CPU8 45.324309 134663 sgemm sgemm CUDA0 1.067282 134703 40
CPU16 45.574193 134664 sgemm sgemm CUDA3 13.184661 134704 40
CPU2 44.890879 134665 sgemm sgemm CUDA0 1.077740 134705 40
CPU3 44.305826 134669 sgemm sgemm CUDA2 0.100169 134709 40
CPU7 44.872433 134670 sgemm sgemm CUDA2 1.265465 134710 40
CPU14 44.338468 134671 sgemm sgemm CUDA2 1.075881 134711 40
CPU6 44.851590 134672 sgemm sgemm CUDA3 0.048078 134712 40
CPU4 44.860022 134673 sgemm sgemm CUDA3 1.292628 134713 40
CPU18 44.120559 134674 sgemm sgemm CUDA2 1.261378 134714 40
CPU15 44.178347 134675 sgemm sgemm CUDA2 1.256743 134715 40
CPU17 44.279535 134676 sgemm sgemm CUDA3 1.257949 134716 40
CPU19 45.032877 134677 sgemm sgemm CUDA2 1.259750 134717 40
CPU3 44.425238 134678 sgemm sgemm CUDA2 6.012627 134718 40
CPU10 44.567990 134679 sgemm sgemm CUDA3 1.063914 134719 40
CPU11 44.462992 134680 sgemm sgemm CUDA2 0.041005 134720 40
CPU11 44.526422 134681 sgemm sgemm CUDA3 1.069017 134721 40
CPU3 44.733045 134682 sgemm sgemm CUDA0 1.075919 134722 40
CPU19 44.422692 134683 sgemm sgemm CUDA0 1.073773 134723 40
CPU0 44.865459 134684 sgemm sgemm CUDA0 1.265444 134724 40
CPU6 45.393944 134685 sgemm sgemm CUDA0 1.072827 134725 40
CPU1 44.579137 134686 sgemm sgemm CUDA0 4.742982 134726 40
CPU11 44.128297 134687 sgemm sgemm CUDA3 1.262649 134727 40
CPU9 44.989297 134688 sgemm sgemm CUDA0 0.048358 134728 40
CPU4 44.927150 134689 sgemm sgemm CUDA3 1.257741 134729 40
CPU3 44.626967 134690 sgemm sgemm CUDA3 1.266343 134730 40
CPU8 45.410210 134691 sgemm sgemm CUDA0 1.324780 134731 40
CPU17 44.672964 134692 sgemm sgemm CUDA3 1.263150 134732 40
CPU9 44.852422 134693 sgemm sgemm CUDA2 1.289863 134733 40
CPU1 44.293626 134697 sgemm sgemm CUDA2 0.040571 134737 40
CPU7 44.501200 134698 sgemm sgemm CUDA2 1.240442 134738 40
CPU14 44.497442 134699 sgemm sgemm CUDA2 1.013837 134739 40
CPU6 44.667595 134700 sgemm sgemm CUDA1 1.070384 134740 40
CPU2 44.501056 134701 sgemm sgemm CUDA1 1.009054 134741 40
CPU18 44.298838 134702 sgemm sgemm CUDA2 1.014017 134742 40
CPU15 44.249342 134703 sgemm sgemm CUDA3 1.321367 134743 40
CPU17 44.459529 134704 sgemm sgemm CUDA3 1.214902 134744 40
CPU16 44.475947 134705 sgemm sgemm CUDA2 8.414447 134745 40
CPU6 44.424552 134706 sgemm sgemm CUDA1 1.197948 134746 40
CPU10 44.627163 134707 sgemm sgemm CUDA0 1.256862 134747 40
CPU1 44.663358 134708 sgemm sgemm CUDA0 1.066740 134748 40
CPU10 44.836878 134709 sgemm sgemm CUDA3 1.011197 134749 40
CPU4 44.817716 134710 sgemm sgemm CUDA1 1.258276 134750 40
CPU18 44.373214 134711 sgemm sgemm CUDA2 1.248959 134751 40
CPU9 44.145089 134712 sgemm sgemm CUDA0 1.253072 134752 40
CPU0 44.586490 134713 sgemm sgemm CUDA1 1.011558 134753 40
CPU8 44.512893 134714 sgemm sgemm CUDA1 1.015079 134754 40
CPU17 44.470393 134715 sgemm sgemm CUDA1 1.012915 134755 40
CPU1 45.030519 134716 sgemm sgemm CUDA2 1.004192 134756 40
CPU6 44.696056 134717 sgemm sgemm CUDA0 1.009626 134757 40
CPU3 44.351482 134718 sgemm sgemm CUDA0 1.256001 134758 40
CPU7 44.984789 134719 sgemm sgemm CUDA1 24.255562 134759 40
CPU18 44.571084 134720 sgemm sgemm CUDA1 0.072316 134760 40
CPU1 44.829772 134721 sgemm sgemm CUDA1 1.327252 134761 40
CPU7 44.311330 134725 sgemm sgemm CUDA0 1.402365 134765 40
CPU8 44.412913 134726 sgemm sgemm CUDA1 1.301286 134766 40
CPU14 44.692370 134727 sgemm sgemm CUDA1 1.261746 134767 40
CPU6 44.579523 134728 sgemm sgemm CUDA1 1.260579 134768 40
CPU9 44.252962 134729 sgemm sgemm CUDA0 1.267073 134769 40
CPU18 44.352911 134730 sgemm sgemm CUDA1 1.256359 134770 40
CPU16 44.574248 134731 sgemm sgemm CUDA3 1.261150 134771 40
CPU17 44.577048 134732 sgemm sgemm CUDA1 1.070666 134772 40
CPU18 44.480825 134733 sgemm sgemm CUDA1 1.065628 134773 40
CPU4 44.114024 134734 sgemm sgemm CUDA3 1.260447 134774 40
CPU1 44.145738 134735 sgemm sgemm CUDA3 1.069860 134775 40
CPU11 44.544190 134736 sgemm sgemm CUDA2 1.076078 134776 40
CPU11 44.561354 134737 sgemm sgemm CUDA0 1.264432 134777 40
CPU6 44.440011 134738 sgemm sgemm CUDA1 1.258484 134778 40
CPU19 44.643206 134739 sgemm sgemm CUDA0 1.066048 134779 40
CPU5 44.336493 134740 sgemm sgemm CUDA0 1.258005 134780 40
CPU8 44.515972 134741 sgemm sgemm CUDA1 1.262287 134781 40
CPU12 44.798677 134742 sgemm sgemm CUDA2 1.259743 134782 40
CPU18 44.398730 134743 sgemm sgemm CUDA3 13.125608 134783 40
CPU0 44.396142 134744 sgemm sgemm CUDA2 1.066041 134784 40
CPU5 44.615536 134745 sgemm sgemm CUDA3 0.200360 134785 40
CPU4 44.189232 134746 sgemm sgemm CUDA1 1.067824 134786 40
CPU7 44.875012 134747 sgemm sgemm CUDA0 1.074061 134787 40
CPU18 44.541721 134748 sgemm sgemm CUDA2 1.070858 134788 40
CPU4 44.285873 134749 sgemm sgemm CUDA2 12.848431 134789 40
CPU0 33.366487 134755 strsm strsm CUDA3 3.049995 134795 40
CPU9 32.173021 134759 strsm strsm CUDA3 3.205071 134799 40
CPU14 31.717938 134763 strsm strsm CUDA2 2.624005 134803 40
CPU6 32.560876 134767 strsm strsm CUDA2 2.699591 134807 40
CPU8 32.152252 134771 strsm strsm CUDA1 2.721430 134811 40
CPU18 31.997205 134775 strsm strsm CUDA2 6.824980 134815 40
CPU16 31.614637 134779 strsm strsm CUDA2 1.728054 134819 40
CPU17 31.816617 134783 strsm strsm CUDA3 2.021750 134823 40
CPU16 31.543410 134787 strsm strsm CUDA3 1.559798 134827 40
CPU0 31.966992 134791 strsm strsm CUDA2 0.173948 134831 40
CPU5 32.377731 134795 strsm strsm CUDA3 2.726114 134835 40
CPU11 32.416092 134799 strsm strsm CUDA0 14.087683 134839 40
CPU17 32.449803 134803 strsm strsm CUDA1 15.695904 134843 40
CPU17 31.696366 134807 strsm strsm CUDA1 2.584443 134847 40
CPU3 31.998103 134811 strsm strsm CUDA2 0.513339 134851 40
CPU13 32.280448 134815 strsm strsm CUDA2 6.549274 134855 40
CPU8 32.237963 134819 strsm strsm CUDA0 0.178974 134859 40
CPU9 32.214165 134823 strsm strsm CUDA0 2.889993 134863 40
CPU6 32.536926 134827 strsm strsm CUDA0 3.214159 134867 40
CPU11 31.569238 134831 strsm strsm CUDA1 2.112310 134871 40
CPU17 31.845595 134835 strsm strsm CUDA3 0.180439 134875 40
CPU1 32.581470 134839 strsm strsm CUDA1 0.247352 134879 40
CPU11 32.412717 134843 strsm strsm CUDA0 2.135481 134883 40
CPU13 32.196455 134847 strsm strsm CUDA1 2.963826 134887 40
CPU10 31.832634 134851 strsm strsm CUDA0 2.080139 134891 40
CPU10 15.098404 134855 strtri strtri CPU -1 134895 40
CPU1 30.701956 134857 strsm strsm CUDA0 2.708569 134897 40
CPU6 30.819205 134859 strsm strsm CUDA1 12.375257 134899 40
CPU14 31.084297 134861 strsm strsm CUDA1 8.004921 134901 40
CPU9 30.890756 134863 strsm strsm CUDA0 2.964767 134903 40
CPU7 31.856538 134865 strsm strsm CUDA1 2.857214 134905 40
CPU6 32.084552 134867 strsm strsm CUDA1 2.932164 134907 40
CPU0 31.418473 134869 strsm strsm CUDA0 12.767415 134909 40
CPU6 31.278022 134871 strsm strsm CUDA0 3.029537 134911 40
CPU4 30.929309 134873 strsm strsm CUDA0 2.803272 134913 40
CPU0 31.196293 134875 strsm strsm CUDA1 2.791279 134915 40
CPU7 30.771077 134877 strsm strsm CUDA1 2.660648 134917 40
CPU0 31.694109 134879 strsm strsm CUDA0 0.871312 134919 40
CPU6 31.298423 134881 strsm strsm CUDA0 2.979128 134921 40
CPU19 30.856753 134883 strsm strsm CUDA0 2.862351 134923 40
CPU10 30.922134 134885 strsm strsm CUDA1 2.898548 134925 40
CPU19 31.906780 134887 strsm strsm CUDA0 2.992973 134927 40
CPU15 30.522882 134889 strsm strsm CUDA2 2.889336 134929 40
CPU5 30.337775 134891 strsm strsm CUDA2 2.744782 134931 40
CPU10 30.964714 134893 strsm strsm CUDA1 0.047338 134933 40
CPU19 31.102846 134895 strsm strsm CUDA2 2.866643 134935 40
CPU9 30.498685 134897 strsm strsm CUDA2 2.878052 134937 40
CPU19 31.028098 134899 strsm strsm CUDA2 11.795424 134939 40
CPU9 30.392766 134901 strsm strsm CUDA2 1.096564 134941 40
CPU9 44.523265 134903 sgemm sgemm CUDA0 1.218023 134943 40
CPU8 44.385558 134904 sgemm sgemm CUDA1 0.048923 134944 40
CPU14 44.451475 134905 sgemm sgemm CUDA1 1.317984 134945 40
CPU6 44.500118 134906 sgemm sgemm CUDA1 1.232595 134946 40
CPU9 44.308353 134907 sgemm sgemm CUDA1 1.223486 134947 40
CPU18 44.180283 134908 sgemm sgemm CUDA1 7.740254 134948 40
CPU15 44.618654 134909 sgemm sgemm CUDA3 1.040479 134949 40
CPU18 44.491923 134910 sgemm sgemm CUDA3 1.496867 134950 40
CPU19 44.544810 134911 sgemm sgemm CUDA3 1.235296 134951 40
CPU5 44.324449 134912 sgemm sgemm CUDA2 1.286775 134952 40
CPU7 44.332470 134913 sgemm sgemm CUDA3 1.049348 134953 40
CPU8 44.537413 134914 sgemm sgemm CUDA3 1.235471 134954 40
CPU10 44.833203 134915 sgemm sgemm CUDA2 7.594899 134955 40
CPU5 44.112379 134916 sgemm sgemm CUDA1 0.060873 134956 40
CPU17 44.471929 134917 sgemm sgemm CUDA2 0.065971 134957 40
CPU0 44.595130 134918 sgemm sgemm CUDA2 1.312177 134958 40
CPU12 44.402028 134919 sgemm sgemm CUDA0 1.218368 134959 40
CPU10 44.655211 134920 sgemm sgemm CUDA0 1.033788 134960 40
CPU10 44.949943 134921 sgemm sgemm CUDA0 1.010072 134961 40
CPU2 43.924017 134922 sgemm sgemm CUDA1 1.323539 134962 40
CPU16 44.496841 134923 sgemm sgemm CUDA0 1.237266 134963 40
CPU11 44.661099 134924 sgemm sgemm CUDA3 1.239569 134964 40
CPU12 44.848786 134925 sgemm sgemm CUDA1 1.234600 134965 40
CPU12 44.538150 134926 sgemm sgemm CUDA3 1.048210 134966 40
CPU12 44.584773 134927 sgemm sgemm CUDA2 1.234364 134967 40
CPU12 44.497348 134928 sgemm sgemm CUDA3 1.237294 134968 40
CPU8 44.489297 134932 sgemm sgemm CUDA2 1.369521 134972 40
CPU7 44.481756 134933 sgemm sgemm CUDA1 0.391683 134973 40
CPU14 44.602897 134934 sgemm sgemm CUDA1 11.926330 134974 40
CPU6 44.329846 134935 sgemm sgemm CUDA1 0.061783 134975 40
CPU4 44.668651 134936 sgemm sgemm CUDA1 1.246198 134976 40
CPU9 44.358899 134937 sgemm sgemm CUDA1 0.994635 134977 40
CPU16 44.561406 134938 sgemm sgemm CUDA3 1.019046 134978 40
CPU17 44.800574 134939 sgemm sgemm CUDA3 1.372321 134979 40
CPU18 44.624511 134940 sgemm sgemm CUDA2 1.199043 134980 40
CPU1 44.370827 134941 sgemm sgemm CUDA2 1.008213 134981 40
CPU2 44.290960 134942 sgemm sgemm CUDA3 1.023691 134982 40
CPU4 44.598955 134943 sgemm sgemm CUDA3 1.210079 134983 40
CPU11 44.516644 134944 sgemm sgemm CUDA3 1.023706 134984 40
CPU4 44.524761 134945 sgemm sgemm CUDA1 1.009942 134985 40
CPU19 44.682044 134946 sgemm sgemm CUDA2 1.012148 134986 40
CPU8 44.065205 134947 sgemm sgemm CUDA2 1.011759 134987 40
CPU9 44.408825 134948 sgemm sgemm CUDA0 1.261391 134988 40
CPU9 44.397765 134949 sgemm sgemm CUDA0 1.200199 134989 40
CPU19 44.718099 134950 sgemm sgemm CUDA0 1.204125 134990 40
CPU0 44.167235 134951 sgemm sgemm CUDA1 1.024059 134991 40
CPU4 44.667607 134952 sgemm sgemm CUDA0 1.204102 134992 40
CPU0 44.304363 134953 sgemm sgemm CUDA3 1.012481 134993 40
CPU16 44.730129 134954 sgemm sgemm CUDA3 1.203485 134994 40
CPU18 44.300867 134955 sgemm sgemm CUDA3 1.203227 134995 40
CPU6 44.750360 134956 sgemm sgemm CUDA3 1.204106 134996 40
CPU0 44.399755 134957 sgemm sgemm CUDA3 1.205614 134997 40
CPU5 44.664115 134961 sgemm sgemm CUDA1 1.221835 135001 40
CPU8 44.572542 134962 sgemm sgemm CUDA1 1.261795 135002 40
CPU14 44.441319 134963 sgemm sgemm CUDA1 1.067279 135003 40
CPU6 44.747964 134964 sgemm sgemm CUDA1 1.260355 135004 40
CPU9 44.477646 134965 sgemm sgemm CUDA1 1.069117 135005 40
CPU4 44.716316 134966 sgemm sgemm CUDA1 1.255580 135006 40
CPU16 44.437628 134967 sgemm sgemm CUDA3 1.240214 135007 40
CPU16 44.391603 134968 sgemm sgemm CUDA3 12.771631 135008 40
CPU19 44.664828 134969 sgemm sgemm CUDA3 0.040101 135009 40
CPU2 44.514482 134970 sgemm sgemm CUDA2 1.027079 135010 40
CPU9 44.468078 134971 sgemm sgemm CUDA3 1.304871 135011 40
CPU11 44.323283 134972 sgemm sgemm CUDA3 1.264870 135012 40
CPU7 44.741479 134973 sgemm sgemm CUDA2 1.062552 135013 40
CPU7 44.925362 134974 sgemm sgemm CUDA1 1.070256 135014 40
CPU18 44.367702 134975 sgemm sgemm CUDA2 1.262777 135015 40
CPU6 44.658818 134976 sgemm sgemm CUDA2 1.069189 135016 40
CPU12 44.378038 134977 sgemm sgemm CUDA0 0.067444 135017 40
CPU11 44.740200 134978 sgemm sgemm CUDA0 1.332520 135018 40
CPU19 44.515931 134979 sgemm sgemm CUDA0 1.067944 135019 40
CPU12 44.591966 134980 sgemm sgemm CUDA1 1.067658 135020 40
CPU17 44.474544 134981 sgemm sgemm CUDA0 1.260078 135021 40
CPU11 44.517542 134982 sgemm sgemm CUDA3 1.260708 135022 40
CPU11 44.431078 134983 sgemm sgemm CUDA3 1.067888 135023 40
CPU11 44.195379 134984 sgemm sgemm CUDA2 1.069076 135024 40
CPU10 44.506011 134985 sgemm sgemm CUDA3 1.260441 135025 40
CPU4 44.591062 134986 sgemm sgemm CUDA0 1.260223 135026 40
CPU3 44.735100 134990 sgemm sgemm CUDA0 0.247514 135030 40
CPU9 44.760542 134991 sgemm sgemm CUDA1 1.256895 135031 40
CPU14 44.447851 134992 sgemm sgemm CUDA1 1.066704 135032 40
CPU6 44.805677 134993 sgemm sgemm CUDA1 1.068881 135033 40
CPU0 44.853204 134994 sgemm sgemm CUDA1 1.263303 135034 40
CPU18 43.990802 134995 sgemm sgemm CUDA1 1.069518 135035 40
CPU15 44.565899 134996 sgemm sgemm CUDA3 0.146251 135036 40
CPU18 44.500400 134997 sgemm sgemm CUDA3 1.303327 135037 40
CPU18 44.231854 134998 sgemm sgemm CUDA3 10.521695 135038 40
CPU0 44.994790 134999 sgemm sgemm CUDA2 1.255979 135039 40
CPU3 44.587961 135000 sgemm sgemm CUDA3 0.045173 135040 40
CPU12 44.691931 135001 sgemm sgemm CUDA2 1.261840 135041 40
CPU15 44.368043 135002 sgemm sgemm CUDA2 1.067550 135042 40
CPU8 44.524760 135003 sgemm sgemm CUDA1 1.253832 135043 40
CPU19 44.551713 135004 sgemm sgemm CUDA2 1.261097 135044 40
CPU12 44.519830 135005 sgemm sgemm CUDA2 1.254480 135045 40
CPU8 44.870582 135006 sgemm sgemm CUDA0 1.228124 135046 40
CPU11 44.376501 135007 sgemm sgemm CUDA0 13.639296 135047 40
CPU10 44.391326 135008 sgemm sgemm CUDA0 1.384123 135048 40
CPU10 44.623125 135009 sgemm sgemm CUDA1 1.068323 135049 40
CPU10 44.312620 135010 sgemm sgemm CUDA0 10.375392 135050 40
CPU13 44.526964 135011 sgemm sgemm CUDA3 1.320479 135051 40
CPU13 44.476792 135012 sgemm sgemm CUDA3 1.255705 135052 40
CPU13 44.497194 135013 sgemm sgemm CUDA3 1.067883 135053 40
CPU12 44.321348 135014 sgemm sgemm CUDA3 1.069627 135054 40
CPU13 44.539212 135015 sgemm sgemm CUDA3 1.065954 135055 40
CPU2 44.599415 135019 sgemm sgemm CUDA1 1.063735 135059 40
CPU8 44.552044 135020 sgemm sgemm CUDA1 1.063775 135060 40
CPU14 44.366764 135021 sgemm sgemm CUDA1 1.257769 135061 40
CPU6 44.907397 135022 sgemm sgemm CUDA1 1.259752 135062 40
CPU9 44.573769 135023 sgemm sgemm CUDA1 1.069673 135063 40
CPU18 44.286354 135024 sgemm sgemm CUDA1 12.144392 135064 40
CPU15 44.482192 135025 sgemm sgemm CUDA3 1.073328 135065 40
CPU18 44.436169 135026 sgemm sgemm CUDA3 1.071150 135066 40
CPU18 44.387928 135027 sgemm sgemm CUDA2 1.257072 135067 40
CPU9 44.678396 135028 sgemm sgemm CUDA2 1.068849 135068 40
CPU8 44.487549 135029 sgemm sgemm CUDA3 1.308741 135069 40
CPU8 44.462083 135030 sgemm sgemm CUDA2 0.040802 135070 40
CPU9 44.767381 135031 sgemm sgemm CUDA2 1.069027 135071 40
CPU16 44.423496 135032 sgemm sgemm CUDA1 0.040080 135072 40
CPU19 44.576321 135033 sgemm sgemm CUDA2 1.261432 135073 40
CPU7 44.836787 135034 sgemm sgemm CUDA0 1.067424 135074 40
CPU10 44.536049 135035 sgemm sgemm CUDA0 1.066071 135075 40
CPU15 44.425490 135036 sgemm sgemm CUDA0 1.257996 135076 40
CPU18 44.364528 135037 sgemm sgemm CUDA0 1.072811 135077 40
CPU12 44.629082 135038 sgemm sgemm CUDA1 1.069672 135078 40
CPU11 44.243063 135039 sgemm sgemm CUDA0 1.257110 135079 40
CPU13 44.938506 135040 sgemm sgemm CUDA3 1.259315 135080 40
CPU10 44.770582 135041 sgemm sgemm CUDA3 1.255004 135081 40
CPU13 44.554594 135042 sgemm sgemm CUDA3 1.066200 135082 40
CPU13 44.508064 135043 sgemm sgemm CUDA3 1.059983 135083 40
CPU13 44.554208 135044 sgemm sgemm CUDA0 1.317142 135084 40
CPU3 44.682285 135048 sgemm sgemm CUDA2 13.119172 135088 40
CPU7 44.831454 135049 sgemm sgemm CUDA2 0.040435 135089 40
CPU14 44.272483 135050 sgemm sgemm CUDA1 1.289252 135090 40
CPU6 44.805414 135051 sgemm sgemm CUDA2 1.309498 135091 40
CPU2 44.692414 135052 sgemm sgemm CUDA1 17.936285 135092 40
CPU8 44.708759 135053 sgemm sgemm CUDA2 10.630251 135093 40
CPU16 44.417673 135054 sgemm sgemm CUDA2 0.047000 135094 40
CPU17 44.350741 135055 sgemm sgemm CUDA3 1.263986 135095 40
CPU19 44.703742 135056 sgemm sgemm CUDA2 1.378307 135096 40
CPU8 44.133924 135057 sgemm sgemm CUDA2 1.070251 135097 40
CPU7 45.375450 135058 sgemm sgemm CUDA3 10.489346 135098 40
CPU2 44.979214 135059 sgemm sgemm CUDA3 0.063620 135099 40
CPU11 44.328197 135060 sgemm sgemm CUDA2 1.259465 135100 40
CPU3 44.593822 135061 sgemm sgemm CUDA1 1.363326 135101 40
CPU18 44.349905 135062 sgemm sgemm CUDA2 1.258533 135102 40
CPU3 44.528285 135063 sgemm sgemm CUDA0 10.171429 135103 40
CPU12 44.369564 135064 sgemm sgemm CUDA0 0.061778 135104 40
CPU8 44.397718 135065 sgemm sgemm CUDA0 1.454297 135105 40
CPU12 44.601987 135066 sgemm sgemm CUDA0 1.257860 135106 40
CPU2 44.413564 135067 sgemm sgemm CUDA1 10.474692 135107 40
CPU19 44.330468 135068 sgemm sgemm CUDA0 1.069572 135108 40
CPU19 44.494550 135069 sgemm sgemm CUDA3 1.332643 135109 40
CPU18 44.228671 135070 sgemm sgemm CUDA1 0.044735 135110 40
CPU19 44.387351 135071 sgemm sgemm CUDA3 1.067832 135111 40
CPU16 43.853966 135072 sgemm sgemm CUDA2 1.074948 135112 40
CPU15 44.523338 135073 sgemm sgemm CUDA3 1.260557 135113 40
CPU7 44.695134 135077 sgemm sgemm CUDA0 1.277289 135117 40
CPU8 44.418490 135078 sgemm sgemm CUDA2 1.146764 135118 40
CPU14 44.380791 135079 sgemm sgemm CUDA2 12.752175 135119 40
CPU6 44.847304 135080 sgemm sgemm CUDA2 0.041845 135120 40
CPU9 44.490559 135081 sgemm sgemm CUDA1 1.007246 135121 40
CPU2 44.842016 135082 sgemm sgemm CUDA2 1.367128 135122 40
CPU16 44.290214 135083 sgemm sgemm CUDA3 1.276383 135123 40
CPU18 44.384276 135084 sgemm sgemm CUDA3 1.260874 135124 40
CPU18 44.379895 135085 sgemm sgemm CUDA2 1.204941 135125 40
CPU2 44.485532 135086 sgemm sgemm CUDA3 1.259369 135126 40
CPU0 44.599939 135087 sgemm sgemm CUDA3 1.066770 135127 40
CPU13 44.371207 135088 sgemm sgemm CUDA3 1.257466 135128 40
CPU17 44.427129 135089 sgemm sgemm CUDA3 1.067574 135129 40
CPU9 44.588944 135090 sgemm sgemm CUDA1 1.263227 135130 40
CPU19 44.559527 135091 sgemm sgemm CUDA2 1.209398 135131 40
CPU5 44.117872 135092 sgemm sgemm CUDA2 1.008260 135132 40
CPU12 44.531997 135093 sgemm sgemm CUDA0 1.256915 135133 40
CPU11 44.250329 135094 sgemm sgemm CUDA0 13.130550 135134 40
CPU12 44.737056 135095 sgemm sgemm CUDA3 1.265471 135135 40
CPU11 44.524072 135096 sgemm sgemm CUDA1 1.068946 135136 40
CPU2 44.727787 135097 sgemm sgemm CUDA0 1.263167 135137 40
CPU0 44.705031 135098 sgemm sgemm CUDA3 1.256474 135138 40
CPU9 44.408153 135099 sgemm sgemm CUDA1 1.069509 135139 40
CPU3 44.630201 135100 sgemm sgemm CUDA1 1.072973 135140 40
CPU7 44.830893 135101 sgemm sgemm CUDA2 1.204130 135141 40
CPU11 44.271370 135102 sgemm sgemm CUDA1 1.109094 135142 40
CPU7 44.718159 135106 sgemm sgemm CUDA0 1.259877 135146 40
CPU7 44.438977 135107 sgemm sgemm CUDA2 0.040277 135147 40
CPU14 44.482931 135108 sgemm sgemm CUDA2 1.327841 135148 40
CPU6 44.530536 135109 sgemm sgemm CUDA2 1.256461 135149 40
CPU9 44.279963 135110 sgemm sgemm CUDA0 5.533594 135150 40
CPU18 44.386245 135111 sgemm sgemm CUDA2 1.067602 135151 40
CPU15 44.587922 135112 sgemm sgemm CUDA3 12.072643 135152 40
CPU17 44.711222 135113 sgemm sgemm CUDA3 0.038950 135153 40
CPU17 44.538879 135114 sgemm sgemm CUDA2 1.073700 135154 40
CPU6 44.491086 135115 sgemm sgemm CUDA2 1.066805 135155 40
CPU2 44.293660 135116 sgemm sgemm CUDA3 1.301155 135156 40
CPU17 44.578239 135117 sgemm sgemm CUDA2 1.256042 135157 40
CPU0 44.822162 135118 sgemm sgemm CUDA3 1.257839 135158 40
CPU5 44.179113 135119 sgemm sgemm CUDA0 0.071466 135159 40
CPU19 44.756959 135120 sgemm sgemm CUDA2 1.067820 135160 40
CPU0 44.638752 135121 sgemm sgemm CUDA0 1.304341 135161 40
CPU10 44.517032 135122 sgemm sgemm CUDA0 1.073329 135162 40
CPU8 44.413088 135123 sgemm sgemm CUDA0 1.071435 135163 40
CPU14 44.714916 135124 sgemm sgemm CUDA3 1.257704 135164 40
CPU7 44.433245 135125 sgemm sgemm CUDA1 1.252212 135165 40
CPU3 44.479309 135126 sgemm sgemm CUDA1 1.261357 135166 40
CPU13 44.882248 135127 sgemm sgemm CUDA3 1.061478 135167 40
CPU19 44.821866 135128 sgemm sgemm CUDA1 12.979946 135168 40
CPU12 44.631874 135129 sgemm sgemm CUDA1 0.039502 135169 40
CPU12 44.793690 135130 sgemm sgemm CUDA1 1.319471 135170 40
CPU13 44.515171 135131 sgemm sgemm CUDA0 1.068867 135171 40
CPU2 44.691126 135135 sgemm sgemm CUDA1 1.430780 135175 40
CPU8 44.543364 135136 sgemm sgemm CUDA2 1.272600 135176 40
CPU14 44.426207 135137 sgemm sgemm CUDA2 1.262571 135177 40
CPU6 44.746203 135138 sgemm sgemm CUDA2 1.265815 135178 40
CPU4 44.656661 135139 sgemm sgemm CUDA1 1.073082 135179 40
CPU1 44.604625 135140 sgemm sgemm CUDA2 1.069560 135180 40
CPU16 44.519963 135141 sgemm sgemm CUDA3 1.293490 135181 40
CPU17 44.628076 135142 sgemm sgemm CUDA3 1.281062 135182 40
CPU17 44.523285 135143 sgemm sgemm CUDA1 1.073927 135183 40
CPU0 44.822054 135144 sgemm sgemm CUDA2 1.259495 135184 40
CPU1 44.414335 135145 sgemm sgemm CUDA3 1.268808 135185 40
CPU16 44.287553 135146 sgemm sgemm CUDA2 1.260342 135186 40
CPU10 44.740436 135147 sgemm sgemm CUDA3 1.259749 135187 40
CPU5 44.448085 135148 sgemm sgemm CUDA0 11.805489 135188 40
CPU18 44.402966 135149 sgemm sgemm CUDA2 1.069826 135189 40
CPU12 44.655699 135150 sgemm sgemm CUDA0 0.268895 135190 40
CPU11 44.272529 135151 sgemm sgemm CUDA0 1.295138 135191 40
CPU11 44.385831 135152 sgemm sgemm CUDA0 1.277394 135192 40
CPU10 44.598531 135153 sgemm sgemm CUDA3 1.259676 135193 40
CPU8 44.446145 135154 sgemm sgemm CUDA1 1.063981 135194 40
CPU5 44.671739 135155 sgemm sgemm CUDA0 1.119214 135195 40
CPU10 44.556127 135156 sgemm sgemm CUDA3 1.068282 135196 40
CPU13 44.630794 135157 sgemm sgemm CUDA3 1.066962 135197 40
CPU13 44.511881 135158 sgemm sgemm CUDA3 12.164287 135198 40
CPU12 44.455514 135159 sgemm sgemm CUDA1 1.065947 135199 40
CPU12 44.542508 135160 sgemm sgemm CUDA1 6.109365 135200 40
CPU1 44.656174 135164 sgemm sgemm CUDA1 1.258404 135204 40
CPU7 44.568116 135165 sgemm sgemm CUDA1 1.068944 135205 40
CPU14 44.623815 135166 sgemm sgemm CUDA2 1.253330 135206 40
CPU6 44.729902 135167 sgemm sgemm CUDA2 1.069854 135207 40
CPU9 44.842904 135168 sgemm sgemm CUDA1 1.261871 135208 40
CPU3 44.585092 135169 sgemm sgemm CUDA2 1.064849 135209 40
CPU15 44.566837 135170 sgemm sgemm CUDA2 1.257340 135210 40
CPU18 44.579203 135171 sgemm sgemm CUDA3 12.955963 135211 40
CPU16 44.436729 135172 sgemm sgemm CUDA2 1.072734 135212 40
CPU3 44.654908 135173 sgemm sgemm CUDA3 0.045865 135213 40
CPU5 44.576227 135174 sgemm sgemm CUDA3 1.351200 135214 40
CPU11 44.684750 135175 sgemm sgemm CUDA3 1.068465 135215 40
CPU15 44.526319 135176 sgemm sgemm CUDA3 1.255114 135216 40
CPU4 44.887073 135177 sgemm sgemm CUDA0 1.320117 135217 40
CPU19 44.615318 135178 sgemm sgemm CUDA0 1.260622 135218 40
CPU4 44.594084 135179 sgemm sgemm CUDA0 1.257440 135219 40
CPU12 44.508072 135180 sgemm sgemm CUDA0 1.260664 135220 40
CPU1 44.468979 135181 sgemm sgemm CUDA2 13.176911 135221 40
CPU15 44.455928 135182 sgemm sgemm CUDA3 1.261106 135222 40
CPU1 44.429499 135183 sgemm sgemm CUDA1 1.260215 135223 40
CPU12 45.239019 135184 sgemm sgemm CUDA0 1.066301 135224 40
CPU12 44.743471 135185 sgemm sgemm CUDA3 1.254283 135225 40
CPU12 44.636200 135186 sgemm sgemm CUDA1 12.925251 135226 40
CPU15 44.510368 135187 sgemm sgemm CUDA2 0.044432 135227 40
CPU15 44.348868 135188 sgemm sgemm CUDA0 1.065672 135228 40
CPU9 44.927796 135189 sgemm sgemm CUDA2 1.319517 135229 40
CPU10 44.574677 135193 sgemm sgemm CUDA2 0.049874 135233 40
CPU7 44.471453 135194 sgemm sgemm CUDA2 1.382076 135234 40
CPU14 44.598250 135195 sgemm sgemm CUDA2 1.080683 135235 40
CPU6 44.507474 135196 sgemm sgemm CUDA1 0.055753 135236 40
CPU3 44.412849 135197 sgemm sgemm CUDA1 1.320991 135237 40
CPU18 44.371963 135198 sgemm sgemm CUDA2 1.081721 135238 40
CPU16 44.462851 135199 sgemm sgemm CUDA3 1.289056 135239 40
CPU16 44.505747 135200 sgemm sgemm CUDA3 1.266777 135240 40
CPU18 44.440098 135201 sgemm sgemm CUDA2 1.077698 135241 40
CPU5 44.142454 135202 sgemm sgemm CUDA3 1.069159 135242 40
CPU9 43.951802 135203 sgemm sgemm CUDA3 1.262690 135243 40
CPU6 44.474044 135204 sgemm sgemm CUDA3 1.080131 135244 40
CPU10 44.793510 135205 sgemm sgemm CUDA2 1.074134 135245 40
CPU17 44.732147 135206 sgemm sgemm CUDA0 1.272431 135246 40
CPU19 44.713404 135207 sgemm sgemm CUDA0 1.088033 135247 40
CPU0 44.631103 135208 sgemm sgemm CUDA0 1.264672 135248 40
CPU12 44.593082 135209 sgemm sgemm CUDA0 1.263140 135249 40
CPU12 44.764666 135210 sgemm sgemm CUDA2 1.074389 135250 40
CPU4 44.165760 135211 sgemm sgemm CUDA3 1.262807 135251 40
CPU6 43.884854 135212 sgemm sgemm CUDA1 1.387664 135252 40
CPU6 44.527196 135213 sgemm sgemm CUDA1 1.084862 135253 40
CPU19 44.729366 135214 sgemm sgemm CUDA3 1.259429 135254 40
CPU18 44.750989 135215 sgemm sgemm CUDA1 1.267223 135255 40
CPU13 44.702565 135216 sgemm sgemm CUDA1 1.259252 135256 40
CPU13 44.550188 135217 sgemm sgemm CUDA1 1.257459 135257 40
CPU13 44.651889 135218 sgemm sgemm CUDA0 1.073371 135258 40
CPU9 44.454989 135222 sgemm sgemm CUDA0 1.289690 135262 40
CPU8 44.496085 135223 sgemm sgemm CUDA1 1.068412 135263 40
CPU14 44.482719 135224 sgemm sgemm CUDA1 1.067054 135264 40
CPU6 44.853405 135225 sgemm sgemm CUDA1 1.071981 135265 40
CPU9 44.770652 135226 sgemm sgemm CUDA0 1.078824 135266 40
CPU7 44.873372 135227 sgemm sgemm CUDA1 1.260158 135267 40
CPU15 44.364926 135228 sgemm sgemm CUDA3 1.245122 135268 40
CPU17 44.419788 135229 sgemm sgemm CUDA3 1.068390 135269 40
CPU16 44.569305 135230 sgemm sgemm CUDA3 1.268871 135270 40
CPU5 44.412785 135231 sgemm sgemm CUDA3 1.257309 135271 40
CPU6 44.530243 135232 sgemm sgemm CUDA3 1.072901 135272 40
CPU3 44.462982 135233 sgemm sgemm CUDA3 1.067374 135273 40
CPU11 44.488374 135234 sgemm sgemm CUDA3 1.258671 135274 40
CPU5 44.442249 135235 sgemm sgemm CUDA1 1.068289 135275 40
CPU17 44.519190 135236 sgemm sgemm CUDA0 1.075966 135276 40
CPU13 44.590973 135237 sgemm sgemm CUDA0 1.067516 135277 40
CPU18 44.192558 135238 sgemm sgemm CUDA0 1.272124 135278 40
CPU12 44.480639 135239 sgemm sgemm CUDA0 1.085661 135279 40
CPU11 44.663388 135240 sgemm sgemm CUDA0 17.879451 135280 40
CPU9 44.411388 135241 sgemm sgemm CUDA1 1.257293 135281 40
CPU4 44.702004 135242 sgemm sgemm CUDA0 0.043839 135282 40
CPU10 44.790574 135243 sgemm sgemm CUDA3 1.254327 135283 40
CPU16 44.722770 135244 sgemm sgemm CUDA1 12.053466 135284 40
CPU16 44.593108 135245 sgemm sgemm CUDA3 12.211417 135285 40
CPU8 44.654697 135246 sgemm sgemm CUDA2 0.049012 135286 40
CPU11 44.370018 135247 sgemm sgemm CUDA2 1.380586 135287 40
CPU4 44.788169 135251 sgemm sgemm CUDA2 1.070419 135291 40
CPU8 44.747139 135252 sgemm sgemm CUDA2 1.068712 135292 40
CPU14 44.335155 135253 sgemm sgemm CUDA2 1.260824 135293 40
CPU6 44.923800 135254 sgemm sgemm CUDA1 1.074330 135294 40
CPU0 44.955249 135255 sgemm sgemm CUDA1 1.260260 135295 40
CPU18 44.133745 135256 sgemm sgemm CUDA2 1.259856 135296 40
CPU16 44.264771 135257 sgemm sgemm CUDA3 1.060297 135297 40
CPU18 44.290752 135258 sgemm sgemm CUDA3 12.351557 135298 40
CPU17 44.528902 135259 sgemm sgemm CUDA2 1.260296 135299 40
CPU9 44.684950 135260 sgemm sgemm CUDA3 0.041029 135300 40
CPU5 44.415033 135261 sgemm sgemm CUDA3 1.305513 135301 40
CPU10 44.585289 135262 sgemm sgemm CUDA3 1.065138 135302 40
CPU17 44.068102 135263 sgemm sgemm CUDA3 1.061162 135303 40
CPU8 44.588855 135264 sgemm sgemm CUDA1 1.261649 135304 40
CPU2 44.701956 135265 sgemm sgemm CUDA2 1.257927 135305 40
CPU8 44.761148 135266 sgemm sgemm CUDA0 1.358592 135306 40
CPU10 44.376747 135267 sgemm sgemm CUDA1 1.258559 135307 40
CPU12 45.056490 135268 sgemm sgemm CUDA0 1.257622 135308 40
CPU4 45.017858 135269 sgemm sgemm CUDA3 1.257906 135309 40
CPU8 44.806664 135270 sgemm sgemm CUDA1 1.068121 135310 40
CPU6 44.837791 135271 sgemm sgemm CUDA0 1.257763 135311 40
CPU3 44.515107 135272 sgemm sgemm CUDA3 1.256524 135312 40
CPU6 44.682648 135273 sgemm sgemm CUDA3 1.260192 135313 40
CPU6 44.829737 135274 sgemm sgemm CUDA3 1.069084 135314 40
CPU7 45.232410 135275 sgemm sgemm CUDA1 1.069430 135315 40
CPU1 44.685662 135276 sgemm sgemm CUDA2 1.068780 135316 40
CPU6 44.685131 135280 sgemm sgemm CUDA2 7.409705 135320 40
CPU7 44.742109 135281 sgemm sgemm CUDA2 0.045452 135321 40
CPU14 44.321837 135282 sgemm sgemm CUDA2 1.316741 135322 40
CPU6 44.951911 135283 sgemm sgemm CUDA2 1.070664 135323 40
CPU9 44.769325 135284 sgemm sgemm CUDA0 1.072490 135324 40
CPU18 44.200455 135285 sgemm sgemm CUDA2 1.064346 135325 40
CPU15 44.435069 135286 sgemm sgemm CUDA3 1.077804 135326 40
CPU17 44.388949 135287 sgemm sgemm CUDA3 1.069985 135327 40
CPU19 44.550256 135288 sgemm sgemm CUDA2 1.258810 135328 40
CPU1 44.693093 135289 sgemm sgemm CUDA2 1.066341 135329 40
CPU5 44.467971 135290 sgemm sgemm CUDA3 1.260068 135330 40
CPU7 44.473344 135291 sgemm sgemm CUDA2 1.254308 135331 40
CPU10 44.354841 135292 sgemm sgemm CUDA3 1.257684 135332 40
CPU9 44.524774 135293 sgemm sgemm CUDA0 0.140462 135333 40
CPU17 44.100373 135294 sgemm sgemm CUDA2 1.257905 135334 40
CPU0 45.221367 135295 sgemm sgemm CUDA0 1.258036 135335 40
CPU12 44.236839 135296 sgemm sgemm CUDA0 12.144209 135336 40
CPU0 45.050738 135297 sgemm sgemm CUDA0 0.040223 135337 40
CPU16 44.455573 135298 sgemm sgemm CUDA3 1.067745 135338 40
CPU5 44.429022 135299 sgemm sgemm CUDA1 1.073330 135339 40
CPU3 44.620355 135300 sgemm sgemm CUDA1 1.254915 135340 40
CPU16 44.865812 135301 sgemm sgemm CUDA3 1.064834 135341 40
CPU17 44.570181 135302 sgemm sgemm CUDA1 1.262394 135342 40
CPU16 44.276630 135303 sgemm sgemm CUDA1 1.071524 135343 40
CPU0 45.330122 135304 sgemm sgemm CUDA2 1.257976 135344 40
CPU3 44.859748 135305 sgemm sgemm CUDA3 1.067804 135345 40
CPU5 44.770279 135309 sgemm sgemm CUDA1 1.077112 135349 40
CPU7 44.788043 135310 sgemm sgemm CUDA2 1.276191 135350 40
CPU14 44.268670 135311 sgemm sgemm CUDA2 1.069846 135351 40
CPU6 44.695420 135312 sgemm sgemm CUDA2 1.268400 135352 40
CPU2 44.656459 135313 sgemm sgemm CUDA1 0.054181 135353 40
CPU18 44.283722 135314 sgemm sgemm CUDA2 1.265128 135354 40
CPU15 44.225325 135315 sgemm sgemm CUDA3 1.068906 135355 40
CPU18 44.415536 135316 sgemm sgemm CUDA3 1.257646 135356 40
CPU17 44.335884 135317 sgemm sgemm CUDA1 1.086649 135357 40
CPU1 44.544976 135318 sgemm sgemm CUDA2 1.068580 135358 40
CPU4 44.696403 135319 sgemm sgemm CUDA3 1.259380 135359 40
CPU5 44.680775 135320 sgemm sgemm CUDA2 14.421573 135360 40
CPU18 44.222453 135321 sgemm sgemm CUDA3 1.067361 135361 40
CPU5 44.487790 135322 sgemm sgemm CUDA1 1.080314 135362 40
CPU18 44.388123 135323 sgemm sgemm CUDA2 0.046696 135363 40
CPU0 44.988585 135324 sgemm sgemm CUDA3 1.068559 135364 40
CPU12 44.396608 135325 sgemm sgemm CUDA0 1.355145 135365 40
CPU2 44.408065 135326 sgemm sgemm CUDA0 1.258994 135366 40
CPU14 44.543267 135327 sgemm sgemm CUDA3 15.584079 135367 40
CPU7 44.562578 135328 sgemm sgemm CUDA1 1.325908 135368 40
CPU5 44.793959 135329 sgemm sgemm CUDA1 1.256587 135369 40
CPU17 44.685017 135330 sgemm sgemm CUDA3 0.066291 135370 40
CPU8 44.911049 135331 sgemm sgemm CUDA1 1.258932 135371 40
CPU16 44.698469 135332 sgemm sgemm CUDA3 1.322992 135372 40
CPU9 44.992626 135333 sgemm sgemm CUDA0 1.254993 135373 40
CPU4 46.684340 135334 sgemm sgemm CUDA0 1.062385 135374 40
CPU8 44.456942 135338 sgemm sgemm CUDA2 1.313892 135378 40
CPU7 44.535017 135339 sgemm sgemm CUDA3 1.257431 135379 40
CPU14 44.537453 135340 sgemm sgemm CUDA3 1.065743 135380 40
CPU6 44.414578 135341 sgemm sgemm CUDA3 1.066404 135381 40
CPU9 44.347535 135342 sgemm sgemm CUDA3 1.258335 135382 40
CPU18 44.714217 135343 sgemm sgemm CUDA2 0.475165 135383 40
CPU16 44.561758 135344 sgemm sgemm CUDA3 1.257704 135384 40
CPU18 44.602544 135345 sgemm sgemm CUDA3 1.260416 135385 40
CPU18 44.529141 135346 sgemm sgemm CUDA3 1.260211 135386 40
CPU0 44.772204 135347 sgemm sgemm CUDA3 1.068432 135387 40
CPU11 44.561199 135348 sgemm sgemm CUDA3 1.064931 135388 40
CPU8 44.457779 135349 sgemm sgemm CUDA2 1.261351 135389 40
CPU16 44.509373 135350 sgemm sgemm CUDA3 1.260757 135390 40
CPU9 44.283629 135351 sgemm sgemm CUDA0 1.061210 135391 40
CPU11 44.677747 135352 sgemm sgemm CUDA0 1.258447 135392 40
CPU0 44.645821 135353 sgemm sgemm CUDA0 1.254921 135393 40
CPU12 44.686455 135354 sgemm sgemm CUDA1 1.260012 135394 40
CPU10 44.916198 135355 sgemm sgemm CUDA0 1.261558 135395 40
CPU8 44.052558 135356 sgemm sgemm CUDA1 1.072127 135396 40
CPU3 43.993241 135357 sgemm sgemm CUDA0 11.815023 135397 40
CPU5 44.352142 135358 sgemm sgemm CUDA0 0.043807 135398 40
CPU4 44.307077 135359 sgemm sgemm CUDA3 1.069726 135399 40
CPU10 44.828348 135360 sgemm sgemm CUDA1 1.270109 135400 40
CPU3 44.312612 135361 sgemm sgemm CUDA2 1.257744 135401 40
CPU1 44.311446 135362 sgemm sgemm CUDA2 1.066697 135402 40
CPU1 45.602989 135363 sgemm sgemm CUDA2 1.260428 135403 40
CPU0 45.083749 135367 sgemm sgemm CUDA2 1.291714 135407 40
CPU7 44.560523 135368 sgemm sgemm CUDA2 1.262443 135408 40
CPU14 44.403434 135369 sgemm sgemm CUDA2 1.068633 135409 40
CPU6 44.770916 135370 sgemm sgemm CUDA2 1.071624 135410 40
CPU9 44.624086 135371 sgemm sgemm CUDA3 1.283528 135411 40
CPU18 44.623565 135372 sgemm sgemm CUDA2 1.065723 135412 40
CPU16 44.527328 135373 sgemm sgemm CUDA3 1.069676 135413 40
CPU17 44.752914 135374 sgemm sgemm CUDA3 1.263599 135414 40
CPU17 44.920161 135375 sgemm sgemm CUDA3 1.262074 135415 40
CPU8 44.415989 135376 sgemm sgemm CUDA3 1.260864 135416 40
CPU2 44.141127 135377 sgemm sgemm CUDA3 1.264049 135417 40
CPU3 44.579518 135378 sgemm sgemm CUDA2 1.256735 135418 40
CPU19 44.500105 135379 sgemm sgemm CUDA3 1.261039 135419 40
CPU8 44.283628 135380 sgemm sgemm CUDA0 1.255478 135420 40
CPU17 44.643216 135381 sgemm sgemm CUDA0 1.069662 135421 40
CPU0 44.786418 135382 sgemm sgemm CUDA2 1.071837 135422 40
CPU12 44.441497 135383 sgemm sgemm CUDA0 1.254030 135423 40
CPU12 45.032928 135384 sgemm sgemm CUDA2 1.257921 135424 40
CPU5 44.180670 135385 sgemm sgemm CUDA1 1.421018 135425 40
CPU0 44.491011 135386 sgemm sgemm CUDA0 1.260821 135426 40
CPU5 44.633630 135387 sgemm sgemm CUDA1 1.255094 135427 40
CPU9 44.345013 135388 sgemm sgemm CUDA3 9.947947 135428 40
CPU8 44.406114 135389 sgemm sgemm CUDA3 11.912485 135429 40
CPU17 44.796449 135390 sgemm sgemm CUDA3 0.047773 135430 40
CPU2 44.730542 135391 sgemm sgemm CUDA2 1.068450 135431 40
CPU6 44.301851 135392 sgemm sgemm CUDA3 1.319349 135432 40
CPU0 44.766634 135396 sgemm sgemm CUDA2 0.059031 135436 40
CPU7 44.566911 135397 sgemm sgemm CUDA2 1.281878 135437 40
CPU14 44.489915 135398 sgemm sgemm CUDA2 12.481342 135438 40
CPU6 44.460369 135399 sgemm sgemm CUDA2 0.254704 135439 40
CPU5 44.756160 135400 sgemm sgemm CUDA1 1.069746 135440 40
CPU18 44.354921 135401 sgemm sgemm CUDA2 1.417807 135441 40
CPU16 44.423979 135402 sgemm sgemm CUDA2 1.275984 135442 40
CPU17 44.594875 135403 sgemm sgemm CUDA1 1.071290 135443 40
CPU17 44.452442 135404 sgemm sgemm CUDA1 1.259765 135444 40
CPU0 44.671850 135405 sgemm sgemm CUDA1 1.257775 135445 40
CPU8 43.967562 135406 sgemm sgemm CUDA3 1.257523 135446 40
CPU4 44.280924 135407 sgemm sgemm CUDA2 1.066619 135447 40
CPU10 44.827682 135408 sgemm sgemm CUDA3 1.257037 135448 40
CPU0 44.852602 135409 sgemm sgemm CUDA1 1.264976 135449 40
CPU19 44.574104 135410 sgemm sgemm CUDA0 1.261254 135450 40
CPU0 44.780166 135411 sgemm sgemm CUDA0 1.065149 135451 40
CPU12 44.569230 135412 sgemm sgemm CUDA1 1.067780 135452 40
CPU4 44.733407 135413 sgemm sgemm CUDA0 1.260680 135453 40
CPU17 44.576214 135414 sgemm sgemm CUDA1 1.066196 135454 40
CPU8 44.542707 135415 sgemm sgemm CUDA0 1.256591 135455 40
CPU4 44.785275 135416 sgemm sgemm CUDA3 1.263026 135456 40
CPU5 44.339328 135417 sgemm sgemm CUDA3 1.071721 135457 40
CPU7 44.439994 135418 sgemm sgemm CUDA0 1.070644 135458 40
CPU17 44.639455 135419 sgemm sgemm CUDA3 1.072359 135459 40
CPU0 45.196883 135420 sgemm sgemm CUDA0 1.257066 135460 40
CPU0 47.429634 135421 sgemm sgemm CUDA2 1.064327 135461 40
CPU4 44.783971 135425 sgemm sgemm CUDA1 1.201336 135465 40
CPU8 44.520814 135426 sgemm sgemm CUDA1 1.065205 135466 40
CPU14 44.315159 135427 sgemm sgemm CUDA1 1.257323 135467 40
CPU6 44.962648 135428 sgemm sgemm CUDA2 1.067997 135468 40
CPU9 44.696685 135429 sgemm sgemm CUDA1 1.066925 135469 40
CPU18 44.225755 135430 sgemm sgemm CUDA1 1.070437 135470 40
CPU16 44.372580 135431 sgemm sgemm CUDA2 1.260226 135471 40
CPU18 44.280848 135432 sgemm sgemm CUDA1 1.065990 135472 40
CPU19 44.408628 135433 sgemm sgemm CUDA1 1.257508 135473 40
CPU9 44.551080 135434 sgemm sgemm CUDA1 1.062718 135474 40
CPU3 44.444354 135435 sgemm sgemm CUDA3 1.074168 135475 40
CPU0 44.679862 135436 sgemm sgemm CUDA3 1.260844 135476 40
CPU11 44.381211 135437 sgemm sgemm CUDA2 1.066665 135477 40
CPU7 44.539662 135438 sgemm sgemm CUDA0 1.261975 135478 40
CPU17 44.652034 135439 sgemm sgemm CUDA0 1.261848 135479 40
CPU2 44.503620 135440 sgemm sgemm CUDA3 1.065700 135480 40
CPU12 44.597513 135441 sgemm sgemm CUDA0 1.257221 135481 40
CPU2 44.529251 135442 sgemm sgemm CUDA2 12.767297 135482 40
CPU19 44.576136 135443 sgemm sgemm CUDA3 0.039681 135483 40
CPU7 44.429101 135444 sgemm sgemm CUDA0 1.068412 135484 40
CPU3 44.896685 135445 sgemm sgemm CUDA1 1.254516 135485 40
CPU1 44.290883 135446 sgemm sgemm CUDA3 1.319583 135486 40
CPU7 45.405691 135447 sgemm sgemm CUDA0 1.258085 135487 40
CPU18 44.178245 135448 sgemm sgemm CUDA1 1.264733 135488 40
CPU1 44.540483 135449 sgemm sgemm CUDA1 1.066723 135489 40
CPU3 44.765794 135450 sgemm sgemm CUDA2 1.071289 135490 40
CPU0 44.715783 135454 sgemm sgemm CUDA2 0.061821 135494 40
CPU7 44.478391 135455 sgemm sgemm CUDA2 0.054656 135495 40
CPU14 44.359250 135456 sgemm sgemm CUDA2 1.389690 135496 40
CPU6 44.513766 135457 sgemm sgemm CUDA2 1.258361 135497 40
CPU1 44.465850 135458 sgemm sgemm CUDA3 1.269036 135498 40
CPU18 44.434724 135459 sgemm sgemm CUDA2 1.257214 135499 40
CPU16 44.475525 135460 sgemm sgemm CUDA2 1.261770 135500 40
CPU16 44.523138 135461 sgemm sgemm CUDA1 1.096664 135501 40
CPU18 44.260962 135462 sgemm sgemm CUDA1 1.071960 135502 40
CPU8 44.420339 135463 sgemm sgemm CUDA1 1.268161 135503 40
CPU0 44.558844 135464 sgemm sgemm CUDA3 1.301081 135504 40
CPU9 44.590552 135465 sgemm sgemm CUDA3 1.066848 135505 40
CPU15 44.372003 135466 sgemm sgemm CUDA3 1.256122 135506 40
CPU6 44.539558 135467 sgemm sgemm CUDA0 1.273483 135507 40
CPU18 44.528022 135468 sgemm sgemm CUDA0 1.271256 135508 40
CPU0 44.950314 135469 sgemm sgemm CUDA0 1.261225 135509 40
CPU12 44.594275 135470 sgemm sgemm CUDA0 1.069915 135510 40
CPU6 44.526419 135471 sgemm sgemm CUDA3 1.077323 135511 40
CPU10 44.602141 135472 sgemm sgemm CUDA3 1.201938 135512 40
CPU8 44.429069 135473 sgemm sgemm CUDA0 1.071000 135513 40
CPU3 44.379274 135474 sgemm sgemm CUDA3 1.012253 135514 40
CPU4 44.222164 135475 sgemm sgemm CUDA3 1.069344 135515 40
CPU8 44.656415 135476 sgemm sgemm CUDA0 1.255450 135516 40
CPU16 44.931647 135477 sgemm sgemm CUDA1 1.256599 135517 40
CPU5 44.628877 135478 sgemm sgemm CUDA0 1.070457 135518 40
CPU1 47.004399 135479 sgemm sgemm CUDA2 1.205080 135519 40
CPU3 44.289445 135483 sgemm sgemm CUDA2 0.053425 135523 40
CPU7 44.638442 135484 sgemm sgemm CUDA2 1.304597 135524 40
CPU14 44.421042 135485 sgemm sgemm CUDA2 3.894952 135525 40
CPU6 44.855910 135486 sgemm sgemm CUDA3 1.315364 135526 40
CPU4 44.818455 135487 sgemm sgemm CUDA3 1.272246 135527 40
CPU18 44.392480 135488 sgemm sgemm CUDA2 0.064809 135528 40
CPU16 44.415096 135489 sgemm sgemm CUDA3 1.068338 135529 40
CPU17 44.635638 135490 sgemm sgemm CUDA3 1.258307 135530 40
CPU19 44.437043 135491 sgemm sgemm CUDA2 1.501523 135531 40
CPU3 44.514489 135492 sgemm sgemm CUDA3 1.267862 135532 40
CPU10 44.668373 135493 sgemm sgemm CUDA3 1.076808 135533 40
CPU8 44.813174 135494 sgemm sgemm CUDA2 10.373993 135534 40
CPU10 44.497389 135495 sgemm sgemm CUDA3 0.044487 135535 40
CPU3 44.793968 135496 sgemm sgemm CUDA0 0.999572 135536 40
CPU19 44.640044 135497 sgemm sgemm CUDA0 1.270015 135537 40
CPU4 44.610014 135498 sgemm sgemm CUDA0 1.080889 135538 40
CPU12 44.470584 135499 sgemm sgemm CUDA0 1.075693 135539 40
CPU9 44.371052 135500 sgemm sgemm CUDA0 4.159746 135540 40
CPU11 44.535630 135501 sgemm sgemm CUDA3 1.261353 135541 40
CPU1 44.436991 135502 sgemm sgemm CUDA0 0.052705 135542 40
CPU4 44.854242 135503 sgemm sgemm CUDA3 1.259605 135543 40
CPU3 44.329514 135504 sgemm sgemm CUDA3 1.063397 135544 40
CPU7 44.660325 135505 sgemm sgemm CUDA0 1.365669 135545 40
CPU17 44.668004 135506 sgemm sgemm CUDA3 0.042831 135546 40
CPU9 44.366213 135507 sgemm sgemm CUDA2 1.262664 135547 40
CPU3 44.645649 135508 sgemm sgemm CUDA0 10.518469 135548 40
CPU1 44.277950 135512 sgemm sgemm CUDA2 1.066288 135552 40
CPU7 44.551927 135513 sgemm sgemm CUDA2 1.065435 135553 40
CPU14 44.527326 135514 sgemm sgemm CUDA2 1.073841 135554 40
CPU6 44.597815 135515 sgemm sgemm CUDA1 0.050496 135555 40
CPU2 44.580784 135516 sgemm sgemm CUDA1 1.320013 135556 40
CPU18 44.525774 135517 sgemm sgemm CUDA1 1.072807 135557 40
CPU15 44.378633 135518 sgemm sgemm CUDA3 10.569042 135558 40
CPU16 44.481204 135519 sgemm sgemm CUDA3 0.044549 135559 40
CPU17 44.400844 135520 sgemm sgemm CUDA3 1.321298 135560 40
CPU6 44.501188 135521 sgemm sgemm CUDA1 1.073629 135561 40
CPU10 44.658443 135522 sgemm sgemm CUDA3 1.266020 135562 40
CPU1 44.590483 135523 sgemm sgemm CUDA3 1.065457 135563 40
CPU10 44.676484 135524 sgemm sgemm CUDA3 1.261093 135564 40
CPU4 44.800733 135525 sgemm sgemm CUDA1 1.070118 135565 40
CPU18 44.455145 135526 sgemm sgemm CUDA2 1.327304 135566 40
CPU8 44.428292 135527 sgemm sgemm CUDA3 1.256582 135567 40
CPU12 44.532073 135528 sgemm sgemm CUDA1 1.068552 135568 40
CPU8 44.485809 135529 sgemm sgemm CUDA3 1.262110 135569 40
CPU17 44.594726 135530 sgemm sgemm CUDA1 1.069197 135570 40
CPU9 44.296299 135531 sgemm sgemm CUDA1 1.259062 135571 40
CPU6 44.706414 135532 sgemm sgemm CUDA0 1.069543 135572 40
CPU3 44.201434 135533 sgemm sgemm CUDA0 1.067242 135573 40
CPU7 44.906117 135534 sgemm sgemm CUDA1 12.512894 135574 40
CPU16 44.266177 135535 sgemm sgemm CUDA1 11.722352 135575 40
CPU1 44.360695 135536 sgemm sgemm CUDA1 0.045201 135576 40
CPU5 44.675209 135537 sgemm sgemm CUDA3 1.303391 135577 40
CPU7 44.278738 135541 sgemm sgemm CUDA0 1.070526 135581 40
CPU7 44.418427 135542 sgemm sgemm CUDA1 1.377638 135582 40
CPU14 44.570530 135543 sgemm sgemm CUDA1 1.196530 135583 40
CPU6 44.596096 135544 sgemm sgemm CUDA1 1.196488 135584 40
CPU9 44.542242 135545 sgemm sgemm CUDA0 12.399611 135585 40
CPU18 44.841521 135546 sgemm sgemm CUDA1 1.008791 135586 40
CPU15 44.726129 135547 sgemm sgemm CUDA3 1.262894 135587 40
CPU17 44.785233 135548 sgemm sgemm CUDA1 1.011776 135588 40
CPU18 44.413175 135549 sgemm sgemm CUDA3 1.207478 135589 40
CPU4 44.274876 135550 sgemm sgemm CUDA3 1.010461 135590 40
CPU1 44.085892 135551 sgemm sgemm CUDA3 1.009985 135591 40
CPU3 44.637819 135552 sgemm sgemm CUDA2 1.257281 135592 40
CPU11 44.510832 135553 sgemm sgemm CUDA0 0.351957 135593 40
CPU6 44.393288 135554 sgemm sgemm CUDA0 11.507135 135594 40
CPU19 44.736206 135555 sgemm sgemm CUDA0 0.051115 135595 40
CPU6 44.646162 135556 sgemm sgemm CUDA0 1.483174 135596 40
CPU12 44.507849 135557 sgemm sgemm CUDA1 1.009334 135597 40
CPU12 44.846574 135558 sgemm sgemm CUDA2 1.008967 135598 40
CPU18 44.547058 135559 sgemm sgemm CUDA3 1.204507 135599 40
CPU0 43.960214 135560 sgemm sgemm CUDA2 1.198794 135600 40
CPU5 44.552758 135561 sgemm sgemm CUDA3 1.013902 135601 40
CPU4 44.173930 135562 sgemm sgemm CUDA0 1.017756 135602 40
CPU7 44.455556 135563 sgemm sgemm CUDA0 1.008848 135603 40
CPU17 44.703059 135564 sgemm sgemm CUDA2 1.200827 135604 40
CPU4 44.331741 135565 sgemm sgemm CUDA2 1.201411 135605 40
CPU4 44.323156 135566 sgemm sgemm CUDA3 1.200939 135606 40
CPU0 33.773546 135572 strsm strsm CUDA1 0.225487 135612 40
CPU9 32.018868 135576 strsm strsm CUDA3 2.779154 135616 40
CPU14 31.928024 135580 strsm strsm CUDA3 2.023628 135620 40
CPU6 32.400346 135584 strsm strsm CUDA2 1.982784 135624 40
CPU8 32.127061 135588 strsm strsm CUDA2 0.163956 135628 40
CPU18 31.258006 135592 strsm strsm CUDA1 0.196151 135632 40
CPU15 31.766265 135596 strsm strsm CUDA2 1.797537 135636 40
CPU16 31.924240 135600 strsm strsm CUDA1 11.054480 135640 40
CPU19 31.877965 135604 strsm strsm CUDA3 1.965577 135644 40
CPU1 31.670540 135608 strsm strsm CUDA2 3.801328 135648 40
CPU5 31.980328 135612 strsm strsm CUDA3 13.153721 135652 40
CPU13 33.326555 135616 strsm strsm CUDA0 11.659624 135656 40
CPU17 32.354549 135620 strsm strsm CUDA2 2.560596 135660 40
CPU17 31.816241 135624 strsm strsm CUDA0 0.220394 135664 40
CPU1 31.540178 135628 strsm strsm CUDA2 0.217129 135668 40
CPU7 32.992209 135632 strsm strsm CUDA3 12.118170 135672 40
CPU8 32.178870 135636 strsm strsm CUDA0 10.612031 135676 40
CPU8 31.886792 135640 strsm strsm CUDA0 0.396282 135680 40
CPU10 32.500766 135644 strsm strsm CUDA0 0.100042 135684 40
CPU11 31.974975 135648 strsm strsm CUDA1 0.173492 135688 40
CPU11 31.666658 135652 strsm strsm CUDA3 0.099959 135692 40
CPU2 31.313565 135656 strsm strsm CUDA3 1.876578 135696 40
CPU13 32.770088 135660 strsm strsm CUDA1 11.600608 135700 40
CPU12 31.943442 135664 strsm strsm CUDA2 0.180452 135704 40
CPU8 32.080399 135668 strsm strsm CUDA1 2.204696 135708 40
CPU11 31.840199 135672 strsm strsm CUDA2 1.750935 135712 40
CPU7 15.334932 135676 strtri strtri CPU -1 135716 40
CPU4 30.683217 135678 strsm strsm CUDA1 2.955281 135718 40
CPU14 31.059595 135680 strsm strsm CUDA0 2.736534 135720 40
CPU7 31.674187 135682 strsm strsm CUDA0 12.592197 135722 40
CPU8 31.445102 135684 strsm strsm CUDA1 2.789276 135724 40
CPU1 31.408490 135686 strsm strsm CUDA3 2.871929 135726 40
CPU9 30.733564 135688 strsm strsm CUDA1 14.566235 135728 40
CPU6 31.454506 135690 strsm strsm CUDA1 2.908591 135730 40
CPU4 30.903911 135692 strsm strsm CUDA0 2.906490 135732 40
CPU7 30.856227 135694 strsm strsm CUDA3 13.137998 135734 40
CPU1 30.292699 135696 strsm strsm CUDA1 3.058428 135736 40
CPU1 31.333780 135698 strsm strsm CUDA3 2.657019 135738 40
CPU1 31.324955 135700 strsm strsm CUDA1 2.898734 135740 40
CPU19 31.275419 135702 strsm strsm CUDA3 2.772180 135742 40
CPU10 31.513716 135704 strsm strsm CUDA0 3.105183 135744 40
CPU19 32.029325 135706 strsm strsm CUDA3 2.817546 135746 40
CPU10 31.256831 135708 strsm strsm CUDA3 0.067855 135748 40
CPU9 31.686626 135710 strsm strsm CUDA0 2.847847 135750 40
CPU13 30.973971 135712 strsm strsm CUDA3 2.857301 135752 40
CPU19 30.820087 135714 strsm strsm CUDA1 0.044331 135754 40
CPU9 30.901990 135716 strsm strsm CUDA3 11.744791 135756 40
CPU19 31.013941 135718 strsm strsm CUDA3 12.540331 135758 40
CPU4 30.625843 135720 strsm strsm CUDA3 0.055086 135760 40
CPU8 44.490941 135722 sgemm sgemm CUDA1 0.060403 135762 40
CPU8 44.207502 135723 sgemm sgemm CUDA1 1.070625 135763 40
CPU14 44.525318 135724 sgemm sgemm CUDA1 0.912701 135764 40
CPU6 44.471029 135725 sgemm sgemm CUDA1 1.114796 135765 40
CPU9 44.337542 135726 sgemm sgemm CUDA1 12.192402 135766 40
CPU18 44.432679 135727 sgemm sgemm CUDA1 1.195814 135767 40
CPU16 44.815922 135728 sgemm sgemm CUDA3 0.924592 135768 40
CPU17 44.780672 135729 sgemm sgemm CUDA3 1.258129 135769 40
CPU16 44.626962 135730 sgemm sgemm CUDA2 1.273716 135770 40
CPU1 44.456235 135731 sgemm sgemm CUDA2 0.938159 135771 40
CPU7 44.587523 135732 sgemm sgemm CUDA3 1.111478 135772 40
CPU4 44.671870 135733 sgemm sgemm CUDA3 0.936249 135773 40
CPU17 44.423205 135734 sgemm sgemm CUDA2 0.932599 135774 40
CPU4 44.442309 135735 sgemm sgemm CUDA1 0.931885 135775 40
CPU18 44.411721 135736 sgemm sgemm CUDA2 0.931854 135776 40
CPU8 44.133279 135737 sgemm sgemm CUDA2 1.122769 135777 40
CPU9 44.398107 135738 sgemm sgemm CUDA0 0.092885 135778 40
CPU10 44.475845 135739 sgemm sgemm CUDA0 1.086347 135779 40
CPU19 44.729375 135740 sgemm sgemm CUDA0 1.090030 135780 40
CPU8 44.085100 135741 sgemm sgemm CUDA1 0.911228 135781 40
CPU16 44.557103 135742 sgemm sgemm CUDA0 1.065146 135782 40
CPU11 44.646105 135743 sgemm sgemm CUDA3 1.123099 135783 40
CPU12 44.738104 135744 sgemm sgemm CUDA3 1.112654 135784 40
CPU12 44.420104 135745 sgemm sgemm CUDA3 0.917716 135785 40
CPU2 44.383799 135746 sgemm sgemm CUDA3 12.657095 135786 40
CPU12 44.548138 135747 sgemm sgemm CUDA3 0.060597 135787 40
CPU0 44.386337 135748 sgemm sgemm CUDA2 1.119721 135788 40
CPU5 44.591936 135752 sgemm sgemm CUDA0 1.282506 135792 40
CPU8 44.592475 135753 sgemm sgemm CUDA1 1.261649 135793 40
CPU14 44.258816 135754 sgemm sgemm CUDA1 1.067729 135794 40
CPU6 44.896214 135755 sgemm sgemm CUDA1 1.065420 135795 40
CPU9 44.485497 135756 sgemm sgemm CUDA1 1.068647 135796 40
CPU18 44.467056 135757 sgemm sgemm CUDA0 1.066184 135797 40
CPU15 44.022311 135758 sgemm sgemm CUDA3 1.067744 135798 40
CPU16 44.312424 135759 sgemm sgemm CUDA3 1.256999 135799 40
CPU18 44.381511 135760 sgemm sgemm CUDA3 1.258859 135800 40
CPU2 44.642281 135761 sgemm sgemm CUDA2 1.068010 135801 40
CPU9 44.540633 135762 sgemm sgemm CUDA3 1.259676 135802 40
CPU11 44.389210 135763 sgemm sgemm CUDA3 0.041751 135803 40
CPU7 44.648296 135764 sgemm sgemm CUDA2 13.221724 135804 40
CPU7 44.666366 135765 sgemm sgemm CUDA0 1.255856 135805 40
CPU18 44.250760 135766 sgemm sgemm CUDA2 1.372637 135806 40
CPU6 44.567099 135767 sgemm sgemm CUDA2 1.257892 135807 40
CPU12 44.521671 135768 sgemm sgemm CUDA0 5.664648 135808 40
CPU10 44.327932 135769 sgemm sgemm CUDA0 0.060186 135809 40
CPU19 44.596406 135770 sgemm sgemm CUDA0 1.256486 135810 40
CPU12 44.652413 135771 sgemm sgemm CUDA1 1.324428 135811 40
CPU17 44.448463 135772 sgemm sgemm CUDA0 1.067379 135812 40
CPU11 44.487541 135773 sgemm sgemm CUDA3 1.262378 135813 40
CPU12 44.647282 135774 sgemm sgemm CUDA3 1.066207 135814 40
CPU11 44.261789 135775 sgemm sgemm CUDA2 1.076691 135815 40
CPU10 44.483899 135776 sgemm sgemm CUDA3 1.260713 135816 40
CPU4 44.659107 135777 sgemm sgemm CUDA0 12.047613 135817 40
CPU6 44.550124 135778 sgemm sgemm CUDA0 1.257997 135818 40
CPU3 44.693972 135782 sgemm sgemm CUDA0 1.262724 135822 40
CPU9 44.887706 135783 sgemm sgemm CUDA1 1.067472 135823 40
CPU14 44.307649 135784 sgemm sgemm CUDA1 5.917086 135824 40
CPU6 44.946625 135785 sgemm sgemm CUDA1 0.080833 135825 40
CPU9 44.551899 135786 sgemm sgemm CUDA1 1.264988 135826 40
CPU18 44.086204 135787 sgemm sgemm CUDA1 10.747664 135827 40
CPU15 44.401036 135788 sgemm sgemm CUDA3 1.259910 135828 40
CPU18 44.565468 135789 sgemm sgemm CUDA3 0.086840 135829 40
CPU17 44.815399 135790 sgemm sgemm CUDA3 1.310981 135830 40
CPU0 45.119857 135791 sgemm sgemm CUDA2 1.259191 135831 40
CPU7 44.855769 135792 sgemm sgemm CUDA3 10.702444 135832 40
CPU12 44.514598 135793 sgemm sgemm CUDA2 1.257309 135833 40
CPU15 44.479154 135794 sgemm sgemm CUDA2 1.257965 135834 40
CPU8 44.442590 135795 sgemm sgemm CUDA1 1.308847 135835 40
CPU17 44.539675 135796 sgemm sgemm CUDA2 1.067121 135836 40
CPU12 44.415335 135797 sgemm sgemm CUDA2 1.071264 135837 40
CPU7 45.217309 135798 sgemm sgemm CUDA0 1.070908 135838 40
CPU10 44.338935 135799 sgemm sgemm CUDA0 10.798563 135839 40
CPU10 44.553368 135800 sgemm sgemm CUDA0 1.250924 135840 40
CPU10 44.613066 135801 sgemm sgemm CUDA1 1.072333 135841 40
CPU10 44.260397 135802 sgemm sgemm CUDA0 1.260181 135842 40
CPU5 44.648435 135803 sgemm sgemm CUDA3 1.357249 135843 40
CPU3 44.403400 135804 sgemm sgemm CUDA3 1.256978 135844 40
CPU13 44.502631 135805 sgemm sgemm CUDA3 1.254366 135845 40
CPU12 44.381383 135806 sgemm sgemm CUDA3 1.064840 135846 40
CPU13 44.517495 135807 sgemm sgemm CUDA3 1.257508 135847 40
CPU13 44.594261 135808 sgemm sgemm CUDA2 1.077132 135848 40
CPU2 44.695070 135812 sgemm sgemm CUDA1 1.268419 135852 40
CPU7 44.570979 135813 sgemm sgemm CUDA1 1.074211 135853 40
CPU14 44.306397 135814 sgemm sgemm CUDA1 1.074153 135854 40
CPU6 44.894076 135815 sgemm sgemm CUDA1 1.273958 135855 40
CPU8 44.715133 135816 sgemm sgemm CUDA1 1.239638 135856 40
CPU18 44.063907 135817 sgemm sgemm CUDA1 1.061513 135857 40
CPU15 44.373413 135818 sgemm sgemm CUDA3 1.258288 135858 40
CPU16 44.355399 135819 sgemm sgemm CUDA3 1.065720 135859 40
CPU19 44.380547 135820 sgemm sgemm CUDA2 1.068687 135860 40
CPU9 44.513685 135821 sgemm sgemm CUDA2 1.067889 135861 40
CPU7 44.904736 135822 sgemm sgemm CUDA3 1.064491 135862 40
CPU2 45.238990 135823 sgemm sgemm CUDA2 1.064788 135863 40
CPU9 44.721175 135824 sgemm sgemm CUDA2 12.225943 135864 40
CPU16 44.499290 135825 sgemm sgemm CUDA1 1.258744 135865 40
CPU19 44.400712 135826 sgemm sgemm CUDA2 0.044361 135866 40
CPU7 44.914009 135827 sgemm sgemm CUDA2 1.303100 135867 40
CPU10 44.337444 135828 sgemm sgemm CUDA0 1.075251 135868 40
CPU4 45.137072 135829 sgemm sgemm CUDA0 1.259357 135869 40
CPU18 44.288327 135830 sgemm sgemm CUDA0 1.069790 135870 40
CPU12 44.525028 135831 sgemm sgemm CUDA1 1.071403 135871 40
CPU11 44.219447 135832 sgemm sgemm CUDA0 12.745693 135872 40
CPU13 44.809749 135833 sgemm sgemm CUDA3 1.255297 135873 40
CPU10 44.505559 135834 sgemm sgemm CUDA3 1.064521 135874 40
CPU13 44.514733 135835 sgemm sgemm CUDA3 12.774724 135875 40
CPU13 44.342368 135836 sgemm sgemm CUDA3 0.044597 135876 40
CPU13 44.487423 135837 sgemm sgemm CUDA0 0.055885 135877 40
CPU10 45.064002 135838 sgemm sgemm CUDA1 1.255550 135878 40
CPU3 44.806552 135842 sgemm sgemm CUDA1 1.201863 135882 40
CPU8 44.657818 135843 sgemm sgemm CUDA1 1.007413 135883 40
CPU14 44.296448 135844 sgemm sgemm CUDA1 1.418567 135884 40
CPU6 44.894210 135845 sgemm sgemm CUDA1 1.016275 135885 40
CPU7 44.972133 135846 sgemm sgemm CUDA1 1.015977 135886 40
CPU18 44.139561 135847 sgemm sgemm CUDA2 1.307597 135887 40
CPU16 44.258818 135848 sgemm sgemm CUDA3 1.068382 135888 40
CPU18 44.386449 135849 sgemm sgemm CUDA3 1.014864 135889 40
CPU19 44.819763 135850 sgemm sgemm CUDA2 6.341728 135890 40
CPU8 44.391452 135851 sgemm sgemm CUDA2 1.312559 135891 40
CPU7 44.881491 135852 sgemm sgemm CUDA3 1.205891 135892 40
CPU2 45.186359 135853 sgemm sgemm CUDA3 1.195546 135893 40
CPU18 44.172219 135854 sgemm sgemm CUDA2 1.015096 135894 40
CPU3 44.580565 135855 sgemm sgemm CUDA1 1.005150 135895 40
CPU18 44.312417 135856 sgemm sgemm CUDA2 1.014149 135896 40
CPU3 44.897270 135857 sgemm sgemm CUDA2 1.009318 135897 40
CPU12 44.683148 135858 sgemm sgemm CUDA0 1.212462 135898 40
CPU0 45.112480 135859 sgemm sgemm CUDA0 1.203473 135899 40
CPU12 44.524264 135860 sgemm sgemm CUDA0 1.007177 135900 40
CPU9 44.018685 135861 sgemm sgemm CUDA1 1.194413 135901 40
CPU16 44.321735 135862 sgemm sgemm CUDA0 1.204485 135902 40
CPU11 44.274808 135863 sgemm sgemm CUDA3 1.006187 135903 40
CPU12 44.452228 135864 sgemm sgemm CUDA1 1.012573 135904 40
CPU12 44.374864 135865 sgemm sgemm CUDA3 1.201514 135905 40
CPU3 44.576189 135866 sgemm sgemm CUDA2 1.203757 135906 40
CPU0 44.880201 135867 sgemm sgemm CUDA3 12.319573 135907 40
CPU7 44.659616 135868 sgemm sgemm CUDA0 1.193642 135908 40
CPU7 44.799599 135872 sgemm sgemm CUDA1 1.257173 135912 40
CPU8 44.503269 135873 sgemm sgemm CUDA1 1.063638 135913 40
CPU14 44.409985 135874 sgemm sgemm CUDA2 1.150958 135914 40
CPU6 44.820608 135875 sgemm sgemm CUDA2 1.068985 135915 40
CPU9 44.561843 135876 sgemm sgemm CUDA1 1.201839 135916 40
CPU18 44.367971 135877 sgemm sgemm CUDA2 1.068140 135917 40
CPU15 44.447811 135878 sgemm sgemm CUDA3 1.271268 135918 40
CPU17 44.327501 135879 sgemm sgemm CUDA3 1.078173 135919 40
CPU19 44.554463 135880 sgemm sgemm CUDA2 2.054010 135920 40
CPU2 44.742183 135881 sgemm sgemm CUDA3 1.065544 135921 40
CPU8 44.239212 135882 sgemm sgemm CUDA3 1.066738 135922 40
CPU13 44.731968 135883 sgemm sgemm CUDA3 16.721017 135923 40
CPU17 44.510235 135884 sgemm sgemm CUDA3 0.043974 135924 40
CPU9 44.461341 135885 sgemm sgemm CUDA1 1.063929 135925 40
CPU19 44.557801 135886 sgemm sgemm CUDA2 0.268010 135926 40
CPU5 44.203166 135887 sgemm sgemm CUDA2 1.079696 135927 40
CPU12 44.620492 135888 sgemm sgemm CUDA0 1.217919 135928 40
CPU7 44.881017 135889 sgemm sgemm CUDA0 1.263149 135929 40
CPU12 44.566388 135890 sgemm sgemm CUDA3 1.326648 135930 40
CPU11 44.508087 135891 sgemm sgemm CUDA1 1.258027 135931 40
CPU2 44.897288 135892 sgemm sgemm CUDA0 1.255332 135932 40
CPU0 44.696708 135893 sgemm sgemm CUDA3 1.071225 135933 40
CPU9 44.256568 135894 sgemm sgemm CUDA1 1.065358 135934 40
CPU3 44.708042 135895 sgemm sgemm CUDA2 1.256354 135935 40
CPU7 44.911676 135896 sgemm sgemm CUDA2 1.068481 135936 40
CPU11 44.198689 135897 sgemm sgemm CUDA3 1.069901 135937 40
CPU13 44.781203 135898 sgemm sgemm CUDA0 1.203938 135938 40
CPU7 44.697700 135902 sgemm sgemm CUDA1 1.420877 135942 40
CPU7 44.274299 135903 sgemm sgemm CUDA1 1.260053 135943 40
CPU14 44.565772 135904 sgemm sgemm CUDA2 1.262455 135944 40
CPU6 44.604611 135905 sgemm sgemm CUDA2 1.064840 135945 40
CPU7 44.458248 135906 sgemm sgemm CUDA2 1.067624 135946 40
CPU18 44.347603 135907 sgemm sgemm CUDA2 1.068323 135947 40
CPU15 44.639811 135908 sgemm sgemm CUDA3 1.265520 135948 40
CPU17 44.728482 135909 sgemm sgemm CUDA3 1.267832 135949 40
CPU18 44.378350 135910 sgemm sgemm CUDA2 1.260345 135950 40
CPU6 44.497126 135911 sgemm sgemm CUDA2 1.069199 135951 40
CPU2 44.483153 135912 sgemm sgemm CUDA3 1.261774 135952 40
CPU17 44.589219 135913 sgemm sgemm CUDA2 1.256131 135953 40
CPU0 44.785157 135914 sgemm sgemm CUDA3 1.261025 135954 40
CPU5 43.985043 135915 sgemm sgemm CUDA0 1.304606 135955 40
CPU19 44.810367 135916 sgemm sgemm CUDA2 1.067505 135956 40
CPU7 44.188215 135917 sgemm sgemm CUDA0 1.067879 135957 40
CPU10 44.473625 135918 sgemm sgemm CUDA0 1.257317 135958 40
CPU8 44.633107 135919 sgemm sgemm CUDA0 1.074955 135959 40
CPU14 44.710799 135920 sgemm sgemm CUDA3 1.072677 135960 40
CPU2 44.081891 135921 sgemm sgemm CUDA1 1.261286 135961 40
CPU16 44.561475 135922 sgemm sgemm CUDA1 1.066290 135962 40
CPU5 44.002150 135923 sgemm sgemm CUDA3 1.259053 135963 40
CPU19 44.908232 135924 sgemm sgemm CUDA1 1.069644 135964 40
CPU11 44.396298 135925 sgemm sgemm CUDA3 1.261238 135965 40
CPU12 44.652364 135926 sgemm sgemm CUDA3 12.740060 135966 40
CPU0 44.948483 135927 sgemm sgemm CUDA0 1.067612 135967 40
CPU1 44.273927 135928 sgemm sgemm CUDA2 12.229431 135968 40
CPU2 44.569168 135932 sgemm sgemm CUDA1 0.048951 135972 40
CPU8 44.518725 135933 sgemm sgemm CUDA1 11.880446 135973 40
CPU14 44.774352 135934 sgemm sgemm CUDA2 1.337733 135974 40
CPU6 44.881798 135935 sgemm sgemm CUDA2 1.110681 135975 40
CPU9 44.552457 135936 sgemm sgemm CUDA1 1.363458 135976 40
CPU18 44.414538 135937 sgemm sgemm CUDA2 1.266917 135977 40
CPU16 44.411992 135938 sgemm sgemm CUDA3 1.286505 135978 40
CPU18 44.572348 135939 sgemm sgemm CUDA3 1.257919 135979 40
CPU19 44.617269 135940 sgemm sgemm CUDA3 1.070117 135980 40
CPU0 44.909457 135941 sgemm sgemm CUDA2 7.492604 135981 40
CPU3 44.602172 135942 sgemm sgemm CUDA3 1.069682 135982 40
CPU16 44.611531 135943 sgemm sgemm CUDA2 0.054081 135983 40
CPU10 44.791532 135944 sgemm sgemm CUDA3 1.256554 135984 40
CPU5 44.274959 135945 sgemm sgemm CUDA0 12.988459 135985 40
CPU18 44.453476 135946 sgemm sgemm CUDA2 1.411135 135986 40
CPU12 44.695250 135947 sgemm sgemm CUDA0 0.079637 135987 40
CPU11 44.287378 135948 sgemm sgemm CUDA0 11.888740 135988 40
CPU11 44.238418 135949 sgemm sgemm CUDA0 0.045036 135989 40
CPU10 44.825420 135950 sgemm sgemm CUDA3 1.076032 135990 40
CPU2 44.335960 135951 sgemm sgemm CUDA1 7.608738 135991 40
CPU16 44.435958 135952 sgemm sgemm CUDA0 1.469717 135992 40
CPU10 44.525237 135953 sgemm sgemm CUDA3 1.257513 135993 40
CPU13 44.713460 135954 sgemm sgemm CUDA3 1.068826 135994 40
CPU13 44.516281 135955 sgemm sgemm CUDA3 1.260864 135995 40
CPU11 44.284239 135956 sgemm sgemm CUDA1 0.074218 135996 40
CPU12 44.229333 135957 sgemm sgemm CUDA1 0.044046 135997 40
CPU11 44.174475 135958 sgemm sgemm CUDA2 1.066359 135998 40
CPU1 44.515579 135962 sgemm sgemm CUDA1 1.257634 136002 40
CPU8 44.234907 135963 sgemm sgemm CUDA1 1.075278 136003 40
CPU14 44.590409 135964 sgemm sgemm CUDA2 1.382046 136004 40
CPU6 44.776168 135965 sgemm sgemm CUDA2 1.065361 136005 40
CPU9 44.475619 135966 sgemm sgemm CUDA1 1.069637 136006 40
CPU18 44.319256 135967 sgemm sgemm CUDA2 1.066540 136007 40
CPU15 44.503135 135968 sgemm sgemm CUDA2 1.265026 136008 40
CPU18 44.556274 135969 sgemm sgemm CUDA3 1.280156 136009 40
CPU17 44.567738 135970 sgemm sgemm CUDA2 1.066919 136010 40
CPU3 44.593414 135971 sgemm sgemm CUDA3 9.812674 136011 40
CPU9 44.442769 135972 sgemm sgemm CUDA3 1.253147 136012 40
CPU11 44.818993 135973 sgemm sgemm CUDA3 1.068146 136013 40
CPU15 44.542055 135974 sgemm sgemm CUDA3 1.065314 136014 40
CPU4 44.542157 135975 sgemm sgemm CUDA0 1.260710 136015 40
CPU19 44.746974 135976 sgemm sgemm CUDA0 1.068920 136016 40
CPU4 44.323917 135977 sgemm sgemm CUDA0 1.069298 136017 40
CPU12 44.713239 135978 sgemm sgemm CUDA0 1.064416 136018 40
CPU10 44.583065 135979 sgemm sgemm CUDA2 1.063466 136019 40
CPU15 44.488707 135980 sgemm sgemm CUDA3 1.065503 136020 40
CPU7 44.300795 135981 sgemm sgemm CUDA1 1.254866 136021 40
CPU16 44.566537 135982 sgemm sgemm CUDA0 1.069672 136022 40
CPU11 44.540762 135983 sgemm sgemm CUDA3 1.066537 136023 40
CPU12 44.698972 135984 sgemm sgemm CUDA1 1.073867 136024 40
CPU12 44.564217 135985 sgemm sgemm CUDA2 1.260133 136025 40
CPU5 44.573311 135986 sgemm sgemm CUDA2 1.069885 136026 40
CPU3 44.563730 135987 sgemm sgemm CUDA2 1.256838 136027 40
CPU9 44.594480 135988 sgemm sgemm CUDA1 1.262402 136028 40
CPU10 44.626786 135992 sgemm sgemm CUDA1 1.063507 136032 40
CPU8 44.361368 135993 sgemm sgemm CUDA1 1.254077 136033 40
CPU14 44.602158 135994 sgemm sgemm CUDA2 1.072457 136034 40
CPU6 44.509828 135995 sgemm sgemm CUDA1 1.258950 136035 40
CPU8 44.402346 135996 sgemm sgemm CUDA1 1.067070 136036 40
CPU18 44.344294 135997 sgemm sgemm CUDA2 1.069403 136037 40
CPU16 44.521291 135998 sgemm sgemm CUDA3 1.013003 136038 40
CPU16 44.407230 135999 sgemm sgemm CUDA3 1.259241 136039 40
CPU19 44.450914 136000 sgemm sgemm CUDA2 1.256049 136040 40
CPU5 44.187403 136001 sgemm sgemm CUDA3 1.065081 136041 40
CPU0 44.360801 136002 sgemm sgemm CUDA3 1.260476 136042 40
CPU6 44.484056 136003 sgemm sgemm CUDA3 1.072230 136043 40
CPU10 44.906655 136004 sgemm sgemm CUDA2 1.069878 136044 40
CPU17 44.724379 136005 sgemm sgemm CUDA0 1.208063 136045 40
CPU19 44.861053 136006 sgemm sgemm CUDA0 1.260154 136046 40
CPU3 44.163443 136007 sgemm sgemm CUDA0 1.069124 136047 40
CPU12 44.660553 136008 sgemm sgemm CUDA0 1.065739 136048 40
CPU10 44.705422 136009 sgemm sgemm CUDA2 1.255869 136049 40
CPU4 44.175331 136010 sgemm sgemm CUDA3 1.063153 136050 40
CPU9 43.973523 136011 sgemm sgemm CUDA1 1.259962 136051 40
CPU16 44.690259 136012 sgemm sgemm CUDA1 1.257890 136052 40
CPU19 44.878212 136013 sgemm sgemm CUDA3 1.257524 136053 40
CPU18 44.545977 136014 sgemm sgemm CUDA1 12.927360 136054 40
CPU6 44.513309 136015 sgemm sgemm CUDA2 1.256357 136055 40
CPU13 44.486693 136016 sgemm sgemm CUDA1 0.207593 136056 40
CPU3 44.561878 136017 sgemm sgemm CUDA0 1.064476 136057 40
CPU7 44.008892 136018 sgemm sgemm CUDA0 1.262940 136058 40
CPU9 44.495509 136022 sgemm sgemm CUDA0 1.272355 136062 40
CPU8 44.520654 136023 sgemm sgemm CUDA1 1.315185 136063 40
CPU14 44.609726 136024 sgemm sgemm CUDA1 1.071253 136064 40
CPU6 44.876190 136025 sgemm sgemm CUDA1 8.853707 136065 40
CPU8 44.561326 136026 sgemm sgemm CUDA0 1.069706 136066 40
CPU18 44.157864 136027 sgemm sgemm CUDA1 0.048769 136067 40
CPU15 44.407376 136028 sgemm sgemm CUDA3 1.417795 136068 40
CPU17 44.638171 136029 sgemm sgemm CUDA3 0.118621 136069 40
CPU16 44.448779 136030 sgemm sgemm CUDA3 1.548514 136070 40
CPU5 44.477117 136031 sgemm sgemm CUDA3 1.264251 136071 40
CPU6 44.657609 136032 sgemm sgemm CUDA3 1.074802 136072 40
CPU3 45.064583 136033 sgemm sgemm CUDA3 7.874420 136073 40
CPU19 44.387451 136034 sgemm sgemm CUDA3 0.194949 136074 40
CPU4 44.615424 136035 sgemm sgemm CUDA1 1.388652 136075 40
CPU17 44.792694 136036 sgemm sgemm CUDA0 1.068155 136076 40
CPU13 44.562405 136037 sgemm sgemm CUDA0 1.074226 136077 40
CPU18 44.193854 136038 sgemm sgemm CUDA0 1.258414 136078 40
CPU6 44.751395 136039 sgemm sgemm CUDA0 1.073247 136079 40
CPU11 44.596981 136040 sgemm sgemm CUDA0 1.068153 136080 40
CPU3 44.003876 136041 sgemm sgemm CUDA1 1.258163 136081 40
CPU16 44.467885 136042 sgemm sgemm CUDA0 1.264801 136082 40
CPU10 44.733594 136043 sgemm sgemm CUDA3 1.263641 136083 40
CPU16 44.698568 136044 sgemm sgemm CUDA1 1.064799 136084 40
CPU16 44.706894 136045 sgemm sgemm CUDA3 1.064652 136085 40
CPU5 44.689584 136046 sgemm sgemm CUDA2 1.272701 136086 40
CPU4 44.003830 136047 sgemm sgemm CUDA2 1.078614 136087 40
CPU3 46.150174 136048 sgemm sgemm CUDA2 1.073190 136088 40
CPU4 44.824563 136052 sgemm sgemm CUDA2 0.059627 136092 40
CPU7 44.425568 136053 sgemm sgemm CUDA2 1.265766 136093 40
CPU14 44.436686 136054 sgemm sgemm CUDA2 1.065704 136094 40
CPU6 45.065987 136055 sgemm sgemm CUDA1 1.069698 136095 40
CPU9 44.808735 136056 sgemm sgemm CUDA1 1.260044 136096 40
CPU18 44.263449 136057 sgemm sgemm CUDA2 10.843680 136097 40
CPU16 44.221594 136058 sgemm sgemm CUDA3 1.336983 136098 40
CPU18 44.328249 136059 sgemm sgemm CUDA3 1.067070 136099 40
CPU17 44.555918 136060 sgemm sgemm CUDA3 1.256686 136100 40
CPU9 44.911045 136061 sgemm sgemm CUDA3 1.257293 136101 40
CPU5 44.605689 136062 sgemm sgemm CUDA3 1.271273 136102 40
CPU10 44.419463 136063 sgemm sgemm CUDA3 1.066201 136103 40
CPU17 44.607642 136064 sgemm sgemm CUDA3 1.065115 136104 40
CPU8 44.461307 136065 sgemm sgemm CUDA1 1.258294 136105 40
CPU2 44.624416 136066 sgemm sgemm CUDA2 1.070999 136106 40
CPU8 44.780321 136067 sgemm sgemm CUDA0 1.075712 136107 40
CPU10 44.405276 136068 sgemm sgemm CUDA0 1.069211 136108 40
CPU1 44.607113 136069 sgemm sgemm CUDA0 1.258803 136109 40
CPU4 44.929757 136070 sgemm sgemm CUDA0 1.067997 136110 40
CPU8 44.706131 136071 sgemm sgemm CUDA1 1.260718 136111 40
CPU16 44.270467 136072 sgemm sgemm CUDA0 1.260724 136112 40
CPU11 44.268973 136073 sgemm sgemm CUDA3 1.067423 136113 40
CPU12 44.597018 136074 sgemm sgemm CUDA3 1.261244 136114 40
CPU12 44.412343 136075 sgemm sgemm CUDA1 1.270721 136115 40
CPU1 44.569116 136076 sgemm sgemm CUDA1 1.080885 136116 40
CPU5 44.562559 136077 sgemm sgemm CUDA2 1.258616 136117 40
CPU8 44.579860 136078 sgemm sgemm CUDA2 1.259624 136118 40
CPU6 44.565293 136082 sgemm sgemm CUDA2 1.065918 136122 40
CPU7 44.483035 136083 sgemm sgemm CUDA2 1.258137 136123 40
CPU14 44.575761 136084 sgemm sgemm CUDA2 1.169505 136124 40
CPU6 44.815708 136085 sgemm sgemm CUDA2 12.460659 136125 40
CPU9 44.518984 136086 sgemm sgemm CUDA2 0.085229 136126 40
CPU18 44.359099 136087 sgemm sgemm CUDA2 11.914149 136127 40
CPU15 44.519754 136088 sgemm sgemm CUDA3 1.200382 136128 40
CPU18 44.407550 136089 sgemm sgemm CUDA3 1.067877 136129 40
CPU19 44.621586 136090 sgemm sgemm CUDA2 0.106195 136130 40
CPU1 44.624263 136091 sgemm sgemm CUDA2 1.318902 136131 40
CPU7 44.786377 136092 sgemm sgemm CUDA3 1.265006 136132 40
CPU7 44.495190 136093 sgemm sgemm CUDA2 1.260802 136133 40
CPU10 44.639971 136094 sgemm sgemm CUDA3 1.068425 136134 40
CPU9 44.442412 136095 sgemm sgemm CUDA0 0.050835 136135 40
CPU17 44.278279 136096 sgemm sgemm CUDA2 1.061725 136136 40
CPU1 44.129052 136097 sgemm sgemm CUDA0 11.521191 136137 40
CPU12 44.429782 136098 sgemm sgemm CUDA0 0.054576 136138 40
CPU10 44.373102 136099 sgemm sgemm CUDA0 1.317160 136139 40
CPU16 44.487498 136100 sgemm sgemm CUDA3 12.169993 136140 40
CPU2 44.263456 136101 sgemm sgemm CUDA1 0.054036 136141 40
CPU16 44.336413 136102 sgemm sgemm CUDA1 10.161365 136142 40
CPU11 44.491112 136103 sgemm sgemm CUDA3 0.250886 136143 40
CPU12 44.673408 136104 sgemm sgemm CUDA1 0.094916 136144 40
CPU12 44.464899 136105 sgemm sgemm CUDA1 1.297072 136145 40
CPU11 44.184355 136106 sgemm sgemm CUDA2 1.259547 136146 40
CPU1 44.558424 136107 sgemm sgemm CUDA3 11.805724 136147 40
CPU5 44.449739 136108 sgemm sgemm CUDA1 1.072310 136148 40
CPU5 44.750689 136112 sgemm sgemm CUDA1 0.050089 136152 40
CPU8 44.461362 136113 sgemm sgemm CUDA2 1.269608 136153 40
CPU14 44.430665 136114 sgemm sgemm CUDA2 1.277716 136154 40
CPU6 44.817770 136115 sgemm sgemm CUDA2 1.263969 136155 40
CPU7 44.999930 136116 sgemm sgemm CUDA1 1.380584 136156 40
CPU18 44.240054 136117 sgemm sgemm CUDA2 5.440000 136157 40
CPU15 44.505780 136118 sgemm sgemm CUDA2 0.043231 136158 40
CPU18 44.185903 136119 sgemm sgemm CUDA3 1.074547 136159 40
CPU19 44.395181 136120 sgemm sgemm CUDA2 1.390116 136160 40
CPU1 44.659890 136121 sgemm sgemm CUDA2 1.071431 136161 40
CPU4 44.865075 136122 sgemm sgemm CUDA3 1.266984 136162 40
CPU5 44.736695 136123 sgemm sgemm CUDA2 1.261807 136163 40
CPU18 44.293646 136124 sgemm sgemm CUDA3 6.621723 136164 40
CPU5 44.255863 136125 sgemm sgemm CUDA1 1.067770 136165 40
CPU18 44.373366 136126 sgemm sgemm CUDA2 1.068964 136166 40
CPU5 44.058581 136127 sgemm sgemm CUDA0 1.059757 136167 40
CPU12 44.403331 136128 sgemm sgemm CUDA0 1.260270 136168 40
CPU4 45.067550 136129 sgemm sgemm CUDA0 1.255076 136169 40
CPU14 44.492595 136130 sgemm sgemm CUDA3 0.045768 136170 40
CPU6 44.466484 136131 sgemm sgemm CUDA1 1.072920 136171 40
CPU16 44.119833 136132 sgemm sgemm CUDA1 6.525481 136172 40
CPU11 44.399036 136133 sgemm sgemm CUDA3 1.281990 136173 40
CPU12 44.653137 136134 sgemm sgemm CUDA1 0.060471 136174 40
CPU12 44.399583 136135 sgemm sgemm CUDA3 1.081326 136175 40
CPU4 44.564604 136136 sgemm sgemm CUDA3 1.068207 136176 40
CPU11 44.227071 136137 sgemm sgemm CUDA3 1.069292 136177 40
CPU7 44.608510 136138 sgemm sgemm CUDA3 1.258812 136178 40
CPU8 44.478515 136142 sgemm sgemm CUDA1 1.073276 136182 40
CPU8 44.439151 136143 sgemm sgemm CUDA1 1.091258 136183 40
CPU14 44.543539 136144 sgemm sgemm CUDA3 1.265546 136184 40
CPU6 44.326322 136145 sgemm sgemm CUDA1 1.275999 136185 40
CPU1 44.286243 136146 sgemm sgemm CUDA1 1.088332 136186 40
CPU18 44.368311 136147 sgemm sgemm CUDA1 1.266381 136187 40
CPU16 44.573125 136148 sgemm sgemm CUDA3 1.256141 136188 40
CPU18 44.658383 136149 sgemm sgemm CUDA3 1.261187 136189 40
CPU18 44.392818 136150 sgemm sgemm CUDA3 1.070595 136190 40
CPU3 44.522684 136151 sgemm sgemm CUDA3 1.085362 136191 40
CPU11 44.518908 136152 sgemm sgemm CUDA3 1.256367 136192 40
CPU5 44.113666 136153 sgemm sgemm CUDA2 1.070260 136193 40
CPU16 44.568926 136154 sgemm sgemm CUDA3 1.259118 136194 40
CPU9 44.093642 136155 sgemm sgemm CUDA0 1.260367 136195 40
CPU11 44.701417 136156 sgemm sgemm CUDA0 1.062818 136196 40
CPU9 43.982028 136157 sgemm sgemm CUDA0 1.256433 136197 40
CPU12 44.571945 136158 sgemm sgemm CUDA1 1.262753 136198 40
CPU10 44.629300 136159 sgemm sgemm CUDA0 1.298608 136199 40
CPU8 44.107163 136160 sgemm sgemm CUDA0 1.070592 136200 40
CPU3 43.937196 136161 sgemm sgemm CUDA0 1.071089 136201 40
CPU16 44.515319 136162 sgemm sgemm CUDA0 1.068470 136202 40
CPU4 44.383700 136163 sgemm sgemm CUDA3 1.069436 136203 40
CPU10 44.921918 136164 sgemm sgemm CUDA1 1.070152 136204 40
CPU3 44.253539 136165 sgemm sgemm CUDA2 1.062764 136205 40
CPU6 44.484667 136166 sgemm sgemm CUDA2 1.258878 136206 40
CPU1 44.271967 136167 sgemm sgemm CUDA2 1.255540 136207 40
CPU4 45.386611 136168 sgemm sgemm CUDA0 7.346408 136208 40
CPU9 44.458992 136172 sgemm sgemm CUDA1 1.256928 136212 40
CPU7 44.226528 136173 sgemm sgemm CUDA1 1.066584 136213 40
CPU14 44.414047 136174 sgemm sgemm CUDA1 1.063035 136214 40
CPU6 44.716911 136175 sgemm sgemm CUDA2 1.255980 136215 40
CPU7 44.712806 136176 sgemm sgemm CUDA1 1.259521 136216 40
CPU18 44.304817 136177 sgemm sgemm CUDA2 1.070064 136217 40
CPU16 44.499726 136178 sgemm sgemm CUDA3 0.039108 136218 40
CPU18 44.333998 136179 sgemm sgemm CUDA3 1.326571 136219 40
CPU19 44.686674 136180 sgemm sgemm CUDA3 1.256101 136220 40
CPU8 44.496478 136181 sgemm sgemm CUDA3 1.066282 136221 40
CPU2 44.297505 136182 sgemm sgemm CUDA3 1.260552 136222 40
CPU3 44.612428 136183 sgemm sgemm CUDA2 1.259185 136223 40
CPU19 44.568957 136184 sgemm sgemm CUDA3 1.258330 136224 40
CPU8 44.093746 136185 sgemm sgemm CUDA0 1.068734 136225 40
CPU17 44.708510 136186 sgemm sgemm CUDA0 1.261234 136226 40
CPU0 44.859888 136187 sgemm sgemm CUDA2 1.263717 136227 40
CPU3 44.435944 136188 sgemm sgemm CUDA0 1.256238 136228 40
CPU10 44.578274 136189 sgemm sgemm CUDA2 1.255630 136229 40
CPU5 44.231501 136190 sgemm sgemm CUDA0 1.260318 136230 40
CPU0 44.452731 136191 sgemm sgemm CUDA0 1.070102 136231 40
CPU16 44.333725 136192 sgemm sgemm CUDA1 1.260838 136232 40
CPU11 44.455824 136193 sgemm sgemm CUDA3 1.264188 136233 40
CPU12 44.726681 136194 sgemm sgemm CUDA3 12.962826 136234 40
CPU12 44.404046 136195 sgemm sgemm CUDA2 0.040331 136235 40
CPU9 44.482093 136196 sgemm sgemm CUDA2 1.369877 136236 40
CPU9 44.649640 136197 sgemm sgemm CUDA0 1.260784 136237 40
CPU6 44.573042 136198 sgemm sgemm CUDA1 1.259278 136238 40
CPU0 44.922700 136202 sgemm sgemm CUDA2 1.305043 136242 40
CPU7 44.535937 136203 sgemm sgemm CUDA2 1.260872 136243 40
CPU14 44.425521 136204 sgemm sgemm CUDA2 1.265404 136244 40
CPU6 44.787441 136205 sgemm sgemm CUDA2 1.071134 136245 40
CPU9 44.669632 136206 sgemm sgemm CUDA1 1.074659 136246 40
CPU18 44.095827 136207 sgemm sgemm CUDA2 1.068345 136247 40
CPU15 43.866280 136208 sgemm sgemm CUDA2 1.256996 136248 40
CPU16 44.457660 136209 sgemm sgemm CUDA1 1.068224 136249 40
CPU17 44.731673 136210 sgemm sgemm CUDA1 1.069392 136250 40
CPU0 44.905695 136211 sgemm sgemm CUDA1 1.070842 136251 40
CPU8 44.178979 136212 sgemm sgemm CUDA3 1.259680 136252 40
CPU4 45.123384 136213 sgemm sgemm CUDA3 1.261371 136253 40
CPU10 44.994469 136214 sgemm sgemm CUDA3 1.261998 136254 40
CPU0 44.796361 136215 sgemm sgemm CUDA1 1.072107 136255 40
CPU17 44.473883 136216 sgemm sgemm CUDA0 1.008556 136256 40
CPU0 44.958720 136217 sgemm sgemm CUDA0 1.262221 136257 40
CPU5 44.321742 136218 sgemm sgemm CUDA1 12.382296 136258 40
CPU10 44.344511 136219 sgemm sgemm CUDA0 1.256813 136259 40
CPU17 44.521337 136220 sgemm sgemm CUDA3 1.259422 136260 40
CPU5 44.310731 136221 sgemm sgemm CUDA0 1.257398 136261 40
CPU16 44.286171 136222 sgemm sgemm CUDA3 1.069284 136262 40
CPU11 44.392930 136223 sgemm sgemm CUDA3 1.066459 136263 40
CPU12 44.652749 136224 sgemm sgemm CUDA3 1.064585 136264 40
CPU12 44.431681 136225 sgemm sgemm CUDA3 12.801282 136265 40
CPU6 44.465075 136226 sgemm sgemm CUDA1 0.043199 136266 40
CPU4 44.649598 136227 sgemm sgemm CUDA2 1.067406 136267 40
CPU8 44.608316 136228 sgemm sgemm CUDA0 1.065903 136268 40
CPU4 44.847615 136232 sgemm sgemm CUDA2 1.074444 136272 40
CPU8 44.798745 136233 sgemm sgemm CUDA3 1.077241 136273 40
CPU14 44.355967 136234 sgemm sgemm CUDA3 1.265315 136274 40
CPU6 44.875021 136235 sgemm sgemm CUDA2 1.431976 136275 40
CPU9 44.748269 136236 sgemm sgemm CUDA3 1.261165 136276 40
CPU18 44.204005 136237 sgemm sgemm CUDA3 12.939015 136277 40
CPU16 44.302350 136238 sgemm sgemm CUDA2 1.279561 136278 40
CPU17 44.408796 136239 sgemm sgemm CUDA3 0.137372 136279 40
CPU19 44.722662 136240 sgemm sgemm CUDA3 1.077838 136280 40
CPU9 44.937800 136241 sgemm sgemm CUDA3 1.263887 136281 40
CPU3 44.667206 136242 sgemm sgemm CUDA3 1.344959 136282 40
CPU0 44.706990 136243 sgemm sgemm CUDA3 1.286691 136283 40
CPU16 44.384813 136244 sgemm sgemm CUDA2 1.270070 136284 40
CPU7 44.553318 136245 sgemm sgemm CUDA0 1.255821 136285 40
CPU17 44.340614 136246 sgemm sgemm CUDA0 1.274794 136286 40
CPU2 44.381922 136247 sgemm sgemm CUDA2 1.088404 136287 40
CPU12 44.398559 136248 sgemm sgemm CUDA0 5.972075 136288 40
CPU10 44.234358 136249 sgemm sgemm CUDA2 1.258006 136289 40
CPU19 44.521298 136250 sgemm sgemm CUDA3 1.317109 136290 40
CPU4 44.673708 136251 sgemm sgemm CUDA0 1.273621 136291 40
CPU16 44.272001 136252 sgemm sgemm CUDA1 1.069706 136292 40
CPU11 44.562895 136253 sgemm sgemm CUDA3 1.335112 136293 40
CPU12 44.558038 136254 sgemm sgemm CUDA1 1.071062 136294 40
CPU12 44.277910 136255 sgemm sgemm CUDA1 1.068681 136295 40
CPU12 44.288671 136256 sgemm sgemm CUDA1 1.255286 136296 40
CPU6 44.613012 136257 sgemm sgemm CUDA2 1.267376 136297 40
CPU3 44.598908 136258 sgemm sgemm CUDA2 1.265520 136298 40
CPU0 44.847173 136262 sgemm sgemm CUDA1 1.256623 136302 40
CPU8 44.529364 136263 sgemm sgemm CUDA1 1.262225 136303 40
CPU14 44.247631 136264 sgemm sgemm CUDA1 1.070128 136304 40
CPU6 44.774634 136265 sgemm sgemm CUDA1 1.068657 136305 40
CPU8 44.516974 136266 sgemm sgemm CUDA3 0.046284 136306 40
CPU18 44.226652 136267 sgemm sgemm CUDA3 1.414409 136307 40
CPU15 44.077062 136268 sgemm sgemm CUDA3 1.068199 136308 40
CPU16 44.666848 136269 sgemm sgemm CUDA1 1.260676 136309 40
CPU18 44.152507 136270 sgemm sgemm CUDA1 1.072430 136310 40
CPU8 44.729851 136271 sgemm sgemm CUDA1 13.172717 136311 40
CPU0 44.706394 136272 sgemm sgemm CUDA3 1.069099 136312 40
CPU9 44.836071 136273 sgemm sgemm CUDA3 1.066080 136313 40
CPU15 44.460351 136274 sgemm sgemm CUDA3 1.258605 136314 40
CPU6 44.558637 136275 sgemm sgemm CUDA0 0.047955 136315 40
CPU17 44.409282 136276 sgemm sgemm CUDA0 1.323940 136316 40
CPU0 45.086020 136277 sgemm sgemm CUDA0 1.064809 136317 40
CPU10 44.389258 136278 sgemm sgemm CUDA0 1.256889 136318 40
CPU10 44.404579 136279 sgemm sgemm CUDA0 1.259213 136319 40
CPU10 44.524374 136280 sgemm sgemm CUDA3 1.259927 136320 40
CPU8 44.372023 136281 sgemm sgemm CUDA0 1.263603 136321 40
CPU16 44.290334 136282 sgemm sgemm CUDA3 1.260574 136322 40
CPU11 44.563440 136283 sgemm sgemm CUDA3 1.261355 136323 40
CPU12 44.507887 136284 sgemm sgemm CUDA0 1.259117 136324 40
CPU10 44.630922 136285 sgemm sgemm CUDA1 2.024356 136325 40
CPU7 44.950609 136286 sgemm sgemm CUDA0 1.076899 136326 40
CPU12 44.496878 136287 sgemm sgemm CUDA2 1.068769 136327 40
CPU1 44.553486 136288 sgemm sgemm CUDA0 1.069547 136328 40
CPU3 44.314995 136292 sgemm sgemm CUDA2 1.079889 136332 40
CPU7 44.832638 136293 sgemm sgemm CUDA2 1.069573 136333 40
CPU14 44.254180 136294 sgemm sgemm CUDA2 1.062796 136334 40
CPU6 45.013205 136295 sgemm sgemm CUDA3 1.262520 136335 40
CPU9 44.809828 136296 sgemm sgemm CUDA3 12.535137 136336 40
CPU18 44.092575 136297 sgemm sgemm CUDA2 1.063734 136337 40
CPU15 44.587020 136298 sgemm sgemm CUDA3 0.046567 136338 40
CPU18 44.119403 136299 sgemm sgemm CUDA3 1.067392 136339 40
CPU18 44.278816 136300 sgemm sgemm CUDA2 1.068609 136340 40
CPU3 44.642253 136301 sgemm sgemm CUDA3 1.261442 136341 40
CPU10 44.630264 136302 sgemm sgemm CUDA3 1.258421 136342 40
CPU8 44.992181 136303 sgemm sgemm CUDA2 1.262119 136343 40
CPU10 44.435161 136304 sgemm sgemm CUDA3 1.072286 136344 40
CPU3 44.515106 136305 sgemm sgemm CUDA0 1.076010 136345 40
CPU19 44.611800 136306 sgemm sgemm CUDA0 1.258541 136346 40
CPU4 44.633457 136307 sgemm sgemm CUDA0 1.070164 136347 40
CPU0 44.903461 136308 sgemm sgemm CUDA1 1.262717 136348 40
CPU10 45.300363 136309 sgemm sgemm CUDA1 1.257150 136349 40
CPU11 44.493233 136310 sgemm sgemm CUDA1 1.079796 136350 40
CPU1 44.588963 136311 sgemm sgemm CUDA1 1.273040 136351 40
CPU16 44.100562 136312 sgemm sgemm CUDA1 1.069235 136352 40
CPU11 44.344572 136313 sgemm sgemm CUDA3 1.068643 136353 40
CPU12 44.527044 136314 sgemm sgemm CUDA1 1.071868 136354 40
CPU8 44.514766 136315 sgemm sgemm CUDA1 12.346911 136355 40
CPU2 44.676232 136316 sgemm sgemm CUDA2 12.681506 136356 40
CPU7 45.001206 136317 sgemm sgemm CUDA0 12.118195 136357 40
CPU1 44.607389 136318 sgemm sgemm CUDA2 0.039687 136358 40
CPU1 44.312081 136322 sgemm sgemm CUDA2 1.229310 136362 40
CPU7 44.519564 136323 sgemm sgemm CUDA2 1.065929 136363 40
CPU14 44.471345 136324 sgemm sgemm CUDA2 1.260302 136364 40
CPU6 44.718719 136325 sgemm sgemm CUDA1 1.069392 136365 40
CPU7 44.730893 136326 sgemm sgemm CUDA1 1.814111 136366 40
CPU18 44.270369 136327 sgemm sgemm CUDA1 11.985089 136367 40
CPU15 44.512685 136328 sgemm sgemm CUDA3 1.061374 136368 40
CPU18 44.315006 136329 sgemm sgemm CUDA1 1.379858 136369 40
CPU16 44.419076 136330 sgemm sgemm CUDA1 1.255377 136370 40
CPU6 44.681064 136331 sgemm sgemm CUDA1 1.072378 136371 40
CPU10 44.578758 136332 sgemm sgemm CUDA3 1.259046 136372 40
CPU1 44.827881 136333 sgemm sgemm CUDA3 1.063199 136373 40
CPU10 44.633402 136334 sgemm sgemm CUDA3 1.006901 136374 40
CPU4 44.634628 136335 sgemm sgemm CUDA1 1.069661 136375 40
CPU17 44.436099 136336 sgemm sgemm CUDA2 1.069163 136376 40
CPU8 44.346224 136337 sgemm sgemm CUDA0 1.373129 136377 40
CPU8 44.359595 136338 sgemm sgemm CUDA1 1.067077 136378 40
CPU10 44.576970 136339 sgemm sgemm CUDA1 0.042560 136379 40
CPU17 44.616345 136340 sgemm sgemm CUDA1 1.357039 136380 40
CPU2 44.315434 136341 sgemm sgemm CUDA1 1.254012 136381 40
CPU16 44.279036 136342 sgemm sgemm CUDA0 1.069090 136382 40
CPU11 44.510649 136343 sgemm sgemm CUDA0 1.070314 136383 40
CPU12 44.594603 136344 sgemm sgemm CUDA1 1.252629 136384 40
CPU12 44.400747 136345 sgemm sgemm CUDA1 1.252419 136385 40
CPU10 44.606281 136346 sgemm sgemm CUDA1 1.065184 136386 40
CPU12 44.533293 136347 sgemm sgemm CUDA3 1.256847 136387 40
CPU9 45.925437 136348 sgemm sgemm CUDA2 1.063111 136388 40
CPU7 44.325017 136352 sgemm sgemm CUDA0 1.257602 136392 40
CPU7 44.445884 136353 sgemm sgemm CUDA3 1.069118 136393 40
CPU14 44.786974 136354 sgemm sgemm CUDA3 12.201327 136394 40
CPU2 44.201167 136355 sgemm sgemm CUDA3 0.046773 136395 40
CPU3 44.224393 136356 sgemm sgemm CUDA0 1.005955 136396 40
CPU18 44.528659 136357 sgemm sgemm CUDA0 1.200008 136397 40
CPU15 44.476372 136358 sgemm sgemm CUDA3 1.257255 136398 40
CPU18 44.499920 136359 sgemm sgemm CUDA1 1.071634 136399 40
CPU19 44.719402 136360 sgemm sgemm CUDA3 1.009943 136400 40
CPU4 44.374118 136361 sgemm sgemm CUDA3 1.204532 136401 40
CPU1 44.223559 136362 sgemm sgemm CUDA3 1.009991 136402 40
CPU3 44.541401 136363 sgemm sgemm CUDA2 1.255739 136403 40
CPU11 44.659637 136364 sgemm sgemm CUDA0 1.200203 136404 40
CPU6 44.217809 136365 sgemm sgemm CUDA0 1.015896 136405 40
CPU19 44.920716 136366 sgemm sgemm CUDA0 12.973070 136406 40
CPU6 44.487066 136367 sgemm sgemm CUDA0 0.042387 136407 40
CPU9 44.370195 136368 sgemm sgemm CUDA1 1.007923 136408 40
CPU1 44.323422 136369 sgemm sgemm CUDA2 1.066905 136409 40
CPU18 44.526700 136370 sgemm sgemm CUDA3 1.013119 136410 40
CPU9 44.021202 136371 sgemm sgemm CUDA2 1.009519 136411 40
CPU16 44.554384 136372 sgemm sgemm CUDA3 1.199194 136412 40
CPU11 44.639746 136373 sgemm sgemm CUDA0 1.238182 136413 40
CPU12 44.932614 136374 sgemm sgemm CUDA0 1.198453 136414 40
CPU0 44.538666 136375 sgemm sgemm CUDA2 1.199433 136415 40
CPU8 43.930742 136376 sgemm sgemm CUDA2 13.185349 136416 40
CPU11 44.565378 136377 sgemm sgemm CUDA3 1.010967 136417 40
CPU4 44.219382 136378 sgemm sgemm CUDA1 1.198946 136418 40
CPU9 33.290779 136384 strsm strsm CUDA1 2.775956 136424 40
CPU9 32.182851 136388 strsm strsm CUDA2 2.330781 136428 40
CPU14 31.943136 136392 strsm strsm CUDA1 0.261280 136432 40
CPU2 32.191463 136396 strsm strsm CUDA3 2.130824 136436 40
CPU3 32.040524 136400 strsm strsm CUDA1 2.682841 136440 40
CPU15 31.422095 136404 strsm strsm CUDA2 2.573065 136444 40
CPU15 31.555962 136408 strsm strsm CUDA3 0.195463 136448 40
CPU18 31.679119 136412 strsm strsm CUDA3 8.310680 136452 40
CPU18 31.409703 136416 strsm strsm CUDA1 1.317270 136456 40
CPU3 32.142511 136420 strsm strsm CUDA2 16.103920 136460 40
CPU9 32.437262 136424 strsm strsm CUDA3 1.376672 136464 40
CPU5 33.454719 136428 strsm strsm CUDA2 0.244562 136468 40
CPU17 32.605572 136432 strsm strsm CUDA3 0.318236 136472 40
CPU17 32.203317 136436 strsm strsm CUDA0 2.840654 136476 40
CPU2 31.629933 136440 strsm strsm CUDA0 2.590733 136480 40
CPU13 33.280667 136444 strsm strsm CUDA2 1.607711 136484 40
CPU7 33.550786 136448 strsm strsm CUDA1 2.661802 136488 40
CPU7 33.178380 136452 strsm strsm CUDA0 0.161705 136492 40
CPU10 32.488919 136456 strsm strsm CUDA0 0.277956 136496 40
CPU11 32.043209 136460 strsm strsm CUDA0 2.648805 136500 40
CPU11 31.455127 136464 strsm strsm CUDA1 0.391686 136504 40
CPU5 31.298118 136468 strsm strsm CUDA3 1.656718 136508 40
CPU12 32.517927 136472 strsm strsm CUDA0 14.469623 136512 40
CPU6 33.542665 136476 strsm strsm CUDA1 0.173194 136516 40
CPU13 33.252588 136480 strsm strsm CUDA1 2.375105 136520 40
CPU3 33.458253 136484 strsm strsm CUDA2 0.251063 136524 40
CPU7 31.514653 136488 strsm strsm CUDA2 0.295351 136528 40
CPU13 15.386620 136492 strtri strtri CPU -1 136532 40
CPU14 31.172757 136494 strsm strsm CUDA1 2.741028 136534 40
CPU2 30.741382 136496 strsm strsm CUDA0 1.957512 136536 40
CPU8 30.726618 136498 strsm strsm CUDA1 2.718935 136538 40
CPU4 31.191924 136500 strsm strsm CUDA0 2.838565 136540 40
CPU6 31.211059 136502 strsm strsm CUDA1 2.828655 136542 40
CPU0 31.294196 136504 strsm strsm CUDA0 3.005702 136544 40
CPU9 30.777566 136506 strsm strsm CUDA1 2.857840 136546 40
CPU5 30.700642 136508 strsm strsm CUDA0 11.763189 136548 40
CPU1 30.384240 136510 strsm strsm CUDA1 2.699797 136550 40
CPU3 30.527772 136512 strsm strsm CUDA0 2.858073 136552 40
CPU7 31.889105 136514 strsm strsm CUDA1 7.195840 136554 40
CPU3 30.421499 136516 strsm strsm CUDA0 2.808704 136556 40
CPU5 30.736327 136518 strsm strsm CUDA0 2.719302 136558 40
CPU10 31.412044 136520 strsm strsm CUDA0 2.900242 136560 40
CPU7 31.268621 136522 strsm strsm CUDA1 2.817866 136562 40
CPU7 31.454836 136524 strsm strsm CUDA0 2.838019 136564 40
CPU13 30.979184 136526 strsm strsm CUDA0 11.807330 136566 40
CPU19 30.996677 136528 strsm strsm CUDA0 2.324009 136568 40
CPU1 30.918335 136530 strsm strsm CUDA2 12.542422 136570 40
CPU19 31.168958 136532 strsm strsm CUDA2 3.158777 136572 40
CPU3 30.160753 136534 strsm strsm CUDA1 2.778625 136574 40
CPU5 44.593473 136536 sgemm sgemm CUDA0 1.259841 136576 40
CPU8 44.759294 136537 sgemm sgemm CUDA1 0.930063 136577 40
CPU14 44.660310 136538 sgemm sgemm CUDA1 1.255456 136578 40
CPU6 44.609496 136539 sgemm sgemm CUDA1 1.068978 136579 40
CPU9 44.445442 136540 sgemm sgemm CUDA1 0.046436 136580 40
CPU18 44.109826 136541 sgemm sgemm CUDA0 1.070068 136581 40
CPU15 44.458624 136542 sgemm sgemm CUDA3 1.040471 136582 40
CPU16 44.410541 136543 sgemm sgemm CUDA3 1.189001 136583 40
CPU18 44.502569 136544 sgemm sgemm CUDA2 1.312943 136584 40
CPU2 44.590161 136545 sgemm sgemm CUDA2 1.064697 136585 40
CPU9 44.649089 136546 sgemm sgemm CUDA3 1.068038 136586 40
CPU11 44.252433 136547 sgemm sgemm CUDA3 1.256116 136587 40
CPU17 44.542158 136548 sgemm sgemm CUDA2 1.073291 136588 40
CPU7 44.665434 136549 sgemm sgemm CUDA0 1.032281 136589 40
CPU18 44.334622 136550 sgemm sgemm CUDA2 1.256567 136590 40
CPU6 44.544678 136551 sgemm sgemm CUDA2 1.260603 136591 40
CPU9 44.510294 136552 sgemm sgemm CUDA0 1.107149 136592 40
CPU10 44.509267 136553 sgemm sgemm CUDA0 12.055366 136593 40
CPU19 44.706878 136554 sgemm sgemm CUDA0 1.389374 136594 40
CPU12 44.725812 136555 sgemm sgemm CUDA1 1.255080 136595 40
CPU17 44.705376 136556 sgemm sgemm CUDA0 1.064796 136596 40
CPU11 44.442032 136557 sgemm sgemm CUDA3 1.251848 136597 40
CPU4 44.562031 136558 sgemm sgemm CUDA3 1.067436 136598 40
CPU11 44.365950 136559 sgemm sgemm CUDA2 2.207065 136599 40
CPU10 44.483967 136560 sgemm sgemm CUDA3 1.327524 136600 40
CPU4 44.711699 136561 sgemm sgemm CUDA0 1.272090 136601 40
CPU6 44.449691 136562 sgemm sgemm CUDA0 1.261221 136602 40
CPU5 44.408761 136563 sgemm sgemm CUDA1 1.019865 136603 40
CPU3 45.127950 136567 sgemm sgemm CUDA0 1.234070 136607 40
CPU9 44.609737 136568 sgemm sgemm CUDA1 1.030369 136608 40
CPU14 44.680091 136569 sgemm sgemm CUDA1 1.037616 136609 40
CPU6 44.514147 136570 sgemm sgemm CUDA1 14.561992 136610 40
CPU6 44.242872 136571 sgemm sgemm CUDA1 1.336626 136611 40
CPU18 44.398029 136572 sgemm sgemm CUDA1 1.072649 136612 40
CPU16 44.421818 136573 sgemm sgemm CUDA3 1.240410 136613 40
CPU17 44.695849 136574 sgemm sgemm CUDA3 1.237444 136614 40
CPU17 44.775865 136575 sgemm sgemm CUDA2 1.231705 136615 40
CPU0 44.925303 136576 sgemm sgemm CUDA2 1.043196 136616 40
CPU5 44.599411 136577 sgemm sgemm CUDA3 1.035910 136617 40
CPU12 44.351990 136578 sgemm sgemm CUDA2 0.927807 136618 40
CPU15 44.385837 136579 sgemm sgemm CUDA2 1.042506 136619 40
CPU8 44.498049 136580 sgemm sgemm CUDA1 1.260484 136620 40
CPU17 44.471942 136581 sgemm sgemm CUDA2 1.035937 136621 40
CPU12 44.523777 136582 sgemm sgemm CUDA2 1.235693 136622 40
CPU7 44.853002 136583 sgemm sgemm CUDA0 1.014681 136623 40
CPU5 44.638963 136584 sgemm sgemm CUDA0 0.060668 136624 40
CPU10 44.606616 136585 sgemm sgemm CUDA0 1.231262 136625 40
CPU10 44.815741 136586 sgemm sgemm CUDA1 1.050657 136626 40
CPU10 44.402560 136587 sgemm sgemm CUDA0 1.040400 136627 40
CPU5 44.360478 136588 sgemm sgemm CUDA3 1.051389 136628 40
CPU3 44.298245 136589 sgemm sgemm CUDA3 0.055904 136629 40
CPU13 44.595096 136590 sgemm sgemm CUDA2 0.057578 136630 40
CPU12 44.503586 136591 sgemm sgemm CUDA3 1.050233 136631 40
CPU13 44.498226 136592 sgemm sgemm CUDA0 1.036556 136632 40
CPU13 44.590814 136593 sgemm sgemm CUDA0 1.052290 136633 40
CPU13 44.633467 136594 sgemm sgemm CUDA0 12.104501 136634 40
CPU2 44.658086 136598 sgemm sgemm CUDA1 1.399778 136638 40
CPU7 44.691256 136599 sgemm sgemm CUDA1 1.254203 136639 40
CPU14 44.682801 136600 sgemm sgemm CUDA1 1.071083 136640 40
CPU6 44.588206 136601 sgemm sgemm CUDA1 1.264197 136641 40
CPU8 44.451202 136602 sgemm sgemm CUDA1 1.062811 136642 40
CPU18 45.110094 136603 sgemm sgemm CUDA1 1.256995 136643 40
CPU16 44.236152 136604 sgemm sgemm CUDA3 0.044111 136644 40
CPU16 44.567429 136605 sgemm sgemm CUDA3 1.435903 136645 40
CPU19 44.542930 136606 sgemm sgemm CUDA2 0.107598 136646 40
CPU9 44.485100 136607 sgemm sgemm CUDA2 10.525775 136647 40
CPU1 44.691159 136608 sgemm sgemm CUDA3 10.536905 136648 40
CPU2 44.824249 136609 sgemm sgemm CUDA2 0.047000 136649 40
CPU17 44.402580 136610 sgemm sgemm CUDA2 1.337551 136650 40
CPU16 44.402291 136611 sgemm sgemm CUDA1 1.257766 136651 40
CPU19 44.810254 136612 sgemm sgemm CUDA2 1.070096 136652 40
CPU7 44.744255 136613 sgemm sgemm CUDA2 1.261398 136653 40
CPU6 44.911024 136614 sgemm sgemm CUDA0 3.358797 136654 40
CPU4 45.082344 136615 sgemm sgemm CUDA0 0.045711 136655 40
CPU18 44.434028 136616 sgemm sgemm CUDA0 1.378435 136656 40
CPU12 44.519490 136617 sgemm sgemm CUDA1 1.260712 136657 40
CPU11 44.296242 136618 sgemm sgemm CUDA0 0.050241 136658 40
CPU13 44.822842 136619 sgemm sgemm CUDA3 1.467564 136659 40
CPU10 44.472931 136620 sgemm sgemm CUDA3 1.068403 136660 40
CPU13 44.497056 136621 sgemm sgemm CUDA3 1.072934 136661 40
CPU13 44.597695 136622 sgemm sgemm CUDA3 1.075084 136662 40
CPU13 44.654322 136623 sgemm sgemm CUDA0 1.287323 136663 40
CPU10 44.731132 136624 sgemm sgemm CUDA2 1.072077 136664 40
CPU10 44.901304 136625 sgemm sgemm CUDA3 1.267494 136665 40
CPU3 44.759165 136629 sgemm sgemm CUDA1 1.282639 136669 40
CPU8 44.314350 136630 sgemm sgemm CUDA1 1.258692 136670 40
CPU14 44.743601 136631 sgemm sgemm CUDA1 12.355108 136671 40
CPU4 44.726735 136632 sgemm sgemm CUDA1 1.259648 136672 40
CPU7 44.898107 136633 sgemm sgemm CUDA1 0.067412 136673 40
CPU18 44.103937 136634 sgemm sgemm CUDA0 14.540764 136674 40
CPU16 44.333742 136635 sgemm sgemm CUDA3 0.046786 136675 40
CPU18 44.529445 136636 sgemm sgemm CUDA3 1.305243 136676 40
CPU17 44.750655 136637 sgemm sgemm CUDA2 1.018351 136677 40
CPU8 44.457362 136638 sgemm sgemm CUDA2 1.257485 136678 40
CPU7 44.819141 136639 sgemm sgemm CUDA3 1.258395 136679 40
CPU2 44.751524 136640 sgemm sgemm CUDA3 1.259339 136680 40
CPU18 44.207237 136641 sgemm sgemm CUDA2 1.261547 136681 40
CPU3 44.615765 136642 sgemm sgemm CUDA1 1.261251 136682 40
CPU18 44.106449 136643 sgemm sgemm CUDA2 1.258511 136683 40
CPU3 44.722712 136644 sgemm sgemm CUDA2 1.258982 136684 40
CPU1 44.913207 136645 sgemm sgemm CUDA0 1.372286 136685 40
CPU0 45.256741 136646 sgemm sgemm CUDA0 1.258778 136686 40
CPU19 44.469958 136647 sgemm sgemm CUDA0 1.068412 136687 40
CPU9 43.845052 136648 sgemm sgemm CUDA1 1.258894 136688 40
CPU16 44.088751 136649 sgemm sgemm CUDA0 1.255906 136689 40
CPU11 44.269549 136650 sgemm sgemm CUDA3 1.061508 136690 40
CPU9 44.559202 136651 sgemm sgemm CUDA3 1.261303 136691 40
CPU11 44.663559 136652 sgemm sgemm CUDA3 1.255477 136692 40
CPU3 44.769301 136653 sgemm sgemm CUDA2 1.068629 136693 40
CPU0 44.843086 136654 sgemm sgemm CUDA2 1.075891 136694 40
CPU7 44.268930 136655 sgemm sgemm CUDA0 1.059669 136695 40
CPU2 44.448607 136656 sgemm sgemm CUDA2 0.101796 136696 40
CPU7 44.776098 136660 sgemm sgemm CUDA1 1.261092 136700 40
CPU7 44.863168 136661 sgemm sgemm CUDA1 1.264827 136701 40
CPU14 44.718946 136662 sgemm sgemm CUDA1 1.252422 136702 40
CPU6 44.564566 136663 sgemm sgemm CUDA2 1.298347 136703 40
CPU8 44.557682 136664 sgemm sgemm CUDA1 1.250896 136704 40
CPU18 44.136076 136665 sgemm sgemm CUDA2 1.066064 136705 40
CPU16 44.209256 136666 sgemm sgemm CUDA2 1.256331 136706 40
CPU17 44.516329 136667 sgemm sgemm CUDA3 1.271121 136707 40
CPU16 44.747476 136668 sgemm sgemm CUDA2 1.067191 136708 40
CPU2 44.717441 136669 sgemm sgemm CUDA2 1.256455 136709 40
CPU8 44.681165 136670 sgemm sgemm CUDA3 1.264557 136710 40
CPU11 44.301141 136671 sgemm sgemm CUDA3 1.268835 136711 40
CPU17 44.492536 136672 sgemm sgemm CUDA2 1.071492 136712 40
CPU9 44.508007 136673 sgemm sgemm CUDA1 1.260813 136713 40
CPU19 44.730921 136674 sgemm sgemm CUDA2 1.065532 136714 40
CPU5 44.208200 136675 sgemm sgemm CUDA2 1.068788 136715 40
CPU2 44.555609 136676 sgemm sgemm CUDA0 1.067409 136716 40
CPU7 45.062756 136677 sgemm sgemm CUDA0 1.070655 136717 40
CPU12 44.435404 136678 sgemm sgemm CUDA0 4.905355 136718 40
CPU11 44.381773 136679 sgemm sgemm CUDA1 1.065427 136719 40
CPU2 44.785974 136680 sgemm sgemm CUDA0 1.307897 136720 40
CPU0 44.700423 136681 sgemm sgemm CUDA3 1.065365 136721 40
CPU9 43.961162 136682 sgemm sgemm CUDA3 1.261985 136722 40
CPU3 44.787268 136683 sgemm sgemm CUDA2 1.069426 136723 40
CPU7 44.815045 136684 sgemm sgemm CUDA2 1.066039 136724 40
CPU10 44.290938 136685 sgemm sgemm CUDA0 1.071286 136725 40
CPU6 44.733841 136686 sgemm sgemm CUDA0 9.526476 136726 40
CPU13 44.630355 136687 sgemm sgemm CUDA2 12.501134 136727 40
CPU7 45.098043 136691 sgemm sgemm CUDA1 1.285762 136731 40
CPU7 44.329372 136692 sgemm sgemm CUDA1 5.234844 136732 40
CPU14 44.701935 136693 sgemm sgemm CUDA1 11.484633 136733 40
CPU6 44.419203 136694 sgemm sgemm CUDA1 1.307032 136734 40
CPU7 44.258841 136695 sgemm sgemm CUDA1 1.264438 136735 40
CPU18 44.565583 136696 sgemm sgemm CUDA0 1.253245 136736 40
CPU15 44.589322 136697 sgemm sgemm CUDA3 1.254641 136737 40
CPU17 44.697212 136698 sgemm sgemm CUDA3 1.070078 136738 40
CPU18 44.504555 136699 sgemm sgemm CUDA2 0.167546 136739 40
CPU6 44.468248 136700 sgemm sgemm CUDA2 1.267908 136740 40
CPU2 44.485508 136701 sgemm sgemm CUDA3 1.270837 136741 40
CPU17 44.482017 136702 sgemm sgemm CUDA2 1.263790 136742 40
CPU17 44.623363 136703 sgemm sgemm CUDA3 1.072572 136743 40
CPU5 44.081230 136704 sgemm sgemm CUDA0 1.257559 136744 40
CPU19 44.918680 136705 sgemm sgemm CUDA2 1.264620 136745 40
CPU7 44.171355 136706 sgemm sgemm CUDA0 13.058085 136746 40
CPU9 44.259059 136707 sgemm sgemm CUDA0 0.512882 136747 40
CPU8 44.541871 136708 sgemm sgemm CUDA0 1.355882 136748 40
CPU14 44.722167 136709 sgemm sgemm CUDA3 1.265395 136749 40
CPU7 43.988668 136710 sgemm sgemm CUDA1 1.076092 136750 40
CPU16 44.325583 136711 sgemm sgemm CUDA1 1.260172 136751 40
CPU3 44.245334 136712 sgemm sgemm CUDA3 1.260091 136752 40
CPU19 44.848156 136713 sgemm sgemm CUDA1 1.082519 136753 40
CPU11 44.453290 136714 sgemm sgemm CUDA3 1.069546 136754 40
CPU12 44.707574 136715 sgemm sgemm CUDA3 12.184704 136755 40
CPU0 44.762171 136716 sgemm sgemm CUDA0 1.085417 136756 40
CPU1 44.193531 136717 sgemm sgemm CUDA2 1.262819 136757 40
CPU9 44.016796 136718 sgemm sgemm CUDA2 4.364466 136758 40
CPU2 44.754987 136722 sgemm sgemm CUDA1 1.269882 136762 40
CPU8 44.730521 136723 sgemm sgemm CUDA1 1.072005 136763 40
CPU14 44.549160 136724 sgemm sgemm CUDA2 1.066964 136764 40
CPU6 44.708697 136725 sgemm sgemm CUDA2 1.318046 136765 40
CPU9 44.625548 136726 sgemm sgemm CUDA1 1.069994 136766 40
CPU18 44.191637 136727 sgemm sgemm CUDA2 1.069459 136767 40
CPU16 44.434040 136728 sgemm sgemm CUDA3 1.267763 136768 40
CPU18 44.553144 136729 sgemm sgemm CUDA3 1.256081 136769 40
CPU19 44.566662 136730 sgemm sgemm CUDA2 1.077024 136770 40
CPU0 45.007319 136731 sgemm sgemm CUDA2 1.087619 136771 40
CPU3 44.748939 136732 sgemm sgemm CUDA3 1.071637 136772 40
CPU16 44.404305 136733 sgemm sgemm CUDA2 1.075705 136773 40
CPU16 44.246169 136734 sgemm sgemm CUDA3 1.069346 136774 40
CPU5 44.466336 136735 sgemm sgemm CUDA0 0.047349 136775 40
CPU18 44.189677 136736 sgemm sgemm CUDA2 1.258498 136776 40
CPU12 44.661403 136737 sgemm sgemm CUDA0 1.540787 136777 40
CPU11 44.210134 136738 sgemm sgemm CUDA0 1.075651 136778 40
CPU11 44.379824 136739 sgemm sgemm CUDA0 1.269389 136779 40
CPU19 44.438397 136740 sgemm sgemm CUDA3 1.274181 136780 40
CPU3 44.159778 136741 sgemm sgemm CUDA1 1.262226 136781 40
CPU16 44.114040 136742 sgemm sgemm CUDA0 1.072526 136782 40
CPU10 44.459832 136743 sgemm sgemm CUDA3 3.351762 136783 40
CPU13 44.592489 136744 sgemm sgemm CUDA3 0.050772 136784 40
CPU13 44.361005 136745 sgemm sgemm CUDA3 1.361418 136785 40
CPU11 44.154679 136746 sgemm sgemm CUDA2 1.072875 136786 40
CPU12 43.920831 136747 sgemm sgemm CUDA1 1.254074 136787 40
CPU11 44.467826 136748 sgemm sgemm CUDA2 1.072374 136788 40
CPU4 44.102031 136749 sgemm sgemm CUDA2 1.066489 136789 40
CPU1 44.593998 136753 sgemm sgemm CUDA0 1.254650 136793 40
CPU8 44.218511 136754 sgemm sgemm CUDA0 1.259461 136794 40
CPU14 44.563345 136755 sgemm sgemm CUDA2 1.261109 136795 40
CPU6 44.646180 136756 sgemm sgemm CUDA2 1.065099 136796 40
CPU7 44.714248 136757 sgemm sgemm CUDA2 1.260102 136797 40
CPU18 44.265597 136758 sgemm sgemm CUDA2 1.256552 136798 40
CPU16 44.345091 136759 sgemm sgemm CUDA2 1.069878 136799 40
CPU18 44.621457 136760 sgemm sgemm CUDA3 1.069712 136800 40
CPU17 44.661052 136761 sgemm sgemm CUDA2 1.260291 136801 40
CPU2 44.831719 136762 sgemm sgemm CUDA3 15.303629 136802 40
CPU0 44.857002 136763 sgemm sgemm CUDA3 0.049106 136803 40
CPU11 44.778198 136764 sgemm sgemm CUDA3 1.297834 136804 40
CPU17 44.427740 136765 sgemm sgemm CUDA3 1.155150 136805 40
CPU4 44.775117 136766 sgemm sgemm CUDA0 1.284680 136806 40
CPU19 44.836166 136767 sgemm sgemm CUDA0 1.267498 136807 40
CPU4 44.515561 136768 sgemm sgemm CUDA0 1.067529 136808 40
CPU3 44.404340 136769 sgemm sgemm CUDA0 1.068394 136809 40
CPU9 44.579668 136770 sgemm sgemm CUDA2 1.257531 136810 40
CPU19 44.415330 136771 sgemm sgemm CUDA3 9.348417 136811 40
CPU7 44.293987 136772 sgemm sgemm CUDA1 1.257981 136812 40
CPU16 44.225867 136773 sgemm sgemm CUDA0 1.256311 136813 40
CPU11 44.449132 136774 sgemm sgemm CUDA3 1.278503 136814 40
CPU8 44.392357 136775 sgemm sgemm CUDA1 1.260311 136815 40
CPU9 44.674565 136776 sgemm sgemm CUDA2 1.262503 136816 40
CPU5 44.765865 136777 sgemm sgemm CUDA2 1.070086 136817 40
CPU3 44.649634 136778 sgemm sgemm CUDA2 15.276582 136818 40
CPU0 44.771973 136779 sgemm sgemm CUDA1 1.070396 136819 40
CPU2 44.127650 136780 sgemm sgemm CUDA1 1.074658 136820 40
CPU10 44.900033 136784 sgemm sgemm CUDA1 1.195748 136824 40
CPU7 44.234538 136785 sgemm sgemm CUDA1 1.097916 136825 40
CPU14 44.656215 136786 sgemm sgemm CUDA2 1.082789 136826 40
CPU6 44.317871 136787 sgemm sgemm CUDA1 1.272407 136827 40
CPU8 44.330538 136788 sgemm sgemm CUDA1 1.071389 136828 40
CPU18 44.382206 136789 sgemm sgemm CUDA2 1.262750 136829 40
CPU16 44.478922 136790 sgemm sgemm CUDA3 1.060145 136830 40
CPU16 44.522895 136791 sgemm sgemm CUDA3 1.070325 136831 40
CPU19 44.781163 136792 sgemm sgemm CUDA2 5.550399 136832 40
CPU5 44.300806 136793 sgemm sgemm CUDA3 1.066130 136833 40
CPU0 44.318377 136794 sgemm sgemm CUDA3 1.261611 136834 40
CPU6 44.434409 136795 sgemm sgemm CUDA3 1.293740 136835 40
CPU17 44.866248 136796 sgemm sgemm CUDA3 1.261938 136836 40
CPU17 44.950388 136797 sgemm sgemm CUDA0 1.312920 136837 40
CPU19 44.808076 136798 sgemm sgemm CUDA0 5.526136 136838 40
CPU3 44.142837 136799 sgemm sgemm CUDA0 0.047112 136839 40
CPU7 44.413825 136800 sgemm sgemm CUDA0 1.388272 136840 40
CPU0 44.576898 136801 sgemm sgemm CUDA2 1.400755 136841 40
CPU4 44.243673 136802 sgemm sgemm CUDA3 1.262753 136842 40
CPU9 44.021997 136803 sgemm sgemm CUDA1 1.265184 136843 40
CPU16 44.497585 136804 sgemm sgemm CUDA1 1.071397 136844 40
CPU19 44.954326 136805 sgemm sgemm CUDA3 1.067069 136845 40
CPU18 44.514225 136806 sgemm sgemm CUDA1 13.060168 136846 40
CPU4 44.608857 136807 sgemm sgemm CUDA2 1.275202 136847 40
CPU13 44.623137 136808 sgemm sgemm CUDA3 12.536103 136848 40
CPU2 44.501042 136809 sgemm sgemm CUDA0 1.264943 136849 40
CPU9 44.187036 136810 sgemm sgemm CUDA0 1.065937 136850 40
CPU7 45.684493 136811 sgemm sgemm CUDA2 1.269721 136851 40
CPU9 44.391199 136815 sgemm sgemm CUDA0 1.002391 136855 40
CPU8 44.128193 136816 sgemm sgemm CUDA0 1.067433 136856 40
CPU14 44.653765 136817 sgemm sgemm CUDA1 1.196443 136857 40
CPU6 44.395436 136818 sgemm sgemm CUDA1 1.253963 136858 40
CPU8 44.266906 136819 sgemm sgemm CUDA0 1.063549 136859 40
CPU18 44.276401 136820 sgemm sgemm CUDA1 1.257987 136860 40
CPU16 44.356964 136821 sgemm sgemm CUDA3 1.202923 136861 40
CPU17 44.614693 136822 sgemm sgemm CUDA3 1.068641 136862 40
CPU16 44.507808 136823 sgemm sgemm CUDA3 1.067471 136863 40
CPU5 44.360465 136824 sgemm sgemm CUDA3 1.075091 136864 40
CPU6 44.378384 136825 sgemm sgemm CUDA3 12.188435 136865 40
CPU3 44.646644 136826 sgemm sgemm CUDA3 0.040640 136866 40
CPU19 44.252112 136827 sgemm sgemm CUDA3 1.349372 136867 40
CPU4 44.525084 136828 sgemm sgemm CUDA1 1.067988 136868 40
CPU17 44.269489 136829 sgemm sgemm CUDA0 1.259293 136869 40
CPU13 44.770894 136830 sgemm sgemm CUDA0 1.071738 136870 40
CPU18 44.620857 136831 sgemm sgemm CUDA0 1.259640 136871 40
CPU6 44.611213 136832 sgemm sgemm CUDA0 1.073835 136872 40
CPU11 44.668321 136833 sgemm sgemm CUDA0 12.210178 136873 40
CPU3 43.813405 136834 sgemm sgemm CUDA1 1.258601 136874 40
CPU16 44.522665 136835 sgemm sgemm CUDA0 0.186243 136875 40
CPU10 45.485352 136836 sgemm sgemm CUDA3 1.263774 136876 40
CPU16 44.784217 136837 sgemm sgemm CUDA1 12.899597 136877 40
CPU16 44.748649 136838 sgemm sgemm CUDA3 1.068318 136878 40
CPU5 44.512963 136839 sgemm sgemm CUDA2 1.081261 136879 40
CPU4 44.315898 136840 sgemm sgemm CUDA2 1.265142 136880 40
CPU3 43.943755 136841 sgemm sgemm CUDA2 1.258529 136881 40
CPU13 44.941724 136842 sgemm sgemm CUDA1 0.186028 136882 40
CPU4 44.758252 136846 sgemm sgemm CUDA1 1.013051 136886 40
CPU7 44.847219 136847 sgemm sgemm CUDA1 1.257392 136887 40
CPU14 44.451914 136848 sgemm sgemm CUDA2 1.012807 136888 40
CPU6 44.697685 136849 sgemm sgemm CUDA2 1.071499 136889 40
CPU9 44.765519 136850 sgemm sgemm CUDA1 1.070345 136890 40
CPU15 44.289868 136851 sgemm sgemm CUDA2 1.065778 136891 40
CPU16 44.516541 136852 sgemm sgemm CUDA2 1.258737 136892 40
CPU18 44.488445 136853 sgemm sgemm CUDA3 1.016454 136893 40
CPU16 44.485309 136854 sgemm sgemm CUDA3 1.066296 136894 40
CPU9 44.846306 136855 sgemm sgemm CUDA3 1.070218 136895 40
CPU5 44.619933 136856 sgemm sgemm CUDA3 1.069391 136896 40
CPU10 44.364066 136857 sgemm sgemm CUDA3 12.182496 136897 40
CPU16 44.141983 136858 sgemm sgemm CUDA2 1.258985 136898 40
CPU8 45.158055 136859 sgemm sgemm CUDA1 1.067192 136899 40
CPU2 44.725664 136860 sgemm sgemm CUDA2 1.262685 136900 40
CPU8 44.731979 136861 sgemm sgemm CUDA0 0.046537 136901 40
CPU5 44.575065 136862 sgemm sgemm CUDA0 11.853910 136902 40
CPU1 44.645193 136863 sgemm sgemm CUDA0 0.039891 136903 40
CPU4 44.898807 136864 sgemm sgemm CUDA0 1.305001 136904 40
CPU8 44.616499 136865 sgemm sgemm CUDA1 1.066710 136905 40
CPU16 44.111405 136866 sgemm sgemm CUDA0 1.069115 136906 40
CPU11 44.362668 136867 sgemm sgemm CUDA3 0.040497 136907 40
CPU10 44.471205 136868 sgemm sgemm CUDA3 1.267836 136908 40
CPU8 44.619343 136869 sgemm sgemm CUDA2 12.084938 136909 40
CPU1 44.763605 136870 sgemm sgemm CUDA2 0.123018 136910 40
CPU5 44.649845 136871 sgemm sgemm CUDA2 1.325361 136911 40
CPU8 44.419705 136872 sgemm sgemm CUDA2 1.260931 136912 40
CPU5 44.660815 136873 sgemm sgemm CUDA0 1.065112 136913 40
CPU6 44.508496 136877 sgemm sgemm CUDA0 1.084973 136917 40
CPU7 44.439184 136878 sgemm sgemm CUDA0 1.265554 136918 40
CPU14 44.604623 136879 sgemm sgemm CUDA2 1.276891 136919 40
CPU6 44.584623 136880 sgemm sgemm CUDA2 1.256298 136920 40
CPU6 44.414869 136881 sgemm sgemm CUDA2 1.261239 136921 40
CPU18 44.298453 136882 sgemm sgemm CUDA2 1.068558 136922 40
CPU15 44.313132 136883 sgemm sgemm CUDA3 1.428279 136923 40
CPU16 44.510918 136884 sgemm sgemm CUDA3 1.076609 136924 40
CPU19 44.678938 136885 sgemm sgemm CUDA2 1.261491 136925 40
CPU1 44.606359 136886 sgemm sgemm CUDA2 1.258109 136926 40
CPU7 44.735545 136887 sgemm sgemm CUDA3 1.068901 136927 40
CPU7 44.435606 136888 sgemm sgemm CUDA2 1.064187 136928 40
CPU17 44.588485 136889 sgemm sgemm CUDA3 1.073319 136929 40
CPU9 44.498076 136890 sgemm sgemm CUDA0 18.237764 136930 40
CPU18 44.201540 136891 sgemm sgemm CUDA2 1.070098 136931 40
CPU1 44.060848 136892 sgemm sgemm CUDA0 1.406380 136932 40
CPU9 44.496921 136893 sgemm sgemm CUDA0 1.077812 136933 40
CPU10 44.435359 136894 sgemm sgemm CUDA0 1.070930 136934 40
CPU14 44.576899 136895 sgemm sgemm CUDA3 1.064881 136935 40
CPU2 44.261129 136896 sgemm sgemm CUDA1 1.406633 136936 40
CPU16 44.413991 136897 sgemm sgemm CUDA1 1.089522 136937 40
CPU11 44.512825 136898 sgemm sgemm CUDA3 1.064706 136938 40
CPU12 44.566781 136899 sgemm sgemm CUDA1 1.257643 136939 40
CPU10 44.655103 136900 sgemm sgemm CUDA3 1.077619 136940 40
CPU11 44.235695 136901 sgemm sgemm CUDA2 1.256893 136941 40
CPU1 44.649563 136902 sgemm sgemm CUDA0 1.073359 136942 40
CPU5 44.272479 136903 sgemm sgemm CUDA1 1.083463 136943 40
CPU0 44.557441 136904 sgemm sgemm CUDA0 1.069491 136944 40
CPU5 44.846784 136908 sgemm sgemm CUDA0 1.378246 136948 40
CPU8 44.324718 136909 sgemm sgemm CUDA0 1.260300 136949 40
CPU14 44.571318 136910 sgemm sgemm CUDA2 0.049023 136950 40
CPU6 44.547531 136911 sgemm sgemm CUDA2 1.354299 136951 40
CPU7 44.759124 136912 sgemm sgemm CUDA2 1.069153 136952 40
CPU18 44.320981 136913 sgemm sgemm CUDA2 1.087826 136953 40
CPU16 44.199181 136914 sgemm sgemm CUDA2 1.260926 136954 40
CPU18 44.425729 136915 sgemm sgemm CUDA3 1.262911 136955 40
CPU18 44.267697 136916 sgemm sgemm CUDA3 1.067810 136956 40
CPU1 44.728971 136917 sgemm sgemm CUDA2 1.068346 136957 40
CPU4 44.831315 136918 sgemm sgemm CUDA3 1.066041 136958 40
CPU5 44.637819 136919 sgemm sgemm CUDA2 1.066377 136959 40
CPU17 44.586075 136920 sgemm sgemm CUDA3 1.255500 136960 40
CPU5 44.407458 136921 sgemm sgemm CUDA1 1.165942 136961 40
CPU18 44.288399 136922 sgemm sgemm CUDA2 1.069521 136962 40
CPU5 44.135614 136923 sgemm sgemm CUDA0 1.257862 136963 40
CPU4 44.720972 136924 sgemm sgemm CUDA0 1.265652 136964 40
CPU4 44.901955 136925 sgemm sgemm CUDA0 1.065992 136965 40
CPU14 44.591662 136926 sgemm sgemm CUDA3 1.064425 136966 40
CPU6 44.704825 136927 sgemm sgemm CUDA1 1.252979 136967 40
CPU16 44.389060 136928 sgemm sgemm CUDA1 1.263640 136968 40
CPU11 44.389881 136929 sgemm sgemm CUDA3 1.258801 136969 40
CPU7 44.548583 136930 sgemm sgemm CUDA1 1.069426 136970 40
CPU12 44.840894 136931 sgemm sgemm CUDA3 1.073919 136971 40
CPU4 44.663982 136932 sgemm sgemm CUDA3 1.261230 136972 40
CPU11 44.534577 136933 sgemm sgemm CUDA3 2.340186 136973 40
CPU8 44.356305 136934 sgemm sgemm CUDA3 1.379759 136974 40
CPU10 44.697460 136935 sgemm sgemm CUDA2 1.068368 136975 40
CPU8 44.434996 136939 sgemm sgemm CUDA1 1.384340 136979 40
CPU7 44.250658 136940 sgemm sgemm CUDA1 8.190534 136980 40
CPU14 44.739649 136941 sgemm sgemm CUDA1 0.097858 136981 40
CPU6 44.205625 136942 sgemm sgemm CUDA1 1.268483 136982 40
CPU1 44.289718 136943 sgemm sgemm CUDA1 1.065956 136983 40
CPU18 44.632463 136944 sgemm sgemm CUDA1 1.064224 136984 40
CPU16 44.521065 136945 sgemm sgemm CUDA3 1.016857 136985 40
CPU18 44.675450 136946 sgemm sgemm CUDA3 1.261915 136986 40
CPU18 44.676397 136947 sgemm sgemm CUDA3 1.071549 136987 40
CPU3 44.534282 136948 sgemm sgemm CUDA3 1.064779 136988 40
CPU11 44.516447 136949 sgemm sgemm CUDA3 1.260516 136989 40
CPU5 44.196582 136950 sgemm sgemm CUDA2 1.145827 136990 40
CPU16 44.625940 136951 sgemm sgemm CUDA3 12.998270 136991 40
CPU9 44.237994 136952 sgemm sgemm CUDA0 1.016618 136992 40
CPU11 44.683314 136953 sgemm sgemm CUDA0 1.260689 136993 40
CPU9 43.981725 136954 sgemm sgemm CUDA0 1.259823 136994 40
CPU6 44.377546 136955 sgemm sgemm CUDA1 1.259078 136995 40
CPU10 44.661887 136956 sgemm sgemm CUDA0 1.262671 136996 40
CPU8 44.152480 136957 sgemm sgemm CUDA0 1.263686 136997 40
CPU3 43.908764 136958 sgemm sgemm CUDA1 1.074066 136998 40
CPU16 44.621124 136959 sgemm sgemm CUDA0 1.065067 136999 40
CPU4 44.436653 136960 sgemm sgemm CUDA3 1.268766 137000 40
CPU10 45.104474 136961 sgemm sgemm CUDA1 1.011560 137001 40
CPU3 44.700219 136962 sgemm sgemm CUDA2 13.071924 137002 40
CPU6 44.336563 136963 sgemm sgemm CUDA2 1.262952 137003 40
CPU1 44.228659 136964 sgemm sgemm CUDA2 1.100613 137004 40
CPU4 44.096706 136965 sgemm sgemm CUDA0 1.075668 137005 40
CPU7 45.650921 136966 sgemm sgemm CUDA3 1.198885 137006 40
CPU9 44.819098 136970 sgemm sgemm CUDA1 1.201087 137010 40
CPU7 44.653257 136971 sgemm sgemm CUDA1 1.256080 137011 40
CPU14 44.439531 136972 sgemm sgemm CUDA1 1.259876 137012 40
CPU6 44.759022 136973 sgemm sgemm CUDA2 1.336586 137013 40
CPU7 44.688425 136974 sgemm sgemm CUDA1 1.257716 137014 40
CPU18 44.524739 136975 sgemm sgemm CUDA2 1.068049 137015 40
CPU15 44.357512 136976 sgemm sgemm CUDA3 1.205474 137016 40
CPU18 44.511846 136977 sgemm sgemm CUDA3 12.386501 137017 40
CPU17 44.573542 136978 sgemm sgemm CUDA3 0.044654 137018 40
CPU8 44.732937 136979 sgemm sgemm CUDA3 1.306816 137019 40
CPU2 44.411682 136980 sgemm sgemm CUDA3 1.068375 137020 40
CPU3 44.737254 136981 sgemm sgemm CUDA2 1.260228 137021 40
CPU17 44.617101 136982 sgemm sgemm CUDA3 1.067823 137022 40
CPU8 44.238119 136983 sgemm sgemm CUDA0 1.253107 137023 40
CPU18 44.293605 136984 sgemm sgemm CUDA0 1.068723 137024 40
CPU0 44.879567 136985 sgemm sgemm CUDA2 1.257342 137025 40
CPU1 44.670312 136986 sgemm sgemm CUDA0 1.070903 137026 40
CPU10 44.581627 136987 sgemm sgemm CUDA2 1.067355 137027 40
CPU5 44.440508 136988 sgemm sgemm CUDA0 1.071138 137028 40
CPU0 44.716039 136989 sgemm sgemm CUDA0 1.260696 137029 40
CPU16 44.392698 136990 sgemm sgemm CUDA1 1.259813 137030 40
CPU11 44.283718 136991 sgemm sgemm CUDA3 1.258635 137031 40
CPU0 44.515507 136992 sgemm sgemm CUDA3 1.256455 137032 40
CPU7 44.941116 136993 sgemm sgemm CUDA2 1.256654 137033 40
CPU9 44.664083 136994 sgemm sgemm CUDA2 1.067273 137034 40
CPU9 44.780650 136995 sgemm sgemm CUDA0 1.259344 137035 40
CPU6 44.562440 136996 sgemm sgemm CUDA1 1.258542 137036 40
CPU8 44.365560 136997 sgemm sgemm CUDA0 1.258422 137037 40
CPU0 44.907257 137001 sgemm sgemm CUDA0 1.261144 137041 40
CPU7 44.526605 137002 sgemm sgemm CUDA2 1.072840 137042 40
CPU14 44.580722 137003 sgemm sgemm CUDA2 1.262750 137043 40
CPU6 44.516011 137004 sgemm sgemm CUDA2 1.061712 137044 40
CPU9 44.607414 137005 sgemm sgemm CUDA2 1.258107 137045 40
CPU18 44.214207 137006 sgemm sgemm CUDA2 1.066345 137046 40
CPU15 44.152243 137007 sgemm sgemm CUDA2 1.066668 137047 40
CPU16 44.388378 137008 sgemm sgemm CUDA0 1.257315 137048 40
CPU17 44.688140 137009 sgemm sgemm CUDA2 1.066814 137049 40
CPU0 44.978705 137010 sgemm sgemm CUDA2 1.262373 137050 40
CPU8 44.456856 137011 sgemm sgemm CUDA0 1.257030 137051 40
CPU4 45.000971 137012 sgemm sgemm CUDA2 1.067119 137052 40
CPU17 44.414718 137013 sgemm sgemm CUDA2 12.253164 137053 40
CPU0 45.000069 137014 sgemm sgemm CUDA0 1.070571 137054 40
CPU17 44.185117 137015 sgemm sgemm CUDA0 1.259792 137055 40
CPU0 44.731720 137016 sgemm sgemm CUDA0 1.067295 137056 40
CPU2 44.586087 137017 sgemm sgemm CUDA1 1.258082 137057 40
CPU10 44.420335 137018 sgemm sgemm CUDA0 1.258790 137058 40
CPU19 44.581718 137019 sgemm sgemm CUDA3 1.260086 137059 40
CPU5 44.336888 137020 sgemm sgemm CUDA0 1.075097 137060 40
CPU16 44.249201 137021 sgemm sgemm CUDA3 1.060130 137061 40
CPU11 44.290828 137022 sgemm sgemm CUDA3 1.255971 137062 40
CPU2 44.239783 137023 sgemm sgemm CUDA3 1.071474 137063 40
CPU0 44.628987 137024 sgemm sgemm CUDA3 12.103180 137064 40
CPU6 44.738090 137025 sgemm sgemm CUDA2 0.039628 137065 40
CPU4 44.782362 137026 sgemm sgemm CUDA2 1.329601 137066 40
CPU0 44.498643 137027 sgemm sgemm CUDA0 1.261080 137067 40
CPU3 44.660607 137028 sgemm sgemm CUDA2 1.067086 137068 40
CPU4 44.832534 137032 sgemm sgemm CUDA0 0.088605 137072 40
CPU8 44.505460 137033 sgemm sgemm CUDA0 1.370923 137073 40
CPU14 44.438421 137034 sgemm sgemm CUDA3 1.265897 137074 40
CPU6 44.638057 137035 sgemm sgemm CUDA2 1.066734 137075 40
CPU9 44.701430 137036 sgemm sgemm CUDA3 1.256459 137076 40
CPU18 44.171466 137037 sgemm sgemm CUDA2 1.065873 137077 40
CPU15 44.249893 137038 sgemm sgemm CUDA2 1.260061 137078 40
CPU17 44.428879 137039 sgemm sgemm CUDA3 1.325647 137079 40
CPU16 44.344114 137040 sgemm sgemm CUDA3 1.259399 137080 40
CPU9 44.863414 137041 sgemm sgemm CUDA3 1.065783 137081 40
CPU3 44.608910 137042 sgemm sgemm CUDA0 1.074632 137082 40
CPU0 44.576324 137043 sgemm sgemm CUDA3 1.260184 137083 40
CPU16 44.252371 137044 sgemm sgemm CUDA2 1.070717 137084 40
CPU7 44.621390 137045 sgemm sgemm CUDA0 1.076352 137085 40
CPU18 44.300719 137046 sgemm sgemm CUDA0 1.071884 137086 40
CPU2 44.450093 137047 sgemm sgemm CUDA2 1.068997 137087 40
CPU9 44.446513 137048 sgemm sgemm CUDA0 1.072016 137088 40
CPU10 44.240511 137049 sgemm sgemm CUDA2 1.252184 137089 40
CPU17 44.576254 137050 sgemm sgemm CUDA3 1.066049 137090 40
CPU4 44.820011 137051 sgemm sgemm CUDA0 1.259351 137091 40
CPU16 44.303575 137052 sgemm sgemm CUDA1 1.067575 137092 40
CPU1 44.336917 137053 sgemm sgemm CUDA3 12.066236 137093 40
CPU3 44.775127 137054 sgemm sgemm CUDA1 0.042890 137094 40
CPU2 44.635252 137055 sgemm sgemm CUDA1 1.305590 137095 40
CPU5 45.052512 137056 sgemm sgemm CUDA1 1.256244 137096 40
CPU6 44.786291 137057 sgemm sgemm CUDA2 1.317425 137097 40
CPU5 44.394275 137058 sgemm sgemm CUDA2 1.260892 137098 40
CPU1 44.653345 137059 sgemm sgemm CUDA1 1.063934 137099 40
CPU0 44.822625 137063 sgemm sgemm CUDA1 0.475283 137103 40
CPU7 44.767590 137064 sgemm sgemm CUDA1 1.258582 137104 40
CPU14 44.439401 137065 sgemm sgemm CUDA1 1.255522 137105 40
CPU6 44.530800 137066 sgemm sgemm CUDA1 1.252626 137106 40
CPU8 44.443535 137067 sgemm sgemm CUDA3 1.066097 137107 40
CPU18 44.455849 137068 sgemm sgemm CUDA3 1.066984 137108 40
CPU15 44.150056 137069 sgemm sgemm CUDA3 1.069399 137109 40
CPU16 44.590138 137070 sgemm sgemm CUDA0 1.063887 137110 40
CPU16 44.460222 137071 sgemm sgemm CUDA3 1.066752 137111 40
CPU8 44.670284 137072 sgemm sgemm CUDA1 1.060127 137112 40
CPU0 44.781940 137073 sgemm sgemm CUDA3 12.846955 137113 40
CPU9 44.640005 137074 sgemm sgemm CUDA3 0.039421 137114 40
CPU16 44.823388 137075 sgemm sgemm CUDA3 1.310153 137115 40
CPU6 44.621683 137076 sgemm sgemm CUDA0 1.066753 137116 40
CPU18 43.957793 137077 sgemm sgemm CUDA0 10.563581 137117 40
CPU0 44.911806 137078 sgemm sgemm CUDA0 0.040890 137118 40
CPU7 44.735211 137079 sgemm sgemm CUDA0 1.304354 137119 40
CPU10 44.276488 137080 sgemm sgemm CUDA0 1.064117 137120 40
CPU14 44.558041 137081 sgemm sgemm CUDA3 1.256158 137121 40
CPU8 44.447424 137082 sgemm sgemm CUDA0 1.068455 137122 40
CPU16 44.363668 137083 sgemm sgemm CUDA3 1.257330 137123 40
CPU11 44.407085 137084 sgemm sgemm CUDA3 1.263293 137124 40
CPU5 44.774898 137085 sgemm sgemm CUDA1 1.067616 137125 40
CPU10 44.632083 137086 sgemm sgemm CUDA1 1.063735 137126 40
CPU7 44.953422 137087 sgemm sgemm CUDA2 1.305338 137127 40
CPU3 45.191564 137088 sgemm sgemm CUDA2 1.258612 137128 40
CPU1 44.424180 137089 sgemm sgemm CUDA2 1.261083 137129 40
CPU4 44.621189 137090 sgemm sgemm CUDA2 1.065611 137130 40
CPU3 44.235519 137094 sgemm sgemm CUDA1 1.254758 137134 40
CPU8 44.283415 137095 sgemm sgemm CUDA1 1.261884 137135 40
CPU14 44.377977 137096 sgemm sgemm CUDA1 1.260400 137136 40
CPU6 44.803037 137097 sgemm sgemm CUDA1 1.067051 137137 40
CPU7 44.877742 137098 sgemm sgemm CUDA3 1.266137 137138 40
CPU18 44.411163 137099 sgemm sgemm CUDA2 1.072575 137139 40
CPU16 44.162612 137100 sgemm sgemm CUDA3 1.072324 137140 40
CPU18 44.453781 137101 sgemm sgemm CUDA3 1.069734 137141 40
CPU18 44.517034 137102 sgemm sgemm CUDA3 1.070397 137142 40
CPU3 44.583818 137103 sgemm sgemm CUDA3 1.262732 137143 40
CPU10 44.515224 137104 sgemm sgemm CUDA3 1.260366 137144 40
CPU8 44.888514 137105 sgemm sgemm CUDA2 1.257619 137145 40
CPU10 44.399338 137106 sgemm sgemm CUDA3 1.259230 137146 40
CPU3 44.627514 137107 sgemm sgemm CUDA0 1.299399 137147 40
CPU19 44.672639 137108 sgemm sgemm CUDA0 1.257952 137148 40
CPU4 44.752248 137109 sgemm sgemm CUDA0 1.262037 137149 40
CPU3 44.734770 137110 sgemm sgemm CUDA1 1.286232 137150 40
CPU0 44.929634 137111 sgemm sgemm CUDA1 1.261245 137151 40
CPU11 44.614277 137112 sgemm sgemm CUDA0 1.254656 137152 40
CPU1 44.541810 137113 sgemm sgemm CUDA1 1.084948 137153 40
CPU16 44.284604 137114 sgemm sgemm CUDA1 1.253967 137154 40
CPU4 44.757530 137115 sgemm sgemm CUDA3 12.049016 137155 40
CPU1 44.770687 137116 sgemm sgemm CUDA1 12.521199 137156 40
CPU8 44.438045 137117 sgemm sgemm CUDA1 0.041789 137157 40
CPU2 44.598607 137118 sgemm sgemm CUDA2 1.067926 137158 40
CPU7 44.986659 137119 sgemm sgemm CUDA0 1.065674 137159 40
CPU4 44.696158 137120 sgemm sgemm CUDA2 1.257083 137160 40
CPU6 44.764654 137121 sgemm sgemm CUDA0 1.258113 137161 40
CPU1 44.230769 137125 sgemm sgemm CUDA2 1.262888 137165 40
CPU7 44.177778 137126 sgemm sgemm CUDA2 1.210763 137166 40
CPU14 44.776223 137127 sgemm sgemm CUDA2 12.869464 137167 40
CPU6 44.331286 137128 sgemm sgemm CUDA1 1.385676 137168 40
CPU7 44.454324 137129 sgemm sgemm CUDA1 1.011145 137169 40
CPU18 44.459449 137130 sgemm sgemm CUDA1 1.007896 137170 40
CPU15 44.528819 137131 sgemm sgemm CUDA3 1.256262 137171 40
CPU18 44.591989 137132 sgemm sgemm CUDA1 1.199146 137172 40
CPU16 44.736872 137133 sgemm sgemm CUDA3 1.008066 137173 40
CPU6 44.353174 137134 sgemm sgemm CUDA1 1.198967 137174 40
CPU10 44.790253 137135 sgemm sgemm CUDA3 1.012590 137175 40
CPU1 44.644363 137136 sgemm sgemm CUDA3 1.198854 137176 40
CPU17 44.541760 137137 sgemm sgemm CUDA3 1.199931 137177 40
CPU4 44.478126 137138 sgemm sgemm CUDA1 1.196885 137178 40
CPU18 44.573743 137139 sgemm sgemm CUDA2 0.057574 137179 40
CPU8 44.253237 137140 sgemm sgemm CUDA0 1.066777 137180 40
CPU5 44.230190 137141 sgemm sgemm CUDA0 11.028350 137181 40
CPU7 44.627735 137142 sgemm sgemm CUDA0 0.041991 137182 40
CPU17 44.639871 137143 sgemm sgemm CUDA0 1.199706 137183 40
CPU6 44.236613 137144 sgemm sgemm CUDA0 1.193752 137184 40
CPU16 44.505367 137145 sgemm sgemm CUDA0 1.199157 137185 40
CPU8 44.086028 137146 sgemm sgemm CUDA0 1.067618 137186 40
CPU6 44.487591 137147 sgemm sgemm CUDA1 1.198603 137187 40
CPU1 44.722661 137148 sgemm sgemm CUDA1 1.010787 137188 40
CPU10 44.673207 137149 sgemm sgemm CUDA3 1.205660 137189 40
CPU6 44.612058 137150 sgemm sgemm CUDA3 1.010353 137190 40
CPU8 44.074187 137151 sgemm sgemm CUDA2 1.328201 137191 40
CPU12 44.878465 137152 sgemm sgemm CUDA0 1.015216 137192 40
CPU7 44.233203 137156 sgemm sgemm CUDA0 1.299326 137196 40
CPU7 44.369165 137157 sgemm sgemm CUDA1 1.270775 137197 40
CPU14 44.703965 137158 sgemm sgemm CUDA3 0.051431 137198 40
CPU2 44.148510 137159 sgemm sgemm CUDA3 1.292499 137199 40
CPU2 44.097999 137160 sgemm sgemm CUDA0 1.384395 137200 40
CPU18 44.571948 137161 sgemm sgemm CUDA0 1.262321 137201 40
CPU15 44.536261 137162 sgemm sgemm CUDA3 1.343907 137202 40
CPU18 44.712657 137163 sgemm sgemm CUDA1 1.282321 137203 40
CPU19 44.894144 137164 sgemm sgemm CUDA3 3.892772 137204 40
CPU4 44.367758 137165 sgemm sgemm CUDA3 0.054043 137205 40
CPU1 44.163654 137166 sgemm sgemm CUDA3 1.388998 137206 40
CPU3 44.427843 137167 sgemm sgemm CUDA2 4.242224 137207 40
CPU11 44.576061 137168 sgemm sgemm CUDA2 1.330345 137208 40
CPU6 44.178836 137169 sgemm sgemm CUDA0 1.309967 137209 40
CPU19 44.743019 137170 sgemm sgemm CUDA0 3.887342 137210 40
CPU6 44.628001 137171 sgemm sgemm CUDA0 0.052443 137211 40
CPU9 44.387659 137172 sgemm sgemm CUDA1 1.361240 137212 40
CPU1 44.268374 137173 sgemm sgemm CUDA2 0.053283 137213 40
CPU19 44.789753 137174 sgemm sgemm CUDA3 10.500007 137214 40
CPU9 43.962968 137175 sgemm sgemm CUDA1 0.062256 137215 40
CPU16 44.681878 137176 sgemm sgemm CUDA3 0.082759 137216 40
CPU11 44.657815 137177 sgemm sgemm CUDA0 0.075180 137217 40
CPU12 44.869493 137178 sgemm sgemm CUDA3 1.305546 137218 40
CPU0 44.474122 137179 sgemm sgemm CUDA2 1.260656 137219 40
CPU8 43.916096 137180 sgemm sgemm CUDA2 1.065012 137220 40
CPU11 44.582255 137181 sgemm sgemm CUDA3 1.060670 137221 40
CPU4 44.235922 137182 sgemm sgemm CUDA1 1.071308 137222 40
CPU4 44.183177 137183 sgemm sgemm CUDA1 0.074539 137223 40
CPU9 33.501794 137189 strsm strsm CUDA2 2.559161 137229 40
CPU7 32.051109 137193 strsm strsm CUDA2 1.901476 137233 40
CPU14 32.110725 137197 strsm strsm CUDA1 2.027439 137237 40
CPU5 31.584866 137201 strsm strsm CUDA2 0.379693 137241 40
CPU9 31.529555 137205 strsm strsm CUDA3 0.504346 137245 40
CPU15 31.376677 137209 strsm strsm CUDA3 0.548974 137249 40
CPU16 31.716789 137213 strsm strsm CUDA3 1.615957 137253 40
CPU16 31.996747 137217 strsm strsm CUDA3 2.168086 137257 40
CPU18 31.936426 137221 strsm strsm CUDA2 1.522965 137261 40
CPU1 32.019529 137225 strsm strsm CUDA1 12.396772 137265 40
CPU0 32.791274 137229 strsm strsm CUDA0 12.223565 137269 40
CPU11 32.630935 137233 strsm strsm CUDA3 3.779937 137273 40
CPU17 32.108646 137237 strsm strsm CUDA3 1.367394 137277 40
CPU17 31.968689 137241 strsm strsm CUDA0 2.542974 137281 40
CPU7 32.093919 137245 strsm strsm CUDA0 2.500275 137285 40
CPU12 32.909938 137249 strsm strsm CUDA0 14.586572 137289 40
CPU7 32.440296 137253 strsm strsm CUDA2 13.531263 137293 40
CPU8 33.191755 137257 strsm strsm CUDA2 0.258121 137297 40
CPU19 32.436999 137261 strsm strsm CUDA0 0.179007 137301 40
CPU11 31.956885 137265 strsm strsm CUDA0 2.785521 137305 40
CPU11 31.487399 137269 strsm strsm CUDA0 2.616441 137309 40
CPU13 33.762463 137273 strsm strsm CUDA0 2.567078 137313 40
CPU13 34.309004 137277 strsm strsm CUDA1 0.184063 137317 40
CPU13 33.187074 137281 strsm strsm CUDA1 2.454290 137321 40
CPU10 33.049511 137285 strsm strsm CUDA2 0.138938 137325 40
CPU13 33.306434 137289 strsm strsm CUDA0 2.141681 137329 40
CPU6 31.799614 137293 strsm strsm CUDA3 1.348749 137333 40
CPU10 34.033876 137297 strsm strsm CUDA1 2.793795 137337 40
CPU10 15.635387 137301 strtri strtri CPU -1 137341 40
CPU0 31.563344 137303 strsm strsm CUDA1 2.704278 137343 40
CPU1 30.789477 137305 strsm strsm CUDA0 11.943857 137345 40
CPU7 30.981399 137307 strsm strsm CUDA0 2.946163 137347 40
CPU9 31.024811 137309 strsm strsm CUDA1 14.325588 137349 40
CPU3 30.912261 137311 strsm strsm CUDA0 2.772275 137351 40
CPU10 30.902391 137313 strsm strsm CUDA1 2.758031 137353 40
CPU8 31.152000 137315 strsm strsm CUDA0 15.803391 137355 40
CPU4 31.256581 137317 strsm strsm CUDA1 3.090878 137357 40
CPU14 31.152735 137319 strsm strsm CUDA1 7.006321 137359 40
CPU10 31.157645 137321 strsm strsm CUDA1 2.800405 137361 40
CPU7 31.384029 137323 strsm strsm CUDA1 11.709824 137363 40
CPU8 31.399683 137325 strsm strsm CUDA1 2.931302 137365 40
CPU7 31.969082 137327 strsm strsm CUDA0 0.042666 137367 40
CPU2 30.451826 137329 strsm strsm CUDA1 2.697375 137369 40
CPU4 31.238005 137331 strsm strsm CUDA0 11.751245 137371 40
CPU4 31.533497 137333 strsm strsm CUDA2 10.490578 137373 40
CPU19 30.731495 137335 strsm strsm CUDA1 2.833468 137375 40
CPU4 31.039911 137337 strsm strsm CUDA0 2.813591 137377 40
CPU19 30.837563 137339 strsm strsm CUDA1 3.093012 137379 40
CPU3 30.409851 137341 strsm strsm CUDA2 2.905447 137381 40
CPU3 45.155986 137343 sgemm sgemm CUDA0 14.513334 137383 40
CPU7 44.855151 137344 sgemm sgemm CUDA1 1.315057 137384 40
CPU14 44.532328 137345 sgemm sgemm CUDA1 1.387547 137385 40
CPU6 45.021069 137346 sgemm sgemm CUDA1 1.045577 137386 40
CPU9 45.226211 137347 sgemm sgemm CUDA0 1.237606 137387 40
CPU16 44.522115 137348 sgemm sgemm CUDA0 0.069131 137388 40
CPU16 44.481480 137349 sgemm sgemm CUDA3 1.271134 137389 40
CPU17 44.495784 137350 sgemm sgemm CUDA3 8.013252 137390 40
CPU17 44.527287 137351 sgemm sgemm CUDA0 12.172728 137391 40
CPU2 44.809914 137352 sgemm sgemm CUDA2 1.002213 137392 40
CPU5 44.710007 137353 sgemm sgemm CUDA2 1.045034 137393 40
CPU11 44.290992 137354 sgemm sgemm CUDA2 1.236236 137394 40
CPU15 44.187100 137355 sgemm sgemm CUDA2 1.231772 137395 40
CPU7 44.896367 137356 sgemm sgemm CUDA0 0.071386 137396 40
CPU17 44.272504 137357 sgemm sgemm CUDA2 1.238278 137397 40
CPU12 44.434332 137358 sgemm sgemm CUDA2 1.232350 137398 40
CPU7 45.018160 137359 sgemm sgemm CUDA0 1.291014 137399 40
CPU5 44.813765 137360 sgemm sgemm CUDA0 1.031093 137400 40
CPU19 44.497825 137361 sgemm sgemm CUDA0 7.944313 137401 40
CPU10 44.876968 137362 sgemm sgemm CUDA1 1.256242 137402 40
CPU10 44.459964 137363 sgemm sgemm CUDA0 1.360736 137403 40
CPU5 44.595905 137364 sgemm sgemm CUDA3 1.202770 137404 40
CPU3 44.530786 137365 sgemm sgemm CUDA3 1.226406 137405 40
CPU13 44.512059 137366 sgemm sgemm CUDA2 1.237360 137406 40
CPU12 44.530836 137367 sgemm sgemm CUDA3 10.439443 137407 40
CPU13 44.496102 137368 sgemm sgemm CUDA0 1.254698 137408 40
CPU10 43.878487 137369 sgemm sgemm CUDA0 1.039895 137409 40
CPU12 44.360463 137370 sgemm sgemm CUDA1 1.042901 137410 40
CPU13 44.479527 137371 sgemm sgemm CUDA2 1.030767 137411 40
CPU2 44.415973 137375 sgemm sgemm CUDA0 1.252440 137415 40
CPU8 44.412361 137376 sgemm sgemm CUDA1 1.263988 137416 40
CPU14 44.529645 137377 sgemm sgemm CUDA1 1.068018 137417 40
CPU6 44.618438 137378 sgemm sgemm CUDA1 1.072384 137418 40
CPU8 44.326979 137379 sgemm sgemm CUDA1 1.260167 137419 40
CPU18 44.669660 137380 sgemm sgemm CUDA0 1.256134 137420 40
CPU15 44.517022 137381 sgemm sgemm CUDA3 1.257546 137421 40
CPU16 44.600684 137382 sgemm sgemm CUDA3 1.066402 137422 40
CPU17 44.552780 137383 sgemm sgemm CUDA2 1.261849 137423 40
CPU2 44.396749 137384 sgemm sgemm CUDA2 12.861586 137424 40
CPU1 44.462710 137385 sgemm sgemm CUDA2 0.042424 137425 40
CPU11 44.400598 137386 sgemm sgemm CUDA2 1.307950 137426 40
CPU17 44.385115 137387 sgemm sgemm CUDA2 1.263097 137427 40
CPU16 44.411580 137388 sgemm sgemm CUDA1 1.074266 137428 40
CPU19 44.595125 137389 sgemm sgemm CUDA2 1.072810 137429 40
CPU7 44.475476 137390 sgemm sgemm CUDA2 1.265194 137430 40
CPU6 44.721163 137391 sgemm sgemm CUDA0 1.063721 137431 40
CPU6 44.713622 137392 sgemm sgemm CUDA0 1.065917 137432 40
CPU19 44.580402 137393 sgemm sgemm CUDA0 1.067960 137433 40
CPU12 44.459154 137394 sgemm sgemm CUDA1 1.066011 137434 40
CPU10 44.502438 137395 sgemm sgemm CUDA0 1.260938 137435 40
CPU13 44.821290 137396 sgemm sgemm CUDA3 1.065163 137436 40
CPU10 44.546380 137397 sgemm sgemm CUDA3 1.259688 137437 40
CPU13 44.541718 137398 sgemm sgemm CUDA2 1.258969 137438 40
CPU13 44.630237 137399 sgemm sgemm CUDA3 1.258322 137439 40
CPU13 44.807191 137400 sgemm sgemm CUDA0 1.257188 137440 40
CPU10 44.784039 137401 sgemm sgemm CUDA2 1.072439 137441 40
CPU10 44.630441 137402 sgemm sgemm CUDA3 1.261780 137442 40
CPU13 44.569041 137403 sgemm sgemm CUDA2 1.261528 137443 40
CPU3 44.723870 137407 sgemm sgemm CUDA0 1.263360 137447 40
CPU8 44.539304 137408 sgemm sgemm CUDA1 1.256426 137448 40
CPU14 44.369775 137409 sgemm sgemm CUDA1 12.755310 137449 40
CPU6 44.721239 137410 sgemm sgemm CUDA1 0.168309 137450 40
CPU1 44.210258 137411 sgemm sgemm CUDA0 1.067747 137451 40
CPU16 44.301178 137412 sgemm sgemm CUDA0 1.218175 137452 40
CPU16 44.454382 137413 sgemm sgemm CUDA3 1.058691 137453 40
CPU18 44.314436 137414 sgemm sgemm CUDA3 1.072153 137454 40
CPU17 44.761959 137415 sgemm sgemm CUDA2 1.251511 137455 40
CPU2 44.529085 137416 sgemm sgemm CUDA2 12.723046 137456 40
CPU7 44.736576 137417 sgemm sgemm CUDA3 1.258659 137457 40
CPU10 44.448445 137418 sgemm sgemm CUDA2 0.127116 137458 40
CPU18 44.007831 137419 sgemm sgemm CUDA2 1.335424 137459 40
CPU3 44.694057 137420 sgemm sgemm CUDA1 0.044254 137460 40
CPU17 44.393604 137421 sgemm sgemm CUDA2 1.080301 137461 40
CPU3 44.451506 137422 sgemm sgemm CUDA2 1.262019 137462 40
CPU1 44.810240 137423 sgemm sgemm CUDA0 1.256778 137463 40
CPU10 44.384698 137424 sgemm sgemm CUDA0 1.261483 137464 40
CPU19 44.378677 137425 sgemm sgemm CUDA0 1.260852 137465 40
CPU12 44.608043 137426 sgemm sgemm CUDA1 1.309720 137466 40
CPU16 44.435812 137427 sgemm sgemm CUDA0 1.068085 137467 40
CPU11 44.294492 137428 sgemm sgemm CUDA3 1.279599 137468 40
CPU9 44.602526 137429 sgemm sgemm CUDA3 1.068777 137469 40
CPU11 44.346767 137430 sgemm sgemm CUDA3 1.062217 137470 40
CPU10 44.452977 137431 sgemm sgemm CUDA2 1.070306 137471 40
CPU4 44.459270 137432 sgemm sgemm CUDA2 1.067573 137472 40
CPU6 44.663230 137433 sgemm sgemm CUDA2 1.258104 137473 40
CPU5 44.856746 137434 sgemm sgemm CUDA3 1.267701 137474 40
CPU11 44.783185 137435 sgemm sgemm CUDA3 1.257378 137475 40
CPU7 44.708950 137439 sgemm sgemm CUDA1 1.256230 137479 40
CPU7 44.825904 137440 sgemm sgemm CUDA1 1.269920 137480 40
CPU14 44.360917 137441 sgemm sgemm CUDA1 1.257741 137481 40
CPU4 44.779533 137442 sgemm sgemm CUDA2 1.259866 137482 40
CPU8 44.523812 137443 sgemm sgemm CUDA1 1.256677 137483 40
CPU18 44.916298 137444 sgemm sgemm CUDA2 1.258169 137484 40
CPU16 44.435339 137445 sgemm sgemm CUDA2 1.071167 137485 40
CPU17 44.333806 137446 sgemm sgemm CUDA3 0.051896 137486 40
CPU16 44.503541 137447 sgemm sgemm CUDA2 1.476204 137487 40
CPU2 44.685613 137448 sgemm sgemm CUDA2 1.070172 137488 40
CPU8 44.802394 137449 sgemm sgemm CUDA3 1.384523 137489 40
CPU11 44.278579 137450 sgemm sgemm CUDA3 1.256169 137490 40
CPU17 44.514235 137451 sgemm sgemm CUDA2 1.068437 137491 40
CPU7 44.749517 137452 sgemm sgemm CUDA1 12.768676 137492 40
CPU19 44.440996 137453 sgemm sgemm CUDA2 1.259890 137493 40
CPU5 44.259489 137454 sgemm sgemm CUDA2 12.910505 137494 40
CPU2 44.622297 137455 sgemm sgemm CUDA0 1.254758 137495 40
CPU10 44.216068 137456 sgemm sgemm CUDA0 1.070640 137496 40
CPU19 44.429622 137457 sgemm sgemm CUDA0 12.694481 137497 40
CPU16 44.366476 137458 sgemm sgemm CUDA1 0.044256 137498 40
CPU2 44.753577 137459 sgemm sgemm CUDA0 0.053696 137499 40
CPU0 44.824746 137460 sgemm sgemm CUDA3 1.261478 137500 40
CPU9 43.796608 137461 sgemm sgemm CUDA3 1.259635 137501 40
CPU3 44.884579 137462 sgemm sgemm CUDA2 0.047990 137502 40
CPU7 44.894746 137463 sgemm sgemm CUDA2 1.300103 137503 40
CPU10 44.409308 137464 sgemm sgemm CUDA0 1.316215 137504 40
CPU6 44.774500 137465 sgemm sgemm CUDA0 1.255606 137505 40
CPU13 44.581493 137466 sgemm sgemm CUDA3 1.070155 137506 40
CPU13 44.506745 137467 sgemm sgemm CUDA3 1.069602 137507 40
CPU7 45.185691 137471 sgemm sgemm CUDA1 1.198215 137511 40
CPU7 44.361864 137472 sgemm sgemm CUDA1 0.043260 137512 40
CPU14 44.445580 137473 sgemm sgemm CUDA1 1.323758 137513 40
CPU6 44.886359 137474 sgemm sgemm CUDA1 1.071183 137514 40
CPU6 44.656734 137475 sgemm sgemm CUDA1 1.090098 137515 40
CPU17 44.732885 137476 sgemm sgemm CUDA0 1.311419 137516 40
CPU15 44.266712 137477 sgemm sgemm CUDA3 0.119345 137517 40
CPU17 44.395871 137478 sgemm sgemm CUDA3 1.257545 137518 40
CPU18 44.358377 137479 sgemm sgemm CUDA2 11.901335 137519 40
CPU2 44.627885 137480 sgemm sgemm CUDA2 1.381721 137520 40
CPU2 44.812638 137481 sgemm sgemm CUDA3 1.070796 137521 40
CPU17 44.290531 137482 sgemm sgemm CUDA2 1.069589 137522 40
CPU16 44.731359 137483 sgemm sgemm CUDA3 1.257644 137523 40
CPU7 44.739244 137484 sgemm sgemm CUDA0 1.262880 137524 40
CPU17 44.418161 137485 sgemm sgemm CUDA2 1.066855 137525 40
CPU7 44.439644 137486 sgemm sgemm CUDA2 1.254268 137526 40
CPU4 44.810118 137487 sgemm sgemm CUDA0 1.071368 137527 40
CPU8 44.874555 137488 sgemm sgemm CUDA0 1.263499 137528 40
CPU19 44.390363 137489 sgemm sgemm CUDA3 1.074113 137529 40
CPU12 44.726539 137490 sgemm sgemm CUDA1 1.258041 137530 40
CPU16 44.554431 137491 sgemm sgemm CUDA1 1.071691 137531 40
CPU3 44.517607 137492 sgemm sgemm CUDA3 1.258076 137532 40
CPU19 44.555552 137493 sgemm sgemm CUDA3 1.259045 137533 40
CPU11 44.263184 137494 sgemm sgemm CUDA3 1.258884 137534 40
CPU12 44.577174 137495 sgemm sgemm CUDA3 12.652755 137535 40
CPU0 44.929908 137496 sgemm sgemm CUDA0 1.260826 137536 40
CPU1 44.480518 137497 sgemm sgemm CUDA2 1.072455 137537 40
CPU9 44.439913 137498 sgemm sgemm CUDA2 1.259822 137538 40
CPU4 44.627644 137499 sgemm sgemm CUDA1 1.071494 137539 40
CPU2 44.800075 137503 sgemm sgemm CUDA1 1.257797 137543 40
CPU8 44.801597 137504 sgemm sgemm CUDA1 1.069931 137544 40
CPU14 44.428100 137505 sgemm sgemm CUDA2 1.066920 137545 40
CPU3 44.646923 137506 sgemm sgemm CUDA2 12.450737 137546 40
CPU7 44.656793 137507 sgemm sgemm CUDA1 1.068076 137547 40
CPU16 44.525616 137508 sgemm sgemm CUDA2 0.046154 137548 40
CPU16 45.056343 137509 sgemm sgemm CUDA3 1.066279 137549 40
CPU17 44.483226 137510 sgemm sgemm CUDA3 1.066103 137550 40
CPU16 44.152219 137511 sgemm sgemm CUDA2 1.306897 137551 40
CPU0 45.248826 137512 sgemm sgemm CUDA2 1.199171 137552 40
CPU3 44.689978 137513 sgemm sgemm CUDA3 12.733991 137553 40
CPU16 44.202832 137514 sgemm sgemm CUDA2 1.203014 137554 40
CPU16 43.940280 137515 sgemm sgemm CUDA3 0.044336 137555 40
CPU3 44.608684 137516 sgemm sgemm CUDA0 1.321548 137556 40
CPU18 44.510532 137517 sgemm sgemm CUDA2 1.195300 137557 40
CPU12 44.557494 137518 sgemm sgemm CUDA0 1.068590 137558 40
CPU11 44.561323 137519 sgemm sgemm CUDA0 1.259846 137559 40
CPU11 44.488199 137520 sgemm sgemm CUDA0 1.069585 137560 40
CPU19 44.535524 137521 sgemm sgemm CUDA3 1.302670 137561 40
CPU12 44.596929 137522 sgemm sgemm CUDA1 1.259941 137562 40
CPU16 44.241309 137523 sgemm sgemm CUDA0 1.256611 137563 40
CPU10 44.408815 137524 sgemm sgemm CUDA3 10.668117 137564 40
CPU13 44.526597 137525 sgemm sgemm CUDA3 1.332786 137565 40
CPU13 44.465077 137526 sgemm sgemm CUDA3 1.203570 137566 40
CPU11 44.316113 137527 sgemm sgemm CUDA2 1.201444 137567 40
CPU12 44.005770 137528 sgemm sgemm CUDA1 1.071284 137568 40
CPU11 44.633499 137529 sgemm sgemm CUDA2 1.202213 137569 40
CPU4 44.394229 137530 sgemm sgemm CUDA2 1.197156 137570 40
CPU13 46.035743 137531 sgemm sgemm CUDA3 1.017336 137571 40
CPU1 44.759969 137535 sgemm sgemm CUDA0 1.258362 137575 40
CPU8 44.485686 137536 sgemm sgemm CUDA0 1.258514 137576 40
CPU14 44.268899 137537 sgemm sgemm CUDA2 1.262259 137577 40
CPU5 44.895044 137538 sgemm sgemm CUDA2 1.067492 137578 40
CPU7 44.765459 137539 sgemm sgemm CUDA2 1.075422 137579 40
CPU18 44.505374 137540 sgemm sgemm CUDA2 1.264880 137580 40
CPU16 44.366056 137541 sgemm sgemm CUDA2 1.261335 137581 40
CPU16 44.492803 137542 sgemm sgemm CUDA3 1.073669 137582 40
CPU17 44.444006 137543 sgemm sgemm CUDA2 1.263207 137583 40
CPU1 44.680228 137544 sgemm sgemm CUDA3 1.062053 137584 40
CPU0 45.171936 137545 sgemm sgemm CUDA3 1.067404 137585 40
CPU11 44.162606 137546 sgemm sgemm CUDA3 1.064762 137586 40
CPU17 44.273939 137547 sgemm sgemm CUDA3 1.063172 137587 40
CPU5 44.434669 137548 sgemm sgemm CUDA0 1.071943 137588 40
CPU19 44.392962 137549 sgemm sgemm CUDA0 1.064239 137589 40
CPU4 44.691781 137550 sgemm sgemm CUDA0 1.258257 137590 40
CPU3 44.648244 137551 sgemm sgemm CUDA0 1.256828 137591 40
CPU9 44.554448 137552 sgemm sgemm CUDA2 1.069795 137592 40
CPU19 44.355196 137553 sgemm sgemm CUDA3 17.623643 137593 40
CPU12 44.530406 137554 sgemm sgemm CUDA1 1.072050 137594 40
CPU16 44.450705 137555 sgemm sgemm CUDA1 1.072969 137595 40
CPU11 44.311329 137556 sgemm sgemm CUDA3 0.056841 137596 40
CPU8 44.427756 137557 sgemm sgemm CUDA1 1.254579 137597 40
CPU11 44.378785 137558 sgemm sgemm CUDA2 1.066818 137598 40
CPU10 45.186230 137559 sgemm sgemm CUDA2 1.257836 137599 40
CPU4 44.793089 137560 sgemm sgemm CUDA2 1.261279 137600 40
CPU6 44.808575 137561 sgemm sgemm CUDA1 1.072360 137601 40
CPU5 44.822828 137562 sgemm sgemm CUDA1 1.260792 137602 40
CPU9 44.690301 137563 sgemm sgemm CUDA1 1.259479 137603 40
CPU10 45.006718 137567 sgemm sgemm CUDA1 1.249283 137607 40
CPU8 44.366542 137568 sgemm sgemm CUDA1 1.256937 137608 40
CPU14 44.407647 137569 sgemm sgemm CUDA2 11.836055 137609 40
CPU6 44.781141 137570 sgemm sgemm CUDA2 0.049617 137610 40
CPU9 44.404894 137571 sgemm sgemm CUDA2 1.283758 137611 40
CPU18 45.166004 137572 sgemm sgemm CUDA2 1.079492 137612 40
CPU16 44.563591 137573 sgemm sgemm CUDA2 1.255310 137613 40
CPU16 44.566233 137574 sgemm sgemm CUDA3 1.256736 137614 40
CPU19 44.605490 137575 sgemm sgemm CUDA2 1.261545 137615 40
CPU5 44.240143 137576 sgemm sgemm CUDA3 1.257833 137616 40
CPU0 44.242731 137577 sgemm sgemm CUDA3 1.257396 137617 40
CPU11 44.156843 137578 sgemm sgemm CUDA3 1.257869 137618 40
CPU16 44.761001 137579 sgemm sgemm CUDA3 1.255920 137619 40
CPU17 44.496820 137580 sgemm sgemm CUDA0 1.072206 137620 40
CPU18 44.298252 137581 sgemm sgemm CUDA0 1.068170 137621 40
CPU3 44.429332 137582 sgemm sgemm CUDA2 1.266400 137622 40
CPU7 44.657081 137583 sgemm sgemm CUDA0 1.072319 137623 40
CPU0 44.980841 137584 sgemm sgemm CUDA2 1.071365 137624 40
CPU4 44.647856 137585 sgemm sgemm CUDA3 1.259694 137625 40
CPU12 44.526009 137586 sgemm sgemm CUDA1 1.261159 137626 40
CPU16 44.561234 137587 sgemm sgemm CUDA0 1.260123 137627 40
CPU19 44.867609 137588 sgemm sgemm CUDA3 1.260679 137628 40
CPU18 44.291852 137589 sgemm sgemm CUDA3 1.069306 137629 40
CPU4 45.068097 137590 sgemm sgemm CUDA2 1.067737 137630 40
CPU12 44.529635 137591 sgemm sgemm CUDA3 1.066093 137631 40
CPU2 44.459897 137592 sgemm sgemm CUDA0 1.254718 137632 40
CPU9 44.605634 137593 sgemm sgemm CUDA0 1.256458 137633 40
CPU7 44.478763 137594 sgemm sgemm CUDA2 1.258944 137634 40
CPU13 44.510562 137595 sgemm sgemm CUDA3 1.069912 137635 40
CPU9 44.512474 137599 sgemm sgemm CUDA1 11.807002 137639 40
CPU8 44.400410 137600 sgemm sgemm CUDA1 0.044500 137640 40
CPU14 44.501120 137601 sgemm sgemm CUDA1 1.068224 137641 40
CPU6 44.887743 137602 sgemm sgemm CUDA1 1.259501 137642 40
CPU5 44.475495 137603 sgemm sgemm CUDA0 1.518321 137643 40
CPU17 44.506919 137604 sgemm sgemm CUDA0 1.263495 137644 40
CPU15 44.491961 137605 sgemm sgemm CUDA3 12.048618 137645 40
CPU17 44.497329 137606 sgemm sgemm CUDA3 0.038303 137646 40
CPU16 44.356230 137607 sgemm sgemm CUDA0 1.254095 137647 40
CPU0 44.857022 137608 sgemm sgemm CUDA3 1.310202 137648 40
CPU6 44.456494 137609 sgemm sgemm CUDA3 1.261642 137649 40
CPU10 44.620840 137610 sgemm sgemm CUDA3 1.070138 137650 40
CPU19 44.200210 137611 sgemm sgemm CUDA3 1.070504 137651 40
CPU4 44.635604 137612 sgemm sgemm CUDA1 1.068387 137652 40
CPU17 44.405667 137613 sgemm sgemm CUDA0 1.255319 137653 40
CPU9 44.617680 137614 sgemm sgemm CUDA0 1.069389 137654 40
CPU18 44.765095 137615 sgemm sgemm CUDA0 1.255008 137655 40
CPU10 44.548520 137616 sgemm sgemm CUDA0 1.258219 137656 40
CPU19 44.438058 137617 sgemm sgemm CUDA0 1.259013 137657 40
CPU12 44.630759 137618 sgemm sgemm CUDA1 1.071327 137658 40
CPU16 44.538434 137619 sgemm sgemm CUDA0 1.066541 137659 40
CPU10 44.473421 137620 sgemm sgemm CUDA3 1.069227 137660 40
CPU16 44.830416 137621 sgemm sgemm CUDA1 1.066027 137661 40
CPU16 44.641031 137622 sgemm sgemm CUDA3 1.269828 137662 40
CPU5 44.431692 137623 sgemm sgemm CUDA2 1.067809 137663 40
CPU4 44.431430 137624 sgemm sgemm CUDA2 1.261863 137664 40
CPU3 44.206159 137625 sgemm sgemm CUDA2 12.537285 137665 40
CPU0 44.857643 137626 sgemm sgemm CUDA1 1.257743 137666 40
CPU3 44.463617 137627 sgemm sgemm CUDA2 0.046809 137667 40
CPU4 44.804574 137631 sgemm sgemm CUDA1 1.177870 137671 40
CPU7 44.245532 137632 sgemm sgemm CUDA1 1.070753 137672 40
CPU14 44.449721 137633 sgemm sgemm CUDA2 1.233157 137673 40
CPU4 44.625553 137634 sgemm sgemm CUDA2 1.069164 137674 40
CPU4 44.530101 137635 sgemm sgemm CUDA1 1.063990 137675 40
CPU15 45.298197 137636 sgemm sgemm CUDA2 1.067715 137676 40
CPU15 44.305416 137637 sgemm sgemm CUDA2 1.264117 137677 40
CPU18 44.576398 137638 sgemm sgemm CUDA3 1.295425 137678 40
CPU18 44.353090 137639 sgemm sgemm CUDA3 1.072763 137679 40
CPU9 44.488733 137640 sgemm sgemm CUDA3 1.254943 137680 40
CPU5 44.314881 137641 sgemm sgemm CUDA3 1.262457 137681 40
CPU11 44.036863 137642 sgemm sgemm CUDA3 1.073531 137682 40
CPU16 44.177608 137643 sgemm sgemm CUDA2 1.066326 137683 40
CPU6 44.811478 137644 sgemm sgemm CUDA1 1.258614 137684 40
CPU2 44.824304 137645 sgemm sgemm CUDA2 1.260439 137685 40
CPU8 44.656760 137646 sgemm sgemm CUDA0 1.199032 137686 40
CPU5 44.534752 137647 sgemm sgemm CUDA0 1.256381 137687 40
CPU1 44.686596 137648 sgemm sgemm CUDA0 1.065805 137688 40
CPU19 44.275899 137649 sgemm sgemm CUDA0 13.258763 137689 40
CPU12 44.282885 137650 sgemm sgemm CUDA1 13.018395 137690 40
CPU16 44.269773 137651 sgemm sgemm CUDA0 0.255442 137691 40
CPU10 44.266826 137652 sgemm sgemm CUDA3 1.069875 137692 40
CPU10 44.406756 137653 sgemm sgemm CUDA3 1.065485 137693 40
CPU11 44.287664 137654 sgemm sgemm CUDA2 12.414970 137694 40
CPU10 44.361953 137655 sgemm sgemm CUDA2 0.107314 137695 40
CPU4 44.759441 137656 sgemm sgemm CUDA2 1.334824 137696 40
CPU6 44.984750 137657 sgemm sgemm CUDA2 1.205204 137697 40
CPU5 45.011966 137658 sgemm sgemm CUDA1 0.724897 137698 40
CPU8 44.677370 137659 sgemm sgemm CUDA3 1.073186 137699 40
CPU6 44.688650 137663 sgemm sgemm CUDA0 0.706504 137703 40
CPU8 44.489435 137664 sgemm sgemm CUDA0 1.200104 137704 40
CPU14 44.461917 137665 sgemm sgemm CUDA1 1.260056 137705 40
CPU0 44.923332 137666 sgemm sgemm CUDA2 1.071676 137706 40
CPU6 44.765435 137667 sgemm sgemm CUDA2 1.071250 137707 40
CPU18 44.579805 137668 sgemm sgemm CUDA2 12.317754 137708 40
CPU15 44.330933 137669 sgemm sgemm CUDA3 1.065979 137709 40
CPU16 44.373658 137670 sgemm sgemm CUDA3 1.204200 137710 40
CPU19 44.565948 137671 sgemm sgemm CUDA2 12.145852 137711 40
CPU9 44.540244 137672 sgemm sgemm CUDA2 1.467467 137712 40
CPU7 45.113808 137673 sgemm sgemm CUDA3 1.198874 137713 40
CPU11 44.097720 137674 sgemm sgemm CUDA2 1.022709 137714 40
CPU17 44.261373 137675 sgemm sgemm CUDA3 1.013569 137715 40
CPU7 44.660612 137676 sgemm sgemm CUDA0 1.005838 137716 40
CPU18 44.152462 137677 sgemm sgemm CUDA0 1.205123 137717 40
CPU1 44.243553 137678 sgemm sgemm CUDA0 1.202075 137718 40
CPU6 45.060012 137679 sgemm sgemm CUDA0 1.208157 137719 40
CPU4 44.924374 137680 sgemm sgemm CUDA0 1.006880 137720 40
CPU19 44.414901 137681 sgemm sgemm CUDA3 1.013139 137721 40
CPU12 44.371677 137682 sgemm sgemm CUDA1 1.259167 137722 40
CPU16 44.528864 137683 sgemm sgemm CUDA1 1.084728 137723 40
CPU2 44.341913 137684 sgemm sgemm CUDA3 1.204834 137724 40
CPU2 44.694487 137685 sgemm sgemm CUDA1 1.086601 137725 40
CPU11 44.167836 137686 sgemm sgemm CUDA3 1.017263 137726 40
CPU10 44.422847 137687 sgemm sgemm CUDA2 1.213164 137727 40
CPU4 44.937939 137688 sgemm sgemm CUDA0 1.203966 137728 40
CPU6 45.083128 137689 sgemm sgemm CUDA1 12.312584 137729 40
CPU5 44.988256 137690 sgemm sgemm CUDA0 1.016428 137730 40
CPU10 44.630035 137691 sgemm sgemm CUDA3 1.205453 137731 40
CPU1 44.898998 137695 sgemm sgemm CUDA1 1.264021 137735 40
CPU8 44.699379 137696 sgemm sgemm CUDA1 1.080203 137736 40
CPU14 44.324526 137697 sgemm sgemm CUDA2 1.075916 137737 40
CPU6 44.775107 137698 sgemm sgemm CUDA2 1.065231 137738 40
CPU9 44.477480 137699 sgemm sgemm CUDA2 1.259497 137739 40
CPU17 44.778338 137700 sgemm sgemm CUDA2 1.066937 137740 40
CPU16 44.349889 137701 sgemm sgemm CUDA3 10.434320 137741 40
CPU16 44.234269 137702 sgemm sgemm CUDA3 0.082862 137742 40
CPU18 44.344898 137703 sgemm sgemm CUDA3 1.274641 137743 40
CPU1 44.789515 137704 sgemm sgemm CUDA3 1.264965 137744 40
CPU4 44.608923 137705 sgemm sgemm CUDA3 1.069827 137745 40
CPU10 44.419699 137706 sgemm sgemm CUDA3 1.069293 137746 40
CPU16 44.598580 137707 sgemm sgemm CUDA3 1.070388 137747 40
CPU5 44.577028 137708 sgemm sgemm CUDA1 1.297913 137748 40
CPU17 44.277052 137709 sgemm sgemm CUDA0 0.058439 137749 40
CPU5 44.147903 137710 sgemm sgemm CUDA0 1.294842 137750 40
CPU4 44.723961 137711 sgemm sgemm CUDA0 1.259833 137751 40
CPU10 44.434727 137712 sgemm sgemm CUDA0 1.260742 137752 40
CPU19 44.435022 137713 sgemm sgemm CUDA3 1.259201 137753 40
CPU12 44.316239 137714 sgemm sgemm CUDA1 1.268467 137754 40
CPU16 44.273348 137715 sgemm sgemm CUDA0 1.068102 137755 40
CPU3 44.375956 137716 sgemm sgemm CUDA3 1.260207 137756 40
CPU7 44.712773 137717 sgemm sgemm CUDA1 1.256740 137757 40
CPU11 44.430274 137718 sgemm sgemm CUDA3 1.261846 137758 40
CPU10 44.540272 137719 sgemm sgemm CUDA3 1.067900 137759 40
CPU4 45.064330 137720 sgemm sgemm CUDA0 0.049563 137760 40
CPU6 44.959842 137721 sgemm sgemm CUDA0 1.406823 137761 40
CPU5 44.759072 137722 sgemm sgemm CUDA2 1.064279 137762 40
CPU11 44.417238 137723 sgemm sgemm CUDA2 1.253958 137763 40
CPU8 44.626440 137727 sgemm sgemm CUDA1 1.288392 137767 40
CPU7 44.368524 137728 sgemm sgemm CUDA1 1.078486 137768 40
CPU14 44.428955 137729 sgemm sgemm CUDA1 1.070773 137769 40
CPU3 44.193125 137730 sgemm sgemm CUDA1 1.073609 137770 40
CPU8 44.429923 137731 sgemm sgemm CUDA1 1.259062 137771 40
CPU18 44.451390 137732 sgemm sgemm CUDA1 1.071030 137772 40
CPU15 44.554626 137733 sgemm sgemm CUDA3 1.063962 137773 40
CPU18 44.421958 137734 sgemm sgemm CUDA3 1.065464 137774 40
CPU18 44.525999 137735 sgemm sgemm CUDA3 1.253914 137775 40
CPU3 44.807561 137736 sgemm sgemm CUDA3 1.066860 137776 40
CPU11 44.323670 137737 sgemm sgemm CUDA3 1.252778 137777 40
CPU11 44.281390 137738 sgemm sgemm CUDA2 1.071107 137778 40
CPU16 44.588277 137739 sgemm sgemm CUDA2 1.259341 137779 40
CPU9 44.330091 137740 sgemm sgemm CUDA1 1.263468 137780 40
CPU11 44.383958 137741 sgemm sgemm CUDA0 1.070239 137781 40
CPU9 44.392492 137742 sgemm sgemm CUDA0 1.068177 137782 40
CPU6 44.666340 137743 sgemm sgemm CUDA1 1.260985 137783 40
CPU9 44.446781 137744 sgemm sgemm CUDA2 1.267801 137784 40
CPU8 44.473323 137745 sgemm sgemm CUDA0 1.258806 137785 40
CPU12 44.548759 137746 sgemm sgemm CUDA1 1.258059 137786 40
CPU16 44.344054 137747 sgemm sgemm CUDA1 1.072280 137787 40
CPU4 44.572383 137748 sgemm sgemm CUDA3 1.260856 137788 40
CPU10 44.606337 137749 sgemm sgemm CUDA1 12.046854 137789 40
CPU11 44.266727 137750 sgemm sgemm CUDA2 12.128712 137790 40
CPU10 44.608145 137751 sgemm sgemm CUDA2 0.048093 137791 40
CPU4 44.964158 137752 sgemm sgemm CUDA2 1.317252 137792 40
CPU6 44.616057 137753 sgemm sgemm CUDA0 1.258333 137793 40
CPU5 44.381095 137754 sgemm sgemm CUDA3 1.259192 137794 40
CPU7 45.989949 137755 sgemm sgemm CUDA1 1.303526 137795 40
CPU7 44.678283 137759 sgemm sgemm CUDA1 14.766566 137799 40
CPU8 44.366404 137760 sgemm sgemm CUDA1 0.114973 137800 40
CPU14 44.531944 137761 sgemm sgemm CUDA1 1.343441 137801 40
CPU2 44.388817 137762 sgemm sgemm CUDA2 0.049058 137802 40
CPU9 44.201096 137763 sgemm sgemm CUDA1 1.277666 137803 40
CPU18 44.467164 137764 sgemm sgemm CUDA2 1.316583 137804 40
CPU15 44.425965 137765 sgemm sgemm CUDA3 1.169175 137805 40
CPU18 44.479903 137766 sgemm sgemm CUDA3 1.261139 137806 40
CPU17 44.778049 137767 sgemm sgemm CUDA3 1.075453 137807 40
CPU8 44.420341 137768 sgemm sgemm CUDA3 1.268934 137808 40
CPU2 44.257854 137769 sgemm sgemm CUDA3 1.072997 137809 40
CPU3 44.522882 137770 sgemm sgemm CUDA2 1.071579 137810 40
CPU17 44.626200 137771 sgemm sgemm CUDA3 1.080987 137811 40
CPU8 44.330072 137772 sgemm sgemm CUDA0 0.121327 137812 40
CPU18 44.394373 137773 sgemm sgemm CUDA0 1.406772 137813 40
CPU0 44.529015 137774 sgemm sgemm CUDA2 1.082118 137814 40
CPU1 44.450886 137775 sgemm sgemm CUDA0 1.271042 137815 40
CPU10 44.667846 137776 sgemm sgemm CUDA2 3.649655 137816 40
CPU19 44.652594 137777 sgemm sgemm CUDA0 1.271707 137817 40
CPU12 44.565768 137778 sgemm sgemm CUDA3 1.077580 137818 40
CPU16 44.454075 137779 sgemm sgemm CUDA1 1.265898 137819 40
CPU5 44.375929 137780 sgemm sgemm CUDA3 3.712541 137820 40
CPU0 44.349425 137781 sgemm sgemm CUDA3 0.075742 137821 40
CPU11 44.349731 137782 sgemm sgemm CUDA2 0.096131 137822 40
CPU10 44.697838 137783 sgemm sgemm CUDA2 1.355763 137823 40
CPU4 44.444973 137784 sgemm sgemm CUDA0 1.081711 137824 40
CPU6 44.454330 137785 sgemm sgemm CUDA1 1.084743 137825 40
CPU5 44.197588 137786 sgemm sgemm CUDA0 1.068793 137826 40
CPU7 44.667751 137787 sgemm sgemm CUDA3 1.296861 137827 40
CPU0 44.853052 137791 sgemm sgemm CUDA0 3.728893 137831 40
CPU8 44.487645 137792 sgemm sgemm CUDA2 0.048740 137832 40
CPU14 44.482368 137793 sgemm sgemm CUDA2 1.299440 137833 40
CPU6 44.680652 137794 sgemm sgemm CUDA2 1.201537 137834 40
CPU2 44.438692 137795 sgemm sgemm CUDA2 1.262632 137835 40
CPU17 44.377655 137796 sgemm sgemm CUDA2 1.070359 137836 40
CPU15 44.217917 137797 sgemm sgemm CUDA2 1.256164 137837 40
CPU16 44.279164 137798 sgemm sgemm CUDA0 0.047939 137838 40
CPU17 44.503698 137799 sgemm sgemm CUDA0 1.307744 137839 40
CPU8 44.557731 137800 sgemm sgemm CUDA2 1.262127 137840 40
CPU9 44.443482 137801 sgemm sgemm CUDA0 1.255245 137841 40
CPU11 44.321681 137802 sgemm sgemm CUDA2 11.436787 137842 40
CPU16 44.285401 137803 sgemm sgemm CUDA2 0.046895 137843 40
CPU0 45.150489 137804 sgemm sgemm CUDA0 1.259094 137844 40
CPU17 44.323230 137805 sgemm sgemm CUDA0 1.068801 137845 40
CPU3 44.485844 137806 sgemm sgemm CUDA0 1.065476 137846 40
CPU2 44.440326 137807 sgemm sgemm CUDA1 1.255172 137847 40
CPU10 44.414429 137808 sgemm sgemm CUDA0 1.066886 137848 40
CPU19 44.475002 137809 sgemm sgemm CUDA3 1.258441 137849 40
CPU12 44.697368 137810 sgemm sgemm CUDA1 1.260834 137850 40
CPU16 44.218878 137811 sgemm sgemm CUDA3 1.069513 137851 40
CPU1 44.391101 137812 sgemm sgemm CUDA3 1.258359 137852 40
CPU2 44.267390 137813 sgemm sgemm CUDA3 1.073636 137853 40
CPU11 44.269488 137814 sgemm sgemm CUDA3 11.694906 137854 40
CPU10 44.428760 137815 sgemm sgemm CUDA2 1.197142 137855 40
CPU4 44.558858 137816 sgemm sgemm CUDA1 0.262576 137856 40
CPU6 44.509498 137817 sgemm sgemm CUDA0 1.072330 137857 40
CPU5 44.575103 137818 sgemm sgemm CUDA2 1.263953 137858 40
CPU0 44.685431 137819 sgemm sgemm CUDA3 1.260999 137859 40
CPU4 44.919779 137823 sgemm sgemm CUDA0 1.259036 137863 40
CPU8 44.594968 137824 sgemm sgemm CUDA0 1.069493 137864 40
CPU14 44.403044 137825 sgemm sgemm CUDA0 1.066511 137865 40
CPU1 44.678388 137826 sgemm sgemm CUDA2 1.064775 137866 40
CPU5 44.470887 137827 sgemm sgemm CUDA0 1.070017 137867 40
CPU18 44.206484 137828 sgemm sgemm CUDA0 1.261255 137868 40
CPU15 44.084844 137829 sgemm sgemm CUDA2 1.261873 137869 40
CPU17 44.299117 137830 sgemm sgemm CUDA0 1.073263 137870 40
CPU16 44.240193 137831 sgemm sgemm CUDA0 1.261540 137871 40
CPU2 44.853237 137832 sgemm sgemm CUDA2 1.073841 137872 40
CPU9 45.281321 137833 sgemm sgemm CUDA0 1.075545 137873 40
CPU10 44.439571 137834 sgemm sgemm CUDA3 13.224010 137874 40
CPU16 44.197577 137835 sgemm sgemm CUDA2 1.260324 137875 40
CPU2 44.175408 137836 sgemm sgemm CUDA0 1.258305 137876 40
CPU18 44.209477 137837 sgemm sgemm CUDA0 1.068784 137877 40
CPU2 44.524087 137838 sgemm sgemm CUDA2 1.261407 137878 40
CPU1 44.102152 137839 sgemm sgemm CUDA0 12.198655 137879 40
CPU10 44.528935 137840 sgemm sgemm CUDA2 4.729437 137880 40
CPU19 44.517329 137841 sgemm sgemm CUDA3 0.046162 137881 40
CPU12 44.891352 137842 sgemm sgemm CUDA1 1.068680 137882 40
CPU16 44.241843 137843 sgemm sgemm CUDA1 1.071243 137883 40
CPU1 44.441699 137844 sgemm sgemm CUDA3 1.308114 137884 40
CPU3 44.676088 137845 sgemm sgemm CUDA1 1.063461 137885 40
CPU11 44.162436 137846 sgemm sgemm CUDA1 1.251447 137886 40
CPU10 44.342456 137847 sgemm sgemm CUDA1 1.069373 137887 40
CPU4 44.634602 137848 sgemm sgemm CUDA1 1.258158 137888 40
CPU6 44.740142 137849 sgemm sgemm CUDA1 1.069070 137889 40
CPU5 44.615379 137850 sgemm sgemm CUDA1 1.068981 137890 40
CPU5 44.507131 137851 sgemm sgemm CUDA1 12.790042 137891 40
CPU5 44.552449 137855 sgemm sgemm CUDA1 1.491876 137895 40
CPU7 44.383986 137856 sgemm sgemm CUDA1 1.257806 137896 40
CPU14 44.352893 137857 sgemm sgemm CUDA1 1.068345 137897 40
CPU6 44.710645 137858 sgemm sgemm CUDA1 1.253486 137898 40
CPU9 44.414298 137859 sgemm sgemm CUDA3 1.259350 137899 40
CPU18 44.252810 137860 sgemm sgemm CUDA3 1.252461 137900 40
CPU15 44.040286 137861 sgemm sgemm CUDA3 1.319533 137901 40
CPU16 44.585987 137862 sgemm sgemm CUDA3 1.257160 137902 40
CPU16 44.257578 137863 sgemm sgemm CUDA3 1.069706 137903 40
CPU2 44.766080 137864 sgemm sgemm CUDA3 1.062627 137904 40
CPU4 45.005297 137865 sgemm sgemm CUDA3 1.257360 137905 40
CPU11 44.337184 137866 sgemm sgemm CUDA3 1.260251 137906 40
CPU16 44.779127 137867 sgemm sgemm CUDA3 0.041685 137907 40
CPU7 44.970151 137868 sgemm sgemm CUDA0 1.214916 137908 40
CPU17 44.364583 137869 sgemm sgemm CUDA0 1.252939 137909 40
CPU5 44.503605 137870 sgemm sgemm CUDA0 1.258484 137910 40
CPU7 44.513043 137871 sgemm sgemm CUDA0 1.261469 137911 40
CPU5 44.741788 137872 sgemm sgemm CUDA0 6.298282 137912 40
CPU19 44.316714 137873 sgemm sgemm CUDA3 1.317665 137913 40
CPU12 44.615690 137874 sgemm sgemm CUDA0 0.836989 137914 40
CPU16 44.324415 137875 sgemm sgemm CUDA3 1.069243 137915 40
CPU11 44.287851 137876 sgemm sgemm CUDA3 1.071607 137916 40
CPU5 44.642911 137877 sgemm sgemm CUDA1 1.259426 137917 40
CPU11 44.266490 137878 sgemm sgemm CUDA1 1.072026 137918 40
CPU10 44.384930 137879 sgemm sgemm CUDA2 1.444696 137919 40
CPU4 44.738627 137880 sgemm sgemm CUDA2 1.253781 137920 40
CPU6 44.653529 137881 sgemm sgemm CUDA2 1.258028 137921 40
CPU5 44.569777 137882 sgemm sgemm CUDA2 1.069511 137922 40
CPU4 44.772905 137883 sgemm sgemm CUDA2 1.184243 137923 40
CPU3 44.223409 137887 sgemm sgemm CUDA0 1.415837 137927 40
CPU8 44.380259 137888 sgemm sgemm CUDA0 9.507472 137928 40
CPU14 44.464944 137889 sgemm sgemm CUDA0 0.086498 137929 40
CPU6 44.612355 137890 sgemm sgemm CUDA2 0.047991 137930 40
CPU3 44.303889 137891 sgemm sgemm CUDA2 1.296933 137931 40
CPU17 44.483017 137892 sgemm sgemm CUDA2 9.464132 137932 40
CPU16 44.480488 137893 sgemm sgemm CUDA3 1.051933 137933 40
CPU18 44.494851 137894 sgemm sgemm CUDA3 1.260966 137934 40
CPU18 44.548569 137895 sgemm sgemm CUDA3 1.070228 137935 40
CPU1 44.410600 137896 sgemm sgemm CUDA3 1.075358 137936 40
CPU10 44.687615 137897 sgemm sgemm CUDA3 1.271179 137937 40
CPU11 44.415988 137898 sgemm sgemm CUDA2 1.264944 137938 40
CPU10 44.674017 137899 sgemm sgemm CUDA3 1.259531 137939 40
CPU3 44.538606 137900 sgemm sgemm CUDA0 1.259430 137940 40
CPU19 44.639801 137901 sgemm sgemm CUDA0 14.151691 137941 40
CPU4 44.526027 137902 sgemm sgemm CUDA0 1.345468 137942 40
CPU3 44.513001 137903 sgemm sgemm CUDA1 1.056256 137943 40
CPU0 44.628150 137904 sgemm sgemm CUDA2 1.069326 137944 40
CPU19 44.488590 137905 sgemm sgemm CUDA0 1.272849 137945 40
CPU11 44.510251 137906 sgemm sgemm CUDA1 1.070719 137946 40
CPU16 44.452111 137907 sgemm sgemm CUDA1 1.256460 137947 40
CPU4 44.524172 137908 sgemm sgemm CUDA3 1.277321 137948 40
CPU1 44.555486 137909 sgemm sgemm CUDA1 1.064504 137949 40
CPU11 44.336130 137910 sgemm sgemm CUDA2 1.062832 137950 40
CPU10 44.588342 137911 sgemm sgemm CUDA2 1.075490 137951 40
CPU4 44.404749 137912 sgemm sgemm CUDA0 1.252186 137952 40
CPU6 44.376611 137913 sgemm sgemm CUDA2 1.066205 137953 40
CPU5 44.269444 137914 sgemm sgemm CUDA0 1.251125 137954 40
CPU4 44.531034 137915 sgemm sgemm CUDA3 1.069901 137955 40
CPU1 44.218623 137919 sgemm sgemm CUDA1 1.210056 137959 40
CPU8 44.376163 137920 sgemm sgemm CUDA1 1.209210 137960 40
CPU14 44.513167 137921 sgemm sgemm CUDA1 1.018872 137961 40
CPU6 44.739256 137922 sgemm sgemm CUDA1 1.010024 137962 40
CPU6 44.421667 137923 sgemm sgemm CUDA1 1.009343 137963 40
CPU16 44.370236 137924 sgemm sgemm CUDA1 1.206045 137964 40
CPU15 44.375255 137925 sgemm sgemm CUDA3 1.065901 137965 40
CPU18 44.519537 137926 sgemm sgemm CUDA3 0.146080 137966 40
CPU16 44.867897 137927 sgemm sgemm CUDA3 1.288004 137967 40
CPU6 44.600437 137928 sgemm sgemm CUDA3 1.023381 137968 40
CPU10 44.482582 137929 sgemm sgemm CUDA3 1.217614 137969 40
CPU10 44.382500 137930 sgemm sgemm CUDA3 1.007521 137970 40
CPU17 44.363016 137931 sgemm sgemm CUDA3 1.199758 137971 40
CPU4 44.811441 137932 sgemm sgemm CUDA0 1.068762 137972 40
CPU18 44.378290 137933 sgemm sgemm CUDA0 1.008331 137973 40
CPU8 44.431185 137934 sgemm sgemm CUDA0 1.000631 137974 40
CPU5 44.052333 137935 sgemm sgemm CUDA0 1.012743 137975 40
CPU7 44.692798 137936 sgemm sgemm CUDA0 12.763710 137976 40
CPU19 44.589404 137937 sgemm sgemm CUDA0 0.149604 137977 40
CPU10 44.493748 137938 sgemm sgemm CUDA0 1.247107 137978 40
CPU16 44.414543 137939 sgemm sgemm CUDA0 1.259648 137979 40
CPU8 44.276167 137940 sgemm sgemm CUDA3 1.201448 137980 40
CPU6 44.733729 137941 sgemm sgemm CUDA3 1.199898 137981 40
CPU11 44.258326 137942 sgemm sgemm CUDA3 1.205535 137982 40
CPU10 44.599813 137943 sgemm sgemm CUDA3 1.008990 137983 40
CPU4 44.463921 137944 sgemm sgemm CUDA3 12.760440 137984 40
CPU6 44.551089 137945 sgemm sgemm CUDA2 1.268667 137985 40
CPU5 44.373695 137946 sgemm sgemm CUDA0 1.205070 137986 40
CPU12 44.755903 137947 sgemm sgemm CUDA2 1.267359 137987 40
CPU7 44.230315 137951 sgemm sgemm CUDA0 0.940114 137991 40
CPU7 44.264586 137952 sgemm sgemm CUDA0 0.045999 137992 40
CPU14 44.741922 137953 sgemm sgemm CUDA0 1.318354 137993 40
CPU6 44.518741 137954 sgemm sgemm CUDA2 1.254501 137994 40
CPU7 44.421822 137955 sgemm sgemm CUDA0 1.078556 137995 40
CPU18 44.430869 137956 sgemm sgemm CUDA0 1.078099 137996 40
CPU15 44.092402 137957 sgemm sgemm CUDA3 1.323193 137997 40
CPU17 44.760206 137958 sgemm sgemm CUDA3 1.082826 137998 40
CPU19 44.815773 137959 sgemm sgemm CUDA3 1.274188 137999 40
CPU4 44.317987 137960 sgemm sgemm CUDA3 1.265490 138000 40
CPU1 44.279949 137961 sgemm sgemm CUDA3 1.070402 138001 40
CPU11 44.505455 137962 sgemm sgemm CUDA2 1.068643 138002 40
CPU11 44.519329 137963 sgemm sgemm CUDA2 1.076665 138003 40
CPU6 44.282776 137964 sgemm sgemm CUDA0 1.087452 138004 40
CPU17 44.680060 137965 sgemm sgemm CUDA0 1.071605 138005 40
CPU6 44.461932 137966 sgemm sgemm CUDA0 1.064122 138006 40
CPU9 44.355818 137967 sgemm sgemm CUDA1 0.048219 138007 40
CPU1 44.173958 137968 sgemm sgemm CUDA2 1.088305 138008 40
CPU19 44.778346 137969 sgemm sgemm CUDA3 1.064482 138009 40
CPU12 44.874898 137970 sgemm sgemm CUDA1 1.257136 138010 40
CPU16 44.582607 137971 sgemm sgemm CUDA3 1.259836 138011 40
CPU4 44.415091 137972 sgemm sgemm CUDA3 1.065082 138012 40
CPU1 44.306995 137973 sgemm sgemm CUDA3 1.260049 138013 40
CPU11 44.586484 137974 sgemm sgemm CUDA2 1.213048 138014 40
CPU10 44.786326 137975 sgemm sgemm CUDA2 1.264167 138015 40
CPU4 44.112512 137976 sgemm sgemm CUDA0 1.059902 138016 40
CPU6 44.221933 137977 sgemm sgemm CUDA1 1.006514 138017 40
CPU5 44.077085 137978 sgemm sgemm CUDA1 1.069992 138018 40
CPU3 43.964795 137979 sgemm sgemm CUDA1 1.262176 138019 40
CPU7 33.849222 137985 strsm strsm CUDA0 2.412912 138025 40
CPU8 32.374633 137989 strsm strsm CUDA2 0.220004 138029 40
CPU14 31.754757 137993 strsm strsm CUDA1 2.401058 138033 40
CPU4 32.495793 137997 strsm strsm CUDA2 1.962418 138037 40
CPU5 31.858843 138001 strsm strsm CUDA2 1.966864 138041 40
CPU18 31.290109 138005 strsm strsm CUDA1 0.102421 138045 40
CPU15 31.519696 138009 strsm strsm CUDA2 2.990445 138049 40
CPU18 31.395937 138013 strsm strsm CUDA0 3.229411 138053 40
CPU19 31.861265 138017 strsm strsm CUDA2 3.553147 138057 40
CPU3 32.109794 138021 strsm strsm CUDA3 2.771029 138061 40
CPU9 32.803852 138025 strsm strsm CUDA3 0.176324 138065 40
CPU11 31.408758 138029 strsm strsm CUDA3 1.741654 138069 40
CPU17 31.662802 138033 strsm strsm CUDA3 0.193357 138073 40
CPU17 31.711046 138037 strsm strsm CUDA0 7.934251 138077 40
CPU2 32.197235 138041 strsm strsm CUDA0 0.182500 138081 40
CPU9 32.664352 138045 strsm strsm CUDA0 2.968757 138085 40
CPU6 32.577173 138049 strsm strsm CUDA1 2.782955 138089 40
CPU5 33.554633 138053 strsm strsm CUDA2 0.751715 138093 40
CPU19 31.950491 138057 strsm strsm CUDA0 2.943014 138097 40
CPU16 31.659820 138061 strsm strsm CUDA0 3.032457 138101 40
CPU10 31.730438 138065 strsm strsm CUDA0 0.059837 138105 40
CPU4 32.897446 138069 strsm strsm CUDA1 1.959483 138109 40
CPU2 32.690673 138073 strsm strsm CUDA1 0.311720 138113 40
CPU10 31.710869 138077 strsm strsm CUDA1 1.651646 138117 40
CPU12 32.125155 138081 strsm strsm CUDA1 1.361211 138121 40
CPU19 32.078677 138085 strsm strsm CUDA2 1.478351 138125 40
CPU10 31.910455 138089 strsm strsm CUDA1 2.269171 138129 40
CPU0 32.449412 138093 strsm strsm CUDA1 2.927249 138133 40
CPU3 33.019764 138097 strsm strsm CUDA0 3.166600 138137 40
CPU10 15.165926 138101 strtri strtri CPU -1 138141 40
CPU9 31.016007 138103 strsm strsm CUDA1 2.861425 138143 40
CPU7 31.525080 138105 strsm strsm CUDA1 2.838304 138145 40
CPU0 31.354522 138107 strsm strsm CUDA0 14.657659 138147 40
CPU4 31.523528 138109 strsm strsm CUDA1 2.639261 138149 40
CPU10 30.746130 138111 strsm strsm CUDA1 12.664778 138151 40
CPU1 31.139483 138113 strsm strsm CUDA1 2.803096 138153 40
CPU12 30.731132 138115 strsm strsm CUDA1 2.845009 138155 40
CPU8 31.064247 138117 strsm strsm CUDA0 2.761552 138157 40
CPU10 31.210648 138119 strsm strsm CUDA0 3.110152 138159 40
CPU4 31.269955 138121 strsm strsm CUDA0 3.126735 138161 40
CPU1 31.114735 138123 strsm strsm CUDA1 2.810405 138163 40
CPU10 30.873551 138125 strsm strsm CUDA2 2.757749 138165 40
CPU0 31.223690 138127 strsm strsm CUDA2 2.890592 138167 40
CPU3 30.694128 138129 strsm strsm CUDA0 2.839329 138169 40
CPU1 31.128218 138131 strsm strsm CUDA2 14.723980 138171 40
CPU19 30.902751 138133 strsm strsm CUDA1 2.800622 138173 40
CPU3 30.430747 138135 strsm strsm CUDA0 2.832821 138175 40
CPU19 30.954528 138137 strsm strsm CUDA2 2.731925 138177 40
CPU0 32.024228 138139 strsm strsm CUDA1 14.722304 138179 40
CPU3 45.006600 138141 sgemm sgemm CUDA0 1.295930 138181 40
CPU7 44.914225 138142 sgemm sgemm CUDA1 0.061683 138182 40
CPU14 44.309047 138143 sgemm sgemm CUDA1 1.343772 138183 40
CPU6 44.699592 138144 sgemm sgemm CUDA1 11.836575 138184 40
CPU8 44.571956 138145 sgemm sgemm CUDA0 1.285883 138185 40
CPU18 44.037972 138146 sgemm sgemm CUDA0 12.448127 138186 40
CPU15 44.358769 138147 sgemm sgemm CUDA3 0.102833 138187 40
CPU17 44.434148 138148 sgemm sgemm CUDA3 1.047841 138188 40
CPU17 44.625023 138149 sgemm sgemm CUDA2 0.059477 138189 40
CPU0 44.821800 138150 sgemm sgemm CUDA2 1.270621 138190 40
CPU1 45.031240 138151 sgemm sgemm CUDA2 1.236275 138191 40
CPU11 44.226359 138152 sgemm sgemm CUDA2 1.044303 138192 40
CPU15 44.200999 138153 sgemm sgemm CUDA2 1.050704 138193 40
CPU16 44.312053 138154 sgemm sgemm CUDA1 0.068674 138194 40
CPU19 44.214765 138155 sgemm sgemm CUDA2 1.058812 138195 40
CPU12 44.275508 138156 sgemm sgemm CUDA2 1.230274 138196 40
CPU5 44.725404 138157 sgemm sgemm CUDA0 0.064757 138197 40
CPU6 44.910319 138158 sgemm sgemm CUDA0 1.233050 138198 40
CPU19 44.532389 138159 sgemm sgemm CUDA0 1.046466 138199 40
CPU10 44.751335 138160 sgemm sgemm CUDA1 1.287350 138200 40
CPU10 44.369392 138161 sgemm sgemm CUDA0 1.233007 138201 40
CPU18 44.228039 138162 sgemm sgemm CUDA3 1.056016 138202 40
CPU3 44.742529 138163 sgemm sgemm CUDA3 1.231852 138203 40
CPU13 44.557342 138164 sgemm sgemm CUDA2 1.238632 138204 40
CPU16 43.885431 138165 sgemm sgemm CUDA3 1.261944 138205 40
CPU10 44.435092 138166 sgemm sgemm CUDA0 1.048030 138206 40
CPU10 44.483509 138167 sgemm sgemm CUDA2 3.438982 138207 40
CPU12 44.142304 138168 sgemm sgemm CUDA3 1.261474 138208 40
CPU13 44.413176 138169 sgemm sgemm CUDA2 0.058338 138209 40
CPU13 44.432001 138170 sgemm sgemm CUDA1 1.029396 138210 40
CPU3 45.183495 138174 sgemm sgemm CUDA0 5.184086 138214 40
CPU8 44.805095 138175 sgemm sgemm CUDA1 1.072745 138215 40
CPU14 44.362091 138176 sgemm sgemm CUDA1 1.071835 138216 40
CPU6 44.889069 138177 sgemm sgemm CUDA1 1.065034 138217 40
CPU1 44.312204 138178 sgemm sgemm CUDA0 1.451389 138218 40
CPU16 44.373209 138179 sgemm sgemm CUDA0 1.064476 138219 40
CPU16 44.441776 138180 sgemm sgemm CUDA3 1.067890 138220 40
CPU17 44.377058 138181 sgemm sgemm CUDA3 1.066302 138221 40
CPU17 44.760475 138182 sgemm sgemm CUDA2 1.073228 138222 40
CPU9 44.438999 138183 sgemm sgemm CUDA2 1.260793 138223 40
CPU7 44.895800 138184 sgemm sgemm CUDA2 1.257696 138224 40
CPU10 44.316746 138185 sgemm sgemm CUDA2 1.070331 138225 40
CPU15 44.148554 138186 sgemm sgemm CUDA2 1.258473 138226 40
CPU3 44.639569 138187 sgemm sgemm CUDA1 1.260184 138227 40
CPU17 44.209827 138188 sgemm sgemm CUDA2 12.709292 138228 40
CPU12 44.411519 138189 sgemm sgemm CUDA2 0.060777 138229 40
CPU7 44.991927 138190 sgemm sgemm CUDA0 1.263995 138230 40
CPU6 44.909439 138191 sgemm sgemm CUDA0 1.063929 138231 40
CPU19 44.397910 138192 sgemm sgemm CUDA0 1.074597 138232 40
CPU10 44.480722 138193 sgemm sgemm CUDA1 1.073102 138233 40
CPU10 44.508096 138194 sgemm sgemm CUDA0 1.256290 138234 40
CPU5 44.546591 138195 sgemm sgemm CUDA3 1.066610 138235 40
CPU3 44.726879 138196 sgemm sgemm CUDA3 13.084694 138236 40
CPU13 44.642768 138197 sgemm sgemm CUDA3 0.042658 138237 40
CPU12 44.526706 138198 sgemm sgemm CUDA2 1.320885 138238 40
CPU13 44.345082 138199 sgemm sgemm CUDA0 1.262683 138239 40
CPU10 44.343432 138200 sgemm sgemm CUDA2 1.076463 138240 40
CPU12 44.267417 138201 sgemm sgemm CUDA3 1.324655 138241 40
CPU13 44.757428 138202 sgemm sgemm CUDA3 1.073764 138242 40
CPU4 44.795478 138203 sgemm sgemm CUDA1 1.259977 138243 40
CPU3 44.915711 138207 sgemm sgemm CUDA2 1.265775 138247 40
CPU7 44.560185 138208 sgemm sgemm CUDA2 1.073743 138248 40
CPU14 44.419901 138209 sgemm sgemm CUDA2 12.862400 138249 40
CPU4 44.604520 138210 sgemm sgemm CUDA2 1.081940 138250 40
CPU9 44.344822 138211 sgemm sgemm CUDA2 0.045558 138251 40
CPU16 44.424993 138212 sgemm sgemm CUDA2 1.267008 138252 40
CPU15 44.478710 138213 sgemm sgemm CUDA2 1.266784 138253 40
CPU17 44.482687 138214 sgemm sgemm CUDA3 1.063615 138254 40
CPU16 44.570598 138215 sgemm sgemm CUDA2 1.271564 138255 40
CPU8 44.411398 138216 sgemm sgemm CUDA2 1.301723 138256 40
CPU5 44.723692 138217 sgemm sgemm CUDA3 1.071833 138257 40
CPU11 44.450073 138218 sgemm sgemm CUDA3 1.263966 138258 40
CPU17 44.525762 138219 sgemm sgemm CUDA2 1.261044 138259 40
CPU5 44.444437 138220 sgemm sgemm CUDA3 1.066931 138260 40
CPU18 44.317548 138221 sgemm sgemm CUDA2 1.076026 138261 40
CPU12 44.843964 138222 sgemm sgemm CUDA2 0.042583 138262 40
CPU5 44.462434 138223 sgemm sgemm CUDA0 1.317336 138263 40
CPU9 44.256704 138224 sgemm sgemm CUDA0 1.074993 138264 40
CPU19 44.318659 138225 sgemm sgemm CUDA3 1.074170 138265 40
CPU16 44.475469 138226 sgemm sgemm CUDA3 13.077707 138266 40
CPU2 44.738649 138227 sgemm sgemm CUDA0 1.264733 138267 40
CPU5 44.332603 138228 sgemm sgemm CUDA3 0.045465 138268 40
CPU3 44.496672 138229 sgemm sgemm CUDA3 1.356395 138269 40
CPU13 44.738934 138230 sgemm sgemm CUDA2 11.889063 138270 40
CPU12 44.458779 138231 sgemm sgemm CUDA2 0.047024 138271 40
CPU13 44.382346 138232 sgemm sgemm CUDA0 1.068358 138272 40
CPU10 44.489546 138233 sgemm sgemm CUDA0 1.072080 138273 40
CPU13 44.472008 138234 sgemm sgemm CUDA3 1.263364 138274 40
CPU12 44.507300 138235 sgemm sgemm CUDA3 1.070932 138275 40
CPU13 44.529466 138236 sgemm sgemm CUDA3 20.231004 138276 40
CPU3 44.654873 138240 sgemm sgemm CUDA1 1.345618 138280 40
CPU7 44.694458 138241 sgemm sgemm CUDA1 1.256335 138281 40
CPU14 44.473887 138242 sgemm sgemm CUDA1 1.261596 138282 40
CPU3 44.565567 138243 sgemm sgemm CUDA1 1.068128 138283 40
CPU6 44.659898 138244 sgemm sgemm CUDA1 1.070484 138284 40
CPU17 45.246011 138245 sgemm sgemm CUDA0 1.316966 138285 40
CPU16 44.060947 138246 sgemm sgemm CUDA3 0.060757 138286 40
CPU17 44.560086 138247 sgemm sgemm CUDA3 1.061972 138287 40
CPU18 44.251168 138248 sgemm sgemm CUDA2 1.265158 138288 40
CPU2 44.936094 138249 sgemm sgemm CUDA2 1.069075 138289 40
CPU5 44.690642 138250 sgemm sgemm CUDA3 1.071912 138290 40
CPU17 44.341330 138251 sgemm sgemm CUDA2 1.086890 138291 40
CPU15 44.065882 138252 sgemm sgemm CUDA3 0.159108 138292 40
CPU8 44.529805 138253 sgemm sgemm CUDA0 1.012297 138293 40
CPU17 44.554662 138254 sgemm sgemm CUDA2 1.259028 138294 40
CPU7 44.512532 138255 sgemm sgemm CUDA2 1.065070 138295 40
CPU6 44.733474 138256 sgemm sgemm CUDA0 1.083830 138296 40
CPU8 44.957002 138257 sgemm sgemm CUDA0 1.069082 138297 40
CPU19 44.405000 138258 sgemm sgemm CUDA3 0.068273 138298 40
CPU10 44.783902 138259 sgemm sgemm CUDA1 1.064627 138299 40
CPU19 44.423206 138260 sgemm sgemm CUDA1 1.253446 138300 40
CPU3 44.417439 138261 sgemm sgemm CUDA3 1.293716 138301 40
CPU3 44.540929 138262 sgemm sgemm CUDA3 1.263296 138302 40
CPU13 44.576252 138263 sgemm sgemm CUDA3 1.068049 138303 40
CPU10 44.599151 138264 sgemm sgemm CUDA3 1.080231 138304 40
CPU13 44.295477 138265 sgemm sgemm CUDA0 1.075541 138305 40
CPU10 44.393802 138266 sgemm sgemm CUDA2 0.149290 138306 40
CPU11 44.230649 138267 sgemm sgemm CUDA1 1.073845 138307 40
CPU13 44.792920 138268 sgemm sgemm CUDA2 1.316104 138308 40
CPU4 44.903064 138269 sgemm sgemm CUDA3 1.064070 138309 40
CPU3 44.729572 138273 sgemm sgemm CUDA1 1.216982 138313 40
CPU8 44.647886 138274 sgemm sgemm CUDA1 1.256959 138314 40
CPU14 44.372261 138275 sgemm sgemm CUDA2 1.200793 138315 40
CPU3 44.633192 138276 sgemm sgemm CUDA2 1.199757 138316 40
CPU7 44.659903 138277 sgemm sgemm CUDA1 1.064922 138317 40
CPU16 44.544390 138278 sgemm sgemm CUDA2 12.362654 138318 40
CPU15 44.464006 138279 sgemm sgemm CUDA3 1.138564 138319 40
CPU17 44.515880 138280 sgemm sgemm CUDA3 1.200204 138320 40
CPU16 44.139854 138281 sgemm sgemm CUDA2 1.263282 138321 40
CPU0 45.074398 138282 sgemm sgemm CUDA2 1.199760 138322 40
CPU5 44.787153 138283 sgemm sgemm CUDA3 1.200024 138323 40
CPU16 44.181634 138284 sgemm sgemm CUDA2 1.016451 138324 40
CPU15 43.958161 138285 sgemm sgemm CUDA3 1.202199 138325 40
CPU3 44.710960 138286 sgemm sgemm CUDA3 1.013539 138326 40
CPU18 44.297053 138287 sgemm sgemm CUDA2 1.201717 138327 40
CPU12 44.632683 138288 sgemm sgemm CUDA2 0.043316 138328 40
CPU7 44.860048 138289 sgemm sgemm CUDA0 1.256026 138329 40
CPU11 44.207035 138290 sgemm sgemm CUDA0 1.026399 138330 40
CPU19 44.368168 138291 sgemm sgemm CUDA3 1.202729 138331 40
CPU16 44.179582 138292 sgemm sgemm CUDA1 1.258197 138332 40
CPU10 44.686759 138293 sgemm sgemm CUDA0 1.012441 138333 40
CPU4 44.718187 138294 sgemm sgemm CUDA3 12.580204 138334 40
CPU9 44.618735 138295 sgemm sgemm CUDA3 0.041702 138335 40
CPU11 44.349510 138296 sgemm sgemm CUDA3 1.247169 138336 40
CPU12 44.528243 138297 sgemm sgemm CUDA2 1.194447 138337 40
CPU13 44.308799 138298 sgemm sgemm CUDA1 1.256645 138338 40
CPU10 44.375194 138299 sgemm sgemm CUDA2 1.203973 138339 40
CPU12 44.412165 138300 sgemm sgemm CUDA1 1.396665 138340 40
CPU13 44.419320 138301 sgemm sgemm CUDA3 1.205445 138341 40
CPU12 45.867992 138302 sgemm sgemm CUDA3 1.012341 138342 40
CPU3 44.517085 138306 sgemm sgemm CUDA0 1.351519 138346 40
CPU8 44.740868 138307 sgemm sgemm CUDA2 1.074217 138347 40
CPU14 44.314005 138308 sgemm sgemm CUDA2 1.305046 138348 40
CPU5 44.983169 138309 sgemm sgemm CUDA2 1.260454 138349 40
CPU4 44.552095 138310 sgemm sgemm CUDA2 1.079039 138350 40
CPU16 44.584323 138311 sgemm sgemm CUDA2 1.073703 138351 40
CPU16 44.292314 138312 sgemm sgemm CUDA2 10.081565 138352 40
CPU16 44.572614 138313 sgemm sgemm CUDA3 1.419038 138353 40
CPU17 44.601432 138314 sgemm sgemm CUDA2 1.263764 138354 40
CPU1 44.686736 138315 sgemm sgemm CUDA3 1.066501 138355 40
CPU5 44.745051 138316 sgemm sgemm CUDA3 1.006605 138356 40
CPU10 44.415118 138317 sgemm sgemm CUDA3 1.204013 138357 40
CPU15 44.227210 138318 sgemm sgemm CUDA3 1.204307 138358 40
CPU5 44.241732 138319 sgemm sgemm CUDA0 1.074529 138359 40
CPU19 44.338068 138320 sgemm sgemm CUDA0 1.195053 138360 40
CPU12 44.639009 138321 sgemm sgemm CUDA2 1.006344 138361 40
CPU4 44.590152 138322 sgemm sgemm CUDA0 1.007787 138362 40
CPU9 44.500851 138323 sgemm sgemm CUDA2 1.204080 138363 40
CPU19 44.398967 138324 sgemm sgemm CUDA3 1.015522 138364 40
CPU10 44.471170 138325 sgemm sgemm CUDA1 0.049101 138365 40
CPU19 44.539274 138326 sgemm sgemm CUDA1 1.075012 138366 40
CPU5 44.376540 138327 sgemm sgemm CUDA3 1.201222 138367 40
CPU3 44.798900 138328 sgemm sgemm CUDA2 1.199158 138368 40
CPU13 44.730665 138329 sgemm sgemm CUDA2 1.017173 138369 40
CPU12 44.560879 138330 sgemm sgemm CUDA2 1.026773 138370 40
CPU13 44.422507 138331 sgemm sgemm CUDA2 1.020041 138371 40
CPU10 44.308738 138332 sgemm sgemm CUDA0 1.015226 138372 40
CPU12 44.375873 138333 sgemm sgemm CUDA1 1.017050 138373 40
CPU14 44.586898 138334 sgemm sgemm CUDA2 12.090580 138374 40
CPU12 45.324138 138335 sgemm sgemm CUDA0 1.206217 138375 40
CPU10 44.938217 138339 sgemm sgemm CUDA1 1.330440 138379 40
CPU8 44.749426 138340 sgemm sgemm CUDA1 9.553278 138380 40
CPU14 44.295667 138341 sgemm sgemm CUDA2 1.305834 138381 40
CPU3 44.301426 138342 sgemm sgemm CUDA2 1.066247 138382 40
CPU9 44.549936 138343 sgemm sgemm CUDA2 9.517007 138383 40
CPU17 44.394655 138344 sgemm sgemm CUDA2 0.041381 138384 40
CPU16 44.288534 138345 sgemm sgemm CUDA2 1.361511 138385 40
CPU17 44.462771 138346 sgemm sgemm CUDA3 1.148216 138386 40
CPU19 44.359879 138347 sgemm sgemm CUDA2 1.064137 138387 40
CPU5 44.531931 138348 sgemm sgemm CUDA3 1.066113 138388 40
CPU5 44.476411 138349 sgemm sgemm CUDA3 1.066385 138389 40
CPU11 44.253168 138350 sgemm sgemm CUDA3 1.064553 138390 40
CPU15 44.328604 138351 sgemm sgemm CUDA3 1.070128 138391 40
CPU17 44.563712 138352 sgemm sgemm CUDA0 10.309322 138392 40
CPU18 44.204780 138353 sgemm sgemm CUDA0 0.061916 138393 40
CPU3 44.502409 138354 sgemm sgemm CUDA2 1.065133 138394 40
CPU7 44.599909 138355 sgemm sgemm CUDA0 1.378493 138395 40
CPU0 45.044797 138356 sgemm sgemm CUDA2 1.067980 138396 40
CPU4 44.701691 138357 sgemm sgemm CUDA3 1.254074 138397 40
CPU18 44.307354 138358 sgemm sgemm CUDA1 0.041630 138398 40
CPU10 44.410643 138359 sgemm sgemm CUDA0 1.254826 138399 40
CPU4 44.498293 138360 sgemm sgemm CUDA3 1.071372 138400 40
CPU3 44.627138 138361 sgemm sgemm CUDA3 1.260269 138401 40
CPU13 44.516222 138362 sgemm sgemm CUDA2 1.069499 138402 40
CPU12 44.495127 138363 sgemm sgemm CUDA3 1.260590 138403 40
CPU13 44.336747 138364 sgemm sgemm CUDA0 1.254365 138404 40
CPU10 44.537266 138365 sgemm sgemm CUDA0 1.065759 138405 40
CPU11 44.424618 138366 sgemm sgemm CUDA1 1.325207 138406 40
CPU13 44.699405 138367 sgemm sgemm CUDA3 1.071053 138407 40
CPU11 44.199419 138368 sgemm sgemm CUDA1 1.075209 138408 40
CPU7 44.808280 138372 sgemm sgemm CUDA1 1.171870 138412 40
CPU7 44.824627 138373 sgemm sgemm CUDA1 1.009118 138413 40
CPU14 44.416397 138374 sgemm sgemm CUDA1 1.018152 138414 40
CPU2 44.698731 138375 sgemm sgemm CUDA1 1.187284 138415 40
CPU5 44.601855 138376 sgemm sgemm CUDA0 1.304187 138416 40
CPU16 44.252999 138377 sgemm sgemm CUDA0 1.206563 138417 40
CPU15 44.219903 138378 sgemm sgemm CUDA3 1.282935 138418 40
CPU16 44.296510 138379 sgemm sgemm CUDA3 1.209066 138419 40
CPU16 44.427504 138380 sgemm sgemm CUDA0 1.015069 138420 40
CPU0 44.903630 138381 sgemm sgemm CUDA3 0.987917 138421 40
CPU4 45.139666 138382 sgemm sgemm CUDA3 1.202107 138422 40
CPU10 44.643578 138383 sgemm sgemm CUDA3 1.213146 138423 40
CPU15 44.025375 138384 sgemm sgemm CUDA3 1.206450 138424 40
CPU4 44.739269 138385 sgemm sgemm CUDA1 1.004425 138425 40
CPU17 44.315756 138386 sgemm sgemm CUDA2 1.207821 138426 40
CPU9 44.929349 138387 sgemm sgemm CUDA2 1.215027 138427 40
CPU9 44.744809 138388 sgemm sgemm CUDA0 7.449159 138428 40
CPU10 44.460417 138389 sgemm sgemm CUDA2 1.193238 138429 40
CPU19 44.372372 138390 sgemm sgemm CUDA0 0.044863 138430 40
CPU10 44.656970 138391 sgemm sgemm CUDA1 1.201737 138431 40
CPU19 44.367783 138392 sgemm sgemm CUDA0 1.266099 138432 40
CPU5 44.615690 138393 sgemm sgemm CUDA3 1.012244 138433 40
CPU3 44.437617 138394 sgemm sgemm CUDA2 1.198193 138434 40
CPU13 44.678596 138395 sgemm sgemm CUDA3 1.201815 138435 40
CPU4 44.910831 138396 sgemm sgemm CUDA2 1.271926 138436 40
CPU13 44.456487 138397 sgemm sgemm CUDA2 1.315717 138437 40
CPU9 44.692223 138398 sgemm sgemm CUDA2 0.896002 138438 40
CPU0 45.031620 138399 sgemm sgemm CUDA1 1.198845 138439 40
CPU3 44.597708 138400 sgemm sgemm CUDA2 1.196362 138440 40
CPU3 44.912149 138401 sgemm sgemm CUDA2 1.010636 138441 40
CPU3 44.576337 138405 sgemm sgemm CUDA1 1.287678 138445 40
CPU7 44.545610 138406 sgemm sgemm CUDA1 1.257673 138446 40
CPU14 44.596920 138407 sgemm sgemm CUDA2 1.051351 138447 40
CPU4 44.656819 138408 sgemm sgemm CUDA2 1.255397 138448 40
CPU4 44.490169 138409 sgemm sgemm CUDA1 1.066980 138449 40
CPU16 44.680616 138410 sgemm sgemm CUDA2 1.064996 138450 40
CPU15 44.450308 138411 sgemm sgemm CUDA2 1.079181 138451 40
CPU18 44.473087 138412 sgemm sgemm CUDA3 1.051197 138452 40
CPU17 44.541150 138413 sgemm sgemm CUDA3 1.060678 138453 40
CPU9 44.378767 138414 sgemm sgemm CUDA3 1.260282 138454 40
CPU5 44.405359 138415 sgemm sgemm CUDA3 13.084806 138455 40
CPU11 44.175285 138416 sgemm sgemm CUDA3 0.094348 138456 40
CPU15 44.274820 138417 sgemm sgemm CUDA2 1.076005 138457 40
CPU6 44.688514 138418 sgemm sgemm CUDA1 1.077611 138458 40
CPU9 44.635462 138419 sgemm sgemm CUDA2 1.267040 138459 40
CPU8 44.505397 138420 sgemm sgemm CUDA0 1.206683 138460 40
CPU5 44.571045 138421 sgemm sgemm CUDA0 1.074573 138461 40
CPU1 44.455523 138422 sgemm sgemm CUDA0 1.256090 138462 40
CPU19 44.514562 138423 sgemm sgemm CUDA0 1.068777 138463 40
CPU16 44.314014 138424 sgemm sgemm CUDA1 1.264297 138464 40
CPU10 44.499453 138425 sgemm sgemm CUDA0 1.255948 138465 40
CPU4 44.510925 138426 sgemm sgemm CUDA3 1.368524 138466 40
CPU9 44.588919 138427 sgemm sgemm CUDA3 1.078963 138467 40
CPU13 44.714513 138428 sgemm sgemm CUDA2 1.078680 138468 40
CPU12 44.582931 138429 sgemm sgemm CUDA2 1.063865 138469 40
CPU13 44.605010 138430 sgemm sgemm CUDA0 1.260419 138470 40
CPU1 44.449769 138431 sgemm sgemm CUDA2 1.066363 138471 40
CPU12 44.366517 138432 sgemm sgemm CUDA1 1.066879 138472 40
CPU13 44.810762 138433 sgemm sgemm CUDA3 1.070881 138473 40
CPU11 44.315038 138434 sgemm sgemm CUDA1 1.263276 138474 40
CPU4 44.433674 138438 sgemm sgemm CUDA0 12.181676 138478 40
CPU8 44.521871 138439 sgemm sgemm CUDA2 1.068225 138479 40
CPU14 44.511153 138440 sgemm sgemm CUDA1 1.211414 138480 40
CPU0 44.942639 138441 sgemm sgemm CUDA2 0.957536 138481 40
CPU8 44.386313 138442 sgemm sgemm CUDA2 1.068215 138482 40
CPU16 44.264113 138443 sgemm sgemm CUDA2 1.065584 138483 40
CPU16 44.560544 138444 sgemm sgemm CUDA3 1.010943 138484 40
CPU16 44.379855 138445 sgemm sgemm CUDA3 12.099957 138485 40
CPU18 44.495706 138446 sgemm sgemm CUDA2 1.071583 138486 40
CPU9 44.540904 138447 sgemm sgemm CUDA2 1.070560 138487 40
CPU7 45.190576 138448 sgemm sgemm CUDA3 1.307181 138488 40
CPU10 44.705560 138449 sgemm sgemm CUDA2 1.064625 138489 40
CPU15 44.080236 138450 sgemm sgemm CUDA3 1.256177 138490 40
CPU4 45.018529 138451 sgemm sgemm CUDA3 0.045195 138491 40
CPU17 44.526053 138452 sgemm sgemm CUDA0 0.046624 138492 40
CPU1 44.260506 138453 sgemm sgemm CUDA0 1.304776 138493 40
CPU6 44.827888 138454 sgemm sgemm CUDA0 1.260505 138494 40
CPU4 44.978197 138455 sgemm sgemm CUDA0 1.064208 138495 40
CPU19 44.294151 138456 sgemm sgemm CUDA3 1.258357 138496 40
CPU19 44.404441 138457 sgemm sgemm CUDA1 1.067787 138497 40
CPU19 44.485387 138458 sgemm sgemm CUDA1 1.067239 138498 40
CPU5 44.482952 138459 sgemm sgemm CUDA3 1.070606 138499 40
CPU3 44.613552 138460 sgemm sgemm CUDA2 1.063591 138500 40
CPU13 44.511454 138461 sgemm sgemm CUDA3 1.074804 138501 40
CPU11 44.273420 138462 sgemm sgemm CUDA2 1.067176 138502 40
CPU13 44.640002 138463 sgemm sgemm CUDA0 1.065138 138503 40
CPU8 44.498550 138464 sgemm sgemm CUDA2 1.256712 138504 40
CPU12 44.397565 138465 sgemm sgemm CUDA3 1.070822 138505 40
CPU15 44.283634 138466 sgemm sgemm CUDA3 1.260512 138506 40
CPU10 44.382139 138467 sgemm sgemm CUDA3 3.535376 138507 40
CPU3 44.793869 138471 sgemm sgemm CUDA1 1.405556 138511 40
CPU8 44.730011 138472 sgemm sgemm CUDA1 1.282852 138512 40
CPU14 44.381130 138473 sgemm sgemm CUDA2 1.304736 138513 40
CPU1 44.668812 138474 sgemm sgemm CUDA2 1.087480 138514 40
CPU2 44.758739 138475 sgemm sgemm CUDA2 1.091563 138515 40
CPU17 44.885226 138476 sgemm sgemm CUDA2 1.080336 138516 40
CPU16 44.514514 138477 sgemm sgemm CUDA3 0.049991 138517 40
CPU16 44.339998 138478 sgemm sgemm CUDA3 1.403286 138518 40
CPU18 44.500801 138479 sgemm sgemm CUDA3 1.082888 138519 40
CPU1 44.809241 138480 sgemm sgemm CUDA3 7.365939 138520 40
CPU1 44.979130 138481 sgemm sgemm CUDA3 0.044536 138521 40
CPU10 44.351643 138482 sgemm sgemm CUDA3 1.320487 138522 40
CPU15 44.256593 138483 sgemm sgemm CUDA3 1.269564 138523 40
CPU5 44.494457 138484 sgemm sgemm CUDA1 1.084538 138524 40
CPU17 44.402234 138485 sgemm sgemm CUDA2 1.262673 138525 40
CPU5 44.095639 138486 sgemm sgemm CUDA2 1.071242 138526 40
CPU7 44.740671 138487 sgemm sgemm CUDA0 0.057686 138527 40
CPU7 44.742322 138488 sgemm sgemm CUDA0 1.403692 138528 40
CPU19 44.294106 138489 sgemm sgemm CUDA3 1.274505 138529 40
CPU10 44.339599 138490 sgemm sgemm CUDA1 7.404410 138530 40
CPU10 44.368562 138491 sgemm sgemm CUDA0 1.275774 138531 40
CPU4 44.474753 138492 sgemm sgemm CUDA3 1.259760 138532 40
CPU3 44.576346 138493 sgemm sgemm CUDA1 0.049117 138533 40
CPU13 44.488260 138494 sgemm sgemm CUDA3 1.067965 138534 40
CPU12 44.562769 138495 sgemm sgemm CUDA3 1.260610 138535 40
CPU13 44.601346 138496 sgemm sgemm CUDA0 6.930278 138536 40
CPU3 44.853766 138497 sgemm sgemm CUDA0 1.255918 138537 40
CPU11 44.128941 138498 sgemm sgemm CUDA2 1.256723 138538 40
CPU18 44.213780 138499 sgemm sgemm CUDA2 1.256360 138539 40
CPU12 44.384883 138500 sgemm sgemm CUDA1 1.386103 138540 40
CPU7 44.864150 138504 sgemm sgemm CUDA2 1.320068 138544 40
CPU7 44.699720 138505 sgemm sgemm CUDA2 1.269061 138545 40
CPU14 44.543292 138506 sgemm sgemm CUDA2 1.260826 138546 40
CPU3 44.407308 138507 sgemm sgemm CUDA2 1.072013 138547 40
CPU8 44.455340 138508 sgemm sgemm CUDA2 1.072699 138548 40
CPU18 44.204273 138509 sgemm sgemm CUDA2 1.069432 138549 40
CPU15 44.379482 138510 sgemm sgemm CUDA2 1.071178 138550 40
CPU18 44.609579 138511 sgemm sgemm CUDA3 1.064392 138551 40
CPU18 44.252651 138512 sgemm sgemm CUDA3 13.051194 138552 40
CPU1 44.893843 138513 sgemm sgemm CUDA3 0.086186 138553 40
CPU11 44.255604 138514 sgemm sgemm CUDA3 1.317136 138554 40
CPU11 44.260060 138515 sgemm sgemm CUDA2 0.062454 138555 40
CPU15 44.274684 138516 sgemm sgemm CUDA2 1.068382 138556 40
CPU9 44.429848 138517 sgemm sgemm CUDA1 1.393735 138557 40
CPU11 44.508183 138518 sgemm sgemm CUDA0 1.247209 138558 40
CPU9 44.450256 138519 sgemm sgemm CUDA0 1.060824 138559 40
CPU4 44.461966 138520 sgemm sgemm CUDA1 1.262242 138560 40
CPU9 44.448594 138521 sgemm sgemm CUDA2 12.974400 138561 40
CPU8 44.560872 138522 sgemm sgemm CUDA0 1.256719 138562 40
CPU18 44.305818 138523 sgemm sgemm CUDA1 1.260344 138563 40
CPU19 44.539214 138524 sgemm sgemm CUDA1 1.254799 138564 40
CPU5 44.732888 138525 sgemm sgemm CUDA3 1.067696 138565 40
CPU9 44.631559 138526 sgemm sgemm CUDA1 1.071179 138566 40
CPU13 44.587320 138527 sgemm sgemm CUDA2 0.179288 138567 40
CPU11 44.357842 138528 sgemm sgemm CUDA2 1.354898 138568 40
CPU13 44.612262 138529 sgemm sgemm CUDA2 1.264018 138569 40
CPU4 44.610547 138530 sgemm sgemm CUDA0 1.256901 138570 40
CPU12 44.525662 138531 sgemm sgemm CUDA3 1.070742 138571 40
CPU13 44.712991 138532 sgemm sgemm CUDA1 1.260032 138572 40
CPU11 44.387273 138533 sgemm sgemm CUDA0 1.256354 138573 40
CPU4 44.382705 138537 sgemm sgemm CUDA2 1.070930 138577 40
CPU8 44.340854 138538 sgemm sgemm CUDA2 1.071697 138578 40
CPU14 44.674764 138539 sgemm sgemm CUDA2 1.071275 138579 40
CPU2 44.449336 138540 sgemm sgemm CUDA2 13.665187 138580 40
CPU9 44.129548 138541 sgemm sgemm CUDA1 1.241815 138581 40
CPU18 44.372845 138542 sgemm sgemm CUDA2 0.045924 138582 40
CPU15 44.700073 138543 sgemm sgemm CUDA3 0.078328 138583 40
CPU18 44.544807 138544 sgemm sgemm CUDA3 1.341397 138584 40
CPU17 44.779924 138545 sgemm sgemm CUDA3 1.069307 138585 40
CPU8 44.412571 138546 sgemm sgemm CUDA3 1.063563 138586 40
CPU2 44.317425 138547 sgemm sgemm CUDA3 1.257830 138587 40
CPU3 44.489406 138548 sgemm sgemm CUDA2 1.312519 138588 40
CPU15 44.478804 138549 sgemm sgemm CUDA3 1.259358 138589 40
CPU8 44.430002 138550 sgemm sgemm CUDA1 1.264124 138590 40
CPU18 44.478683 138551 sgemm sgemm CUDA0 0.049896 138591 40
CPU0 44.546422 138552 sgemm sgemm CUDA2 1.261034 138592 40
CPU7 44.418514 138553 sgemm sgemm CUDA0 1.355022 138593 40
CPU0 44.482914 138554 sgemm sgemm CUDA2 1.262126 138594 40
CPU19 44.597034 138555 sgemm sgemm CUDA0 1.260753 138595 40
CPU10 45.077142 138556 sgemm sgemm CUDA3 1.260149 138596 40
CPU10 44.433708 138557 sgemm sgemm CUDA1 1.271575 138597 40
CPU4 44.355674 138558 sgemm sgemm CUDA3 1.236738 138598 40
CPU4 44.659477 138559 sgemm sgemm CUDA1 0.111890 138599 40
CPU13 44.636667 138560 sgemm sgemm CUDA2 1.032102 138600 40
CPU12 44.748600 138561 sgemm sgemm CUDA2 1.252725 138601 40
CPU13 44.658054 138562 sgemm sgemm CUDA0 0.059425 138602 40
CPU10 44.595295 138563 sgemm sgemm CUDA1 1.065218 138603 40
CPU12 44.517562 138564 sgemm sgemm CUDA1 1.254490 138604 40
CPU14 44.545993 138565 sgemm sgemm CUDA1 1.064581 138605 40
CPU10 44.616729 138566 sgemm sgemm CUDA0 1.253032 138606 40
CPU8 44.442385 138570 sgemm sgemm CUDA0 1.308186 138610 40
CPU8 44.426014 138571 sgemm sgemm CUDA2 1.067342 138611 40
CPU14 44.695476 138572 sgemm sgemm CUDA2 1.069534 138612 40
CPU2 44.399855 138573 sgemm sgemm CUDA2 1.072299 138613 40
CPU2 44.327095 138574 sgemm sgemm CUDA0 1.255642 138614 40
CPU17 44.609566 138575 sgemm sgemm CUDA2 11.152703 138615 40
CPU16 44.275956 138576 sgemm sgemm CUDA2 0.045278 138616 40
CPU17 44.435298 138577 sgemm sgemm CUDA0 1.066528 138617 40
CPU17 44.422365 138578 sgemm sgemm CUDA0 1.064217 138618 40
CPU8 44.644320 138579 sgemm sgemm CUDA2 1.298619 138619 40
CPU0 44.849451 138580 sgemm sgemm CUDA0 1.257772 138620 40
CPU11 44.214616 138581 sgemm sgemm CUDA2 1.260360 138621 40
CPU15 44.173919 138582 sgemm sgemm CUDA2 1.070778 138622 40
CPU0 44.965854 138583 sgemm sgemm CUDA0 1.262078 138623 40
CPU17 44.470058 138584 sgemm sgemm CUDA0 1.063668 138624 40
CPU3 44.508985 138585 sgemm sgemm CUDA0 1.259333 138625 40
CPU9 44.550871 138586 sgemm sgemm CUDA1 1.272691 138626 40
CPU2 44.523402 138587 sgemm sgemm CUDA0 1.067828 138627 40
CPU19 44.323106 138588 sgemm sgemm CUDA3 1.254320 138628 40
CPU16 44.482392 138589 sgemm sgemm CUDA1 1.250327 138629 40
CPU6 44.892367 138590 sgemm sgemm CUDA1 1.068033 138630 40
CPU5 44.981364 138591 sgemm sgemm CUDA3 1.259632 138631 40
CPU3 44.316149 138592 sgemm sgemm CUDA3 1.256461 138632 40
CPU13 44.601002 138593 sgemm sgemm CUDA3 1.261561 138633 40
CPU11 44.213750 138594 sgemm sgemm CUDA2 1.987984 138634 40
CPU13 44.458007 138595 sgemm sgemm CUDA1 1.069826 138635 40
CPU10 44.467331 138596 sgemm sgemm CUDA0 12.421316 138636 40
CPU11 44.041103 138597 sgemm sgemm CUDA1 1.252249 138637 40
CPU13 44.643887 138598 sgemm sgemm CUDA3 1.261371 138638 40
CPU12 45.464952 138599 sgemm sgemm CUDA1 1.064462 138639 40
CPU3 44.273035 138603 sgemm sgemm CUDA2 10.547269 138643 40
CPU8 44.750758 138604 sgemm sgemm CUDA2 0.085474 138644 40
CPU14 44.529844 138605 sgemm sgemm CUDA2 1.380754 138645 40
CPU1 44.598191 138606 sgemm sgemm CUDA2 0.056614 138646 40
CPU5 44.419847 138607 sgemm sgemm CUDA0 1.389518 138647 40
CPU17 44.398975 138608 sgemm sgemm CUDA0 1.368825 138648 40
CPU16 44.709617 138609 sgemm sgemm CUDA2 1.069206 138649 40
CPU17 44.347908 138610 sgemm sgemm CUDA0 1.069336 138650 40
CPU16 44.663274 138611 sgemm sgemm CUDA0 1.255106 138651 40
CPU2 44.966193 138612 sgemm sgemm CUDA2 1.062395 138652 40
CPU7 44.702704 138613 sgemm sgemm CUDA0 1.255062 138653 40
CPU10 44.488878 138614 sgemm sgemm CUDA3 1.256649 138654 40
CPU15 44.020194 138615 sgemm sgemm CUDA2 1.064025 138655 40
CPU2 44.478716 138616 sgemm sgemm CUDA0 1.258575 138656 40
CPU17 44.510321 138617 sgemm sgemm CUDA0 1.064957 138657 40
CPU2 44.542423 138618 sgemm sgemm CUDA2 1.069821 138658 40
CPU5 44.456795 138619 sgemm sgemm CUDA0 1.256368 138659 40
CPU3 44.549835 138620 sgemm sgemm CUDA2 1.260955 138660 40
CPU19 44.365254 138621 sgemm sgemm CUDA3 1.067063 138661 40
CPU19 44.511137 138622 sgemm sgemm CUDA1 1.255737 138662 40
CPU3 44.493655 138623 sgemm sgemm CUDA1 1.068851 138663 40
CPU4 44.227561 138624 sgemm sgemm CUDA3 1.256177 138664 40
CPU7 44.694003 138625 sgemm sgemm CUDA1 1.066417 138665 40
CPU13 44.576721 138626 sgemm sgemm CUDA1 1.259763 138666 40
CPU12 44.623743 138627 sgemm sgemm CUDA3 1.253612 138667 40
CPU13 44.431082 138628 sgemm sgemm CUDA1 1.073899 138668 40
CPU10 44.387400 138629 sgemm sgemm CUDA1 1.068249 138669 40
CPU12 44.342091 138630 sgemm sgemm CUDA1 1.256452 138670 40
CPU15 44.247760 138631 sgemm sgemm CUDA1 1.070557 138671 40
CPU11 44.207236 138632 sgemm sgemm CUDA0 1.066010 138672 40
CPU1 44.368115 138636 sgemm sgemm CUDA1 1.304274 138676 40
CPU7 44.636778 138637 sgemm sgemm CUDA1 1.251126 138677 40
CPU14 44.393397 138638 sgemm sgemm CUDA1 1.254074 138678 40
CPU1 44.588953 138639 sgemm sgemm CUDA1 1.252492 138679 40
CPU3 44.513862 138640 sgemm sgemm CUDA3 1.064334 138680 40
CPU16 44.414011 138641 sgemm sgemm CUDA3 1.065491 138681 40
CPU15 44.562858 138642 sgemm sgemm CUDA3 1.338716 138682 40
CPU16 44.326547 138643 sgemm sgemm CUDA3 1.259784 138683 40
CPU16 44.478085 138644 sgemm sgemm CUDA3 1.258042 138684 40
CPU2 44.936449 138645 sgemm sgemm CUDA3 1.069443 138685 40
CPU9 44.584701 138646 sgemm sgemm CUDA3 1.065615 138686 40
CPU10 44.515564 138647 sgemm sgemm CUDA3 12.752730 138687 40
CPU15 44.469149 138648 sgemm sgemm CUDA3 0.040873 138688 40
CPU7 44.813056 138649 sgemm sgemm CUDA0 1.256495 138689 40
CPU17 44.437412 138650 sgemm sgemm CUDA0 1.255255 138690 40
CPU5 44.500867 138651 sgemm sgemm CUDA0 1.073602 138691 40
CPU6 44.800784 138652 sgemm sgemm CUDA0 1.074929 138692 40
CPU5 44.757940 138653 sgemm sgemm CUDA0 1.060598 138693 40
CPU19 44.225941 138654 sgemm sgemm CUDA3 1.258693 138694 40
CPU10 44.326442 138655 sgemm sgemm CUDA0 1.275340 138695 40
CPU19 44.504288 138656 sgemm sgemm CUDA0 1.271332 138696 40
CPU5 44.699255 138657 sgemm sgemm CUDA3 1.259949 138697 40
CPU1 44.753004 138658 sgemm sgemm CUDA1 13.014269 138698 40
CPU13 44.513308 138659 sgemm sgemm CUDA1 1.327339 138699 40
CPU11 44.204091 138660 sgemm sgemm CUDA2 1.387436 138700 40
CPU13 44.287987 138661 sgemm sgemm CUDA2 1.063075 138701 40
CPU10 44.533579 138662 sgemm sgemm CUDA2 1.260835 138702 40
CPU12 44.368044 138663 sgemm sgemm CUDA2 1.255578 138703 40
CPU18 44.191267 138664 sgemm sgemm CUDA2 1.072013 138704 40
CPU17 44.339234 138665 sgemm sgemm CUDA3 1.069565 138705 40
CPU4 44.025961 138669 sgemm sgemm CUDA0 1.204652 138709 40
CPU7 44.484610 138670 sgemm sgemm CUDA2 0.050237 138710 40
CPU14 44.529764 138671 sgemm sgemm CUDA2 1.306129 138711 40
CPU5 44.497205 138672 sgemm sgemm CUDA2 1.256477 138712 40
CPU3 44.362428 138673 sgemm sgemm CUDA2 1.062539 138713 40
CPU17 44.572929 138674 sgemm sgemm CUDA2 1.258347 138714 40
CPU15 44.343914 138675 sgemm sgemm CUDA2 1.255602 138715 40
CPU18 44.513080 138676 sgemm sgemm CUDA3 1.195794 138716 40
CPU18 44.409391 138677 sgemm sgemm CUDA3 1.258372 138717 40
CPU1 44.422012 138678 sgemm sgemm CUDA3 13.077037 138718 40
CPU8 44.248061 138679 sgemm sgemm CUDA3 0.041443 138719 40
CPU1 44.563724 138680 sgemm sgemm CUDA2 1.063529 138720 40
CPU15 44.398370 138681 sgemm sgemm CUDA3 1.390596 138721 40
CPU3 44.513310 138682 sgemm sgemm CUDA0 1.056268 138722 40
CPU19 44.573900 138683 sgemm sgemm CUDA0 1.067543 138723 40
CPU4 44.591193 138684 sgemm sgemm CUDA0 1.066538 138724 40
CPU7 44.444214 138685 sgemm sgemm CUDA1 1.001991 138725 40
CPU0 44.725604 138686 sgemm sgemm CUDA2 1.065675 138726 40
CPU19 44.357911 138687 sgemm sgemm CUDA0 4.748356 138727 40
CPU18 44.277539 138688 sgemm sgemm CUDA1 1.065461 138728 40
CPU10 44.735700 138689 sgemm sgemm CUDA1 12.047690 138729 40
CPU4 44.176351 138690 sgemm sgemm CUDA3 1.289778 138730 40
CPU2 44.373950 138691 sgemm sgemm CUDA1 0.042500 138731 40
CPU13 44.587817 138692 sgemm sgemm CUDA2 1.071107 138732 40
CPU12 44.649619 138693 sgemm sgemm CUDA2 1.261294 138733 40
CPU13 44.471894 138694 sgemm sgemm CUDA1 1.295241 138734 40
CPU10 44.580567 138695 sgemm sgemm CUDA2 1.065367 138735 40
CPU11 44.292608 138696 sgemm sgemm CUDA1 1.067468 138736 40
CPU13 44.554139 138697 sgemm sgemm CUDA3 1.094371 138737 40
CPU11 44.626690 138698 sgemm sgemm CUDA1 1.067052 138738 40
CPU6 44.373568 138702 sgemm sgemm CUDA2 0.072765 138742 40
CPU8 44.444000 138703 sgemm sgemm CUDA2 1.364892 138743 40
CPU14 44.569558 138704 sgemm sgemm CUDA1 1.079659 138744 40
CPU5 44.401543 138705 sgemm sgemm CUDA1 1.071485 138745 40
CPU6 44.279744 138706 sgemm sgemm CUDA1 1.263455 138746 40
CPU16 44.436418 138707 sgemm sgemm CUDA2 1.254486 138747 40
CPU16 44.571163 138708 sgemm sgemm CUDA2 1.253031 138748 40
CPU18 44.431861 138709 sgemm sgemm CUDA3 1.260056 138749 40
CPU16 44.824512 138710 sgemm sgemm CUDA3 1.257807 138750 40
CPU6 44.603530 138711 sgemm sgemm CUDA3 1.065260 138751 40
CPU10 44.511031 138712 sgemm sgemm CUDA3 1.067920 138752 40
CPU10 44.433201 138713 sgemm sgemm CUDA3 1.065355 138753 40
CPU15 44.386441 138714 sgemm sgemm CUDA3 1.064300 138754 40
CPU4 44.671376 138715 sgemm sgemm CUDA3 1.068547 138755 40
CPU18 44.197384 138716 sgemm sgemm CUDA0 1.203038 138756 40
CPU8 44.368644 138717 sgemm sgemm CUDA0 1.009514 138757 40
CPU4 44.419499 138718 sgemm sgemm CUDA0 1.014446 138758 40
CPU7 44.643243 138719 sgemm sgemm CUDA0 1.009813 138759 40
CPU19 44.379271 138720 sgemm sgemm CUDA3 0.997529 138760 40
CPU10 44.498133 138721 sgemm sgemm CUDA3 0.052183 138761 40
CPU19 44.622654 138722 sgemm sgemm CUDA0 1.257901 138762 40
CPU5 44.526463 138723 sgemm sgemm CUDA3 1.201688 138763 40
CPU3 44.644053 138724 sgemm sgemm CUDA3 1.011115 138764 40
CPU13 44.493344 138725 sgemm sgemm CUDA3 1.073904 138765 40
CPU11 44.283599 138726 sgemm sgemm CUDA3 1.199135 138766 40
CPU13 44.624996 138727 sgemm sgemm CUDA1 1.205398 138767 40
CPU10 44.582729 138728 sgemm sgemm CUDA2 1.218407 138768 40
CPU12 44.727670 138729 sgemm sgemm CUDA2 1.011807 138769 40
CPU16 44.261826 138730 sgemm sgemm CUDA2 2.852674 138770 40
CPU10 44.506939 138731 sgemm sgemm CUDA1 1.069008 138771 40
CPU5 44.592531 138735 sgemm sgemm CUDA0 1.374597 138775 40
CPU7 44.508161 138736 sgemm sgemm CUDA0 1.195230 138776 40
CPU14 44.832511 138737 sgemm sgemm CUDA0 1.257249 138777 40
CPU0 44.728357 138738 sgemm sgemm CUDA1 1.257623 138778 40
CPU7 44.277319 138739 sgemm sgemm CUDA0 1.066925 138779 40
CPU18 44.814010 138740 sgemm sgemm CUDA0 1.205120 138780 40
CPU16 44.761799 138741 sgemm sgemm CUDA3 1.066617 138781 40
CPU17 44.796921 138742 sgemm sgemm CUDA3 12.416833 138782 40
CPU19 44.678842 138743 sgemm sgemm CUDA3 1.263255 138783 40
CPU4 44.345737 138744 sgemm sgemm CUDA3 1.201503 138784 40
CPU3 44.329716 138745 sgemm sgemm CUDA3 1.255654 138785 40
CPU6 44.488647 138746 sgemm sgemm CUDA2 1.305827 138786 40
CPU15 44.357055 138747 sgemm sgemm CUDA2 1.003768 138787 40
CPU6 44.299985 138748 sgemm sgemm CUDA1 1.002433 138788 40
CPU17 44.302754 138749 sgemm sgemm CUDA0 1.065703 138789 40
CPU6 44.596684 138750 sgemm sgemm CUDA2 1.198363 138790 40
CPU2 44.629377 138751 sgemm sgemm CUDA1 1.509627 138791 40
CPU1 44.209164 138752 sgemm sgemm CUDA2 1.067499 138792 40
CPU19 44.594644 138753 sgemm sgemm CUDA3 1.196702 138793 40
CPU16 44.485250 138754 sgemm sgemm CUDA1 1.165065 138794 40
CPU10 44.910865 138755 sgemm sgemm CUDA1 1.072094 138795 40
CPU4 44.244361 138756 sgemm sgemm CUDA3 1.204200 138796 40
CPU9 44.295134 138757 sgemm sgemm CUDA3 12.642766 138797 40
CPU13 44.693961 138758 sgemm sgemm CUDA2 1.199247 138798 40
CPU12 44.687663 138759 sgemm sgemm CUDA2 1.066832 138799 40
CPU13 44.851165 138760 sgemm sgemm CUDA0 0.244705 138800 40
CPU10 44.786372 138761 sgemm sgemm CUDA1 1.011825 138801 40
CPU12 44.909742 138762 sgemm sgemm CUDA1 1.013855 138802 40
CPU19 44.755592 138763 sgemm sgemm CUDA1 1.202039 138803 40
CPU10 46.859247 138764 sgemm sgemm CUDA2 1.065054 138804 40
CPU5 33.281816 138770 strsm strsm CUDA2 0.227137 138810 40
CPU8 32.279875 138774 strsm strsm CUDA1 0.214769 138814 40
CPU14 32.093839 138778 strsm strsm CUDA0 2.986602 138818 40
CPU5 32.213826 138782 strsm strsm CUDA1 8.544156 138822 40
CPU3 31.573782 138786 strsm strsm CUDA0 2.474494 138826 40
CPU15 31.264552 138790 strsm strsm CUDA2 2.817508 138830 40
CPU15 31.726252 138794 strsm strsm CUDA2 14.584618 138834 40
CPU18 31.826985 138798 strsm strsm CUDA0 2.315677 138838 40
CPU19 31.681116 138802 strsm strsm CUDA3 2.997052 138842 40
CPU1 32.281935 138806 strsm strsm CUDA2 1.068128 138846 40
CPU5 32.268522 138810 strsm strsm CUDA3 3.003456 138850 40
CPU8 32.781030 138814 strsm strsm CUDA3 0.229963 138854 40
CPU17 31.672183 138818 strsm strsm CUDA3 2.696580 138858 40
CPU17 32.004979 138822 strsm strsm CUDA0 3.113160 138862 40
CPU9 32.262390 138826 strsm strsm CUDA2 8.038003 138866 40
CPU9 32.472170 138830 strsm strsm CUDA0 1.947892 138870 40
CPU2 32.422852 138834 strsm strsm CUDA0 0.495049 138874 40
CPU8 33.463560 138838 strsm strsm CUDA0 0.062802 138878 40
CPU19 31.781127 138842 strsm strsm CUDA3 10.823004 138882 40
CPU16 31.565309 138846 strsm strsm CUDA1 2.650717 138886 40
CPU18 31.426273 138850 strsm strsm CUDA1 5.480259 138890 40
CPU18 31.638563 138854 strsm strsm CUDA3 0.053592 138894 40
CPU9 32.355928 138858 strsm strsm CUDA2 1.287311 138898 40
CPU11 31.758863 138862 strsm strsm CUDA1 2.978046 138902 40
CPU16 31.866141 138866 strsm strsm CUDA2 2.862412 138906 40
CPU10 32.031254 138870 strsm strsm CUDA2 6.779737 138910 40
CPU10 31.965965 138874 strsm strsm CUDA1 1.671301 138914 40
CPU13 32.109205 138878 strsm strsm CUDA2 11.879825 138918 40
CPU13 32.499459 138882 strsm strsm CUDA1 1.743506 138922 40
CPU11 31.550842 138886 strsm strsm CUDA3 3.679082 138926 40
CPU13 14.821779 138890 strtri strtri CPU -1 138930 40
CPU7 31.065003 138892 strsm strsm CUDA1 0.945794 138932 40
CPU9 30.566267 138894 strsm strsm CUDA1 2.917898 138934 40
CPU7 30.934450 138896 strsm strsm CUDA1 2.720681 138936 40
CPU8 30.320122 138898 strsm strsm CUDA1 2.840969 138938 40
CPU8 30.367683 138900 strsm strsm CUDA1 10.273678 138940 40
CPU10 31.423738 138902 strsm strsm CUDA0 2.837784 138942 40
CPU4 31.214220 138904 strsm strsm CUDA1 2.783893 138944 40
CPU10 31.182029 138906 strsm strsm CUDA0 2.813318 138946 40
CPU9 30.655990 138908 strsm strsm CUDA0 2.822220 138948 40
CPU8 30.777341 138910 strsm strsm CUDA1 3.081181 138950 40
CPU4 30.761598 138912 strsm strsm CUDA1 2.888872 138952 40
CPU1 30.415427 138914 strsm strsm CUDA3 3.147312 138954 40
CPU5 30.432483 138916 strsm strsm CUDA1 0.192351 138956 40
CPU10 31.062405 138918 strsm strsm CUDA3 2.880831 138958 40
CPU19 30.904597 138920 strsm strsm CUDA3 2.947480 138960 40
CPU3 30.338795 138922 strsm strsm CUDA1 2.819242 138962 40
CPU19 31.178594 138924 strsm strsm CUDA2 3.084438 138964 40
CPU0 31.803205 138926 strsm strsm CUDA1 14.188037 138966 40
CPU9 44.542337 138928 sgemm sgemm CUDA0 1.071112 138968 40
CPU7 44.621710 138929 sgemm sgemm CUDA1 1.319656 138969 40
CPU14 44.547986 138930 sgemm sgemm CUDA1 0.064962 138970 40
CPU3 44.552642 138931 sgemm sgemm CUDA1 1.287594 138971 40
CPU1 44.623396 138932 sgemm sgemm CUDA0 0.068427 138972 40
CPU17 44.812163 138933 sgemm sgemm CUDA0 1.272157 138973 40
CPU15 44.209361 138934 sgemm sgemm CUDA3 1.072161 138974 40
CPU17 44.414776 138935 sgemm sgemm CUDA3 0.075203 138975 40
CPU17 44.621467 138936 sgemm sgemm CUDA2 1.072954 138976 40
CPU9 44.156025 138937 sgemm sgemm CUDA2 0.058062 138977 40
CPU7 44.832969 138938 sgemm sgemm CUDA2 11.860375 138978 40
CPU11 44.295917 138939 sgemm sgemm CUDA2 0.074154 138979 40
CPU15 44.164186 138940 sgemm sgemm CUDA2 1.293861 138980 40
CPU16 44.254537 138941 sgemm sgemm CUDA1 1.235862 138981 40
CPU18 44.164872 138942 sgemm sgemm CUDA2 1.233615 138982 40
CPU12 44.687299 138943 sgemm sgemm CUDA2 1.230505 138983 40
CPU1 44.861548 138944 sgemm sgemm CUDA0 1.235630 138984 40
CPU6 44.795725 138945 sgemm sgemm CUDA0 1.025166 138985 40
CPU19 44.327035 138946 sgemm sgemm CUDA0 1.232865 138986 40
CPU19 44.285765 138947 sgemm sgemm CUDA1 1.038849 138987 40
CPU10 44.539231 138948 sgemm sgemm CUDA0 1.040958 138988 40
CPU18 44.406508 138949 sgemm sgemm CUDA3 1.347070 138989 40
CPU3 44.558200 138950 sgemm sgemm CUDA3 1.033156 138990 40
CPU13 44.652191 138951 sgemm sgemm CUDA3 1.232804 138991 40
CPU15 44.383609 138952 sgemm sgemm CUDA3 1.046647 138992 40
CPU10 44.801077 138953 sgemm sgemm CUDA0 1.234686 138993 40
CPU10 44.521785 138954 sgemm sgemm CUDA2 1.233110 138994 40
CPU11 44.470456 138955 sgemm sgemm CUDA3 1.044814 138995 40
CPU13 44.363652 138956 sgemm sgemm CUDA3 1.238121 138996 40
CPU13 44.564266 138957 sgemm sgemm CUDA1 1.035195 138997 40
CPU13 44.556925 138958 sgemm sgemm CUDA3 1.244419 138998 40
CPU0 44.944158 138962 sgemm sgemm CUDA0 1.257191 139002 40
CPU7 44.663829 138963 sgemm sgemm CUDA1 0.062291 139003 40
CPU14 44.755595 138964 sgemm sgemm CUDA1 1.334301 139004 40
CPU6 44.471557 138965 sgemm sgemm CUDA1 1.255158 139005 40
CPU9 44.375699 138966 sgemm sgemm CUDA0 1.072412 139006 40
CPU16 44.179611 138967 sgemm sgemm CUDA0 1.068918 139007 40
CPU15 44.461927 138968 sgemm sgemm CUDA3 1.065539 139008 40
CPU17 44.438246 138969 sgemm sgemm CUDA3 1.260405 139009 40
CPU17 44.659346 138970 sgemm sgemm CUDA2 1.206498 139010 40
CPU8 44.312532 138971 sgemm sgemm CUDA2 1.067632 139011 40
CPU1 44.885783 138972 sgemm sgemm CUDA3 1.260677 139012 40
CPU10 44.371400 138973 sgemm sgemm CUDA3 1.069217 139013 40
CPU17 44.493821 138974 sgemm sgemm CUDA2 1.257895 139014 40
CPU15 44.344201 138975 sgemm sgemm CUDA3 1.068604 139015 40
CPU18 44.228076 138976 sgemm sgemm CUDA2 1.258645 139016 40
CPU11 44.144476 138977 sgemm sgemm CUDA2 1.071749 139017 40
CPU5 44.503325 138978 sgemm sgemm CUDA0 1.177888 139018 40
CPU9 44.225497 138979 sgemm sgemm CUDA0 1.071888 139019 40
CPU19 44.303807 138980 sgemm sgemm CUDA3 1.262789 139020 40
CPU16 44.350488 138981 sgemm sgemm CUDA3 1.068156 139021 40
CPU10 44.605920 138982 sgemm sgemm CUDA0 1.071216 139022 40
CPU18 44.396886 138983 sgemm sgemm CUDA3 1.270834 139023 40
CPU7 44.511977 138984 sgemm sgemm CUDA3 1.267865 139024 40
CPU13 44.532380 138985 sgemm sgemm CUDA2 1.072913 139025 40
CPU16 44.490819 138986 sgemm sgemm CUDA2 1.267564 139026 40
CPU10 44.788349 138987 sgemm sgemm CUDA0 1.261421 139027 40
CPU10 44.564132 138988 sgemm sgemm CUDA2 1.262923 139028 40
CPU13 44.526959 138989 sgemm sgemm CUDA3 1.077494 139029 40
CPU12 44.449562 138990 sgemm sgemm CUDA3 1.261442 139030 40
CPU12 44.527195 138991 sgemm sgemm CUDA1 1.257191 139031 40
CPU13 44.493869 138992 sgemm sgemm CUDA2 14.173899 139032 40
CPU3 43.960473 138996 sgemm sgemm CUDA1 1.284145 139036 40
CPU7 44.416257 138997 sgemm sgemm CUDA1 1.061084 139037 40
CPU14 44.717880 138998 sgemm sgemm CUDA1 1.067674 139038 40
CPU6 44.540068 138999 sgemm sgemm CUDA1 1.259941 139039 40
CPU6 44.588610 139000 sgemm sgemm CUDA1 1.070085 139040 40
CPU18 44.405199 139001 sgemm sgemm CUDA0 1.309602 139041 40
CPU16 44.562914 139002 sgemm sgemm CUDA3 10.785669 139042 40
CPU17 44.706610 139003 sgemm sgemm CUDA3 0.057568 139043 40
CPU17 44.648572 139004 sgemm sgemm CUDA2 1.318963 139044 40
CPU2 44.126998 139005 sgemm sgemm CUDA2 1.258283 139045 40
CPU2 44.276939 139006 sgemm sgemm CUDA3 1.316020 139046 40
CPU17 44.465862 139007 sgemm sgemm CUDA2 1.256797 139047 40
CPU15 44.185476 139008 sgemm sgemm CUDA3 1.260292 139048 40
CPU16 44.462804 139009 sgemm sgemm CUDA0 1.063792 139049 40
CPU19 44.558203 139010 sgemm sgemm CUDA2 1.259907 139050 40
CPU7 44.391941 139011 sgemm sgemm CUDA2 1.062686 139051 40
CPU6 44.501540 139012 sgemm sgemm CUDA0 0.042848 139052 40
CPU8 44.599440 139013 sgemm sgemm CUDA0 1.265037 139053 40
CPU19 44.494448 139014 sgemm sgemm CUDA3 1.067274 139054 40
CPU10 44.681315 139015 sgemm sgemm CUDA1 1.255332 139055 40
CPU18 44.290379 139016 sgemm sgemm CUDA0 1.072131 139056 40
CPU18 44.597473 139017 sgemm sgemm CUDA3 1.258900 139057 40
CPU1 44.241671 139018 sgemm sgemm CUDA3 1.259863 139058 40
CPU13 44.580923 139019 sgemm sgemm CUDA3 1.262259 139059 40
CPU15 44.598756 139020 sgemm sgemm CUDA3 1.075690 139060 40
CPU6 44.479532 139021 sgemm sgemm CUDA0 1.256774 139061 40
CPU10 44.669912 139022 sgemm sgemm CUDA2 1.070512 139062 40
CPU11 44.528246 139023 sgemm sgemm CUDA3 1.257679 139063 40
CPU12 44.641299 139024 sgemm sgemm CUDA2 1.256991 139064 40
CPU12 44.748891 139025 sgemm sgemm CUDA3 1.069856 139065 40
CPU13 44.616965 139026 sgemm sgemm CUDA2 1.071699 139066 40
CPU7 44.637798 139030 sgemm sgemm CUDA1 12.469798 139070 40
CPU8 44.254130 139031 sgemm sgemm CUDA1 0.060108 139071 40
CPU14 44.803733 139032 sgemm sgemm CUDA1 1.072334 139072 40
CPU0 44.746360 139033 sgemm sgemm CUDA2 0.465404 139073 40
CPU7 44.588751 139034 sgemm sgemm CUDA1 1.012980 139074 40
CPU18 44.356436 139035 sgemm sgemm CUDA2 12.322052 139075 40
CPU15 44.388228 139036 sgemm sgemm CUDA3 1.151903 139076 40
CPU17 44.685284 139037 sgemm sgemm CUDA3 1.207575 139077 40
CPU16 44.273729 139038 sgemm sgemm CUDA2 1.355672 139078 40
CPU0 44.560625 139039 sgemm sgemm CUDA2 1.013054 139079 40
CPU6 44.637634 139040 sgemm sgemm CUDA3 1.198287 139080 40
CPU16 44.456134 139041 sgemm sgemm CUDA2 1.008144 139081 40
CPU15 44.320328 139042 sgemm sgemm CUDA3 1.009813 139082 40
CPU14 44.424867 139043 sgemm sgemm CUDA3 1.007015 139083 40
CPU17 44.364999 139044 sgemm sgemm CUDA2 1.015433 139084 40
CPU12 44.764321 139045 sgemm sgemm CUDA2 0.043943 139085 40
CPU7 44.355533 139046 sgemm sgemm CUDA0 1.199792 139086 40
CPU11 44.386333 139047 sgemm sgemm CUDA0 1.062220 139087 40
CPU19 44.682024 139048 sgemm sgemm CUDA3 1.011766 139088 40
CPU16 44.313039 139049 sgemm sgemm CUDA1 1.258114 139089 40
CPU10 44.458744 139050 sgemm sgemm CUDA0 1.257215 139090 40
CPU18 44.446407 139051 sgemm sgemm CUDA3 13.067096 139091 40
CPU6 44.638595 139052 sgemm sgemm CUDA3 0.041931 139092 40
CPU11 44.388941 139053 sgemm sgemm CUDA3 1.260725 139093 40
CPU14 44.644397 139054 sgemm sgemm CUDA2 1.203798 139094 40
CPU8 44.612895 139055 sgemm sgemm CUDA1 1.071620 139095 40
CPU10 44.599570 139056 sgemm sgemm CUDA2 1.011143 139096 40
CPU12 44.735233 139057 sgemm sgemm CUDA1 1.260955 139097 40
CPU13 45.019581 139058 sgemm sgemm CUDA3 1.202312 139098 40
CPU12 44.837511 139059 sgemm sgemm CUDA3 1.014273 139099 40
CPU12 44.941800 139060 sgemm sgemm CUDA2 1.259544 139100 40
CPU2 44.444218 139064 sgemm sgemm CUDA0 1.006668 139104 40
CPU8 44.122506 139065 sgemm sgemm CUDA1 1.008099 139105 40
CPU14 44.569836 139066 sgemm sgemm CUDA2 0.047487 139106 40
CPU6 44.505720 139067 sgemm sgemm CUDA2 1.317531 139107 40
CPU4 44.502381 139068 sgemm sgemm CUDA0 13.277002 139108 40
CPU18 44.359726 139069 sgemm sgemm CUDA2 1.066863 139109 40
CPU16 44.463428 139070 sgemm sgemm CUDA2 1.073554 139110 40
CPU16 44.617866 139071 sgemm sgemm CUDA3 1.202898 139111 40
CPU16 44.181670 139072 sgemm sgemm CUDA2 1.257789 139112 40
CPU0 44.432115 139073 sgemm sgemm CUDA3 12.065327 139113 40
CPU5 44.400571 139074 sgemm sgemm CUDA3 0.049184 139114 40
CPU10 44.565234 139075 sgemm sgemm CUDA3 1.382593 139115 40
CPU15 44.452603 139076 sgemm sgemm CUDA3 1.210147 139116 40
CPU16 44.418181 139077 sgemm sgemm CUDA0 0.089302 139117 40
CPU18 44.368382 139078 sgemm sgemm CUDA0 1.337880 139118 40
CPU12 44.602340 139079 sgemm sgemm CUDA2 1.255397 139119 40
CPU4 44.422105 139080 sgemm sgemm CUDA0 1.073328 139120 40
CPU6 44.516122 139081 sgemm sgemm CUDA2 1.066795 139121 40
CPU19 44.492123 139082 sgemm sgemm CUDA3 1.201050 139122 40
CPU10 44.504806 139083 sgemm sgemm CUDA1 1.067651 139123 40
CPU19 44.527178 139084 sgemm sgemm CUDA1 1.066952 139124 40
CPU18 44.540001 139085 sgemm sgemm CUDA3 1.206152 139125 40
CPU2 44.178005 139086 sgemm sgemm CUDA3 1.257090 139126 40
CPU13 44.741164 139087 sgemm sgemm CUDA3 1.258832 139127 40
CPU16 44.450513 139088 sgemm sgemm CUDA2 1.070631 139128 40
CPU7 44.515681 139089 sgemm sgemm CUDA0 1.254698 139129 40
CPU10 44.615764 139090 sgemm sgemm CUDA0 1.063163 139130 40
CPU12 44.943749 139091 sgemm sgemm CUDA1 1.258681 139131 40
CPU13 44.573352 139092 sgemm sgemm CUDA3 1.201726 139132 40
CPU13 44.588344 139093 sgemm sgemm CUDA3 1.069369 139133 40
CPU14 44.647306 139094 sgemm sgemm CUDA3 1.202715 139134 40
CPU2 44.559513 139098 sgemm sgemm CUDA0 1.072278 139138 40
CPU8 44.361040 139099 sgemm sgemm CUDA1 1.189266 139139 40
CPU14 44.740177 139100 sgemm sgemm CUDA1 1.254884 139140 40
CPU3 44.035858 139101 sgemm sgemm CUDA1 1.067246 139141 40
CPU7 44.520667 139102 sgemm sgemm CUDA0 1.069897 139142 40
CPU17 44.596079 139103 sgemm sgemm CUDA0 1.268580 139143 40
CPU16 44.410417 139104 sgemm sgemm CUDA3 1.299707 139144 40
CPU16 44.527160 139105 sgemm sgemm CUDA3 10.394400 139145 40
CPU19 44.536886 139106 sgemm sgemm CUDA3 1.255110 139146 40
CPU0 44.335947 139107 sgemm sgemm CUDA3 1.259831 139147 40
CPU5 43.771685 139108 sgemm sgemm CUDA3 0.045032 139148 40
CPU8 44.106408 139109 sgemm sgemm CUDA3 1.072672 139149 40
CPU15 44.546754 139110 sgemm sgemm CUDA3 1.066065 139150 40
CPU17 44.681578 139111 sgemm sgemm CUDA0 10.131741 139151 40
CPU19 44.572307 139112 sgemm sgemm CUDA0 0.046883 139152 40
CPU3 44.367252 139113 sgemm sgemm CUDA2 0.060065 139153 40
CPU9 44.362763 139114 sgemm sgemm CUDA0 1.359114 139154 40
CPU3 44.333800 139115 sgemm sgemm CUDA2 1.329556 139155 40
CPU4 44.396286 139116 sgemm sgemm CUDA3 1.068245 139156 40
CPU18 44.475375 139117 sgemm sgemm CUDA1 1.254453 139157 40
CPU10 44.209679 139118 sgemm sgemm CUDA0 1.257715 139158 40
CPU17 44.991555 139119 sgemm sgemm CUDA3 1.063479 139159 40
CPU5 44.092799 139120 sgemm sgemm CUDA3 1.257943 139160 40
CPU13 44.699669 139121 sgemm sgemm CUDA2 1.076495 139161 40
CPU16 44.520296 139122 sgemm sgemm CUDA3 1.273479 139162 40
CPU0 44.481680 139123 sgemm sgemm CUDA0 1.071631 139163 40
CPU10 44.785739 139124 sgemm sgemm CUDA2 1.079231 139164 40
CPU11 44.523390 139125 sgemm sgemm CUDA1 1.259533 139165 40
CPU13 44.901194 139126 sgemm sgemm CUDA3 1.093950 139166 40
CPU11 44.556573 139127 sgemm sgemm CUDA1 1.070730 139167 40
CPU11 44.399860 139128 sgemm sgemm CUDA1 1.071384 139168 40
CPU7 44.840812 139132 sgemm sgemm CUDA1 1.013448 139172 40
CPU7 44.809697 139133 sgemm sgemm CUDA1 1.258189 139173 40
CPU14 44.715796 139134 sgemm sgemm CUDA1 1.258556 139174 40
CPU2 44.789734 139135 sgemm sgemm CUDA1 1.074696 139175 40
CPU5 44.672858 139136 sgemm sgemm CUDA1 1.261147 139176 40
CPU18 44.129853 139137 sgemm sgemm CUDA0 0.594487 139177 40
CPU15 44.272552 139138 sgemm sgemm CUDA3 1.204542 139178 40
CPU16 44.315353 139139 sgemm sgemm CUDA3 1.256359 139179 40
CPU17 44.579868 139140 sgemm sgemm CUDA0 1.194871 139180 40
CPU9 44.172147 139141 sgemm sgemm CUDA3 1.254788 139181 40
CPU4 44.880765 139142 sgemm sgemm CUDA3 1.251406 139182 40
CPU2 44.584527 139143 sgemm sgemm CUDA3 1.204071 139183 40
CPU15 44.172405 139144 sgemm sgemm CUDA3 12.499534 139184 40
CPU15 44.183771 139145 sgemm sgemm CUDA1 1.075419 139185 40
CPU19 44.386223 139146 sgemm sgemm CUDA2 12.733140 139186 40
CPU9 44.746169 139147 sgemm sgemm CUDA2 0.045850 139187 40
CPU9 44.772486 139148 sgemm sgemm CUDA0 12.585029 139188 40
CPU10 44.566589 139149 sgemm sgemm CUDA2 11.724009 139189 40
CPU19 44.429486 139150 sgemm sgemm CUDA1 1.276346 139190 40
CPU10 44.434160 139151 sgemm sgemm CUDA1 12.478569 139191 40
CPU18 44.178971 139152 sgemm sgemm CUDA1 1.033482 139192 40
CPU18 44.212314 139153 sgemm sgemm CUDA3 0.048487 139193 40
CPU3 44.494752 139154 sgemm sgemm CUDA1 1.010638 139194 40
CPU13 44.625301 139155 sgemm sgemm CUDA3 1.314895 139195 40
CPU15 44.315678 139156 sgemm sgemm CUDA2 1.067735 139196 40
CPU5 44.220290 139157 sgemm sgemm CUDA1 1.203044 139197 40
CPU9 44.610434 139158 sgemm sgemm CUDA2 0.046661 139198 40
CPU0 45.063278 139159 sgemm sgemm CUDA1 0.044821 139199 40
CPU13 44.550606 139160 sgemm sgemm CUDA2 1.263548 139200 40
CPU13 44.528298 139161 sgemm sgemm CUDA2 1.010615 139201 40
CPU13 44.397275 139162 sgemm sgemm CUDA2 1.203562 139202 40
CPU3 44.729961 139166 sgemm sgemm CUDA0 1.353746 139206 40
CPU7 44.588952 139167 sgemm sgemm CUDA0 1.272730 139207 40
CPU14 44.650378 139168 sgemm sgemm CUDA2 1.091679 139208 40
CPU2 44.496268 139169 sgemm sgemm CUDA2 1.094679 139209 40
CPU4 44.488116 139170 sgemm sgemm CUDA0 1.268657 139210 40
CPU18 44.547985 139171 sgemm sgemm CUDA2 13.075492 139211 40
CPU15 44.426675 139172 sgemm sgemm CUDA2 1.310984 139212 40
CPU18 44.490628 139173 sgemm sgemm CUDA3 12.536825 139213 40
CPU17 44.613516 139174 sgemm sgemm CUDA3 1.341388 139214 40
CPU0 44.471783 139175 sgemm sgemm CUDA3 1.266144 139215 40
CPU4 44.321711 139176 sgemm sgemm CUDA3 1.085287 139216 40
CPU4 44.680956 139177 sgemm sgemm CUDA3 1.269684 139217 40
CPU15 44.184003 139178 sgemm sgemm CUDA2 1.065855 139218 40
CPU16 44.014940 139179 sgemm sgemm CUDA0 1.069606 139219 40
CPU9 44.792230 139180 sgemm sgemm CUDA2 1.262424 139220 40
CPU8 44.808949 139181 sgemm sgemm CUDA0 1.065951 139221 40
CPU5 44.642562 139182 sgemm sgemm CUDA0 1.254666 139222 40
CPU1 44.544521 139183 sgemm sgemm CUDA0 1.062855 139223 40
CPU19 44.360193 139184 sgemm sgemm CUDA3 1.257221 139224 40
CPU16 44.256024 139185 sgemm sgemm CUDA3 1.258343 139225 40
CPU10 44.304966 139186 sgemm sgemm CUDA0 1.258440 139226 40
CPU18 44.207121 139187 sgemm sgemm CUDA3 1.067403 139227 40
CPU9 44.732975 139188 sgemm sgemm CUDA3 1.259904 139228 40
CPU13 44.609462 139189 sgemm sgemm CUDA2 1.362327 139229 40
CPU14 44.370114 139190 sgemm sgemm CUDA2 1.251553 139230 40
CPU2 44.200684 139191 sgemm sgemm CUDA0 0.042160 139231 40
CPU1 44.365272 139192 sgemm sgemm CUDA2 1.008496 139232 40
CPU12 44.569119 139193 sgemm sgemm CUDA1 1.069691 139233 40
CPU12 44.315352 139194 sgemm sgemm CUDA3 1.258180 139234 40
CPU13 44.469247 139195 sgemm sgemm CUDA1 1.067268 139235 40
CPU13 44.514086 139196 sgemm sgemm CUDA1 1.067144 139236 40
CPU4 44.409842 139200 sgemm sgemm CUDA0 0.129594 139240 40
CPU8 44.623219 139201 sgemm sgemm CUDA2 1.025546 139241 40
CPU14 44.517851 139202 sgemm sgemm CUDA2 1.005643 139242 40
CPU5 44.577046 139203 sgemm sgemm CUDA2 1.355099 139243 40
CPU8 44.520056 139204 sgemm sgemm CUDA2 1.017843 139244 40
CPU16 44.229357 139205 sgemm sgemm CUDA2 1.009412 139245 40
CPU16 44.285242 139206 sgemm sgemm CUDA3 1.299260 139246 40
CPU16 44.391165 139207 sgemm sgemm CUDA3 10.634193 139247 40
CPU18 44.247655 139208 sgemm sgemm CUDA3 0.111154 139248 40
CPU8 44.311015 139209 sgemm sgemm CUDA2 1.200537 139249 40
CPU7 44.894792 139210 sgemm sgemm CUDA3 1.348523 139250 40
CPU10 44.656055 139211 sgemm sgemm CUDA2 1.198435 139251 40
CPU15 44.181510 139212 sgemm sgemm CUDA3 8.112042 139252 40
CPU16 44.338792 139213 sgemm sgemm CUDA3 0.048911 139253 40
CPU19 44.547616 139214 sgemm sgemm CUDA0 1.238484 139254 40
CPU1 44.381961 139215 sgemm sgemm CUDA0 1.198169 139255 40
CPU6 44.821110 139216 sgemm sgemm CUDA0 6.405797 139256 40
CPU4 44.944396 139217 sgemm sgemm CUDA0 0.051909 139257 40
CPU19 44.427133 139218 sgemm sgemm CUDA3 1.221037 139258 40
CPU19 44.423489 139219 sgemm sgemm CUDA1 1.244509 139259 40
CPU19 44.691149 139220 sgemm sgemm CUDA1 1.254815 139260 40
CPU17 44.884388 139221 sgemm sgemm CUDA3 1.010260 139261 40
CPU4 44.804237 139222 sgemm sgemm CUDA1 1.071247 139262 40
CPU13 44.644558 139223 sgemm sgemm CUDA3 1.198827 139263 40
CPU16 44.368314 139224 sgemm sgemm CUDA2 1.012556 139264 40
CPU1 44.517656 139225 sgemm sgemm CUDA0 1.404099 139265 40
CPU8 44.253178 139226 sgemm sgemm CUDA2 1.198491 139266 40
CPU12 44.432188 139227 sgemm sgemm CUDA3 1.198378 139267 40
CPU13 44.381741 139228 sgemm sgemm CUDA3 1.205229 139268 40
CPU12 44.544117 139229 sgemm sgemm CUDA3 1.011055 139269 40
CPU15 44.186520 139230 sgemm sgemm CUDA1 8.405175 139270 40
CPU3 44.641053 139234 sgemm sgemm CUDA1 1.199245 139274 40
CPU8 44.824062 139235 sgemm sgemm CUDA1 1.064464 139275 40
CPU14 44.802714 139236 sgemm sgemm CUDA2 1.007361 139276 40
CPU1 44.655640 139237 sgemm sgemm CUDA2 12.764011 139277 40
CPU2 44.739074 139238 sgemm sgemm CUDA2 0.038792 139278 40
CPU16 44.247241 139239 sgemm sgemm CUDA2 1.341982 139279 40
CPU15 44.143638 139240 sgemm sgemm CUDA3 1.200100 139280 40
CPU16 44.378480 139241 sgemm sgemm CUDA3 1.064794 139281 40
CPU16 44.215202 139242 sgemm sgemm CUDA3 1.066398 139282 40
CPU0 44.741657 139243 sgemm sgemm CUDA3 1.262350 139283 40
CPU1 44.779576 139244 sgemm sgemm CUDA3 1.068104 139284 40
CPU5 44.634199 139245 sgemm sgemm CUDA3 1.258555 139285 40
CPU15 44.322707 139246 sgemm sgemm CUDA3 1.066214 139286 40
CPU14 44.397549 139247 sgemm sgemm CUDA1 1.071095 139287 40
CPU17 44.424681 139248 sgemm sgemm CUDA2 1.069672 139288 40
CPU5 44.077200 139249 sgemm sgemm CUDA2 1.261962 139289 40
CPU5 44.836751 139250 sgemm sgemm CUDA0 1.202397 139290 40
CPU7 44.799912 139251 sgemm sgemm CUDA0 1.064010 139291 40
CPU19 44.706815 139252 sgemm sgemm CUDA0 1.265434 139292 40
CPU10 44.273206 139253 sgemm sgemm CUDA1 1.257933 139293 40
CPU10 44.183776 139254 sgemm sgemm CUDA0 1.259922 139294 40
CPU18 44.327082 139255 sgemm sgemm CUDA3 1.267516 139295 40
CPU3 44.297466 139256 sgemm sgemm CUDA1 1.062562 139296 40
CPU13 44.649926 139257 sgemm sgemm CUDA3 1.069203 139297 40
CPU16 44.439133 139258 sgemm sgemm CUDA3 1.255199 139298 40
CPU9 44.309064 139259 sgemm sgemm CUDA0 1.064592 139299 40
CPU3 44.520872 139260 sgemm sgemm CUDA0 1.258395 139300 40
CPU11 44.114694 139261 sgemm sgemm CUDA2 1.069351 139301 40
CPU13 44.342286 139262 sgemm sgemm CUDA2 1.069476 139302 40
CPU13 44.499021 139263 sgemm sgemm CUDA1 1.072036 139303 40
CPU18 45.160713 139264 sgemm sgemm CUDA0 1.071997 139304 40
CPU7 44.820170 139268 sgemm sgemm CUDA1 1.261990 139308 40
CPU7 44.379009 139269 sgemm sgemm CUDA2 1.253726 139309 40
CPU14 44.704841 139270 sgemm sgemm CUDA2 1.259329 139310 40
CPU1 43.751523 139271 sgemm sgemm CUDA2 1.071985 139311 40
CPU8 44.165799 139272 sgemm sgemm CUDA2 1.254723 139312 40
CPU18 44.365604 139273 sgemm sgemm CUDA2 1.256136 139313 40
CPU15 44.652824 139274 sgemm sgemm CUDA2 1.260514 139314 40
CPU18 44.607019 139275 sgemm sgemm CUDA3 1.301696 139315 40
CPU17 44.742264 139276 sgemm sgemm CUDA3 1.067248 139316 40
CPU0 44.615247 139277 sgemm sgemm CUDA3 1.065978 139317 40
CPU11 44.359370 139278 sgemm sgemm CUDA3 1.069864 139318 40
CPU11 44.455999 139279 sgemm sgemm CUDA2 1.257043 139319 40
CPU15 44.471573 139280 sgemm sgemm CUDA2 1.256789 139320 40
CPU16 44.684565 139281 sgemm sgemm CUDA1 1.072479 139321 40
CPU11 44.665535 139282 sgemm sgemm CUDA0 7.743302 139322 40
CPU9 44.178967 139283 sgemm sgemm CUDA0 0.058964 139323 40
CPU4 44.534405 139284 sgemm sgemm CUDA0 1.367609 139324 40
CPU9 44.174852 139285 sgemm sgemm CUDA0 1.257720 139325 40
CPU8 44.294723 139286 sgemm sgemm CUDA0 1.068337 139326 40
CPU18 44.457029 139287 sgemm sgemm CUDA1 1.256106 139327 40
CPU18 44.611394 139288 sgemm sgemm CUDA1 1.254967 139328 40
CPU18 44.474116 139289 sgemm sgemm CUDA3 1.067799 139329 40
CPU9 44.233348 139290 sgemm sgemm CUDA1 1.252280 139330 40
CPU13 44.763257 139291 sgemm sgemm CUDA2 12.771062 139331 40
CPU15 44.807149 139292 sgemm sgemm CUDA2 0.040163 139332 40
CPU10 45.007825 139293 sgemm sgemm CUDA0 1.071222 139333 40
CPU4 44.183897 139294 sgemm sgemm CUDA0 1.258498 139334 40
CPU12 44.585464 139295 sgemm sgemm CUDA3 1.068835 139335 40
CPU12 44.690971 139296 sgemm sgemm CUDA1 12.047509 139336 40
CPU13 44.696838 139297 sgemm sgemm CUDA0 1.257086 139337 40
CPU13 44.560491 139298 sgemm sgemm CUDA0 1.067921 139338 40
CPU4 44.374910 139302 sgemm sgemm CUDA2 1.074105 139342 40
CPU8 44.267489 139303 sgemm sgemm CUDA2 1.066564 139343 40
CPU14 44.581746 139304 sgemm sgemm CUDA2 17.244676 139344 40
CPU6 44.599865 139305 sgemm sgemm CUDA2 0.062654 139345 40
CPU4 44.573727 139306 sgemm sgemm CUDA2 1.318566 139346 40
CPU16 44.498168 139307 sgemm sgemm CUDA2 1.067036 139347 40
CPU15 44.762775 139308 sgemm sgemm CUDA3 1.250141 139348 40
CPU18 44.520860 139309 sgemm sgemm CUDA3 1.257601 139349 40
CPU16 44.492369 139310 sgemm sgemm CUDA3 12.072297 139350 40
CPU7 44.238460 139311 sgemm sgemm CUDA3 12.170398 139351 40
CPU2 44.197174 139312 sgemm sgemm CUDA3 1.300981 139352 40
CPU3 44.417605 139313 sgemm sgemm CUDA2 1.067014 139353 40
CPU15 44.452136 139314 sgemm sgemm CUDA3 1.066706 139354 40
CPU15 44.608570 139315 sgemm sgemm CUDA1 1.256850 139355 40
CPU18 44.544209 139316 sgemm sgemm CUDA0 0.049909 139356 40
CPU0 44.615853 139317 sgemm sgemm CUDA2 1.266742 139357 40
CPU3 44.482818 139318 sgemm sgemm CUDA0 1.302142 139358 40
CPU0 44.440344 139319 sgemm sgemm CUDA2 1.072202 139359 40
CPU19 44.849850 139320 sgemm sgemm CUDA0 1.259257 139360 40
CPU19 44.306031 139321 sgemm sgemm CUDA3 1.262529 139361 40
CPU2 44.555962 139322 sgemm sgemm CUDA1 1.067783 139362 40
CPU17 44.640927 139323 sgemm sgemm CUDA3 1.066767 139363 40
CPU4 44.603361 139324 sgemm sgemm CUDA1 1.257911 139364 40
CPU13 44.633822 139325 sgemm sgemm CUDA2 1.256650 139365 40
CPU16 44.436553 139326 sgemm sgemm CUDA2 1.261718 139366 40
CPU4 44.379579 139327 sgemm sgemm CUDA0 1.066871 139367 40
CPU5 44.195704 139328 sgemm sgemm CUDA1 1.257447 139368 40
CPU12 44.465597 139329 sgemm sgemm CUDA1 12.413824 139369 40
CPU13 44.468258 139330 sgemm sgemm CUDA1 12.131208 139370 40
CPU13 44.806381 139331 sgemm sgemm CUDA0 1.255767 139371 40
CPU14 44.788289 139332 sgemm sgemm CUDA0 1.072024 139372 40
CPU8 44.252947 139336 sgemm sgemm CUDA0 1.067054 139376 40
CPU8 44.684903 139337 sgemm sgemm CUDA2 1.255147 139377 40
CPU14 44.710675 139338 sgemm sgemm CUDA2 1.066373 139378 40
CPU4 44.507082 139339 sgemm sgemm CUDA2 1.074247 139379 40
CPU2 44.542357 139340 sgemm sgemm CUDA0 1.256243 139380 40
CPU18 44.189139 139341 sgemm sgemm CUDA2 12.079802 139381 40
CPU16 44.309887 139342 sgemm sgemm CUDA2 0.040654 139382 40
CPU17 44.551591 139343 sgemm sgemm CUDA0 1.062649 139383 40
CPU17 44.337877 139344 sgemm sgemm CUDA0 1.258792 139384 40
CPU3 44.365376 139345 sgemm sgemm CUDA2 1.310452 139385 40
CPU0 44.779587 139346 sgemm sgemm CUDA0 1.257488 139386 40
CPU7 44.566869 139347 sgemm sgemm CUDA2 1.064634 139387 40
CPU15 44.326424 139348 sgemm sgemm CUDA2 1.256452 139388 40
CPU16 44.243395 139349 sgemm sgemm CUDA0 10.500530 139389 40
CPU19 44.608360 139350 sgemm sgemm CUDA0 0.040905 139390 40
CPU3 44.534605 139351 sgemm sgemm CUDA0 1.328319 139391 40
CPU9 44.515320 139352 sgemm sgemm CUDA1 1.259824 139392 40
CPU2 44.466464 139353 sgemm sgemm CUDA0 1.260736 139393 40
CPU19 44.481963 139354 sgemm sgemm CUDA3 1.257933 139394 40
CPU16 44.290607 139355 sgemm sgemm CUDA1 1.065775 139395 40
CPU8 44.617730 139356 sgemm sgemm CUDA1 1.068041 139396 40
CPU18 44.397625 139357 sgemm sgemm CUDA3 1.262541 139397 40
CPU7 44.442686 139358 sgemm sgemm CUDA3 1.068392 139398 40
CPU13 44.600802 139359 sgemm sgemm CUDA3 1.258915 139399 40
CPU14 44.433982 139360 sgemm sgemm CUDA2 1.067395 139400 40
CPU3 44.505529 139361 sgemm sgemm CUDA1 1.256481 139401 40
CPU1 44.528213 139362 sgemm sgemm CUDA0 1.256541 139402 40
CPU11 44.205057 139363 sgemm sgemm CUDA1 1.259171 139403 40
CPU13 44.382287 139364 sgemm sgemm CUDA3 1.069204 139404 40
CPU12 44.733805 139365 sgemm sgemm CUDA1 1.261085 139405 40
CPU13 44.579064 139366 sgemm sgemm CUDA3 1.260340 139406 40
CPU0 44.859803 139370 sgemm sgemm CUDA2 7.755132 139410 40
CPU8 44.633946 139371 sgemm sgemm CUDA2 1.383533 139411 40
CPU14 44.857389 139372 sgemm sgemm CUDA2 1.270741 139412 40
CPU0 44.711919 139373 sgemm sgemm CUDA2 1.259520 139413 40
CPU5 44.307180 139374 sgemm sgemm CUDA3 1.273047 139414 40
CPU17 44.706592 139375 sgemm sgemm CUDA0 0.271024 139415 40
CPU15 44.212267 139376 sgemm sgemm CUDA2 1.085109 139416 40
CPU16 44.489994 139377 sgemm sgemm CUDA0 1.393968 139417 40
CPU17 44.355187 139378 sgemm sgemm CUDA0 1.266905 139418 40
CPU2 44.385900 139379 sgemm sgemm CUDA2 1.235712 139419 40
CPU7 44.547923 139380 sgemm sgemm CUDA0 1.086352 139420 40
CPU0 44.556894 139381 sgemm sgemm CUDA3 1.181842 139421 40
CPU15 44.375857 139382 sgemm sgemm CUDA2 1.255476 139422 40
CPU16 44.750182 139383 sgemm sgemm CUDA0 11.556952 139423 40
CPU19 44.812212 139384 sgemm sgemm CUDA0 0.046489 139424 40
CPU2 44.442844 139385 sgemm sgemm CUDA2 1.065361 139425 40
CPU5 44.407525 139386 sgemm sgemm CUDA0 1.389393 139426 40
CPU3 44.350136 139387 sgemm sgemm CUDA2 1.259624 139427 40
CPU19 44.778190 139388 sgemm sgemm CUDA3 1.083765 139428 40
CPU19 44.494400 139389 sgemm sgemm CUDA1 1.363626 139429 40
CPU10 44.762056 139390 sgemm sgemm CUDA1 1.065499 139430 40
CPU18 44.611821 139391 sgemm sgemm CUDA3 1.079956 139431 40
CPU7 44.683670 139392 sgemm sgemm CUDA1 1.263574 139432 40
CPU12 44.548302 139393 sgemm sgemm CUDA1 1.063587 139433 40
CPU16 44.518295 139394 sgemm sgemm CUDA3 1.057149 139434 40
CPU10 44.706663 139395 sgemm sgemm CUDA1 1.066326 139435 40
CPU7 44.525801 139396 sgemm sgemm CUDA1 1.257984 139436 40
CPU11 44.221067 139397 sgemm sgemm CUDA1 1.257449 139437 40
CPU12 44.608413 139398 sgemm sgemm CUDA1 1.260681 139438 40
CPU13 44.450536 139399 sgemm sgemm CUDA0 1.258750 139439 40
CPU15 44.298704 139400 sgemm sgemm CUDA2 1.265014 139440 40
CPU1 44.480852 139404 sgemm sgemm CUDA1 1.270913 139444 40
CPU7 44.708998 139405 sgemm sgemm CUDA1 1.261147 139445 40
CPU14 44.708005 139406 sgemm sgemm CUDA1 1.073279 139446 40
CPU6 44.548120 139407 sgemm sgemm CUDA1 12.488219 139447 40
CPU3 44.384063 139408 sgemm sgemm CUDA3 1.070362 139448 40
CPU16 44.340315 139409 sgemm sgemm CUDA3 1.265906 139449 40
CPU15 44.551696 139410 sgemm sgemm CUDA3 1.254944 139450 40
CPU16 44.453498 139411 sgemm sgemm CUDA3 1.068424 139451 40
CPU17 44.413597 139412 sgemm sgemm CUDA3 12.045569 139452 40
CPU1 44.452281 139413 sgemm sgemm CUDA3 0.041130 139453 40
CPU9 44.545249 139414 sgemm sgemm CUDA3 1.294269 139454 40
CPU10 44.405911 139415 sgemm sgemm CUDA3 1.005989 139455 40
CPU15 44.241953 139416 sgemm sgemm CUDA3 1.200436 139456 40
CPU14 44.363378 139417 sgemm sgemm CUDA0 1.081769 139457 40
CPU17 44.607664 139418 sgemm sgemm CUDA0 12.927166 139458 40
CPU5 44.548132 139419 sgemm sgemm CUDA0 0.043483 139459 40
CPU6 44.892821 139420 sgemm sgemm CUDA0 1.334988 139460 40
CPU5 44.742170 139421 sgemm sgemm CUDA0 1.263138 139461 40
CPU19 44.455289 139422 sgemm sgemm CUDA1 1.332931 139462 40
CPU18 44.305320 139423 sgemm sgemm CUDA1 1.072086 139463 40
CPU1 44.600874 139424 sgemm sgemm CUDA0 1.067421 139464 40
CPU17 44.619299 139425 sgemm sgemm CUDA3 1.201890 139465 40
CPU1 44.830777 139426 sgemm sgemm CUDA1 1.254532 139466 40
CPU13 44.549220 139427 sgemm sgemm CUDA1 1.067620 139467 40
CPU15 44.464492 139428 sgemm sgemm CUDA2 1.254073 139468 40
CPU6 44.795881 139429 sgemm sgemm CUDA2 1.253797 139469 40
CPU3 44.554991 139430 sgemm sgemm CUDA2 1.067038 139470 40
CPU12 44.142293 139431 sgemm sgemm CUDA2 1.066463 139471 40
CPU13 44.384946 139432 sgemm sgemm CUDA2 1.262011 139472 40
CPU13 44.396957 139433 sgemm sgemm CUDA3 1.069261 139473 40
CPU18 44.105963 139434 sgemm sgemm CUDA0 1.070968 139474 40
CPU4 44.046711 139438 sgemm sgemm CUDA1 1.006289 139478 40
CPU7 44.468465 139439 sgemm sgemm CUDA2 1.284013 139479 40
CPU14 44.662600 139440 sgemm sgemm CUDA2 1.005623 139480 40
CPU4 44.699768 139441 sgemm sgemm CUDA2 1.204042 139481 40
CPU3 44.640968 139442 sgemm sgemm CUDA2 1.201814 139482 40
CPU17 44.491039 139443 sgemm sgemm CUDA2 1.197918 139483 40
CPU15 44.393762 139444 sgemm sgemm CUDA3 1.010326 139484 40
CPU18 44.460700 139445 sgemm sgemm CUDA3 1.208868 139485 40
CPU16 44.230910 139446 sgemm sgemm CUDA3 1.022247 139486 40
CPU1 44.128953 139447 sgemm sgemm CUDA3 1.203794 139487 40
CPU8 44.201599 139448 sgemm sgemm CUDA3 1.015804 139488 40
CPU1 44.582977 139449 sgemm sgemm CUDA3 1.203350 139489 40
CPU15 44.260608 139450 sgemm sgemm CUDA3 1.200957 139490 40
CPU16 44.585894 139451 sgemm sgemm CUDA0 0.996811 139491 40
CPU19 44.705849 139452 sgemm sgemm CUDA0 1.010837 139492 40
CPU4 44.574943 139453 sgemm sgemm CUDA0 12.769365 139493 40
CPU7 44.635374 139454 sgemm sgemm CUDA1 12.101135 139494 40
CPU0 44.809196 139455 sgemm sgemm CUDA2 1.015940 139495 40
CPU19 44.541014 139456 sgemm sgemm CUDA0 0.045154 139496 40
CPU18 43.943546 139457 sgemm sgemm CUDA1 1.221587 139497 40
CPU9 44.393566 139458 sgemm sgemm CUDA1 0.091254 139498 40
CPU18 44.498016 139459 sgemm sgemm CUDA3 1.204381 139499 40
CPU2 44.440755 139460 sgemm sgemm CUDA1 1.311022 139500 40
CPU13 44.525681 139461 sgemm sgemm CUDA2 1.008241 139501 40
CPU16 44.434321 139462 sgemm sgemm CUDA2 1.018797 139502 40
CPU8 44.352829 139463 sgemm sgemm CUDA1 1.196811 139503 40
CPU10 44.639605 139464 sgemm sgemm CUDA2 13.022876 139504 40
CPU11 44.481233 139465 sgemm sgemm CUDA3 13.147759 139505 40
CPU13 44.503300 139466 sgemm sgemm CUDA3 0.054644 139506 40
CPU13 44.747561 139467 sgemm sgemm CUDA1 1.006454 139507 40
CPU13 44.681844 139468 sgemm sgemm CUDA0 1.257707 139508 40
CPU6 44.448510 139472 sgemm sgemm CUDA2 1.256715 139512 40
CPU8 44.434519 139473 sgemm sgemm CUDA2 1.011731 139513 40
CPU14 44.735387 139474 sgemm sgemm CUDA1 1.070160 139514 40
CPU3 44.419999 139475 sgemm sgemm CUDA1 1.189565 139515 40
CPU6 44.314371 139476 sgemm sgemm CUDA1 1.008354 139516 40
CPU18 44.235207 139477 sgemm sgemm CUDA2 1.007680 139517 40
CPU16 44.354201 139478 sgemm sgemm CUDA2 1.204807 139518 40
CPU18 44.535727 139479 sgemm sgemm CUDA0 1.069145 139519 40
CPU17 44.763474 139480 sgemm sgemm CUDA0 1.003014 139520 40
CPU5 44.292840 139481 sgemm sgemm CUDA0 1.073628 139521 40
CPU10 44.460748 139482 sgemm sgemm CUDA0 1.253043 139522 40
CPU9 44.242018 139483 sgemm sgemm CUDA1 1.199118 139523 40
CPU15 44.519660 139484 sgemm sgemm CUDA0 1.260156 139524 40
CPU15 44.533733 139485 sgemm sgemm CUDA1 1.255984 139525 40
CPU19 44.533703 139486 sgemm sgemm CUDA0 1.070176 139526 40
CPU8 44.406224 139487 sgemm sgemm CUDA0 12.168910 139527 40
CPU4 44.302958 139488 sgemm sgemm CUDA0 0.046445 139528 40
CPU7 44.681473 139489 sgemm sgemm CUDA0 1.409515 139529 40
CPU19 44.439708 139490 sgemm sgemm CUDA1 13.053697 139530 40
CPU10 44.351379 139491 sgemm sgemm CUDA1 0.045857 139531 40
CPU6 44.770375 139492 sgemm sgemm CUDA0 1.202887 139532 40
CPU18 44.600839 139493 sgemm sgemm CUDA3 1.070968 139533 40
CPU3 44.789442 139494 sgemm sgemm CUDA3 1.200778 139534 40
CPU12 44.451762 139495 sgemm sgemm CUDA3 1.197128 139535 40
CPU14 44.427822 139496 sgemm sgemm CUDA3 1.200602 139536 40
CPU5 44.277734 139497 sgemm sgemm CUDA1 1.293211 139537 40
CPU6 44.539914 139498 sgemm sgemm CUDA2 1.198402 139538 40
CPU12 44.317098 139499 sgemm sgemm CUDA1 1.011988 139539 40
CPU12 44.640523 139500 sgemm sgemm CUDA2 1.005548 139540 40
CPU12 44.786598 139501 sgemm sgemm CUDA1 1.005528 139541 40
CPU16 44.557846 139502 sgemm sgemm CUDA1 1.202956 139542 40
CPU5 44.328573 139506 sgemm sgemm CUDA0 1.257989 139546 40
CPU7 44.358334 139507 sgemm sgemm CUDA0 1.065120 139547 40
CPU14 44.686688 139508 sgemm sgemm CUDA0 1.255488 139548 40
CPU2 44.280897 139509 sgemm sgemm CUDA1 1.262736 139549 40
CPU7 44.297502 139510 sgemm sgemm CUDA0 10.599769 139550 40
CPU17 44.609499 139511 sgemm sgemm CUDA0 1.481835 139551 40
CPU15 44.400314 139512 sgemm sgemm CUDA3 12.914296 139552 40
CPU17 44.729546 139513 sgemm sgemm CUDA3 0.042189 139553 40
CPU18 44.466113 139514 sgemm sgemm CUDA3 1.319727 139554 40
CPU6 43.955796 139515 sgemm sgemm CUDA3 1.079642 139555 40
CPU3 44.419180 139516 sgemm sgemm CUDA3 1.260523 139556 40
CPU6 44.482031 139517 sgemm sgemm CUDA2 1.066417 139557 40
CPU15 44.513043 139518 sgemm sgemm CUDA2 1.069813 139558 40
CPU16 44.583130 139519 sgemm sgemm CUDA1 1.261578 139559 40
CPU17 44.567792 139520 sgemm sgemm CUDA0 1.269834 139560 40
CPU6 44.663139 139521 sgemm sgemm CUDA2 1.260601 139561 40
CPU2 44.436523 139522 sgemm sgemm CUDA1 1.064671 139562 40
CPU5 43.898485 139523 sgemm sgemm CUDA2 1.067650 139563 40
CPU19 44.641044 139524 sgemm sgemm CUDA3 1.269719 139564 40
CPU16 44.602747 139525 sgemm sgemm CUDA1 1.263942 139565 40
CPU19 44.910263 139526 sgemm sgemm CUDA1 1.078696 139566 40
CPU17 44.814888 139527 sgemm sgemm CUDA3 1.067771 139567 40
CPU9 44.227961 139528 sgemm sgemm CUDA3 1.069856 139568 40
CPU13 45.478385 139529 sgemm sgemm CUDA2 1.263669 139569 40
CPU16 44.715637 139530 sgemm sgemm CUDA2 1.256636 139570 40
CPU2 44.267703 139531 sgemm sgemm CUDA0 1.270886 139571 40
CPU0 44.438668 139532 sgemm sgemm CUDA2 12.527106 139572 40
CPU11 44.464517 139533 sgemm sgemm CUDA1 12.067932 139573 40
CPU13 44.660726 139534 sgemm sgemm CUDA2 12.005399 139574 40
CPU13 44.757948 139535 sgemm sgemm CUDA2 1.321792 139575 40
CPU19 44.706798 139536 sgemm sgemm CUDA0 1.078930 139576 40
CPU0 32.338707 139542 strsm strsm CUDA2 2.496516 139582 40
CPU8 32.046630 139546 strsm strsm CUDA2 1.646984 139586 40
CPU14 31.816351 139550 strsm strsm CUDA0 6.491100 139590 40
CPU2 32.034262 139554 strsm strsm CUDA2 12.518178 139594 40
CPU3 31.673603 139558 strsm strsm CUDA0 0.204275 139598 40
CPU17 31.792952 139562 strsm strsm CUDA0 11.613031 139602 40
CPU15 31.386202 139566 strsm strsm CUDA3 0.205084 139606 40
CPU18 31.602041 139570 strsm strsm CUDA3 2.773233 139610 40
CPU18 31.410599 139574 strsm strsm CUDA3 15.233929 139614 40
CPU0 31.662354 139578 strsm strsm CUDA3 0.397147 139618 40
CPU5 32.028092 139582 strsm strsm CUDA2 0.278879 139622 40
CPU10 33.130286 139586 strsm strsm CUDA1 3.216969 139626 40
CPU15 31.379771 139590 strsm strsm CUDA3 2.391833 139630 40
CPU17 31.767246 139594 strsm strsm CUDA0 2.843252 139634 40
CPU9 32.330680 139598 strsm strsm CUDA0 3.703994 139638 40
CPU4 32.412865 139602 strsm strsm CUDA0 0.224313 139642 40
CPU6 32.489755 139606 strsm strsm CUDA1 2.012515 139646 40
CPU8 33.242724 139610 strsm strsm CUDA2 1.524852 139650 40
CPU19 31.769520 139614 strsm strsm CUDA3 1.321383 139654 40
CPU16 31.483403 139618 strsm strsm CUDA1 2.304091 139658 40
CPU19 32.851753 139622 strsm strsm CUDA0 1.793796 139662 40
CPU17 32.231986 139626 strsm strsm CUDA3 1.814278 139666 40
CPU6 32.599050 139630 strsm strsm CUDA3 0.262613 139670 40
CPU7 32.019968 139634 strsm strsm CUDA2 0.240986 139674 40
CPU16 31.725957 139638 strsm strsm CUDA2 1.652796 139678 40
CPU8 32.743071 139642 strsm strsm CUDA0 2.483875 139682 40
CPU0 32.149517 139646 strsm strsm CUDA2 1.398204 139686 40
CPU9 32.008110 139650 strsm strsm CUDA3 0.065326 139690 40
CPU13 32.480034 139654 strsm strsm CUDA1 1.894263 139694 40
CPU12 32.345936 139658 strsm strsm CUDA2 0.058574 139698 40
CPU13 32.108609 139662 strsm strsm CUDA1 9.833346 139702 40
CPU13 15.775540 139666 strtri strtri CPU -1 139706 40
CPU7 31.214783 139668 strsm strsm CUDA2 12.480195 139708 40
CPU4 31.425927 139670 strsm strsm CUDA2 1.317584 139710 40
CPU8 30.780372 139672 strsm strsm CUDA2 2.787640 139712 40
CPU9 30.552558 139674 strsm strsm CUDA0 2.884700 139714 40
CPU1 31.084516 139676 strsm strsm CUDA1 2.899212 139716 40
CPU8 31.060585 139678 strsm strsm CUDA0 3.089803 139718 40
CPU12 31.765182 139680 strsm strsm CUDA0 2.848279 139720 40
CPU4 31.170167 139682 strsm strsm CUDA2 2.881820 139722 40
CPU9 31.084198 139684 strsm strsm CUDA0 1.220459 139724 40
CPU6 31.584074 139686 strsm strsm CUDA2 2.662764 139726 40
CPU3 30.549105 139688 strsm strsm CUDA3 2.695932 139728 40
CPU5 31.021886 139690 strsm strsm CUDA3 0.045806 139730 40
CPU7 31.466404 139692 strsm strsm CUDA2 2.854478 139732 40
CPU19 31.889099 139694 strsm strsm CUDA3 2.856425 139734 40
CPU9 30.539791 139696 strsm strsm CUDA1 3.032924 139736 40
CPU19 31.060243 139698 strsm strsm CUDA3 3.022257 139738 40
CPU9 31.055370 139700 strsm strsm CUDA0 4.703697 139740 40
CPU0 44.896029 139702 sgemm sgemm CUDA0 0.050970 139742 40
CPU7 44.578654 139703 sgemm sgemm CUDA1 1.431150 139743 40
CPU14 44.386672 139704 sgemm sgemm CUDA1 1.231972 139744 40
CPU5 44.339703 139705 sgemm sgemm CUDA1 1.068261 139745 40
CPU9 44.582169 139706 sgemm sgemm CUDA0 1.284997 139746 40
CPU16 44.244284 139707 sgemm sgemm CUDA0 5.698859 139747 40
CPU15 44.704306 139708 sgemm sgemm CUDA3 12.705289 139748 40
CPU17 44.372126 139709 sgemm sgemm CUDA3 12.046935 139749 40
CPU16 44.545118 139710 sgemm sgemm CUDA2 0.968554 139750 40
CPU8 44.266189 139711 sgemm sgemm CUDA2 1.044467 139751 40
CPU7 44.757121 139712 sgemm sgemm CUDA3 1.327537 139752 40
CPU10 44.589809 139713 sgemm sgemm CUDA3 1.236955 139753 40
CPU17 44.475615 139714 sgemm sgemm CUDA2 1.140714 139754 40
CPU15 44.325736 139715 sgemm sgemm CUDA3 1.236195 139755 40
CPU18 44.312677 139716 sgemm sgemm CUDA2 1.047851 139756 40
CPU11 44.314729 139717 sgemm sgemm CUDA2 1.052052 139757 40
CPU1 44.740798 139718 sgemm sgemm CUDA0 0.066556 139758 40
CPU9 44.107763 139719 sgemm sgemm CUDA0 1.357954 139759 40
CPU19 44.439392 139720 sgemm sgemm CUDA3 1.230696 139760 40
CPU16 44.339150 139721 sgemm sgemm CUDA1 6.256403 139761 40
CPU10 45.186545 139722 sgemm sgemm CUDA0 1.047889 139762 40
CPU18 44.337366 139723 sgemm sgemm CUDA3 1.043769 139763 40
CPU7 44.606925 139724 sgemm sgemm CUDA3 1.043074 139764 40
CPU7 44.678653 139725 sgemm sgemm CUDA2 1.051212 139765 40
CPU15 44.280111 139726 sgemm sgemm CUDA2 1.054395 139766 40
CPU0 45.157706 139727 sgemm sgemm CUDA0 9.467920 139767 40
CPU10 44.748822 139728 sgemm sgemm CUDA2 1.234826 139768 40
CPU2 44.562283 139729 sgemm sgemm CUDA1 0.062032 139769 40
CPU13 44.441130 139730 sgemm sgemm CUDA1 1.260135 139770 40
CPU12 44.725416 139731 sgemm sgemm CUDA1 1.072005 139771 40
CPU13 44.695706 139732 sgemm sgemm CUDA2 1.243557 139772 40
CPU13 44.650585 139733 sgemm sgemm CUDA1 10.610153 139773 40
CPU3 44.290742 139737 sgemm sgemm CUDA1 1.261213 139777 40
CPU7 44.701429 139738 sgemm sgemm CUDA1 12.592586 139778 40
CPU14 44.542774 139739 sgemm sgemm CUDA2 1.258846 139779 40
CPU1 44.338825 139740 sgemm sgemm CUDA1 0.046656 139780 40
CPU6 44.662976 139741 sgemm sgemm CUDA1 1.413993 139781 40
CPU18 44.072038 139742 sgemm sgemm CUDA2 1.071401 139782 40
CPU15 44.420908 139743 sgemm sgemm CUDA2 1.073011 139783 40
CPU17 44.398212 139744 sgemm sgemm CUDA3 12.618621 139784 40
CPU17 44.539962 139745 sgemm sgemm CUDA2 1.264920 139785 40
CPU2 44.429062 139746 sgemm sgemm CUDA2 1.073893 139786 40
CPU7 44.860498 139747 sgemm sgemm CUDA3 0.050280 139787 40
CPU17 44.283215 139748 sgemm sgemm CUDA2 13.017066 139788 40
CPU15 44.382661 139749 sgemm sgemm CUDA3 1.380961 139789 40
CPU16 44.397587 139750 sgemm sgemm CUDA0 1.071314 139790 40
CPU19 44.470501 139751 sgemm sgemm CUDA2 0.040011 139791 40
CPU7 44.502627 139752 sgemm sgemm CUDA2 1.328841 139792 40
CPU1 44.502390 139753 sgemm sgemm CUDA0 1.067089 139793 40
CPU8 44.966981 139754 sgemm sgemm CUDA0 1.073986 139794 40
CPU19 44.417213 139755 sgemm sgemm CUDA3 1.065326 139795 40
CPU16 44.466010 139756 sgemm sgemm CUDA1 1.255918 139796 40
CPU18 44.016616 139757 sgemm sgemm CUDA0 1.259786 139797 40
CPU18 44.300897 139758 sgemm sgemm CUDA3 1.258197 139798 40
CPU1 44.470076 139759 sgemm sgemm CUDA3 1.262500 139799 40
CPU10 44.515206 139760 sgemm sgemm CUDA3 1.259495 139800 40
CPU15 44.240408 139761 sgemm sgemm CUDA3 1.259396 139801 40
CPU6 44.708130 139762 sgemm sgemm CUDA0 12.376113 139802 40
CPU9 44.504521 139763 sgemm sgemm CUDA2 1.071418 139803 40
CPU11 44.734528 139764 sgemm sgemm CUDA3 1.259300 139804 40
CPU12 44.474901 139765 sgemm sgemm CUDA1 1.257641 139805 40
CPU12 44.279953 139766 sgemm sgemm CUDA3 1.061402 139806 40
CPU8 44.856231 139767 sgemm sgemm CUDA2 1.070090 139807 40
CPU12 44.545672 139768 sgemm sgemm CUDA0 0.048269 139808 40
CPU7 44.781202 139772 sgemm sgemm CUDA1 1.068093 139812 40
CPU8 44.438040 139773 sgemm sgemm CUDA1 1.284705 139813 40
CPU14 44.631931 139774 sgemm sgemm CUDA1 1.066131 139814 40
CPU0 44.653556 139775 sgemm sgemm CUDA2 1.015884 139815 40
CPU7 44.662932 139776 sgemm sgemm CUDA1 1.069059 139816 40
CPU16 44.400267 139777 sgemm sgemm CUDA2 1.204776 139817 40
CPU15 44.284408 139778 sgemm sgemm CUDA3 0.961124 139818 40
CPU16 44.356410 139779 sgemm sgemm CUDA3 1.255351 139819 40
CPU16 44.502407 139780 sgemm sgemm CUDA2 12.095433 139820 40
CPU9 44.224599 139781 sgemm sgemm CUDA2 0.039694 139821 40
CPU7 44.677649 139782 sgemm sgemm CUDA3 1.258547 139822 40
CPU16 44.330859 139783 sgemm sgemm CUDA2 1.301902 139823 40
CPU15 44.545478 139784 sgemm sgemm CUDA3 1.258612 139824 40
CPU14 44.412985 139785 sgemm sgemm CUDA3 1.070129 139825 40
CPU17 44.472842 139786 sgemm sgemm CUDA2 1.261531 139826 40
CPU12 44.859329 139787 sgemm sgemm CUDA2 1.068821 139827 40
CPU7 44.846367 139788 sgemm sgemm CUDA0 0.057241 139828 40
CPU11 44.247930 139789 sgemm sgemm CUDA0 1.378698 139829 40
CPU19 44.496921 139790 sgemm sgemm CUDA3 1.266119 139830 40
CPU19 44.411673 139791 sgemm sgemm CUDA1 1.065465 139831 40
CPU7 44.734875 139792 sgemm sgemm CUDA0 1.260537 139832 40
CPU18 44.424681 139793 sgemm sgemm CUDA3 12.903240 139833 40
CPU4 44.677711 139794 sgemm sgemm CUDA3 0.202475 139834 40
CPU13 44.533928 139795 sgemm sgemm CUDA3 1.351669 139835 40
CPU14 44.520361 139796 sgemm sgemm CUDA2 1.066047 139836 40
CPU8 44.682001 139797 sgemm sgemm CUDA1 1.064227 139837 40
CPU2 43.978085 139798 sgemm sgemm CUDA2 1.064475 139838 40
CPU12 44.468666 139799 sgemm sgemm CUDA1 1.065744 139839 40
CPU13 44.452712 139800 sgemm sgemm CUDA3 1.274726 139840 40
CPU12 44.487088 139801 sgemm sgemm CUDA1 1.067385 139841 40
CPU13 44.839585 139802 sgemm sgemm CUDA2 1.067438 139842 40
CPU13 44.826867 139803 sgemm sgemm CUDA1 1.308179 139843 40
CPU2 44.557034 139807 sgemm sgemm CUDA0 1.254532 139847 40
CPU8 44.338239 139808 sgemm sgemm CUDA1 1.353606 139848 40
CPU14 44.628287 139809 sgemm sgemm CUDA2 0.087067 139849 40
CPU6 44.376826 139810 sgemm sgemm CUDA2 1.389967 139850 40
CPU4 44.620238 139811 sgemm sgemm CUDA0 1.074531 139851 40
CPU18 44.283377 139812 sgemm sgemm CUDA2 1.260353 139852 40
CPU15 44.313814 139813 sgemm sgemm CUDA2 1.260004 139853 40
CPU17 44.573441 139814 sgemm sgemm CUDA3 1.147327 139854 40
CPU16 44.864895 139815 sgemm sgemm CUDA2 1.227503 139855 40
CPU4 44.222098 139816 sgemm sgemm CUDA3 1.259949 139856 40
CPU4 44.818755 139817 sgemm sgemm CUDA3 1.261178 139857 40
CPU3 44.519778 139818 sgemm sgemm CUDA2 1.258281 139858 40
CPU15 44.525027 139819 sgemm sgemm CUDA3 1.067982 139859 40
CPU14 44.363392 139820 sgemm sgemm CUDA0 1.065054 139860 40
CPU18 44.334030 139821 sgemm sgemm CUDA2 1.258514 139861 40
CPU11 44.147528 139822 sgemm sgemm CUDA2 1.261392 139862 40
CPU1 44.843201 139823 sgemm sgemm CUDA0 1.258976 139863 40
CPU6 44.632663 139824 sgemm sgemm CUDA2 1.256859 139864 40
CPU19 44.484368 139825 sgemm sgemm CUDA3 1.064306 139865 40
CPU10 44.330323 139826 sgemm sgemm CUDA1 1.068970 139866 40
CPU19 44.672351 139827 sgemm sgemm CUDA1 1.256844 139867 40
CPU18 44.430464 139828 sgemm sgemm CUDA3 1.254392 139868 40
CPU2 44.426952 139829 sgemm sgemm CUDA3 1.064902 139869 40
CPU0 44.684408 139830 sgemm sgemm CUDA3 1.075413 139870 40
CPU16 44.360797 139831 sgemm sgemm CUDA2 1.260975 139871 40
CPU7 44.835582 139832 sgemm sgemm CUDA0 1.077561 139872 40
CPU8 44.012042 139833 sgemm sgemm CUDA0 1.068471 139873 40
CPU12 44.469823 139834 sgemm sgemm CUDA1 1.259165 139874 40
CPU13 44.434014 139835 sgemm sgemm CUDA3 1.064304 139875 40
CPU13 44.381340 139836 sgemm sgemm CUDA3 1.256940 139876 40
CPU13 45.184048 139837 sgemm sgemm CUDA3 1.257347 139877 40
CPU11 44.496759 139838 sgemm sgemm CUDA1 1.207057 139878 40
CPU9 44.675583 139842 sgemm sgemm CUDA1 1.256969 139882 40
CPU8 44.812746 139843 sgemm sgemm CUDA1 1.249223 139883 40
CPU14 44.493768 139844 sgemm sgemm CUDA1 1.064723 139884 40
CPU3 44.647248 139845 sgemm sgemm CUDA1 1.062427 139885 40
CPU7 44.780955 139846 sgemm sgemm CUDA0 1.251366 139886 40
CPU17 44.896653 139847 sgemm sgemm CUDA0 1.075381 139887 40
CPU15 44.127064 139848 sgemm sgemm CUDA3 1.069892 139888 40
CPU17 44.421521 139849 sgemm sgemm CUDA3 1.066272 139889 40
CPU19 44.525271 139850 sgemm sgemm CUDA3 1.065982 139890 40
CPU0 44.662328 139851 sgemm sgemm CUDA3 1.258870 139891 40
CPU3 44.620127 139852 sgemm sgemm CUDA3 1.256172 139892 40
CPU8 44.356137 139853 sgemm sgemm CUDA2 1.264569 139893 40
CPU15 44.536983 139854 sgemm sgemm CUDA2 1.256899 139894 40
CPU17 44.407007 139855 sgemm sgemm CUDA0 1.068527 139895 40
CPU17 44.460720 139856 sgemm sgemm CUDA2 1.261636 139896 40
CPU3 44.479465 139857 sgemm sgemm CUDA2 1.262623 139897 40
CPU9 44.557519 139858 sgemm sgemm CUDA0 1.066934 139898 40
CPU1 44.240468 139859 sgemm sgemm CUDA2 1.066495 139899 40
CPU4 44.923653 139860 sgemm sgemm CUDA3 12.960198 139900 40
CPU19 44.507002 139861 sgemm sgemm CUDA1 1.252289 139901 40
CPU3 44.378485 139862 sgemm sgemm CUDA0 1.065307 139902 40
CPU17 44.795202 139863 sgemm sgemm CUDA3 1.323200 139903 40
CPU5 44.462494 139864 sgemm sgemm CUDA3 1.066381 139904 40
CPU8 44.620369 139865 sgemm sgemm CUDA2 1.258256 139905 40
CPU14 44.357900 139866 sgemm sgemm CUDA3 1.262426 139906 40
CPU0 45.060086 139867 sgemm sgemm CUDA0 1.255001 139907 40
CPU1 44.438308 139868 sgemm sgemm CUDA2 1.257513 139908 40
CPU11 44.554543 139869 sgemm sgemm CUDA1 1.256766 139909 40
CPU13 44.487398 139870 sgemm sgemm CUDA3 1.066946 139910 40
CPU13 44.848148 139871 sgemm sgemm CUDA1 1.258971 139911 40
CPU13 44.949858 139872 sgemm sgemm CUDA3 1.067322 139912 40
CPU10 44.566494 139873 sgemm sgemm CUDA3 1.257561 139913 40
CPU9 44.559881 139877 sgemm sgemm CUDA1 1.199634 139917 40
CPU7 44.595776 139878 sgemm sgemm CUDA1 1.066439 139918 40
CPU14 44.354393 139879 sgemm sgemm CUDA1 1.253123 139919 40
CPU2 44.892208 139880 sgemm sgemm CUDA1 1.070428 139920 40
CPU5 44.731761 139881 sgemm sgemm CUDA1 1.073288 139921 40
CPU18 44.154854 139882 sgemm sgemm CUDA0 0.076810 139922 40
CPU15 44.141723 139883 sgemm sgemm CUDA3 1.011091 139923 40
CPU16 44.437899 139884 sgemm sgemm CUDA3 1.258609 139924 40
CPU17 44.555988 139885 sgemm sgemm CUDA0 11.845204 139925 40
CPU9 44.188326 139886 sgemm sgemm CUDA3 1.069517 139926 40
CPU7 44.709153 139887 sgemm sgemm CUDA3 1.067312 139927 40
CPU2 44.582038 139888 sgemm sgemm CUDA3 1.261949 139928 40
CPU15 44.319693 139889 sgemm sgemm CUDA3 1.262878 139929 40
CPU15 44.369590 139890 sgemm sgemm CUDA1 1.064978 139930 40
CPU19 44.146966 139891 sgemm sgemm CUDA2 1.258424 139931 40
CPU1 44.641779 139892 sgemm sgemm CUDA2 1.261507 139932 40
CPU9 45.090214 139893 sgemm sgemm CUDA0 0.043959 139933 40
CPU10 45.162742 139894 sgemm sgemm CUDA2 1.071784 139934 40
CPU19 44.402498 139895 sgemm sgemm CUDA0 1.298029 139935 40
CPU16 44.496003 139896 sgemm sgemm CUDA2 1.066736 139936 40
CPU18 44.259021 139897 sgemm sgemm CUDA0 1.070647 139937 40
CPU18 44.129988 139898 sgemm sgemm CUDA3 1.064730 139938 40
CPU3 44.630585 139899 sgemm sgemm CUDA2 1.068052 139939 40
CPU12 44.698035 139900 sgemm sgemm CUDA3 1.257071 139940 40
CPU15 44.632551 139901 sgemm sgemm CUDA2 1.150038 139941 40
CPU5 44.543810 139902 sgemm sgemm CUDA1 0.041637 139942 40
CPU5 44.468899 139903 sgemm sgemm CUDA2 13.065392 139943 40
CPU0 44.985261 139904 sgemm sgemm CUDA1 12.092425 139944 40
CPU13 44.536162 139905 sgemm sgemm CUDA1 1.064873 139945 40
CPU10 44.577922 139906 sgemm sgemm CUDA1 1.211629 139946 40
CPU8 44.823393 139907 sgemm sgemm CUDA2 0.040483 139947 40
CPU8 44.710255 139908 sgemm sgemm CUDA0 1.262773 139948 40
CPU1 44.736839 139912 sgemm sgemm CUDA0 1.273772 139952 40
CPU7 44.468172 139913 sgemm sgemm CUDA0 1.072420 139953 40
CPU14 44.421111 139914 sgemm sgemm CUDA2 0.958426 139954 40
CPU2 44.506103 139915 sgemm sgemm CUDA2 1.258124 139955 40
CPU4 44.568231 139916 sgemm sgemm CUDA0 1.066801 139956 40
CPU18 44.745705 139917 sgemm sgemm CUDA0 1.252609 139957 40
CPU15 44.274338 139918 sgemm sgemm CUDA2 1.069969 139958 40
CPU18 44.258806 139919 sgemm sgemm CUDA3 1.372183 139959 40
CPU17 44.656282 139920 sgemm sgemm CUDA3 1.257282 139960 40
CPU9 43.975404 139921 sgemm sgemm CUDA3 1.254191 139961 40
CPU7 44.679733 139922 sgemm sgemm CUDA3 1.060814 139962 40
CPU4 44.613193 139923 sgemm sgemm CUDA3 1.256786 139963 40
CPU15 44.518018 139924 sgemm sgemm CUDA2 1.067353 139964 40
CPU16 44.410067 139925 sgemm sgemm CUDA0 1.269682 139965 40
CPU5 44.886674 139926 sgemm sgemm CUDA2 1.261894 139966 40
CPU12 44.430026 139927 sgemm sgemm CUDA1 1.079422 139967 40
CPU0 44.964055 139928 sgemm sgemm CUDA0 1.076080 139968 40
CPU4 44.827343 139929 sgemm sgemm CUDA1 1.274269 139969 40
CPU19 44.373827 139930 sgemm sgemm CUDA1 1.071360 139970 40
CPU18 44.147223 139931 sgemm sgemm CUDA1 1.074561 139971 40
CPU18 44.180277 139932 sgemm sgemm CUDA1 1.076939 139972 40
CPU18 44.224591 139933 sgemm sgemm CUDA3 1.065883 139973 40
CPU1 44.682663 139934 sgemm sgemm CUDA3 1.069237 139974 40
CPU1 44.669379 139935 sgemm sgemm CUDA2 1.255171 139975 40
CPU14 44.451714 139936 sgemm sgemm CUDA2 1.262261 139976 40
CPU2 44.539189 139937 sgemm sgemm CUDA1 12.360912 139977 40
CPU7 44.718311 139938 sgemm sgemm CUDA2 1.064968 139978 40
CPU11 44.150174 139939 sgemm sgemm CUDA1 1.344896 139979 40
CPU12 44.417409 139940 sgemm sgemm CUDA1 0.040641 139980 40
CPU3 44.537557 139941 sgemm sgemm CUDA1 1.301264 139981 40
CPU13 44.612980 139942 sgemm sgemm CUDA1 1.256944 139982 40
CPU4 44.982594 139943 sgemm sgemm CUDA0 1.269845 139983 40
CPU9 44.286466 139947 sgemm sgemm CUDA0 1.067746 139987 40
CPU8 44.459739 139948 sgemm sgemm CUDA1 1.201588 139988 40
CPU14 44.441726 139949 sgemm sgemm CUDA2 1.010538 139989 40
CPU5 44.435469 139950 sgemm sgemm CUDA2 1.206301 139990 40
CPU8 44.499799 139951 sgemm sgemm CUDA2 1.017321 139991 40
CPU17 44.787137 139952 sgemm sgemm CUDA2 1.017143 139992 40
CPU15 44.320152 139953 sgemm sgemm CUDA2 1.072988 139993 40
CPU17 44.415974 139954 sgemm sgemm CUDA3 0.041335 139994 40
CPU18 44.459118 139955 sgemm sgemm CUDA3 1.081010 139995 40
CPU8 44.330909 139956 sgemm sgemm CUDA2 1.204029 139996 40
CPU3 44.743656 139957 sgemm sgemm CUDA3 1.265804 139997 40
CPU11 44.170494 139958 sgemm sgemm CUDA2 1.014117 139998 40
CPU15 44.226757 139959 sgemm sgemm CUDA3 1.019599 139999 40
CPU16 44.353931 139960 sgemm sgemm CUDA3 1.019722 140000 40
CPU18 44.112288 139961 sgemm sgemm CUDA2 1.068016 140001 40
CPU1 44.502427 139962 sgemm sgemm CUDA1 1.204039 140002 40
CPU5 44.955612 139963 sgemm sgemm CUDA0 0.099074 140003 40
CPU6 44.405997 139964 sgemm sgemm CUDA0 1.267268 140004 40
CPU19 44.428495 139965 sgemm sgemm CUDA3 1.196661 140005 40
CPU16 44.519798 139966 sgemm sgemm CUDA1 1.069451 140006 40
CPU19 44.658938 139967 sgemm sgemm CUDA1 1.252651 140007 40
CPU17 44.587442 139968 sgemm sgemm CUDA3 1.008887 140008 40
CPU4 44.891564 139969 sgemm sgemm CUDA2 0.087661 140009 40
CPU13 44.551857 139970 sgemm sgemm CUDA3 1.202743 140010 40
CPU16 44.436366 139971 sgemm sgemm CUDA2 1.205701 140011 40
CPU1 44.620255 139972 sgemm sgemm CUDA0 1.199335 140012 40
CPU1 44.715241 139973 sgemm sgemm CUDA2 12.097160 140013 40
CPU12 44.504800 139974 sgemm sgemm CUDA3 13.042799 140014 40
CPU12 44.421035 139975 sgemm sgemm CUDA3 0.072651 140015 40
CPU12 44.417632 139976 sgemm sgemm CUDA3 1.325385 140016 40
CPU13 44.729910 139977 sgemm sgemm CUDA1 1.203174 140017 40
CPU12 44.607961 139978 sgemm sgemm CUDA1 1.094637 140018 40
CPU2 44.821305 139982 sgemm sgemm CUDA0 1.065209 140022 40
CPU8 44.676137 139983 sgemm sgemm CUDA0 1.063994 140023 40
CPU14 44.399430 139984 sgemm sgemm CUDA2 1.257157 140024 40
CPU1 44.603405 139985 sgemm sgemm CUDA2 7.720413 140025 40
CPU2 44.847376 139986 sgemm sgemm CUDA2 0.051922 140026 40
CPU16 44.271299 139987 sgemm sgemm CUDA0 13.069608 140027 40
CPU15 44.252259 139988 sgemm sgemm CUDA3 1.255469 140028 40
CPU17 44.424498 139989 sgemm sgemm CUDA3 1.256024 140029 40
CPU16 44.578807 139990 sgemm sgemm CUDA3 1.068517 140030 40
CPU0 44.824944 139991 sgemm sgemm CUDA3 1.068734 140031 40
CPU6 44.848248 139992 sgemm sgemm CUDA3 1.267737 140032 40
CPU5 44.203446 139993 sgemm sgemm CUDA3 1.259921 140033 40
CPU15 44.311747 139994 sgemm sgemm CUDA3 1.065345 140034 40
CPU14 44.355613 139995 sgemm sgemm CUDA0 0.247195 140035 40
CPU17 44.547238 139996 sgemm sgemm CUDA2 1.300269 140036 40
CPU5 44.346251 139997 sgemm sgemm CUDA2 1.072396 140037 40
CPU5 44.731497 139998 sgemm sgemm CUDA0 1.369006 140038 40
CPU7 44.784124 139999 sgemm sgemm CUDA0 1.257828 140039 40
CPU19 44.515466 140000 sgemm sgemm CUDA0 1.275799 140040 40
CPU19 44.249190 140001 sgemm sgemm CUDA1 1.299281 140041 40
CPU1 44.432275 140002 sgemm sgemm CUDA0 1.289505 140042 40
CPU18 44.271239 140003 sgemm sgemm CUDA3 1.062697 140043 40
CPU4 44.400389 140004 sgemm sgemm CUDA1 1.078689 140044 40
CPU11 44.310275 140005 sgemm sgemm CUDA3 13.243833 140045 40
CPU16 44.417527 140006 sgemm sgemm CUDA3 0.040193 140046 40
CPU9 44.289299 140007 sgemm sgemm CUDA0 1.257389 140047 40
CPU3 44.615667 140008 sgemm sgemm CUDA0 5.280543 140048 40
CPU11 44.349729 140009 sgemm sgemm CUDA1 1.255615 140049 40
CPU13 44.470298 140010 sgemm sgemm CUDA1 1.066385 140050 40
CPU5 44.971489 140011 sgemm sgemm CUDA1 1.113838 140051 40
CPU8 44.748281 140012 sgemm sgemm CUDA1 1.232216 140052 40
CPU1 44.761010 140013 sgemm sgemm CUDA1 1.257443 140053 40
CPU8 44.493414 140017 sgemm sgemm CUDA1 1.071235 140057 40
CPU7 44.573724 140018 sgemm sgemm CUDA2 1.306055 140058 40
CPU14 44.547483 140019 sgemm sgemm CUDA2 0.053895 140059 40
CPU1 44.435124 140020 sgemm sgemm CUDA2 1.278794 140060 40
CPU8 44.516118 140021 sgemm sgemm CUDA2 1.270138 140061 40
CPU18 44.452970 140022 sgemm sgemm CUDA2 1.068169 140062 40
CPU15 44.168315 140023 sgemm sgemm CUDA2 1.257521 140063 40
CPU18 44.329424 140024 sgemm sgemm CUDA3 1.324798 140064 40
CPU17 44.642187 140025 sgemm sgemm CUDA3 1.257388 140065 40
CPU9 44.450234 140026 sgemm sgemm CUDA3 1.066408 140066 40
CPU11 44.353661 140027 sgemm sgemm CUDA3 1.066871 140067 40
CPU2 44.532645 140028 sgemm sgemm CUDA2 1.253632 140068 40
CPU15 44.288257 140029 sgemm sgemm CUDA2 1.065597 140069 40
CPU15 44.286333 140030 sgemm sgemm CUDA1 1.074538 140070 40
CPU11 44.326639 140031 sgemm sgemm CUDA0 1.003619 140071 40
CPU9 44.382903 140032 sgemm sgemm CUDA0 1.061012 140072 40
CPU3 44.855548 140033 sgemm sgemm CUDA0 12.505255 140073 40
CPU8 44.455175 140034 sgemm sgemm CUDA0 0.392573 140074 40
CPU8 44.521973 140035 sgemm sgemm CUDA0 1.393072 140075 40
CPU18 44.406364 140036 sgemm sgemm CUDA1 1.062230 140076 40
CPU18 44.322051 140037 sgemm sgemm CUDA1 1.063281 140077 40
CPU18 44.349425 140038 sgemm sgemm CUDA3 1.258069 140078 40
CPU3 44.663981 140039 sgemm sgemm CUDA1 1.070046 140079 40
CPU13 44.629629 140040 sgemm sgemm CUDA2 12.362560 140080 40
CPU15 44.921327 140041 sgemm sgemm CUDA2 0.055438 140081 40
CPU1 44.594371 140042 sgemm sgemm CUDA0 1.271549 140082 40
CPU4 44.406291 140043 sgemm sgemm CUDA0 1.072877 140083 40
CPU11 44.521787 140044 sgemm sgemm CUDA3 1.063818 140084 40
CPU12 44.562644 140045 sgemm sgemm CUDA1 0.039615 140085 40
CPU7 45.106690 140046 sgemm sgemm CUDA0 1.261944 140086 40
CPU10 44.558838 140047 sgemm sgemm CUDA2 1.062761 140087 40
CPU13 44.460560 140048 sgemm sgemm CUDA1 1.074927 140088 40
CPU6 44.527317 140052 sgemm sgemm CUDA1 1.371284 140092 40
CPU8 44.321073 140053 sgemm sgemm CUDA2 1.258229 140093 40
CPU14 44.541529 140054 sgemm sgemm CUDA2 1.061969 140094 40
CPU4 44.598687 140055 sgemm sgemm CUDA2 0.142428 140095 40
CPU4 44.835315 140056 sgemm sgemm CUDA2 1.349311 140096 40
CPU16 44.534448 140057 sgemm sgemm CUDA2 1.069572 140097 40
CPU15 44.347189 140058 sgemm sgemm CUDA3 1.266625 140098 40
CPU18 44.446967 140059 sgemm sgemm CUDA3 1.257359 140099 40
CPU16 44.563282 140060 sgemm sgemm CUDA3 1.258522 140100 40
CPU7 44.232578 140061 sgemm sgemm CUDA3 1.258087 140101 40
CPU7 44.432188 140062 sgemm sgemm CUDA3 12.809242 140102 40
CPU3 44.528309 140063 sgemm sgemm CUDA2 1.259139 140103 40
CPU15 44.478764 140064 sgemm sgemm CUDA3 0.060049 140104 40
CPU15 44.769689 140065 sgemm sgemm CUDA1 10.664303 140105 40
CPU18 44.506584 140066 sgemm sgemm CUDA0 1.259119 140106 40
CPU0 44.643078 140067 sgemm sgemm CUDA0 1.259284 140107 40
CPU3 44.513431 140068 sgemm sgemm CUDA0 1.257771 140108 40
CPU0 44.471441 140069 sgemm sgemm CUDA2 1.258767 140109 40
CPU19 44.659514 140070 sgemm sgemm CUDA0 0.053498 140110 40
CPU19 44.331686 140071 sgemm sgemm CUDA1 1.076355 140111 40
CPU2 44.542044 140072 sgemm sgemm CUDA1 0.043000 140112 40
CPU17 44.530180 140073 sgemm sgemm CUDA0 1.391362 140113 40
CPU9 44.367104 140074 sgemm sgemm CUDA1 1.279088 140114 40
CPU13 44.566341 140075 sgemm sgemm CUDA2 1.066088 140115 40
CPU16 44.589817 140076 sgemm sgemm CUDA2 5.781579 140116 40
CPU4 44.618960 140077 sgemm sgemm CUDA0 1.274349 140117 40
CPU5 44.220891 140078 sgemm sgemm CUDA0 1.256597 140118 40
CPU12 44.608308 140079 sgemm sgemm CUDA1 1.262741 140119 40
CPU13 44.416562 140080 sgemm sgemm CUDA1 6.863172 140120 40
CPU6 44.438983 140081 sgemm sgemm CUDA0 1.256617 140121 40
CPU1 44.281891 140082 sgemm sgemm CUDA2 1.350001 140122 40
CPU9 44.299344 140083 sgemm sgemm CUDA2 1.067299 140123 40
CPU8 44.369701 140087 sgemm sgemm CUDA0 1.260569 140127 40
CPU8 44.399685 140088 sgemm sgemm CUDA2 1.259676 140128 40
CPU14 44.652639 140089 sgemm sgemm CUDA2 1.260570 140129 40
CPU4 44.598267 140090 sgemm sgemm CUDA2 1.256533 140130 40
CPU2 44.719610 140091 sgemm sgemm CUDA0 0.045736 140131 40
CPU16 44.380752 140092 sgemm sgemm CUDA2 1.069495 140132 40
CPU15 44.351112 140093 sgemm sgemm CUDA2 1.261156 140133 40
CPU16 44.343884 140094 sgemm sgemm CUDA0 1.372272 140134 40
CPU17 44.536431 140095 sgemm sgemm CUDA0 1.062898 140135 40
CPU3 44.359906 140096 sgemm sgemm CUDA2 1.257278 140136 40
CPU5 44.372373 140097 sgemm sgemm CUDA0 1.258896 140137 40
CPU7 44.219941 140098 sgemm sgemm CUDA2 1.071883 140138 40
CPU15 44.220810 140099 sgemm sgemm CUDA2 6.051594 140139 40
CPU14 44.417826 140100 sgemm sgemm CUDA0 1.065275 140140 40
CPU19 44.560791 140101 sgemm sgemm CUDA0 1.257341 140141 40
CPU3 44.584448 140102 sgemm sgemm CUDA0 1.255601 140142 40
CPU1 44.495560 140103 sgemm sgemm CUDA1 0.048769 140143 40
CPU2 44.529040 140104 sgemm sgemm CUDA1 1.262101 140144 40
CPU19 44.454856 140105 sgemm sgemm CUDA1 1.061576 140145 40
CPU19 44.403111 140106 sgemm sgemm CUDA1 1.068156 140146 40
CPU8 44.612521 140107 sgemm sgemm CUDA1 1.070847 140147 40
CPU18 44.171722 140108 sgemm sgemm CUDA3 1.303922 140148 40
CPU7 44.562455 140109 sgemm sgemm CUDA1 1.065907 140149 40
CPU10 44.477030 140110 sgemm sgemm CUDA3 1.070398 140150 40
CPU14 44.561442 140111 sgemm sgemm CUDA2 0.038544 140151 40
CPU3 44.536563 140112 sgemm sgemm CUDA1 1.066297 140152 40
CPU1 44.564578 140113 sgemm sgemm CUDA0 1.072853 140153 40
CPU11 44.179911 140114 sgemm sgemm CUDA1 1.258499 140154 40
CPU12 44.403438 140115 sgemm sgemm CUDA3 1.066079 140155 40
CPU12 44.593723 140116 sgemm sgemm CUDA1 1.264043 140156 40
CPU8 44.645302 140117 sgemm sgemm CUDA3 1.068430 140157 40
CPU12 45.275575 140118 sgemm sgemm CUDA1 1.067045 140158 40
CPU7 44.967819 140122 sgemm sgemm CUDA2 1.008769 140162 40
CPU8 44.693028 140123 sgemm sgemm CUDA2 1.069366 140163 40
CPU14 44.492174 140124 sgemm sgemm CUDA2 1.262104 140164 40
CPU0 44.937707 140125 sgemm sgemm CUDA2 1.066789 140165 40
CPU5 44.608096 140126 sgemm sgemm CUDA1 1.013720 140166 40
CPU17 44.596043 140127 sgemm sgemm CUDA0 1.205655 140167 40
CPU15 44.197025 140128 sgemm sgemm CUDA2 1.258207 140168 40
CPU17 44.688728 140129 sgemm sgemm CUDA0 1.259886 140169 40
CPU17 44.486264 140130 sgemm sgemm CUDA0 1.064000 140170 40
CPU2 44.424570 140131 sgemm sgemm CUDA2 1.064607 140171 40
CPU7 44.806961 140132 sgemm sgemm CUDA0 1.258392 140172 40
CPU0 44.631118 140133 sgemm sgemm CUDA3 12.825101 140173 40
CPU15 44.036819 140134 sgemm sgemm CUDA3 0.039628 140174 40
CPU16 44.607896 140135 sgemm sgemm CUDA1 1.263814 140175 40
CPU19 44.532069 140136 sgemm sgemm CUDA0 1.256777 140176 40
CPU2 44.524567 140137 sgemm sgemm CUDA1 1.067564 140177 40
CPU7 45.419437 140138 sgemm sgemm CUDA1 1.065158 140178 40
CPU3 44.206489 140139 sgemm sgemm CUDA1 1.069724 140179 40
CPU19 44.489599 140140 sgemm sgemm CUDA3 1.305191 140180 40
CPU16 44.663479 140141 sgemm sgemm CUDA1 1.063389 140181 40
CPU0 44.803526 140142 sgemm sgemm CUDA1 12.320731 140182 40
CPU18 44.225120 140143 sgemm sgemm CUDA3 1.064637 140183 40
CPU2 44.439047 140144 sgemm sgemm CUDA1 0.039921 140184 40
CPU12 44.396979 140145 sgemm sgemm CUDA3 1.066321 140185 40
CPU16 44.367740 140146 sgemm sgemm CUDA3 1.070123 140186 40
CPU10 44.745713 140147 sgemm sgemm CUDA1 1.306896 140187 40
CPU7 44.565082 140148 sgemm sgemm CUDA2 1.063819 140188 40
CPU11 44.134042 140149 sgemm sgemm CUDA1 10.627022 140189 40
CPU12 45.022916 140150 sgemm sgemm CUDA1 0.207154 140190 40
CPU2 44.561317 140151 sgemm sgemm CUDA0 1.261765 140191 40
CPU13 44.502315 140152 sgemm sgemm CUDA2 1.061828 140192 40
CPU0 44.241553 140153 sgemm sgemm CUDA3 1.066058 140193 40
CPU1 44.528716 140157 sgemm sgemm CUDA1 1.383121 140197 40
CPU7 44.586157 140158 sgemm sgemm CUDA1 1.019312 140198 40
CPU14 44.426777 140159 sgemm sgemm CUDA1 1.214366 140199 40
CPU6 44.703965 140160 sgemm sgemm CUDA1 1.013193 140200 40
CPU1 44.922396 140161 sgemm sgemm CUDA3 1.202709 140201 40
CPU16 44.301040 140162 sgemm sgemm CUDA3 1.026334 140202 40
CPU15 44.432852 140163 sgemm sgemm CUDA3 1.323462 140203 40
CPU17 44.552008 140164 sgemm sgemm CUDA3 1.045328 140204 40
CPU17 44.548331 140165 sgemm sgemm CUDA3 5.139347 140205 40
CPU1 44.530940 140166 sgemm sgemm CUDA3 0.061428 140206 40
CPU3 44.797841 140167 sgemm sgemm CUDA3 1.258181 140207 40
CPU10 44.304047 140168 sgemm sgemm CUDA3 1.256936 140208 40
CPU15 44.249383 140169 sgemm sgemm CUDA3 1.011723 140209 40
CPU14 44.329524 140170 sgemm sgemm CUDA1 1.195661 140210 40
CPU17 44.441635 140171 sgemm sgemm CUDA0 4.952322 140211 40
CPU5 44.581519 140172 sgemm sgemm CUDA0 0.061724 140212 40
CPU6 44.890637 140173 sgemm sgemm CUDA0 1.325965 140213 40
CPU5 44.745368 140174 sgemm sgemm CUDA0 1.006325 140214 40
CPU19 44.484241 140175 sgemm sgemm CUDA1 1.375160 140215 40
CPU18 44.326928 140176 sgemm sgemm CUDA1 1.193700 140216 40
CPU2 44.425793 140177 sgemm sgemm CUDA0 1.011102 140217 40
CPU17 44.558611 140178 sgemm sgemm CUDA3 0.039590 140218 40
CPU5 44.667594 140179 sgemm sgemm CUDA1 1.061709 140219 40
CPU9 44.521019 140180 sgemm sgemm CUDA2 1.067294 140220 40
CPU15 44.174244 140181 sgemm sgemm CUDA2 1.066960 140221 40
CPU6 44.935328 140182 sgemm sgemm CUDA2 1.063304 140222 40
CPU3 44.539879 140183 sgemm sgemm CUDA2 1.262243 140223 40
CPU11 44.219984 140184 sgemm sgemm CUDA1 1.203233 140224 40
CPU13 44.331030 140185 sgemm sgemm CUDA1 1.002047 140225 40
CPU13 44.300965 140186 sgemm sgemm CUDA3 1.243315 140226 40
CPU8 44.749678 140187 sgemm sgemm CUDA0 1.204771 140227 40
CPU13 44.327589 140188 sgemm sgemm CUDA0 1.202650 140228 40
CPU4 44.512429 140192 sgemm sgemm CUDA1 1.257125 140232 40
CPU7 44.464522 140193 sgemm sgemm CUDA1 1.062407 140233 40
CPU14 44.525718 140194 sgemm sgemm CUDA2 11.967054 140234 40
CPU4 44.555217 140195 sgemm sgemm CUDA2 1.347714 140235 40
CPU3 44.664203 140196 sgemm sgemm CUDA2 1.262279 140236 40
CPU17 44.447170 140197 sgemm sgemm CUDA2 1.065002 140237 40
CPU15 44.390257 140198 sgemm sgemm CUDA3 1.254491 140238 40
CPU18 44.554203 140199 sgemm sgemm CUDA3 1.177391 140239 40
CPU16 44.763433 140200 sgemm sgemm CUDA3 1.253886 140240 40
CPU1 44.288209 140201 sgemm sgemm CUDA3 1.068110 140241 40
CPU6 44.446169 140202 sgemm sgemm CUDA3 1.066324 140242 40
CPU1 44.613101 140203 sgemm sgemm CUDA3 1.064859 140243 40
CPU15 44.262247 140204 sgemm sgemm CUDA3 1.259613 140244 40
CPU16 44.486123 140205 sgemm sgemm CUDA0 1.005541 140245 40
CPU18 44.406845 140206 sgemm sgemm CUDA0 1.064827 140246 40
CPU4 44.500869 140207 sgemm sgemm CUDA2 1.261124 140247 40
CPU6 45.060652 140208 sgemm sgemm CUDA2 1.066225 140248 40
CPU6 44.674028 140209 sgemm sgemm CUDA2 1.071133 140249 40
CPU19 44.545556 140210 sgemm sgemm CUDA0 0.055848 140250 40
CPU18 43.920050 140211 sgemm sgemm CUDA1 1.198601 140251 40
CPU9 44.438015 140212 sgemm sgemm CUDA1 16.460751 140252 40
CPU18 44.242156 140213 sgemm sgemm CUDA3 1.259929 140253 40
CPU3 44.783715 140214 sgemm sgemm CUDA1 0.045961 140254 40
CPU13 44.531159 140215 sgemm sgemm CUDA2 1.061330 140255 40
CPU16 44.428900 140216 sgemm sgemm CUDA2 1.261334 140256 40
CPU7 44.266551 140217 sgemm sgemm CUDA1 1.308834 140257 40
CPU7 44.452531 140218 sgemm sgemm CUDA2 1.069174 140258 40
CPU11 44.225921 140219 sgemm sgemm CUDA3 1.253089 140259 40
CPU13 44.405017 140220 sgemm sgemm CUDA3 1.256746 140260 40
CPU12 44.629187 140221 sgemm sgemm CUDA1 1.066239 140261 40
CPU1 44.459713 140222 sgemm sgemm CUDA3 1.063701 140262 40
CPU8 44.253033 140223 sgemm sgemm CUDA1 1.071928 140263 40
CPU6 44.450080 140227 sgemm sgemm CUDA2 1.257411 140267 40
CPU8 44.342884 140228 sgemm sgemm CUDA2 12.049981 140268 40
CPU14 44.508937 140229 sgemm sgemm CUDA0 1.251194 140269 40
CPU3 44.347516 140230 sgemm sgemm CUDA1 1.309107 140270 40
CPU6 44.310096 140231 sgemm sgemm CUDA0 1.002274 140271 40
CPU17 44.440143 140232 sgemm sgemm CUDA2 1.271078 140272 40
CPU15 44.547167 140233 sgemm sgemm CUDA2 1.010923 140273 40
CPU18 44.422074 140234 sgemm sgemm CUDA0 12.058215 140274 40
CPU17 44.758836 140235 sgemm sgemm CUDA0 0.056693 140275 40
CPU5 44.400008 140236 sgemm sgemm CUDA0 1.309771 140276 40
CPU10 44.453050 140237 sgemm sgemm CUDA0 1.068706 140277 40
CPU9 44.356123 140238 sgemm sgemm CUDA1 1.004619 140278 40
CPU15 44.196422 140239 sgemm sgemm CUDA0 1.255623 140279 40
CPU15 44.509246 140240 sgemm sgemm CUDA1 1.007020 140280 40
CPU17 44.421780 140241 sgemm sgemm CUDA0 1.017805 140281 40
CPU8 44.385847 140242 sgemm sgemm CUDA0 1.197531 140282 40
CPU4 44.582437 140243 sgemm sgemm CUDA0 1.194356 140283 40
CPU9 44.108092 140244 sgemm sgemm CUDA0 1.009146 140284 40
CPU19 44.450719 140245 sgemm sgemm CUDA1 1.003345 140285 40
CPU18 44.245568 140246 sgemm sgemm CUDA1 1.003806 140286 40
CPU6 44.787109 140247 sgemm sgemm CUDA0 1.010321 140287 40
CPU18 44.264581 140248 sgemm sgemm CUDA3 1.067250 140288 40
CPU7 44.467034 140249 sgemm sgemm CUDA3 1.199648 140289 40
CPU12 44.438700 140250 sgemm sgemm CUDA3 13.044634 140290 40
CPU14 44.623270 140251 sgemm sgemm CUDA3 0.169310 140291 40
CPU5 44.248254 140252 sgemm sgemm CUDA1 1.198284 140292 40
CPU6 44.177111 140253 sgemm sgemm CUDA2 1.011966 140293 40
CPU12 44.447920 140254 sgemm sgemm CUDA1 1.012194 140294 40
CPU12 44.552923 140255 sgemm sgemm CUDA2 1.014846 140295 40
CPU12 44.535415 140256 sgemm sgemm CUDA1 1.011287 140296 40
CPU1 44.534756 140257 sgemm sgemm CUDA1 1.007191 140297 40
CPU12 44.582000 140258 sgemm sgemm CUDA2 1.008993 140298 40
CPU4 44.458121 140262 sgemm sgemm CUDA0 1.346666 140302 40
CPU7 44.438350 140263 sgemm sgemm CUDA0 1.268504 140303 40
CPU14 44.675813 140264 sgemm sgemm CUDA0 1.261786 140304 40
CPU1 44.409287 140265 sgemm sgemm CUDA1 1.092432 140305 40
CPU7 44.317945 140266 sgemm sgemm CUDA1 1.065647 140306 40
CPU17 44.740347 140267 sgemm sgemm CUDA0 1.258344 140307 40
CPU15 44.505902 140268 sgemm sgemm CUDA3 1.377600 140308 40
CPU16 44.802434 140269 sgemm sgemm CUDA3 1.256614 140309 40
CPU18 44.819798 140270 sgemm sgemm CUDA3 1.008688 140310 40
CPU6 43.791414 140271 sgemm sgemm CUDA3 1.200056 140311 40
CPU7 44.316482 140272 sgemm sgemm CUDA3 1.010544 140312 40
CPU6 44.405696 140273 sgemm sgemm CUDA2 1.075545 140313 40
CPU15 44.568624 140274 sgemm sgemm CUDA2 1.071961 140314 40
CPU15 44.430732 140275 sgemm sgemm CUDA1 1.258818 140315 40
CPU18 44.515875 140276 sgemm sgemm CUDA0 1.072221 140316 40
CPU6 44.528546 140277 sgemm sgemm CUDA2 1.068877 140317 40
CPU8 44.367956 140278 sgemm sgemm CUDA1 1.066967 140318 40
CPU7 44.404610 140279 sgemm sgemm CUDA2 1.066725 140319 40
CPU19 44.764686 140280 sgemm sgemm CUDA1 1.259228 140320 40
CPU16 44.688669 140281 sgemm sgemm CUDA1 1.260727 140321 40
CPU19 44.719061 140282 sgemm sgemm CUDA1 1.255947 140322 40
CPU17 44.526071 140283 sgemm sgemm CUDA3 1.009507 140323 40
CPU9 44.211298 140284 sgemm sgemm CUDA3 1.259084 140324 40
CPU6 44.579654 140285 sgemm sgemm CUDA2 1.071984 140325 40
CPU16 44.640952 140286 sgemm sgemm CUDA2 1.262632 140326 40
CPU2 44.248193 140287 sgemm sgemm CUDA0 1.068812 140327 40
CPU5 44.155630 140288 sgemm sgemm CUDA2 1.261955 140328 40
CPU11 44.510194 140289 sgemm sgemm CUDA1 1.065624 140329 40
CPU10 44.802336 140290 sgemm sgemm CUDA2 1.260547 140330 40
CPU4 44.443846 140291 sgemm sgemm CUDA1 12.763447 140331 40
CPU13 44.789357 140292 sgemm sgemm CUDA0 1.066488 140332 40
CPU1 44.287955 140293 sgemm sgemm CUDA1 0.041942 140333 40
CPU4 32.536709 140299 strsm strsm CUDA2 2.740980 140339 40
CPU8 32.040347 140303 strsm strsm CUDA2 10.603590 140343 40
CPU14 31.781885 140307 strsm strsm CUDA1 13.701251 140347 40
CPU6 32.665249 140311 strsm strsm CUDA2 2.790137 140351 40
CPU1 32.110031 140315 strsm strsm CUDA3 11.864857 140355 40
CPU18 31.268534 140319 strsm strsm CUDA3 1.371213 140359 40
CPU15 31.298329 140323 strsm strsm CUDA2 0.220008 140363 40
CPU17 31.772440 140327 strsm strsm CUDA0 14.358328 140367 40
CPU17 32.362350 140331 strsm strsm CUDA3 1.864670 140371 40
CPU9 31.638944 140335 strsm strsm CUDA2 6.845397 140375 40
CPU4 33.587469 140339 strsm strsm CUDA3 1.566317 140379 40
CPU10 32.853387 140343 strsm strsm CUDA3 11.329524 140383 40
CPU15 31.324722 140347 strsm strsm CUDA3 0.224690 140387 40
CPU17 31.662408 140351 strsm strsm CUDA1 0.233399 140391 40
CPU5 32.242965 140355 strsm strsm CUDA0 0.610406 140395 40
CPU1 31.792393 140359 strsm strsm CUDA1 0.738384 140399 40
CPU8 32.249565 140363 strsm strsm CUDA1 1.969210 140403 40
CPU8 33.220953 140367 strsm strsm CUDA0 10.246226 140407 40
CPU19 31.645386 140371 strsm strsm CUDA0 0.196171 140411 40
CPU16 31.324093 140375 strsm strsm CUDA1 10.968505 140415 40
CPU19 32.542792 140379 strsm strsm CUDA1 1.637623 140419 40
CPU17 31.836140 140383 strsm strsm CUDA3 0.182280 140423 40
CPU4 32.516022 140387 strsm strsm CUDA1 0.174315 140427 40
CPU6 33.250531 140391 strsm strsm CUDA2 3.589139 140431 40
CPU16 31.331935 140395 strsm strsm CUDA3 18.622340 140435 40
CPU7 33.019470 140399 strsm strsm CUDA2 0.509971 140439 40
CPU7 32.698477 140403 strsm strsm CUDA0 1.833081 140443 40
CPU2 32.329271 140407 strsm strsm CUDA3 0.228028 140447 40
CPU10 31.754261 140411 strsm strsm CUDA1 0.562295 140451 40
CPU4 33.072112 140415 strsm strsm CUDA0 0.552454 140455 40
CPU3 32.197824 140419 strsm strsm CUDA0 2.005251 140459 40
CPU10 32.902848 140423 strsm strsm CUDA2 1.780823 140463 40
CPU10 15.058287 140427 strtri strtri CPU -1 140467 40
CPU8 30.503125 140429 strsm strsm CUDA1 13.293733 140469 40
CPU9 30.478882 140431 strsm strsm CUDA1 2.747295 140471 40
CPU6 31.240139 140433 strsm strsm CUDA1 3.303255 140473 40
CPU10 30.752309 140435 strsm strsm CUDA1 13.099682 140475 40
CPU0 32.661678 140437 strsm strsm CUDA0 13.244734 140477 40
CPU2 30.736774 140439 strsm strsm CUDA0 11.652386 140479 40
CPU2 30.496161 140441 strsm strsm CUDA2 7.925044 140481 40
CPU6 31.569651 140443 strsm strsm CUDA0 2.892296 140483 40
CPU3 30.595806 140445 strsm strsm CUDA2 1.961264 140485 40
CPU3 30.640963 140447 strsm strsm CUDA3 2.731459 140487 40
CPU7 31.388890 140449 strsm strsm CUDA3 0.793170 140489 40
CPU1 30.724402 140451 strsm strsm CUDA3 5.147443 140491 40
CPU19 30.753699 140453 strsm strsm CUDA1 2.834530 140493 40
CPU9 30.525580 140455 strsm strsm CUDA0 14.677422 140495 40
CPU19 31.190797 140457 strsm strsm CUDA0 2.713215 140497 40
CPU8 30.850555 140459 strsm strsm CUDA0 0.810574 140499 40
CPU3 43.900192 140461 sgemm sgemm CUDA1 1.277480 140501 40
CPU7 44.495412 140462 sgemm sgemm CUDA1 1.235074 140502 40
CPU14 44.426908 140463 sgemm sgemm CUDA1 1.265358 140503 40
CPU5 44.296976 140464 sgemm sgemm CUDA1 1.051967 140504 40
CPU9 44.098731 140465 sgemm sgemm CUDA1 1.069145 140505 40
CPU18 44.428607 140466 sgemm sgemm CUDA2 1.340859 140506 40
CPU15 44.494486 140467 sgemm sgemm CUDA2 1.251413 140507 40
CPU17 44.871962 140468 sgemm sgemm CUDA3 12.530654 140508 40
CPU16 44.695355 140469 sgemm sgemm CUDA2 1.069899 140509 40
CPU2 44.352413 140470 sgemm sgemm CUDA3 0.101395 140510 40
CPU5 44.053078 140471 sgemm sgemm CUDA3 1.261584 140511 40
CPU10 44.552104 140472 sgemm sgemm CUDA2 1.050978 140512 40
CPU15 44.493997 140473 sgemm sgemm CUDA3 1.237826 140513 40
CPU14 44.691967 140474 sgemm sgemm CUDA3 1.041769 140514 40
CPU19 44.692635 140475 sgemm sgemm CUDA2 1.054324 140515 40
CPU7 44.410864 140476 sgemm sgemm CUDA2 1.041792 140516 40
CPU4 44.237653 140477 sgemm sgemm CUDA3 1.045526 140517 40
CPU3 44.693735 140478 sgemm sgemm CUDA3 1.042596 140518 40
CPU19 44.638780 140479 sgemm sgemm CUDA3 1.242789 140519 40
CPU16 44.723561 140480 sgemm sgemm CUDA1 1.263273 140520 40
CPU10 44.498625 140481 sgemm sgemm CUDA0 0.100358 140521 40
CPU18 44.572415 140482 sgemm sgemm CUDA3 1.240301 140522 40
CPU1 44.145224 140483 sgemm sgemm CUDA3 1.235394 140523 40
CPU10 44.476962 140484 sgemm sgemm CUDA3 1.055108 140524 40
CPU15 44.369170 140485 sgemm sgemm CUDA2 1.236838 140525 40
CPU0 44.788969 140486 sgemm sgemm CUDA0 1.312031 140526 40
CPU9 44.213819 140487 sgemm sgemm CUDA2 1.241323 140527 40
CPU0 44.687821 140488 sgemm sgemm CUDA3 13.076276 140528 40
CPU13 45.896543 140489 sgemm sgemm CUDA1 14.244328 140529 40
CPU12 44.623700 140490 sgemm sgemm CUDA3 0.054644 140530 40
CPU0 45.052115 140491 sgemm sgemm CUDA2 1.050930 140531 40
CPU13 44.890664 140492 sgemm sgemm CUDA0 16.506201 140532 40
CPU7 44.453230 140493 sgemm sgemm CUDA2 12.230937 140533 40
CPU7 44.741409 140497 sgemm sgemm CUDA1 0.120972 140537 40
CPU7 44.334485 140498 sgemm sgemm CUDA1 1.425323 140538 40
CPU14 44.449448 140499 sgemm sgemm CUDA1 1.262164 140539 40
CPU5 44.239700 140500 sgemm sgemm CUDA2 1.071211 140540 40
CPU3 44.211423 140501 sgemm sgemm CUDA2 1.065641 140541 40
CPU16 44.528938 140502 sgemm sgemm CUDA2 12.626315 140542 40
CPU15 44.388793 140503 sgemm sgemm CUDA3 1.063800 140543 40
CPU16 44.440019 140504 sgemm sgemm CUDA3 1.062468 140544 40
CPU16 44.631082 140505 sgemm sgemm CUDA2 12.146842 140545 40
CPU8 44.263196 140506 sgemm sgemm CUDA2 1.434785 140546 40
CPU4 44.608135 140507 sgemm sgemm CUDA3 1.260889 140547 40
CPU5 44.486020 140508 sgemm sgemm CUDA2 1.075658 140548 40
CPU15 44.461565 140509 sgemm sgemm CUDA2 1.067856 140549 40
CPU14 44.588208 140510 sgemm sgemm CUDA3 1.070206 140550 40
CPU17 44.614081 140511 sgemm sgemm CUDA2 1.255159 140551 40
CPU12 44.867678 140512 sgemm sgemm CUDA2 1.260521 140552 40
CPU7 44.674348 140513 sgemm sgemm CUDA0 1.255469 140553 40
CPU11 44.283339 140514 sgemm sgemm CUDA0 1.069060 140554 40
CPU18 44.346756 140515 sgemm sgemm CUDA3 1.066683 140555 40
CPU16 44.471949 140516 sgemm sgemm CUDA1 1.064916 140556 40
CPU7 44.641204 140517 sgemm sgemm CUDA0 1.264034 140557 40
CPU18 44.388006 140518 sgemm sgemm CUDA3 1.063705 140558 40
CPU3 44.352233 140519 sgemm sgemm CUDA3 1.068610 140559 40
CPU7 44.722099 140520 sgemm sgemm CUDA2 1.257641 140560 40
CPU15 44.220256 140521 sgemm sgemm CUDA2 1.066458 140561 40
CPU0 44.380542 140522 sgemm sgemm CUDA0 1.062078 140562 40
CPU2 44.050404 140523 sgemm sgemm CUDA2 0.039932 140563 40
CPU1 44.286806 140524 sgemm sgemm CUDA1 1.260972 140564 40
CPU13 44.922008 140525 sgemm sgemm CUDA3 0.253363 140565 40
CPU12 44.531927 140526 sgemm sgemm CUDA1 1.260728 140566 40
CPU8 44.549203 140527 sgemm sgemm CUDA2 1.070249 140567 40
CPU13 45.043304 140528 sgemm sgemm CUDA1 1.067406 140568 40
CPU10 44.650914 140529 sgemm sgemm CUDA0 1.064912 140569 40
CPU2 44.436556 140533 sgemm sgemm CUDA1 1.078980 140573 40
CPU8 44.278820 140534 sgemm sgemm CUDA1 1.264200 140574 40
CPU14 44.382966 140535 sgemm sgemm CUDA1 12.941404 140575 40
CPU6 44.527139 140536 sgemm sgemm CUDA2 1.263967 140576 40
CPU9 44.389010 140537 sgemm sgemm CUDA0 1.070582 140577 40
CPU16 44.466077 140538 sgemm sgemm CUDA2 1.068388 140578 40
CPU15 44.319491 140539 sgemm sgemm CUDA2 1.072538 140579 40
CPU17 44.595720 140540 sgemm sgemm CUDA3 1.087458 140580 40
CPU16 44.578739 140541 sgemm sgemm CUDA2 1.263429 140581 40
CPU4 44.396686 140542 sgemm sgemm CUDA3 1.258123 140582 40
CPU6 44.791049 140543 sgemm sgemm CUDA3 1.259205 140583 40
CPU10 44.586316 140544 sgemm sgemm CUDA2 1.257496 140584 40
CPU15 44.594567 140545 sgemm sgemm CUDA3 1.070974 140585 40
CPU14 44.366327 140546 sgemm sgemm CUDA0 1.253573 140586 40
CPU18 44.300657 140547 sgemm sgemm CUDA2 13.156226 140587 40
CPU11 44.109937 140548 sgemm sgemm CUDA2 0.152937 140588 40
CPU8 44.199650 140549 sgemm sgemm CUDA0 1.258791 140589 40
CPU9 44.523015 140550 sgemm sgemm CUDA3 1.067435 140590 40
CPU19 44.515208 140551 sgemm sgemm CUDA3 1.264345 140591 40
CPU16 44.339957 140552 sgemm sgemm CUDA1 0.040294 140592 40
CPU5 43.986982 140553 sgemm sgemm CUDA1 1.319743 140593 40
CPU18 44.511067 140554 sgemm sgemm CUDA3 1.068429 140594 40
CPU2 44.288895 140555 sgemm sgemm CUDA3 1.064696 140595 40
CPU0 44.582935 140556 sgemm sgemm CUDA3 1.064998 140596 40
CPU16 44.227498 140557 sgemm sgemm CUDA2 1.025415 140597 40
CPU8 44.509004 140558 sgemm sgemm CUDA0 15.707127 140598 40
CPU8 44.010493 140559 sgemm sgemm CUDA0 1.310678 140599 40
CPU2 44.376245 140560 sgemm sgemm CUDA1 1.254799 140600 40
CPU13 44.804206 140561 sgemm sgemm CUDA3 1.256503 140601 40
CPU13 44.283161 140562 sgemm sgemm CUDA3 12.899488 140602 40
CPU6 44.570524 140563 sgemm sgemm CUDA3 14.637310 140603 40
CPU13 44.926074 140564 sgemm sgemm CUDA1 1.266408 140604 40
CPU11 44.400580 140565 sgemm sgemm CUDA1 1.258462 140605 40
CPU0 45.037404 140569 sgemm sgemm CUDA1 1.262845 140609 40
CPU7 44.469531 140570 sgemm sgemm CUDA1 1.059488 140610 40
CPU14 44.334769 140571 sgemm sgemm CUDA1 1.069015 140611 40
CPU5 44.594129 140572 sgemm sgemm CUDA1 1.066528 140612 40
CPU7 44.818730 140573 sgemm sgemm CUDA0 1.069719 140613 40
CPU16 44.208395 140574 sgemm sgemm CUDA0 1.255936 140614 40
CPU15 44.152793 140575 sgemm sgemm CUDA3 1.257149 140615 40
CPU17 44.660829 140576 sgemm sgemm CUDA3 1.253299 140616 40
CPU19 44.232111 140577 sgemm sgemm CUDA3 1.065188 140617 40
CPU8 44.340106 140578 sgemm sgemm CUDA3 1.252691 140618 40
CPU3 44.644819 140579 sgemm sgemm CUDA3 12.505230 140619 40
CPU6 44.671988 140580 sgemm sgemm CUDA2 1.263896 140620 40
CPU15 44.760311 140581 sgemm sgemm CUDA2 1.063229 140621 40
CPU17 44.494949 140582 sgemm sgemm CUDA0 1.258421 140622 40
CPU17 44.696074 140583 sgemm sgemm CUDA2 1.260768 140623 40
CPU3 44.395574 140584 sgemm sgemm CUDA2 1.253748 140624 40
CPU9 44.536965 140585 sgemm sgemm CUDA0 1.254741 140625 40
CPU1 44.280614 140586 sgemm sgemm CUDA2 1.070032 140626 40
CPU4 44.760759 140587 sgemm sgemm CUDA3 0.039917 140627 40
CPU16 44.396816 140588 sgemm sgemm CUDA1 1.261745 140628 40
CPU3 44.480633 140589 sgemm sgemm CUDA0 1.068871 140629 40
CPU18 44.326875 140590 sgemm sgemm CUDA3 1.324315 140630 40
CPU5 44.467273 140591 sgemm sgemm CUDA3 1.070760 140631 40
CPU8 44.719540 140592 sgemm sgemm CUDA2 1.260023 140632 40
CPU14 44.436249 140593 sgemm sgemm CUDA2 1.062254 140633 40
CPU0 45.055475 140594 sgemm sgemm CUDA0 1.273896 140634 40
CPU1 44.448778 140595 sgemm sgemm CUDA2 1.065671 140635 40
CPU0 44.919601 140596 sgemm sgemm CUDA1 1.252723 140636 40
CPU13 44.582937 140597 sgemm sgemm CUDA3 1.259422 140637 40
CPU7 44.815721 140598 sgemm sgemm CUDA1 1.067091 140638 40
CPU13 44.355488 140599 sgemm sgemm CUDA3 1.064832 140639 40
CPU10 44.873367 140600 sgemm sgemm CUDA1 1.255222 140640 40
CPU10 44.685193 140601 sgemm sgemm CUDA1 12.506191 140641 40
CPU7 44.838569 140605 sgemm sgemm CUDA0 1.238363 140645 40
CPU7 44.757921 140606 sgemm sgemm CUDA1 1.077759 140646 40
CPU14 44.382508 140607 sgemm sgemm CUDA1 1.065275 140647 40
CPU2 44.586492 140608 sgemm sgemm CUDA1 1.253713 140648 40
CPU6 44.685103 140609 sgemm sgemm CUDA0 1.251836 140649 40
CPU17 44.274115 140610 sgemm sgemm CUDA0 1.070009 140650 40
CPU15 44.239546 140611 sgemm sgemm CUDA3 1.260259 140651 40
CPU16 44.323005 140612 sgemm sgemm CUDA3 1.065480 140652 40
CPU17 44.450318 140613 sgemm sgemm CUDA3 1.258812 140653 40
CPU9 44.387475 140614 sgemm sgemm CUDA3 1.066445 140654 40
CPU7 44.780442 140615 sgemm sgemm CUDA3 1.069298 140655 40
CPU4 44.670100 140616 sgemm sgemm CUDA3 1.065466 140656 40
CPU15 44.513876 140617 sgemm sgemm CUDA3 1.255410 140657 40
CPU15 44.346399 140618 sgemm sgemm CUDA0 1.070840 140658 40
CPU17 44.516336 140619 sgemm sgemm CUDA2 1.255164 140659 40
CPU8 44.689385 140620 sgemm sgemm CUDA2 11.603208 140660 40
CPU9 44.844412 140621 sgemm sgemm CUDA0 1.070540 140661 40
CPU10 44.301603 140622 sgemm sgemm CUDA2 1.309378 140662 40
CPU18 44.487524 140623 sgemm sgemm CUDA0 1.075706 140663 40
CPU16 44.411938 140624 sgemm sgemm CUDA1 1.068326 140664 40
CPU4 44.304827 140625 sgemm sgemm CUDA0 1.260172 140665 40
CPU18 44.293108 140626 sgemm sgemm CUDA2 1.081449 140666 40
CPU9 44.680895 140627 sgemm sgemm CUDA2 1.257517 140667 40
CPU12 44.687639 140628 sgemm sgemm CUDA2 1.260346 140668 40
CPU15 44.356469 140629 sgemm sgemm CUDA2 1.256611 140669 40
CPU6 44.645603 140630 sgemm sgemm CUDA1 1.259125 140670 40
CPU0 45.239045 140631 sgemm sgemm CUDA2 1.067439 140671 40
CPU2 44.649044 140632 sgemm sgemm CUDA1 1.273318 140672 40
CPU13 44.520191 140633 sgemm sgemm CUDA1 1.061721 140673 40
CPU10 44.435613 140634 sgemm sgemm CUDA1 1.256219 140674 40
CPU13 44.334425 140635 sgemm sgemm CUDA2 1.065432 140675 40
CPU5 44.749489 140636 sgemm sgemm CUDA2 1.254615 140676 40
CPU8 44.696473 140637 sgemm sgemm CUDA2 1.261473 140677 40
CPU1 44.830131 140641 sgemm sgemm CUDA0 1.067868 140681 40
CPU7 44.831294 140642 sgemm sgemm CUDA1 0.052158 140682 40
CPU14 44.674799 140643 sgemm sgemm CUDA1 1.291268 140683 40
CPU0 44.709136 140644 sgemm sgemm CUDA1 1.270570 140684 40
CPU2 44.486223 140645 sgemm sgemm CUDA0 1.064861 140685 40
CPU18 44.651564 140646 sgemm sgemm CUDA0 1.075084 140686 40
CPU15 44.479953 140647 sgemm sgemm CUDA1 1.267643 140687 40
CPU18 44.349951 140648 sgemm sgemm CUDA3 12.169714 140688 40
CPU17 44.666723 140649 sgemm sgemm CUDA3 0.042274 140689 40
CPU9 44.397355 140650 sgemm sgemm CUDA3 1.302628 140690 40
CPU3 44.628382 140651 sgemm sgemm CUDA3 1.259251 140691 40
CPU1 44.730058 140652 sgemm sgemm CUDA3 1.072724 140692 40
CPU15 44.160845 140653 sgemm sgemm CUDA2 1.066906 140693 40
CPU16 44.433742 140654 sgemm sgemm CUDA0 1.244242 140694 40
CPU4 44.710112 140655 sgemm sgemm CUDA2 1.065794 140695 40
CPU12 44.358760 140656 sgemm sgemm CUDA1 1.267664 140696 40
CPU0 44.933930 140657 sgemm sgemm CUDA0 1.256334 140697 40
CPU4 44.719974 140658 sgemm sgemm CUDA1 4.512071 140698 40
CPU16 44.251146 140659 sgemm sgemm CUDA1 0.050818 140699 40
CPU16 44.534303 140660 sgemm sgemm CUDA1 1.377962 140700 40
CPU18 44.111851 140661 sgemm sgemm CUDA1 1.072589 140701 40
CPU18 44.202710 140662 sgemm sgemm CUDA3 1.258206 140702 40
CPU1 44.541572 140663 sgemm sgemm CUDA3 1.257838 140703 40
CPU1 44.812252 140664 sgemm sgemm CUDA2 1.255843 140704 40
CPU14 44.474504 140665 sgemm sgemm CUDA2 1.066566 140705 40
CPU5 44.372497 140666 sgemm sgemm CUDA1 1.262757 140706 40
CPU10 44.586048 140667 sgemm sgemm CUDA2 12.791405 140707 40
CPU1 44.619460 140668 sgemm sgemm CUDA1 1.069472 140708 40
CPU13 44.341296 140669 sgemm sgemm CUDA1 1.254120 140709 40
CPU3 44.643491 140670 sgemm sgemm CUDA1 1.261764 140710 40
CPU13 44.919720 140671 sgemm sgemm CUDA2 0.041164 140711 40
CPU7 44.422434 140672 sgemm sgemm CUDA2 1.356668 140712 40
CPU4 44.966761 140673 sgemm sgemm CUDA3 1.073697 140713 40
CPU9 44.309958 140677 sgemm sgemm CUDA1 1.216182 140717 40
CPU8 44.285628 140678 sgemm sgemm CUDA1 1.260631 140718 40
CPU14 44.657287 140679 sgemm sgemm CUDA1 1.263795 140719 40
CPU3 44.291128 140680 sgemm sgemm CUDA2 1.068753 140720 40
CPU9 44.422327 140681 sgemm sgemm CUDA2 0.042554 140721 40
CPU17 44.622137 140682 sgemm sgemm CUDA2 1.354831 140722 40
CPU15 44.434718 140683 sgemm sgemm CUDA2 0.045997 140723 40
CPU16 44.593548 140684 sgemm sgemm CUDA3 1.149865 140724 40
CPU16 44.605407 140685 sgemm sgemm CUDA3 0.045997 140725 40
CPU8 44.453336 140686 sgemm sgemm CUDA2 1.260367 140726 40
CPU3 44.724942 140687 sgemm sgemm CUDA3 1.300278 140727 40
CPU3 44.624538 140688 sgemm sgemm CUDA2 1.262720 140728 40
CPU15 44.223059 140689 sgemm sgemm CUDA3 1.065788 140729 40
CPU16 44.807010 140690 sgemm sgemm CUDA3 1.070841 140730 40
CPU18 44.213629 140691 sgemm sgemm CUDA2 1.256568 140731 40
CPU1 44.409794 140692 sgemm sgemm CUDA1 1.066896 140732 40
CPU5 45.001488 140693 sgemm sgemm CUDA0 1.258743 140733 40
CPU0 44.892739 140694 sgemm sgemm CUDA0 12.618124 140734 40
CPU19 44.414775 140695 sgemm sgemm CUDA3 1.067784 140735 40
CPU16 44.414185 140696 sgemm sgemm CUDA1 12.976137 140736 40
CPU8 44.449668 140697 sgemm sgemm CUDA1 0.041656 140737 40
CPU18 44.342172 140698 sgemm sgemm CUDA3 1.260242 140738 40
CPU4 44.761750 140699 sgemm sgemm CUDA2 1.067971 140739 40
CPU13 44.738152 140700 sgemm sgemm CUDA3 1.073837 140740 40
CPU16 44.335424 140701 sgemm sgemm CUDA2 1.257011 140741 40
CPU2 44.369783 140702 sgemm sgemm CUDA0 0.175305 140742 40
CPU7 44.736372 140703 sgemm sgemm CUDA2 1.063090 140743 40
CPU2 44.510058 140704 sgemm sgemm CUDA1 1.071780 140744 40
CPU12 44.558257 140705 sgemm sgemm CUDA1 1.260527 140745 40
CPU6 44.981902 140706 sgemm sgemm CUDA1 1.066220 140746 40
CPU5 44.494992 140707 sgemm sgemm CUDA1 1.314365 140747 40
CPU9 44.413686 140708 sgemm sgemm CUDA1 1.383898 140748 40
CPU11 44.526579 140709 sgemm sgemm CUDA0 0.936165 140749 40
CPU2 44.810112 140713 sgemm sgemm CUDA0 1.205021 140753 40
CPU8 44.686832 140714 sgemm sgemm CUDA0 1.068558 140754 40
CPU14 44.483328 140715 sgemm sgemm CUDA2 1.198186 140755 40
CPU4 44.672341 140716 sgemm sgemm CUDA2 1.256596 140756 40
CPU7 44.591748 140717 sgemm sgemm CUDA2 1.257291 140757 40
CPU16 44.164399 140718 sgemm sgemm CUDA0 1.259445 140758 40
CPU15 44.461757 140719 sgemm sgemm CUDA3 1.200084 140759 40
CPU17 44.715810 140720 sgemm sgemm CUDA3 1.263257 140760 40
CPU16 44.386699 140721 sgemm sgemm CUDA3 1.257492 140761 40
CPU0 44.915918 140722 sgemm sgemm CUDA3 1.069146 140762 40
CPU6 44.922447 140723 sgemm sgemm CUDA3 1.065508 140763 40
CPU2 44.728691 140724 sgemm sgemm CUDA3 1.068964 140764 40
CPU15 44.319671 140725 sgemm sgemm CUDA3 1.066166 140765 40
CPU14 44.417972 140726 sgemm sgemm CUDA0 1.072727 140766 40
CPU17 44.705660 140727 sgemm sgemm CUDA2 1.258121 140767 40
CPU5 44.395627 140728 sgemm sgemm CUDA2 1.260247 140768 40
CPU5 44.646027 140729 sgemm sgemm CUDA3 1.065763 140769 40
CPU7 44.817912 140730 sgemm sgemm CUDA1 1.016866 140770 40
CPU17 44.264775 140731 sgemm sgemm CUDA1 12.985866 140771 40
CPU16 44.410650 140732 sgemm sgemm CUDA1 0.039844 140772 40
CPU1 44.440352 140733 sgemm sgemm CUDA1 1.320474 140773 40
CPU18 44.309798 140734 sgemm sgemm CUDA3 1.068886 140774 40
CPU4 44.656516 140735 sgemm sgemm CUDA1 1.065001 140775 40
CPU11 44.239860 140736 sgemm sgemm CUDA3 12.370797 140776 40
CPU16 44.116660 140737 sgemm sgemm CUDA2 1.258090 140777 40
CPU0 44.686390 140738 sgemm sgemm CUDA0 1.257878 140778 40
CPU10 44.404975 140739 sgemm sgemm CUDA0 1.071661 140779 40
CPU2 44.554039 140740 sgemm sgemm CUDA1 1.261102 140780 40
CPU13 44.310157 140741 sgemm sgemm CUDA1 1.259478 140781 40
CPU5 44.966522 140742 sgemm sgemm CUDA1 1.261081 140782 40
CPU7 44.548135 140743 sgemm sgemm CUDA1 1.069143 140783 40
CPU3 44.412413 140744 sgemm sgemm CUDA1 1.071450 140784 40
CPU1 44.727848 140745 sgemm sgemm CUDA2 1.257285 140785 40
CPU8 44.374096 140749 sgemm sgemm CUDA1 1.232918 140789 40
CPU7 44.430430 140750 sgemm sgemm CUDA2 1.276116 140790 40
CPU14 44.799297 140751 sgemm sgemm CUDA2 1.036256 140791 40
CPU1 44.206759 140752 sgemm sgemm CUDA2 1.214390 140792 40
CPU4 44.367084 140753 sgemm sgemm CUDA2 1.210523 140793 40
CPU16 44.619779 140754 sgemm sgemm CUDA2 1.012238 140794 40
CPU15 44.561702 140755 sgemm sgemm CUDA2 12.773765 140795 40
CPU18 44.453031 140756 sgemm sgemm CUDA3 1.272233 140796 40
CPU17 44.897602 140757 sgemm sgemm CUDA3 1.213190 140797 40
CPU9 44.504665 140758 sgemm sgemm CUDA3 1.216829 140798 40
CPU11 44.456515 140759 sgemm sgemm CUDA3 1.214722 140799 40
CPU8 44.332259 140760 sgemm sgemm CUDA3 12.187977 140800 40
CPU15 44.488375 140761 sgemm sgemm CUDA2 0.089369 140801 40
CPU15 44.687953 140762 sgemm sgemm CUDA1 1.201145 140802 40
CPU11 44.630624 140763 sgemm sgemm CUDA1 12.809664 140803 40
CPU9 44.185457 140764 sgemm sgemm CUDA1 1.292587 140804 40
CPU3 44.242419 140765 sgemm sgemm CUDA3 0.042268 140805 40
CPU8 44.184195 140766 sgemm sgemm CUDA0 1.239550 140806 40
CPU8 44.309030 140767 sgemm sgemm CUDA0 1.022119 140807 40
CPU16 44.661876 140768 sgemm sgemm CUDA1 1.048094 140808 40
CPU10 44.556549 140769 sgemm sgemm CUDA1 1.011718 140809 40
CPU18 44.632966 140770 sgemm sgemm CUDA3 0.058055 140810 40
CPU1 44.197199 140771 sgemm sgemm CUDA3 1.241285 140811 40
CPU13 44.812920 140772 sgemm sgemm CUDA2 1.502296 140812 40
CPU15 44.520786 140773 sgemm sgemm CUDA2 1.194747 140813 40
CPU1 44.255360 140774 sgemm sgemm CUDA0 1.015444 140814 40
CPU2 44.354747 140775 sgemm sgemm CUDA0 1.021648 140815 40
CPU6 44.233520 140776 sgemm sgemm CUDA3 0.060799 140816 40
CPU13 44.690025 140777 sgemm sgemm CUDA1 1.198489 140817 40
CPU7 44.764468 140778 sgemm sgemm CUDA0 12.649443 140818 40
CPU9 44.347896 140779 sgemm sgemm CUDA2 11.207643 140819 40
CPU10 44.618987 140780 sgemm sgemm CUDA1 1.011244 140820 40
CPU4 45.223878 140781 sgemm sgemm CUDA0 0.096443 140821 40
CPU6 44.355737 140785 sgemm sgemm CUDA1 1.232293 140825 40
CPU7 44.088046 140786 sgemm sgemm CUDA2 1.213000 140826 40
CPU14 44.777320 140787 sgemm sgemm CUDA2 1.096408 140827 40
CPU4 44.332907 140788 sgemm sgemm CUDA2 1.080683 140828 40
CPU4 44.452388 140789 sgemm sgemm CUDA2 5.878443 140829 40
CPU16 44.571034 140790 sgemm sgemm CUDA2 0.069480 140830 40
CPU15 44.514698 140791 sgemm sgemm CUDA3 0.311074 140831 40
CPU18 44.343237 140792 sgemm sgemm CUDA3 1.380630 140832 40
CPU16 44.664319 140793 sgemm sgemm CUDA3 1.086614 140833 40
CPU7 44.356765 140794 sgemm sgemm CUDA3 1.267172 140834 40
CPU7 44.334107 140795 sgemm sgemm CUDA3 6.870926 140835 40
CPU0 44.453820 140796 sgemm sgemm CUDA2 0.155514 140836 40
CPU15 44.459657 140797 sgemm sgemm CUDA3 12.015918 140837 40
CPU15 44.863751 140798 sgemm sgemm CUDA1 1.273410 140838 40
CPU18 44.614907 140799 sgemm sgemm CUDA1 1.253766 140839 40
CPU0 44.564254 140800 sgemm sgemm CUDA0 1.258825 140840 40
CPU3 44.478711 140801 sgemm sgemm CUDA0 1.252817 140841 40
CPU0 44.225932 140802 sgemm sgemm CUDA2 1.411941 140842 40
CPU19 44.723587 140803 sgemm sgemm CUDA0 1.257623 140843 40
CPU16 44.512259 140804 sgemm sgemm CUDA1 12.442418 140844 40
CPU10 44.480962 140805 sgemm sgemm CUDA0 1.064625 140845 40
CPU18 44.292304 140806 sgemm sgemm CUDA0 1.067919 140846 40
CPU9 44.346403 140807 sgemm sgemm CUDA1 1.353121 140847 40
CPU13 44.633657 140808 sgemm sgemm CUDA2 1.085173 140848 40
CPU16 44.335235 140809 sgemm sgemm CUDA2 1.259279 140849 40
CPU1 44.273302 140810 sgemm sgemm CUDA0 1.256003 140850 40
CPU3 44.279001 140811 sgemm sgemm CUDA0 1.071181 140851 40
CPU0 44.605772 140812 sgemm sgemm CUDA1 1.291361 140852 40
CPU9 44.305047 140813 sgemm sgemm CUDA1 1.087677 140853 40
CPU6 44.479143 140814 sgemm sgemm CUDA0 1.256580 140854 40
CPU3 43.771844 140815 sgemm sgemm CUDA2 1.064597 140855 40
CPU13 45.550159 140816 sgemm sgemm CUDA2 1.064526 140856 40
CPU9 45.500046 140817 sgemm sgemm CUDA0 1.070758 140857 40
CPU8 44.056747 140821 sgemm sgemm CUDA0 1.259301 140861 40
CPU8 44.145757 140822 sgemm sgemm CUDA3 1.253616 140862 40
CPU14 45.154148 140823 sgemm sgemm CUDA2 1.067845 140863 40
CPU5 43.856779 140824 sgemm sgemm CUDA2 1.260007 140864 40
CPU8 44.083047 140825 sgemm sgemm CUDA0 1.067263 140865 40
CPU16 44.428160 140826 sgemm sgemm CUDA2 1.069512 140866 40
CPU15 44.459014 140827 sgemm sgemm CUDA3 1.070570 140867 40
CPU16 44.578695 140828 sgemm sgemm CUDA3 1.256468 140868 40
CPU17 44.947319 140829 sgemm sgemm CUDA3 1.063866 140869 40
CPU3 44.352549 140830 sgemm sgemm CUDA2 1.070679 140870 40
CPU5 44.110453 140831 sgemm sgemm CUDA3 1.258843 140871 40
CPU10 44.614900 140832 sgemm sgemm CUDA2 1.256197 140872 40
CPU15 44.342137 140833 sgemm sgemm CUDA3 1.071562 140873 40
CPU14 44.692722 140834 sgemm sgemm CUDA0 1.077051 140874 40
CPU19 44.461318 140835 sgemm sgemm CUDA0 1.077105 140875 40
CPU3 44.317338 140836 sgemm sgemm CUDA0 1.257983 140876 40
CPU1 44.242483 140837 sgemm sgemm CUDA3 1.066003 140877 40
CPU2 44.370395 140838 sgemm sgemm CUDA1 1.077037 140878 40
CPU18 44.461779 140839 sgemm sgemm CUDA1 1.064227 140879 40
CPU16 44.381777 140840 sgemm sgemm CUDA1 4.971131 140880 40
CPU5 44.627368 140841 sgemm sgemm CUDA1 1.352991 140881 40
CPU18 44.472712 140842 sgemm sgemm CUDA3 1.263116 140882 40
CPU7 44.313373 140843 sgemm sgemm CUDA1 1.040509 140883 40
CPU10 44.525234 140844 sgemm sgemm CUDA3 1.256032 140884 40
CPU15 44.442807 140845 sgemm sgemm CUDA2 1.064294 140885 40
CPU8 44.524654 140846 sgemm sgemm CUDA1 0.058733 140886 40
CPU4 44.318112 140847 sgemm sgemm CUDA0 1.261852 140887 40
CPU4 44.340151 140848 sgemm sgemm CUDA1 0.049357 140888 40
CPU12 44.567586 140849 sgemm sgemm CUDA3 1.233553 140889 40
CPU11 44.336509 140850 sgemm sgemm CUDA1 1.262453 140890 40
CPU13 44.919472 140851 sgemm sgemm CUDA3 1.216922 140891 40
CPU8 44.508058 140852 sgemm sgemm CUDA1 1.261974 140892 40
CPU11 45.081868 140853 sgemm sgemm CUDA2 1.331625 140893 40
CPU7 44.650493 140857 sgemm sgemm CUDA3 1.269393 140897 40
CPU8 44.510187 140858 sgemm sgemm CUDA3 1.251573 140898 40
CPU14 44.735972 140859 sgemm sgemm CUDA1 0.049125 140899 40
CPU0 44.649449 140860 sgemm sgemm CUDA1 1.317982 140900 40
CPU5 44.023888 140861 sgemm sgemm CUDA1 1.064649 140901 40
CPU17 44.497607 140862 sgemm sgemm CUDA0 1.256626 140902 40
CPU15 44.413660 140863 sgemm sgemm CUDA3 1.063043 140903 40
CPU17 44.650258 140864 sgemm sgemm CUDA0 13.200587 140904 40
CPU17 44.884049 140865 sgemm sgemm CUDA3 1.259172 140905 40
CPU1 44.479684 140866 sgemm sgemm CUDA3 12.748311 140906 40
CPU6 44.600719 140867 sgemm sgemm CUDA0 0.097452 140907 40
CPU7 44.496794 140868 sgemm sgemm CUDA3 12.210530 140908 40
CPU15 44.317062 140869 sgemm sgemm CUDA3 1.329245 140909 40
CPU16 44.953408 140870 sgemm sgemm CUDA1 1.259647 140910 40
CPU19 44.763379 140871 sgemm sgemm CUDA0 1.335187 140911 40
CPU2 44.375949 140872 sgemm sgemm CUDA1 1.066740 140912 40
CPU7 44.834358 140873 sgemm sgemm CUDA0 1.070492 140913 40
CPU3 44.264480 140874 sgemm sgemm CUDA1 1.066890 140914 40
CPU16 44.556132 140875 sgemm sgemm CUDA3 1.086083 140915 40
CPU16 44.490457 140876 sgemm sgemm CUDA1 1.260278 140916 40
CPU0 44.574820 140877 sgemm sgemm CUDA1 1.256455 140917 40
CPU18 44.629691 140878 sgemm sgemm CUDA3 1.258562 140918 40
CPU2 44.150612 140879 sgemm sgemm CUDA1 1.065243 140919 40
CPU6 44.724299 140880 sgemm sgemm CUDA3 1.265121 140920 40
CPU16 44.253875 140881 sgemm sgemm CUDA3 1.074084 140921 40
CPU10 44.510777 140882 sgemm sgemm CUDA1 13.065923 140922 40
CPU10 44.501556 140883 sgemm sgemm CUDA2 13.055912 140923 40
CPU8 44.325065 140884 sgemm sgemm CUDA1 11.984128 140924 40
CPU13 45.322723 140885 sgemm sgemm CUDA1 1.323270 140925 40
CPU2 44.417612 140886 sgemm sgemm CUDA0 1.253922 140926 40
CPU0 45.068256 140887 sgemm sgemm CUDA2 0.281877 140927 40
CPU4 44.529335 140888 sgemm sgemm CUDA0 1.258483 140928 40
CPU0 44.089838 140889 sgemm sgemm CUDA2 1.347762 140929 40
CPU1 44.540498 140893 sgemm sgemm CUDA1 1.071068 140933 40
CPU7 44.943874 140894 sgemm sgemm CUDA1 0.054299 140934 40
CPU14 44.465143 140895 sgemm sgemm CUDA1 1.262464 140935 40
CPU6 44.903775 140896 sgemm sgemm CUDA1 1.258698 140936 40
CPU1 44.638530 140897 sgemm sgemm CUDA3 1.257106 140937 40
CPU16 44.318993 140898 sgemm sgemm CUDA3 1.263062 140938 40
CPU15 44.300108 140899 sgemm sgemm CUDA3 1.241059 140939 40
CPU16 44.550218 140900 sgemm sgemm CUDA3 1.063357 140940 40
CPU17 45.083545 140901 sgemm sgemm CUDA3 1.261099 140941 40
CPU1 44.723509 140902 sgemm sgemm CUDA3 1.069193 140942 40
CPU3 44.784086 140903 sgemm sgemm CUDA3 1.260654 140943 40
CPU5 44.614020 140904 sgemm sgemm CUDA3 1.073416 140944 40
CPU15 44.268729 140905 sgemm sgemm CUDA3 1.069269 140945 40
CPU14 44.344265 140906 sgemm sgemm CUDA1 1.262173 140946 40
CPU17 44.478828 140907 sgemm sgemm CUDA0 1.261930 140947 40
CPU5 44.317491 140908 sgemm sgemm CUDA0 1.255587 140948 40
CPU6 44.936669 140909 sgemm sgemm CUDA0 1.256360 140949 40
CPU5 44.695882 140910 sgemm sgemm CUDA0 1.064974 140950 40
CPU19 44.355162 140911 sgemm sgemm CUDA1 1.073875 140951 40
CPU16 44.395370 140912 sgemm sgemm CUDA1 1.071189 140952 40
CPU2 44.440245 140913 sgemm sgemm CUDA0 1.064419 140953 40
CPU18 44.330194 140914 sgemm sgemm CUDA3 1.066094 140954 40
CPU5 44.507778 140915 sgemm sgemm CUDA1 1.257814 140955 40
CPU9 44.530375 140916 sgemm sgemm CUDA2 1.262676 140956 40
CPU14 44.432133 140917 sgemm sgemm CUDA2 1.070781 140957 40
CPU6 44.857754 140918 sgemm sgemm CUDA2 1.261037 140958 40
CPU9 44.614533 140919 sgemm sgemm CUDA2 1.073248 140959 40
CPU3 44.303026 140920 sgemm sgemm CUDA1 1.257240 140960 40
CPU13 44.421842 140921 sgemm sgemm CUDA1 1.066684 140961 40
CPU5 44.756726 140922 sgemm sgemm CUDA3 1.262967 140962 40
CPU8 44.344775 140923 sgemm sgemm CUDA2 1.259171 140963 40
CPU6 44.530505 140924 sgemm sgemm CUDA0 1.065570 140964 40
CPU9 44.605531 140925 sgemm sgemm CUDA0 1.068300 140965 40
CPU4 44.547138 140929 sgemm sgemm CUDA1 1.162114 140969 40
CPU7 44.546930 140930 sgemm sgemm CUDA1 1.106915 140970 40
CPU14 44.474479 140931 sgemm sgemm CUDA1 1.401936 140971 40
CPU5 44.445055 140932 sgemm sgemm CUDA1 10.492129 140972 40
CPU9 44.350290 140933 sgemm sgemm CUDA0 10.488736 140973 40
CPU17 44.454426 140934 sgemm sgemm CUDA2 1.262625 140974 40
CPU15 44.231976 140935 sgemm sgemm CUDA3 1.255380 140975 40
CPU18 44.194819 140936 sgemm sgemm CUDA3 1.058641 140976 40
CPU16 44.618494 140937 sgemm sgemm CUDA3 1.257703 140977 40
CPU1 44.397584 140938 sgemm sgemm CUDA3 1.068376 140978 40
CPU6 44.262595 140939 sgemm sgemm CUDA3 1.069083 140979 40
CPU10 44.524798 140940 sgemm sgemm CUDA3 1.255554 140980 40
CPU15 44.308046 140941 sgemm sgemm CUDA3 1.062449 140981 40
CPU16 44.679991 140942 sgemm sgemm CUDA0 1.255621 140982 40
CPU18 44.432416 140943 sgemm sgemm CUDA1 1.307992 140983 40
CPU4 44.573233 140944 sgemm sgemm CUDA1 1.259842 140984 40
CPU6 45.094841 140945 sgemm sgemm CUDA3 1.260091 140985 40
CPU6 44.552938 140946 sgemm sgemm CUDA2 1.072257 140986 40
CPU17 44.516822 140947 sgemm sgemm CUDA1 1.065533 140987 40
CPU16 44.343856 140948 sgemm sgemm CUDA1 1.255918 140988 40
CPU9 44.477045 140949 sgemm sgemm CUDA1 1.067651 140989 40
CPU18 44.515916 140950 sgemm sgemm CUDA3 1.063841 140990 40
CPU3 44.678287 140951 sgemm sgemm CUDA1 1.071921 140991 40
CPU13 44.940597 140952 sgemm sgemm CUDA2 1.267163 140992 40
CPU15 44.305941 140953 sgemm sgemm CUDA2 1.254313 140993 40
CPU7 44.297062 140954 sgemm sgemm CUDA1 1.065431 140994 40
CPU0 44.613102 140955 sgemm sgemm CUDA2 1.063902 140995 40
CPU5 44.371504 140956 sgemm sgemm CUDA3 1.070981 140996 40
CPU3 44.584830 140957 sgemm sgemm CUDA3 1.071270 140997 40
CPU12 44.581138 140958 sgemm sgemm CUDA1 1.065789 140998 40
CPU6 44.192797 140959 sgemm sgemm CUDA3 1.259762 140999 40
CPU0 44.512036 140960 sgemm sgemm CUDA0 1.256289 141000 40
CPU8 45.619763 140961 sgemm sgemm CUDA2 1.070032 141001 40
CPU6 44.256042 140965 sgemm sgemm CUDA0 1.236131 141005 40
CPU8 44.113899 140966 sgemm sgemm CUDA0 1.064045 141006 40
CPU14 44.781432 140967 sgemm sgemm CUDA0 1.065473 141007 40
CPU3 44.107862 140968 sgemm sgemm CUDA1 1.050478 141008 40
CPU9 44.239825 140969 sgemm sgemm CUDA0 1.256718 141009 40
CPU17 44.507917 140970 sgemm sgemm CUDA2 1.294424 141010 40
CPU15 44.429943 140971 sgemm sgemm CUDA2 1.072126 141011 40
CPU18 44.331696 140972 sgemm sgemm CUDA0 1.259371 141012 40
CPU17 44.866067 140973 sgemm sgemm CUDA0 12.466816 141013 40
CPU5 44.352538 140974 sgemm sgemm CUDA2 1.083733 141014 40
CPU10 44.610619 140975 sgemm sgemm CUDA0 0.042461 141015 40
CPU10 44.627843 140976 sgemm sgemm CUDA1 1.063942 141016 40
CPU15 44.340527 140977 sgemm sgemm CUDA2 1.079919 141017 40
CPU15 44.522531 140978 sgemm sgemm CUDA1 1.071084 141018 40
CPU17 44.692565 140979 sgemm sgemm CUDA1 1.066580 141019 40
CPU8 44.204396 140980 sgemm sgemm CUDA0 1.305736 141020 40
CPU4 44.344069 140981 sgemm sgemm CUDA0 1.068903 141021 40
CPU9 44.487448 140982 sgemm sgemm CUDA1 1.067945 141022 40
CPU19 44.556518 140983 sgemm sgemm CUDA1 1.259571 141023 40
CPU16 44.403500 140984 sgemm sgemm CUDA1 1.267642 141024 40
CPU6 44.268648 140985 sgemm sgemm CUDA0 1.072937 141025 40
CPU18 44.684144 140986 sgemm sgemm CUDA3 1.242075 141026 40
CPU7 44.365337 140987 sgemm sgemm CUDA3 1.062737 141027 40
CPU3 44.203363 140988 sgemm sgemm CUDA3 13.117621 141028 40
CPU15 44.502557 140989 sgemm sgemm CUDA3 0.040007 141029 40
CPU5 44.290990 140990 sgemm sgemm CUDA1 1.071969 141030 40
CPU6 44.087617 140991 sgemm sgemm CUDA2 1.266046 141031 40
CPU9 44.290453 140992 sgemm sgemm CUDA1 1.261099 141032 40
CPU13 45.430298 140993 sgemm sgemm CUDA3 1.381738 141033 40
CPU12 44.835691 140994 sgemm sgemm CUDA1 1.259754 141034 40
CPU4 44.332644 140995 sgemm sgemm CUDA1 1.255246 141035 40
CPU13 45.082534 140996 sgemm sgemm CUDA2 1.063336 141036 40
CPU1 44.363773 140997 sgemm sgemm CUDA3 1.076733 141037 40
CPU6 44.530477 141001 sgemm sgemm CUDA0 1.260944 141041 40
CPU7 44.476394 141002 sgemm sgemm CUDA0 1.006772 141042 40
CPU14 44.607695 141003 sgemm sgemm CUDA0 1.010219 141043 40
CPU1 44.224957 141004 sgemm sgemm CUDA1 1.074441 141044 40
CPU6 44.240030 141005 sgemm sgemm CUDA1 1.204475 141045 40
CPU17 44.605243 141006 sgemm sgemm CUDA0 1.201505 141046 40
CPU15 44.557382 141007 sgemm sgemm CUDA3 1.055894 141047 40
CPU16 44.731458 141008 sgemm sgemm CUDA3 1.205972 141048 40
CPU18 44.665916 141009 sgemm sgemm CUDA3 1.192357 141049 40
CPU6 43.791516 141010 sgemm sgemm CUDA3 1.201370 141050 40
CPU7 44.387677 141011 sgemm sgemm CUDA3 1.017659 141051 40
CPU6 44.649686 141012 sgemm sgemm CUDA2 1.061835 141052 40
CPU15 44.504678 141013 sgemm sgemm CUDA2 1.008730 141053 40
CPU15 44.433648 141014 sgemm sgemm CUDA1 1.015300 141054 40
CPU18 44.536043 141015 sgemm sgemm CUDA0 1.194937 141055 40
CPU6 44.507664 141016 sgemm sgemm CUDA2 1.199701 141056 40
CPU8 44.465295 141017 sgemm sgemm CUDA1 1.006836 141057 40
CPU7 44.371091 141018 sgemm sgemm CUDA2 1.201741 141058 40
CPU18 44.537540 141019 sgemm sgemm CUDA1 1.007670 141059 40
CPU16 44.550350 141020 sgemm sgemm CUDA1 12.533866 141060 40
CPU19 44.692731 141021 sgemm sgemm CUDA1 0.121434 141061 40
CPU17 44.726569 141022 sgemm sgemm CUDA3 1.202074 141062 40
CPU9 44.112613 141023 sgemm sgemm CUDA2 12.154980 141063 40
CPU0 44.921252 141024 sgemm sgemm CUDA2 0.043245 141064 40
CPU14 44.596461 141025 sgemm sgemm CUDA2 1.276279 141065 40
CPU2 44.290829 141026 sgemm sgemm CUDA2 1.202999 141066 40
CPU5 44.047015 141027 sgemm sgemm CUDA2 1.016394 141067 40
CPU7 44.265013 141028 sgemm sgemm CUDA1 1.365901 141068 40
CPU10 44.851514 141029 sgemm sgemm CUDA2 1.008030 141069 40
CPU5 44.175323 141030 sgemm sgemm CUDA1 1.011687 141070 40
CPU13 46.230712 141031 sgemm sgemm CUDA2 1.200321 141071 40
CPU13 44.994595 141032 sgemm sgemm CUDA2 1.199723 141072 40
CPU1 44.241794 141033 sgemm sgemm CUDA2 1.008435 141073 40
CPU6 32.665238 141039 strsm strsm CUDA0 14.367494 141079 40
CPU8 31.872864 141043 strsm strsm CUDA3 14.111804 141083 40
CPU14 31.740551 141047 strsm strsm CUDA0 0.209602 141087 40
CPU5 31.841443 141051 strsm strsm CUDA1 2.734832 141091 40
CPU6 32.202103 141055 strsm strsm CUDA1 2.407421 141095 40
CPU16 31.476475 141059 strsm strsm CUDA2 2.733645 141099 40
CPU15 31.427292 141063 strsm strsm CUDA2 2.328072 141103 40
CPU18 31.330708 141067 strsm strsm CUDA3 3.090654 141107 40
CPU17 32.227105 141071 strsm strsm CUDA0 0.052484 141111 40
CPU9 32.008018 141075 strsm strsm CUDA2 1.688037 141115 40
CPU6 32.788081 141079 strsm strsm CUDA3 0.229561 141119 40
CPU6 33.410354 141083 strsm strsm CUDA3 0.852558 141123 40
CPU15 31.262265 141087 strsm strsm CUDA3 2.244604 141127 40
CPU17 31.958305 141091 strsm strsm CUDA1 2.568854 141131 40
CPU4 32.195720 141095 strsm strsm CUDA0 2.951669 141135 40
CPU8 31.872256 141099 strsm strsm CUDA0 2.657159 141139 40
CPU8 31.945383 141103 strsm strsm CUDA3 0.219835 141143 40
CPU3 33.237416 141107 strsm strsm CUDA2 12.383002 141147 40
CPU18 31.500110 141111 strsm strsm CUDA1 24.144889 141151 40
CPU16 31.461720 141115 strsm strsm CUDA1 20.783106 141155 40
CPU19 32.782724 141119 strsm strsm CUDA0 4.239516 141159 40
CPU18 31.519543 141123 strsm strsm CUDA0 3.128630 141163 40
CPU3 31.744035 141127 strsm strsm CUDA1 8.761155 141167 40
CPU13 33.260234 141131 strsm strsm CUDA2 0.496855 141171 40
CPU14 31.712015 141135 strsm strsm CUDA3 9.003066 141175 40
CPU8 32.773437 141139 strsm strsm CUDA0 2.887835 141179 40
CPU9 32.357507 141143 strsm strsm CUDA0 10.265730 141183 40
CPU9 32.026948 141147 strsm strsm CUDA3 0.100252 141187 40
CPU13 32.335223 141151 strsm strsm CUDA3 0.272801 141191 40
CPU5 33.335131 141155 strsm strsm CUDA1 7.234719 141195 40
CPU13 32.896608 141159 strsm strsm CUDA2 0.193611 141199 40
CPU13 33.383158 141163 strsm strsm CUDA2 7.367751 141203 40
CPU10 32.956131 141167 strsm strsm CUDA3 1.424354 141207 40
CPU13 14.879536 141171 strtri strtri CPU -1 141211 40
CPU4 30.610604 141173 strsm strsm CUDA1 2.860801 141213 40
CPU9 30.388616 141175 strsm strsm CUDA1 2.779963 141215 40
CPU12 31.343723 141177 strsm strsm CUDA2 2.764642 141217 40
CPU8 31.252293 141179 strsm strsm CUDA1 3.240630 141219 40
CPU1 30.645328 141181 strsm strsm CUDA2 3.069097 141221 40
CPU2 30.441502 141183 strsm strsm CUDA2 0.051076 141223 40
CPU3 30.703769 141185 strsm strsm CUDA0 2.355799 141225 40
CPU7 31.048424 141187 strsm strsm CUDA1 0.506667 141227 40
CPU3 30.186081 141189 strsm strsm CUDA2 2.917478 141229 40
CPU7 30.738740 141191 strsm strsm CUDA3 13.842119 141231 40
CPU0 30.670219 141193 strsm strsm CUDA3 2.855482 141233 40
CPU19 31.263557 141195 strsm strsm CUDA1 2.920666 141235 40
CPU9 30.258926 141197 strsm strsm CUDA1 0.046706 141237 40
CPU19 31.225753 141199 strsm strsm CUDA2 0.089232 141239 40
CPU8 30.773919 141201 strsm strsm CUDA2 10.956472 141241 40
CPU3 44.398315 141203 sgemm sgemm CUDA1 1.071264 141243 40
CPU7 44.533471 141204 sgemm sgemm CUDA1 1.037086 141244 40
CPU14 44.390004 141205 sgemm sgemm CUDA1 1.049751 141245 40
CPU2 44.185758 141206 sgemm sgemm CUDA1 1.045870 141246 40
CPU3 44.242496 141207 sgemm sgemm CUDA1 1.234160 141247 40
CPU17 44.595164 141208 sgemm sgemm CUDA2 0.961733 141248 40
CPU15 44.545347 141209 sgemm sgemm CUDA3 1.011959 141249 40
CPU17 44.755814 141210 sgemm sgemm CUDA3 1.227830 141250 40
CPU16 44.606931 141211 sgemm sgemm CUDA2 1.050307 141251 40
CPU3 44.407653 141212 sgemm sgemm CUDA3 20.176519 141252 40
CPU4 44.664871 141213 sgemm sgemm CUDA3 0.059037 141253 40
CPU5 44.480827 141214 sgemm sgemm CUDA2 1.044110 141254 40
CPU15 44.283941 141215 sgemm sgemm CUDA3 1.350103 141255 40
CPU14 44.733603 141216 sgemm sgemm CUDA3 1.231028 141256 40
CPU18 44.580440 141217 sgemm sgemm CUDA2 1.050323 141257 40
CPU12 45.041792 141218 sgemm sgemm CUDA2 1.050401 141258 40
CPU4 44.448798 141219 sgemm sgemm CUDA0 1.077510 141259 40
CPU3 44.673501 141220 sgemm sgemm CUDA0 1.031983 141260 40
CPU18 44.463406 141221 sgemm sgemm CUDA3 1.045702 141261 40
CPU16 44.467698 141222 sgemm sgemm CUDA1 1.012910 141262 40
CPU7 44.462758 141223 sgemm sgemm CUDA0 1.232516 141263 40
CPU18 44.498484 141224 sgemm sgemm CUDA3 1.243139 141264 40
CPU3 44.360409 141225 sgemm sgemm CUDA3 1.055724 141265 40
CPU10 44.438910 141226 sgemm sgemm CUDA0 12.544182 141266 40
CPU15 44.367518 141227 sgemm sgemm CUDA2 1.245725 141267 40
CPU7 44.220494 141228 sgemm sgemm CUDA0 0.058252 141268 40
CPU2 44.115241 141229 sgemm sgemm CUDA2 1.238965 141269 40
CPU1 44.195681 141230 sgemm sgemm CUDA1 1.242165 141270 40
CPU13 44.784334 141231 sgemm sgemm CUDA1 8.195724 141271 40
CPU12 44.577658 141232 sgemm sgemm CUDA1 0.052728 141272 40
CPU8 44.514759 141233 sgemm sgemm CUDA2 1.241891 141273 40
CPU13 44.931110 141234 sgemm sgemm CUDA0 1.249281 141274 40
CPU2 44.297409 141235 sgemm sgemm CUDA0 1.038782 141275 40
CPU10 44.790887 141236 sgemm sgemm CUDA0 1.044857 141276 40
CPU3 44.126394 141240 sgemm sgemm CUDA1 0.052757 141280 40
CPU8 44.051182 141241 sgemm sgemm CUDA1 1.324178 141281 40
CPU14 44.437553 141242 sgemm sgemm CUDA1 9.842407 141282 40
CPU6 44.328158 141243 sgemm sgemm CUDA1 0.045686 141283 40
CPU2 44.404082 141244 sgemm sgemm CUDA1 1.324772 141284 40
CPU16 44.639096 141245 sgemm sgemm CUDA2 0.042857 141285 40
CPU15 44.509874 141246 sgemm sgemm CUDA2 1.362134 141286 40
CPU16 44.712250 141247 sgemm sgemm CUDA3 4.502685 141287 40
CPU16 44.595392 141248 sgemm sgemm CUDA2 1.064677 141288 40
CPU5 44.404224 141249 sgemm sgemm CUDA3 1.286173 141289 40
CPU6 44.776051 141250 sgemm sgemm CUDA3 10.619467 141290 40
CPU3 44.453413 141251 sgemm sgemm CUDA2 1.070001 141291 40
CPU15 44.468870 141252 sgemm sgemm CUDA3 0.045330 141292 40
CPU14 44.631395 141253 sgemm sgemm CUDA3 1.298421 141293 40
CPU17 44.784083 141254 sgemm sgemm CUDA2 1.070712 141294 40
CPU1 44.512648 141255 sgemm sgemm CUDA2 1.074384 141295 40
CPU8 44.062082 141256 sgemm sgemm CUDA3 1.067358 141296 40
CPU3 44.369441 141257 sgemm sgemm CUDA3 1.260033 141297 40
CPU19 44.598914 141258 sgemm sgemm CUDA3 4.611618 141298 40
CPU16 44.576399 141259 sgemm sgemm CUDA1 1.067967 141299 40
CPU5 44.434259 141260 sgemm sgemm CUDA1 1.258685 141300 40
CPU18 44.590400 141261 sgemm sgemm CUDA3 1.314601 141301 40
CPU2 44.022152 141262 sgemm sgemm CUDA3 1.259924 141302 40
CPU0 44.495425 141263 sgemm sgemm CUDA3 1.258560 141303 40
CPU15 44.489307 141264 sgemm sgemm CUDA2 1.265446 141304 40
CPU8 44.454765 141265 sgemm sgemm CUDA0 0.059876 141305 40
CPU8 43.922819 141266 sgemm sgemm CUDA0 1.287042 141306 40
CPU1 44.043413 141267 sgemm sgemm CUDA1 0.049034 141307 40
CPU12 44.752708 141268 sgemm sgemm CUDA1 1.397449 141308 40
CPU0 44.990057 141269 sgemm sgemm CUDA3 1.067079 141309 40
CPU6 44.531648 141270 sgemm sgemm CUDA2 3.645522 141310 40
CPU13 44.832592 141271 sgemm sgemm CUDA0 1.064776 141311 40
CPU11 44.378977 141272 sgemm sgemm CUDA2 0.044114 141312 40
CPU13 44.714633 141273 sgemm sgemm CUDA2 1.269106 141313 40
CPU0 44.632498 141277 sgemm sgemm CUDA2 1.330044 141317 40
CPU7 44.412781 141278 sgemm sgemm CUDA2 1.059946 141318 40
CPU14 44.468332 141279 sgemm sgemm CUDA1 1.077207 141319 40
CPU0 44.723546 141280 sgemm sgemm CUDA1 1.072270 141320 40
CPU7 44.336068 141281 sgemm sgemm CUDA2 1.073915 141321 40
CPU18 44.292396 141282 sgemm sgemm CUDA2 1.259820 141322 40
CPU15 44.433417 141283 sgemm sgemm CUDA3 1.188772 141323 40
CPU17 44.684560 141284 sgemm sgemm CUDA3 1.068769 141324 40
CPU19 44.466425 141285 sgemm sgemm CUDA3 1.256523 141325 40
CPU2 44.344531 141286 sgemm sgemm CUDA3 1.266194 141326 40
CPU5 44.231641 141287 sgemm sgemm CUDA3 1.062906 141327 40
CPU6 44.472892 141288 sgemm sgemm CUDA2 12.239663 141328 40
CPU15 44.956084 141289 sgemm sgemm CUDA2 1.087854 141329 40
CPU17 44.910704 141290 sgemm sgemm CUDA3 1.253036 141330 40
CPU19 44.753409 141291 sgemm sgemm CUDA2 1.257652 141331 40
CPU7 44.485456 141292 sgemm sgemm CUDA2 1.256448 141332 40
CPU4 44.181405 141293 sgemm sgemm CUDA0 0.133610 141333 40
CPU3 44.193979 141294 sgemm sgemm CUDA2 1.260111 141334 40
CPU4 44.318081 141295 sgemm sgemm CUDA3 1.069450 141335 40
CPU16 44.755435 141296 sgemm sgemm CUDA1 1.257377 141336 40
CPU3 44.440714 141297 sgemm sgemm CUDA0 1.283330 141337 40
CPU18 44.754357 141298 sgemm sgemm CUDA3 1.069496 141338 40
CPU5 44.070614 141299 sgemm sgemm CUDA3 1.063790 141339 40
CPU8 44.371697 141300 sgemm sgemm CUDA2 1.065040 141340 40
CPU14 44.633004 141301 sgemm sgemm CUDA2 1.258204 141341 40
CPU0 44.530190 141302 sgemm sgemm CUDA0 1.260329 141342 40
CPU1 43.967539 141303 sgemm sgemm CUDA2 1.253693 141343 40
CPU0 44.411130 141304 sgemm sgemm CUDA1 1.068985 141344 40
CPU13 44.953170 141305 sgemm sgemm CUDA1 1.257936 141345 40
CPU7 44.552201 141306 sgemm sgemm CUDA1 1.255085 141346 40
CPU12 44.741232 141307 sgemm sgemm CUDA3 1.258839 141347 40
CPU13 44.905269 141308 sgemm sgemm CUDA0 1.259058 141348 40
CPU10 44.682895 141309 sgemm sgemm CUDA0 1.256027 141349 40
CPU13 44.636671 141310 sgemm sgemm CUDA3 1.255845 141350 40
CPU9 44.234415 141314 sgemm sgemm CUDA0 1.259484 141354 40
CPU7 44.740520 141315 sgemm sgemm CUDA1 1.256882 141355 40
CPU14 44.344885 141316 sgemm sgemm CUDA1 1.257830 141356 40
CPU2 44.552297 141317 sgemm sgemm CUDA1 1.011998 141357 40
CPU6 44.508764 141318 sgemm sgemm CUDA0 1.285580 141358 40
CPU17 44.377609 141319 sgemm sgemm CUDA0 1.015389 141359 40
CPU15 44.331008 141320 sgemm sgemm CUDA3 12.767753 141360 40
CPU17 44.916117 141321 sgemm sgemm CUDA3 0.067828 141361 40
CPU17 44.458429 141322 sgemm sgemm CUDA3 1.261194 141362 40
CPU8 44.411187 141323 sgemm sgemm CUDA3 1.255293 141363 40
CPU7 44.679121 141324 sgemm sgemm CUDA3 1.205461 141364 40
CPU4 44.472967 141325 sgemm sgemm CUDA0 1.200821 141365 40
CPU15 45.167894 141326 sgemm sgemm CUDA3 1.013177 141366 40
CPU14 44.570676 141327 sgemm sgemm CUDA0 1.257909 141367 40
CPU17 44.727284 141328 sgemm sgemm CUDA2 1.256274 141368 40
CPU7 44.723142 141329 sgemm sgemm CUDA2 1.007840 141369 40
CPU9 44.526162 141330 sgemm sgemm CUDA0 1.015900 141370 40
CPU3 44.708714 141331 sgemm sgemm CUDA0 1.256406 141371 40
CPU18 44.422557 141332 sgemm sgemm CUDA0 1.197671 141372 40
CPU16 44.642138 141333 sgemm sgemm CUDA1 1.412771 141373 40
CPU4 44.241897 141334 sgemm sgemm CUDA0 12.871594 141374 40
CPU18 44.502701 141335 sgemm sgemm CUDA2 1.260043 141375 40
CPU9 44.269974 141336 sgemm sgemm CUDA2 1.211077 141376 40
CPU12 44.659899 141337 sgemm sgemm CUDA2 1.201128 141377 40
CPU14 44.363603 141338 sgemm sgemm CUDA2 1.018813 141378 40
CPU6 44.724537 141339 sgemm sgemm CUDA0 0.047257 141379 40
CPU9 44.101403 141340 sgemm sgemm CUDA2 1.013456 141380 40
CPU2 44.254349 141341 sgemm sgemm CUDA1 1.198515 141381 40
CPU13 44.799282 141342 sgemm sgemm CUDA1 1.201134 141382 40
CPU10 44.426414 141343 sgemm sgemm CUDA3 1.205633 141383 40
CPU13 44.648902 141344 sgemm sgemm CUDA2 12.059935 141384 40
CPU5 44.755325 141345 sgemm sgemm CUDA0 1.429002 141385 40
CPU8 44.877968 141346 sgemm sgemm CUDA2 0.041585 141386 40
CPU5 44.959159 141347 sgemm sgemm CUDA3 1.208343 141387 40
CPU1 44.740872 141351 sgemm sgemm CUDA0 1.256903 141391 40
CPU7 44.537518 141352 sgemm sgemm CUDA1 1.258146 141392 40
CPU14 44.394852 141353 sgemm sgemm CUDA1 1.258546 141393 40
CPU0 44.770974 141354 sgemm sgemm CUDA1 1.253803 141394 40
CPU2 44.437801 141355 sgemm sgemm CUDA0 1.067773 141395 40
CPU18 45.021130 141356 sgemm sgemm CUDA2 1.066015 141396 40
CPU15 44.395712 141357 sgemm sgemm CUDA2 1.068656 141397 40
CPU17 44.579029 141358 sgemm sgemm CUDA3 1.252362 141398 40
CPU17 44.482068 141359 sgemm sgemm CUDA3 1.070957 141399 40
CPU2 44.458081 141360 sgemm sgemm CUDA3 1.261761 141400 40
CPU3 44.863953 141361 sgemm sgemm CUDA3 1.262796 141401 40
CPU1 44.758693 141362 sgemm sgemm CUDA2 1.066913 141402 40
CPU15 44.725811 141363 sgemm sgemm CUDA2 1.065042 141403 40
CPU15 44.593295 141364 sgemm sgemm CUDA0 1.064699 141404 40
CPU2 44.729339 141365 sgemm sgemm CUDA2 1.262645 141405 40
CPU7 44.743295 141366 sgemm sgemm CUDA1 1.016755 141406 40
CPU0 44.946255 141367 sgemm sgemm CUDA0 4.771214 141407 40
CPU3 44.717936 141368 sgemm sgemm CUDA0 0.046230 141408 40
CPU16 44.228088 141369 sgemm sgemm CUDA3 1.255764 141409 40
CPU16 44.380914 141370 sgemm sgemm CUDA1 1.016719 141410 40
CPU18 44.166797 141371 sgemm sgemm CUDA1 1.260743 141411 40
CPU18 44.470624 141372 sgemm sgemm CUDA3 1.340271 141412 40
CPU1 44.430164 141373 sgemm sgemm CUDA3 1.209278 141413 40
CPU1 44.858482 141374 sgemm sgemm CUDA2 5.025292 141414 40
CPU14 44.544083 141375 sgemm sgemm CUDA2 0.041439 141415 40
CPU5 44.546758 141376 sgemm sgemm CUDA0 1.018849 141416 40
CPU6 44.474946 141377 sgemm sgemm CUDA2 1.261667 141417 40
CPU1 44.519940 141378 sgemm sgemm CUDA1 1.066339 141418 40
CPU13 44.427451 141379 sgemm sgemm CUDA1 1.257021 141419 40
CPU3 44.715954 141380 sgemm sgemm CUDA1 12.947655 141420 40
CPU5 44.523567 141381 sgemm sgemm CUDA2 1.011242 141421 40
CPU7 44.435483 141382 sgemm sgemm CUDA0 1.205060 141422 40
CPU4 45.229422 141383 sgemm sgemm CUDA2 1.066516 141423 40
CPU7 44.609063 141384 sgemm sgemm CUDA1 0.069377 141424 40
CPU3 44.416857 141388 sgemm sgemm CUDA2 1.256154 141428 40
CPU8 44.159433 141389 sgemm sgemm CUDA1 1.073706 141429 40
CPU14 44.471048 141390 sgemm sgemm CUDA1 1.259151 141430 40
CPU3 44.208119 141391 sgemm sgemm CUDA2 1.255127 141431 40
CPU3 44.478223 141392 sgemm sgemm CUDA2 1.259450 141432 40
CPU18 44.759540 141393 sgemm sgemm CUDA2 1.065468 141433 40
CPU15 44.334579 141394 sgemm sgemm CUDA2 1.258510 141434 40
CPU16 44.642388 141395 sgemm sgemm CUDA3 1.257239 141435 40
CPU16 44.736168 141396 sgemm sgemm CUDA3 12.973730 141436 40
CPU5 44.452448 141397 sgemm sgemm CUDA3 0.046457 141437 40
CPU5 44.537352 141398 sgemm sgemm CUDA3 1.374962 141438 40
CPU3 44.876149 141399 sgemm sgemm CUDA2 1.254267 141439 40
CPU15 44.217756 141400 sgemm sgemm CUDA3 1.253582 141440 40
CPU16 44.386849 141401 sgemm sgemm CUDA3 1.257833 141441 40
CPU19 44.782842 141402 sgemm sgemm CUDA2 12.901663 141442 40
CPU1 44.717311 141403 sgemm sgemm CUDA1 1.261062 141443 40
CPU5 45.094546 141404 sgemm sgemm CUDA0 1.258044 141444 40
CPU3 44.754591 141405 sgemm sgemm CUDA0 1.073421 141445 40
CPU17 44.213574 141406 sgemm sgemm CUDA0 1.259198 141446 40
CPU16 44.439705 141407 sgemm sgemm CUDA1 1.258711 141447 40
CPU8 44.456317 141408 sgemm sgemm CUDA1 1.261546 141448 40
CPU18 44.572157 141409 sgemm sgemm CUDA3 1.256844 141449 40
CPU4 44.822195 141410 sgemm sgemm CUDA2 0.047506 141450 40
CPU9 44.917718 141411 sgemm sgemm CUDA0 6.777575 141451 40
CPU16 44.291622 141412 sgemm sgemm CUDA2 1.303864 141452 40
CPU2 44.546962 141413 sgemm sgemm CUDA0 0.040116 141453 40
CPU7 44.619089 141414 sgemm sgemm CUDA0 1.434819 141454 40
CPU2 44.272899 141415 sgemm sgemm CUDA1 1.060721 141455 40
CPU13 44.546754 141416 sgemm sgemm CUDA1 1.267840 141456 40
CPU6 45.294470 141417 sgemm sgemm CUDA1 12.941047 141457 40
CPU5 44.757085 141418 sgemm sgemm CUDA3 1.258019 141458 40
CPU9 44.548062 141419 sgemm sgemm CUDA0 1.068497 141459 40
CPU11 44.333086 141420 sgemm sgemm CUDA0 1.257358 141460 40
CPU9 44.606769 141421 sgemm sgemm CUDA0 1.069647 141461 40
CPU2 44.565711 141425 sgemm sgemm CUDA0 1.339706 141465 40
CPU8 44.484555 141426 sgemm sgemm CUDA2 1.256290 141466 40
CPU14 44.323331 141427 sgemm sgemm CUDA2 1.069717 141467 40
CPU4 44.613008 141428 sgemm sgemm CUDA2 1.067455 141468 40
CPU7 44.676516 141429 sgemm sgemm CUDA2 1.203647 141469 40
CPU18 44.352468 141430 sgemm sgemm CUDA2 1.069005 141470 40
CPU15 44.252758 141431 sgemm sgemm CUDA3 1.267858 141471 40
CPU17 44.635585 141432 sgemm sgemm CUDA3 1.256967 141472 40
CPU16 45.029298 141433 sgemm sgemm CUDA3 1.256916 141473 40
CPU0 44.841850 141434 sgemm sgemm CUDA3 1.064497 141474 40
CPU5 44.993500 141435 sgemm sgemm CUDA3 1.259271 141475 40
CPU2 44.663046 141436 sgemm sgemm CUDA3 1.256972 141476 40
CPU15 44.285965 141437 sgemm sgemm CUDA3 1.068907 141477 40
CPU14 44.382923 141438 sgemm sgemm CUDA0 1.070230 141478 40
CPU19 44.885096 141439 sgemm sgemm CUDA2 1.256436 141479 40
CPU2 44.494718 141440 sgemm sgemm CUDA2 1.256531 141480 40
CPU4 44.598404 141441 sgemm sgemm CUDA3 13.258359 141481 40
CPU3 44.633184 141442 sgemm sgemm CUDA2 1.258778 141482 40
CPU17 44.287442 141443 sgemm sgemm CUDA3 0.045024 141483 40
CPU16 44.378011 141444 sgemm sgemm CUDA1 1.331379 141484 40
CPU1 44.394435 141445 sgemm sgemm CUDA1 1.253707 141485 40
CPU18 44.536966 141446 sgemm sgemm CUDA3 1.303090 141486 40
CPU4 44.427672 141447 sgemm sgemm CUDA2 1.065709 141487 40
CPU11 44.160000 141448 sgemm sgemm CUDA3 1.262112 141488 40
CPU16 44.275636 141449 sgemm sgemm CUDA2 11.040330 141489 40
CPU9 44.634778 141450 sgemm sgemm CUDA0 1.260556 141490 40
CPU5 44.383622 141451 sgemm sgemm CUDA0 1.061049 141491 40
CPU0 44.803873 141452 sgemm sgemm CUDA1 1.068072 141492 40
CPU12 44.600317 141453 sgemm sgemm CUDA1 1.254836 141493 40
CPU5 45.006096 141454 sgemm sgemm CUDA1 1.066047 141494 40
CPU7 44.557636 141455 sgemm sgemm CUDA2 2.061721 141495 40
CPU3 44.548090 141456 sgemm sgemm CUDA0 1.262410 141496 40
CPU1 44.952402 141457 sgemm sgemm CUDA2 1.386039 141497 40
CPU3 44.606846 141458 sgemm sgemm CUDA3 1.259508 141498 40
CPU8 43.926975 141462 sgemm sgemm CUDA1 11.880244 141502 40
CPU0 44.679921 141463 sgemm sgemm CUDA2 0.090551 141503 40
CPU14 44.530855 141464 sgemm sgemm CUDA2 1.239684 141504 40
CPU1 44.115237 141465 sgemm sgemm CUDA2 1.202798 141505 40
CPU4 44.397496 141466 sgemm sgemm CUDA2 1.013302 141506 40
CPU16 44.796930 141467 sgemm sgemm CUDA2 1.211308 141507 40
CPU15 44.444055 141468 sgemm sgemm CUDA2 1.194785 141508 40
CPU18 44.614056 141469 sgemm sgemm CUDA3 1.259445 141509 40
CPU17 44.829828 141470 sgemm sgemm CUDA3 1.068620 141510 40
CPU7 44.683353 141471 sgemm sgemm CUDA3 1.068732 141511 40
CPU3 44.420056 141472 sgemm sgemm CUDA3 1.128571 141512 40
CPU8 44.476963 141473 sgemm sgemm CUDA3 1.264904 141513 40
CPU15 44.370032 141474 sgemm sgemm CUDA2 1.007351 141514 40
CPU14 44.713100 141475 sgemm sgemm CUDA1 0.059000 141515 40
CPU11 44.902869 141476 sgemm sgemm CUDA2 1.007225 141516 40
CPU9 44.136183 141477 sgemm sgemm CUDA1 0.050178 141517 40
CPU3 44.210008 141478 sgemm sgemm CUDA3 1.267594 141518 40
CPU3 44.306238 141479 sgemm sgemm CUDA3 1.256607 141519 40
CPU16 44.499538 141480 sgemm sgemm CUDA3 1.260485 141520 40
CPU16 44.651088 141481 sgemm sgemm CUDA1 1.332160 141521 40
CPU3 44.624732 141482 sgemm sgemm CUDA1 1.067626 141522 40
CPU18 44.653563 141483 sgemm sgemm CUDA3 1.251861 141523 40
CPU1 44.252788 141484 sgemm sgemm CUDA3 1.067284 141524 40
CPU18 44.580846 141485 sgemm sgemm CUDA0 1.258451 141525 40
CPU15 44.516253 141486 sgemm sgemm CUDA2 1.194005 141526 40
CPU1 44.307815 141487 sgemm sgemm CUDA0 1.068450 141527 40
CPU2 44.167149 141488 sgemm sgemm CUDA0 1.070959 141528 40
CPU6 44.292093 141489 sgemm sgemm CUDA3 16.741951 141529 40
CPU12 44.837198 141490 sgemm sgemm CUDA1 1.070410 141530 40
CPU7 44.871636 141491 sgemm sgemm CUDA1 1.061864 141531 40
CPU9 44.490308 141492 sgemm sgemm CUDA2 1.070518 141532 40
CPU10 44.553418 141493 sgemm sgemm CUDA0 1.069492 141533 40
CPU4 44.707095 141494 sgemm sgemm CUDA0 1.254840 141534 40
CPU10 44.544410 141495 sgemm sgemm CUDA0 1.062955 141535 40
CPU6 44.208025 141499 sgemm sgemm CUDA2 6.426272 141539 40
CPU7 44.287628 141500 sgemm sgemm CUDA2 0.043121 141540 40
CPU14 44.547146 141501 sgemm sgemm CUDA2 1.265975 141541 40
CPU4 44.285763 141502 sgemm sgemm CUDA2 1.064685 141542 40
CPU4 44.324588 141503 sgemm sgemm CUDA2 1.074382 141543 40
CPU18 44.559537 141504 sgemm sgemm CUDA2 1.262385 141544 40
CPU15 44.553518 141505 sgemm sgemm CUDA3 7.062024 141545 40
CPU18 44.533071 141506 sgemm sgemm CUDA3 0.047535 141546 40
CPU16 44.917512 141507 sgemm sgemm CUDA3 1.330472 141547 40
CPU2 44.507040 141508 sgemm sgemm CUDA3 1.258723 141548 40
CPU7 44.396959 141509 sgemm sgemm CUDA3 1.262841 141549 40
CPU0 44.389720 141510 sgemm sgemm CUDA2 1.065724 141550 40
CPU15 44.418583 141511 sgemm sgemm CUDA3 1.260118 141551 40
CPU14 44.842753 141512 sgemm sgemm CUDA1 1.336687 141552 40
CPU17 44.749070 141513 sgemm sgemm CUDA1 1.062813 141553 40
CPU0 44.587006 141514 sgemm sgemm CUDA1 1.065996 141554 40
CPU4 44.432522 141515 sgemm sgemm CUDA3 1.259132 141555 40
CPU3 44.186371 141516 sgemm sgemm CUDA2 1.074334 141556 40
CPU16 44.598179 141517 sgemm sgemm CUDA3 1.065469 141557 40
CPU16 44.548547 141518 sgemm sgemm CUDA1 1.263720 141558 40
CPU10 44.459632 141519 sgemm sgemm CUDA0 1.289652 141559 40
CPU18 44.596084 141520 sgemm sgemm CUDA3 1.068456 141560 40
CPU9 44.261113 141521 sgemm sgemm CUDA1 1.068308 141561 40
CPU13 44.575499 141522 sgemm sgemm CUDA2 1.260661 141562 40
CPU16 44.513516 141523 sgemm sgemm CUDA2 1.069865 141563 40
CPU1 44.354703 141524 sgemm sgemm CUDA0 1.259514 141564 40
CPU3 44.286000 141525 sgemm sgemm CUDA0 1.258695 141565 40
CPU0 44.424859 141526 sgemm sgemm CUDA1 1.261461 141566 40
CPU9 44.220534 141527 sgemm sgemm CUDA1 1.263002 141567 40
CPU6 44.606916 141528 sgemm sgemm CUDA3 0.156337 141568 40
CPU3 44.011275 141529 sgemm sgemm CUDA2 1.071440 141569 40
CPU16 44.730289 141530 sgemm sgemm CUDA0 1.067387 141570 40
CPU9 44.307885 141531 sgemm sgemm CUDA0 1.068272 141571 40
CPU19 44.761453 141532 sgemm sgemm CUDA1 1.072132 141572 40
CPU1 44.203451 141536 sgemm sgemm CUDA3 1.230387 141576 40
CPU3 44.034726 141537 sgemm sgemm CUDA3 1.067220 141577 40
CPU14 44.718582 141538 sgemm sgemm CUDA2 1.065314 141578 40
CPU3 43.737842 141539 sgemm sgemm CUDA2 0.047444 141579 40
CPU8 43.964306 141540 sgemm sgemm CUDA3 1.255850 141580 40
CPU18 44.433893 141541 sgemm sgemm CUDA2 1.201405 141581 40
CPU15 44.358517 141542 sgemm sgemm CUDA3 1.263294 141582 40
CPU17 44.693715 141543 sgemm sgemm CUDA3 31.503507 141583 40
CPU17 44.740777 141544 sgemm sgemm CUDA3 17.127229 141584 40
CPU9 44.241093 141545 sgemm sgemm CUDA2 1.078867 141585 40
CPU5 44.319806 141546 sgemm sgemm CUDA3 1.308237 141586 40
CPU2 44.497784 141547 sgemm sgemm CUDA2 1.200924 141587 40
CPU15 44.544101 141548 sgemm sgemm CUDA3 1.013002 141588 40
CPU14 44.863487 141549 sgemm sgemm CUDA0 1.255010 141589 40
CPU19 44.760418 141550 sgemm sgemm CUDA0 1.260090 141590 40
CPU3 44.286667 141551 sgemm sgemm CUDA0 1.066981 141591 40
CPU1 44.209200 141552 sgemm sgemm CUDA0 1.067409 141592 40
CPU1 44.396987 141553 sgemm sgemm CUDA0 1.074829 141593 40
CPU18 44.429990 141554 sgemm sgemm CUDA0 1.262527 141594 40
CPU16 44.657685 141555 sgemm sgemm CUDA1 1.011002 141595 40
CPU5 44.504796 141556 sgemm sgemm CUDA1 1.068575 141596 40
CPU18 44.535040 141557 sgemm sgemm CUDA3 1.203719 141597 40
CPU7 44.061482 141558 sgemm sgemm CUDA1 0.041182 141598 40
CPU10 44.467543 141559 sgemm sgemm CUDA3 1.260264 141599 40
CPU15 44.390121 141560 sgemm sgemm CUDA2 1.201200 141600 40
CPU8 44.467069 141561 sgemm sgemm CUDA0 11.879216 141601 40
CPU4 44.191429 141562 sgemm sgemm CUDA0 0.045320 141602 40
CPU4 44.273793 141563 sgemm sgemm CUDA1 1.011777 141603 40
CPU1 44.564069 141564 sgemm sgemm CUDA3 1.220713 141604 40
CPU11 44.450086 141565 sgemm sgemm CUDA1 0.116313 141605 40
CPU9 44.523096 141566 sgemm sgemm CUDA3 1.070431 141606 40
CPU8 44.508069 141567 sgemm sgemm CUDA0 1.672386 141607 40
CPU11 44.350134 141568 sgemm sgemm CUDA2 1.014584 141608 40
CPU8 44.490256 141569 sgemm sgemm CUDA3 1.261251 141609 40
CPU7 44.472898 141573 sgemm sgemm CUDA3 1.256383 141613 40
CPU7 44.360227 141574 sgemm sgemm CUDA3 0.117867 141614 40
CPU14 44.634118 141575 sgemm sgemm CUDA1 1.065800 141615 40
CPU0 44.475961 141576 sgemm sgemm CUDA1 0.952052 141616 40
CPU5 43.882701 141577 sgemm sgemm CUDA1 0.955816 141617 40
CPU18 44.505333 141578 sgemm sgemm CUDA2 1.270587 141618 40
CPU15 44.367896 141579 sgemm sgemm CUDA2 1.145277 141619 40
CPU17 44.831539 141580 sgemm sgemm CUDA0 1.348410 141620 40
CPU17 44.742720 141581 sgemm sgemm CUDA0 0.079571 141621 40
CPU1 44.288111 141582 sgemm sgemm CUDA2 1.149584 141622 40
CPU6 44.383063 141583 sgemm sgemm CUDA0 1.145169 141623 40
CPU7 44.396541 141584 sgemm sgemm CUDA2 16.268609 141624 40
CPU15 44.309653 141585 sgemm sgemm CUDA2 0.094701 141625 40
CPU15 44.560358 141586 sgemm sgemm CUDA1 15.787306 141626 40
CPU17 45.049378 141587 sgemm sgemm CUDA0 1.152962 141627 40
CPU2 44.312606 141588 sgemm sgemm CUDA1 0.046907 141628 40
CPU7 44.418823 141589 sgemm sgemm CUDA0 5.381833 141629 40
CPU3 44.426320 141590 sgemm sgemm CUDA1 1.248737 141630 40
CPU16 44.644140 141591 sgemm sgemm CUDA0 1.156745 141631 40
CPU16 44.796428 141592 sgemm sgemm CUDA1 1.148886 141632 40
CPU0 44.456195 141593 sgemm sgemm CUDA1 1.149721 141633 40
CPU18 44.568753 141594 sgemm sgemm CUDA3 1.217201 141634 40
CPU2 44.104459 141595 sgemm sgemm CUDA2 1.294832 141635 40
CPU6 44.622099 141596 sgemm sgemm CUDA2 0.950758 141636 40
CPU16 44.472272 141597 sgemm sgemm CUDA2 0.947621 141637 40
CPU10 44.520199 141598 sgemm sgemm CUDA2 0.958193 141638 40
CPU10 44.625948 141599 sgemm sgemm CUDA2 1.145517 141639 40
CPU8 44.124683 141600 sgemm sgemm CUDA1 1.150772 141640 40
CPU13 44.549043 141601 sgemm sgemm CUDA1 1.148111 141641 40
CPU2 44.388197 141602 sgemm sgemm CUDA0 0.976559 141642 40
CPU0 44.538129 141603 sgemm sgemm CUDA2 5.719904 141643 40
CPU4 44.517760 141604 sgemm sgemm CUDA0 1.200690 141644 40
CPU0 44.182716 141605 sgemm sgemm CUDA2 0.179777 141645 40
CPU4 44.518004 141606 sgemm sgemm CUDA1 1.011125 141646 40
CPU6 44.160739 141610 sgemm sgemm CUDA1 1.261521 141650 40
CPU7 44.369876 141611 sgemm sgemm CUDA1 5.223009 141651 40
CPU14 44.607956 141612 sgemm sgemm CUDA1 0.053378 141652 40
CPU1 44.256147 141613 sgemm sgemm CUDA1 1.367121 141653 40
CPU1 44.186071 141614 sgemm sgemm CUDA3 1.403052 141654 40
CPU18 44.615493 141615 sgemm sgemm CUDA3 8.390869 141655 40
CPU15 44.342020 141616 sgemm sgemm CUDA3 0.069731 141656 40
CPU16 44.482464 141617 sgemm sgemm CUDA3 1.296630 141657 40
CPU17 44.838335 141618 sgemm sgemm CUDA3 1.259569 141658 40
CPU2 44.472134 141619 sgemm sgemm CUDA3 1.261028 141659 40
CPU4 44.569370 141620 sgemm sgemm CUDA3 1.058265 141660 40
CPU5 44.362122 141621 sgemm sgemm CUDA3 1.255281 141661 40
CPU15 44.367685 141622 sgemm sgemm CUDA3 1.261556 141662 40
CPU14 44.878408 141623 sgemm sgemm CUDA1 1.271860 141663 40
CPU19 44.646091 141624 sgemm sgemm CUDA2 1.260819 141664 40
CPU5 44.286545 141625 sgemm sgemm CUDA2 1.064030 141665 40
CPU9 44.404476 141626 sgemm sgemm CUDA0 5.633481 141666 40
CPU0 44.791075 141627 sgemm sgemm CUDA0 0.057991 141667 40
CPU19 44.615928 141628 sgemm sgemm CUDA0 1.353477 141668 40
CPU16 44.756548 141629 sgemm sgemm CUDA1 9.241438 141669 40
CPU2 44.296217 141630 sgemm sgemm CUDA0 1.262249 141670 40
CPU18 44.723149 141631 sgemm sgemm CUDA3 1.260513 141671 40
CPU5 44.039309 141632 sgemm sgemm CUDA2 1.260640 141672 40
CPU9 44.309689 141633 sgemm sgemm CUDA2 1.207481 141673 40
CPU14 44.555615 141634 sgemm sgemm CUDA2 1.261217 141674 40
CPU6 44.615776 141635 sgemm sgemm CUDA2 1.260697 141675 40
CPU8 44.185842 141636 sgemm sgemm CUDA2 1.260058 141676 40
CPU3 43.931760 141637 sgemm sgemm CUDA1 1.072214 141677 40
CPU13 44.664802 141638 sgemm sgemm CUDA1 1.255022 141678 40
CPU4 44.546298 141639 sgemm sgemm CUDA3 1.068195 141679 40
CPU8 44.496511 141640 sgemm sgemm CUDA2 1.263285 141680 40
CPU6 44.506346 141641 sgemm sgemm CUDA0 8.144908 141681 40
CPU9 44.401880 141642 sgemm sgemm CUDA0 0.047762 141682 40
CPU6 44.511489 141643 sgemm sgemm CUDA1 1.067472 141683 40
CPU2 44.205309 141647 sgemm sgemm CUDA1 0.039404 141687 40
CPU7 44.402026 141648 sgemm sgemm CUDA1 1.328584 141688 40
CPU14 44.532709 141649 sgemm sgemm CUDA1 1.261814 141689 40
CPU4 44.432177 141650 sgemm sgemm CUDA1 1.075002 141690 40
CPU9 44.232814 141651 sgemm sgemm CUDA2 1.309603 141691 40
CPU17 44.449459 141652 sgemm sgemm CUDA2 0.113912 141692 40
CPU15 44.359626 141653 sgemm sgemm CUDA3 1.064900 141693 40
CPU18 44.375322 141654 sgemm sgemm CUDA3 1.253550 141694 40
CPU16 45.016563 141655 sgemm sgemm CUDA3 1.078541 141695 40
CPU7 44.364609 141656 sgemm sgemm CUDA3 1.137655 141696 40
CPU6 44.253223 141657 sgemm sgemm CUDA3 1.290164 141697 40
CPU9 44.134883 141658 sgemm sgemm CUDA3 2.121036 141698 40
CPU15 44.268161 141659 sgemm sgemm CUDA2 1.359012 141699 40
CPU16 44.382295 141660 sgemm sgemm CUDA0 1.322030 141700 40
CPU18 44.651168 141661 sgemm sgemm CUDA2 1.258266 141701 40
CPU4 44.445576 141662 sgemm sgemm CUDA1 1.270261 141702 40
CPU2 44.400484 141663 sgemm sgemm CUDA3 0.232552 141703 40
CPU3 44.444141 141664 sgemm sgemm CUDA2 1.261045 141704 40
CPU17 44.521678 141665 sgemm sgemm CUDA0 1.067788 141705 40
CPU16 44.604640 141666 sgemm sgemm CUDA1 0.040900 141706 40
CPU9 44.302402 141667 sgemm sgemm CUDA1 1.371901 141707 40
CPU18 44.492463 141668 sgemm sgemm CUDA3 1.267328 141708 40
CPU3 44.427712 141669 sgemm sgemm CUDA2 1.266304 141709 40
CPU13 44.563327 141670 sgemm sgemm CUDA2 1.077834 141710 40
CPU15 44.503306 141671 sgemm sgemm CUDA2 1.082292 141711 40
CPU7 44.216753 141672 sgemm sgemm CUDA0 9.523020 141712 40
CPU0 44.438119 141673 sgemm sgemm CUDA2 1.091603 141713 40
CPU5 44.095112 141674 sgemm sgemm CUDA3 1.075027 141714 40
CPU3 44.293557 141675 sgemm sgemm CUDA1 1.255449 141715 40
CPU12 44.587719 141676 sgemm sgemm CUDA1 1.069694 141716 40
CPU6 44.496586 141677 sgemm sgemm CUDA3 1.267879 141717 40
CPU0 44.517846 141678 sgemm sgemm CUDA0 11.499390 141718 40
CPU8 44.249250 141679 sgemm sgemm CUDA2 1.274060 141719 40
CPU0 45.500904 141680 sgemm sgemm CUDA0 0.221404 141720 40
CPU3 44.229461 141684 sgemm sgemm CUDA2 1.070895 141724 40
CPU5 43.838536 141685 sgemm sgemm CUDA2 1.066610 141725 40
CPU14 44.680815 141686 sgemm sgemm CUDA2 1.080254 141726 40
CPU3 44.117415 141687 sgemm sgemm CUDA1 1.264560 141727 40
CPU7 44.245624 141688 sgemm sgemm CUDA2 1.272346 141728 40
CPU18 44.609495 141689 sgemm sgemm CUDA2 1.067373 141729 40
CPU15 44.570932 141690 sgemm sgemm CUDA2 12.132050 141730 40
CPU18 44.440900 141691 sgemm sgemm CUDA0 1.252593 141731 40
CPU17 44.970491 141692 sgemm sgemm CUDA0 1.076960 141732 40
CPU1 43.988616 141693 sgemm sgemm CUDA2 0.043863 141733 40
CPU10 44.721592 141694 sgemm sgemm CUDA0 1.260663 141734 40
CPU10 44.633921 141695 sgemm sgemm CUDA1 1.063021 141735 40
CPU15 44.267899 141696 sgemm sgemm CUDA2 1.308599 141736 40
CPU14 44.650487 141697 sgemm sgemm CUDA1 1.071255 141737 40
CPU18 44.678153 141698 sgemm sgemm CUDA1 1.255503 141738 40
CPU8 44.178239 141699 sgemm sgemm CUDA0 1.257374 141739 40
CPU0 44.219424 141700 sgemm sgemm CUDA0 10.798548 141740 40
CPU1 44.308960 141701 sgemm sgemm CUDA1 1.265010 141741 40
CPU18 44.343543 141702 sgemm sgemm CUDA1 1.253314 141742 40
CPU16 44.834105 141703 sgemm sgemm CUDA1 1.070799 141743 40
CPU6 44.456201 141704 sgemm sgemm CUDA0 0.040637 141744 40
CPU18 44.854932 141705 sgemm sgemm CUDA3 1.269381 141745 40
CPU7 44.257087 141706 sgemm sgemm CUDA1 12.453949 141746 40
CPU3 44.180513 141707 sgemm sgemm CUDA3 1.273956 141747 40
CPU14 44.654232 141708 sgemm sgemm CUDA0 1.066453 141748 40
CPU5 44.180246 141709 sgemm sgemm CUDA0 1.066251 141749 40
CPU6 44.129848 141710 sgemm sgemm CUDA2 1.269981 141750 40
CPU9 44.141143 141711 sgemm sgemm CUDA1 0.044116 141751 40
CPU13 44.621219 141712 sgemm sgemm CUDA1 1.301552 141752 40
CPU12 44.847730 141713 sgemm sgemm CUDA1 1.073811 141753 40
CPU4 43.958973 141714 sgemm sgemm CUDA1 1.264445 141754 40
CPU13 44.856460 141715 sgemm sgemm CUDA2 1.072029 141755 40
CPU7 44.451597 141716 sgemm sgemm CUDA0 1.073015 141756 40
CPU12 44.567826 141717 sgemm sgemm CUDA1 1.074379 141757 40
CPU6 44.521250 141721 sgemm sgemm CUDA2 1.565144 141761 40
CPU7 44.275890 141722 sgemm sgemm CUDA2 1.273589 141762 40
CPU14 44.664199 141723 sgemm sgemm CUDA2 7.776381 141763 40
CPU1 44.240934 141724 sgemm sgemm CUDA2 1.355869 141764 40
CPU4 44.145586 141725 sgemm sgemm CUDA3 7.877481 141765 40
CPU16 44.692261 141726 sgemm sgemm CUDA3 0.048466 141766 40
CPU15 44.686735 141727 sgemm sgemm CUDA3 1.414718 141767 40
CPU16 44.821406 141728 sgemm sgemm CUDA3 1.225134 141768 40
CPU16 44.854525 141729 sgemm sgemm CUDA3 0.377809 141769 40
CPU6 43.913243 141730 sgemm sgemm CUDA3 1.263241 141770 40
CPU6 44.419538 141731 sgemm sgemm CUDA3 1.009595 141771 40
CPU4 44.539360 141732 sgemm sgemm CUDA2 1.253410 141772 40
CPU15 44.605871 141733 sgemm sgemm CUDA2 1.009224 141773 40
CPU15 44.887344 141734 sgemm sgemm CUDA1 1.064059 141774 40
CPU19 44.918464 141735 sgemm sgemm CUDA1 1.198823 141775 40
CPU6 44.490756 141736 sgemm sgemm CUDA2 1.253541 141776 40
CPU7 44.458966 141737 sgemm sgemm CUDA1 1.012281 141777 40
CPU3 44.329553 141738 sgemm sgemm CUDA2 1.008637 141778 40
CPU18 44.508927 141739 sgemm sgemm CUDA1 1.259459 141779 40
CPU16 44.918386 141740 sgemm sgemm CUDA1 1.209096 141780 40
CPU19 44.834696 141741 sgemm sgemm CUDA1 1.017939 141781 40
CPU17 44.832153 141742 sgemm sgemm CUDA3 1.265378 141782 40
CPU9 43.979407 141743 sgemm sgemm CUDA2 1.071436 141783 40
CPU0 44.784464 141744 sgemm sgemm CUDA2 1.199215 141784 40
CPU14 44.919748 141745 sgemm sgemm CUDA2 1.199078 141785 40
CPU2 44.180077 141746 sgemm sgemm CUDA2 1.199713 141786 40
CPU5 43.913879 141747 sgemm sgemm CUDA2 1.009724 141787 40
CPU7 44.145076 141748 sgemm sgemm CUDA1 1.262838 141788 40
CPU13 44.846417 141749 sgemm sgemm CUDA2 1.308080 141789 40
CPU5 44.224943 141750 sgemm sgemm CUDA3 2.268262 141790 40
CPU13 44.770442 141751 sgemm sgemm CUDA2 1.357090 141791 40
CPU17 44.544543 141752 sgemm sgemm CUDA2 1.014315 141792 40
CPU1 44.311796 141753 sgemm sgemm CUDA2 1.200812 141793 40
CPU14 44.500928 141754 sgemm sgemm CUDA1 1.070680 141794 40
CPU6 32.043122 141760 strsm strsm CUDA3 0.211994 141800 40
CPU7 32.064883 141764 strsm strsm CUDA3 2.253958 141804 40
CPU14 31.901825 141768 strsm strsm CUDA1 0.061123 141808 40
CPU4 31.887938 141772 strsm strsm CUDA1 10.478978 141812 40
CPU4 31.684771 141776 strsm strsm CUDA2 3.121006 141816 40
CPU17 32.025521 141780 strsm strsm CUDA2 11.481415 141820 40
CPU15 31.745445 141784 strsm strsm CUDA3 2.710645 141824 40
CPU18 31.680520 141788 strsm strsm CUDA3 2.060920 141828 40
CPU17 32.151022 141792 strsm strsm CUDA0 4.905548 141832 40
CPU7 32.136723 141796 strsm strsm CUDA3 2.831877 141836 40
CPU6 32.531240 141800 strsm strsm CUDA3 0.777013 141840 40
CPU10 32.121530 141804 strsm strsm CUDA3 11.419120 141844 40
CPU15 31.468665 141808 strsm strsm CUDA3 0.267756 141848 40
CPU14 32.185304 141812 strsm strsm CUDA1 3.132308 141852 40
CPU2 31.300033 141816 strsm strsm CUDA0 3.270671 141856 40
CPU7 32.160317 141820 strsm strsm CUDA0 2.607041 141860 40
CPU7 32.167742 141824 strsm strsm CUDA3 0.377049 141864 40
CPU5 31.978324 141828 strsm strsm CUDA0 0.295492 141868 40
CPU18 31.599437 141832 strsm strsm CUDA1 3.211999 141872 40
CPU16 32.125286 141836 strsm strsm CUDA1 3.050699 141876 40
CPU19 32.545777 141840 strsm strsm CUDA1 3.150172 141880 40
CPU17 32.352565 141844 strsm strsm CUDA0 2.513618 141884 40
CPU3 31.252949 141848 strsm strsm CUDA2 0.291023 141888 40
CPU12 33.083989 141852 strsm strsm CUDA3 2.191888 141892 40
CPU16 31.790989 141856 strsm strsm CUDA0 2.287232 141896 40
CPU8 32.684240 141860 strsm strsm CUDA0 3.202500 141900 40
CPU10 32.542565 141864 strsm strsm CUDA2 5.545495 141904 40
CPU0 31.685005 141868 strsm strsm CUDA1 11.293878 141908 40
CPU5 31.411171 141872 strsm strsm CUDA1 2.897740 141912 40
CPU0 33.589606 141876 strsm strsm CUDA0 0.134564 141916 40
CPU13 32.294335 141880 strsm strsm CUDA1 3.087776 141920 40
CPU13 32.795019 141884 strsm strsm CUDA0 2.926238 141924 40
CPU2 32.857037 141888 strsm strsm CUDA2 2.933929 141928 40
CPU1 32.454399 141892 strsm strsm CUDA3 2.936826 141932 40
CPU1 14.937192 141896 strtri strtri CPU -1 141936 40
CPU4 31.514541 141898 strsm strsm CUDA1 2.890945 141938 40
CPU2 30.981134 141900 strsm strsm CUDA1 2.726520 141940 40
CPU0 31.102451 141902 strsm strsm CUDA0 2.862177 141942 40
CPU4 31.034392 141904 strsm strsm CUDA0 0.041483 141944 40
CPU3 31.004114 141906 strsm strsm CUDA0 2.793338 141946 40
CPU5 30.976672 141908 strsm strsm CUDA1 8.545229 141948 40
CPU3 30.526289 141910 strsm strsm CUDA1 2.756901 141950 40
CPU9 30.735522 141912 strsm strsm CUDA0 2.824050 141952 40
CPU6 31.496584 141914 strsm strsm CUDA3 7.896788 141954 40
CPU4 31.349296 141916 strsm strsm CUDA0 2.694343 141956 40
CPU19 30.860226 141918 strsm strsm CUDA1 11.517664 141958 40
CPU2 30.798719 141920 strsm strsm CUDA1 2.830667 141960 40
CPU19 31.141538 141922 strsm strsm CUDA0 7.287241 141962 40
CPU3 30.709697 141924 strsm strsm CUDA1 8.977855 141964 40
CPU0 44.776971 141926 sgemm sgemm CUDA1 1.402428 141966 40
CPU6 44.753410 141927 sgemm sgemm CUDA1 1.035244 141967 40
CPU14 44.206038 141928 sgemm sgemm CUDA1 1.039075 141968 40
CPU6 44.889119 141929 sgemm sgemm CUDA1 1.239646 141969 40
CPU2 44.675541 141930 sgemm sgemm CUDA1 1.237106 141970 40
CPU17 44.726676 141931 sgemm sgemm CUDA2 1.233332 141971 40
CPU15 44.271069 141932 sgemm sgemm CUDA2 1.063504 141972 40
CPU16 44.541428 141933 sgemm sgemm CUDA3 1.065107 141973 40
CPU16 44.571899 141934 sgemm sgemm CUDA2 1.064813 141974 40
CPU3 44.661476 141935 sgemm sgemm CUDA3 1.224033 141975 40
CPU2 44.731889 141936 sgemm sgemm CUDA3 1.230829 141976 40
CPU3 44.877339 141937 sgemm sgemm CUDA2 0.340260 141977 40
CPU15 44.135072 141938 sgemm sgemm CUDA3 0.163807 141978 40
CPU14 44.581892 141939 sgemm sgemm CUDA3 1.290202 141979 40
CPU17 44.799279 141940 sgemm sgemm CUDA2 1.392962 141980 40
CPU12 44.980123 141941 sgemm sgemm CUDA2 1.067226 141981 40
CPU8 44.521571 141942 sgemm sgemm CUDA3 1.256970 141982 40
CPU3 44.610292 141943 sgemm sgemm CUDA3 0.059417 141983 40
CPU18 44.206832 141944 sgemm sgemm CUDA3 1.249063 141984 40
CPU16 44.313517 141945 sgemm sgemm CUDA1 12.003524 141985 40
CPU7 44.875684 141946 sgemm sgemm CUDA1 1.313373 141986 40
CPU18 44.249237 141947 sgemm sgemm CUDA3 1.049645 141987 40
CPU3 45.005138 141948 sgemm sgemm CUDA3 1.049773 141988 40
CPU0 44.821915 141949 sgemm sgemm CUDA0 1.067025 141989 40
CPU15 44.263625 141950 sgemm sgemm CUDA2 1.064824 141990 40
CPU7 45.129980 141951 sgemm sgemm CUDA0 1.032316 141991 40
CPU8 44.156562 141952 sgemm sgemm CUDA0 1.222724 141992 40
CPU1 44.521806 141953 sgemm sgemm CUDA1 1.270688 141993 40
CPU11 44.468527 141954 sgemm sgemm CUDA1 1.227062 141994 40
CPU7 45.055343 141955 sgemm sgemm CUDA1 1.052476 141995 40
CPU6 45.017850 141956 sgemm sgemm CUDA2 0.058292 141996 40
CPU7 44.640054 141957 sgemm sgemm CUDA0 1.040216 141997 40
CPU5 44.550015 141958 sgemm sgemm CUDA2 1.359505 141998 40
CPU6 44.730815 141959 sgemm sgemm CUDA0 1.038916 141999 40
CPU1 44.052697 141960 sgemm sgemm CUDA0 3.351983 142000 40
CPU0 44.947521 141964 sgemm sgemm CUDA2 1.258262 142004 40
CPU7 44.854871 141965 sgemm sgemm CUDA2 1.066200 142005 40
CPU14 44.180557 141966 sgemm sgemm CUDA1 0.050185 142006 40
CPU0 44.825107 141967 sgemm sgemm CUDA1 1.336667 142007 40
CPU3 44.907187 141968 sgemm sgemm CUDA2 8.175889 142008 40
CPU17 44.521822 141969 sgemm sgemm CUDA2 0.041899 142009 40
CPU15 44.225365 141970 sgemm sgemm CUDA3 0.082934 142010 40
CPU17 44.630673 141971 sgemm sgemm CUDA3 1.356456 142011 40
CPU19 44.592242 141972 sgemm sgemm CUDA3 1.257908 142012 40
CPU3 44.532183 141973 sgemm sgemm CUDA3 1.273108 142013 40
CPU4 44.618817 141974 sgemm sgemm CUDA3 1.257279 142014 40
CPU6 44.744742 141975 sgemm sgemm CUDA2 1.284205 142015 40
CPU15 44.251636 141976 sgemm sgemm CUDA2 1.084909 142016 40
CPU17 44.506524 141977 sgemm sgemm CUDA3 1.261192 142017 40
CPU19 44.614101 141978 sgemm sgemm CUDA2 1.069995 142018 40
CPU12 44.964937 141979 sgemm sgemm CUDA2 1.262835 142019 40
CPU5 44.673633 141980 sgemm sgemm CUDA0 0.071356 142020 40
CPU1 44.516837 141981 sgemm sgemm CUDA0 1.328244 142021 40
CPU18 44.309627 141982 sgemm sgemm CUDA3 1.066936 142022 40
CPU16 44.349100 141983 sgemm sgemm CUDA1 1.072681 142023 40
CPU4 44.489306 141984 sgemm sgemm CUDA0 1.067895 142024 40
CPU18 44.632444 141985 sgemm sgemm CUDA3 1.258285 142025 40
CPU3 44.937012 141986 sgemm sgemm CUDA3 1.256868 142026 40
CPU8 44.629005 141987 sgemm sgemm CUDA2 1.064739 142027 40
CPU15 44.045572 141988 sgemm sgemm CUDA2 1.257595 142028 40
CPU0 44.843084 141989 sgemm sgemm CUDA0 1.271203 142029 40
CPU1 44.385085 141990 sgemm sgemm CUDA2 1.254714 142030 40
CPU0 44.725963 141991 sgemm sgemm CUDA1 1.255658 142031 40
CPU6 44.924226 141992 sgemm sgemm CUDA1 1.254764 142032 40
CPU7 44.916122 141993 sgemm sgemm CUDA1 1.256674 142033 40
CPU12 44.684511 141994 sgemm sgemm CUDA3 1.258581 142034 40
CPU0 44.625545 141995 sgemm sgemm CUDA0 1.071871 142035 40
CPU0 44.933994 141996 sgemm sgemm CUDA0 1.260484 142036 40
CPU4 44.931023 141997 sgemm sgemm CUDA3 1.063925 142037 40
CPU13 45.109295 141998 sgemm sgemm CUDA0 1.260088 142038 40
CPU9 44.401829 142002 sgemm sgemm CUDA0 1.202460 142042 40
CPU7 44.151912 142003 sgemm sgemm CUDA1 12.280377 142043 40
CPU14 44.191726 142004 sgemm sgemm CUDA1 0.048245 142044 40
CPU2 44.725019 142005 sgemm sgemm CUDA1 1.327505 142045 40
CPU6 45.016520 142006 sgemm sgemm CUDA0 12.726005 142046 40
CPU17 44.431776 142007 sgemm sgemm CUDA0 0.046264 142047 40
CPU15 44.276109 142008 sgemm sgemm CUDA3 1.259251 142048 40
CPU17 44.665266 142009 sgemm sgemm CUDA3 1.066857 142049 40
CPU17 44.506612 142010 sgemm sgemm CUDA3 1.065354 142050 40
CPU8 44.636477 142011 sgemm sgemm CUDA3 1.252887 142051 40
CPU7 44.655393 142012 sgemm sgemm CUDA3 13.181635 142052 40
CPU4 44.744946 142013 sgemm sgemm CUDA0 1.316658 142053 40
CPU15 44.074102 142014 sgemm sgemm CUDA3 0.039753 142054 40
CPU14 44.532261 142015 sgemm sgemm CUDA0 1.063456 142055 40
CPU18 44.242549 142016 sgemm sgemm CUDA2 1.064034 142056 40
CPU6 44.808036 142017 sgemm sgemm CUDA2 1.252377 142057 40
CPU9 44.680536 142018 sgemm sgemm CUDA0 1.073911 142058 40
CPU0 44.406695 142019 sgemm sgemm CUDA0 1.259420 142059 40
CPU18 44.335602 142020 sgemm sgemm CUDA1 1.067821 142060 40
CPU16 44.584559 142021 sgemm sgemm CUDA1 1.250692 142061 40
CPU4 44.817986 142022 sgemm sgemm CUDA0 1.063518 142062 40
CPU18 44.092099 142023 sgemm sgemm CUDA2 12.990566 142063 40
CPU3 44.603978 142024 sgemm sgemm CUDA2 0.040192 142064 40
CPU12 44.558133 142025 sgemm sgemm CUDA2 1.318670 142065 40
CPU14 44.251951 142026 sgemm sgemm CUDA2 1.068512 142066 40
CPU7 44.788816 142027 sgemm sgemm CUDA0 1.068300 142067 40
CPU9 44.600740 142028 sgemm sgemm CUDA2 1.067352 142068 40
CPU2 44.459921 142029 sgemm sgemm CUDA1 1.072992 142069 40
CPU14 44.468229 142030 sgemm sgemm CUDA1 1.070578 142070 40
CPU10 44.253709 142031 sgemm sgemm CUDA1 1.071619 142071 40
CPU16 44.360026 142032 sgemm sgemm CUDA2 1.068741 142072 40
CPU5 44.425406 142033 sgemm sgemm CUDA0 1.072794 142073 40
CPU2 44.423004 142034 sgemm sgemm CUDA2 1.258763 142074 40
CPU10 44.547009 142035 sgemm sgemm CUDA3 1.353007 142075 40
CPU18 44.501396 142036 sgemm sgemm CUDA1 1.257482 142076 40
CPU1 44.946001 142040 sgemm sgemm CUDA0 1.247119 142080 40
CPU7 44.134148 142041 sgemm sgemm CUDA1 1.271957 142081 40
CPU14 44.349206 142042 sgemm sgemm CUDA1 1.083724 142082 40
CPU2 44.600782 142043 sgemm sgemm CUDA1 1.252015 142083 40
CPU2 44.575472 142044 sgemm sgemm CUDA0 1.321278 142084 40
CPU18 44.233309 142045 sgemm sgemm CUDA0 1.099031 142085 40
CPU15 44.421498 142046 sgemm sgemm CUDA3 1.338811 142086 40
CPU17 44.614848 142047 sgemm sgemm CUDA3 1.265874 142087 40
CPU17 44.599397 142048 sgemm sgemm CUDA3 1.069582 142088 40
CPU0 44.859967 142049 sgemm sgemm CUDA3 1.067586 142089 40
CPU3 44.883423 142050 sgemm sgemm CUDA3 1.258100 142090 40
CPU1 44.750377 142051 sgemm sgemm CUDA0 1.078239 142091 40
CPU15 44.087344 142052 sgemm sgemm CUDA0 1.251641 142092 40
CPU15 44.262303 142053 sgemm sgemm CUDA0 1.119976 142093 40
CPU5 44.797824 142054 sgemm sgemm CUDA2 1.258412 142094 40
CPU12 44.798769 142055 sgemm sgemm CUDA1 1.259808 142095 40
CPU0 45.011144 142056 sgemm sgemm CUDA0 1.316493 142096 40
CPU2 44.590113 142057 sgemm sgemm CUDA0 1.273853 142097 40
CPU18 44.381158 142058 sgemm sgemm CUDA3 1.259475 142098 40
CPU16 44.459628 142059 sgemm sgemm CUDA1 1.253651 142099 40
CPU18 44.446987 142060 sgemm sgemm CUDA1 1.257083 142100 40
CPU18 44.195457 142061 sgemm sgemm CUDA3 1.258833 142101 40
CPU3 44.786915 142062 sgemm sgemm CUDA3 12.838121 142102 40
CPU1 44.792399 142063 sgemm sgemm CUDA2 1.259360 142103 40
CPU15 44.025346 142064 sgemm sgemm CUDA2 1.263725 142104 40
CPU5 44.568822 142065 sgemm sgemm CUDA0 1.267556 142105 40
CPU6 44.560702 142066 sgemm sgemm CUDA2 8.727720 142106 40
CPU1 44.640158 142067 sgemm sgemm CUDA1 1.060679 142107 40
CPU13 44.273376 142068 sgemm sgemm CUDA1 1.257868 142108 40
CPU3 44.738847 142069 sgemm sgemm CUDA1 1.069580 142109 40
CPU5 44.737432 142070 sgemm sgemm CUDA2 0.043403 142110 40
CPU19 44.439847 142071 sgemm sgemm CUDA0 12.492316 142111 40
CPU5 44.492458 142072 sgemm sgemm CUDA2 1.266095 142112 40
CPU10 44.424810 142073 sgemm sgemm CUDA3 0.110040 142113 40
CPU5 44.432003 142074 sgemm sgemm CUDA3 1.410364 142114 40
CPU7 44.608208 142078 sgemm sgemm CUDA0 0.188501 142118 40
CPU8 44.596974 142079 sgemm sgemm CUDA1 0.114235 142119 40
CPU14 44.336132 142080 sgemm sgemm CUDA1 1.508418 142120 40
CPU2 44.784298 142081 sgemm sgemm CUDA2 0.102818 142121 40
CPU3 44.778631 142082 sgemm sgemm CUDA2 1.269381 142122 40
CPU18 44.903620 142083 sgemm sgemm CUDA2 1.075886 142123 40
CPU15 44.295722 142084 sgemm sgemm CUDA2 1.278603 142124 40
CPU16 44.409722 142085 sgemm sgemm CUDA3 0.256086 142125 40
CPU16 44.425710 142086 sgemm sgemm CUDA3 1.333909 142126 40
CPU5 44.784681 142087 sgemm sgemm CUDA3 1.298739 142127 40
CPU5 44.664692 142088 sgemm sgemm CUDA3 1.082840 142128 40
CPU3 44.800210 142089 sgemm sgemm CUDA2 1.296157 142129 40
CPU15 44.309716 142090 sgemm sgemm CUDA3 0.057960 142130 40
CPU16 44.239273 142091 sgemm sgemm CUDA0 0.135858 142131 40
CPU18 44.458406 142092 sgemm sgemm CUDA2 6.550048 142132 40
CPU12 45.115187 142093 sgemm sgemm CUDA1 0.100915 142133 40
CPU5 44.987643 142094 sgemm sgemm CUDA0 1.268126 142134 40
CPU3 44.561719 142095 sgemm sgemm CUDA0 1.263157 142135 40
CPU18 44.216482 142096 sgemm sgemm CUDA3 1.269425 142136 40
CPU16 44.209812 142097 sgemm sgemm CUDA1 1.263873 142137 40
CPU8 44.467831 142098 sgemm sgemm CUDA1 0.051277 142138 40
CPU18 44.328647 142099 sgemm sgemm CUDA3 1.077966 142139 40
CPU3 44.765934 142100 sgemm sgemm CUDA2 0.155724 142140 40
CPU9 44.928086 142101 sgemm sgemm CUDA0 6.701643 142141 40
CPU16 44.383118 142102 sgemm sgemm CUDA2 1.357882 142142 40
CPU2 44.568979 142103 sgemm sgemm CUDA0 0.067764 142143 40
CPU7 44.716743 142104 sgemm sgemm CUDA2 1.313309 142144 40
CPU2 44.424698 142105 sgemm sgemm CUDA1 1.443381 142145 40
CPU0 44.865641 142106 sgemm sgemm CUDA1 1.277351 142146 40
CPU12 44.620831 142107 sgemm sgemm CUDA1 1.087064 142147 40
CPU5 44.733398 142108 sgemm sgemm CUDA3 1.258863 142148 40
CPU2 44.464897 142109 sgemm sgemm CUDA0 1.410163 142149 40
CPU2 44.459427 142110 sgemm sgemm CUDA2 1.115532 142150 40
CPU10 44.428555 142111 sgemm sgemm CUDA0 1.073537 142151 40
CPU13 44.752437 142112 sgemm sgemm CUDA2 1.071451 142152 40
CPU2 44.686194 142116 sgemm sgemm CUDA1 1.067600 142156 40
CPU3 44.582200 142117 sgemm sgemm CUDA2 1.255774 142157 40
CPU14 44.382606 142118 sgemm sgemm CUDA2 1.197905 142158 40
CPU2 44.606401 142119 sgemm sgemm CUDA1 1.206790 142159 40
CPU7 44.748452 142120 sgemm sgemm CUDA2 1.196370 142160 40
CPU17 44.269086 142121 sgemm sgemm CUDA2 1.205008 142161 40
CPU15 44.327665 142122 sgemm sgemm CUDA3 1.072391 142162 40
CPU17 44.651903 142123 sgemm sgemm CUDA3 1.008651 142163 40
CPU16 44.452682 142124 sgemm sgemm CUDA3 1.022315 142164 40
CPU0 45.040443 142125 sgemm sgemm CUDA3 12.804828 142165 40
CPU5 44.618066 142126 sgemm sgemm CUDA3 0.043289 142166 40
CPU2 44.600299 142127 sgemm sgemm CUDA2 1.201714 142167 40
CPU15 44.446252 142128 sgemm sgemm CUDA3 1.240755 142168 40
CPU14 44.649116 142129 sgemm sgemm CUDA0 1.264098 142169 40
CPU19 44.750171 142130 sgemm sgemm CUDA2 12.738555 142170 40
CPU12 44.756575 142131 sgemm sgemm CUDA2 0.041834 142171 40
CPU1 44.814325 142132 sgemm sgemm CUDA3 1.014260 142172 40
CPU3 44.741289 142133 sgemm sgemm CUDA0 1.197759 142173 40
CPU18 44.222121 142134 sgemm sgemm CUDA1 1.014278 142174 40
CPU16 44.396493 142135 sgemm sgemm CUDA1 1.019370 142175 40
CPU1 44.380173 142136 sgemm sgemm CUDA1 1.200884 142176 40
CPU18 44.348599 142137 sgemm sgemm CUDA3 1.008938 142177 40
CPU3 44.677036 142138 sgemm sgemm CUDA2 1.298298 142178 40
CPU11 44.229027 142139 sgemm sgemm CUDA0 1.012596 142179 40
CPU14 44.562381 142140 sgemm sgemm CUDA2 1.014681 142180 40
CPU9 44.644281 142141 sgemm sgemm CUDA0 1.009459 142181 40
CPU5 44.492657 142142 sgemm sgemm CUDA0 1.199842 142182 40
CPU0 45.130627 142143 sgemm sgemm CUDA1 1.006250 142183 40
CPU5 44.649350 142144 sgemm sgemm CUDA1 13.164302 142184 40
CPU5 44.765628 142145 sgemm sgemm CUDA1 0.045266 142185 40
CPU7 44.532041 142146 sgemm sgemm CUDA2 1.202084 142186 40
CPU4 44.430880 142147 sgemm sgemm CUDA0 1.017243 142187 40
CPU0 44.790793 142148 sgemm sgemm CUDA2 1.203434 142188 40
CPU10 44.473246 142149 sgemm sgemm CUDA3 1.009914 142189 40
CPU12 46.128216 142150 sgemm sgemm CUDA3 1.009125 142190 40
CPU8 44.453353 142154 sgemm sgemm CUDA1 1.197804 142194 40
CPU5 44.595903 142155 sgemm sgemm CUDA2 1.063417 142195 40
CPU14 44.414526 142156 sgemm sgemm CUDA2 1.066341 142196 40
CPU2 44.587300 142157 sgemm sgemm CUDA2 13.146505 142197 40
CPU4 44.724467 142158 sgemm sgemm CUDA2 0.039994 142198 40
CPU16 44.426348 142159 sgemm sgemm CUDA2 1.383454 142199 40
CPU15 44.594000 142160 sgemm sgemm CUDA2 7.557913 142200 40
CPU18 44.528675 142161 sgemm sgemm CUDA1 1.257314 142201 40
CPU17 44.818093 142162 sgemm sgemm CUDA3 0.045676 142202 40
CPU6 45.223575 142163 sgemm sgemm CUDA3 1.305702 142203 40
CPU3 44.653360 142164 sgemm sgemm CUDA3 1.256188 142204 40
CPU8 44.595684 142165 sgemm sgemm CUDA0 1.059933 142205 40
CPU15 44.287849 142166 sgemm sgemm CUDA2 0.166451 142206 40
CPU14 44.643522 142167 sgemm sgemm CUDA1 1.198506 142207 40
CPU11 44.719668 142168 sgemm sgemm CUDA2 1.258994 142208 40
CPU16 44.310138 142169 sgemm sgemm CUDA1 1.197563 142209 40
CPU3 44.418409 142170 sgemm sgemm CUDA0 1.263252 142210 40
CPU1 44.482940 142171 sgemm sgemm CUDA3 9.276077 142211 40
CPU18 44.246238 142172 sgemm sgemm CUDA3 0.042044 142212 40
CPU16 44.506818 142173 sgemm sgemm CUDA1 1.257821 142213 40
CPU3 44.810499 142174 sgemm sgemm CUDA1 1.063884 142214 40
CPU18 44.563110 142175 sgemm sgemm CUDA3 1.365814 142215 40
CPU3 44.454336 142176 sgemm sgemm CUDA3 10.572748 142216 40
CPU18 44.448463 142177 sgemm sgemm CUDA0 1.002028 142217 40
CPU15 44.412297 142178 sgemm sgemm CUDA2 0.948171 142218 40
CPU7 44.703280 142179 sgemm sgemm CUDA0 1.259961 142219 40
CPU2 44.405289 142180 sgemm sgemm CUDA0 12.485411 142220 40
CPU6 44.531269 142181 sgemm sgemm CUDA3 1.402621 142221 40
CPU2 44.407629 142182 sgemm sgemm CUDA1 1.072285 142222 40
CPU7 45.071230 142183 sgemm sgemm CUDA1 12.206054 142223 40
CPU9 44.495588 142184 sgemm sgemm CUDA2 9.221411 142224 40
CPU1 44.373364 142185 sgemm sgemm CUDA0 0.041311 142225 40
CPU2 44.563453 142186 sgemm sgemm CUDA2 0.045672 142226 40
CPU10 44.492050 142187 sgemm sgemm CUDA3 1.253303 142227 40
CPU12 44.721193 142188 sgemm sgemm CUDA3 1.260351 142228 40
CPU6 44.438910 142192 sgemm sgemm CUDA2 0.057916 142232 40
CPU7 44.531402 142193 sgemm sgemm CUDA2 1.315173 142233 40
CPU14 44.448739 142194 sgemm sgemm CUDA2 1.268032 142234 40
CPU1 44.491505 142195 sgemm sgemm CUDA2 3.864923 142235 40
CPU3 44.660638 142196 sgemm sgemm CUDA2 0.045816 142236 40
CPU18 44.205844 142197 sgemm sgemm CUDA2 1.367989 142237 40
CPU15 44.556499 142198 sgemm sgemm CUDA3 1.211839 142238 40
CPU18 44.314381 142199 sgemm sgemm CUDA3 1.262651 142239 40
CPU16 44.752743 142200 sgemm sgemm CUDA3 1.257279 142240 40
CPU8 44.624651 142201 sgemm sgemm CUDA3 1.062213 142241 40
CPU4 44.623527 142202 sgemm sgemm CUDA3 1.000789 142242 40
CPU0 44.574498 142203 sgemm sgemm CUDA2 1.071280 142243 40
CPU15 44.456636 142204 sgemm sgemm CUDA0 1.264188 142244 40
CPU14 44.643822 142205 sgemm sgemm CUDA1 1.203603 142245 40
CPU17 44.644604 142206 sgemm sgemm CUDA1 4.429108 142246 40
CPU12 44.499970 142207 sgemm sgemm CUDA1 0.043254 142247 40
CPU4 44.733045 142208 sgemm sgemm CUDA3 1.203200 142248 40
CPU8 44.457082 142209 sgemm sgemm CUDA2 1.254300 142249 40
CPU18 44.452875 142210 sgemm sgemm CUDA3 12.918291 142250 40
CPU16 44.278798 142211 sgemm sgemm CUDA1 1.200737 142251 40
CPU10 44.377983 142212 sgemm sgemm CUDA0 1.249596 142252 40
CPU18 44.334648 142213 sgemm sgemm CUDA2 1.204199 142253 40
CPU3 44.541474 142214 sgemm sgemm CUDA2 1.200491 142254 40
CPU12 44.467469 142215 sgemm sgemm CUDA2 1.015066 142255 40
CPU15 44.289403 142216 sgemm sgemm CUDA2 0.045535 142256 40
CPU1 44.549390 142217 sgemm sgemm CUDA0 1.127835 142257 40
CPU3 44.350273 142218 sgemm sgemm CUDA0 1.266059 142258 40
CPU0 44.696892 142219 sgemm sgemm CUDA1 1.201164 142259 40
CPU4 44.419687 142220 sgemm sgemm CUDA1 1.066714 142260 40
CPU6 44.670678 142221 sgemm sgemm CUDA3 0.066865 142261 40
CPU3 44.495608 142222 sgemm sgemm CUDA2 1.302682 142262 40
CPU6 44.258691 142223 sgemm sgemm CUDA0 1.202760 142263 40
CPU2 44.214900 142224 sgemm sgemm CUDA0 1.259245 142264 40
CPU19 44.834609 142225 sgemm sgemm CUDA3 10.469512 142265 40
CPU17 44.757671 142226 sgemm sgemm CUDA2 10.568175 142266 40
CPU1 44.587470 142230 sgemm sgemm CUDA3 13.411327 142270 40
CPU3 44.491290 142231 sgemm sgemm CUDA3 0.050465 142271 40
CPU14 44.593088 142232 sgemm sgemm CUDA2 1.260390 142272 40
CPU3 44.561674 142233 sgemm sgemm CUDA2 1.329552 142273 40
CPU8 44.372299 142234 sgemm sgemm CUDA3 1.329099 142274 40
CPU18 44.323032 142235 sgemm sgemm CUDA2 2.073081 142275 40
CPU15 44.306541 142236 sgemm sgemm CUDA3 1.065698 142276 40
CPU16 44.488010 142237 sgemm sgemm CUDA3 1.267042 142277 40
CPU17 44.584144 142238 sgemm sgemm CUDA3 1.263469 142278 40
CPU9 44.619439 142239 sgemm sgemm CUDA2 1.314272 142279 40
CPU3 44.581828 142240 sgemm sgemm CUDA3 1.256139 142280 40
CPU2 44.571574 142241 sgemm sgemm CUDA2 1.261724 142281 40
CPU15 44.178367 142242 sgemm sgemm CUDA0 14.468745 142282 40
CPU14 44.569674 142243 sgemm sgemm CUDA0 0.075671 142283 40
CPU19 44.793905 142244 sgemm sgemm CUDA0 1.063357 142284 40
CPU17 44.537648 142245 sgemm sgemm CUDA0 1.074357 142285 40
CPU1 44.418534 142246 sgemm sgemm CUDA0 1.071980 142286 40
CPU1 44.651125 142247 sgemm sgemm CUDA2 1.075894 142287 40
CPU18 44.246804 142248 sgemm sgemm CUDA0 1.255560 142288 40
CPU16 44.139255 142249 sgemm sgemm CUDA3 1.200200 142289 40
CPU5 44.784794 142250 sgemm sgemm CUDA0 1.062907 142290 40
CPU18 44.318965 142251 sgemm sgemm CUDA3 1.010285 142291 40
CPU3 44.519426 142252 sgemm sgemm CUDA2 1.255561 142292 40
CPU10 44.408431 142253 sgemm sgemm CUDA3 12.332999 142293 40
CPU14 44.356336 142254 sgemm sgemm CUDA2 1.069642 142294 40
CPU8 44.753539 142255 sgemm sgemm CUDA0 1.258508 142295 40
CPU4 44.515264 142256 sgemm sgemm CUDA0 1.067258 142296 40
CPU4 44.365786 142257 sgemm sgemm CUDA1 1.007729 142297 40
CPU11 44.486141 142258 sgemm sgemm CUDA1 0.068849 142298 40
CPU12 44.499654 142259 sgemm sgemm CUDA1 1.339212 142299 40
CPU9 44.737411 142260 sgemm sgemm CUDA2 1.434499 142300 40
CPU8 44.491794 142261 sgemm sgemm CUDA0 1.007382 142301 40
CPU5 44.402818 142262 sgemm sgemm CUDA2 1.065510 142302 40
CPU10 44.460340 142263 sgemm sgemm CUDA3 1.067420 142303 40
CPU9 44.431242 142264 sgemm sgemm CUDA2 1.256065 142304 40
CPU7 44.784614 142268 sgemm sgemm CUDA2 0.477058 142308 40
CPU5 44.580518 142269 sgemm sgemm CUDA2 1.142196 142309 40
CPU14 44.616008 142270 sgemm sgemm CUDA1 1.036364 142310 40
CPU2 44.701217 142271 sgemm sgemm CUDA1 0.146632 142311 40
CPU5 44.220708 142272 sgemm sgemm CUDA1 1.344656 142312 40
CPU16 44.361767 142273 sgemm sgemm CUDA2 0.148078 142313 40
CPU15 44.518405 142274 sgemm sgemm CUDA2 1.333532 142314 40
CPU16 44.306248 142275 sgemm sgemm CUDA0 4.755218 142315 40
CPU16 44.284665 142276 sgemm sgemm CUDA0 1.335044 142316 40
CPU1 44.711337 142277 sgemm sgemm CUDA2 1.072128 142317 40
CPU6 44.837182 142278 sgemm sgemm CUDA0 0.267320 142318 40
CPU7 44.770639 142279 sgemm sgemm CUDA2 1.417083 142319 40
CPU15 44.203391 142280 sgemm sgemm CUDA2 1.331725 142320 40
CPU15 44.239322 142281 sgemm sgemm CUDA1 0.174325 142321 40
CPU17 44.750178 142282 sgemm sgemm CUDA2 1.356541 142322 40
CPU12 44.391857 142283 sgemm sgemm CUDA1 1.276241 142323 40
CPU7 44.807052 142284 sgemm sgemm CUDA0 0.043223 142324 40
CPU3 44.750962 142285 sgemm sgemm CUDA1 1.292577 142325 40
CPU18 44.353183 142286 sgemm sgemm CUDA0 1.070870 142326 40
CPU16 44.347034 142287 sgemm sgemm CUDA1 0.194348 142327 40
CPU0 44.786236 142288 sgemm sgemm CUDA1 0.238529 142328 40
CPU18 44.510675 142289 sgemm sgemm CUDA2 12.189335 142329 40
CPU3 44.627377 142290 sgemm sgemm CUDA2 0.050614 142330 40
CPU6 44.960318 142291 sgemm sgemm CUDA2 1.321799 142331 40
CPU16 44.291879 142292 sgemm sgemm CUDA2 1.078133 142332 40
CPU6 44.459899 142293 sgemm sgemm CUDA2 1.329241 142333 40
CPU0 44.946241 142294 sgemm sgemm CUDA2 0.228463 142334 40
CPU8 44.309781 142295 sgemm sgemm CUDA1 0.055154 142335 40
CPU13 44.362577 142296 sgemm sgemm CUDA1 1.318854 142336 40
CPU2 44.696800 142297 sgemm sgemm CUDA1 0.110356 142337 40
CPU0 44.781011 142298 sgemm sgemm CUDA2 8.714945 142338 40
CPU13 44.540667 142299 sgemm sgemm CUDA0 0.202211 142339 40
CPU2 44.456403 142300 sgemm sgemm CUDA2 0.051464 142340 40
CPU10 44.403430 142301 sgemm sgemm CUDA1 0.484287 142341 40
CPU13 44.913916 142302 sgemm sgemm CUDA2 1.331836 142342 40
CPU6 44.391350 142306 sgemm sgemm CUDA1 1.254849 142346 40
CPU5 44.609655 142307 sgemm sgemm CUDA1 1.010538 142347 40
CPU14 44.579107 142308 sgemm sgemm CUDA1 1.198320 142348 40
CPU1 44.583483 142309 sgemm sgemm CUDA1 1.193417 142349 40
CPU1 44.603653 142310 sgemm sgemm CUDA3 1.067425 142350 40
CPU18 44.400948 142311 sgemm sgemm CUDA3 1.072713 142351 40
CPU15 44.493512 142312 sgemm sgemm CUDA3 1.070232 142352 40
CPU16 44.475005 142313 sgemm sgemm CUDA3 1.254679 142353 40
CPU17 44.618694 142314 sgemm sgemm CUDA3 1.197964 142354 40
CPU2 44.942839 142315 sgemm sgemm CUDA3 0.040910 142355 40
CPU4 44.741824 142316 sgemm sgemm CUDA3 1.257423 142356 40
CPU5 44.701537 142317 sgemm sgemm CUDA1 1.009620 142357 40
CPU15 44.384277 142318 sgemm sgemm CUDA0 1.256834 142358 40
CPU14 44.446017 142319 sgemm sgemm CUDA1 12.055941 142359 40
CPU19 44.873669 142320 sgemm sgemm CUDA2 12.679628 142360 40
CPU16 44.265007 142321 sgemm sgemm CUDA2 0.044358 142361 40
CPU9 44.700444 142322 sgemm sgemm CUDA0 1.067826 142362 40
CPU0 45.130100 142323 sgemm sgemm CUDA0 12.097460 142363 40
CPU18 44.153752 142324 sgemm sgemm CUDA0 1.359110 142364 40
CPU16 44.371737 142325 sgemm sgemm CUDA1 1.071161 142365 40
CPU2 44.451326 142326 sgemm sgemm CUDA0 1.197780 142366 40
CPU18 44.499260 142327 sgemm sgemm CUDA3 1.259078 142367 40
CPU3 44.643241 142328 sgemm sgemm CUDA2 1.067648 142368 40
CPU9 44.487410 142329 sgemm sgemm CUDA2 1.067431 142369 40
CPU14 44.282882 142330 sgemm sgemm CUDA2 13.102450 142370 40
CPU5 44.610795 142331 sgemm sgemm CUDA2 1.323910 142371 40
CPU8 44.538244 142332 sgemm sgemm CUDA2 1.258404 142372 40
CPU3 44.223634 142333 sgemm sgemm CUDA1 1.072236 142373 40
CPU12 44.338771 142334 sgemm sgemm CUDA1 1.198657 142374 40
CPU4 44.775480 142335 sgemm sgemm CUDA3 0.039534 142375 40
CPU8 44.706231 142336 sgemm sgemm CUDA2 1.009190 142376 40
CPU7 44.740963 142337 sgemm sgemm CUDA0 1.258406 142377 40
CPU2 44.409940 142338 sgemm sgemm CUDA0 1.009893 142378 40
CPU17 44.402750 142339 sgemm sgemm CUDA1 12.134739 142379 40
CPU13 44.872626 142340 sgemm sgemm CUDA2 1.260411 142380 40
CPU2 44.580419 142344 sgemm sgemm CUDA1 1.269928 142384 40
CPU6 44.636268 142345 sgemm sgemm CUDA1 1.257280 142385 40
CPU14 44.533023 142346 sgemm sgemm CUDA1 1.070400 142386 40
CPU4 44.697797 142347 sgemm sgemm CUDA1 1.257054 142387 40
CPU9 44.418839 142348 sgemm sgemm CUDA2 1.314967 142388 40
CPU17 44.609497 142349 sgemm sgemm CUDA2 14.211439 142389 40
CPU15 44.399758 142350 sgemm sgemm CUDA3 1.294073 142390 40
CPU18 44.331035 142351 sgemm sgemm CUDA3 1.068994 142391 40
CPU16 44.853060 142352 sgemm sgemm CUDA3 12.417581 142392 40
CPU7 44.530451 142353 sgemm sgemm CUDA3 0.247511 142393 40
CPU4 44.476072 142354 sgemm sgemm CUDA3 1.284519 142394 40
CPU9 44.571649 142355 sgemm sgemm CUDA2 0.100586 142395 40
CPU15 44.460260 142356 sgemm sgemm CUDA2 1.353400 142396 40
CPU16 44.417307 142357 sgemm sgemm CUDA3 1.263066 142397 40
CPU18 44.502036 142358 sgemm sgemm CUDA2 1.066142 142398 40
CPU12 44.288616 142359 sgemm sgemm CUDA2 1.068203 142399 40
CPU2 44.640317 142360 sgemm sgemm CUDA3 0.044768 142400 40
CPU0 44.807406 142361 sgemm sgemm CUDA2 1.263078 142401 40
CPU18 44.140392 142362 sgemm sgemm CUDA3 1.255247 142402 40
CPU16 44.426917 142363 sgemm sgemm CUDA1 1.396496 142403 40
CPU9 44.373903 142364 sgemm sgemm CUDA1 1.090290 142404 40
CPU18 44.322895 142365 sgemm sgemm CUDA3 1.064824 142405 40
CPU3 44.530286 142366 sgemm sgemm CUDA2 1.261826 142406 40
CPU13 44.533915 142367 sgemm sgemm CUDA2 0.108549 142407 40
CPU15 44.328648 142368 sgemm sgemm CUDA2 1.477917 142408 40
CPU2 44.609173 142369 sgemm sgemm CUDA0 1.069803 142409 40
CPU0 44.722883 142370 sgemm sgemm CUDA2 1.259537 142410 40
CPU5 44.367943 142371 sgemm sgemm CUDA3 1.260429 142411 40
CPU13 44.557822 142372 sgemm sgemm CUDA1 1.071489 142412 40
CPU12 44.514216 142373 sgemm sgemm CUDA1 1.262424 142413 40
CPU6 44.706064 142374 sgemm sgemm CUDA3 1.258333 142414 40
CPU13 44.843750 142375 sgemm sgemm CUDA0 1.066925 142415 40
CPU0 44.467026 142376 sgemm sgemm CUDA2 1.257097 142416 40
CPU18 44.426705 142377 sgemm sgemm CUDA0 1.065739 142417 40
CPU13 46.764093 142378 sgemm sgemm CUDA2 1.074966 142418 40
CPU3 44.298160 142382 sgemm sgemm CUDA0 1.270375 142422 40
CPU5 43.834541 142383 sgemm sgemm CUDA0 1.273958 142423 40
CPU14 44.746658 142384 sgemm sgemm CUDA0 1.271051 142424 40
CPU0 44.689020 142385 sgemm sgemm CUDA1 1.333077 142425 40
CPU7 44.375249 142386 sgemm sgemm CUDA1 1.066536 142426 40
CPU18 44.548557 142387 sgemm sgemm CUDA2 1.257273 142427 40
CPU15 44.586138 142388 sgemm sgemm CUDA2 1.259719 142428 40
CPU16 44.579053 142389 sgemm sgemm CUDA0 1.318260 142429 40
CPU16 44.730688 142390 sgemm sgemm CUDA0 1.071308 142430 40
CPU1 43.964512 142391 sgemm sgemm CUDA2 1.260369 142431 40
CPU10 44.871676 142392 sgemm sgemm CUDA0 1.066739 142432 40
CPU10 44.613628 142393 sgemm sgemm CUDA1 1.257898 142433 40
CPU15 44.435321 142394 sgemm sgemm CUDA2 1.259114 142434 40
CPU14 44.796573 142395 sgemm sgemm CUDA1 1.252135 142435 40
CPU18 44.453805 142396 sgemm sgemm CUDA1 1.074864 142436 40
CPU6 44.334734 142397 sgemm sgemm CUDA0 1.064710 142437 40
CPU0 44.377606 142398 sgemm sgemm CUDA0 1.072475 142438 40
CPU1 44.442463 142399 sgemm sgemm CUDA1 1.256381 142439 40
CPU18 44.358019 142400 sgemm sgemm CUDA1 1.065892 142440 40
CPU16 44.591647 142401 sgemm sgemm CUDA1 1.065983 142441 40
CPU6 44.467766 142402 sgemm sgemm CUDA0 1.066101 142442 40
CPU18 44.546542 142403 sgemm sgemm CUDA3 1.260073 142443 40
CPU3 44.443366 142404 sgemm sgemm CUDA2 1.070741 142444 40
CPU3 44.487589 142405 sgemm sgemm CUDA3 1.074320 142445 40
CPU14 44.554600 142406 sgemm sgemm CUDA2 1.063424 142446 40
CPU7 44.470364 142407 sgemm sgemm CUDA0 1.070878 142447 40
CPU6 44.157164 142408 sgemm sgemm CUDA2 1.069004 142448 40
CPU7 44.456733 142409 sgemm sgemm CUDA1 1.068235 142449 40
CPU11 44.474781 142410 sgemm sgemm CUDA1 1.256923 142450 40
CPU11 44.429230 142411 sgemm sgemm CUDA1 1.264837 142451 40
CPU4 44.433231 142412 sgemm sgemm CUDA3 1.061332 142452 40
CPU11 44.465875 142413 sgemm sgemm CUDA2 1.070909 142453 40
CPU2 44.204788 142414 sgemm sgemm CUDA0 1.263216 142454 40
CPU12 44.674911 142415 sgemm sgemm CUDA1 1.259700 142455 40
CPU19 44.879084 142416 sgemm sgemm CUDA2 1.065484 142456 40
CPU6 44.588761 142420 sgemm sgemm CUDA1 1.341316 142460 40
CPU7 44.416268 142421 sgemm sgemm CUDA2 0.060183 142461 40
CPU14 44.660988 142422 sgemm sgemm CUDA2 1.320485 142462 40
CPU2 44.260898 142423 sgemm sgemm CUDA2 1.265704 142463 40
CPU4 44.307144 142424 sgemm sgemm CUDA3 0.047718 142464 40
CPU16 44.698576 142425 sgemm sgemm CUDA3 1.320474 142465 40
CPU15 44.639697 142426 sgemm sgemm CUDA3 1.340804 142466 40
CPU17 44.921553 142427 sgemm sgemm CUDA3 1.086606 142467 40
CPU16 45.065578 142428 sgemm sgemm CUDA0 1.076821 142468 40
CPU6 44.344957 142429 sgemm sgemm CUDA3 1.258536 142469 40
CPU6 44.134673 142430 sgemm sgemm CUDA3 1.259671 142470 40
CPU4 44.582749 142431 sgemm sgemm CUDA2 1.260489 142471 40
CPU14 44.602219 142432 sgemm sgemm CUDA0 0.797999 142472 40
CPU15 44.920959 142433 sgemm sgemm CUDA1 1.272658 142473 40
CPU18 44.493540 142434 sgemm sgemm CUDA1 1.267798 142474 40
CPU17 44.751138 142435 sgemm sgemm CUDA0 1.074643 142475 40
CPU7 44.709983 142436 sgemm sgemm CUDA1 1.257624 142476 40
CPU3 44.266330 142437 sgemm sgemm CUDA2 1.072032 142477 40
CPU18 44.566202 142438 sgemm sgemm CUDA0 1.274894 142478 40
CPU16 44.750907 142439 sgemm sgemm CUDA1 1.069695 142479 40
CPU18 44.628234 142440 sgemm sgemm CUDA1 1.074876 142480 40
CPU18 44.499099 142441 sgemm sgemm CUDA3 1.071391 142481 40
CPU3 44.232561 142442 sgemm sgemm CUDA2 1.259704 142482 40
CPU0 44.780091 142443 sgemm sgemm CUDA2 1.070292 142483 40
CPU14 44.739804 142444 sgemm sgemm CUDA2 1.067445 142484 40
CPU1 44.278104 142445 sgemm sgemm CUDA0 1.064091 142485 40
CPU5 44.027243 142446 sgemm sgemm CUDA2 1.067544 142486 40
CPU7 44.272622 142447 sgemm sgemm CUDA1 1.074055 142487 40
CPU12 44.474076 142448 sgemm sgemm CUDA1 1.259940 142488 40
CPU5 44.211267 142449 sgemm sgemm CUDA3 15.112824 142489 40
CPU12 44.775756 142450 sgemm sgemm CUDA2 1.257680 142490 40
CPU12 44.441571 142451 sgemm sgemm CUDA0 1.069068 142491 40
CPU5 44.114964 142452 sgemm sgemm CUDA2 1.066314 142492 40
CPU14 44.552985 142453 sgemm sgemm CUDA0 1.308220 142493 40
CPU14 44.738554 142454 sgemm sgemm CUDA2 0.042709 142494 40
CPU6 32.690199 142460 strsm strsm CUDA0 2.751787 142500 40
CPU3 32.114632 142464 strsm strsm CUDA0 2.656251 142504 40
CPU14 31.746038 142468 strsm strsm CUDA1 24.625688 142508 40
CPU2 32.304914 142472 strsm strsm CUDA1 0.200217 142512 40
CPU3 31.863680 142476 strsm strsm CUDA3 12.173383 142516 40
CPU18 31.513275 142480 strsm strsm CUDA3 0.195379 142520 40
CPU15 31.425784 142484 strsm strsm CUDA1 2.802362 142524 40
CPU18 31.526413 142488 strsm strsm CUDA3 2.554418 142528 40
CPU16 31.669136 142492 strsm strsm CUDA0 3.033074 142532 40
CPU6 32.738435 142496 strsm strsm CUDA3 2.347062 142536 40
CPU2 32.403125 142500 strsm strsm CUDA3 13.177171 142540 40
CPU1 32.144340 142504 strsm strsm CUDA2 2.773622 142544 40
CPU14 31.779890 142508 strsm strsm CUDA0 13.797709 142548 40
CPU14 31.806113 142512 strsm strsm CUDA1 2.662558 142552 40
CPU5 32.006222 142516 strsm strsm CUDA2 11.577332 142556 40
CPU6 32.522041 142520 strsm strsm CUDA1 2.042436 142560 40
CPU7 32.590019 142524 strsm strsm CUDA3 2.603848 142564 40
CPU6 32.594557 142528 strsm strsm CUDA2 0.738977 142568 40
CPU18 31.413729 142532 strsm strsm CUDA1 2.103184 142572 40
CPU16 31.683806 142536 strsm strsm CUDA1 2.154253 142576 40
CPU18 31.907797 142540 strsm strsm CUDA0 12.011549 142580 40
CPU18 31.426750 142544 strsm strsm CUDA2 0.222157 142584 40
CPU5 32.123335 142548 strsm strsm CUDA2 1.582088 142588 40
CPU13 33.160104 142552 strsm strsm CUDA2 1.401823 142592 40
CPU16 31.464441 142556 strsm strsm CUDA2 0.848227 142596 40
CPU8 32.262066 142560 strsm strsm CUDA0 0.277439 142600 40
CPU0 32.200936 142564 strsm strsm CUDA0 0.100711 142604 40
CPU7 32.250646 142568 strsm strsm CUDA3 0.486949 142608 40
CPU6 33.696621 142572 strsm strsm CUDA1 2.073370 142612 40
CPU7 33.423233 142576 strsm strsm CUDA3 1.376967 142616 40
CPU12 31.844117 142580 strsm strsm CUDA2 1.218312 142620 40
CPU12 34.046217 142584 strsm strsm CUDA0 0.231246 142624 40
CPU5 31.668410 142588 strsm strsm CUDA0 1.388502 142628 40
CPU4 32.086346 142592 strsm strsm CUDA3 1.261066 142632 40
CPU6 32.111074 142596 strsm strsm CUDA1 2.079337 142636 40
CPU6 15.551328 142600 strtri strtri CPU -1 142640 40
CPU3 30.578236 142602 strsm strsm CUDA1 2.810995 142642 40
CPU5 30.987701 142604 strsm strsm CUDA0 2.910042 142644 40
CPU18 30.312233 142606 strsm strsm CUDA2 2.742098 142646 40
CPU1 31.147752 142608 strsm strsm CUDA2 2.960403 142648 40
CPU4 31.384581 142610 strsm strsm CUDA0 10.863222 142650 40
CPU0 31.539024 142612 strsm strsm CUDA0 2.786095 142652 40
CPU4 31.517999 142614 strsm strsm CUDA1 13.098734 142654 40
CPU2 31.005348 142616 strsm strsm CUDA1 0.395222 142656 40
CPU9 31.101766 142618 strsm strsm CUDA2 2.934030 142658 40
CPU19 30.763396 142620 strsm strsm CUDA1 11.779185 142660 40
CPU2 31.138376 142622 strsm strsm CUDA1 2.802516 142662 40
CPU19 30.981836 142624 strsm strsm CUDA2 2.991399 142664 40
CPU3 30.393119 142626 strsm strsm CUDA0 11.055619 142666 40
CPU0 44.867434 142628 sgemm sgemm CUDA1 0.099898 142668 40
CPU6 44.798988 142629 sgemm sgemm CUDA1 1.199071 142669 40
CPU14 44.343385 142630 sgemm sgemm CUDA1 1.236152 142670 40
CPU0 44.744456 142631 sgemm sgemm CUDA1 1.243648 142671 40
CPU2 44.783875 142632 sgemm sgemm CUDA2 5.940718 142672 40
CPU17 44.475712 142633 sgemm sgemm CUDA2 0.068011 142673 40
CPU15 44.681731 142634 sgemm sgemm CUDA3 1.247158 142674 40
CPU16 44.398226 142635 sgemm sgemm CUDA3 1.219332 142675 40
CPU19 44.495568 142636 sgemm sgemm CUDA3 1.206183 142676 40
CPU3 44.886740 142637 sgemm sgemm CUDA3 1.239138 142677 40
CPU2 44.533474 142638 sgemm sgemm CUDA3 1.047272 142678 40
CPU3 44.680501 142639 sgemm sgemm CUDA2 1.202613 142679 40
CPU15 44.783425 142640 sgemm sgemm CUDA3 11.479042 142680 40
CPU14 44.736323 142641 sgemm sgemm CUDA3 1.156851 142681 40
CPU17 44.880407 142642 sgemm sgemm CUDA2 1.035318 142682 40
CPU12 44.244405 142643 sgemm sgemm CUDA2 1.230386 142683 40
CPU5 44.487784 142644 sgemm sgemm CUDA0 1.259086 142684 40
CPU1 44.451674 142645 sgemm sgemm CUDA0 1.212890 142685 40
CPU18 44.562563 142646 sgemm sgemm CUDA3 1.051746 142686 40
CPU16 44.460686 142647 sgemm sgemm CUDA1 1.197993 142687 40
CPU4 44.588903 142648 sgemm sgemm CUDA0 5.933653 142688 40
CPU18 44.441562 142649 sgemm sgemm CUDA3 1.227344 142689 40
CPU7 44.953492 142650 sgemm sgemm CUDA3 1.046182 142690 40
CPU8 44.466487 142651 sgemm sgemm CUDA0 0.065844 142691 40
CPU15 44.373598 142652 sgemm sgemm CUDA2 0.047939 142692 40
CPU0 44.799028 142653 sgemm sgemm CUDA0 1.325057 142693 40
CPU1 44.457243 142654 sgemm sgemm CUDA0 1.045450 142694 40
CPU1 44.437482 142655 sgemm sgemm CUDA1 1.042171 142695 40
CPU6 44.863737 142656 sgemm sgemm CUDA1 1.225433 142696 40
CPU7 45.113289 142657 sgemm sgemm CUDA1 13.016132 142697 40
CPU12 44.552483 142658 sgemm sgemm CUDA2 1.292715 142698 40
CPU0 44.817063 142659 sgemm sgemm CUDA0 1.046476 142699 40
CPU0 45.035586 142660 sgemm sgemm CUDA0 1.228746 142700 40
CPU4 45.011938 142661 sgemm sgemm CUDA3 1.235259 142701 40
CPU0 44.735203 142662 sgemm sgemm CUDA0 1.238010 142702 40
CPU12 44.377603 142663 sgemm sgemm CUDA1 0.062183 142703 40
CPU9 44.269084 142667 sgemm sgemm CUDA0 1.330093 142707 40
CPU4 44.610466 142668 sgemm sgemm CUDA1 1.077334 142708 40
CPU14 44.362380 142669 sgemm sgemm CUDA1 1.062082 142709 40
CPU6 44.833291 142670 sgemm sgemm CUDA1 1.257422 142710 40
CPU2 44.681110 142671 sgemm sgemm CUDA0 1.267240 142711 40
CPU16 44.390028 142672 sgemm sgemm CUDA0 1.074582 142712 40
CPU15 44.408159 142673 sgemm sgemm CUDA3 1.080678 142713 40
CPU17 44.576633 142674 sgemm sgemm CUDA3 1.067970 142714 40
CPU17 44.490597 142675 sgemm sgemm CUDA3 12.439401 142715 40
CPU8 44.652270 142676 sgemm sgemm CUDA3 0.210303 142716 40
CPU0 44.966100 142677 sgemm sgemm CUDA3 1.350079 142717 40
CPU8 44.711784 142678 sgemm sgemm CUDA0 1.259227 142718 40
CPU15 44.292766 142679 sgemm sgemm CUDA3 1.073056 142719 40
CPU14 44.683279 142680 sgemm sgemm CUDA0 1.083310 142720 40
CPU17 44.774400 142681 sgemm sgemm CUDA2 1.261401 142721 40
CPU8 44.741560 142682 sgemm sgemm CUDA2 1.068913 142722 40
CPU9 44.657261 142683 sgemm sgemm CUDA0 7.506363 142723 40
CPU0 44.547021 142684 sgemm sgemm CUDA0 0.041891 142724 40
CPU18 44.545296 142685 sgemm sgemm CUDA1 1.068591 142725 40
CPU16 44.385515 142686 sgemm sgemm CUDA1 12.555516 142726 40
CPU7 44.696167 142687 sgemm sgemm CUDA0 1.380713 142727 40
CPU18 44.340715 142688 sgemm sgemm CUDA2 1.071254 142728 40
CPU3 44.533290 142689 sgemm sgemm CUDA2 1.255674 142729 40
CPU12 44.473226 142690 sgemm sgemm CUDA2 1.255772 142730 40
CPU15 44.122787 142691 sgemm sgemm CUDA2 1.257402 142731 40
CPU9 44.615514 142692 sgemm sgemm CUDA0 1.265491 142732 40
CPU8 44.513485 142693 sgemm sgemm CUDA2 1.068672 142733 40
CPU2 44.275713 142694 sgemm sgemm CUDA1 0.041806 142734 40
CPU14 44.641452 142695 sgemm sgemm CUDA1 1.322963 142735 40
CPU6 44.829589 142696 sgemm sgemm CUDA1 1.259438 142736 40
CPU16 44.353912 142697 sgemm sgemm CUDA2 12.779283 142737 40
CPU5 44.504115 142698 sgemm sgemm CUDA0 10.431219 142738 40
CPU9 44.600612 142699 sgemm sgemm CUDA2 0.040066 142739 40
CPU6 44.893384 142700 sgemm sgemm CUDA3 1.088686 142740 40
CPU1 44.006862 142701 sgemm sgemm CUDA3 1.265636 142741 40
CPU5 44.800656 142702 sgemm sgemm CUDA3 1.075222 142742 40
CPU5 44.606661 142706 sgemm sgemm CUDA0 1.233003 142746 40
CPU6 44.659837 142707 sgemm sgemm CUDA1 0.054111 142747 40
CPU14 44.654291 142708 sgemm sgemm CUDA1 1.289047 142748 40
CPU2 44.737421 142709 sgemm sgemm CUDA1 1.272301 142749 40
CPU2 44.534553 142710 sgemm sgemm CUDA0 1.075495 142750 40
CPU16 44.247291 142711 sgemm sgemm CUDA0 1.260770 142751 40
CPU15 44.386760 142712 sgemm sgemm CUDA3 0.072731 142752 40
CPU17 44.645798 142713 sgemm sgemm CUDA3 1.303770 142753 40
CPU17 44.494322 142714 sgemm sgemm CUDA3 1.257666 142754 40
CPU0 44.865635 142715 sgemm sgemm CUDA3 1.259257 142755 40
CPU9 44.617147 142716 sgemm sgemm CUDA3 1.067701 142756 40
CPU0 44.667271 142717 sgemm sgemm CUDA2 10.797883 142757 40
CPU15 44.228789 142718 sgemm sgemm CUDA3 1.258593 142758 40
CPU14 44.726928 142719 sgemm sgemm CUDA0 1.064472 142759 40
CPU5 44.761768 142720 sgemm sgemm CUDA2 1.382701 142760 40
CPU7 44.900735 142721 sgemm sgemm CUDA1 1.070213 142761 40
CPU0 44.979977 142722 sgemm sgemm CUDA0 1.263699 142762 40
CPU2 44.565715 142723 sgemm sgemm CUDA0 1.067111 142763 40
CPU18 44.552104 142724 sgemm sgemm CUDA3 1.258525 142764 40
CPU16 44.394206 142725 sgemm sgemm CUDA1 1.255407 142765 40
CPU18 44.238202 142726 sgemm sgemm CUDA1 1.069795 142766 40
CPU18 44.395395 142727 sgemm sgemm CUDA2 0.061157 142767 40
CPU4 44.859346 142728 sgemm sgemm CUDA3 1.075609 142768 40
CPU1 44.653012 142729 sgemm sgemm CUDA2 1.282300 142769 40
CPU15 44.110606 142730 sgemm sgemm CUDA2 1.260988 142770 40
CPU5 44.675165 142731 sgemm sgemm CUDA0 1.065415 142771 40
CPU6 44.446948 142732 sgemm sgemm CUDA2 0.098437 142772 40
CPU1 44.743800 142733 sgemm sgemm CUDA1 1.067613 142773 40
CPU13 44.786717 142734 sgemm sgemm CUDA1 1.069692 142774 40
CPU7 44.912279 142735 sgemm sgemm CUDA1 1.261100 142775 40
CPU5 44.762009 142736 sgemm sgemm CUDA2 1.381345 142776 40
CPU19 44.412427 142737 sgemm sgemm CUDA0 1.065386 142777 40
CPU5 44.621261 142738 sgemm sgemm CUDA2 1.067190 142778 40
CPU6 44.899110 142739 sgemm sgemm CUDA3 1.262791 142779 40
CPU1 43.929984 142740 sgemm sgemm CUDA3 1.070738 142780 40
CPU19 44.341242 142741 sgemm sgemm CUDA0 1.256860 142781 40
CPU7 44.412328 142745 sgemm sgemm CUDA0 1.259201 142785 40
CPU8 44.083391 142746 sgemm sgemm CUDA1 1.315543 142786 40
CPU14 44.837366 142747 sgemm sgemm CUDA1 1.077104 142787 40
CPU2 44.871431 142748 sgemm sgemm CUDA2 0.048444 142788 40
CPU3 44.737826 142749 sgemm sgemm CUDA2 1.320118 142789 40
CPU18 44.667131 142750 sgemm sgemm CUDA2 1.069341 142790 40
CPU15 44.354833 142751 sgemm sgemm CUDA2 1.259471 142791 40
CPU16 44.536722 142752 sgemm sgemm CUDA3 1.260508 142792 40
CPU16 44.875344 142753 sgemm sgemm CUDA3 1.258581 142793 40
CPU5 44.329322 142754 sgemm sgemm CUDA3 1.255561 142794 40
CPU2 44.595881 142755 sgemm sgemm CUDA3 1.256291 142795 40
CPU7 44.828915 142756 sgemm sgemm CUDA2 1.261098 142796 40
CPU15 44.065562 142757 sgemm sgemm CUDA3 1.260737 142797 40
CPU14 44.888149 142758 sgemm sgemm CUDA0 1.069908 142798 40
CPU18 44.260493 142759 sgemm sgemm CUDA2 1.263504 142799 40
CPU16 44.317966 142760 sgemm sgemm CUDA1 1.071682 142800 40
CPU5 44.877876 142761 sgemm sgemm CUDA0 12.793167 142801 40
CPU3 44.693575 142762 sgemm sgemm CUDA0 0.041775 142802 40
CPU18 44.135181 142763 sgemm sgemm CUDA3 1.260595 142803 40
CPU16 44.325324 142764 sgemm sgemm CUDA1 1.063360 142804 40
CPU8 44.454017 142765 sgemm sgemm CUDA1 1.072263 142805 40
CPU18 44.308427 142766 sgemm sgemm CUDA3 1.257362 142806 40
CPU7 44.856933 142767 sgemm sgemm CUDA2 1.262522 142807 40
CPU9 44.725349 142768 sgemm sgemm CUDA0 1.323261 142808 40
CPU15 44.369975 142769 sgemm sgemm CUDA2 1.259254 142809 40
CPU2 44.675151 142770 sgemm sgemm CUDA0 10.598229 142810 40
CPU7 44.706130 142771 sgemm sgemm CUDA2 1.261525 142811 40
CPU2 44.357711 142772 sgemm sgemm CUDA1 1.260529 142812 40
CPU0 44.911537 142773 sgemm sgemm CUDA1 1.072767 142813 40
CPU7 45.025968 142774 sgemm sgemm CUDA1 1.065237 142814 40
CPU5 44.812527 142775 sgemm sgemm CUDA3 1.073080 142815 40
CPU2 44.544306 142776 sgemm sgemm CUDA0 0.046804 142816 40
CPU2 44.540975 142777 sgemm sgemm CUDA2 1.068724 142817 40
CPU5 44.547973 142778 sgemm sgemm CUDA0 1.301071 142818 40
CPU7 44.673367 142779 sgemm sgemm CUDA0 1.068277 142819 40
CPU2 44.680249 142780 sgemm sgemm CUDA0 1.259272 142820 40
CPU0 44.871176 142784 sgemm sgemm CUDA1 1.266126 142824 40
CPU3 44.504520 142785 sgemm sgemm CUDA1 1.261716 142825 40
CPU14 44.677156 142786 sgemm sgemm CUDA1 1.069733 142826 40
CPU1 44.747463 142787 sgemm sgemm CUDA1 1.081611 142827 40
CPU7 44.695330 142788 sgemm sgemm CUDA2 0.954604 142828 40
CPU17 44.533300 142789 sgemm sgemm CUDA2 1.259641 142829 40
CPU15 44.198640 142790 sgemm sgemm CUDA3 1.210447 142830 40
CPU17 44.735012 142791 sgemm sgemm CUDA3 1.258904 142831 40
CPU16 44.231614 142792 sgemm sgemm CUDA3 1.253705 142832 40
CPU0 45.058755 142793 sgemm sgemm CUDA3 1.262072 142833 40
CPU1 44.740589 142794 sgemm sgemm CUDA3 13.108045 142834 40
CPU1 44.785768 142795 sgemm sgemm CUDA2 1.066928 142835 40
CPU14 44.498826 142796 sgemm sgemm CUDA3 0.060496 142836 40
CPU14 44.533435 142797 sgemm sgemm CUDA0 12.887786 142837 40
CPU19 44.761557 142798 sgemm sgemm CUDA2 1.254581 142838 40
CPU12 44.133899 142799 sgemm sgemm CUDA2 1.066727 142839 40
CPU1 44.880016 142800 sgemm sgemm CUDA3 1.307715 142840 40
CPU9 44.567707 142801 sgemm sgemm CUDA0 0.083123 142841 40
CPU18 44.104911 142802 sgemm sgemm CUDA1 1.070969 142842 40
CPU16 44.269635 142803 sgemm sgemm CUDA1 1.067069 142843 40
CPU1 44.404241 142804 sgemm sgemm CUDA1 1.063172 142844 40
CPU18 44.561989 142805 sgemm sgemm CUDA3 1.070393 142845 40
CPU1 44.262744 142806 sgemm sgemm CUDA3 1.071823 142846 40
CPU11 44.366402 142807 sgemm sgemm CUDA0 1.322227 142847 40
CPU14 44.438415 142808 sgemm sgemm CUDA2 13.069279 142848 40
CPU9 44.625085 142809 sgemm sgemm CUDA0 1.255977 142849 40
CPU5 44.515356 142810 sgemm sgemm CUDA0 1.263857 142850 40
CPU4 44.696631 142811 sgemm sgemm CUDA1 1.064308 142851 40
CPU5 44.589569 142812 sgemm sgemm CUDA1 1.070278 142852 40
CPU6 44.830810 142813 sgemm sgemm CUDA1 1.068055 142853 40
CPU7 44.531327 142814 sgemm sgemm CUDA2 0.039215 142854 40
CPU4 44.435951 142815 sgemm sgemm CUDA0 1.063648 142855 40
CPU0 45.039800 142816 sgemm sgemm CUDA2 1.324247 142856 40
CPU4 44.978498 142817 sgemm sgemm CUDA0 1.251064 142857 40
CPU0 44.678547 142818 sgemm sgemm CUDA3 1.075650 142858 40
CPU3 44.854123 142819 sgemm sgemm CUDA1 1.268157 142859 40
CPU0 44.761328 142823 sgemm sgemm CUDA1 0.043590 142863 40
CPU6 44.625196 142824 sgemm sgemm CUDA1 1.335054 142864 40
CPU14 44.922457 142825 sgemm sgemm CUDA1 1.254521 142865 40
CPU2 44.648767 142826 sgemm sgemm CUDA1 1.062539 142866 40
CPU2 44.616479 142827 sgemm sgemm CUDA2 1.282923 142867 40
CPU16 44.461454 142828 sgemm sgemm CUDA2 1.071374 142868 40
CPU15 44.285476 142829 sgemm sgemm CUDA2 1.258469 142869 40
CPU17 44.692007 142830 sgemm sgemm CUDA3 1.262261 142870 40
CPU17 44.920765 142831 sgemm sgemm CUDA3 0.049057 142871 40
CPU7 44.965584 142832 sgemm sgemm CUDA3 1.443036 142872 40
CPU8 44.533849 142833 sgemm sgemm CUDA3 1.259921 142873 40
CPU3 44.523133 142834 sgemm sgemm CUDA0 1.318185 142874 40
CPU15 44.394805 142835 sgemm sgemm CUDA3 1.261672 142875 40
CPU14 44.642406 142836 sgemm sgemm CUDA1 1.255393 142876 40
CPU11 44.687557 142837 sgemm sgemm CUDA2 1.257140 142877 40
CPU16 44.361959 142838 sgemm sgemm CUDA1 1.064125 142878 40
CPU3 44.391775 142839 sgemm sgemm CUDA0 15.448782 142879 40
CPU1 44.419883 142840 sgemm sgemm CUDA3 1.252687 142880 40
CPU18 44.224419 142841 sgemm sgemm CUDA3 0.041815 142881 40
CPU16 44.654219 142842 sgemm sgemm CUDA1 1.065538 142882 40
CPU3 44.479123 142843 sgemm sgemm CUDA1 1.253921 142883 40
CPU18 44.473307 142844 sgemm sgemm CUDA3 1.274324 142884 40
CPU3 44.437103 142845 sgemm sgemm CUDA3 1.256258 142885 40
CPU18 44.289571 142846 sgemm sgemm CUDA0 0.052711 142886 40
CPU15 44.306794 142847 sgemm sgemm CUDA2 1.069718 142887 40
CPU7 44.684099 142848 sgemm sgemm CUDA0 1.073340 142888 40
CPU2 44.344280 142849 sgemm sgemm CUDA0 1.073391 142889 40
CPU1 44.458688 142850 sgemm sgemm CUDA3 1.068167 142890 40
CPU2 44.463473 142851 sgemm sgemm CUDA1 1.256002 142891 40
CPU7 45.103640 142852 sgemm sgemm CUDA1 15.559543 142892 40
CPU9 44.625626 142853 sgemm sgemm CUDA2 1.262710 142893 40
CPU1 44.470085 142854 sgemm sgemm CUDA0 1.066053 142894 40
CPU8 44.693188 142855 sgemm sgemm CUDA2 1.069682 142895 40
CPU6 44.337191 142856 sgemm sgemm CUDA3 1.068693 142896 40
CPU1 44.344804 142857 sgemm sgemm CUDA3 1.258978 142897 40
CPU0 45.302393 142858 sgemm sgemm CUDA2 1.066365 142898 40
CPU7 44.632091 142862 sgemm sgemm CUDA1 1.258628 142902 40
CPU5 44.411620 142863 sgemm sgemm CUDA1 1.262789 142903 40
CPU14 44.519171 142864 sgemm sgemm CUDA2 1.257292 142904 40
CPU1 44.640127 142865 sgemm sgemm CUDA2 1.260106 142905 40
CPU1 44.868723 142866 sgemm sgemm CUDA2 1.068620 142906 40
CPU16 44.626487 142867 sgemm sgemm CUDA2 1.257297 142907 40
CPU15 44.304314 142868 sgemm sgemm CUDA3 1.071589 142908 40
CPU18 44.457350 142869 sgemm sgemm CUDA3 12.835982 142909 40
CPU16 44.479706 142870 sgemm sgemm CUDA3 0.042317 142910 40
CPU8 44.837536 142871 sgemm sgemm CUDA3 1.330929 142911 40
CPU7 44.557131 142872 sgemm sgemm CUDA3 1.257005 142912 40
CPU3 44.748395 142873 sgemm sgemm CUDA2 1.067716 142913 40
CPU15 44.510389 142874 sgemm sgemm CUDA0 1.260910 142914 40
CPU14 44.721089 142875 sgemm sgemm CUDA1 1.066643 142915 40
CPU17 44.571943 142876 sgemm sgemm CUDA2 12.685235 142916 40
CPU15 44.648035 142877 sgemm sgemm CUDA1 1.068333 142917 40
CPU4 44.712330 142878 sgemm sgemm CUDA0 1.257851 142918 40
CPU8 44.368405 142879 sgemm sgemm CUDA0 1.254549 142919 40
CPU18 44.274784 142880 sgemm sgemm CUDA3 1.259323 142920 40
CPU16 44.250324 142881 sgemm sgemm CUDA1 12.425340 142921 40
CPU10 44.420332 142882 sgemm sgemm CUDA0 1.256324 142922 40
CPU18 44.377786 142883 sgemm sgemm CUDA2 0.046564 142923 40
CPU2 44.573181 142884 sgemm sgemm CUDA2 1.272718 142924 40
CPU12 44.540598 142885 sgemm sgemm CUDA2 1.262165 142925 40
CPU15 44.244978 142886 sgemm sgemm CUDA2 1.255187 142926 40
CPU1 44.737967 142887 sgemm sgemm CUDA0 1.069177 142927 40
CPU3 44.515257 142888 sgemm sgemm CUDA0 1.258240 142928 40
CPU1 44.514389 142889 sgemm sgemm CUDA1 0.042715 142929 40
CPU4 44.469393 142890 sgemm sgemm CUDA1 1.305598 142930 40
CPU5 44.864025 142891 sgemm sgemm CUDA1 1.256577 142931 40
CPU3 44.625595 142892 sgemm sgemm CUDA2 1.070441 142932 40
CPU6 44.493551 142893 sgemm sgemm CUDA0 1.254834 142933 40
CPU2 44.458039 142894 sgemm sgemm CUDA0 1.264639 142934 40
CPU5 44.530292 142895 sgemm sgemm CUDA3 1.066277 142935 40
CPU7 44.500738 142896 sgemm sgemm CUDA3 1.261454 142936 40
CPU6 44.863638 142897 sgemm sgemm CUDA0 1.261294 142937 40
CPU0 44.655680 142901 sgemm sgemm CUDA1 1.258249 142941 40
CPU6 44.498325 142902 sgemm sgemm CUDA1 1.258784 142942 40
CPU14 44.683050 142903 sgemm sgemm CUDA1 1.058792 142943 40
CPU3 44.676797 142904 sgemm sgemm CUDA3 1.256101 142944 40
CPU2 44.773193 142905 sgemm sgemm CUDA3 1.262079 142945 40
CPU18 44.497300 142906 sgemm sgemm CUDA3 1.067221 142946 40
CPU15 44.200456 142907 sgemm sgemm CUDA3 12.089199 142947 40
CPU16 44.426260 142908 sgemm sgemm CUDA3 0.038882 142948 40
CPU16 44.466389 142909 sgemm sgemm CUDA3 1.253524 142949 40
CPU9 44.655076 142910 sgemm sgemm CUDA2 1.064478 142950 40
CPU2 44.586127 142911 sgemm sgemm CUDA3 1.201023 142951 40
CPU2 44.672647 142912 sgemm sgemm CUDA2 1.255820 142952 40
CPU14 44.357830 142913 sgemm sgemm CUDA0 1.072611 142953 40
CPU14 44.620682 142914 sgemm sgemm CUDA0 12.649642 142954 40
CPU19 44.442524 142915 sgemm sgemm CUDA0 0.039065 142955 40
CPU17 44.603001 142916 sgemm sgemm CUDA1 1.256052 142956 40
CPU1 44.411793 142917 sgemm sgemm CUDA0 1.308773 142957 40
CPU2 44.666079 142918 sgemm sgemm CUDA2 1.259400 142958 40
CPU18 44.189201 142919 sgemm sgemm CUDA0 1.255055 142959 40
CPU16 44.309468 142920 sgemm sgemm CUDA1 1.257291 142960 40
CPU5 44.749291 142921 sgemm sgemm CUDA0 1.258988 142961 40
CPU18 44.250165 142922 sgemm sgemm CUDA3 1.068853 142962 40
CPU8 44.513701 142923 sgemm sgemm CUDA2 1.063528 142963 40
CPU10 44.438726 142924 sgemm sgemm CUDA3 1.068014 142964 40
CPU14 44.611046 142925 sgemm sgemm CUDA2 1.072618 142965 40
CPU6 44.855050 142926 sgemm sgemm CUDA0 1.071794 142966 40
CPU4 44.619619 142927 sgemm sgemm CUDA0 1.065360 142967 40
CPU8 44.572344 142928 sgemm sgemm CUDA1 1.070184 142968 40
CPU11 44.449075 142929 sgemm sgemm CUDA1 1.261516 142969 40
CPU7 45.005025 142930 sgemm sgemm CUDA1 1.254824 142970 40
CPU9 44.762178 142931 sgemm sgemm CUDA2 1.075119 142971 40
CPU8 44.667377 142932 sgemm sgemm CUDA0 1.258173 142972 40
CPU5 44.457356 142933 sgemm sgemm CUDA2 1.063454 142973 40
CPU4 44.845589 142934 sgemm sgemm CUDA3 1.070450 142974 40
CPU0 44.428014 142935 sgemm sgemm CUDA3 1.074786 142975 40
CPU8 44.885914 142936 sgemm sgemm CUDA2 1.067232 142976 40
CPU9 44.479866 142940 sgemm sgemm CUDA2 0.073052 142980 40
CPU5 44.320049 142941 sgemm sgemm CUDA2 1.334018 142981 40
CPU14 44.598053 142942 sgemm sgemm CUDA2 1.069234 142982 40
CPU0 45.075861 142943 sgemm sgemm CUDA2 1.259074 142983 40
CPU3 44.967351 142944 sgemm sgemm CUDA2 1.069060 142984 40
CPU16 44.328230 142945 sgemm sgemm CUDA2 1.206886 142985 40
CPU15 44.298227 142946 sgemm sgemm CUDA2 1.081502 142986 40
CPU16 44.278954 142947 sgemm sgemm CUDA0 1.068120 142987 40
CPU16 44.234423 142948 sgemm sgemm CUDA0 1.256731 142988 40
CPU1 44.719410 142949 sgemm sgemm CUDA2 1.071939 142989 40
CPU0 44.770169 142950 sgemm sgemm CUDA0 15.410240 142990 40
CPU9 44.485575 142951 sgemm sgemm CUDA2 12.857214 142991 40
CPU15 44.237593 142952 sgemm sgemm CUDA0 0.167042 142992 40
CPU14 44.880210 142953 sgemm sgemm CUDA1 0.059658 142993 40
CPU17 45.014993 142954 sgemm sgemm CUDA2 1.063934 142994 40
CPU12 44.267921 142955 sgemm sgemm CUDA1 1.268994 142995 40
CPU7 44.565100 142956 sgemm sgemm CUDA0 1.377286 142996 40
CPU3 44.649374 142957 sgemm sgemm CUDA1 1.077504 142997 40
CPU18 44.331305 142958 sgemm sgemm CUDA3 12.469356 142998 40
CPU16 44.410452 142959 sgemm sgemm CUDA1 1.257388 142999 40
CPU0 44.594886 142960 sgemm sgemm CUDA1 0.042564 143000 40
CPU18 44.509614 142961 sgemm sgemm CUDA3 0.067537 143001 40
CPU9 44.612817 142962 sgemm sgemm CUDA2 1.084337 143002 40
CPU0 45.031717 142963 sgemm sgemm CUDA2 1.260728 143003 40
CPU14 44.149481 142964 sgemm sgemm CUDA2 14.513289 143004 40
CPU6 44.965191 142965 sgemm sgemm CUDA0 11.821464 143005 40
CPU2 44.635283 142966 sgemm sgemm CUDA3 1.321349 143006 40
CPU3 44.572198 142967 sgemm sgemm CUDA1 1.374622 143007 40
CPU13 44.692264 142968 sgemm sgemm CUDA1 1.260450 143008 40
CPU7 45.091664 142969 sgemm sgemm CUDA1 1.258635 143009 40
CPU0 44.717646 142970 sgemm sgemm CUDA3 1.263000 143010 40
CPU13 44.554550 142971 sgemm sgemm CUDA0 0.062483 143011 40
CPU0 44.882075 142972 sgemm sgemm CUDA2 0.044887 143012 40
CPU6 44.491685 142973 sgemm sgemm CUDA3 1.068055 143013 40
CPU1 44.396741 142974 sgemm sgemm CUDA3 1.267714 143014 40
CPU18 43.995328 142975 sgemm sgemm CUDA0 1.343923 143015 40
CPU0 44.741489 142979 sgemm sgemm CUDA1 1.260846 143019 40
CPU4 44.418285 142980 sgemm sgemm CUDA1 1.260184 143020 40
CPU14 44.543314 142981 sgemm sgemm CUDA1 1.260496 143021 40
CPU1 44.642218 142982 sgemm sgemm CUDA3 1.252771 143022 40
CPU4 44.865862 142983 sgemm sgemm CUDA3 1.258397 143023 40
CPU17 44.525432 142984 sgemm sgemm CUDA3 12.579839 143024 40
CPU15 44.640125 142985 sgemm sgemm CUDA3 0.046739 143025 40
CPU16 44.500510 142986 sgemm sgemm CUDA3 1.260041 143026 40
CPU17 44.456224 142987 sgemm sgemm CUDA3 1.070598 143027 40
CPU2 44.952204 142988 sgemm sgemm CUDA3 1.064439 143028 40
CPU5 44.626487 142989 sgemm sgemm CUDA3 1.260719 143029 40
CPU2 44.508294 142990 sgemm sgemm CUDA1 1.071221 143030 40
CPU15 44.207037 142991 sgemm sgemm CUDA0 1.259354 143031 40
CPU14 44.669574 142992 sgemm sgemm CUDA1 12.967918 143032 40
CPU19 44.434519 142993 sgemm sgemm CUDA2 1.068277 143033 40
CPU16 44.153131 142994 sgemm sgemm CUDA2 1.064258 143034 40
CPU9 44.640406 142995 sgemm sgemm CUDA0 1.068609 143035 40
CPU3 44.296260 142996 sgemm sgemm CUDA0 1.255654 143036 40
CPU18 44.386079 142997 sgemm sgemm CUDA0 1.322500 143037 40
CPU16 44.406897 142998 sgemm sgemm CUDA1 1.072205 143038 40
CPU2 44.383100 142999 sgemm sgemm CUDA1 1.258949 143039 40
CPU18 44.344690 143000 sgemm sgemm CUDA3 1.068168 143040 40
CPU3 44.753030 143001 sgemm sgemm CUDA2 1.068298 143041 40
CPU9 44.414643 143002 sgemm sgemm CUDA2 1.258437 143042 40
CPU15 44.556560 143003 sgemm sgemm CUDA2 0.050957 143043 40
CPU5 44.853054 143004 sgemm sgemm CUDA0 1.070010 143044 40
CPU8 44.470662 143005 sgemm sgemm CUDA3 1.258962 143045 40
CPU5 44.481403 143006 sgemm sgemm CUDA1 1.070542 143046 40
CPU12 44.403674 143007 sgemm sgemm CUDA1 1.068867 143047 40
CPU2 44.764977 143008 sgemm sgemm CUDA3 1.069523 143048 40
CPU8 44.760274 143009 sgemm sgemm CUDA2 7.973848 143049 40
CPU7 44.970746 143010 sgemm sgemm CUDA0 1.258140 143050 40
CPU5 44.914229 143011 sgemm sgemm CUDA0 1.067888 143051 40
CPU5 44.767959 143012 sgemm sgemm CUDA3 1.261444 143052 40
CPU8 44.346384 143013 sgemm sgemm CUDA3 1.069084 143053 40
CPU7 45.037408 143014 sgemm sgemm CUDA0 1.071628 143054 40
CPU2 44.551982 143018 sgemm sgemm CUDA1 0.047582 143058 40
CPU6 44.753789 143019 sgemm sgemm CUDA1 3.906583 143059 40
CPU14 44.526082 143020 sgemm sgemm CUDA3 1.359931 143060 40
CPU4 45.009627 143021 sgemm sgemm CUDA3 1.069932 143061 40
CPU9 44.708586 143022 sgemm sgemm CUDA2 1.377873 143062 40
CPU17 44.794790 143023 sgemm sgemm CUDA2 1.070245 143063 40
CPU15 44.563137 143024 sgemm sgemm CUDA3 0.045422 143064 40
CPU18 44.302161 143025 sgemm sgemm CUDA3 1.261448 143065 40
CPU16 44.437496 143026 sgemm sgemm CUDA3 1.264370 143066 40
CPU7 44.759329 143027 sgemm sgemm CUDA3 1.068319 143067 40
CPU6 44.489712 143028 sgemm sgemm CUDA3 1.064236 143068 40
CPU9 44.672647 143029 sgemm sgemm CUDA2 1.257735 143069 40
CPU14 44.230046 143030 sgemm sgemm CUDA2 1.069368 143070 40
CPU14 44.698344 143031 sgemm sgemm CUDA3 1.067037 143071 40
CPU18 44.402890 143032 sgemm sgemm CUDA2 1.065802 143072 40
CPU17 44.537280 143033 sgemm sgemm CUDA2 1.075931 143073 40
CPU2 44.611463 143034 sgemm sgemm CUDA3 4.008147 143074 40
CPU0 44.768597 143035 sgemm sgemm CUDA2 5.286534 143075 40
CPU18 44.362950 143036 sgemm sgemm CUDA3 0.075258 143076 40
CPU16 44.350328 143037 sgemm sgemm CUDA1 0.046295 143077 40
CPU9 44.422616 143038 sgemm sgemm CUDA1 1.288651 143078 40
CPU18 44.283100 143039 sgemm sgemm CUDA3 15.552155 143079 40
CPU0 44.673028 143040 sgemm sgemm CUDA2 0.054191 143080 40
CPU13 44.776473 143041 sgemm sgemm CUDA2 11.674783 143081 40
CPU15 44.317502 143042 sgemm sgemm CUDA2 0.048163 143082 40
CPU2 44.852948 143043 sgemm sgemm CUDA0 1.255431 143083 40
CPU0 44.939526 143044 sgemm sgemm CUDA0 1.263060 143084 40
CPU1 44.676643 143045 sgemm sgemm CUDA3 0.293507 143085 40
CPU13 44.529606 143046 sgemm sgemm CUDA1 1.257824 143086 40
CPU1 44.597527 143047 sgemm sgemm CUDA1 1.072769 143087 40
CPU6 44.760146 143048 sgemm sgemm CUDA3 1.336164 143088 40
CPU8 44.522678 143049 sgemm sgemm CUDA0 1.059277 143089 40
CPU0 44.745917 143050 sgemm sgemm CUDA2 3.797024 143090 40
CPU4 44.916009 143051 sgemm sgemm CUDA0 1.259038 143091 40
CPU7 44.536917 143052 sgemm sgemm CUDA0 1.070181 143092 40
CPU13 44.650214 143053 sgemm sgemm CUDA0 4.759180 143093 40
CPU3 44.232867 143057 sgemm sgemm CUDA0 1.258915 143097 40
CPU3 44.401049 143058 sgemm sgemm CUDA0 1.013593 143098 40
CPU14 44.709449 143059 sgemm sgemm CUDA2 1.070514 143099 40
CPU0 44.904989 143060 sgemm sgemm CUDA1 12.751829 143100 40
CPU7 44.561297 143061 sgemm sgemm CUDA1 0.040928 143101 40
CPU18 44.447289 143062 sgemm sgemm CUDA2 12.434999 143102 40
CPU15 44.716162 143063 sgemm sgemm CUDA2 0.042289 143103 40
CPU16 44.557692 143064 sgemm sgemm CUDA0 1.013268 143104 40
CPU16 44.753418 143065 sgemm sgemm CUDA0 1.069639 143105 40
CPU1 44.287250 143066 sgemm sgemm CUDA2 1.309954 143106 40
CPU2 45.492233 143067 sgemm sgemm CUDA0 12.084156 143107 40
CPU5 44.699039 143068 sgemm sgemm CUDA1 1.246508 143108 40
CPU15 44.226972 143069 sgemm sgemm CUDA2 1.014170 143109 40
CPU14 44.381410 143070 sgemm sgemm CUDA1 1.010135 143110 40
CPU18 44.512894 143071 sgemm sgemm CUDA1 1.196785 143111 40
CPU6 44.651856 143072 sgemm sgemm CUDA1 1.203702 143112 40
CPU0 44.628842 143073 sgemm sgemm CUDA0 0.042278 143113 40
CPU7 44.605408 143074 sgemm sgemm CUDA1 1.009969 143114 40
CPU18 44.477466 143075 sgemm sgemm CUDA1 1.195245 143115 40
CPU16 44.307514 143076 sgemm sgemm CUDA1 1.009685 143116 40
CPU6 44.453863 143077 sgemm sgemm CUDA0 1.243121 143117 40
CPU18 44.594367 143078 sgemm sgemm CUDA3 1.262265 143118 40
CPU6 44.795042 143079 sgemm sgemm CUDA2 1.201803 143119 40
CPU3 44.546663 143080 sgemm sgemm CUDA3 1.201265 143120 40
CPU14 44.749034 143081 sgemm sgemm CUDA2 1.012663 143121 40
CPU0 44.836443 143082 sgemm sgemm CUDA0 1.205031 143122 40
CPU6 44.509006 143083 sgemm sgemm CUDA3 1.201893 143123 40
CPU6 44.669571 143084 sgemm sgemm CUDA3 13.105774 143124 40
CPU11 44.333306 143085 sgemm sgemm CUDA1 1.017140 143125 40
CPU6 44.230609 143086 sgemm sgemm CUDA3 0.041157 143126 40
CPU4 44.760299 143087 sgemm sgemm CUDA3 1.301835 143127 40
CPU11 44.363328 143088 sgemm sgemm CUDA0 1.208884 143128 40
CPU7 44.551049 143089 sgemm sgemm CUDA0 1.005254 143129 40
CPU6 44.911860 143090 sgemm sgemm CUDA3 1.202488 143130 40
CPU0 44.428685 143091 sgemm sgemm CUDA3 1.016137 143131 40
CPU11 44.439702 143092 sgemm sgemm CUDA2 1.018385 143132 40
CPU5 44.113069 143096 sgemm sgemm CUDA0 6.776399 143136 40
CPU6 44.270631 143097 sgemm sgemm CUDA2 1.251333 143137 40
CPU14 44.800649 143098 sgemm sgemm CUDA2 1.258964 143138 40
CPU2 44.362776 143099 sgemm sgemm CUDA2 1.255377 143139 40
CPU4 44.301685 143100 sgemm sgemm CUDA0 1.369173 143140 40
CPU16 44.686941 143101 sgemm sgemm CUDA0 1.254635 143141 40
CPU15 44.540900 143102 sgemm sgemm CUDA3 1.260249 143142 40
CPU17 44.949692 143103 sgemm sgemm CUDA3 1.302119 143143 40
CPU16 44.724470 143104 sgemm sgemm CUDA0 1.065098 143144 40
CPU3 44.329075 143105 sgemm sgemm CUDA3 1.068717 143145 40
CPU9 44.085321 143106 sgemm sgemm CUDA0 1.257524 143146 40
CPU3 44.468824 143107 sgemm sgemm CUDA2 0.040837 143147 40
CPU14 44.811957 143108 sgemm sgemm CUDA0 1.066234 143148 40
CPU14 44.995337 143109 sgemm sgemm CUDA0 1.064193 143149 40
CPU18 44.550026 143110 sgemm sgemm CUDA2 1.309010 143150 40
CPU17 44.549725 143111 sgemm sgemm CUDA2 1.068061 143151 40
CPU7 44.568471 143112 sgemm sgemm CUDA0 1.256113 143152 40
CPU1 44.157941 143113 sgemm sgemm CUDA2 1.266386 143153 40
CPU18 44.599204 143114 sgemm sgemm CUDA0 13.095622 143154 40
CPU16 44.770566 143115 sgemm sgemm CUDA1 0.047136 143155 40
CPU18 44.849415 143116 sgemm sgemm CUDA1 1.257605 143156 40
CPU18 44.572576 143117 sgemm sgemm CUDA3 1.067332 143157 40
CPU4 44.333831 143118 sgemm sgemm CUDA2 1.255759 143158 40
CPU0 44.690158 143119 sgemm sgemm CUDA2 1.376507 143159 40
CPU14 44.682084 143120 sgemm sgemm CUDA2 1.257980 143160 40
CPU1 44.240064 143121 sgemm sgemm CUDA0 1.067152 143161 40
CPU5 44.118866 143122 sgemm sgemm CUDA2 1.263435 143162 40
CPU7 44.148757 143123 sgemm sgemm CUDA1 1.066786 143163 40
CPU12 44.579343 143124 sgemm sgemm CUDA1 12.070896 143164 40
CPU7 44.531760 143125 sgemm sgemm CUDA3 1.071771 143165 40
CPU3 44.319772 143126 sgemm sgemm CUDA2 0.040876 143166 40
CPU12 44.860913 143127 sgemm sgemm CUDA0 1.066020 143167 40
CPU3 44.092670 143128 sgemm sgemm CUDA2 1.285321 143168 40
CPU8 44.502329 143129 sgemm sgemm CUDA0 1.063787 143169 40
CPU1 44.160099 143130 sgemm sgemm CUDA3 1.066433 143170 40
CPU12 44.969983 143131 sgemm sgemm CUDA0 1.071127 143171 40
CPU5 31.489761 143137 strsm strsm CUDA2 2.753922 143177 40
CPU3 31.517407 143141 strsm strsm CUDA0 2.720580 143181 40
CPU14 31.811796 143145 strsm strsm CUDA2 0.285589 143185 40
CPU1 32.187960 143149 strsm strsm CUDA2 2.270240 143189 40
CPU4 32.691683 143153 strsm strsm CUDA1 14.342342 143193 40
CPU16 31.763729 143157 strsm strsm CUDA3 0.209807 143197 40
CPU15 31.516890 143161 strsm strsm CUDA2 0.492010 143201 40
CPU17 32.151410 143165 strsm strsm CUDA0 16.040846 143205 40
CPU16 31.536022 143169 strsm strsm CUDA3 2.748808 143209 40
CPU7 32.594939 143173 strsm strsm CUDA3 0.181804 143213 40
CPU9 32.001309 143177 strsm strsm CUDA3 0.459965 143217 40
CPU5 32.212251 143181 strsm strsm CUDA1 0.181519 143221 40
CPU15 31.455005 143185 strsm strsm CUDA0 2.987515 143225 40
CPU14 31.692449 143189 strsm strsm CUDA3 17.163893 143229 40
CPU5 31.859135 143193 strsm strsm CUDA0 0.228272 143233 40
CPU8 32.344357 143197 strsm strsm CUDA1 2.796199 143237 40
CPU7 32.228621 143201 strsm strsm CUDA0 2.358357 143241 40
CPU1 31.761851 143205 strsm strsm CUDA3 0.182966 143245 40
CPU17 31.990340 143209 strsm strsm CUDA3 2.030897 143249 40
CPU16 31.638285 143213 strsm strsm CUDA1 2.570807 143253 40
CPU18 32.439806 143217 strsm strsm CUDA1 0.198662 143257 40
CPU17 32.181087 143221 strsm strsm CUDA3 6.506614 143261 40
CPU4 32.556720 143225 strsm strsm CUDA2 0.353978 143265 40
CPU13 33.761570 143229 strsm strsm CUDA2 6.927711 143269 40
CPU14 31.729688 143233 strsm strsm CUDA2 9.997795 143273 40
CPU6 32.677312 143237 strsm strsm CUDA0 7.184241 143277 40
CPU2 31.930650 143241 strsm strsm CUDA3 0.227742 143281 40
CPU1 31.544760 143245 strsm strsm CUDA1 2.386360 143285 40
CPU12 32.331524 143249 strsm strsm CUDA1 17.471148 143289 40
CPU1 32.307272 143253 strsm strsm CUDA1 6.947686 143293 40
CPU3 32.245390 143257 strsm strsm CUDA2 1.451422 143297 40
CPU8 32.927924 143261 strsm strsm CUDA0 0.350639 143301 40
CPU7 32.334834 143265 strsm strsm CUDA2 0.193426 143305 40
CPU4 32.746596 143269 strsm strsm CUDA0 0.225006 143309 40
CPU0 32.002336 143273 strsm strsm CUDA3 0.049751 143313 40
CPU12 32.607686 143277 strsm strsm CUDA0 0.076209 143317 40
CPU12 14.978708 143281 strtri strtri CPU -1 143321 40
CPU18 30.473829 143283 strsm strsm CUDA2 12.764496 143323 40
CPU18 30.597773 143285 strsm strsm CUDA0 2.757595 143325 40
CPU18 30.316300 143287 strsm strsm CUDA3 2.824280 143327 40
CPU18 30.304127 143289 strsm strsm CUDA3 0.339580 143329 40
CPU18 30.492493 143291 strsm strsm CUDA0 2.852341 143331 40
CPU6 30.852715 143293 strsm strsm CUDA0 7.798035 143333 40
CPU5 30.471800 143295 strsm strsm CUDA3 0.047806 143335 40
CPU18 30.727441 143297 strsm strsm CUDA2 3.026470 143337 40
CPU19 31.283120 143299 strsm strsm CUDA2 2.962605 143339 40
CPU3 30.240390 143301 strsm strsm CUDA3 2.887394 143341 40
CPU19 30.950012 143303 strsm strsm CUDA3 2.895796 143343 40
CPU4 30.682125 143305 strsm strsm CUDA0 14.001336 143345 40
CPU9 44.418095 143307 sgemm sgemm CUDA0 1.256560 143347 40
CPU4 44.534293 143308 sgemm sgemm CUDA1 1.065507 143348 40
CPU14 44.424634 143309 sgemm sgemm CUDA1 1.255316 143349 40
CPU0 44.983508 143310 sgemm sgemm CUDA1 1.062060 143350 40
CPU7 44.639123 143311 sgemm sgemm CUDA0 1.045046 143351 40
CPU16 44.583010 143312 sgemm sgemm CUDA0 0.060410 143352 40
CPU15 44.135892 143313 sgemm sgemm CUDA1 1.070076 143353 40
CPU16 44.351971 143314 sgemm sgemm CUDA1 3.283891 143354 40
CPU17 44.507421 143315 sgemm sgemm CUDA3 13.105773 143355 40
CPU3 44.611857 143316 sgemm sgemm CUDA3 0.057115 143356 40
CPU0 44.608789 143317 sgemm sgemm CUDA3 1.334904 143357 40
CPU8 44.420853 143318 sgemm sgemm CUDA0 1.258779 143358 40
CPU15 44.550192 143319 sgemm sgemm CUDA3 1.260377 143359 40
CPU14 44.418072 143320 sgemm sgemm CUDA0 0.060149 143360 40
CPU17 45.041881 143321 sgemm sgemm CUDA2 1.257339 143361 40
CPU8 44.432594 143322 sgemm sgemm CUDA2 1.070827 143362 40
CPU5 44.467629 143323 sgemm sgemm CUDA0 0.058374 143363 40
CPU0 44.646955 143324 sgemm sgemm CUDA0 1.063462 143364 40
CPU18 44.465070 143325 sgemm sgemm CUDA1 0.041043 143365 40
CPU16 44.621042 143326 sgemm sgemm CUDA1 0.044412 143366 40
CPU4 44.840823 143327 sgemm sgemm CUDA0 1.239253 143367 40
CPU18 44.485205 143328 sgemm sgemm CUDA2 1.046104 143368 40
CPU1 44.375894 143329 sgemm sgemm CUDA3 1.254807 143369 40
CPU12 44.568230 143330 sgemm sgemm CUDA2 1.205323 143370 40
CPU15 44.431751 143331 sgemm sgemm CUDA2 7.075654 143371 40
CPU9 44.356216 143332 sgemm sgemm CUDA0 1.248039 143372 40
CPU1 44.386140 143333 sgemm sgemm CUDA2 0.062024 143373 40
CPU2 45.144112 143334 sgemm sgemm CUDA1 1.294348 143374 40
CPU6 44.347181 143335 sgemm sgemm CUDA1 1.227950 143375 40
CPU6 44.738112 143336 sgemm sgemm CUDA1 1.042303 143376 40
CPU16 44.613586 143337 sgemm sgemm CUDA2 11.852255 143377 40
CPU5 44.446915 143338 sgemm sgemm CUDA0 6.964573 143378 40
CPU9 44.609483 143339 sgemm sgemm CUDA2 0.197783 143379 40
CPU4 44.890084 143340 sgemm sgemm CUDA3 0.057686 143380 40
CPU0 45.037071 143341 sgemm sgemm CUDA3 1.275473 143381 40
CPU10 44.395958 143342 sgemm sgemm CUDA3 1.229708 143382 40
CPU4 44.608814 143343 sgemm sgemm CUDA3 1.042143 143383 40
CPU5 44.530435 143347 sgemm sgemm CUDA0 0.063371 143387 40
CPU5 44.414284 143348 sgemm sgemm CUDA1 1.064615 143388 40
CPU14 44.452672 143349 sgemm sgemm CUDA1 1.261560 143389 40
CPU2 44.427228 143350 sgemm sgemm CUDA1 15.062400 143390 40
CPU2 44.430179 143351 sgemm sgemm CUDA0 1.542548 143391 40
CPU16 44.363348 143352 sgemm sgemm CUDA0 1.072379 143392 40
CPU15 44.265804 143353 sgemm sgemm CUDA3 1.304551 143393 40
CPU17 44.823810 143354 sgemm sgemm CUDA3 1.252760 143394 40
CPU15 44.350589 143355 sgemm sgemm CUDA3 1.254228 143395 40
CPU0 44.540606 143356 sgemm sgemm CUDA3 1.260525 143396 40
CPU9 44.213261 143357 sgemm sgemm CUDA3 1.263934 143397 40
CPU0 44.511474 143358 sgemm sgemm CUDA2 1.258325 143398 40
CPU15 44.468217 143359 sgemm sgemm CUDA3 1.258823 143399 40
CPU14 44.400580 143360 sgemm sgemm CUDA0 1.070815 143400 40
CPU9 44.499107 143361 sgemm sgemm CUDA2 1.067388 143401 40
CPU7 44.727926 143362 sgemm sgemm CUDA1 1.258523 143402 40
CPU5 44.324809 143363 sgemm sgemm CUDA0 1.066254 143403 40
CPU2 44.317466 143364 sgemm sgemm CUDA0 1.261155 143404 40
CPU18 44.387303 143365 sgemm sgemm CUDA3 1.069246 143405 40
CPU16 44.498414 143366 sgemm sgemm CUDA1 1.264626 143406 40
CPU7 44.356363 143367 sgemm sgemm CUDA1 1.266407 143407 40
CPU18 44.502772 143368 sgemm sgemm CUDA2 1.266285 143408 40
CPU4 44.481040 143369 sgemm sgemm CUDA3 1.254812 143409 40
CPU1 44.425478 143370 sgemm sgemm CUDA2 1.261228 143410 40
CPU15 44.272394 143371 sgemm sgemm CUDA2 1.071050 143411 40
CPU0 44.707382 143372 sgemm sgemm CUDA0 12.722543 143412 40
CPU6 44.288948 143373 sgemm sgemm CUDA2 1.259444 143413 40
CPU9 44.220968 143374 sgemm sgemm CUDA1 1.255966 143414 40
CPU13 44.659591 143375 sgemm sgemm CUDA1 1.261503 143415 40
CPU7 44.855757 143376 sgemm sgemm CUDA1 1.087988 143416 40
CPU5 44.443449 143377 sgemm sgemm CUDA2 12.723274 143417 40
CPU19 44.626154 143378 sgemm sgemm CUDA0 1.034929 143418 40
CPU5 44.571269 143379 sgemm sgemm CUDA2 0.039977 143419 40
CPU4 44.767355 143380 sgemm sgemm CUDA3 13.198402 143420 40
CPU0 44.820831 143381 sgemm sgemm CUDA3 0.039895 143421 40
CPU12 44.311023 143382 sgemm sgemm CUDA1 1.263777 143422 40
CPU13 44.490829 143383 sgemm sgemm CUDA2 1.305421 143423 40
CPU7 44.653665 143387 sgemm sgemm CUDA0 1.090419 143427 40
CPU8 44.387042 143388 sgemm sgemm CUDA1 0.058915 143428 40
CPU14 44.374892 143389 sgemm sgemm CUDA1 1.265822 143429 40
CPU1 44.663164 143390 sgemm sgemm CUDA2 1.065026 143430 40
CPU3 44.793627 143391 sgemm sgemm CUDA2 1.076571 143431 40
CPU18 44.631268 143392 sgemm sgemm CUDA2 1.260870 143432 40
CPU15 44.101283 143393 sgemm sgemm CUDA2 1.257099 143433 40
CPU16 44.319166 143394 sgemm sgemm CUDA3 0.053028 143434 40
CPU16 44.571853 143395 sgemm sgemm CUDA3 1.258784 143435 40
CPU4 44.433211 143396 sgemm sgemm CUDA3 1.261638 143436 40
CPU1 44.424175 143397 sgemm sgemm CUDA3 1.261275 143437 40
CPU7 44.686542 143398 sgemm sgemm CUDA2 1.256683 143438 40
CPU14 44.136671 143399 sgemm sgemm CUDA3 1.071147 143439 40
CPU14 44.304984 143400 sgemm sgemm CUDA0 1.265358 143440 40
CPU17 44.550754 143401 sgemm sgemm CUDA2 1.064654 143441 40
CPU16 44.451391 143402 sgemm sgemm CUDA1 1.258406 143442 40
CPU5 44.494823 143403 sgemm sgemm CUDA0 1.068189 143443 40
CPU3 44.542451 143404 sgemm sgemm CUDA0 1.066452 143444 40
CPU18 44.133134 143405 sgemm sgemm CUDA3 1.065095 143445 40
CPU16 44.429724 143406 sgemm sgemm CUDA1 1.260412 143446 40
CPU1 44.628047 143407 sgemm sgemm CUDA1 1.259792 143447 40
CPU18 44.488398 143408 sgemm sgemm CUDA3 1.068191 143448 40
CPU7 44.782754 143409 sgemm sgemm CUDA2 1.269150 143449 40
CPU9 44.656084 143410 sgemm sgemm CUDA0 1.254841 143450 40
CPU15 44.148754 143411 sgemm sgemm CUDA2 1.083876 143451 40
CPU0 45.224190 143412 sgemm sgemm CUDA0 1.066164 143452 40
CPU7 44.540605 143413 sgemm sgemm CUDA2 1.078441 143453 40
CPU2 44.310864 143414 sgemm sgemm CUDA1 1.075384 143454 40
CPU6 44.673151 143415 sgemm sgemm CUDA1 1.071561 143455 40
CPU5 44.910412 143416 sgemm sgemm CUDA1 1.065869 143456 40
CPU12 44.338653 143417 sgemm sgemm CUDA3 1.269787 143457 40
CPU2 44.390967 143418 sgemm sgemm CUDA0 1.256056 143458 40
CPU2 44.642569 143419 sgemm sgemm CUDA2 1.073147 143459 40
CPU4 44.765342 143420 sgemm sgemm CUDA0 1.261089 143460 40
CPU8 44.416735 143421 sgemm sgemm CUDA0 1.060340 143461 40
CPU10 44.218139 143422 sgemm sgemm CUDA1 1.258731 143462 40
CPU1 44.596542 143423 sgemm sgemm CUDA2 1.064880 143463 40
CPU0 44.828430 143427 sgemm sgemm CUDA3 1.011511 143467 40
CPU3 44.646952 143428 sgemm sgemm CUDA3 1.068761 143468 40
CPU14 44.320660 143429 sgemm sgemm CUDA3 1.062536 143469 40
CPU1 44.782755 143430 sgemm sgemm CUDA1 1.261527 143470 40
CPU7 44.789541 143431 sgemm sgemm CUDA1 1.070195 143471 40
CPU17 44.469685 143432 sgemm sgemm CUDA3 1.256629 143472 40
CPU15 44.034946 143433 sgemm sgemm CUDA3 12.220965 143473 40
CPU17 44.430323 143434 sgemm sgemm CUDA3 1.247339 143474 40
CPU16 44.310858 143435 sgemm sgemm CUDA3 1.258419 143475 40
CPU3 44.517684 143436 sgemm sgemm CUDA3 1.068678 143476 40
CPU1 44.432946 143437 sgemm sgemm CUDA3 1.070115 143477 40
CPU1 44.594880 143438 sgemm sgemm CUDA2 1.259537 143478 40
CPU14 44.601919 143439 sgemm sgemm CUDA1 0.042413 143479 40
CPU14 44.615776 143440 sgemm sgemm CUDA1 1.328415 143480 40
CPU18 44.397458 143441 sgemm sgemm CUDA2 1.196528 143481 40
CPU9 44.648721 143442 sgemm sgemm CUDA2 12.522502 143482 40
CPU1 44.753571 143443 sgemm sgemm CUDA0 1.069577 143483 40
CPU9 44.560527 143444 sgemm sgemm CUDA0 8.417451 143484 40
CPU18 44.245797 143445 sgemm sgemm CUDA1 1.258520 143485 40
CPU16 44.509493 143446 sgemm sgemm CUDA1 1.252796 143486 40
CPU2 44.602754 143447 sgemm sgemm CUDA0 0.041133 143487 40
CPU18 44.426645 143448 sgemm sgemm CUDA3 1.070916 143488 40
CPU1 44.466655 143449 sgemm sgemm CUDA3 1.257750 143489 40
CPU11 44.477459 143450 sgemm sgemm CUDA0 1.326073 143490 40
CPU14 44.522102 143451 sgemm sgemm CUDA2 1.325271 143491 40
CPU9 44.647816 143452 sgemm sgemm CUDA0 1.075880 143492 40
CPU5 44.496730 143453 sgemm sgemm CUDA0 1.064441 143493 40
CPU4 44.747398 143454 sgemm sgemm CUDA1 1.252782 143494 40
CPU6 44.814840 143455 sgemm sgemm CUDA1 1.072052 143495 40
CPU6 45.040499 143456 sgemm sgemm CUDA1 1.071409 143496 40
CPU12 44.243001 143457 sgemm sgemm CUDA2 1.261629 143497 40
CPU4 44.669512 143458 sgemm sgemm CUDA0 1.066182 143498 40
CPU0 45.127999 143459 sgemm sgemm CUDA2 1.073755 143499 40
CPU4 44.875841 143460 sgemm sgemm CUDA3 1.067459 143500 40
CPU0 44.843116 143461 sgemm sgemm CUDA3 1.070599 143501 40
CPU12 44.002252 143462 sgemm sgemm CUDA1 1.069498 143502 40
CPU3 44.857106 143463 sgemm sgemm CUDA2 1.073448 143503 40
CPU8 44.333604 143467 sgemm sgemm CUDA1 1.259238 143507 40
CPU6 44.674633 143468 sgemm sgemm CUDA1 1.258843 143508 40
CPU14 44.527373 143469 sgemm sgemm CUDA1 1.069198 143509 40
CPU0 44.740211 143470 sgemm sgemm CUDA1 12.272375 143510 40
CPU8 44.129500 143471 sgemm sgemm CUDA2 1.265035 143511 40
CPU17 44.645951 143472 sgemm sgemm CUDA2 1.097048 143512 40
CPU15 44.246503 143473 sgemm sgemm CUDA2 1.079678 143513 40
CPU17 44.667673 143474 sgemm sgemm CUDA3 1.349491 143514 40
CPU17 44.641039 143475 sgemm sgemm CUDA3 1.264679 143515 40
CPU7 44.820138 143476 sgemm sgemm CUDA3 1.256612 143516 40
CPU8 44.156541 143477 sgemm sgemm CUDA3 1.262744 143517 40
CPU6 44.387441 143478 sgemm sgemm CUDA0 1.064101 143518 40
CPU15 44.687679 143479 sgemm sgemm CUDA3 1.063863 143519 40
CPU14 44.744691 143480 sgemm sgemm CUDA3 1.260440 143520 40
CPU11 44.662141 143481 sgemm sgemm CUDA2 1.062883 143521 40
CPU16 44.657373 143482 sgemm sgemm CUDA1 1.270997 143522 40
CPU1 44.383432 143483 sgemm sgemm CUDA0 1.259709 143523 40
CPU1 44.236562 143484 sgemm sgemm CUDA3 1.066628 143524 40
CPU18 44.605687 143485 sgemm sgemm CUDA3 1.067212 143525 40
CPU16 44.717318 143486 sgemm sgemm CUDA1 1.040161 143526 40
CPU0 44.415298 143487 sgemm sgemm CUDA1 0.040876 143527 40
CPU18 44.699198 143488 sgemm sgemm CUDA3 1.069070 143528 40
CPU7 44.325055 143489 sgemm sgemm CUDA3 1.259114 143529 40
CPU18 44.420690 143490 sgemm sgemm CUDA0 1.290330 143530 40
CPU15 44.326871 143491 sgemm sgemm CUDA2 1.072532 143531 40
CPU7 44.426498 143492 sgemm sgemm CUDA0 1.068558 143532 40
CPU2 44.084632 143493 sgemm sgemm CUDA0 1.061211 143533 40
CPU1 44.163076 143494 sgemm sgemm CUDA1 11.883899 143534 40
CPU6 44.272415 143495 sgemm sgemm CUDA1 1.301060 143535 40
CPU7 44.736665 143496 sgemm sgemm CUDA1 1.065415 143536 40
CPU17 44.304966 143497 sgemm sgemm CUDA2 1.250787 143537 40
CPU1 44.278308 143498 sgemm sgemm CUDA0 11.885585 143538 40
CPU8 44.638025 143499 sgemm sgemm CUDA2 0.063765 143539 40
CPU1 44.361329 143500 sgemm sgemm CUDA3 1.064190 143540 40
CPU0 44.802382 143501 sgemm sgemm CUDA0 1.286382 143541 40
CPU12 44.479355 143502 sgemm sgemm CUDA1 1.064094 143542 40
CPU0 45.124982 143503 sgemm sgemm CUDA1 11.895630 143543 40
CPU7 44.405839 143507 sgemm sgemm CUDA0 1.066538 143547 40
CPU5 44.123648 143508 sgemm sgemm CUDA2 1.065434 143548 40
CPU14 44.465463 143509 sgemm sgemm CUDA2 1.073850 143549 40
CPU1 44.406502 143510 sgemm sgemm CUDA2 1.066164 143550 40
CPU1 44.423500 143511 sgemm sgemm CUDA2 1.069157 143551 40
CPU16 44.626495 143512 sgemm sgemm CUDA2 1.072734 143552 40
CPU15 44.338407 143513 sgemm sgemm CUDA3 1.006381 143553 40
CPU16 44.483902 143514 sgemm sgemm CUDA3 1.263862 143554 40
CPU16 44.532934 143515 sgemm sgemm CUDA3 1.315985 143555 40
CPU8 44.191310 143516 sgemm sgemm CUDA0 1.065505 143556 40
CPU7 44.144602 143517 sgemm sgemm CUDA3 1.013132 143557 40
CPU4 44.455027 143518 sgemm sgemm CUDA2 1.259564 143558 40
CPU14 44.589273 143519 sgemm sgemm CUDA0 1.011361 143559 40
CPU14 44.927291 143520 sgemm sgemm CUDA0 0.042702 143560 40
CPU17 44.948185 143521 sgemm sgemm CUDA2 1.263237 143561 40
CPU15 44.746093 143522 sgemm sgemm CUDA2 1.068203 143562 40
CPU4 44.303576 143523 sgemm sgemm CUDA0 1.206590 143563 40
CPU8 44.055558 143524 sgemm sgemm CUDA0 1.059645 143564 40
CPU18 44.748377 143525 sgemm sgemm CUDA3 1.071671 143565 40
CPU16 44.597143 143526 sgemm sgemm CUDA1 1.202402 143566 40
CPU10 44.484669 143527 sgemm sgemm CUDA0 1.257242 143567 40
CPU18 44.510010 143528 sgemm sgemm CUDA2 1.014936 143568 40
CPU2 44.302734 143529 sgemm sgemm CUDA2 1.204809 143569 40
CPU12 44.669594 143530 sgemm sgemm CUDA2 0.043953 143570 40
CPU15 44.472278 143531 sgemm sgemm CUDA2 1.206678 143571 40
CPU1 44.380029 143532 sgemm sgemm CUDA0 1.254996 143572 40
CPU3 44.236830 143533 sgemm sgemm CUDA0 1.065655 143573 40
CPU0 44.551210 143534 sgemm sgemm CUDA1 1.014427 143574 40
CPU6 44.318247 143535 sgemm sgemm CUDA1 1.071566 143575 40
CPU5 44.363206 143536 sgemm sgemm CUDA1 1.070609 143576 40
CPU19 44.650823 143537 sgemm sgemm CUDA2 1.199138 143577 40
CPU6 44.282948 143538 sgemm sgemm CUDA0 1.016292 143578 40
CPU2 44.234496 143539 sgemm sgemm CUDA0 1.254918 143579 40
CPU0 44.314468 143540 sgemm sgemm CUDA3 1.260360 143580 40
CPU8 43.891757 143541 sgemm sgemm CUDA3 1.261640 143581 40
CPU10 44.394903 143542 sgemm sgemm CUDA0 1.068801 143582 40
CPU3 44.486494 143543 sgemm sgemm CUDA2 1.262787 143583 40
CPU0 44.658443 143547 sgemm sgemm CUDA1 0.212639 143587 40
CPU4 44.509496 143548 sgemm sgemm CUDA1 1.010464 143588 40
CPU14 44.535642 143549 sgemm sgemm CUDA1 1.002645 143589 40
CPU0 44.728029 143550 sgemm sgemm CUDA3 1.262845 143590 40
CPU0 44.792876 143551 sgemm sgemm CUDA3 1.069972 143591 40
CPU18 44.216807 143552 sgemm sgemm CUDA3 1.304879 143592 40
CPU15 44.147163 143553 sgemm sgemm CUDA3 1.269852 143593 40
CPU16 44.711242 143554 sgemm sgemm CUDA3 1.076920 143594 40
CPU16 44.468765 143555 sgemm sgemm CUDA3 1.272656 143595 40
CPU9 44.332402 143556 sgemm sgemm CUDA3 1.078911 143596 40
CPU2 44.313852 143557 sgemm sgemm CUDA3 12.978414 143597 40
CPU2 44.343457 143558 sgemm sgemm CUDA2 0.063959 143598 40
CPU14 44.639604 143559 sgemm sgemm CUDA0 1.427720 143599 40
CPU14 44.671624 143560 sgemm sgemm CUDA0 1.259245 143600 40
CPU19 44.715100 143561 sgemm sgemm CUDA2 0.795386 143601 40
CPU5 44.272356 143562 sgemm sgemm CUDA1 1.197884 143602 40
CPU8 44.253797 143563 sgemm sgemm CUDA0 1.066731 143603 40
CPU2 44.465268 143564 sgemm sgemm CUDA2 1.068388 143604 40
CPU18 44.636036 143565 sgemm sgemm CUDA1 1.011647 143605 40
CPU16 44.526442 143566 sgemm sgemm CUDA1 1.205695 143606 40
CPU5 44.682755 143567 sgemm sgemm CUDA0 1.257744 143607 40
CPU18 44.589394 143568 sgemm sgemm CUDA3 0.142885 143608 40
CPU8 44.313839 143569 sgemm sgemm CUDA2 1.261949 143609 40
CPU10 44.489465 143570 sgemm sgemm CUDA0 1.262528 143610 40
CPU14 44.636864 143571 sgemm sgemm CUDA2 1.266476 143611 40
CPU6 44.820765 143572 sgemm sgemm CUDA0 1.076289 143612 40
CPU4 44.396832 143573 sgemm sgemm CUDA0 12.724325 143613 40
CPU8 44.251362 143574 sgemm sgemm CUDA1 1.198492 143614 40
CPU6 44.520439 143575 sgemm sgemm CUDA1 1.029350 143615 40
CPU2 44.680492 143576 sgemm sgemm CUDA1 1.203540 143616 40
CPU9 44.443650 143577 sgemm sgemm CUDA2 1.210375 143617 40
CPU8 44.277416 143578 sgemm sgemm CUDA0 0.121784 143618 40
CPU5 44.447980 143579 sgemm sgemm CUDA2 1.015651 143619 40
CPU4 44.634086 143580 sgemm sgemm CUDA3 1.285081 143620 40
CPU0 44.627405 143581 sgemm sgemm CUDA3 1.021387 143621 40
CPU12 44.153459 143582 sgemm sgemm CUDA2 1.197924 143622 40
CPU8 44.597007 143583 sgemm sgemm CUDA1 1.203165 143623 40
CPU9 44.366175 143587 sgemm sgemm CUDA2 1.266742 143627 40
CPU5 44.116473 143588 sgemm sgemm CUDA2 1.077128 143628 40
CPU14 44.598748 143589 sgemm sgemm CUDA2 1.109244 143629 40
CPU0 44.749152 143590 sgemm sgemm CUDA2 7.365642 143630 40
CPU3 44.467421 143591 sgemm sgemm CUDA2 0.063525 143631 40
CPU16 44.439176 143592 sgemm sgemm CUDA2 1.329119 143632 40
CPU15 44.264232 143593 sgemm sgemm CUDA2 1.076568 143633 40
CPU16 44.620602 143594 sgemm sgemm CUDA1 1.333290 143634 40
CPU16 44.421653 143595 sgemm sgemm CUDA3 0.078003 143635 40
CPU3 44.511162 143596 sgemm sgemm CUDA3 1.297848 143636 40
CPU0 44.444127 143597 sgemm sgemm CUDA3 1.273569 143637 40
CPU9 44.171730 143598 sgemm sgemm CUDA2 1.122618 143638 40
CPU15 44.514881 143599 sgemm sgemm CUDA1 1.096965 143639 40
CPU14 44.716612 143600 sgemm sgemm CUDA1 1.089405 143640 40
CPU17 44.611348 143601 sgemm sgemm CUDA2 1.050220 143641 40
CPU8 44.262956 143602 sgemm sgemm CUDA1 0.211401 143642 40
CPU4 44.183395 143603 sgemm sgemm CUDA0 0.056270 143643 40
CPU2 44.225729 143604 sgemm sgemm CUDA3 1.270567 143644 40
CPU18 44.758920 143605 sgemm sgemm CUDA3 1.090569 143645 40
CPU16 44.804153 143606 sgemm sgemm CUDA1 1.277645 143646 40
CPU9 44.003396 143607 sgemm sgemm CUDA1 1.267462 143647 40
CPU18 44.833475 143608 sgemm sgemm CUDA3 1.266509 143648 40
CPU9 44.173836 143609 sgemm sgemm CUDA2 1.379772 143649 40
CPU8 44.293741 143610 sgemm sgemm CUDA0 1.368824 143650 40
CPU14 44.595640 143611 sgemm sgemm CUDA2 1.145539 143651 40
CPU6 44.621608 143612 sgemm sgemm CUDA0 1.337429 143652 40
CPU8 44.195629 143613 sgemm sgemm CUDA0 1.267505 143653 40
CPU3 44.251280 143614 sgemm sgemm CUDA1 1.267970 143654 40
CPU13 44.775530 143615 sgemm sgemm CUDA1 13.658572 143655 40
CPU6 44.879183 143616 sgemm sgemm CUDA1 0.063229 143656 40
CPU12 45.148609 143617 sgemm sgemm CUDA3 1.067641 143657 40
CPU13 44.802010 143618 sgemm sgemm CUDA0 0.103331 143658 40
CPU0 44.721311 143619 sgemm sgemm CUDA2 12.019094 143659 40
CPU9 44.527256 143620 sgemm sgemm CUDA3 1.069948 143660 40
CPU0 44.518836 143621 sgemm sgemm CUDA3 1.066546 143661 40
CPU12 44.537295 143622 sgemm sgemm CUDA1 1.066173 143662 40
CPU13 44.618278 143623 sgemm sgemm CUDA1 1.259624 143663 40
CPU0 44.591352 143627 sgemm sgemm CUDA1 1.261830 143667 40
CPU4 44.349950 143628 sgemm sgemm CUDA1 1.205083 143668 40
CPU14 44.631168 143629 sgemm sgemm CUDA1 1.020481 143669 40
CPU1 44.293827 143630 sgemm sgemm CUDA3 1.010912 143670 40
CPU4 44.649923 143631 sgemm sgemm CUDA3 1.199405 143671 40
CPU17 44.705590 143632 sgemm sgemm CUDA3 1.016127 143672 40
CPU15 44.344067 143633 sgemm sgemm CUDA3 12.051248 143673 40
CPU16 44.470616 143634 sgemm sgemm CUDA3 1.238131 143674 40
CPU17 44.558438 143635 sgemm sgemm CUDA3 1.202561 143675 40
CPU2 44.229235 143636 sgemm sgemm CUDA3 1.005407 143676 40
CPU5 44.121005 143637 sgemm sgemm CUDA3 1.004592 143677 40
CPU2 44.190189 143638 sgemm sgemm CUDA1 1.197604 143678 40
CPU15 44.679857 143639 sgemm sgemm CUDA0 1.062712 143679 40
CPU14 44.616700 143640 sgemm sgemm CUDA1 1.009513 143680 40
CPU19 44.686134 143641 sgemm sgemm CUDA2 1.254067 143681 40
CPU12 44.209533 143642 sgemm sgemm CUDA2 1.013805 143682 40
CPU9 44.275883 143643 sgemm sgemm CUDA0 1.202051 143683 40
CPU8 44.222061 143644 sgemm sgemm CUDA0 1.010457 143684 40
CPU18 44.599329 143645 sgemm sgemm CUDA0 1.007691 143685 40
CPU16 44.714037 143646 sgemm sgemm CUDA1 1.206076 143686 40
CPU6 44.393865 143647 sgemm sgemm CUDA1 1.199268 143687 40
CPU18 44.659600 143648 sgemm sgemm CUDA3 1.009386 143688 40
CPU3 44.317602 143649 sgemm sgemm CUDA2 12.915385 143689 40
CPU9 44.065551 143650 sgemm sgemm CUDA2 0.052533 143690 40
CPU14 44.600817 143651 sgemm sgemm CUDA2 1.315662 143691 40
CPU5 44.485330 143652 sgemm sgemm CUDA0 1.065234 143692 40
CPU8 44.052518 143653 sgemm sgemm CUDA0 0.043572 143693 40
CPU5 44.206101 143654 sgemm sgemm CUDA1 1.013290 143694 40
CPU6 44.249610 143655 sgemm sgemm CUDA1 12.827528 143695 40
CPU2 44.409620 143656 sgemm sgemm CUDA3 1.017772 143696 40
CPU17 44.210957 143657 sgemm sgemm CUDA2 1.011168 143697 40
CPU7 44.416461 143658 sgemm sgemm CUDA0 1.306374 143698 40
CPU5 44.517365 143659 sgemm sgemm CUDA0 1.200882 143699 40
CPU7 44.503583 143660 sgemm sgemm CUDA3 1.007173 143700 40
CPU8 44.208338 143661 sgemm sgemm CUDA0 1.011782 143701 40
CPU10 45.191209 143662 sgemm sgemm CUDA0 1.069212 143702 40
CPU0 44.407189 143663 sgemm sgemm CUDA1 0.172346 143703 40
CPU2 44.415625 143667 sgemm sgemm CUDA3 1.085243 143707 40
CPU6 44.625316 143668 sgemm sgemm CUDA1 0.055046 143708 40
CPU14 44.552575 143669 sgemm sgemm CUDA3 1.267531 143709 40
CPU4 44.598415 143670 sgemm sgemm CUDA1 1.424001 143710 40
CPU9 44.323110 143671 sgemm sgemm CUDA2 0.050820 143711 40
CPU17 44.594664 143672 sgemm sgemm CUDA2 1.298690 143712 40
CPU15 44.310252 143673 sgemm sgemm CUDA3 1.255914 143713 40
CPU18 44.348196 143674 sgemm sgemm CUDA3 1.076827 143714 40
CPU16 44.698729 143675 sgemm sgemm CUDA3 1.074867 143715 40
CPU7 44.243242 143676 sgemm sgemm CUDA3 1.072691 143716 40
CPU6 44.184798 143677 sgemm sgemm CUDA3 1.273158 143717 40
CPU9 44.343684 143678 sgemm sgemm CUDA2 1.079515 143718 40
CPU14 44.660704 143679 sgemm sgemm CUDA1 1.080994 143719 40
CPU14 44.500609 143680 sgemm sgemm CUDA3 2.072484 143720 40
CPU17 44.360750 143681 sgemm sgemm CUDA2 1.073334 143721 40
CPU17 44.714781 143682 sgemm sgemm CUDA2 1.078233 143722 40
CPU2 44.312449 143683 sgemm sgemm CUDA0 1.418955 143723 40
CPU0 44.414580 143684 sgemm sgemm CUDA0 1.083656 143724 40
CPU17 44.667042 143685 sgemm sgemm CUDA3 0.298503 143725 40
CPU16 44.895511 143686 sgemm sgemm CUDA1 1.288782 143726 40
CPU8 44.391957 143687 sgemm sgemm CUDA1 1.332943 143727 40
CPU18 44.556763 143688 sgemm sgemm CUDA3 1.271115 143728 40
CPU0 44.368055 143689 sgemm sgemm CUDA2 1.076211 143729 40
CPU10 44.530967 143690 sgemm sgemm CUDA0 1.276671 143730 40
CPU15 44.251157 143691 sgemm sgemm CUDA2 1.066070 143731 40
CPU2 44.485319 143692 sgemm sgemm CUDA0 0.504981 143732 40
CPU0 44.487851 143693 sgemm sgemm CUDA0 1.270605 143733 40
CPU1 44.546629 143694 sgemm sgemm CUDA1 1.273748 143734 40
CPU13 44.758358 143695 sgemm sgemm CUDA1 2.604232 143735 40
CPU1 44.323538 143696 sgemm sgemm CUDA1 1.301826 143736 40
CPU14 44.627963 143697 sgemm sgemm CUDA3 1.259626 143737 40
CPU8 44.202773 143698 sgemm sgemm CUDA0 1.073968 143738 40
CPU0 44.625737 143699 sgemm sgemm CUDA2 1.257476 143739 40
CPU4 44.460650 143700 sgemm sgemm CUDA0 1.264835 143740 40
CPU9 43.870255 143701 sgemm sgemm CUDA0 1.094290 143741 40
CPU12 44.511455 143702 sgemm sgemm CUDA0 1.074386 143742 40
CPU15 44.445928 143703 sgemm sgemm CUDA1 1.264196 143743 40
CPU3 44.235528 143707 sgemm sgemm CUDA3 1.263551 143747 40
CPU3 44.314394 143708 sgemm sgemm CUDA3 1.257693 143748 40
CPU14 44.525408 143709 sgemm sgemm CUDA3 1.067481 143749 40
CPU0 44.803243 143710 sgemm sgemm CUDA1 1.259068 143750 40
CPU7 44.654925 143711 sgemm sgemm CUDA1 1.067937 143751 40
CPU17 44.276682 143712 sgemm sgemm CUDA3 12.599895 143752 40
CPU15 44.399132 143713 sgemm sgemm CUDA1 1.074179 143753 40
CPU16 44.502426 143714 sgemm sgemm CUDA1 1.263627 143754 40
CPU16 44.905330 143715 sgemm sgemm CUDA3 0.044799 143755 40
CPU1 44.143030 143716 sgemm sgemm CUDA0 1.257455 143756 40
CPU0 44.515882 143717 sgemm sgemm CUDA0 1.071946 143757 40
CPU5 44.523402 143718 sgemm sgemm CUDA1 1.261067 143758 40
CPU14 44.791593 143719 sgemm sgemm CUDA0 11.779507 143759 40
CPU14 44.554777 143720 sgemm sgemm CUDA1 1.259725 143760 40
CPU17 44.623083 143721 sgemm sgemm CUDA1 1.067428 143761 40
CPU6 44.397320 143722 sgemm sgemm CUDA1 1.259806 143762 40
CPU0 44.400562 143723 sgemm sgemm CUDA0 0.604194 143763 40
CPU7 44.462607 143724 sgemm sgemm CUDA0 1.065045 143764 40
CPU18 44.451207 143725 sgemm sgemm CUDA1 12.898551 143765 40
CPU16 44.751055 143726 sgemm sgemm CUDA1 0.041852 143766 40
CPU4 44.549417 143727 sgemm sgemm CUDA0 1.255592 143767 40
CPU18 44.554147 143728 sgemm sgemm CUDA3 1.301386 143768 40
CPU6 44.658736 143729 sgemm sgemm CUDA2 1.075124 143769 40
CPU3 44.487187 143730 sgemm sgemm CUDA2 1.259147 143770 40
CPU14 44.750290 143731 sgemm sgemm CUDA2 1.257899 143771 40
CPU0 44.735561 143732 sgemm sgemm CUDA0 1.263213 143772 40
CPU1 44.391221 143733 sgemm sgemm CUDA3 1.073062 143773 40
CPU6 44.538576 143734 sgemm sgemm CUDA3 1.199579 143774 40
CPU6 44.390818 143735 sgemm sgemm CUDA1 1.327715 143775 40
CPU6 44.323536 143736 sgemm sgemm CUDA3 1.261764 143776 40
CPU15 44.456355 143737 sgemm sgemm CUDA3 1.072611 143777 40
CPU11 44.519888 143738 sgemm sgemm CUDA0 1.252369 143778 40
CPU7 44.758563 143739 sgemm sgemm CUDA0 1.065617 143779 40
CPU1 44.549226 143740 sgemm sgemm CUDA3 1.069823 143780 40
CPU6 44.204247 143741 sgemm sgemm CUDA3 1.259671 143781 40
CPU12 44.671752 143742 sgemm sgemm CUDA2 1.258937 143782 40
CPU3 44.529816 143743 sgemm sgemm CUDA2 1.203508 143783 40
CPU5 44.372227 143747 sgemm sgemm CUDA0 1.068933 143787 40
CPU6 44.571440 143748 sgemm sgemm CUDA2 1.072996 143788 40
CPU14 44.775614 143749 sgemm sgemm CUDA2 1.257368 143789 40
CPU2 44.293368 143750 sgemm sgemm CUDA2 1.071305 143790 40
CPU4 44.413961 143751 sgemm sgemm CUDA0 1.259483 143791 40
CPU16 44.683890 143752 sgemm sgemm CUDA0 0.073735 143792 40
CPU15 44.488417 143753 sgemm sgemm CUDA3 1.062216 143793 40
CPU16 44.710076 143754 sgemm sgemm CUDA3 1.068484 143794 40
CPU16 44.696151 143755 sgemm sgemm CUDA3 1.066753 143795 40
CPU9 43.948910 143756 sgemm sgemm CUDA3 1.066638 143796 40
CPU9 44.252735 143757 sgemm sgemm CUDA3 1.257354 143797 40
CPU3 44.246941 143758 sgemm sgemm CUDA2 1.262722 143798 40
CPU14 44.793660 143759 sgemm sgemm CUDA0 1.309139 143799 40
CPU14 44.717716 143760 sgemm sgemm CUDA0 1.259488 143800 40
CPU18 44.612651 143761 sgemm sgemm CUDA2 1.255466 143801 40
CPU17 44.733045 143762 sgemm sgemm CUDA2 1.261657 143802 40
CPU7 44.517907 143763 sgemm sgemm CUDA0 1.066097 143803 40
CPU0 44.301498 143764 sgemm sgemm CUDA2 1.073108 143804 40
CPU18 44.651509 143765 sgemm sgemm CUDA1 1.261133 143805 40
CPU16 44.924338 143766 sgemm sgemm CUDA1 1.068417 143806 40
CPU18 44.618640 143767 sgemm sgemm CUDA1 1.254422 143807 40
CPU18 44.637430 143768 sgemm sgemm CUDA3 1.071628 143808 40
CPU4 44.331469 143769 sgemm sgemm CUDA2 1.263921 143809 40
CPU0 44.680651 143770 sgemm sgemm CUDA2 1.064780 143810 40
CPU14 44.787027 143771 sgemm sgemm CUDA2 1.261207 143811 40
CPU1 44.233349 143772 sgemm sgemm CUDA0 1.066930 143812 40
CPU1 44.095131 143773 sgemm sgemm CUDA2 1.259534 143813 40
CPU7 44.135787 143774 sgemm sgemm CUDA1 1.256835 143814 40
CPU6 44.079006 143775 sgemm sgemm CUDA1 1.070008 143815 40
CPU7 44.289682 143776 sgemm sgemm CUDA1 1.251461 143816 40
CPU3 44.427382 143777 sgemm sgemm CUDA2 1.070216 143817 40
CPU4 44.289265 143778 sgemm sgemm CUDA0 1.062651 143818 40
CPU3 44.230923 143779 sgemm sgemm CUDA2 1.260446 143819 40
CPU0 44.557068 143780 sgemm sgemm CUDA3 1.261364 143820 40
CPU0 44.566381 143781 sgemm sgemm CUDA3 1.260802 143821 40
CPU12 44.780628 143782 sgemm sgemm CUDA1 1.066240 143822 40
CPU8 44.135500 143783 sgemm sgemm CUDA1 12.957021 143823 40
CPU5 31.791937 143789 strsm strsm CUDA1 3.141332 143829 40
CPU6 32.255259 143793 strsm strsm CUDA1 8.267984 143833 40
CPU14 31.937325 143797 strsm strsm CUDA1 0.302108 143837 40
CPU2 32.118837 143801 strsm strsm CUDA2 2.071414 143841 40
CPU8 32.242319 143805 strsm strsm CUDA3 1.543255 143845 40
CPU16 31.583474 143809 strsm strsm CUDA0 3.385475 143849 40
CPU15 31.382919 143813 strsm strsm CUDA2 1.375924 143853 40
CPU17 31.800669 143817 strsm strsm CUDA1 3.105091 143857 40
CPU16 31.821597 143821 strsm strsm CUDA3 0.252276 143861 40
CPU6 31.914262 143825 strsm strsm CUDA3 0.783303 143865 40
CPU0 31.742385 143829 strsm strsm CUDA0 11.772090 143869 40
CPU2 31.716745 143833 strsm strsm CUDA0 2.706083 143873 40
CPU14 32.567785 143837 strsm strsm CUDA0 2.737650 143877 40
CPU14 32.166250 143841 strsm strsm CUDA1 2.343756 143881 40
CPU9 31.463681 143845 strsm strsm CUDA2 2.054540 143885 40
CPU2 31.961278 143849 strsm strsm CUDA1 2.022067 143889 40
CPU7 31.966756 143853 strsm strsm CUDA0 2.770701 143893 40
CPU2 31.356584 143857 strsm strsm CUDA2 2.753801 143897 40
CPU18 32.003053 143861 strsm strsm CUDA0 0.263317 143901 40
CPU16 32.404414 143865 strsm strsm CUDA1 2.251821 143905 40
CPU18 32.790351 143869 strsm strsm CUDA0 3.156640 143909 40
CPU18 31.971221 143873 strsm strsm CUDA2 0.623115 143913 40
CPU2 31.679004 143877 strsm strsm CUDA2 1.955955 143917 40
CPU10 33.631640 143881 strsm strsm CUDA2 1.180617 143921 40
CPU14 31.812696 143885 strsm strsm CUDA2 0.099817 143925 40
CPU6 32.538673 143889 strsm strsm CUDA0 13.365475 143929 40
CPU8 31.291491 143893 strsm strsm CUDA3 2.705822 143933 40
CPU1 31.269217 143897 strsm strsm CUDA3 1.530909 143937 40
CPU13 32.752291 143901 strsm strsm CUDA1 12.572678 143941 40
CPU4 32.464287 143905 strsm strsm CUDA1 11.416333 143945 40
CPU3 32.828792 143909 strsm strsm CUDA3 0.348751 143949 40
CPU11 33.485010 143913 strsm strsm CUDA2 0.290985 143953 40
CPU7 32.557529 143917 strsm strsm CUDA2 2.439010 143957 40
CPU0 32.462011 143921 strsm strsm CUDA3 0.997672 143961 40
CPU9 31.534353 143925 strsm strsm CUDA3 2.045051 143965 40
CPU11 31.485344 143929 strsm strsm CUDA3 0.473408 143969 40
CPU15 31.606709 143933 strsm strsm CUDA3 12.375664 143973 40
CPU11 14.911525 143937 strtri strtri CPU10 49.855832 143977 40
CPU18 30.627204 143939 strsm strsm CUDA1 2.865318 143979 40
CPU18 30.353833 143941 strsm strsm CUDA1 2.839760 143981 40
CPU18 30.330094 143943 strsm strsm CUDA2 2.779836 143983 40
CPU18 30.412437 143945 strsm strsm CUDA1 11.071285 143985 40
CPU18 30.563931 143947 strsm strsm CUDA1 3.109956 143987 40
CPU5 30.594021 143949 strsm strsm CUDA1 3.045618 143989 40
CPU18 30.664736 143951 strsm strsm CUDA2 2.721519 143991 40
CPU19 31.305405 143953 strsm strsm CUDA1 0.572282 143993 40
CPU4 30.707575 143955 strsm strsm CUDA1 2.855011 143995 40
CPU19 30.959754 143957 strsm strsm CUDA2 17.712097 143997 40
CPU2 30.408109 143959 strsm strsm CUDA2 3.151717 143999 40
CPU5 44.482208 143961 sgemm sgemm CUDA0 0.049027 144001 40
CPU5 44.533518 143962 sgemm sgemm CUDA1 1.063204 144002 40
CPU14 44.546308 143963 sgemm sgemm CUDA1 1.054467 144003 40
CPU0 44.789215 143964 sgemm sgemm CUDA1 0.057250 144004 40
CPU2 44.475093 143965 sgemm sgemm CUDA0 1.319016 144005 40
CPU16 44.474723 143966 sgemm sgemm CUDA0 1.050493 144006 40
CPU15 44.356131 143967 sgemm sgemm CUDA3 1.251544 144007 40
CPU17 44.807948 143968 sgemm sgemm CUDA3 1.237697 144008 40
CPU15 44.330232 143969 sgemm sgemm CUDA3 1.051270 144009 40
CPU0 44.656222 143970 sgemm sgemm CUDA3 1.048693 144010 40
CPU9 44.273614 143971 sgemm sgemm CUDA3 12.916784 144011 40
CPU0 44.637167 143972 sgemm sgemm CUDA2 1.271412 144012 40
CPU15 44.147218 143973 sgemm sgemm CUDA3 0.057265 144013 40
CPU14 44.372449 143974 sgemm sgemm CUDA2 1.077110 144014 40
CPU9 44.589292 143975 sgemm sgemm CUDA2 1.207424 144015 40
CPU5 44.616531 143976 sgemm sgemm CUDA1 1.307918 144016 40
CPU9 44.506968 143977 sgemm sgemm CUDA0 1.050049 144017 40
CPU2 44.405635 143978 sgemm sgemm CUDA2 1.044766 144018 40
CPU18 44.298674 143979 sgemm sgemm CUDA3 1.295495 144019 40
CPU16 44.514871 143980 sgemm sgemm CUDA2 1.244319 144020 40
CPU7 44.733895 143981 sgemm sgemm CUDA2 1.044922 144021 40
CPU18 44.346128 143982 sgemm sgemm CUDA2 1.050609 144022 40
CPU7 44.791830 143983 sgemm sgemm CUDA3 1.043207 144023 40
CPU1 44.331174 143984 sgemm sgemm CUDA2 1.051593 144024 40
CPU15 44.230835 143985 sgemm sgemm CUDA2 12.966331 144025 40
CPU9 44.278767 143986 sgemm sgemm CUDA0 1.045359 144026 40
CPU6 44.277210 143987 sgemm sgemm CUDA2 0.220703 144027 40
CPU9 44.514878 143988 sgemm sgemm CUDA1 1.228650 144028 40
CPU19 44.978176 143989 sgemm sgemm CUDA1 1.045872 144029 40
CPU5 44.419836 143990 sgemm sgemm CUDA1 1.055816 144030 40
CPU16 44.514635 143991 sgemm sgemm CUDA2 1.372381 144031 40
CPU19 44.614196 143992 sgemm sgemm CUDA3 1.047852 144032 40
CPU9 44.548163 143993 sgemm sgemm CUDA2 1.232556 144033 40
CPU3 44.507457 143994 sgemm sgemm CUDA3 1.236694 144034 40
CPU0 44.984245 143995 sgemm sgemm CUDA3 1.232610 144035 40
CPU19 44.548055 143996 sgemm sgemm CUDA3 1.044241 144036 40
CPU10 44.288018 143997 sgemm sgemm CUDA3 1.242091 144037 40
CPU7 44.598639 143998 sgemm sgemm CUDA2 0.065774 144038 40
CPU9 44.290325 144002 sgemm sgemm CUDA0 0.175568 144042 40
CPU8 44.302765 144003 sgemm sgemm CUDA1 0.073248 144043 40
CPU14 44.425322 144004 sgemm sgemm CUDA1 1.390994 144044 40
CPU1 44.717060 144005 sgemm sgemm CUDA2 1.399363 144045 40
CPU7 44.780016 144006 sgemm sgemm CUDA2 1.064901 144046 40
CPU18 44.583312 144007 sgemm sgemm CUDA2 1.068986 144047 40
CPU15 44.072793 144008 sgemm sgemm CUDA3 1.080030 144048 40
CPU16 44.247559 144009 sgemm sgemm CUDA3 1.267625 144049 40
CPU16 44.406322 144010 sgemm sgemm CUDA3 1.263400 144050 40
CPU4 44.586098 144011 sgemm sgemm CUDA3 1.067916 144051 40
CPU1 44.580805 144012 sgemm sgemm CUDA3 1.259208 144052 40
CPU7 44.840300 144013 sgemm sgemm CUDA2 1.072934 144053 40
CPU14 44.584300 144014 sgemm sgemm CUDA3 12.290687 144054 40
CPU14 44.380057 144015 sgemm sgemm CUDA0 3.771068 144055 40
CPU17 44.406581 144016 sgemm sgemm CUDA2 1.067971 144056 40
CPU7 44.577875 144017 sgemm sgemm CUDA1 1.070842 144057 40
CPU5 44.641016 144018 sgemm sgemm CUDA0 0.143126 144058 40
CPU3 44.659165 144019 sgemm sgemm CUDA0 1.348490 144059 40
CPU18 44.184218 144020 sgemm sgemm CUDA3 0.042096 144060 40
CPU16 44.459875 144021 sgemm sgemm CUDA1 1.068718 144061 40
CPU1 44.511537 144022 sgemm sgemm CUDA1 1.078066 144062 40
CPU18 44.214886 144023 sgemm sgemm CUDA3 1.377183 144063 40
CPU1 44.744175 144024 sgemm sgemm CUDA3 1.063763 144064 40
CPU9 44.475419 144025 sgemm sgemm CUDA0 1.261430 144065 40
CPU15 44.092722 144026 sgemm sgemm CUDA2 1.257318 144066 40
CPU9 44.593772 144027 sgemm sgemm CUDA0 1.068289 144067 40
CPU7 44.734827 144028 sgemm sgemm CUDA2 1.069392 144068 40
CPU2 44.355152 144029 sgemm sgemm CUDA1 1.258488 144069 40
CPU6 44.538723 144030 sgemm sgemm CUDA1 1.260491 144070 40
CPU5 44.751911 144031 sgemm sgemm CUDA1 1.261854 144071 40
CPU16 44.243501 144032 sgemm sgemm CUDA3 1.258344 144072 40
CPU2 44.540055 144033 sgemm sgemm CUDA0 1.068032 144073 40
CPU2 44.644953 144034 sgemm sgemm CUDA2 1.253582 144074 40
CPU4 44.814565 144035 sgemm sgemm CUDA3 1.259554 144075 40
CPU8 44.793794 144036 sgemm sgemm CUDA0 1.072992 144076 40
CPU10 44.440391 144037 sgemm sgemm CUDA3 1.067043 144077 40
CPU1 44.672774 144038 sgemm sgemm CUDA3 1.071114 144078 40
CPU19 45.952923 144039 sgemm sgemm CUDA3 1.068733 144079 40
CPU7 44.676029 144043 sgemm sgemm CUDA3 1.408817 144083 40
CPU3 44.641183 144044 sgemm sgemm CUDA3 10.737891 144084 40
CPU14 44.254458 144045 sgemm sgemm CUDA3 0.052112 144085 40
CPU1 44.663751 144046 sgemm sgemm CUDA2 1.428487 144086 40
CPU7 44.842792 144047 sgemm sgemm CUDA2 1.087143 144087 40
CPU17 44.363491 144048 sgemm sgemm CUDA2 1.074456 144088 40
CPU15 44.070424 144049 sgemm sgemm CUDA3 13.145651 144089 40
CPU17 44.519994 144050 sgemm sgemm CUDA3 1.358831 144090 40
CPU17 44.270124 144051 sgemm sgemm CUDA3 1.257187 144091 40
CPU3 44.859535 144052 sgemm sgemm CUDA3 1.066442 144092 40
CPU1 44.640069 144053 sgemm sgemm CUDA3 1.064218 144093 40
CPU1 44.596655 144054 sgemm sgemm CUDA2 1.071191 144094 40
CPU15 44.160047 144055 sgemm sgemm CUDA3 1.256901 144095 40
CPU14 44.812857 144056 sgemm sgemm CUDA1 1.068163 144096 40
CPU18 44.160944 144057 sgemm sgemm CUDA2 1.258787 144097 40
CPU4 44.290564 144058 sgemm sgemm CUDA2 12.147774 144098 40
CPU1 44.770027 144059 sgemm sgemm CUDA0 1.258827 144099 40
CPU9 44.595961 144060 sgemm sgemm CUDA0 1.066972 144100 40
CPU17 44.463263 144061 sgemm sgemm CUDA1 1.075966 144101 40
CPU16 44.377870 144062 sgemm sgemm CUDA1 1.259857 144102 40
CPU2 44.511687 144063 sgemm sgemm CUDA0 1.258761 144103 40
CPU18 44.302882 144064 sgemm sgemm CUDA3 1.261068 144104 40
CPU1 44.485960 144065 sgemm sgemm CUDA3 1.062703 144105 40
CPU11 44.319885 144066 sgemm sgemm CUDA0 1.059894 144106 40
CPU14 44.391054 144067 sgemm sgemm CUDA2 1.069662 144107 40
CPU8 44.557444 144068 sgemm sgemm CUDA0 1.069291 144108 40
CPU5 44.530204 144069 sgemm sgemm CUDA0 0.038780 144109 40
CPU4 44.861489 144070 sgemm sgemm CUDA1 1.304687 144110 40
CPU6 44.736207 144071 sgemm sgemm CUDA1 1.260757 144111 40
CPU6 44.923025 144072 sgemm sgemm CUDA1 1.255938 144112 40
CPU15 44.226450 144073 sgemm sgemm CUDA2 1.253688 144113 40
CPU5 44.733371 144074 sgemm sgemm CUDA3 12.281155 144114 40
CPU9 44.410476 144075 sgemm sgemm CUDA2 12.090504 144115 40
CPU1 44.666554 144076 sgemm sgemm CUDA3 0.048090 144116 40
CPU9 44.603275 144077 sgemm sgemm CUDA3 1.296298 144117 40
CPU11 44.166555 144078 sgemm sgemm CUDA1 1.076357 144118 40
CPU4 44.812285 144079 sgemm sgemm CUDA1 0.047224 144119 40
CPU6 44.678993 144080 sgemm sgemm CUDA1 1.345681 144120 40
CPU8 44.334725 144084 sgemm sgemm CUDA1 1.380880 144124 40
CPU6 44.616328 144085 sgemm sgemm CUDA1 1.097160 144125 40
CPU14 44.390781 144086 sgemm sgemm CUDA1 0.097107 144126 40
CPU0 44.771670 144087 sgemm sgemm CUDA1 1.276184 144127 40
CPU8 44.175217 144088 sgemm sgemm CUDA0 1.269542 144128 40
CPU16 44.478682 144089 sgemm sgemm CUDA0 1.088595 144129 40
CPU15 44.278205 144090 sgemm sgemm CUDA0 7.822382 144130 40
CPU17 44.567497 144091 sgemm sgemm CUDA3 1.256025 144131 40
CPU15 44.486546 144092 sgemm sgemm CUDA3 1.068347 144132 40
CPU7 44.798288 144093 sgemm sgemm CUDA3 1.070308 144133 40
CPU8 44.303774 144094 sgemm sgemm CUDA3 1.070961 144134 40
CPU6 44.363239 144095 sgemm sgemm CUDA0 0.044558 144135 40
CPU14 44.696063 144096 sgemm sgemm CUDA0 1.265690 144136 40
CPU14 45.085191 144097 sgemm sgemm CUDA1 1.071608 144137 40
CPU11 44.464535 144098 sgemm sgemm CUDA2 1.079386 144138 40
CPU6 44.551642 144099 sgemm sgemm CUDA1 1.067493 144139 40
CPU1 44.390275 144100 sgemm sgemm CUDA0 1.348747 144140 40
CPU1 44.256084 144101 sgemm sgemm CUDA0 1.253696 144141 40
CPU18 44.425450 144102 sgemm sgemm CUDA3 1.075541 144142 40
CPU16 44.612229 144103 sgemm sgemm CUDA1 1.206661 144143 40
CPU0 44.545265 144104 sgemm sgemm CUDA1 1.257667 144144 40
CPU18 44.433983 144105 sgemm sgemm CUDA2 1.197381 144145 40
CPU7 44.478530 144106 sgemm sgemm CUDA3 1.273769 144146 40
CPU18 44.707114 144107 sgemm sgemm CUDA0 1.258249 144147 40
CPU14 44.645902 144108 sgemm sgemm CUDA2 1.254684 144148 40
CPU7 44.368923 144109 sgemm sgemm CUDA0 13.019390 144149 40
CPU2 44.175448 144110 sgemm sgemm CUDA0 0.051345 144150 40
CPU8 44.560697 144111 sgemm sgemm CUDA1 1.299610 144151 40
CPU6 44.321750 144112 sgemm sgemm CUDA1 1.259885 144152 40
CPU7 44.687932 144113 sgemm sgemm CUDA1 1.256823 144153 40
CPU14 44.343828 144114 sgemm sgemm CUDA2 0.042981 144154 40
CPU5 44.447323 144115 sgemm sgemm CUDA0 1.475398 144155 40
CPU8 44.523529 144116 sgemm sgemm CUDA2 1.334629 144156 40
CPU1 44.408915 144117 sgemm sgemm CUDA3 1.071177 144157 40
CPU8 44.473701 144118 sgemm sgemm CUDA0 10.468061 144158 40
CPU12 44.193721 144119 sgemm sgemm CUDA1 1.351983 144159 40
CPU4 44.599137 144120 sgemm sgemm CUDA1 2.766540 144160 40
CPU0 44.174055 144121 sgemm sgemm CUDA0 0.054188 144161 40
CPU7 44.367844 144125 sgemm sgemm CUDA1 1.055203 144165 40
CPU5 44.281653 144126 sgemm sgemm CUDA1 1.255585 144166 40
CPU14 44.439052 144127 sgemm sgemm CUDA1 1.262750 144167 40
CPU1 44.579347 144128 sgemm sgemm CUDA2 1.051493 144168 40
CPU7 44.571109 144129 sgemm sgemm CUDA2 1.265530 144169 40
CPU16 44.795492 144130 sgemm sgemm CUDA2 1.071126 144170 40
CPU15 44.510724 144131 sgemm sgemm CUDA0 1.072352 144171 40
CPU16 44.463308 144132 sgemm sgemm CUDA0 1.069535 144172 40
CPU17 44.481646 144133 sgemm sgemm CUDA3 1.241708 144173 40
CPU8 44.363195 144134 sgemm sgemm CUDA0 1.317457 144174 40
CPU7 44.301620 144135 sgemm sgemm CUDA3 1.258921 144175 40
CPU4 44.424623 144136 sgemm sgemm CUDA2 1.080118 144176 40
CPU14 44.880679 144137 sgemm sgemm CUDA0 1.067708 144177 40
CPU14 44.987917 144138 sgemm sgemm CUDA0 1.071691 144178 40
CPU17 44.709916 144139 sgemm sgemm CUDA2 1.067317 144179 40
CPU8 44.152863 144140 sgemm sgemm CUDA2 1.071177 144180 40
CPU4 44.508762 144141 sgemm sgemm CUDA0 1.071573 144181 40
CPU8 44.061087 144142 sgemm sgemm CUDA0 1.070700 144182 40
CPU18 44.494363 144143 sgemm sgemm CUDA1 1.251430 144183 40
CPU16 44.401898 144144 sgemm sgemm CUDA1 1.257543 144184 40
CPU10 44.540458 144145 sgemm sgemm CUDA0 1.259060 144185 40
CPU18 44.319684 144146 sgemm sgemm CUDA2 1.068871 144186 40
CPU8 44.123644 144147 sgemm sgemm CUDA2 1.068726 144187 40
CPU12 44.665906 144148 sgemm sgemm CUDA2 1.256999 144188 40
CPU15 44.373806 144149 sgemm sgemm CUDA2 1.064273 144189 40
CPU9 44.152576 144150 sgemm sgemm CUDA0 1.068079 144190 40
CPU3 44.429642 144151 sgemm sgemm CUDA0 1.262737 144191 40
CPU0 44.599593 144152 sgemm sgemm CUDA1 1.253683 144192 40
CPU6 44.375573 144153 sgemm sgemm CUDA1 1.262902 144193 40
CPU5 44.471596 144154 sgemm sgemm CUDA1 1.064267 144194 40
CPU16 44.590977 144155 sgemm sgemm CUDA2 1.061054 144195 40
CPU6 44.510626 144156 sgemm sgemm CUDA0 1.074570 144196 40
CPU7 44.556910 144157 sgemm sgemm CUDA2 1.253856 144197 40
CPU0 44.400408 144158 sgemm sgemm CUDA3 1.074757 144198 40
CPU8 44.417699 144159 sgemm sgemm CUDA3 1.275757 144199 40
CPU10 44.401153 144160 sgemm sgemm CUDA1 1.259412 144200 40
CPU3 44.415522 144161 sgemm sgemm CUDA1 1.256703 144201 40
CPU19 46.957401 144162 sgemm sgemm CUDA1 1.257138 144202 40
CPU0 44.525190 144166 sgemm sgemm CUDA1 12.499403 144206 40
CPU4 44.588991 144167 sgemm sgemm CUDA1 0.041876 144207 40
CPU14 44.508794 144168 sgemm sgemm CUDA1 1.367726 144208 40
CPU0 44.790241 144169 sgemm sgemm CUDA2 1.069388 144209 40
CPU0 44.879039 144170 sgemm sgemm CUDA2 1.074516 144210 40
CPU17 44.183384 144171 sgemm sgemm CUDA2 1.065121 144211 40
CPU15 44.421098 144172 sgemm sgemm CUDA3 0.047145 144212 40
CPU16 44.290904 144173 sgemm sgemm CUDA3 1.312887 144213 40
CPU15 44.193339 144174 sgemm sgemm CUDA3 1.263444 144214 40
CPU9 44.417331 144175 sgemm sgemm CUDA3 1.071468 144215 40
CPU2 44.390778 144176 sgemm sgemm CUDA3 1.254816 144216 40
CPU8 44.593165 144177 sgemm sgemm CUDA2 1.065692 144217 40
CPU15 44.575113 144178 sgemm sgemm CUDA3 1.258684 144218 40
CPU14 44.819335 144179 sgemm sgemm CUDA2 13.227181 144219 40
CPU19 44.569514 144180 sgemm sgemm CUDA2 12.069560 144220 40
CPU7 44.631629 144181 sgemm sgemm CUDA1 1.259709 144221 40
CPU8 44.238163 144182 sgemm sgemm CUDA0 0.060145 144222 40
CPU2 44.588356 144183 sgemm sgemm CUDA2 1.322240 144223 40
CPU17 44.469160 144184 sgemm sgemm CUDA1 1.076220 144224 40
CPU16 44.459821 144185 sgemm sgemm CUDA1 1.087457 144225 40
CPU5 44.501093 144186 sgemm sgemm CUDA0 1.317262 144226 40
CPU18 44.275169 144187 sgemm sgemm CUDA3 1.258142 144227 40
CPU1 44.375668 144188 sgemm sgemm CUDA2 1.255754 144228 40
CPU10 44.675181 144189 sgemm sgemm CUDA0 1.079118 144229 40
CPU15 44.258362 144190 sgemm sgemm CUDA2 1.069919 144230 40
CPU2 44.322886 144191 sgemm sgemm CUDA0 1.265609 144231 40
CPU4 44.559375 144192 sgemm sgemm CUDA0 1.268453 144232 40
CPU8 44.189912 144193 sgemm sgemm CUDA1 17.983810 144233 40
CPU6 44.549350 144194 sgemm sgemm CUDA1 0.045275 144234 40
CPU2 44.684449 144195 sgemm sgemm CUDA1 1.316711 144235 40
CPU16 44.324195 144196 sgemm sgemm CUDA2 1.256538 144236 40
CPU1 44.605408 144197 sgemm sgemm CUDA0 1.258919 144237 40
CPU4 44.688951 144198 sgemm sgemm CUDA2 1.070109 144238 40
CPU4 44.707084 144199 sgemm sgemm CUDA3 1.064252 144239 40
CPU6 44.663804 144200 sgemm sgemm CUDA3 1.257237 144240 40
CPU12 44.402715 144201 sgemm sgemm CUDA1 1.071792 144241 40
CPU8 44.523142 144202 sgemm sgemm CUDA1 1.262000 144242 40
CPU5 44.438481 144203 sgemm sgemm CUDA2 1.257913 144243 40
CPU9 44.243446 144207 sgemm sgemm CUDA2 1.065783 144247 40
CPU4 44.452552 144208 sgemm sgemm CUDA2 1.252120 144248 40
CPU14 44.591571 144209 sgemm sgemm CUDA2 1.258039 144249 40
CPU0 44.740066 144210 sgemm sgemm CUDA2 1.067600 144250 40
CPU3 44.395229 144211 sgemm sgemm CUDA2 12.257040 144251 40
CPU16 44.459693 144212 sgemm sgemm CUDA2 0.045274 144252 40
CPU15 44.536920 144213 sgemm sgemm CUDA3 12.236305 144253 40
CPU16 44.382162 144214 sgemm sgemm CUDA3 0.043955 144254 40
CPU16 44.368322 144215 sgemm sgemm CUDA3 1.320237 144255 40
CPU3 44.441771 144216 sgemm sgemm CUDA3 1.062900 144256 40
CPU0 44.735512 144217 sgemm sgemm CUDA3 1.065272 144257 40
CPU9 44.164568 144218 sgemm sgemm CUDA2 1.307636 144258 40
CPU15 44.276845 144219 sgemm sgemm CUDA1 12.157972 144259 40
CPU14 44.628044 144220 sgemm sgemm CUDA1 0.044326 144260 40
CPU17 44.662592 144221 sgemm sgemm CUDA2 1.080151 144261 40
CPU8 44.484417 144222 sgemm sgemm CUDA1 1.322817 144262 40
CPU4 44.365525 144223 sgemm sgemm CUDA0 1.068898 144263 40
CPU8 44.394493 144224 sgemm sgemm CUDA0 1.257434 144264 40
CPU18 44.511853 144225 sgemm sgemm CUDA3 1.066720 144265 40
CPU16 44.803884 144226 sgemm sgemm CUDA1 1.067031 144266 40
CPU9 44.115564 144227 sgemm sgemm CUDA1 1.067629 144267 40
CPU18 44.561683 144228 sgemm sgemm CUDA3 1.255314 144268 40
CPU9 44.033573 144229 sgemm sgemm CUDA0 1.258603 144269 40
CPU12 44.544149 144230 sgemm sgemm CUDA0 1.260330 144270 40
CPU14 44.577100 144231 sgemm sgemm CUDA1 1.260311 144271 40
CPU7 44.409855 144232 sgemm sgemm CUDA0 12.727232 144272 40
CPU8 44.382662 144233 sgemm sgemm CUDA0 0.046912 144273 40
CPU3 44.199623 144234 sgemm sgemm CUDA1 1.258985 144274 40
CPU13 45.069407 144235 sgemm sgemm CUDA1 1.258677 144275 40
CPU6 44.687821 144236 sgemm sgemm CUDA1 1.259874 144276 40
CPU15 44.316983 144237 sgemm sgemm CUDA3 1.255309 144277 40
CPU13 44.693002 144238 sgemm sgemm CUDA0 1.319234 144278 40
CPU0 44.785182 144239 sgemm sgemm CUDA2 1.273933 144279 40
CPU9 44.479315 144240 sgemm sgemm CUDA3 1.283917 144280 40
CPU0 44.719394 144241 sgemm sgemm CUDA3 1.039970 144281 40
CPU12 44.599892 144242 sgemm sgemm CUDA1 1.259426 144282 40
CPU13 44.562571 144243 sgemm sgemm CUDA1 1.260607 144283 40
CPU13 44.777281 144244 sgemm sgemm CUDA0 1.260375 144284 40
CPU9 44.265332 144248 sgemm sgemm CUDA1 0.038812 144288 40
CPU4 44.328735 144249 sgemm sgemm CUDA1 1.330730 144289 40
CPU14 44.557199 144250 sgemm sgemm CUDA1 1.258791 144290 40
CPU1 44.301212 144251 sgemm sgemm CUDA3 1.069378 144291 40
CPU4 44.540797 144252 sgemm sgemm CUDA3 1.263220 144292 40
CPU17 44.772641 144253 sgemm sgemm CUDA3 12.777270 144293 40
CPU15 44.687250 144254 sgemm sgemm CUDA3 0.044583 144294 40
CPU16 44.392290 144255 sgemm sgemm CUDA3 1.452158 144295 40
CPU17 44.452044 144256 sgemm sgemm CUDA3 1.017427 144296 40
CPU2 44.511198 144257 sgemm sgemm CUDA3 1.265870 144297 40
CPU5 44.294070 144258 sgemm sgemm CUDA3 1.013397 144298 40
CPU2 44.169363 144259 sgemm sgemm CUDA1 1.258421 144299 40
CPU15 44.328870 144260 sgemm sgemm CUDA0 1.074231 144300 40
CPU14 44.758079 144261 sgemm sgemm CUDA1 1.256776 144301 40
CPU18 44.294416 144262 sgemm sgemm CUDA2 1.370466 144302 40
CPU3 44.589507 144263 sgemm sgemm CUDA2 1.258594 144303 40
CPU9 44.473106 144264 sgemm sgemm CUDA0 1.261254 144304 40
CPU8 44.362839 144265 sgemm sgemm CUDA0 1.066203 144305 40
CPU18 44.404189 144266 sgemm sgemm CUDA0 1.260286 144306 40
CPU16 44.740635 144267 sgemm sgemm CUDA1 1.258947 144307 40
CPU6 44.408536 144268 sgemm sgemm CUDA1 1.255937 144308 40
CPU18 44.528421 144269 sgemm sgemm CUDA3 1.013512 144309 40
CPU3 44.187287 144270 sgemm sgemm CUDA2 1.069816 144310 40
CPU9 43.915675 144271 sgemm sgemm CUDA2 1.066480 144311 40
CPU14 44.621889 144272 sgemm sgemm CUDA2 1.258593 144312 40
CPU9 44.175763 144273 sgemm sgemm CUDA0 12.857891 144313 40
CPU8 44.149582 144274 sgemm sgemm CUDA0 0.040566 144314 40
CPU5 44.414283 144275 sgemm sgemm CUDA1 1.065754 144315 40
CPU6 44.357945 144276 sgemm sgemm CUDA1 1.258245 144316 40
CPU2 44.284448 144277 sgemm sgemm CUDA3 1.065470 144317 40
CPU14 44.369692 144278 sgemm sgemm CUDA2 1.258879 144318 40
CPU7 44.791070 144279 sgemm sgemm CUDA0 1.317700 144319 40
CPU5 44.517284 144280 sgemm sgemm CUDA0 1.256950 144320 40
CPU7 44.479135 144281 sgemm sgemm CUDA3 1.068440 144321 40
CPU8 44.487534 144282 sgemm sgemm CUDA0 1.259174 144322 40
CPU10 44.482776 144283 sgemm sgemm CUDA0 1.073080 144323 40
CPU0 44.480076 144284 sgemm sgemm CUDA1 1.261723 144324 40
CPU10 46.279653 144285 sgemm sgemm CUDA2 1.071520 144325 40
CPU8 44.062005 144289 sgemm sgemm CUDA3 9.657429 144329 40
CPU6 44.483827 144290 sgemm sgemm CUDA1 1.313818 144330 40
CPU14 44.563579 144291 sgemm sgemm CUDA3 1.293442 144331 40
CPU4 44.564417 144292 sgemm sgemm CUDA1 1.083647 144332 40
CPU7 44.567578 144293 sgemm sgemm CUDA2 1.247479 144333 40
CPU17 44.469780 144294 sgemm sgemm CUDA2 12.999919 144334 40
CPU15 44.510670 144295 sgemm sgemm CUDA3 1.274145 144335 40
CPU18 44.318627 144296 sgemm sgemm CUDA3 1.266499 144336 40
CPU17 44.526526 144297 sgemm sgemm CUDA3 1.262896 144337 40
CPU7 44.319913 144298 sgemm sgemm CUDA3 1.257431 144338 40
CPU6 44.356705 144299 sgemm sgemm CUDA3 1.254124 144339 40
CPU8 44.404766 144300 sgemm sgemm CUDA2 0.047569 144340 40
CPU15 44.497401 144301 sgemm sgemm CUDA1 1.062736 144341 40
CPU14 44.478239 144302 sgemm sgemm CUDA1 1.262258 144342 40
CPU17 44.653955 144303 sgemm sgemm CUDA2 1.317939 144343 40
CPU5 44.434677 144304 sgemm sgemm CUDA2 1.068908 144344 40
CPU2 44.494641 144305 sgemm sgemm CUDA0 1.312692 144345 40
CPU0 44.649733 144306 sgemm sgemm CUDA0 1.077839 144346 40
CPU17 44.667243 144307 sgemm sgemm CUDA3 1.069639 144347 40
CPU16 44.576386 144308 sgemm sgemm CUDA1 1.073183 144348 40
CPU8 44.408659 144309 sgemm sgemm CUDA1 1.258260 144349 40
CPU18 44.385709 144310 sgemm sgemm CUDA3 1.254661 144350 40
CPU0 44.300101 144311 sgemm sgemm CUDA2 1.068560 144351 40
CPU14 44.738669 144312 sgemm sgemm CUDA0 1.071242 144352 40
CPU15 44.381571 144313 sgemm sgemm CUDA2 1.258169 144353 40
CPU8 44.290717 144314 sgemm sgemm CUDA0 1.064956 144354 40
CPU0 44.640335 144315 sgemm sgemm CUDA0 1.255673 144355 40
CPU8 44.648817 144316 sgemm sgemm CUDA1 1.066425 144356 40
CPU13 44.760756 144317 sgemm sgemm CUDA1 1.254941 144357 40
CPU1 44.374235 144318 sgemm sgemm CUDA1 1.064968 144358 40
CPU16 44.674332 144319 sgemm sgemm CUDA3 1.258529 144359 40
CPU9 44.477908 144320 sgemm sgemm CUDA0 1.259943 144360 40
CPU9 44.270065 144321 sgemm sgemm CUDA2 1.068476 144361 40
CPU4 44.531792 144322 sgemm sgemm CUDA3 1.258037 144362 40
CPU9 44.305859 144323 sgemm sgemm CUDA0 1.257426 144363 40
CPU12 44.669193 144324 sgemm sgemm CUDA3 1.258540 144364 40
CPU15 44.693232 144325 sgemm sgemm CUDA1 1.071162 144365 40
CPU15 46.834388 144326 sgemm sgemm CUDA2 1.074237 144366 40
CPU3 44.211451 144330 sgemm sgemm CUDA3 1.072213 144370 40
CPU3 44.244445 144331 sgemm sgemm CUDA3 1.008991 144371 40
CPU14 44.519703 144332 sgemm sgemm CUDA3 1.011550 144372 40
CPU0 44.775851 144333 sgemm sgemm CUDA1 12.581433 144373 40
CPU0 44.878312 144334 sgemm sgemm CUDA1 0.041842 144374 40
CPU17 44.477731 144335 sgemm sgemm CUDA3 12.440650 144375 40
CPU15 44.708204 144336 sgemm sgemm CUDA1 1.231501 144376 40
CPU16 44.468646 144337 sgemm sgemm CUDA0 1.069397 144377 40
CPU17 44.580267 144338 sgemm sgemm CUDA3 0.041882 144378 40
CPU1 44.051547 144339 sgemm sgemm CUDA0 1.261381 144379 40
CPU9 44.468342 144340 sgemm sgemm CUDA0 1.257284 144380 40
CPU4 44.583197 144341 sgemm sgemm CUDA1 1.203643 144381 40
CPU14 44.533809 144342 sgemm sgemm CUDA0 1.068116 144382 40
CPU14 44.632571 144343 sgemm sgemm CUDA1 1.012489 144383 40
CPU17 44.501919 144344 sgemm sgemm CUDA2 1.065799 144384 40
CPU8 44.601354 144345 sgemm sgemm CUDA1 1.206459 144385 40
CPU0 44.431588 144346 sgemm sgemm CUDA0 1.198202 144386 40
CPU7 44.570898 144347 sgemm sgemm CUDA0 12.909324 144387 40
CPU17 44.504166 144348 sgemm sgemm CUDA1 1.009495 144388 40
CPU16 44.505038 144349 sgemm sgemm CUDA2 1.198665 144389 40
CPU4 44.501085 144350 sgemm sgemm CUDA0 0.043172 144390 40
CPU18 44.529053 144351 sgemm sgemm CUDA3 1.250416 144391 40
CPU6 44.517827 144352 sgemm sgemm CUDA2 1.014721 144392 40
CPU3 44.435421 144353 sgemm sgemm CUDA2 0.148541 144393 40
CPU14 44.583430 144354 sgemm sgemm CUDA2 1.270116 144394 40
CPU0 44.666163 144355 sgemm sgemm CUDA0 1.308860 144395 40
CPU9 44.468401 144356 sgemm sgemm CUDA3 1.201562 144396 40
CPU6 44.541737 144357 sgemm sgemm CUDA3 1.010613 144397 40
CPU6 44.462955 144358 sgemm sgemm CUDA1 1.011434 144398 40
CPU6 44.377831 144359 sgemm sgemm CUDA3 1.203438 144399 40
CPU16 44.368341 144360 sgemm sgemm CUDA3 1.203589 144400 40
CPU11 44.489067 144361 sgemm sgemm CUDA0 1.014001 144401 40
CPU3 44.602401 144362 sgemm sgemm CUDA0 1.206122 144402 40
CPU1 44.654602 144363 sgemm sgemm CUDA3 1.014085 144403 40
CPU6 44.242287 144364 sgemm sgemm CUDA3 4.514422 144404 40
CPU10 44.569479 144365 sgemm sgemm CUDA2 1.015578 144405 40
CPU3 44.551707 144366 sgemm sgemm CUDA2 1.199910 144406 40
CPU12 44.566677 144367 sgemm sgemm CUDA0 1.203463 144407 40
CPU1 44.332552 144371 sgemm sgemm CUDA2 1.373694 144411 40
CPU6 44.556471 144372 sgemm sgemm CUDA2 1.252233 144412 40
CPU14 44.760371 144373 sgemm sgemm CUDA2 1.068140 144413 40
CPU1 44.359648 144374 sgemm sgemm CUDA2 1.064995 144414 40
CPU1 44.299108 144375 sgemm sgemm CUDA0 1.262033 144415 40
CPU16 44.690680 144376 sgemm sgemm CUDA0 1.072120 144416 40
CPU15 44.520456 144377 sgemm sgemm CUDA0 1.071841 144417 40
CPU16 44.622429 144378 sgemm sgemm CUDA0 1.260810 144418 40
CPU17 44.647868 144379 sgemm sgemm CUDA3 8.406562 144419 40
CPU9 44.165746 144380 sgemm sgemm CUDA3 1.335172 144420 40
CPU5 44.156473 144381 sgemm sgemm CUDA3 1.256607 144421 40
CPU3 44.268262 144382 sgemm sgemm CUDA2 1.071698 144422 40
CPU14 44.672596 144383 sgemm sgemm CUDA0 1.259808 144423 40
CPU14 44.764013 144384 sgemm sgemm CUDA0 1.077536 144424 40
CPU18 44.474211 144385 sgemm sgemm CUDA2 1.263530 144425 40
CPU4 44.578019 144386 sgemm sgemm CUDA2 1.258853 144426 40
CPU7 44.756362 144387 sgemm sgemm CUDA0 1.072862 144427 40
CPU0 44.489688 144388 sgemm sgemm CUDA2 1.062358 144428 40
CPU18 44.621693 144389 sgemm sgemm CUDA3 1.066303 144429 40
CPU16 45.003026 144390 sgemm sgemm CUDA1 1.072498 144430 40
CPU18 44.671555 144391 sgemm sgemm CUDA1 0.038877 144431 40
CPU18 44.457383 144392 sgemm sgemm CUDA3 1.261229 144432 40
CPU3 44.066396 144393 sgemm sgemm CUDA2 12.332669 144433 40
CPU0 44.479918 144394 sgemm sgemm CUDA2 0.044172 144434 40
CPU14 44.807459 144395 sgemm sgemm CUDA2 1.301581 144435 40
CPU1 44.144760 144396 sgemm sgemm CUDA0 1.064143 144436 40
CPU1 44.226063 144397 sgemm sgemm CUDA2 1.069127 144437 40
CPU2 44.036254 144398 sgemm sgemm CUDA3 1.067697 144438 40
CPU6 44.151014 144399 sgemm sgemm CUDA3 1.071304 144439 40
CPU2 44.196197 144400 sgemm sgemm CUDA3 1.059731 144440 40
CPU2 44.434897 144401 sgemm sgemm CUDA3 1.068487 144441 40
CPU4 44.619907 144402 sgemm sgemm CUDA3 12.049131 144442 40
CPU3 44.375813 144403 sgemm sgemm CUDA3 1.360896 144443 40
CPU0 44.794621 144404 sgemm sgemm CUDA3 1.258900 144444 40
CPU4 44.418858 144405 sgemm sgemm CUDA3 1.261906 144445 40
CPU17 44.738788 144406 sgemm sgemm CUDA3 1.255129 144446 40
CPU8 44.094965 144407 sgemm sgemm CUDA3 1.254218 144447 40
CPU18 44.660906 144408 sgemm sgemm CUDA3 1.259822 144448 40
CPU1 31.576483 144414 strsm strsm CUDA2 0.182759 144454 40
CPU5 31.715487 144418 strsm strsm CUDA3 0.167713 144458 40
CPU14 31.843991 144422 strsm strsm CUDA3 2.292085 144462 40
CPU1 31.972848 144426 strsm strsm CUDA3 0.183763 144466 40
CPU1 32.063803 144430 strsm strsm CUDA3 8.879481 144470 40
CPU16 31.468217 144434 strsm strsm CUDA0 2.850495 144474 40
CPU15 31.326669 144438 strsm strsm CUDA0 8.012420 144478 40
CPU18 31.488243 144442 strsm strsm CUDA2 2.714793 144482 40
CPU17 31.755011 144446 strsm strsm CUDA1 1.605699 144486 40
CPU7 32.219750 144450 strsm strsm CUDA0 2.699563 144490 40
CPU9 31.718470 144454 strsm strsm CUDA2 5.048894 144494 40
CPU4 31.990931 144458 strsm strsm CUDA1 0.426024 144498 40
CPU15 31.464884 144462 strsm strsm CUDA1 2.720071 144502 40
CPU14 31.984032 144466 strsm strsm CUDA1 2.413420 144506 40
CPU9 31.990063 144470 strsm strsm CUDA2 0.238509 144510 40
CPU4 32.208364 144474 strsm strsm CUDA1 0.265015 144514 40
CPU7 32.544363 144478 strsm strsm CUDA0 2.720390 144518 40
CPU8 31.971395 144482 strsm strsm CUDA2 2.008889 144522 40
CPU17 32.063649 144486 strsm strsm CUDA0 4.312459 144526 40
CPU16 32.197516 144490 strsm strsm CUDA2 2.068475 144530 40
CPU18 33.061643 144494 strsm strsm CUDA1 13.818031 144534 40
CPU18 31.422539 144498 strsm strsm CUDA3 0.775156 144538 40
CPU3 31.319580 144502 strsm strsm CUDA3 0.470283 144542 40
CPU14 34.268924 144506 strsm strsm CUDA2 0.218218 144546 40
CPU14 31.939598 144510 strsm strsm CUDA1 3.275269 144550 40
CPU2 31.512738 144514 strsm strsm CUDA0 4.721384 144554 40
CPU8 31.754320 144518 strsm strsm CUDA0 10.046816 144558 40
CPU8 31.859050 144522 strsm strsm CUDA3 0.218796 144562 40
CPU13 33.127629 144526 strsm strsm CUDA1 1.834229 144566 40
CPU2 32.193162 144530 strsm strsm CUDA3 0.194716 144570 40
CPU16 32.193244 144534 strsm strsm CUDA2 1.039943 144574 40
CPU13 33.685251 144538 strsm strsm CUDA3 0.523707 144578 40
CPU7 32.703871 144542 strsm strsm CUDA2 0.269748 144582 40
CPU7 32.481135 144546 strsm strsm CUDA3 3.273410 144586 40
CPU4 32.263840 144550 strsm strsm CUDA0 3.307985 144590 40
CPU17 31.751588 144554 strsm strsm CUDA2 0.190335 144594 40
CPU5 32.115338 144558 strsm strsm CUDA1 1.366405 144598 40
CPU11 33.063987 144562 strsm strsm CUDA0 0.307020 144602 40
CPU11 15.073176 144566 strtri strtri CPU -1 144606 40
CPU18 30.552597 144568 strsm strsm CUDA2 2.780201 144608 40
CPU18 30.397574 144570 strsm strsm CUDA2 2.900932 144610 40
CPU18 30.488992 144572 strsm strsm CUDA2 2.859447 144612 40
CPU18 30.422054 144574 strsm strsm CUDA0 2.854433 144614 40
CPU18 30.664954 144576 strsm strsm CUDA2 12.935864 144616 40
CPU18 30.774815 144578 strsm strsm CUDA2 2.922014 144618 40
CPU18 30.763210 144580 strsm strsm CUDA2 0.265451 144620 40
CPU18 30.596338 144582 strsm strsm CUDA0 0.172124 144622 40
CPU18 30.704555 144584 strsm strsm CUDA2 2.756549 144624 40
CPU18 30.690316 144586 strsm strsm CUDA0 3.067446 144626 40
CPU5 44.300603 144588 sgemm sgemm CUDA2 6.101892 144628 40
CPU5 44.534888 144589 sgemm sgemm CUDA1 1.183058 144629 40
CPU14 44.705860 144590 sgemm sgemm CUDA1 1.044680 144630 40
CPU0 44.810694 144591 sgemm sgemm CUDA2 1.319489 144631 40
CPU2 44.447684 144592 sgemm sgemm CUDA2 1.241763 144632 40
CPU16 44.555914 144593 sgemm sgemm CUDA2 1.251110 144633 40
CPU15 44.219674 144594 sgemm sgemm CUDA3 1.255800 144634 40
CPU17 44.760282 144595 sgemm sgemm CUDA3 1.230367 144635 40
CPU16 44.569728 144596 sgemm sgemm CUDA3 1.243816 144636 40
CPU0 44.910939 144597 sgemm sgemm CUDA3 1.239545 144637 40
CPU1 44.602799 144598 sgemm sgemm CUDA3 1.051227 144638 40
CPU7 44.654273 144599 sgemm sgemm CUDA2 0.108471 144639 40
CPU14 44.550974 144600 sgemm sgemm CUDA3 1.051282 144640 40
CPU14 44.491062 144601 sgemm sgemm CUDA2 1.259413 144641 40
CPU7 44.661119 144602 sgemm sgemm CUDA2 1.051256 144642 40
CPU5 44.606834 144603 sgemm sgemm CUDA1 0.128438 144643 40
CPU5 44.367602 144604 sgemm sgemm CUDA1 1.326442 144644 40
CPU3 44.342955 144605 sgemm sgemm CUDA2 1.054811 144645 40
CPU18 44.225464 144606 sgemm sgemm CUDA3 4.442869 144646 40
CPU16 44.524935 144607 sgemm sgemm CUDA1 8.310801 144647 40
CPU1 44.483955 144608 sgemm sgemm CUDA1 0.068241 144648 40
CPU18 44.597338 144609 sgemm sgemm CUDA3 0.058630 144649 40
CPU9 44.309027 144610 sgemm sgemm CUDA3 1.374851 144650 40
CPU9 44.338932 144611 sgemm sgemm CUDA0 5.941595 144651 40
CPU15 44.242404 144612 sgemm sgemm CUDA2 8.278365 144652 40
CPU0 44.672198 144613 sgemm sgemm CUDA0 0.064251 144653 40
CPU6 44.589422 144614 sgemm sgemm CUDA2 0.064752 144654 40
CPU2 44.353880 144615 sgemm sgemm CUDA1 1.351733 144655 40
CPU19 45.028206 144616 sgemm sgemm CUDA1 1.054568 144656 40
CPU5 44.581604 144617 sgemm sgemm CUDA1 1.045604 144657 40
CPU15 44.252851 144618 sgemm sgemm CUDA3 1.235025 144658 40
CPU2 44.113372 144619 sgemm sgemm CUDA0 1.278774 144659 40
CPU2 44.235091 144620 sgemm sgemm CUDA2 1.347269 144660 40
CPU3 44.510596 144621 sgemm sgemm CUDA3 1.054975 144661 40
CPU5 44.509802 144622 sgemm sgemm CUDA0 1.039523 144662 40
CPU19 44.652065 144623 sgemm sgemm CUDA0 1.247731 144663 40
CPU10 44.439443 144624 sgemm sgemm CUDA3 1.051697 144664 40
CPU7 44.488472 144625 sgemm sgemm CUDA2 1.053462 144665 40
CPU19 45.928388 144626 sgemm sgemm CUDA0 8.198366 144666 40
CPU7 44.735036 144630 sgemm sgemm CUDA2 1.271833 144670 40
CPU5 44.804036 144631 sgemm sgemm CUDA2 1.009286 144671 40
CPU14 44.697772 144632 sgemm sgemm CUDA2 1.209183 144672 40
CPU0 44.919020 144633 sgemm sgemm CUDA2 14.264758 144673 40
CPU2 44.828510 144634 sgemm sgemm CUDA2 0.097142 144674 40
CPU16 44.113679 144635 sgemm sgemm CUDA2 1.192948 144675 40
CPU15 44.127722 144636 sgemm sgemm CUDA3 1.262164 144676 40
CPU17 44.922462 144637 sgemm sgemm CUDA3 12.764188 144677 40
CPU17 44.486790 144638 sgemm sgemm CUDA3 0.043715 144678 40
CPU5 44.727337 144639 sgemm sgemm CUDA3 1.224336 144679 40
CPU1 44.699957 144640 sgemm sgemm CUDA3 1.203605 144680 40
CPU1 44.756647 144641 sgemm sgemm CUDA2 1.008298 144681 40
CPU15 44.353562 144642 sgemm sgemm CUDA3 1.200901 144682 40
CPU14 44.588996 144643 sgemm sgemm CUDA2 1.009804 144683 40
CPU2 44.651597 144644 sgemm sgemm CUDA2 16.551240 144684 40
CPU4 44.529899 144645 sgemm sgemm CUDA1 1.195970 144685 40
CPU9 44.525466 144646 sgemm sgemm CUDA1 1.010733 144686 40
CPU9 44.499056 144647 sgemm sgemm CUDA0 1.200753 144687 40
CPU17 44.298353 144648 sgemm sgemm CUDA1 1.207584 144688 40
CPU16 44.198631 144649 sgemm sgemm CUDA1 1.228183 144689 40
CPU2 44.483922 144650 sgemm sgemm CUDA0 1.196263 144690 40
CPU18 44.231354 144651 sgemm sgemm CUDA3 1.196802 144691 40
CPU0 44.809401 144652 sgemm sgemm CUDA3 1.009396 144692 40
CPU11 44.398600 144653 sgemm sgemm CUDA0 1.190344 144693 40
CPU14 44.420101 144654 sgemm sgemm CUDA2 0.043063 144694 40
CPU8 44.611748 144655 sgemm sgemm CUDA0 1.173751 144695 40
CPU5 44.550368 144656 sgemm sgemm CUDA0 1.000044 144696 40
CPU9 44.711238 144657 sgemm sgemm CUDA1 1.013858 144697 40
CPU19 44.490651 144658 sgemm sgemm CUDA1 1.204608 144698 40
CPU5 44.447270 144659 sgemm sgemm CUDA1 1.198305 144699 40
CPU15 44.146714 144660 sgemm sgemm CUDA2 1.301247 144700 40
CPU19 44.390765 144661 sgemm sgemm CUDA0 1.008992 144701 40
CPU8 44.704504 144662 sgemm sgemm CUDA2 1.200451 144702 40
CPU1 44.619857 144663 sgemm sgemm CUDA3 1.008923 144703 40
CPU9 44.843558 144664 sgemm sgemm CUDA0 1.011065 144704 40
CPU11 44.032154 144665 sgemm sgemm CUDA1 1.013659 144705 40
CPU10 44.511142 144666 sgemm sgemm CUDA1 1.013095 144706 40
CPU9 44.570220 144667 sgemm sgemm CUDA1 1.010099 144707 40
CPU11 44.154190 144668 sgemm sgemm CUDA0 1.204435 144708 40
CPU8 44.630722 144672 sgemm sgemm CUDA2 0.049804 144712 40
CPU6 44.647419 144673 sgemm sgemm CUDA1 1.196383 144713 40
CPU14 44.576177 144674 sgemm sgemm CUDA1 1.065551 144714 40
CPU0 44.661140 144675 sgemm sgemm CUDA1 1.258826 144715 40
CPU8 44.056106 144676 sgemm sgemm CUDA2 1.324893 144716 40
CPU16 44.724133 144677 sgemm sgemm CUDA2 1.267927 144717 40
CPU15 44.246509 144678 sgemm sgemm CUDA3 1.264614 144718 40
CPU17 44.431441 144679 sgemm sgemm CUDA3 1.077998 144719 40
CPU15 44.505917 144680 sgemm sgemm CUDA3 1.086195 144720 40
CPU3 44.657000 144681 sgemm sgemm CUDA3 1.265726 144721 40
CPU8 44.438054 144682 sgemm sgemm CUDA3 1.264425 144722 40
CPU6 44.580384 144683 sgemm sgemm CUDA2 1.069056 144723 40
CPU14 44.678958 144684 sgemm sgemm CUDA0 1.140221 144724 40
CPU14 45.673764 144685 sgemm sgemm CUDA1 1.262578 144725 40
CPU8 44.106841 144686 sgemm sgemm CUDA2 1.398312 144726 40
CPU6 44.652375 144687 sgemm sgemm CUDA1 1.261784 144727 40
CPU1 44.512410 144688 sgemm sgemm CUDA0 11.182233 144728 40
CPU1 44.460765 144689 sgemm sgemm CUDA0 1.334243 144729 40
CPU17 44.517498 144690 sgemm sgemm CUDA3 1.268834 144730 40
CPU16 44.348121 144691 sgemm sgemm CUDA1 1.263817 144731 40
CPU0 44.816459 144692 sgemm sgemm CUDA1 1.070490 144732 40
CPU18 44.255309 144693 sgemm sgemm CUDA2 1.088529 144733 40
CPU7 44.647812 144694 sgemm sgemm CUDA0 1.256552 144734 40
CPU18 44.449147 144695 sgemm sgemm CUDA0 1.258776 144735 40
CPU14 44.581220 144696 sgemm sgemm CUDA2 1.261855 144736 40
CPU7 44.612004 144697 sgemm sgemm CUDA0 1.062770 144737 40
CPU3 44.597210 144698 sgemm sgemm CUDA0 1.262870 144738 40
CPU8 44.660066 144699 sgemm sgemm CUDA1 1.254636 144739 40
CPU19 44.535145 144700 sgemm sgemm CUDA1 1.075388 144740 40
CPU7 44.939566 144701 sgemm sgemm CUDA1 1.067312 144741 40
CPU14 44.219037 144702 sgemm sgemm CUDA2 1.066301 144742 40
CPU5 44.592816 144703 sgemm sgemm CUDA0 1.067948 144743 40
CPU8 44.756072 144704 sgemm sgemm CUDA2 12.770111 144744 40
CPU3 44.457100 144705 sgemm sgemm CUDA3 12.047295 144745 40
CPU8 44.666529 144706 sgemm sgemm CUDA0 1.074219 144746 40
CPU12 44.343757 144707 sgemm sgemm CUDA1 13.100986 144747 40
CPU10 44.503355 144708 sgemm sgemm CUDA1 0.053194 144748 40
CPU0 44.740714 144709 sgemm sgemm CUDA0 1.256255 144749 40
CPU19 46.255781 144710 sgemm sgemm CUDA2 0.086160 144750 40
CPU7 44.783441 144714 sgemm sgemm CUDA0 1.011364 144754 40
CPU3 44.159651 144715 sgemm sgemm CUDA1 1.014115 144755 40
CPU14 44.501941 144716 sgemm sgemm CUDA1 1.254297 144756 40
CPU0 44.978908 144717 sgemm sgemm CUDA2 1.200019 144757 40
CPU3 44.374216 144718 sgemm sgemm CUDA2 1.068295 144758 40
CPU16 44.271263 144719 sgemm sgemm CUDA2 1.066624 144759 40
CPU15 44.115914 144720 sgemm sgemm CUDA0 0.960423 144760 40
CPU16 44.215566 144721 sgemm sgemm CUDA1 1.273248 144761 40
CPU17 44.599661 144722 sgemm sgemm CUDA1 1.088033 144762 40
CPU8 44.697999 144723 sgemm sgemm CUDA0 1.254334 144763 40
CPU7 44.767241 144724 sgemm sgemm CUDA3 1.259081 144764 40
CPU4 44.863015 144725 sgemm sgemm CUDA2 1.257768 144765 40
CPU15 44.300195 144726 sgemm sgemm CUDA0 1.276102 144766 40
CPU14 44.525194 144727 sgemm sgemm CUDA1 1.256816 144767 40
CPU4 44.627456 144728 sgemm sgemm CUDA2 1.064351 144768 40
CPU8 44.695275 144729 sgemm sgemm CUDA1 1.067407 144769 40
CPU9 44.565765 144730 sgemm sgemm CUDA0 1.078374 144770 40
CPU8 44.319676 144731 sgemm sgemm CUDA0 1.100854 144771 40
CPU18 44.238426 144732 sgemm sgemm CUDA1 1.067048 144772 40
CPU16 44.243320 144733 sgemm sgemm CUDA1 12.765094 144773 40
CPU10 44.620207 144734 sgemm sgemm CUDA0 1.271328 144774 40
CPU18 44.223486 144735 sgemm sgemm CUDA2 1.260829 144775 40
CPU8 44.696091 144736 sgemm sgemm CUDA3 1.263091 144776 40
CPU12 44.556052 144737 sgemm sgemm CUDA2 12.065754 144777 40
CPU15 44.343074 144738 sgemm sgemm CUDA3 1.259059 144778 40
CPU1 44.354220 144739 sgemm sgemm CUDA0 1.275288 144779 40
CPU2 44.655903 144740 sgemm sgemm CUDA0 1.084421 144780 40
CPU0 45.115445 144741 sgemm sgemm CUDA1 0.047024 144781 40
CPU19 44.680294 144742 sgemm sgemm CUDA1 1.323199 144782 40
CPU5 44.635388 144743 sgemm sgemm CUDA1 1.256001 144783 40
CPU14 44.316806 144744 sgemm sgemm CUDA2 0.039741 144784 40
CPU6 44.917980 144745 sgemm sgemm CUDA0 1.083544 144785 40
CPU5 44.521566 144746 sgemm sgemm CUDA2 1.259299 144786 40
CPU2 45.107371 144747 sgemm sgemm CUDA3 13.007787 144787 40
CPU0 44.863626 144748 sgemm sgemm CUDA3 0.089265 144788 40
CPU19 44.437404 144749 sgemm sgemm CUDA1 1.258205 144789 40
CPU10 44.747662 144750 sgemm sgemm CUDA1 1.258670 144790 40
CPU7 44.691353 144751 sgemm sgemm CUDA1 1.078993 144791 40
CPU19 46.716166 144752 sgemm sgemm CUDA3 1.462111 144792 40
CPU0 44.859884 144756 sgemm sgemm CUDA2 1.191801 144796 40
CPU4 44.556546 144757 sgemm sgemm CUDA1 1.235388 144797 40
CPU14 44.679264 144758 sgemm sgemm CUDA1 1.001922 144798 40
CPU0 44.691606 144759 sgemm sgemm CUDA2 1.014659 144799 40
CPU0 44.743827 144760 sgemm sgemm CUDA2 1.201394 144800 40
CPU16 44.991252 144761 sgemm sgemm CUDA2 1.010438 144801 40
CPU15 44.322568 144762 sgemm sgemm CUDA3 1.357803 144802 40
CPU17 44.602724 144763 sgemm sgemm CUDA3 1.211664 144803 40
CPU15 44.333505 144764 sgemm sgemm CUDA3 1.209893 144804 40
CPU0 44.772699 144765 sgemm sgemm CUDA3 1.200817 144805 40
CPU2 44.361359 144766 sgemm sgemm CUDA3 1.201856 144806 40
CPU0 45.191034 144767 sgemm sgemm CUDA2 1.202595 144807 40
CPU14 44.373027 144768 sgemm sgemm CUDA3 1.012925 144808 40
CPU14 44.624906 144769 sgemm sgemm CUDA2 12.205618 144809 40
CPU6 44.684599 144770 sgemm sgemm CUDA2 0.043977 144810 40
CPU7 44.699825 144771 sgemm sgemm CUDA1 1.200398 144811 40
CPU8 44.379805 144772 sgemm sgemm CUDA0 0.101536 144812 40
CPU2 44.709274 144773 sgemm sgemm CUDA2 1.244088 144813 40
CPU17 44.283890 144774 sgemm sgemm CUDA1 1.008451 144814 40
CPU16 44.212475 144775 sgemm sgemm CUDA1 1.201171 144815 40
CPU5 44.618650 144776 sgemm sgemm CUDA0 9.841583 144816 40
CPU18 44.126010 144777 sgemm sgemm CUDA3 1.207073 144817 40
CPU1 44.680221 144778 sgemm sgemm CUDA0 0.064142 144818 40
CPU10 44.601660 144779 sgemm sgemm CUDA0 1.270442 144819 40
CPU15 44.318815 144780 sgemm sgemm CUDA2 1.006342 144820 40
CPU2 44.645407 144781 sgemm sgemm CUDA0 1.195905 144821 40
CPU4 44.723805 144782 sgemm sgemm CUDA0 1.018937 144822 40
CPU9 44.686017 144783 sgemm sgemm CUDA1 1.256653 144823 40
CPU15 44.170973 144784 sgemm sgemm CUDA1 1.016423 144824 40
CPU5 44.837987 144785 sgemm sgemm CUDA1 1.010876 144825 40
CPU16 44.198917 144786 sgemm sgemm CUDA2 9.403450 144826 40
CPU1 44.669309 144787 sgemm sgemm CUDA0 1.208226 144827 40
CPU4 44.429120 144788 sgemm sgemm CUDA2 0.060752 144828 40
CPU4 45.247323 144789 sgemm sgemm CUDA3 1.206677 144829 40
CPU6 44.682231 144790 sgemm sgemm CUDA0 1.200346 144830 40
CPU12 44.335529 144791 sgemm sgemm CUDA1 1.012094 144831 40
CPU10 44.960914 144792 sgemm sgemm CUDA1 1.016365 144832 40
CPU7 44.986155 144793 sgemm sgemm CUDA2 1.279134 144833 40
CPU11 44.300679 144794 sgemm sgemm CUDA0 1.258426 144834 40
CPU9 44.667093 144798 sgemm sgemm CUDA2 1.200654 144838 40
CPU5 44.666031 144799 sgemm sgemm CUDA2 1.258567 144839 40
CPU14 44.717463 144800 sgemm sgemm CUDA2 12.764346 144840 40
CPU0 44.655196 144801 sgemm sgemm CUDA2 0.039436 144841 40
CPU3 44.290813 144802 sgemm sgemm CUDA2 1.448675 144842 40
CPU16 45.071854 144803 sgemm sgemm CUDA2 1.258820 144843 40
CPU15 44.398881 144804 sgemm sgemm CUDA3 1.017430 144844 40
CPU17 44.579801 144805 sgemm sgemm CUDA3 1.258806 144845 40
CPU16 44.420851 144806 sgemm sgemm CUDA3 1.260132 144846 40
CPU3 44.581970 144807 sgemm sgemm CUDA3 1.066186 144847 40
CPU0 44.892941 144808 sgemm sgemm CUDA3 1.258438 144848 40
CPU9 44.415544 144809 sgemm sgemm CUDA2 1.263414 144849 40
CPU15 44.148077 144810 sgemm sgemm CUDA3 1.256251 144850 40
CPU14 44.583934 144811 sgemm sgemm CUDA3 1.067802 144851 40
CPU0 44.829547 144812 sgemm sgemm CUDA2 1.069831 144852 40
CPU6 44.965180 144813 sgemm sgemm CUDA1 0.958881 144853 40
CPU4 44.661809 144814 sgemm sgemm CUDA0 1.277175 144854 40
CPU8 44.751508 144815 sgemm sgemm CUDA0 1.266667 144855 40
CPU18 44.255989 144816 sgemm sgemm CUDA3 12.958456 144856 40
CPU16 44.463579 144817 sgemm sgemm CUDA1 1.070908 144857 40
CPU9 44.434942 144818 sgemm sgemm CUDA1 1.061840 144858 40
CPU18 44.412242 144819 sgemm sgemm CUDA3 0.041775 144859 40
CPU9 44.533758 144820 sgemm sgemm CUDA0 1.261045 144860 40
CPU1 44.687421 144821 sgemm sgemm CUDA0 1.069137 144861 40
CPU14 44.500894 144822 sgemm sgemm CUDA3 1.349641 144862 40
CPU7 44.783970 144823 sgemm sgemm CUDA0 1.066719 144863 40
CPU7 44.988947 144824 sgemm sgemm CUDA0 1.064406 144864 40
CPU8 44.915799 144825 sgemm sgemm CUDA1 1.066799 144865 40
CPU13 44.645213 144826 sgemm sgemm CUDA1 1.254296 144866 40
CPU4 44.542326 144827 sgemm sgemm CUDA1 1.256388 144867 40
CPU15 44.158425 144828 sgemm sgemm CUDA3 1.072961 144868 40
CPU17 45.171981 144829 sgemm sgemm CUDA0 1.259907 144869 40
CPU0 45.114296 144830 sgemm sgemm CUDA2 1.253977 144870 40
CPU3 44.730499 144831 sgemm sgemm CUDA3 1.259898 144871 40
CPU6 44.714368 144832 sgemm sgemm CUDA3 1.084536 144872 40
CPU12 44.234677 144833 sgemm sgemm CUDA1 1.068717 144873 40
CPU7 45.137366 144834 sgemm sgemm CUDA3 1.065384 144874 40
CPU13 44.861626 144835 sgemm sgemm CUDA0 1.259889 144875 40
CPU10 44.758406 144836 sgemm sgemm CUDA3 18.024039 144876 40
CPU9 44.448287 144840 sgemm sgemm CUDA2 0.061421 144880 40
CPU4 44.544844 144841 sgemm sgemm CUDA1 0.956247 144881 40
CPU14 44.651668 144842 sgemm sgemm CUDA1 1.141846 144882 40
CPU0 44.654604 144843 sgemm sgemm CUDA2 1.226585 144883 40
CPU4 44.585603 144844 sgemm sgemm CUDA2 0.962716 144884 40
CPU16 44.362913 144845 sgemm sgemm CUDA2 0.954020 144885 40
CPU15 44.450199 144846 sgemm sgemm CUDA3 1.206145 144886 40
CPU17 44.510842 144847 sgemm sgemm CUDA3 3.351121 144887 40
CPU15 44.312779 144848 sgemm sgemm CUDA3 0.047811 144888 40
CPU2 44.529885 144849 sgemm sgemm CUDA3 1.153882 144889 40
CPU5 44.345378 144850 sgemm sgemm CUDA3 1.139244 144890 40
CPU2 44.418643 144851 sgemm sgemm CUDA1 0.953591 144891 40
CPU15 44.221304 144852 sgemm sgemm CUDA0 1.304584 144892 40
CPU14 44.619513 144853 sgemm sgemm CUDA1 0.951886 144893 40
CPU9 44.588959 144854 sgemm sgemm CUDA2 1.152266 144894 40
CPU3 44.914021 144855 sgemm sgemm CUDA2 0.957262 144895 40
CPU9 44.582033 144856 sgemm sgemm CUDA0 1.138798 144896 40
CPU8 44.467683 144857 sgemm sgemm CUDA0 0.962909 144897 40
CPU17 44.338500 144858 sgemm sgemm CUDA0 0.952288 144898 40
CPU16 44.394687 144859 sgemm sgemm CUDA1 12.283112 144899 40
CPU6 44.621017 144860 sgemm sgemm CUDA1 0.128748 144900 40
CPU18 44.412278 144861 sgemm sgemm CUDA3 0.954354 144901 40
CPU3 44.544659 144862 sgemm sgemm CUDA2 0.955596 144902 40
CPU9 44.224828 144863 sgemm sgemm CUDA2 1.144954 144903 40
CPU14 44.573615 144864 sgemm sgemm CUDA2 3.557901 144904 40
CPU9 44.383452 144865 sgemm sgemm CUDA0 1.137536 144905 40
CPU6 44.599211 144866 sgemm sgemm CUDA0 0.953735 144906 40
CPU9 44.578242 144867 sgemm sgemm CUDA1 1.227736 144907 40
CPU19 44.921563 144868 sgemm sgemm CUDA1 0.960472 144908 40
CPU5 44.510633 144869 sgemm sgemm CUDA3 0.955113 144909 40
CPU14 44.487282 144870 sgemm sgemm CUDA2 11.873464 144910 40
CPU7 44.981553 144871 sgemm sgemm CUDA0 0.955635 144911 40
CPU5 44.360329 144872 sgemm sgemm CUDA0 0.956954 144912 40
CPU2 44.984413 144873 sgemm sgemm CUDA3 0.962182 144913 40
CPU0 44.755311 144874 sgemm sgemm CUDA0 0.955107 144914 40
CPU19 44.432968 144875 sgemm sgemm CUDA0 1.149456 144915 40
CPU10 45.254104 144876 sgemm sgemm CUDA1 0.957522 144916 40
CPU7 44.719875 144877 sgemm sgemm CUDA2 1.389810 144917 40
CPU10 45.347202 144878 sgemm sgemm CUDA3 1.150547 144918 40
CPU8 44.312987 144882 sgemm sgemm CUDA0 1.256512 144922 40
CPU2 44.530316 144883 sgemm sgemm CUDA1 0.048408 144923 40
CPU14 44.832101 144884 sgemm sgemm CUDA1 1.261361 144924 40
CPU0 45.069062 144885 sgemm sgemm CUDA1 1.257322 144925 40
CPU7 44.830532 144886 sgemm sgemm CUDA2 1.327589 144926 40
CPU16 44.295416 144887 sgemm sgemm CUDA2 1.066365 144927 40
CPU15 44.324113 144888 sgemm sgemm CUDA0 1.070209 144928 40
CPU18 44.374727 144889 sgemm sgemm CUDA3 1.094051 144929 40
CPU15 44.156802 144890 sgemm sgemm CUDA3 1.099534 144930 40
CPU7 44.542255 144891 sgemm sgemm CUDA3 1.277774 144931 40
CPU6 44.687369 144892 sgemm sgemm CUDA3 12.376629 144932 40
CPU8 44.724791 144893 sgemm sgemm CUDA2 1.072761 144933 40
CPU15 44.229359 144894 sgemm sgemm CUDA1 1.259267 144934 40
CPU14 44.426167 144895 sgemm sgemm CUDA1 8.083878 144935 40
CPU7 44.688969 144896 sgemm sgemm CUDA2 1.259971 144936 40
CPU5 44.696838 144897 sgemm sgemm CUDA2 1.262249 144937 40
CPU9 44.808634 144898 sgemm sgemm CUDA0 13.021039 144938 40
CPU0 44.747527 144899 sgemm sgemm CUDA0 0.052060 144939 40
CPU17 44.535511 144900 sgemm sgemm CUDA3 0.051726 144940 40
CPU16 44.485757 144901 sgemm sgemm CUDA1 0.046564 144941 40
CPU8 44.620715 144902 sgemm sgemm CUDA1 1.321856 144942 40
CPU18 44.024847 144903 sgemm sgemm CUDA3 1.319017 144943 40
CPU0 44.651315 144904 sgemm sgemm CUDA2 1.252344 144944 40
CPU14 44.670989 144905 sgemm sgemm CUDA0 1.417468 144945 40
CPU15 44.257182 144906 sgemm sgemm CUDA2 1.075264 144946 40
CPU8 44.677294 144907 sgemm sgemm CUDA0 1.089526 144947 40
CPU6 44.755796 144908 sgemm sgemm CUDA0 1.280042 144948 40
CPU8 45.059361 144909 sgemm sgemm CUDA1 1.066199 144949 40
CPU12 44.870211 144910 sgemm sgemm CUDA1 1.257445 144950 40
CPU2 44.417366 144911 sgemm sgemm CUDA1 1.065842 144951 40
CPU16 44.566168 144912 sgemm sgemm CUDA3 1.064852 144952 40
CPU9 44.652002 144913 sgemm sgemm CUDA0 8.086753 144953 40
CPU9 44.527397 144914 sgemm sgemm CUDA2 1.255752 144954 40
CPU9 44.655834 144915 sgemm sgemm CUDA3 1.069322 144955 40
CPU0 44.849357 144916 sgemm sgemm CUDA0 0.049043 144956 40
CPU10 44.305918 144917 sgemm sgemm CUDA2 1.065480 144957 40
CPU10 44.400734 144918 sgemm sgemm CUDA1 1.254847 144958 40
CPU9 44.336695 144919 sgemm sgemm CUDA2 1.257127 144959 40
CPU6 44.442812 144920 sgemm sgemm CUDA2 11.593663 144960 40
CPU3 44.303360 144924 sgemm sgemm CUDA2 0.052429 144964 40
CPU3 44.518329 144925 sgemm sgemm CUDA2 7.423545 144965 40
CPU14 45.135988 144926 sgemm sgemm CUDA3 1.272012 144966 40
CPU0 44.838685 144927 sgemm sgemm CUDA2 1.365402 144967 40
CPU0 44.736922 144928 sgemm sgemm CUDA2 1.258819 144968 40
CPU16 44.336452 144929 sgemm sgemm CUDA2 1.076621 144969 40
CPU15 44.599206 144930 sgemm sgemm CUDA3 1.069932 144970 40
CPU16 44.635564 144931 sgemm sgemm CUDA3 6.401194 144971 40
CPU16 44.561157 144932 sgemm sgemm CUDA3 1.075615 144972 40
CPU1 44.332254 144933 sgemm sgemm CUDA0 5.816303 144973 40
CPU3 44.440445 144934 sgemm sgemm CUDA0 1.037529 144974 40
CPU3 44.379612 144935 sgemm sgemm CUDA2 1.283692 144975 40
CPU15 44.237139 144936 sgemm sgemm CUDA0 5.882782 144976 40
CPU14 44.582946 144937 sgemm sgemm CUDA1 1.284356 144977 40
CPU9 44.414939 144938 sgemm sgemm CUDA2 1.005359 144978 40
CPU8 44.557932 144939 sgemm sgemm CUDA1 1.013229 144979 40
CPU9 44.520201 144940 sgemm sgemm CUDA0 0.115945 144980 40
CPU7 44.398975 144941 sgemm sgemm CUDA0 1.338989 144981 40
CPU17 44.638805 144942 sgemm sgemm CUDA1 1.011973 144982 40
CPU16 44.507442 144943 sgemm sgemm CUDA2 1.003163 144983 40
CPU4 44.618670 144944 sgemm sgemm CUDA0 1.204310 144984 40
CPU18 44.518851 144945 sgemm sgemm CUDA3 0.064844 144985 40
CPU6 44.655501 144946 sgemm sgemm CUDA2 1.204013 144986 40
CPU8 44.440209 144947 sgemm sgemm CUDA0 1.212089 144987 40
CPU15 44.586549 144948 sgemm sgemm CUDA3 1.218400 144988 40
CPU0 44.677167 144949 sgemm sgemm CUDA0 1.206785 144989 40
CPU5 44.455545 144950 sgemm sgemm CUDA3 1.009817 144990 40
CPU4 44.923793 144951 sgemm sgemm CUDA1 1.011528 144991 40
CPU16 44.402705 144952 sgemm sgemm CUDA1 1.200928 144992 40
CPU3 44.466773 144953 sgemm sgemm CUDA3 1.019486 144993 40
CPU16 44.538078 144954 sgemm sgemm CUDA3 1.014700 144994 40
CPU11 44.501630 144955 sgemm sgemm CUDA0 1.014492 144995 40
CPU3 44.511902 144956 sgemm sgemm CUDA0 1.205436 144996 40
CPU1 44.276899 144957 sgemm sgemm CUDA3 1.194135 144997 40
CPU0 44.871398 144958 sgemm sgemm CUDA3 1.202261 144998 40
CPU10 44.723079 144959 sgemm sgemm CUDA2 1.029164 144999 40
CPU10 44.490202 144960 sgemm sgemm CUDA1 1.013594 145000 40
CPU0 44.594539 144961 sgemm sgemm CUDA0 4.067668 145001 40
CPU12 44.598043 144962 sgemm sgemm CUDA0 0.064980 145002 40
CPU1 44.542550 144966 sgemm sgemm CUDA0 1.065163 145006 40
CPU6 44.540665 144967 sgemm sgemm CUDA2 1.068337 145007 40
CPU14 44.762114 144968 sgemm sgemm CUDA2 1.256026 145008 40
CPU1 44.558379 144969 sgemm sgemm CUDA2 1.068262 145009 40
CPU1 44.501800 144970 sgemm sgemm CUDA0 1.065122 145010 40
CPU16 44.449115 144971 sgemm sgemm CUDA0 1.255802 145011 40
CPU15 44.512435 144972 sgemm sgemm CUDA0 1.073248 145012 40
CPU16 44.575347 144973 sgemm sgemm CUDA3 1.257578 145013 40
CPU17 44.550854 144974 sgemm sgemm CUDA3 1.063190 145014 40
CPU9 44.262701 144975 sgemm sgemm CUDA3 1.258365 145015 40
CPU5 44.294068 144976 sgemm sgemm CUDA3 1.068671 145016 40
CPU3 44.450623 144977 sgemm sgemm CUDA2 1.071746 145017 40
CPU14 44.723278 144978 sgemm sgemm CUDA0 1.259881 145018 40
CPU14 44.741533 144979 sgemm sgemm CUDA3 1.072791 145019 40
CPU5 44.189475 144980 sgemm sgemm CUDA2 1.071026 145020 40
CPU2 44.485516 144981 sgemm sgemm CUDA2 1.259374 145021 40
CPU4 44.552521 144982 sgemm sgemm CUDA0 1.066440 145022 40
CPU0 44.562783 144983 sgemm sgemm CUDA2 1.255382 145023 40
CPU18 44.440011 144984 sgemm sgemm CUDA3 1.258936 145024 40
CPU16 44.683816 144985 sgemm sgemm CUDA1 1.073181 145025 40
CPU18 44.652497 144986 sgemm sgemm CUDA1 1.069229 145026 40
CPU18 44.490276 144987 sgemm sgemm CUDA3 1.256269 145027 40
CPU2 44.131208 144988 sgemm sgemm CUDA2 1.068181 145028 40
CPU0 44.787565 144989 sgemm sgemm CUDA1 12.315023 145029 40
CPU14 44.827984 144990 sgemm sgemm CUDA3 1.260645 145030 40
CPU1 44.083184 144991 sgemm sgemm CUDA0 1.256421 145031 40
CPU0 44.538659 144992 sgemm sgemm CUDA2 1.258225 145032 40
CPU2 44.154505 144993 sgemm sgemm CUDA1 0.039789 145033 40
CPU19 44.502100 144994 sgemm sgemm CUDA1 1.357997 145034 40
CPU2 44.389938 144995 sgemm sgemm CUDA1 1.065204 145035 40
CPU2 44.359980 144996 sgemm sgemm CUDA3 1.257679 145036 40
CPU4 44.830723 144997 sgemm sgemm CUDA3 1.258415 145037 40
CPU3 44.131391 144998 sgemm sgemm CUDA3 12.127558 145038 40
CPU0 44.763281 144999 sgemm sgemm CUDA3 0.041322 145039 40
CPU4 44.434053 145000 sgemm sgemm CUDA3 1.327437 145040 40
CPU17 44.713771 145001 sgemm sgemm CUDA1 1.257843 145041 40
CPU10 44.632294 145002 sgemm sgemm CUDA1 1.261184 145042 40
CPU7 44.558580 145003 sgemm sgemm CUDA1 1.065075 145043 40
CPU18 44.670098 145004 sgemm sgemm CUDA0 1.068984 145044 40
CPU9 32.130860 145010 strsm strsm CUDA2 1.489452 145050 40
CPU6 32.435025 145014 strsm strsm CUDA1 3.079692 145054 40
CPU14 31.882872 145018 strsm strsm CUDA3 2.675142 145058 40
CPU0 32.355070 145022 strsm strsm CUDA2 0.463373 145062 40
CPU6 32.604520 145026 strsm strsm CUDA0 0.471100 145066 40
CPU16 31.451394 145030 strsm strsm CUDA2 11.120188 145070 40
CPU15 31.411559 145034 strsm strsm CUDA2 3.016730 145074 40
CPU18 31.495260 145038 strsm strsm CUDA1 2.766543 145078 40
CPU15 31.396256 145042 strsm strsm CUDA1 2.871801 145082 40
CPU3 32.142064 145046 strsm strsm CUDA0 2.827564 145086 40
CPU3 32.155768 145050 strsm strsm CUDA2 0.043655 145090 40
CPU3 32.032668 145054 strsm strsm CUDA1 0.149531 145094 40
CPU14 31.834725 145058 strsm strsm CUDA1 15.146691 145098 40
CPU14 31.849284 145062 strsm strsm CUDA3 1.875908 145102 40
CPU5 32.083413 145066 strsm strsm CUDA3 0.204174 145106 40
CPU8 32.116462 145070 strsm strsm CUDA1 11.446729 145110 40
CPU4 32.441777 145074 strsm strsm CUDA0 2.834083 145114 40
CPU7 32.092948 145078 strsm strsm CUDA2 2.342192 145118 40
CPU18 31.420724 145082 strsm strsm CUDA0 13.307371 145122 40
CPU16 31.476388 145086 strsm strsm CUDA1 11.664523 145126 40
CPU18 32.521550 145090 strsm strsm CUDA0 0.528378 145130 40
CPU17 31.821596 145094 strsm strsm CUDA2 0.192695 145134 40
CPU2 31.937230 145098 strsm strsm CUDA3 0.187504 145138 40
CPU14 33.102164 145102 strsm strsm CUDA2 0.113144 145142 40
CPU14 31.895222 145106 strsm strsm CUDA3 0.186985 145146 40
CPU1 31.503603 145110 strsm strsm CUDA0 11.415826 145150 40
CPU7 32.556028 145114 strsm strsm CUDA2 0.293428 145154 40
CPU4 32.715082 145118 strsm strsm CUDA1 0.091556 145158 40
CPU12 32.083531 145122 strsm strsm CUDA3 0.188265 145162 40
CPU3 31.949942 145126 strsm strsm CUDA1 3.166753 145166 40
CPU16 31.950592 145130 strsm strsm CUDA0 3.186883 145170 40
CPU17 33.261624 145134 strsm strsm CUDA0 3.106524 145174 40
CPU5 31.995596 145138 strsm strsm CUDA3 0.294389 145178 40
CPU9 32.021440 145142 strsm strsm CUDA2 2.859653 145182 40
CPU6 32.560326 145146 strsm strsm CUDA3 2.439349 145186 40
CPU10 31.837565 145150 strsm strsm CUDA0 2.913061 145190 40
CPU7 32.590827 145154 strsm strsm CUDA3 0.096088 145194 40
CPU7 32.101954 145158 strsm strsm CUDA0 0.073439 145198 40
CPU10 32.232843 145162 strsm strsm CUDA2 0.573803 145202 40
CPU7 14.755100 145166 strtri strtri CPU34 397.536243 145206 40
CPU18 30.115306 145168 strsm strsm CUDA1 2.709601 145208 40
CPU15 30.445101 145170 strsm strsm CUDA1 3.011734 145210 40
CPU17 30.810114 145172 strsm strsm CUDA1 2.861585 145212 40
CPU16 30.695674 145174 strsm strsm CUDA1 2.903767 145214 40
CPU18 30.277051 145176 strsm strsm CUDA2 2.858058 145216 40
CPU15 30.505138 145178 strsm strsm CUDA1 2.751669 145218 40
CPU18 30.310064 145180 strsm strsm CUDA1 2.712550 145220 40
CPU16 30.771637 145182 strsm strsm CUDA1 3.102744 145222 40
CPU16 30.984381 145184 strsm strsm CUDA1 2.250235 145224 40
CPU7 44.602774 145186 sgemm sgemm CUDA2 1.055546 145226 40
CPU5 44.712947 145187 sgemm sgemm CUDA2 1.231249 145227 40
CPU14 44.534575 145188 sgemm sgemm CUDA2 1.239765 145228 40
CPU0 44.983409 145189 sgemm sgemm CUDA2 0.111238 145229 40
CPU2 44.716209 145190 sgemm sgemm CUDA2 1.247625 145230 40
CPU16 44.152116 145191 sgemm sgemm CUDA2 1.054203 145231 40
CPU15 44.230947 145192 sgemm sgemm CUDA3 1.204056 145232 40
CPU17 44.241186 145193 sgemm sgemm CUDA3 1.045043 145233 40
CPU17 44.676103 145194 sgemm sgemm CUDA3 1.051736 145234 40
CPU5 44.812927 145195 sgemm sgemm CUDA3 1.051141 145235 40
CPU1 44.796445 145196 sgemm sgemm CUDA3 0.140530 145236 40
CPU1 44.823774 145197 sgemm sgemm CUDA2 1.051725 145237 40
CPU15 44.441626 145198 sgemm sgemm CUDA3 1.345012 145238 40
CPU14 44.389264 145199 sgemm sgemm CUDA2 1.047160 145239 40
CPU2 44.450935 145200 sgemm sgemm CUDA2 1.049326 145240 40
CPU4 44.813385 145201 sgemm sgemm CUDA1 1.246174 145241 40
CPU5 44.533716 145202 sgemm sgemm CUDA1 1.055740 145242 40
CPU3 44.788201 145203 sgemm sgemm CUDA0 12.935014 145243 40
CPU18 44.144899 145204 sgemm sgemm CUDA3 2.348663 145244 40
CPU16 44.147800 145205 sgemm sgemm CUDA1 0.049483 145245 40
CPU1 44.813504 145206 sgemm sgemm CUDA0 7.361934 145246 40
CPU18 44.151248 145207 sgemm sgemm CUDA3 1.063557 145247 40
CPU0 44.930812 145208 sgemm sgemm CUDA3 1.238289 145248 40
CPU9 44.552091 145209 sgemm sgemm CUDA0 1.200334 145249 40
CPU15 44.281202 145210 sgemm sgemm CUDA2 1.236181 145250 40
CPU0 45.131095 145211 sgemm sgemm CUDA0 1.295380 145251 40
CPU5 44.637886 145212 sgemm sgemm CUDA0 1.060395 145252 40
CPU2 44.577181 145213 sgemm sgemm CUDA1 1.057006 145253 40
CPU15 44.230382 145214 sgemm sgemm CUDA1 1.048109 145254 40
CPU5 44.715617 145215 sgemm sgemm CUDA1 1.240997 145255 40
CPU15 44.212078 145216 sgemm sgemm CUDA3 3.302812 145256 40
CPU2 44.532140 145217 sgemm sgemm CUDA0 1.241695 145257 40
CPU2 44.630807 145218 sgemm sgemm CUDA2 1.239386 145258 40
CPU3 44.741720 145219 sgemm sgemm CUDA3 1.064089 145259 40
CPU5 44.708240 145220 sgemm sgemm CUDA0 1.055150 145260 40
CPU10 44.216691 145221 sgemm sgemm CUDA1 12.918329 145261 40
CPU9 44.676429 145222 sgemm sgemm CUDA3 1.269561 145262 40
CPU9 44.742007 145223 sgemm sgemm CUDA1 0.111102 145263 40
CPU11 44.166676 145224 sgemm sgemm CUDA0 9.670255 145264 40
CPU9 44.981585 145225 sgemm sgemm CUDA3 0.070678 145265 40
CPU8 44.413404 145229 sgemm sgemm CUDA2 1.255969 145269 40
CPU4 44.318136 145230 sgemm sgemm CUDA1 1.261204 145270 40
CPU14 44.747140 145231 sgemm sgemm CUDA2 1.070998 145271 40
CPU0 44.591533 145232 sgemm sgemm CUDA2 1.256274 145272 40
CPU8 44.389163 145233 sgemm sgemm CUDA2 1.071508 145273 40
CPU16 44.433900 145234 sgemm sgemm CUDA2 1.068960 145274 40
CPU15 44.334379 145235 sgemm sgemm CUDA3 1.257052 145275 40
CPU17 44.562368 145236 sgemm sgemm CUDA3 1.070766 145276 40
CPU15 44.823490 145237 sgemm sgemm CUDA3 1.064766 145277 40
CPU2 44.505615 145238 sgemm sgemm CUDA3 13.140276 145278 40
CPU1 44.395326 145239 sgemm sgemm CUDA3 0.047470 145279 40
CPU6 44.282338 145240 sgemm sgemm CUDA2 1.257040 145280 40
CPU14 44.699204 145241 sgemm sgemm CUDA3 1.308754 145281 40
CPU14 44.764813 145242 sgemm sgemm CUDA1 1.073797 145282 40
CPU8 44.255262 145243 sgemm sgemm CUDA2 1.068130 145283 40
CPU6 44.516854 145244 sgemm sgemm CUDA1 1.069612 145284 40
CPU1 44.214672 145245 sgemm sgemm CUDA0 1.249514 145285 40
CPU3 44.367236 145246 sgemm sgemm CUDA0 1.261044 145286 40
CPU17 44.611953 145247 sgemm sgemm CUDA3 1.069439 145287 40
CPU16 44.570103 145248 sgemm sgemm CUDA1 1.259904 145288 40
CPU0 44.398023 145249 sgemm sgemm CUDA0 12.402529 145289 40
CPU16 44.737034 145250 sgemm sgemm CUDA2 1.262312 145290 40
CPU9 44.072865 145251 sgemm sgemm CUDA0 0.044047 145291 40
CPU18 44.545032 145252 sgemm sgemm CUDA0 1.424696 145292 40
CPU15 44.509114 145253 sgemm sgemm CUDA2 1.066674 145293 40
CPU6 44.378251 145254 sgemm sgemm CUDA0 1.257248 145294 40
CPU3 44.212231 145255 sgemm sgemm CUDA0 1.260097 145295 40
CPU2 44.277022 145256 sgemm sgemm CUDA1 1.256776 145296 40
CPU19 44.561940 145257 sgemm sgemm CUDA1 1.256634 145297 40
CPU7 44.649236 145258 sgemm sgemm CUDA1 1.259115 145298 40
CPU15 44.409592 145259 sgemm sgemm CUDA3 1.257792 145299 40
CPU5 44.145527 145260 sgemm sgemm CUDA0 1.254866 145300 40
CPU1 44.327840 145261 sgemm sgemm CUDA2 12.064932 145301 40
CPU3 44.183836 145262 sgemm sgemm CUDA3 1.259819 145302 40
CPU5 44.366264 145263 sgemm sgemm CUDA3 1.260839 145303 40
CPU12 44.422904 145264 sgemm sgemm CUDA1 12.968574 145304 40
CPU10 44.461410 145265 sgemm sgemm CUDA3 1.262222 145305 40
CPU0 44.537643 145266 sgemm sgemm CUDA0 1.069630 145306 40
CPU19 44.704485 145267 sgemm sgemm CUDA2 0.044346 145307 40
CPU19 44.640021 145268 sgemm sgemm CUDA3 1.258634 145308 40
CPU7 44.510066 145272 sgemm sgemm CUDA1 1.075579 145312 40
CPU3 44.396709 145273 sgemm sgemm CUDA1 1.324180 145313 40
CPU14 44.405244 145274 sgemm sgemm CUDA1 1.078520 145314 40
CPU0 44.937379 145275 sgemm sgemm CUDA2 1.271042 145315 40
CPU3 44.568522 145276 sgemm sgemm CUDA2 1.262411 145316 40
CPU16 44.375066 145277 sgemm sgemm CUDA2 1.065496 145317 40
CPU15 44.206242 145278 sgemm sgemm CUDA3 1.085523 145318 40
CPU16 44.243016 145279 sgemm sgemm CUDA3 1.093842 145319 40
CPU17 44.700248 145280 sgemm sgemm CUDA1 1.259924 145320 40
CPU8 44.645223 145281 sgemm sgemm CUDA3 1.279425 145321 40
CPU7 44.555406 145282 sgemm sgemm CUDA3 1.461781 145322 40
CPU4 44.795221 145283 sgemm sgemm CUDA2 1.261899 145323 40
CPU14 44.617244 145284 sgemm sgemm CUDA3 1.086344 145324 40
CPU14 44.559891 145285 sgemm sgemm CUDA1 1.067618 145325 40
CPU4 44.430147 145286 sgemm sgemm CUDA2 1.067644 145326 40
CPU9 44.476282 145287 sgemm sgemm CUDA1 1.072214 145327 40
CPU8 44.787917 145288 sgemm sgemm CUDA1 1.275534 145328 40
CPU3 44.484771 145289 sgemm sgemm CUDA2 1.063264 145329 40
CPU18 44.423899 145290 sgemm sgemm CUDA1 1.255920 145330 40
CPU16 44.166746 145291 sgemm sgemm CUDA1 1.258154 145331 40
CPU10 44.857491 145292 sgemm sgemm CUDA0 1.290072 145332 40
CPU18 44.306603 145293 sgemm sgemm CUDA2 1.256631 145333 40
CPU8 44.623599 145294 sgemm sgemm CUDA3 1.264642 145334 40
CPU12 44.554040 145295 sgemm sgemm CUDA0 7.240169 145335 40
CPU15 44.561548 145296 sgemm sgemm CUDA3 0.064324 145336 40
CPU1 44.343646 145297 sgemm sgemm CUDA0 0.046228 145337 40
CPU2 44.642037 145298 sgemm sgemm CUDA0 1.288177 145338 40
CPU2 44.855142 145299 sgemm sgemm CUDA1 1.257396 145339 40
CPU15 44.349223 145300 sgemm sgemm CUDA1 1.076133 145340 40
CPU4 44.146818 145301 sgemm sgemm CUDA1 1.071549 145341 40
CPU14 44.385983 145302 sgemm sgemm CUDA2 1.262217 145342 40
CPU6 44.764243 145303 sgemm sgemm CUDA0 1.257552 145343 40
CPU5 44.433705 145304 sgemm sgemm CUDA2 1.070279 145344 40
CPU2 44.546433 145305 sgemm sgemm CUDA3 1.254606 145345 40
CPU5 44.448119 145306 sgemm sgemm CUDA3 1.254639 145346 40
CPU18 44.558352 145307 sgemm sgemm CUDA1 1.068320 145347 40
CPU9 44.561503 145308 sgemm sgemm CUDA1 12.248944 145348 40
CPU1 44.279942 145309 sgemm sgemm CUDA1 1.380652 145349 40
CPU19 44.584675 145310 sgemm sgemm CUDA0 1.062653 145350 40
CPU1 44.097298 145311 sgemm sgemm CUDA0 1.257593 145351 40
CPU0 44.472910 145315 sgemm sgemm CUDA2 0.059296 145355 40
CPU4 44.584141 145316 sgemm sgemm CUDA1 1.009070 145356 40
CPU14 44.525886 145317 sgemm sgemm CUDA1 1.062713 145357 40
CPU0 44.737400 145318 sgemm sgemm CUDA2 1.540142 145358 40
CPU0 44.744561 145319 sgemm sgemm CUDA2 1.264958 145359 40
CPU16 44.238271 145320 sgemm sgemm CUDA2 1.070800 145360 40
CPU15 44.200876 145321 sgemm sgemm CUDA3 12.790975 145361 40
CPU17 44.298112 145322 sgemm sgemm CUDA3 0.146451 145362 40
CPU15 44.602054 145323 sgemm sgemm CUDA3 1.357047 145363 40
CPU0 44.844242 145324 sgemm sgemm CUDA3 1.072919 145364 40
CPU2 44.410431 145325 sgemm sgemm CUDA3 1.071449 145365 40
CPU7 44.615006 145326 sgemm sgemm CUDA2 1.260408 145366 40
CPU14 44.546812 145327 sgemm sgemm CUDA3 1.070450 145367 40
CPU14 44.493508 145328 sgemm sgemm CUDA1 1.094972 145368 40
CPU6 44.502126 145329 sgemm sgemm CUDA2 1.263874 145369 40
CPU7 44.476983 145330 sgemm sgemm CUDA1 1.255363 145370 40
CPU8 44.206204 145331 sgemm sgemm CUDA1 1.253295 145371 40
CPU0 45.054133 145332 sgemm sgemm CUDA2 1.321832 145372 40
CPU18 44.370501 145333 sgemm sgemm CUDA1 1.256933 145373 40
CPU16 44.277724 145334 sgemm sgemm CUDA1 1.254713 145374 40
CPU5 44.500808 145335 sgemm sgemm CUDA0 1.078749 145375 40
CPU14 44.746589 145336 sgemm sgemm CUDA3 1.067461 145376 40
CPU1 44.528353 145337 sgemm sgemm CUDA0 1.259406 145377 40
CPU9 44.355062 145338 sgemm sgemm CUDA0 1.258840 145378 40
CPU15 44.501734 145339 sgemm sgemm CUDA2 1.070556 145379 40
CPU2 44.434817 145340 sgemm sgemm CUDA0 12.919498 145380 40
CPU4 44.488658 145341 sgemm sgemm CUDA0 0.046214 145381 40
CPU2 44.556662 145342 sgemm sgemm CUDA1 12.600508 145382 40
CPU15 44.192566 145343 sgemm sgemm CUDA1 12.239869 145383 40
CPU5 44.532685 145344 sgemm sgemm CUDA1 1.421159 145384 40
CPU16 44.693812 145345 sgemm sgemm CUDA3 1.075978 145385 40
CPU1 44.615344 145346 sgemm sgemm CUDA0 1.301257 145386 40
CPU0 44.460934 145347 sgemm sgemm CUDA2 1.070401 145387 40
CPU4 45.170523 145348 sgemm sgemm CUDA3 1.257819 145388 40
CPU3 44.045171 145349 sgemm sgemm CUDA0 1.254550 145389 40
CPU19 44.383627 145350 sgemm sgemm CUDA1 1.279463 145390 40
CPU0 44.973728 145351 sgemm sgemm CUDA1 1.276138 145391 40
CPU2 44.572834 145352 sgemm sgemm CUDA2 1.260533 145392 40
CPU11 44.161818 145353 sgemm sgemm CUDA0 1.068591 145393 40
CPU17 44.392881 145354 sgemm sgemm CUDA3 1.260949 145394 40
CPU9 44.418869 145358 sgemm sgemm CUDA2 1.070478 145398 40
CPU2 44.274345 145359 sgemm sgemm CUDA2 1.066605 145399 40
CPU14 44.433484 145360 sgemm sgemm CUDA2 1.259510 145400 40
CPU0 44.912466 145361 sgemm sgemm CUDA2 1.261061 145401 40
CPU3 44.510806 145362 sgemm sgemm CUDA2 13.150407 145402 40
CPU16 44.303916 145363 sgemm sgemm CUDA2 0.047432 145403 40
CPU15 44.266282 145364 sgemm sgemm CUDA3 1.069629 145404 40
CPU17 44.412511 145365 sgemm sgemm CUDA3 1.070949 145405 40
CPU16 44.398910 145366 sgemm sgemm CUDA3 1.063443 145406 40
CPU3 45.017767 145367 sgemm sgemm CUDA3 1.065875 145407 40
CPU8 44.550982 145368 sgemm sgemm CUDA3 1.258040 145408 40
CPU9 44.222933 145369 sgemm sgemm CUDA2 1.307747 145409 40
CPU14 44.572850 145370 sgemm sgemm CUDA3 1.261925 145410 40
CPU14 44.685285 145371 sgemm sgemm CUDA3 1.068432 145411 40
CPU0 44.747695 145372 sgemm sgemm CUDA2 1.069287 145412 40
CPU6 44.787320 145373 sgemm sgemm CUDA1 1.261542 145413 40
CPU4 44.428181 145374 sgemm sgemm CUDA1 1.069021 145414 40
CPU8 44.530144 145375 sgemm sgemm CUDA0 1.066074 145415 40
CPU17 44.588123 145376 sgemm sgemm CUDA3 12.076910 145416 40
CPU16 44.506541 145377 sgemm sgemm CUDA1 1.261613 145417 40
CPU9 44.349869 145378 sgemm sgemm CUDA0 1.259940 145418 40
CPU17 44.559214 145379 sgemm sgemm CUDA3 0.039088 145419 40
CPU6 44.830665 145380 sgemm sgemm CUDA0 1.068823 145420 40
CPU2 44.697881 145381 sgemm sgemm CUDA0 1.072133 145421 40
CPU14 44.567738 145382 sgemm sgemm CUDA3 1.299984 145422 40
CPU0 44.960111 145383 sgemm sgemm CUDA0 1.255523 145423 40
CPU3 44.601826 145384 sgemm sgemm CUDA0 1.065117 145424 40
CPU2 44.507265 145385 sgemm sgemm CUDA1 12.754838 145425 40
CPU13 44.547642 145386 sgemm sgemm CUDA1 0.043349 145426 40
CPU4 44.926274 145387 sgemm sgemm CUDA1 1.306880 145427 40
CPU15 44.281369 145388 sgemm sgemm CUDA3 1.072533 145428 40
CPU16 44.639874 145389 sgemm sgemm CUDA0 1.065583 145429 40
CPU7 44.854295 145390 sgemm sgemm CUDA2 1.069759 145430 40
CPU1 44.339663 145391 sgemm sgemm CUDA3 1.074010 145431 40
CPU4 44.537134 145392 sgemm sgemm CUDA3 1.069795 145432 40
CPU10 44.386639 145393 sgemm sgemm CUDA1 1.258328 145433 40
CPU7 44.934276 145394 sgemm sgemm CUDA3 1.258978 145434 40
CPU16 44.702887 145395 sgemm sgemm CUDA0 12.292769 145435 40
CPU15 44.752892 145396 sgemm sgemm CUDA0 0.044105 145436 40
CPU10 44.506622 145397 sgemm sgemm CUDA0 1.304506 145437 40
CPU9 44.252282 145401 sgemm sgemm CUDA1 0.462971 145441 40
CPU4 44.291217 145402 sgemm sgemm CUDA1 0.056115 145442 40
CPU14 44.364228 145403 sgemm sgemm CUDA1 13.612745 145443 40
CPU0 44.695331 145404 sgemm sgemm CUDA2 0.631475 145444 40
CPU4 44.602351 145405 sgemm sgemm CUDA2 0.473821 145445 40
CPU16 44.459454 145406 sgemm sgemm CUDA2 0.222232 145446 40
CPU15 44.276746 145407 sgemm sgemm CUDA3 1.263007 145447 40
CPU16 44.328746 145408 sgemm sgemm CUDA3 1.149202 145448 40
CPU15 44.442069 145409 sgemm sgemm CUDA3 0.957100 145449 40
CPU2 44.433188 145410 sgemm sgemm CUDA3 1.146386 145450 40
CPU9 44.429380 145411 sgemm sgemm CUDA3 1.152512 145451 40
CPU2 44.232273 145412 sgemm sgemm CUDA1 0.329599 145452 40
CPU15 44.376353 145413 sgemm sgemm CUDA3 1.142878 145453 40
CPU14 44.603188 145414 sgemm sgemm CUDA1 0.066721 145454 40
CPU9 44.353035 145415 sgemm sgemm CUDA2 11.700611 145455 40
CPU3 44.608820 145416 sgemm sgemm CUDA1 0.299921 145456 40
CPU9 44.448291 145417 sgemm sgemm CUDA1 1.461233 145457 40
CPU2 44.539088 145418 sgemm sgemm CUDA0 0.821724 145458 40
CPU17 44.395289 145419 sgemm sgemm CUDA3 1.154149 145459 40
CPU16 44.552866 145420 sgemm sgemm CUDA1 0.306920 145460 40
CPU6 44.439195 145421 sgemm sgemm CUDA1 0.201980 145461 40
CPU18 44.581405 145422 sgemm sgemm CUDA3 12.354357 145462 40
CPU9 44.427521 145423 sgemm sgemm CUDA0 0.124820 145463 40
CPU0 44.587119 145424 sgemm sgemm CUDA2 5.844288 145464 40
CPU15 44.529774 145425 sgemm sgemm CUDA2 13.338419 145465 40
CPU9 44.330185 145426 sgemm sgemm CUDA0 0.601803 145466 40
CPU9 44.254466 145427 sgemm sgemm CUDA0 0.958118 145467 40
CPU2 44.272137 145428 sgemm sgemm CUDA1 0.370719 145468 40
CPU16 44.435606 145429 sgemm sgemm CUDA1 21.384579 145469 40
CPU5 44.661523 145430 sgemm sgemm CUDA3 1.361116 145470 40
CPU14 44.451687 145431 sgemm sgemm CUDA3 4.284682 145471 40
CPU7 44.628618 145432 sgemm sgemm CUDA0 0.057087 145472 40
CPU2 44.273173 145433 sgemm sgemm CUDA0 0.971968 145473 40
CPU8 44.319831 145434 sgemm sgemm CUDA3 1.202066 145474 40
CPU7 44.434626 145435 sgemm sgemm CUDA0 1.125612 145475 40
CPU19 44.528496 145436 sgemm sgemm CUDA0 0.809923 145476 40
CPU19 44.561887 145437 sgemm sgemm CUDA1 0.106308 145477 40
CPU7 44.502486 145438 sgemm sgemm CUDA0 0.089120 145478 40
CPU10 44.581543 145439 sgemm sgemm CUDA3 1.257872 145479 40
CPU10 46.126502 145440 sgemm sgemm CUDA0 11.289105 145480 40
CPU8 44.197851 145444 sgemm sgemm CUDA1 1.259680 145484 40
CPU2 44.196933 145445 sgemm sgemm CUDA1 1.309437 145485 40
CPU14 44.205922 145446 sgemm sgemm CUDA1 1.270354 145486 40
CPU0 45.138687 145447 sgemm sgemm CUDA2 1.255624 145487 40
CPU7 44.787322 145448 sgemm sgemm CUDA2 1.221321 145488 40
CPU16 44.156286 145449 sgemm sgemm CUDA2 1.071926 145489 40
CPU15 44.133035 145450 sgemm sgemm CUDA3 1.080347 145490 40
CPU18 44.203542 145451 sgemm sgemm CUDA3 1.206870 145491 40
CPU15 44.269399 145452 sgemm sgemm CUDA3 1.271434 145492 40
CPU7 44.382851 145453 sgemm sgemm CUDA3 1.074882 145493 40
CPU1 44.302250 145454 sgemm sgemm CUDA3 1.265668 145494 40
CPU8 44.764015 145455 sgemm sgemm CUDA2 1.070716 145495 40
CPU15 44.224903 145456 sgemm sgemm CUDA1 1.275448 145496 40
CPU14 44.358155 145457 sgemm sgemm CUDA1 12.049020 145497 40
CPU7 44.589375 145458 sgemm sgemm CUDA2 1.066804 145498 40
CPU5 44.662896 145459 sgemm sgemm CUDA1 1.379545 145499 40
CPU9 44.799331 145460 sgemm sgemm CUDA1 1.292827 145500 40
CPU3 44.590197 145461 sgemm sgemm CUDA0 0.120727 145501 40
CPU17 44.426490 145462 sgemm sgemm CUDA3 1.262471 145502 40
CPU16 44.320682 145463 sgemm sgemm CUDA1 1.097090 145503 40
CPU8 44.439488 145464 sgemm sgemm CUDA1 1.268056 145504 40
CPU18 43.875315 145465 sgemm sgemm CUDA3 1.259395 145505 40
CPU9 44.758112 145466 sgemm sgemm CUDA0 1.333922 145506 40
CPU14 44.686410 145467 sgemm sgemm CUDA0 1.264853 145507 40
CPU15 44.338768 145468 sgemm sgemm CUDA2 1.068264 145508 40
CPU8 44.700744 145469 sgemm sgemm CUDA0 1.258614 145509 40
CPU6 44.839483 145470 sgemm sgemm CUDA0 1.067817 145510 40
CPU8 45.456097 145471 sgemm sgemm CUDA1 1.084949 145511 40
CPU14 44.491145 145472 sgemm sgemm CUDA1 1.077126 145512 40
CPU2 44.716658 145473 sgemm sgemm CUDA1 1.078748 145513 40
CPU16 44.415031 145474 sgemm sgemm CUDA3 1.260225 145514 40
CPU9 44.602497 145475 sgemm sgemm CUDA0 13.037741 145515 40
CPU2 44.236518 145476 sgemm sgemm CUDA2 1.258610 145516 40
CPU9 44.392542 145477 sgemm sgemm CUDA3 1.257239 145517 40
CPU9 43.994658 145478 sgemm sgemm CUDA0 0.090203 145518 40
CPU17 44.331261 145479 sgemm sgemm CUDA2 1.265359 145519 40
CPU2 44.701604 145480 sgemm sgemm CUDA1 1.070253 145520 40
CPU9 44.484897 145481 sgemm sgemm CUDA2 1.071708 145521 40
CPU6 44.698988 145482 sgemm sgemm CUDA0 1.342673 145522 40
CPU6 47.277257 145483 sgemm sgemm CUDA0 1.259102 145523 40
CPU3 44.210538 145487 sgemm sgemm CUDA2 1.094741 145527 40
CPU3 44.291214 145488 sgemm sgemm CUDA2 1.256720 145528 40
CPU14 44.489336 145489 sgemm sgemm CUDA2 1.069784 145529 40
CPU0 44.936331 145490 sgemm sgemm CUDA2 1.067538 145530 40
CPU0 44.693191 145491 sgemm sgemm CUDA2 1.069895 145531 40
CPU16 44.473803 145492 sgemm sgemm CUDA2 1.071242 145532 40
CPU15 44.447961 145493 sgemm sgemm CUDA3 1.140059 145533 40
CPU16 44.504974 145494 sgemm sgemm CUDA3 1.068799 145534 40
CPU16 44.655645 145495 sgemm sgemm CUDA3 1.072318 145535 40
CPU1 44.382809 145496 sgemm sgemm CUDA3 1.064909 145536 40
CPU3 44.534583 145497 sgemm sgemm CUDA3 12.141836 145537 40
CPU3 44.610350 145498 sgemm sgemm CUDA2 0.047865 145538 40
CPU15 44.225437 145499 sgemm sgemm CUDA3 0.058530 145539 40
CPU14 44.576654 145500 sgemm sgemm CUDA1 1.058500 145540 40
CPU8 44.379339 145501 sgemm sgemm CUDA2 11.876376 145541 40
CPU7 44.539481 145502 sgemm sgemm CUDA1 0.118079 145542 40
CPU9 44.486355 145503 sgemm sgemm CUDA0 8.611776 145543 40
CPU3 44.711129 145504 sgemm sgemm CUDA0 1.268634 145544 40
CPU18 44.247195 145505 sgemm sgemm CUDA1 1.230662 145545 40
CPU16 44.401891 145506 sgemm sgemm CUDA2 11.363247 145546 40
CPU4 44.500717 145507 sgemm sgemm CUDA0 0.040995 145547 40
CPU15 44.483003 145508 sgemm sgemm CUDA3 1.325787 145548 40
CPU9 44.608619 145509 sgemm sgemm CUDA3 0.044422 145549 40
CPU9 44.638908 145510 sgemm sgemm CUDA0 1.361626 145550 40
CPU15 44.277112 145511 sgemm sgemm CUDA3 1.062269 145551 40
CPU7 44.610419 145512 sgemm sgemm CUDA0 10.673276 145552 40
CPU5 44.328772 145513 sgemm sgemm CUDA2 1.065268 145553 40
CPU4 44.706024 145514 sgemm sgemm CUDA1 1.316267 145554 40
CPU16 44.483803 145515 sgemm sgemm CUDA1 0.260287 145555 40
CPU2 44.567323 145516 sgemm sgemm CUDA1 1.074150 145556 40
CPU16 44.838700 145517 sgemm sgemm CUDA3 1.359674 145557 40
CPU11 44.535050 145518 sgemm sgemm CUDA0 1.270680 145558 40
CPU3 44.318604 145519 sgemm sgemm CUDA2 1.259921 145559 40
CPU3 44.545292 145520 sgemm sgemm CUDA3 1.252130 145560 40
CPU0 44.911033 145521 sgemm sgemm CUDA3 1.273196 145561 40
CPU10 44.657807 145522 sgemm sgemm CUDA2 0.353481 145562 40
CPU7 44.667922 145523 sgemm sgemm CUDA1 1.289454 145563 40
CPU0 44.808703 145524 sgemm sgemm CUDA0 1.072528 145564 40
CPU14 44.562089 145525 sgemm sgemm CUDA0 1.263341 145565 40
CPU10 44.701919 145526 sgemm sgemm CUDA3 1.139959 145566 40
CPU1 44.301108 145530 sgemm sgemm CUDA1 0.046453 145570 40
CPU5 44.255216 145531 sgemm sgemm CUDA2 1.071773 145571 40
CPU14 44.692829 145532 sgemm sgemm CUDA2 1.254447 145572 40
CPU1 44.315049 145533 sgemm sgemm CUDA2 1.070915 145573 40
CPU1 44.478158 145534 sgemm sgemm CUDA0 0.133531 145574 40
CPU16 44.876849 145535 sgemm sgemm CUDA0 1.274290 145575 40
CPU15 44.536941 145536 sgemm sgemm CUDA0 1.066317 145576 40
CPU16 44.587453 145537 sgemm sgemm CUDA3 1.071062 145577 40
CPU17 44.822947 145538 sgemm sgemm CUDA3 1.265611 145578 40
CPU9 44.178979 145539 sgemm sgemm CUDA3 1.070476 145579 40
CPU5 44.312009 145540 sgemm sgemm CUDA3 1.069624 145580 40
CPU3 44.592859 145541 sgemm sgemm CUDA2 1.278111 145581 40
CPU14 44.655957 145542 sgemm sgemm CUDA0 0.102779 145582 40
CPU14 44.554593 145543 sgemm sgemm CUDA3 1.067272 145583 40
CPU2 44.485410 145544 sgemm sgemm CUDA2 0.165694 145584 40
CPU2 44.584655 145545 sgemm sgemm CUDA1 1.379509 145585 40
CPU4 44.910811 145546 sgemm sgemm CUDA0 1.378978 145586 40
CPU0 44.794802 145547 sgemm sgemm CUDA2 1.340812 145587 40
CPU18 44.400733 145548 sgemm sgemm CUDA3 1.067368 145588 40
CPU16 44.697433 145549 sgemm sgemm CUDA1 1.069899 145589 40
CPU18 44.458959 145550 sgemm sgemm CUDA1 1.264563 145590 40
CPU18 44.377646 145551 sgemm sgemm CUDA3 1.263921 145591 40
CPU2 44.459481 145552 sgemm sgemm CUDA0 1.072305 145592 40
CPU9 44.556423 145553 sgemm sgemm CUDA0 1.257177 145593 40
CPU14 44.673347 145554 sgemm sgemm CUDA3 1.077149 145594 40
CPU0 44.735699 145555 sgemm sgemm CUDA0 1.262801 145595 40
CPU0 44.759186 145556 sgemm sgemm CUDA2 1.266412 145596 40
CPU2 44.145705 145557 sgemm sgemm CUDA1 1.259169 145597 40
CPU19 44.438711 145558 sgemm sgemm CUDA1 1.264076 145598 40
CPU2 44.491168 145559 sgemm sgemm CUDA1 1.072346 145599 40
CPU15 44.451497 145560 sgemm sgemm CUDA3 12.417315 145600 40
CPU4 44.852596 145561 sgemm sgemm CUDA0 1.090751 145601 40
CPU1 44.256127 145562 sgemm sgemm CUDA2 1.076177 145602 40
CPU0 44.704968 145563 sgemm sgemm CUDA3 0.105733 145603 40
CPU4 44.568702 145564 sgemm sgemm CUDA0 1.070747 145604 40
CPU14 44.689892 145565 sgemm sgemm CUDA1 1.257768 145605 40
CPU4 44.351174 145566 sgemm sgemm CUDA1 1.258163 145606 40
CPU8 44.519877 145567 sgemm sgemm CUDA1 1.277475 145607 40
CPU18 44.438099 145568 sgemm sgemm CUDA0 7.749371 145608 40
CPU9 45.317804 145569 sgemm sgemm CUDA2 1.257481 145609 40
CPU1 31.478031 145575 strsm strsm CPU12 194.754522 145615 40
CPU5 31.593741 145579 strsm strsm CPU -1 145619 40
CPU14 31.665650 145583 strsm strsm CPU -1 145623 40
CPU0 32.527528 145587 strsm strsm CPU15 148.784281 145627 40
CPU1 32.366772 145591 strsm strsm CPU17 268.838319 145631 40
CPU16 31.367215 145595 strsm strsm CPU22 182.920649 145635 40
CPU15 31.375527 145599 strsm strsm CUDA3 11.567969 145639 40
CPU18 31.331098 145603 strsm strsm CUDA3 0.081089 145643 40
CPU17 31.971906 145607 strsm strsm CUDA1 3.598575 145647 40
CPU2 32.261274 145611 strsm strsm CUDA3 4.346037 145651 40
CPU3 32.082961 145615 strsm strsm CUDA2 3.921890 145655 40
CPU3 32.255678 145619 strsm strsm CPU10 98.093404 145659 40
CPU15 31.339624 145623 strsm strsm CUDA1 19.284959 145663 40
CPU14 31.597853 145627 strsm strsm CPU11 98.739285 145667 40
CPU8 32.245473 145631 strsm strsm CPU24 416.308947 145671 40
CPU7 32.598690 145635 strsm strsm CPU23 273.253985 145675 40
CPU4 32.574201 145639 strsm strsm CUDA1 19.925664 145679 40
CPU3 32.181421 145643 strsm strsm CUDA1 2.313826 145683 40
CPU18 31.312225 145647 strsm strsm CUDA3 0.082482 145687 40
CPU16 31.408523 145651 strsm strsm CPU30 106.985038 145691 40
CPU18 32.789040 145655 strsm strsm CPU32 380.844331 145695 40
CPU15 31.804226 145659 strsm strsm CUDA2 0.249928 145699 40
CPU8 32.280679 145663 strsm strsm CPU10 146.303636 145703 40
CPU14 32.101760 145667 strsm strsm CPU34 105.998099 145707 40
CPU14 31.764746 145671 strsm strsm CPU13 319.727340 145711 40
CPU2 32.248966 145675 strsm strsm CUDA2 0.190588 145715 40
CPU3 32.179761 145679 strsm strsm CUDA2 0.161235 145719 40
CPU3 31.804588 145683 strsm strsm CPU17 180.023145 145723 40
CPU12 32.165799 145687 strsm strsm CPU16 143.854259 145727 40
CPU0 32.654342 145691 strsm strsm CUDA1 0.125803 145731 40
CPU16 31.417687 145695 strsm strsm CPU16 456.415227 145735 40
CPU16 32.318072 145699 strsm strsm CUDA0 2.874837 145739 40
CPU1 31.839525 145703 strsm strsm CUDA2 2.831706 145743 40
CPU3 31.813370 145707 strsm strsm CUDA2 11.810265 145747 40
CPU4 32.405076 145711 strsm strsm CUDA0 0.056952 145751 40
CPU10 31.824086 145715 strsm strsm CPU11 295.640389 145755 40
CPU7 33.171072 145719 strsm strsm CPU20 200.019042 145759 40
CPU16 31.458176 145723 strsm strsm CPU20 223.048262 145763 40
CPU15 31.411610 145727 strsm strsm CUDA2 11.629132 145767 40
CPU10 32.885661 145731 strsm strsm CPU21 182.919052 145771 40
CPU12 14.961483 145735 strtri strtri CPU -1 145775 40
CPU18 30.181439 145737 strsm strsm CUDA0 2.677683 145777 40
CPU18 30.099579 145739 strsm strsm CUDA2 2.798478 145779 40
CPU18 30.368072 145741 strsm strsm CUDA0 0.035310 145781 40
CPU18 30.060451 145743 strsm strsm CUDA0 0.260138 145783 40
CPU18 30.222319 145745 strsm strsm CUDA0 0.401210 145785 40
CPU18 30.067860 145747 strsm strsm CUDA2 2.860155 145787 40
CPU18 30.350004 145749 strsm strsm CUDA0 0.049131 145789 40
CPU18 30.536287 145751 strsm strsm CUDA2 0.067232 145791 40
CPU7 44.632996 145753 sgemm sgemm CUDA2 1.261372 145793 40
CPU4 44.779181 145754 sgemm sgemm CUDA2 1.046192 145794 40
CPU14 44.439812 145755 sgemm sgemm CUDA2 5.812623 145795 40
CPU0 44.685228 145756 sgemm sgemm CUDA2 0.062347 145796 40
CPU2 44.716523 145757 sgemm sgemm CUDA2 1.262250 145797 40
CPU16 44.274758 145758 sgemm sgemm CUDA2 1.055802 145798 40
CPU15 44.180842 145759 sgemm sgemm CUDA3 0.062327 145799 40
CPU17 44.450946 145760 sgemm sgemm CUDA3 1.336279 145800 40
CPU17 44.594777 145761 sgemm sgemm CUDA3 1.237316 145801 40
CPU2 44.949404 145762 sgemm sgemm CUDA3 1.068235 145802 40
CPU5 44.722755 145763 sgemm sgemm CUDA3 8.121728 145803 40
CPU6 44.651543 145764 sgemm sgemm CUDA2 1.054130 145804 40
CPU15 44.492033 145765 sgemm sgemm CUDA3 0.135168 145805 40
CPU14 44.531536 145766 sgemm sgemm CUDA0 0.053820 145806 40
CPU8 44.496617 145767 sgemm sgemm CUDA2 1.054737 145807 40
CPU6 44.676024 145768 sgemm sgemm CUDA1 0.055256 145808 40
CPU1 44.508425 145769 sgemm sgemm CUDA0 1.266391 145809 40
CPU0 44.947733 145770 sgemm sgemm CUDA0 1.239577 145810 40
CPU17 44.488372 145771 sgemm sgemm CUDA3 1.326504 145811 40
CPU16 44.632094 145772 sgemm sgemm CUDA1 1.388007 145812 40
CPU0 44.869441 145773 sgemm sgemm CUDA0 1.235263 145813 40
CPU16 44.605061 145774 sgemm sgemm CUDA2 1.242645 145814 40
CPU0 44.754344 145775 sgemm sgemm CUDA0 8.026602 145815 40
CPU18 44.415604 145776 sgemm sgemm CUDA0 0.083679 145816 40
CPU15 44.319642 145777 sgemm sgemm CUDA2 1.059140 145817 40
CPU6 44.400469 145778 sgemm sgemm CUDA0 1.326147 145818 40
CPU3 44.465988 145779 sgemm sgemm CUDA0 1.062593 145819 40
CPU9 44.511712 145780 sgemm sgemm CUDA1 1.243606 145820 40
CPU14 44.548156 145781 sgemm sgemm CUDA1 1.235073 145821 40
CPU4 44.679578 145782 sgemm sgemm CUDA1 1.051314 145822 40
CPU15 44.246814 145783 sgemm sgemm CUDA3 1.246693 145823 40
CPU5 44.806918 145784 sgemm sgemm CUDA0 1.241085 145824 40
CPU1 44.772375 145785 sgemm sgemm CUDA2 4.912630 145825 40
CPU0 44.730170 145786 sgemm sgemm CUDA3 1.053444 145826 40
CPU5 44.593914 145787 sgemm sgemm CUDA3 1.241475 145827 40
CPU12 44.187960 145788 sgemm sgemm CUDA1 4.525689 145828 40
CPU0 45.022787 145789 sgemm sgemm CUDA3 1.244763 145829 40
CPU0 44.842051 145790 sgemm sgemm CUDA0 1.053479 145830 40
CPU19 44.701615 145791 sgemm sgemm CUDA2 0.107847 145831 40
CPU19 44.397867 145792 sgemm sgemm CUDA3 5.502196 145832 40
CPU5 44.439536 145793 sgemm sgemm CUDA1 0.073109 145833 40
CPU7 44.461190 145797 sgemm sgemm CUDA2 12.624552 145837 40
CPU5 44.623118 145798 sgemm sgemm CUDA2 0.040040 145838 40
CPU14 44.391825 145799 sgemm sgemm CUDA2 1.385739 145839 40
CPU0 45.004468 145800 sgemm sgemm CUDA2 1.067689 145840 40
CPU2 44.745886 145801 sgemm sgemm CUDA2 1.068164 145841 40
CPU16 44.261227 145802 sgemm sgemm CUDA2 1.066955 145842 40
CPU15 44.134135 145803 sgemm sgemm CUDA3 1.062881 145843 40
CPU16 44.220064 145804 sgemm sgemm CUDA3 1.066080 145844 40
CPU15 44.274114 145805 sgemm sgemm CUDA3 1.259313 145845 40
CPU5 44.806179 145806 sgemm sgemm CUDA3 1.066142 145846 40
CPU7 44.584740 145807 sgemm sgemm CUDA3 1.255248 145847 40
CPU4 44.803170 145808 sgemm sgemm CUDA2 1.072198 145848 40
CPU14 44.702474 145809 sgemm sgemm CUDA3 1.066513 145849 40
CPU14 44.595400 145810 sgemm sgemm CUDA2 1.066425 145850 40
CPU4 44.412087 145811 sgemm sgemm CUDA2 1.262305 145851 40
CPU9 44.427379 145812 sgemm sgemm CUDA1 12.581367 145852 40
CPU8 44.561806 145813 sgemm sgemm CUDA1 0.120320 145853 40
CPU9 44.479272 145814 sgemm sgemm CUDA0 1.083163 145854 40
CPU17 44.494007 145815 sgemm sgemm CUDA1 1.485578 145855 40
CPU16 44.217364 145816 sgemm sgemm CUDA1 1.260404 145856 40
CPU10 44.304515 145817 sgemm sgemm CUDA0 1.088708 145857 40
CPU16 44.642361 145818 sgemm sgemm CUDA3 1.064630 145858 40
CPU8 44.562327 145819 sgemm sgemm CUDA3 12.047559 145859 40
CPU12 44.589890 145820 sgemm sgemm CUDA0 1.267107 145860 40
CPU15 44.226166 145821 sgemm sgemm CUDA3 1.377337 145861 40
CPU1 44.490535 145822 sgemm sgemm CUDA0 1.269486 145862 40
CPU2 44.512590 145823 sgemm sgemm CUDA0 1.079661 145863 40
CPU2 44.328415 145824 sgemm sgemm CUDA1 1.256807 145864 40
CPU15 44.068838 145825 sgemm sgemm CUDA1 1.254767 145865 40
CPU4 44.789958 145826 sgemm sgemm CUDA1 1.258178 145866 40
CPU14 44.477649 145827 sgemm sgemm CUDA2 1.261118 145867 40
CPU6 44.757154 145828 sgemm sgemm CUDA0 1.254958 145868 40
CPU5 44.503413 145829 sgemm sgemm CUDA2 1.260938 145869 40
CPU2 44.560769 145830 sgemm sgemm CUDA3 1.066501 145870 40
CPU5 44.552311 145831 sgemm sgemm CUDA0 10.389509 145871 40
CPU18 44.397530 145832 sgemm sgemm CUDA1 1.068252 145872 40
CPU9 44.616367 145833 sgemm sgemm CUDA1 1.069117 145873 40
CPU1 44.312258 145834 sgemm sgemm CUDA1 1.071411 145874 40
CPU17 44.435365 145835 sgemm sgemm CUDA0 0.049199 145875 40
CPU1 44.051352 145836 sgemm sgemm CUDA0 1.303193 145876 40
CPU3 44.718221 145837 sgemm sgemm CUDA3 1.257693 145877 40
CPU0 44.929887 145841 sgemm sgemm CUDA2 0.085314 145881 40
CPU5 43.910283 145842 sgemm sgemm CUDA2 1.294196 145882 40
CPU14 44.527069 145843 sgemm sgemm CUDA2 1.272365 145883 40
CPU0 44.781315 145844 sgemm sgemm CUDA2 1.078781 145884 40
CPU5 44.368459 145845 sgemm sgemm CUDA2 1.266522 145885 40
CPU16 44.476617 145846 sgemm sgemm CUDA2 1.272284 145886 40
CPU15 44.269071 145847 sgemm sgemm CUDA3 1.323904 145887 40
CPU17 44.447403 145848 sgemm sgemm CUDA3 1.108596 145888 40
CPU15 44.204877 145849 sgemm sgemm CUDA3 1.275951 145889 40
CPU1 44.709720 145850 sgemm sgemm CUDA3 5.559980 145890 40
CPU2 44.479399 145851 sgemm sgemm CUDA3 0.481826 145891 40
CPU1 44.517193 145852 sgemm sgemm CUDA2 1.066475 145892 40
CPU15 44.481826 145853 sgemm sgemm CUDA3 1.087785 145893 40
CPU14 44.575324 145854 sgemm sgemm CUDA0 1.358870 145894 40
CPU6 44.335442 145855 sgemm sgemm CUDA2 1.255495 145895 40
CPU7 44.345096 145856 sgemm sgemm CUDA1 0.052223 145896 40
CPU8 43.988641 145857 sgemm sgemm CUDA1 1.409642 145897 40
CPU0 44.892865 145858 sgemm sgemm CUDA0 1.067933 145898 40
CPU18 44.419103 145859 sgemm sgemm CUDA3 1.268035 145899 40
CPU15 44.275923 145860 sgemm sgemm CUDA1 1.266483 145900 40
CPU5 44.486989 145861 sgemm sgemm CUDA0 1.279668 145901 40
CPU14 44.907453 145862 sgemm sgemm CUDA3 1.092963 145902 40
CPU1 44.294290 145863 sgemm sgemm CUDA0 1.277641 145903 40
CPU7 44.533780 145864 sgemm sgemm CUDA0 1.259288 145904 40
CPU15 44.378686 145865 sgemm sgemm CUDA2 1.071274 145905 40
CPU2 44.575983 145866 sgemm sgemm CUDA0 1.253111 145906 40
CPU4 44.364410 145867 sgemm sgemm CUDA0 1.261587 145907 40
CPU8 44.582385 145868 sgemm sgemm CUDA1 1.258467 145908 40
CPU15 44.374275 145869 sgemm sgemm CUDA1 12.721754 145909 40
CPU3 44.487306 145870 sgemm sgemm CUDA1 0.043119 145910 40
CPU16 44.501909 145871 sgemm sgemm CUDA3 1.068647 145911 40
CPU1 44.378094 145872 sgemm sgemm CUDA0 1.258321 145912 40
CPU0 44.290886 145873 sgemm sgemm CUDA2 12.186961 145913 40
CPU4 44.633673 145874 sgemm sgemm CUDA3 1.259745 145914 40
CPU3 44.037286 145875 sgemm sgemm CUDA0 1.262717 145915 40
CPU19 44.616204 145876 sgemm sgemm CUDA1 1.310276 145916 40
CPU0 44.764323 145877 sgemm sgemm CUDA1 1.068418 145917 40
CPU2 44.279227 145878 sgemm sgemm CUDA2 0.045011 145918 40
CPU11 44.263396 145879 sgemm sgemm CUDA0 1.261427 145919 40
CPU17 44.558430 145880 sgemm sgemm CUDA3 1.262200 145920 40
CPU17 44.544491 145881 sgemm sgemm CUDA2 1.322666 145921 40
CPU7 44.671240 145885 sgemm sgemm CUDA2 1.071172 145925 40
CPU2 44.519390 145886 sgemm sgemm CUDA2 1.259331 145926 40
CPU14 44.378362 145887 sgemm sgemm CUDA2 1.068104 145927 40
CPU2 44.885823 145888 sgemm sgemm CUDA2 1.262490 145928 40
CPU8 44.926408 145889 sgemm sgemm CUDA2 1.071568 145929 40
CPU16 44.459128 145890 sgemm sgemm CUDA0 0.043076 145930 40
CPU15 44.539688 145891 sgemm sgemm CUDA0 1.074341 145931 40
CPU16 44.279315 145892 sgemm sgemm CUDA3 1.271725 145932 40
CPU17 44.332528 145893 sgemm sgemm CUDA3 1.274852 145933 40
CPU3 45.278388 145894 sgemm sgemm CUDA3 1.265052 145934 40
CPU8 44.714102 145895 sgemm sgemm CUDA3 1.273939 145935 40
CPU9 44.535791 145896 sgemm sgemm CUDA2 1.071271 145936 40
CPU14 44.596850 145897 sgemm sgemm CUDA3 1.267815 145937 40
CPU14 44.642118 145898 sgemm sgemm CUDA0 1.071265 145938 40
CPU0 44.845536 145899 sgemm sgemm CUDA2 1.068152 145939 40
CPU6 44.815078 145900 sgemm sgemm CUDA1 1.264198 145940 40
CPU4 44.518469 145901 sgemm sgemm CUDA1 1.263787 145941 40
CPU7 44.787176 145902 sgemm sgemm CUDA0 0.052202 145942 40
CPU17 44.442010 145903 sgemm sgemm CUDA3 1.258641 145943 40
CPU16 44.393205 145904 sgemm sgemm CUDA1 1.067785 145944 40
CPU9 44.438658 145905 sgemm sgemm CUDA0 1.338320 145945 40
CPU17 44.527841 145906 sgemm sgemm CUDA3 1.261594 145946 40
CPU6 44.847843 145907 sgemm sgemm CUDA0 1.328222 145947 40
CPU2 44.754722 145908 sgemm sgemm CUDA0 3.140824 145948 40
CPU14 44.474674 145909 sgemm sgemm CUDA3 0.039364 145949 40
CPU9 44.697459 145910 sgemm sgemm CUDA0 0.042918 145950 40
CPU4 44.923687 145911 sgemm sgemm CUDA0 1.261478 145951 40
CPU4 44.719233 145912 sgemm sgemm CUDA1 1.344007 145952 40
CPU13 44.399285 145913 sgemm sgemm CUDA1 1.262205 145953 40
CPU5 44.840307 145914 sgemm sgemm CUDA1 1.080614 145954 40
CPU14 44.340001 145915 sgemm sgemm CUDA3 1.358903 145955 40
CPU16 44.566541 145916 sgemm sgemm CUDA0 1.257082 145956 40
CPU7 45.039443 145917 sgemm sgemm CUDA2 12.044707 145957 40
CPU1 44.454963 145918 sgemm sgemm CUDA3 0.292840 145958 40
CPU4 44.664918 145919 sgemm sgemm CUDA0 1.258249 145959 40
CPU18 44.320008 145920 sgemm sgemm CUDA1 8.191300 145960 40
CPU7 44.968019 145921 sgemm sgemm CUDA3 1.304058 145961 40
CPU16 44.623184 145922 sgemm sgemm CUDA0 1.069305 145962 40
CPU15 44.531944 145923 sgemm sgemm CUDA0 1.259785 145963 40
CPU19 44.466188 145924 sgemm sgemm CUDA0 1.066374 145964 40
CPU16 44.342405 145925 sgemm sgemm CUDA2 0.050497 145965 40
CPU9 44.545555 145929 sgemm sgemm CUDA1 1.268234 145969 40
CPU4 44.452980 145930 sgemm sgemm CUDA3 19.486373 145970 40
CPU14 44.369966 145931 sgemm sgemm CUDA1 1.018179 145971 40
CPU0 45.085677 145932 sgemm sgemm CUDA2 1.204724 145972 40
CPU4 44.964707 145933 sgemm sgemm CUDA2 1.211927 145973 40
CPU16 44.714320 145934 sgemm sgemm CUDA2 1.201827 145974 40
CPU15 44.289747 145935 sgemm sgemm CUDA0 5.080005 145975 40
CPU16 44.220459 145936 sgemm sgemm CUDA3 13.007869 145976 40
CPU15 44.090273 145937 sgemm sgemm CUDA3 0.716050 145977 40
CPU5 44.925803 145938 sgemm sgemm CUDA3 0.058521 145978 40
CPU9 44.480709 145939 sgemm sgemm CUDA3 0.060477 145979 40
CPU2 44.562238 145940 sgemm sgemm CUDA1 1.004685 145980 40
CPU14 44.377723 145941 sgemm sgemm CUDA3 4.883064 145981 40
CPU14 44.221629 145942 sgemm sgemm CUDA1 1.071285 145982 40
CPU6 44.790212 145943 sgemm sgemm CUDA2 1.246637 145983 40
CPU3 44.756649 145944 sgemm sgemm CUDA1 1.016040 145984 40
CPU9 44.592383 145945 sgemm sgemm CUDA1 21.907448 145985 40
CPU2 44.734156 145946 sgemm sgemm CUDA0 0.094407 145986 40
CPU18 44.218153 145947 sgemm sgemm CUDA1 12.020983 145987 40
CPU14 44.337195 145948 sgemm sgemm CUDA1 11.726524 145988 40
CPU6 44.778809 145949 sgemm sgemm CPU33 356.399226 145989 40
CPU18 44.697321 145950 sgemm sgemm CUDA3 2.537408 145990 40
CPU6 44.879879 145951 sgemm sgemm CUDA0 1.013561 145991 40
CPU0 44.837402 145952 sgemm sgemm CUDA0 1.012878 145992 40
CPU15 44.280386 145953 sgemm sgemm CUDA2 0.055949 145993 40
CPU9 44.622379 145954 sgemm sgemm CUDA0 0.789612 145994 40
CPU9 44.723993 145955 sgemm sgemm CUDA0 2.872438 145995 40
CPU6 44.710117 145956 sgemm sgemm CUDA1 0.948449 145996 40
CPU16 44.147405 145957 sgemm sgemm CPU18 167.679827 145997 40
CPU5 44.833706 145958 sgemm sgemm CUDA1 0.236737 145998 40
CPU14 44.404251 145959 sgemm sgemm CUDA3 0.476367 145999 40
CPU7 45.074060 145960 sgemm sgemm CUDA0 0.645267 146000 40
CPU2 44.598220 145961 sgemm sgemm CUDA0 9.774438 146001 40
CPU8 44.711553 145962 sgemm sgemm CUDA3 0.090842 146002 40
CPU7 44.637291 145963 sgemm sgemm CUDA0 0.722607 146003 40
CPU19 44.201664 145964 sgemm sgemm CUDA0 1.259817 146004 40
CPU19 44.389579 145965 sgemm sgemm CUDA1 1.257293 146005 40
CPU7 44.715226 145966 sgemm sgemm CUDA0 1.014268 146006 40
CPU11 44.426673 145967 sgemm sgemm CUDA0 0.235643 146007 40
CPU8 44.632231 145968 sgemm sgemm CUDA0 0.044720 146008 40
CPU19 44.504741 145969 sgemm sgemm CUDA3 5.834726 146009 40
CPU7 44.668802 145973 sgemm sgemm CUDA1 7.489381 146013 40
CPU2 44.359864 145974 sgemm sgemm CUDA2 7.163319 146014 40
CPU14 44.329394 145975 sgemm sgemm CUDA2 0.064058 146015 40
CPU0 45.008119 145976 sgemm sgemm CUDA2 1.281628 146016 40
CPU7 45.111021 145977 sgemm sgemm CUDA2 1.176370 146017 40
CPU16 44.504147 145978 sgemm sgemm CUDA2 1.255707 146018 40
CPU15 44.224661 145979 sgemm sgemm CUDA0 1.358720 146019 40
CPU17 44.577988 145980 sgemm sgemm CUDA0 1.271341 146020 40
CPU16 44.404673 145981 sgemm sgemm CUDA3 1.211773 146021 40
CPU1 44.812881 145982 sgemm sgemm CUDA3 1.069318 146022 40
CPU1 44.322986 145983 sgemm sgemm CUDA3 1.272920 146023 40
CPU8 44.824028 145984 sgemm sgemm CUDA2 1.006249 146024 40
CPU15 44.164265 145985 sgemm sgemm CUDA1 1.009775 146025 40
CPU14 44.568560 145986 sgemm sgemm CUDA2 1.069358 146026 40
CPU7 44.654537 145987 sgemm sgemm CUDA2 0.062194 146027 40
CPU5 44.610410 145988 sgemm sgemm CUDA1 1.272757 146028 40
CPU9 44.597657 145989 sgemm sgemm CUDA1 1.079607 146029 40
CPU2 44.219939 145990 sgemm sgemm CUDA0 1.230303 146030 40
CPU17 44.403718 145991 sgemm sgemm CUDA3 2.952256 146031 40
CPU16 44.121558 145992 sgemm sgemm CUDA1 1.007445 146032 40
CPU8 44.792031 145993 sgemm sgemm CUDA0 1.013426 146033 40
CPU18 44.445818 145994 sgemm sgemm CUDA3 0.046281 146034 40
CPU9 44.690837 145995 sgemm sgemm CUDA0 1.072019 146035 40
CPU14 44.506058 145996 sgemm sgemm CUDA0 1.008678 146036 40
CPU14 44.616892 145997 sgemm sgemm CUDA2 1.238406 146037 40
CPU8 44.739169 145998 sgemm sgemm CUDA0 1.261458 146038 40
CPU6 44.796130 145999 sgemm sgemm CUDA0 1.256516 146039 40
CPU8 45.462020 146000 sgemm sgemm CUDA1 1.199772 146040 40
CPU14 44.340013 146001 sgemm sgemm CUDA1 1.263020 146041 40
CPU5 44.624094 146002 sgemm sgemm CUDA1 1.078734 146042 40
CPU15 44.531315 146003 sgemm sgemm CUDA3 1.012576 146043 40
CPU9 44.494534 146004 sgemm sgemm CUDA0 1.257257 146044 40
CPU6 44.836113 146005 sgemm sgemm CUDA2 0.957780 146045 40
CPU9 44.679228 146006 sgemm sgemm CUDA3 1.064442 146046 40
CPU9 44.531424 146007 sgemm sgemm CUDA0 1.072245 146047 40
CPU17 44.290663 146008 sgemm sgemm CUDA2 1.061062 146048 40
CPU2 44.619611 146009 sgemm sgemm CUDA1 1.274618 146049 40
CPU9 44.567222 146010 sgemm sgemm CUDA2 1.259928 146050 40
CPU6 44.886450 146011 sgemm sgemm CUDA0 1.073081 146051 40
CPU6 45.178817 146012 sgemm sgemm CUDA0 1.070699 146052 40
CPU6 45.083179 146013 sgemm sgemm CUDA3 1.063901 146053 40
CPU7 44.350463 146017 sgemm sgemm CUDA2 1.257521 146057 40
CPU3 44.452800 146018 sgemm sgemm CUDA2 1.265759 146058 40
CPU14 44.630957 146019 sgemm sgemm CUDA2 1.069827 146059 40
CPU0 44.631140 146020 sgemm sgemm CUDA2 1.066758 146060 40
CPU0 44.779527 146021 sgemm sgemm CUDA2 1.259612 146061 40
CPU16 44.467481 146022 sgemm sgemm CUDA0 1.258515 146062 40
CPU15 44.384149 146023 sgemm sgemm CUDA3 1.255909 146063 40
CPU17 44.592627 146024 sgemm sgemm CUDA3 1.258538 146064 40
CPU17 44.610263 146025 sgemm sgemm CUDA3 1.072482 146065 40
CPU3 44.846329 146026 sgemm sgemm CUDA3 1.065710 146066 40
CPU0 44.988303 146027 sgemm sgemm CUDA3 1.064787 146067 40
CPU3 44.635885 146028 sgemm sgemm CUDA2 1.260599 146068 40
CPU15 44.371334 146029 sgemm sgemm CUDA3 1.065052 146069 40
CPU14 44.597630 146030 sgemm sgemm CUDA1 1.257614 146070 40
CPU4 44.565060 146031 sgemm sgemm CUDA2 12.943772 146071 40
CPU5 44.292389 146032 sgemm sgemm CUDA1 1.257041 146072 40
CPU9 44.425145 146033 sgemm sgemm CUDA0 1.253837 146073 40
CPU8 44.426716 146034 sgemm sgemm CUDA0 12.713117 146074 40
CPU18 44.317158 146035 sgemm sgemm CUDA1 1.260418 146075 40
CPU15 44.260502 146036 sgemm sgemm CUDA1 1.259657 146076 40
CPU4 44.486970 146037 sgemm sgemm CUDA0 0.049814 146077 40
CPU15 44.454456 146038 sgemm sgemm CUDA3 1.260519 146078 40
CPU7 44.540099 146039 sgemm sgemm CUDA3 1.069988 146079 40
CPU5 44.541185 146040 sgemm sgemm CUDA0 1.323985 146080 40
CPU15 44.455271 146041 sgemm sgemm CUDA3 12.317247 146081 40
CPU7 44.493551 146042 sgemm sgemm CUDA0 1.258717 146082 40
CPU5 44.444713 146043 sgemm sgemm CUDA2 0.046912 146083 40
CPU4 44.616871 146044 sgemm sgemm CUDA1 1.069431 146084 40
CPU16 44.385424 146045 sgemm sgemm CUDA1 1.067317 146085 40
CPU2 44.661280 146046 sgemm sgemm CUDA1 12.941107 146086 40
CPU16 44.567994 146047 sgemm sgemm CUDA3 1.260514 146087 40
CPU11 44.785077 146048 sgemm sgemm CUDA0 1.253602 146088 40
CPU3 44.322836 146049 sgemm sgemm CUDA2 1.363739 146089 40
CPU9 44.661544 146050 sgemm sgemm CUDA3 1.255281 146090 40
CPU0 44.879131 146051 sgemm sgemm CUDA3 1.262184 146091 40
CPU10 44.512857 146052 sgemm sgemm CUDA2 1.257827 146092 40
CPU7 44.652188 146053 sgemm sgemm CUDA1 0.039994 146093 40
CPU0 44.742218 146054 sgemm sgemm CUDA0 1.067333 146094 40
CPU14 44.671090 146055 sgemm sgemm CUDA0 1.069808 146095 40
CPU10 44.453471 146056 sgemm sgemm CUDA3 1.016313 146096 40
CPU1 45.342939 146057 sgemm sgemm CUDA1 1.406690 146097 40
CPU9 44.343121 146061 sgemm sgemm CUDA1 1.254231 146101 40
CPU5 44.377895 146062 sgemm sgemm CUDA2 1.065858 146102 40
CPU14 44.754532 146063 sgemm sgemm CUDA2 1.008811 146103 40
CPU0 44.532794 146064 sgemm sgemm CUDA2 1.199376 146104 40
CPU0 44.737762 146065 sgemm sgemm CUDA2 12.837442 146105 40
CPU16 44.691245 146066 sgemm sgemm CUDA0 0.047083 146106 40
CPU15 44.530249 146067 sgemm sgemm CUDA0 1.238165 146107 40
CPU16 44.503166 146068 sgemm sgemm CUDA3 1.066719 146108 40
CPU16 44.621559 146069 sgemm sgemm CUDA3 1.011447 146109 40
CPU5 44.194562 146070 sgemm sgemm CUDA3 1.012048 146110 40
CPU5 44.381186 146071 sgemm sgemm CUDA3 1.015749 146111 40
CPU3 44.345325 146072 sgemm sgemm CUDA1 1.009189 146112 40
CPU15 44.557558 146073 sgemm sgemm CUDA1 1.200012 146113 40
CPU14 44.790584 146074 sgemm sgemm CUDA1 1.011891 146114 40
CPU2 44.112188 146075 sgemm sgemm CUDA2 0.048711 146115 40
CPU2 44.453103 146076 sgemm sgemm CUDA1 1.010332 146116 40
CPU4 44.563036 146077 sgemm sgemm CUDA0 1.015929 146117 40
CPU0 44.723621 146078 sgemm sgemm CUDA2 1.256778 146118 40
CPU18 44.606863 146079 sgemm sgemm CUDA3 12.072208 146119 40
CPU14 44.780457 146080 sgemm sgemm CUDA1 1.006632 146120 40
CPU18 44.576105 146081 sgemm sgemm CUDA1 12.118293 146121 40
CPU18 44.653708 146082 sgemm sgemm CUDA3 0.129017 146122 40
CPU2 44.076545 146083 sgemm sgemm CUDA0 1.011975 146123 40
CPU9 44.168244 146084 sgemm sgemm CUDA0 1.197750 146124 40
CPU14 44.867510 146085 sgemm sgemm CUDA3 0.043927 146125 40
CPU0 44.467863 146086 sgemm sgemm CUDA0 1.203625 146126 40
CPU0 44.377729 146087 sgemm sgemm CUDA2 1.001635 146127 40
CPU2 44.077944 146088 sgemm sgemm CUDA1 1.322433 146128 40
CPU15 44.483561 146089 sgemm sgemm CUDA1 1.193488 146129 40
CPU5 44.271435 146090 sgemm sgemm CUDA1 1.205144 146130 40
CPU15 44.403072 146091 sgemm sgemm CUDA3 11.847931 146131 40
CPU4 44.641942 146092 sgemm sgemm CUDA0 1.007673 146132 40
CPU0 44.696846 146093 sgemm sgemm CUDA2 1.012858 146133 40
CPU0 44.735533 146094 sgemm sgemm CUDA3 0.173909 146134 40
CPU4 44.433908 146095 sgemm sgemm CUDA0 1.199888 146135 40
CPU14 44.735725 146096 sgemm sgemm CUDA1 1.199389 146136 40
CPU4 44.128956 146097 sgemm sgemm CUDA1 1.204077 146137 40
CPU8 44.256630 146098 sgemm sgemm CUDA1 1.199428 146138 40
CPU18 44.560743 146099 sgemm sgemm CUDA0 1.255361 146139 40
CPU9 44.160643 146100 sgemm sgemm CUDA2 1.012777 146140 40
CPU3 44.408988 146101 sgemm sgemm CUDA2 1.009037 146141 40
CPU9 31.956734 146107 strsm strsm CUDA1 2.786696 146147 40
CPU5 31.917645 146111 strsm strsm CUDA2 2.575043 146151 40
CPU14 31.616726 146115 strsm strsm CUDA2 2.026835 146155 40
CPU0 32.190071 146119 strsm strsm CUDA2 2.169588 146159 40
CPU0 32.653480 146123 strsm strsm CUDA3 0.344640 146163 40
CPU15 31.288604 146127 strsm strsm CUDA0 12.173536 146167 40
CPU15 31.396044 146131 strsm strsm CUDA0 2.009390 146171 40
CPU17 31.829782 146135 strsm strsm CUDA3 2.898476 146175 40
CPU16 31.407766 146139 strsm strsm CUDA3 1.997544 146179 40
CPU2 32.414874 146143 strsm strsm CUDA3 0.212034 146183 40
CPU0 32.478994 146147 strsm strsm CUDA3 1.552203 146187 40
CPU7 32.480211 146151 strsm strsm CUDA1 2.196078 146191 40
CPU14 32.027292 146155 strsm strsm CUDA1 2.146424 146195 40
CPU14 31.937269 146159 strsm strsm CUDA0 0.168258 146199 40
CPU4 32.236015 146163 strsm strsm CUDA2 0.473838 146203 40
CPU5 31.757072 146167 strsm strsm CUDA1 1.622893 146207 40
CPU2 32.090086 146171 strsm strsm CUDA0 2.621425 146211 40
CPU8 32.102360 146175 strsm strsm CUDA0 15.335763 146215 40
CPU17 31.911078 146179 strsm strsm CUDA1 14.099128 146219 40
CPU14 31.824323 146183 strsm strsm CUDA1 0.454903 146223 40
CPU18 32.542961 146187 strsm strsm CUDA0 2.411871 146227 40
CPU18 31.678084 146191 strsm strsm CUDA2 3.122575 146231 40
CPU7 32.249429 146195 strsm strsm CUDA2 13.641801 146235 40
CPU14 32.466271 146199 strsm strsm CUDA0 6.770805 146239 40
CPU15 31.464399 146203 strsm strsm CUDA2 12.003844 146243 40
CPU2 31.975603 146207 strsm strsm CUDA2 0.470682 146247 40
CPU4 32.298824 146211 strsm strsm CUDA2 1.508425 146251 40
CPU1 31.962978 146215 strsm strsm CUDA1 1.658880 146255 40
CPU12 31.959105 146219 strsm strsm CUDA1 0.834606 146259 40
CPU1 32.109481 146223 strsm strsm CUDA1 0.394372 146263 40
CPU14 31.317363 146227 strsm strsm CUDA3 11.340036 146267 40
CPU16 31.887162 146231 strsm strsm CUDA1 0.173940 146271 40
CPU6 32.737865 146235 strsm strsm CUDA0 0.172497 146275 40
CPU9 32.153030 146239 strsm strsm CUDA3 3.009606 146279 40
CPU4 32.495108 146243 strsm strsm CUDA0 2.580696 146283 40
CPU18 31.281254 146247 strsm strsm CUDA2 3.141817 146287 40
CPU7 33.506667 146251 strsm strsm CUDA3 0.513697 146291 40
CPU16 31.472000 146255 strsm strsm CUDA2 0.055748 146295 40
CPU15 31.308637 146259 strsm strsm CUDA0 0.482110 146299 40
CPU19 32.465526 146263 strsm strsm CUDA3 3.016842 146303 40
CPU16 31.892567 146267 strsm strsm CUDA1 0.930390 146307 40
CPU12 14.996192 146271 strtri strtri CPU -1 146311 40
CPU18 30.551932 146273 strsm strsm CUDA1 2.732425 146313 40
CPU17 31.063451 146275 strsm strsm CUDA0 12.106087 146315 40
CPU18 30.773749 146277 strsm strsm CUDA3 2.901122 146317 40
CPU17 31.238580 146279 strsm strsm CUDA0 2.856693 146319 40
CPU18 30.442913 146281 strsm strsm CUDA1 0.060763 146321 40
CPU17 31.003607 146283 strsm strsm CUDA1 5.768926 146323 40
CPU17 31.199315 146285 strsm strsm CUDA2 2.938598 146325 40
CPU7 44.480254 146287 sgemm sgemm CUDA2 0.062994 146327 40
CPU2 44.306326 146288 sgemm sgemm CUDA2 0.098812 146328 40
CPU14 44.855795 146289 sgemm sgemm CUDA2 12.473845 146329 40
CPU8 44.276049 146290 sgemm sgemm CUDA2 0.094100 146330 40
CPU2 44.370724 146291 sgemm sgemm CUDA2 11.954210 146331 40
CPU16 44.567288 146292 sgemm sgemm CUDA2 0.103326 146332 40
CPU15 44.269834 146293 sgemm sgemm CUDA3 0.153545 146333 40
CPU17 44.582911 146294 sgemm sgemm CUDA3 1.307188 146334 40
CPU15 44.470694 146295 sgemm sgemm CUDA3 1.241690 146335 40
CPU0 45.026503 146296 sgemm sgemm CUDA3 1.245482 146336 40
CPU7 44.396154 146297 sgemm sgemm CUDA3 1.045636 146337 40
CPU4 44.513016 146298 sgemm sgemm CUDA2 11.707971 146338 40
CPU15 44.637512 146299 sgemm sgemm CUDA3 1.257291 146339 40
CPU14 44.994690 146300 sgemm sgemm CUDA0 0.619306 146340 40
CPU4 44.387503 146301 sgemm sgemm CUDA2 0.095785 146341 40
CPU9 44.148853 146302 sgemm sgemm CUDA1 12.231554 146342 40
CPU8 44.278066 146303 sgemm sgemm CUDA0 1.383358 146343 40
CPU9 44.263778 146304 sgemm sgemm CUDA0 1.078168 146344 40
CPU17 44.621664 146305 sgemm sgemm CUDA3 1.235554 146345 40
CPU16 44.607892 146306 sgemm sgemm CUDA1 0.097918 146346 40
CPU10 44.389883 146307 sgemm sgemm CUDA0 0.152124 146347 40
CPU16 44.616205 146308 sgemm sgemm CUDA2 3.748999 146348 40
CPU8 44.313217 146309 sgemm sgemm CUDA0 11.723755 146349 40
CPU12 44.701984 146310 sgemm sgemm CUDA0 0.081739 146350 40
CPU14 44.538088 146311 sgemm sgemm CUDA2 0.086243 146351 40
CPU6 44.465076 146312 sgemm sgemm CUDA0 13.078326 146352 40
CPU2 44.386104 146313 sgemm sgemm CUDA0 0.090988 146353 40
CPU2 44.187600 146314 sgemm sgemm CUDA1 11.975615 146354 40
CPU14 44.509457 146315 sgemm sgemm CUDA1 0.096550 146355 40
CPU4 44.540654 146316 sgemm sgemm CUDA1 11.689816 146356 40
CPU15 44.605563 146317 sgemm sgemm CUDA2 19.765746 146357 40
CPU5 44.330283 146318 sgemm sgemm CUDA0 4.888017 146358 40
CPU5 44.367432 146319 sgemm sgemm CUDA2 0.081465 146359 40
CPU2 44.180964 146320 sgemm sgemm CUDA3 0.157966 146360 40
CPU5 44.301782 146321 sgemm sgemm CUDA3 11.649583 146361 40
CPU12 44.359229 146322 sgemm sgemm CUDA1 0.276749 146362 40
CPU0 45.005877 146323 sgemm sgemm CUDA3 0.081858 146363 40
CPU1 44.090450 146324 sgemm sgemm CUDA0 0.061751 146364 40
CPU19 44.764207 146325 sgemm sgemm CUDA2 3.793737 146365 40
CPU1 44.723715 146326 sgemm sgemm CUDA3 11.865547 146366 40
CPU5 44.414420 146327 sgemm sgemm CUDA3 0.267989 146367 40
CPU3 44.670767 146328 sgemm sgemm CUDA2 0.302660 146368 40
CPU0 44.645483 146332 sgemm sgemm CUDA2 1.336373 146372 40
CPU4 44.266120 146333 sgemm sgemm CUDA2 1.060999 146373 40
CPU14 44.899541 146334 sgemm sgemm CUDA2 1.254689 146374 40
CPU5 43.912060 146335 sgemm sgemm CUDA2 1.249619 146375 40
CPU5 44.155516 146336 sgemm sgemm CUDA2 1.066514 146376 40
CPU16 44.487476 146337 sgemm sgemm CUDA2 1.259336 146377 40
CPU15 44.230198 146338 sgemm sgemm CUDA3 13.304963 146378 40
CPU16 44.525964 146339 sgemm sgemm CUDA3 0.157884 146379 40
CPU15 44.362659 146340 sgemm sgemm CUDA3 1.334640 146380 40
CPU2 44.936208 146341 sgemm sgemm CUDA3 1.257533 146381 40
CPU5 44.387955 146342 sgemm sgemm CUDA3 1.258183 146382 40
CPU6 44.447799 146343 sgemm sgemm CUDA2 1.254193 146383 40
CPU14 44.273150 146344 sgemm sgemm CUDA3 1.259864 146384 40
CPU14 44.759529 146345 sgemm sgemm CUDA0 11.906864 146385 40
CPU6 44.291101 146346 sgemm sgemm CUDA2 1.255291 146386 40
CPU7 44.275135 146347 sgemm sgemm CUDA1 1.222075 146387 40
CPU8 44.391232 146348 sgemm sgemm CUDA1 1.256549 146388 40
CPU0 44.731439 146349 sgemm sgemm CUDA0 0.082205 146389 40
CPU18 44.368985 146350 sgemm sgemm CUDA3 1.069669 146390 40
CPU15 44.364004 146351 sgemm sgemm CUDA1 1.254306 146391 40
CPU5 44.384683 146352 sgemm sgemm CUDA0 1.333526 146392 40
CPU14 45.041922 146353 sgemm sgemm CUDA3 1.067494 146393 40
CPU1 44.257472 146354 sgemm sgemm CUDA0 1.071431 146394 40
CPU7 44.424287 146355 sgemm sgemm CUDA0 1.261827 146395 40
CPU15 44.500152 146356 sgemm sgemm CUDA2 12.683714 146396 40
CPU7 44.445170 146357 sgemm sgemm CUDA0 1.067606 146397 40
CPU4 44.301228 146358 sgemm sgemm CUDA0 1.068184 146398 40
CPU8 44.688279 146359 sgemm sgemm CUDA1 1.066905 146399 40
CPU14 44.608142 146360 sgemm sgemm CUDA1 1.069065 146400 40
CPU3 44.582020 146361 sgemm sgemm CUDA1 1.253965 146401 40
CPU16 44.325607 146362 sgemm sgemm CUDA3 1.262255 146402 40
CPU1 44.344229 146363 sgemm sgemm CUDA0 1.257725 146403 40
CPU0 44.888510 146364 sgemm sgemm CUDA2 0.044780 146404 40
CPU0 44.491491 146365 sgemm sgemm CUDA3 1.060800 146405 40
CPU3 44.395199 146366 sgemm sgemm CUDA3 1.070260 146406 40
CPU19 44.395878 146367 sgemm sgemm CUDA1 1.063204 146407 40
CPU6 44.707856 146368 sgemm sgemm CUDA3 1.067753 146408 40
CPU2 44.280083 146369 sgemm sgemm CUDA2 1.300799 146409 40
CPU11 44.283880 146370 sgemm sgemm CUDA2 2.125371 146410 40
CPU16 44.225134 146371 sgemm sgemm CUDA3 1.260194 146411 40
CPU5 44.432332 146372 sgemm sgemm CUDA3 1.071492 146412 40
CPU17 44.773903 146373 sgemm sgemm CUDA1 1.256428 146413 40
CPU5 44.263725 146377 sgemm sgemm CUDA2 1.337366 146417 40
CPU1 44.409587 146378 sgemm sgemm CUDA2 1.437285 146418 40
CPU14 44.743789 146379 sgemm sgemm CUDA2 1.061300 146419 40
CPU2 44.273723 146380 sgemm sgemm CUDA2 0.056442 146420 40
CPU8 44.226129 146381 sgemm sgemm CUDA2 1.404737 146421 40
CPU16 44.603865 146382 sgemm sgemm CUDA3 0.052656 146422 40
CPU15 44.320306 146383 sgemm sgemm CUDA1 0.101415 146423 40
CPU17 44.626521 146384 sgemm sgemm CUDA3 1.413459 146424 40
CPU15 44.425239 146385 sgemm sgemm CUDA3 8.001445 146425 40
CPU0 44.653727 146386 sgemm sgemm CUDA3 1.270220 146426 40
CPU8 44.368065 146387 sgemm sgemm CUDA3 1.196364 146427 40
CPU6 44.222386 146388 sgemm sgemm CUDA2 1.073238 146428 40
CPU15 44.543820 146389 sgemm sgemm CUDA3 0.998852 146429 40
CPU14 44.873316 146390 sgemm sgemm CUDA0 0.049188 146430 40
CPU0 44.567313 146391 sgemm sgemm CUDA2 1.264603 146431 40
CPU6 44.411501 146392 sgemm sgemm CUDA1 1.237021 146432 40
CPU4 44.076830 146393 sgemm sgemm CUDA1 1.006317 146433 40
CPU7 44.361524 146394 sgemm sgemm CUDA0 1.078855 146434 40
CPU17 44.834399 146395 sgemm sgemm CUDA3 1.262552 146435 40
CPU16 44.669188 146396 sgemm sgemm CUDA1 1.019192 146436 40
CPU9 44.066838 146397 sgemm sgemm CUDA0 1.006602 146437 40
CPU17 44.932092 146398 sgemm sgemm CUDA2 3.490159 146438 40
CPU6 44.427768 146399 sgemm sgemm CUDA0 0.044657 146439 40
CPU2 44.366315 146400 sgemm sgemm CUDA0 1.220451 146440 40
CPU15 44.539633 146401 sgemm sgemm CUDA2 11.842401 146441 40
CPU9 44.262186 146402 sgemm sgemm CUDA0 0.049918 146442 40
CPU3 44.366773 146403 sgemm sgemm CUDA0 1.088548 146443 40
CPU4 44.589511 146404 sgemm sgemm CUDA1 1.271603 146444 40
CPU2 44.322304 146405 sgemm sgemm CUDA1 14.478879 146445 40
CPU2 44.615637 146406 sgemm sgemm CUDA1 0.051477 146446 40
CPU14 44.431750 146407 sgemm sgemm CUDA3 11.919133 146447 40
CPU16 44.749423 146408 sgemm sgemm CUDA0 1.070768 146448 40
CPU7 44.630815 146409 sgemm sgemm CUDA2 0.053188 146449 40
CPU1 44.214747 146410 sgemm sgemm CUDA3 0.063095 146450 40
CPU4 44.283649 146411 sgemm sgemm CUDA3 1.381829 146451 40
CPU17 44.242394 146412 sgemm sgemm CUDA1 1.233590 146452 40
CPU7 44.733307 146413 sgemm sgemm CUDA3 1.194510 146453 40
CPU16 44.890931 146414 sgemm sgemm CUDA2 1.258282 146454 40
CPU14 44.583856 146415 sgemm sgemm CUDA2 1.203237 146455 40
CPU19 44.470136 146416 sgemm sgemm CUDA3 1.197295 146456 40
CPU16 44.671184 146417 sgemm sgemm CUDA2 1.203513 146457 40
CPU9 44.416591 146418 sgemm sgemm CUDA2 1.011751 146458 40
CPU9 44.152233 146422 sgemm sgemm CUDA1 1.257176 146462 40
CPU4 44.345191 146423 sgemm sgemm CUDA3 1.070904 146463 40
CPU14 44.720358 146424 sgemm sgemm CUDA1 1.262195 146464 40
CPU1 44.121846 146425 sgemm sgemm CUDA2 1.258519 146465 40
CPU4 44.476253 146426 sgemm sgemm CUDA2 1.066123 146466 40
CPU16 44.701176 146427 sgemm sgemm CUDA2 1.067197 146467 40
CPU15 44.435270 146428 sgemm sgemm CUDA3 1.254737 146468 40
CPU17 44.623551 146429 sgemm sgemm CUDA3 1.258339 146469 40
CPU17 44.585484 146430 sgemm sgemm CUDA3 1.068790 146470 40
CPU2 44.525897 146431 sgemm sgemm CUDA3 1.253779 146471 40
CPU9 44.229238 146432 sgemm sgemm CUDA3 1.249637 146472 40
CPU6 44.246163 146433 sgemm sgemm CUDA1 1.066774 146473 40
CPU14 44.855532 146434 sgemm sgemm CUDA3 1.062190 146474 40
CPU14 44.694743 146435 sgemm sgemm CUDA1 1.251318 146475 40
CPU6 44.429142 146436 sgemm sgemm CUDA2 1.257034 146476 40
CPU3 44.191073 146437 sgemm sgemm CUDA1 1.258849 146477 40
CPU8 44.148969 146438 sgemm sgemm CUDA1 1.259591 146478 40
CPU0 44.738777 146439 sgemm sgemm CUDA0 1.069540 146479 40
CPU17 44.697016 146440 sgemm sgemm CUDA1 1.252262 146480 40
CPU14 44.627221 146441 sgemm sgemm CUDA1 1.067383 146481 40
CPU6 44.263796 146442 sgemm sgemm CUDA1 1.066549 146482 40
CPU18 44.703088 146443 sgemm sgemm CUDA3 1.068521 146483 40
CPU6 44.296814 146444 sgemm sgemm CUDA0 1.069088 146484 40
CPU0 44.537081 146445 sgemm sgemm CUDA0 1.074864 146485 40
CPU15 44.543395 146446 sgemm sgemm CUDA2 12.761291 146486 40
CPU6 44.175837 146447 sgemm sgemm CUDA0 1.257485 146487 40
CPU9 44.239417 146448 sgemm sgemm CUDA0 1.069055 146488 40
CPU6 44.584761 146449 sgemm sgemm CUDA1 1.262040 146489 40
CPU16 44.457100 146450 sgemm sgemm CUDA1 1.262388 146490 40
CPU5 44.524376 146451 sgemm sgemm CUDA1 1.065309 146491 40
CPU14 44.543488 146452 sgemm sgemm CUDA3 1.065478 146492 40
CPU5 44.237588 146453 sgemm sgemm CUDA0 1.072610 146493 40
CPU2 44.371619 146454 sgemm sgemm CUDA2 0.051553 146494 40
CPU8 44.343902 146455 sgemm sgemm CUDA3 1.258206 146495 40
CPU7 44.349038 146456 sgemm sgemm CUDA3 13.142280 146496 40
CPU16 44.134464 146457 sgemm sgemm CUDA1 0.047348 146497 40
CPU0 44.855291 146458 sgemm sgemm CUDA3 0.049088 146498 40
CPU7 44.414835 146459 sgemm sgemm CUDA2 1.314820 146499 40
CPU16 44.665065 146460 sgemm sgemm CUDA2 1.067603 146500 40
CPU8 44.387073 146461 sgemm sgemm CUDA3 11.931186 146501 40
CPU19 44.868210 146462 sgemm sgemm CUDA3 1.315739 146502 40
CPU15 44.206711 146463 sgemm sgemm CUDA1 1.319351 146503 40
CPU8 44.407913 146467 sgemm sgemm CUDA1 1.264414 146507 40
CPU2 44.461455 146468 sgemm sgemm CUDA1 1.076221 146508 40
CPU14 44.773576 146469 sgemm sgemm CUDA1 1.258087 146509 40
CPU0 44.762841 146470 sgemm sgemm CUDA2 0.993189 146510 40
CPU7 44.595060 146471 sgemm sgemm CUDA2 1.073292 146511 40
CPU16 44.325577 146472 sgemm sgemm CUDA2 1.245733 146512 40
CPU15 44.501923 146473 sgemm sgemm CUDA3 1.264515 146513 40
CPU17 44.611354 146474 sgemm sgemm CUDA2 1.255256 146514 40
CPU16 44.562392 146475 sgemm sgemm CUDA3 1.247888 146515 40
CPU7 44.794000 146476 sgemm sgemm CUDA3 1.067370 146516 40
CPU1 43.945595 146477 sgemm sgemm CUDA3 1.257255 146517 40
CPU6 44.759241 146478 sgemm sgemm CUDA2 1.260395 146518 40
CPU15 44.424017 146479 sgemm sgemm CUDA1 1.256937 146519 40
CPU14 44.654786 146480 sgemm sgemm CUDA2 1.261105 146520 40
CPU7 44.433933 146481 sgemm sgemm CUDA2 1.261365 146521 40
CPU5 44.310717 146482 sgemm sgemm CUDA1 1.256603 146522 40
CPU9 44.394515 146483 sgemm sgemm CUDA1 1.066880 146523 40
CPU2 44.051211 146484 sgemm sgemm CUDA0 1.243031 146524 40
CPU17 44.577539 146485 sgemm sgemm CUDA3 1.261701 146525 40
CPU15 44.367334 146486 sgemm sgemm CUDA1 1.260264 146526 40
CPU8 44.260774 146487 sgemm sgemm CUDA0 1.268481 146527 40
CPU18 44.477381 146488 sgemm sgemm CUDA3 1.066908 146528 40
CPU9 44.409172 146489 sgemm sgemm CUDA0 1.066767 146529 40
CPU14 44.713895 146490 sgemm sgemm CUDA0 1.069469 146530 40
CPU14 44.583964 146491 sgemm sgemm CUDA2 1.260365 146531 40
CPU8 44.394182 146492 sgemm sgemm CUDA0 1.256328 146532 40
CPU6 44.529856 146493 sgemm sgemm CUDA0 1.257867 146533 40
CPU9 44.435268 146494 sgemm sgemm CUDA1 1.073575 146534 40
CPU14 44.651111 146495 sgemm sgemm CUDA1 1.068655 146535 40
CPU4 44.423699 146496 sgemm sgemm CUDA1 1.254763 146536 40
CPU15 44.322187 146497 sgemm sgemm CUDA3 1.064881 146537 40
CPU9 44.288375 146498 sgemm sgemm CUDA0 1.257443 146538 40
CPU1 44.701919 146499 sgemm sgemm CUDA2 1.257329 146539 40
CPU0 44.551447 146500 sgemm sgemm CUDA3 1.067991 146540 40
CPU9 44.349223 146501 sgemm sgemm CUDA0 1.257282 146541 40
CPU15 44.328447 146502 sgemm sgemm CUDA2 1.260549 146542 40
CPU2 44.584938 146503 sgemm sgemm CUDA3 1.260295 146543 40
CPU9 44.195591 146504 sgemm sgemm CUDA2 1.258730 146544 40
CPU6 44.553706 146505 sgemm sgemm CUDA0 1.070611 146545 40
CPU6 44.970401 146506 sgemm sgemm CUDA0 1.058380 146546 40
CPU6 44.680000 146507 sgemm sgemm CUDA3 1.253841 146547 40
CPU6 44.889166 146508 sgemm sgemm CUDA2 1.065377 146548 40
CPU3 44.407787 146512 sgemm sgemm CUDA1 1.377197 146552 40
CPU4 44.213079 146513 sgemm sgemm CUDA1 1.066277 146553 40
CPU14 44.825666 146514 sgemm sgemm CUDA2 10.113569 146554 40
CPU6 44.467403 146515 sgemm sgemm CUDA2 0.058732 146555 40
CPU0 44.566849 146516 sgemm sgemm CUDA2 1.316900 146556 40
CPU14 44.681338 146517 sgemm sgemm CUDA0 1.251579 146557 40
CPU15 44.375078 146518 sgemm sgemm CUDA3 1.059484 146558 40
CPU16 44.547285 146519 sgemm sgemm CUDA3 3.661778 146559 40
CPU17 44.650502 146520 sgemm sgemm CUDA3 0.050200 146560 40
CPU2 44.566635 146521 sgemm sgemm CUDA3 1.283973 146561 40
CPU4 44.607366 146522 sgemm sgemm CUDA3 1.261798 146562 40
CPU5 44.267382 146523 sgemm sgemm CUDA2 1.065655 146563 40
CPU14 44.148066 146524 sgemm sgemm CUDA3 9.342959 146564 40
CPU14 44.799596 146525 sgemm sgemm CUDA1 1.254106 146565 40
CPU4 44.465422 146526 sgemm sgemm CUDA2 1.000379 146566 40
CPU5 44.221686 146527 sgemm sgemm CUDA1 1.067967 146567 40
CPU2 44.340168 146528 sgemm sgemm CUDA0 1.274776 146568 40
CPU7 44.504676 146529 sgemm sgemm CUDA0 1.254821 146569 40
CPU18 44.469604 146530 sgemm sgemm CUDA1 1.068384 146570 40
CPU15 44.486763 146531 sgemm sgemm CUDA1 3.253046 146571 40
CPU4 44.384533 146532 sgemm sgemm CUDA0 1.068355 146572 40
CPU14 44.983804 146533 sgemm sgemm CUDA3 0.045220 146573 40
CPU7 44.682483 146534 sgemm sgemm CUDA3 1.321444 146574 40
CPU5 44.475363 146535 sgemm sgemm CUDA0 15.662875 146575 40
CPU15 44.684229 146536 sgemm sgemm CUDA3 1.071310 146576 40
CPU7 44.383357 146537 sgemm sgemm CUDA0 0.051967 146577 40
CPU5 44.312499 146538 sgemm sgemm CUDA2 1.261344 146578 40
CPU9 44.404203 146539 sgemm sgemm CUDA1 0.049539 146579 40
CPU14 44.683703 146540 sgemm sgemm CUDA1 1.264087 146580 40
CPU4 44.670819 146541 sgemm sgemm CUDA1 1.074769 146581 40
CPU16 44.497881 146542 sgemm sgemm CUDA3 1.255896 146582 40
CPU11 44.480617 146543 sgemm sgemm CUDA0 1.307367 146583 40
CPU3 44.353046 146544 sgemm sgemm CUDA2 1.069081 146584 40
CPU9 44.446000 146545 sgemm sgemm CUDA3 1.259136 146585 40
CPU0 44.780582 146546 sgemm sgemm CUDA3 1.262381 146586 40
CPU12 44.520064 146547 sgemm sgemm CUDA2 1.257843 146587 40
CPU7 44.617294 146548 sgemm sgemm CUDA1 1.256385 146588 40
CPU0 44.746565 146549 sgemm sgemm CUDA0 1.065237 146589 40
CPU14 44.818328 146550 sgemm sgemm CUDA0 1.255656 146590 40
CPU10 44.402163 146551 sgemm sgemm CUDA3 1.072835 146591 40
CPU1 44.166188 146552 sgemm sgemm CUDA1 0.045617 146592 40
CPU1 45.665562 146553 sgemm sgemm CUDA2 1.259564 146593 40
CPU2 44.220752 146557 sgemm sgemm CUDA2 1.256804 146597 40
CPU5 44.240044 146558 sgemm sgemm CUDA2 1.009493 146598 40
CPU14 44.699923 146559 sgemm sgemm CUDA2 1.194733 146599 40
CPU0 44.522032 146560 sgemm sgemm CUDA2 1.197217 146600 40
CPU6 44.156739 146561 sgemm sgemm CUDA2 1.198964 146601 40
CPU16 44.688127 146562 sgemm sgemm CUDA0 1.258648 146602 40
CPU15 44.701208 146563 sgemm sgemm CUDA0 1.194349 146603 40
CPU17 44.859554 146564 sgemm sgemm CUDA3 1.071381 146604 40
CPU16 44.786449 146565 sgemm sgemm CUDA3 1.014347 146605 40
CPU0 44.480005 146566 sgemm sgemm CUDA3 1.202911 146606 40
CPU2 43.839227 146567 sgemm sgemm CUDA3 1.007645 146607 40
CPU3 44.058122 146568 sgemm sgemm CUDA1 1.316435 146608 40
CPU15 44.634173 146569 sgemm sgemm CUDA1 1.061244 146609 40
CPU14 44.953083 146570 sgemm sgemm CUDA1 1.009595 146610 40
CPU2 43.955360 146571 sgemm sgemm CUDA2 1.010002 146611 40
CPU2 44.181340 146572 sgemm sgemm CUDA1 1.011422 146612 40
CPU4 44.300364 146573 sgemm sgemm CUDA0 1.007065 146613 40
CPU0 44.504266 146574 sgemm sgemm CUDA0 1.008114 146614 40
CPU18 44.764381 146575 sgemm sgemm CUDA3 0.043413 146615 40
CPU14 44.791121 146576 sgemm sgemm CUDA1 1.196783 146616 40
CPU18 44.784231 146577 sgemm sgemm CUDA1 1.202530 146617 40
CPU18 44.703684 146578 sgemm sgemm CUDA3 1.318013 146618 40
CPU2 43.926879 146579 sgemm sgemm CUDA0 1.201232 146619 40
CPU9 44.058185 146580 sgemm sgemm CUDA0 1.007192 146620 40
CPU14 44.835778 146581 sgemm sgemm CUDA3 1.016713 146621 40
CPU0 44.289118 146582 sgemm sgemm CUDA0 1.193578 146622 40
CPU0 44.261179 146583 sgemm sgemm CUDA2 8.164773 146623 40
CPU7 44.091027 146584 sgemm sgemm CUDA1 1.008596 146624 40
CPU15 44.622271 146585 sgemm sgemm CUDA1 1.202185 146625 40
CPU5 44.316508 146586 sgemm sgemm CUDA1 1.005256 146626 40
CPU15 44.596085 146587 sgemm sgemm CUDA3 1.202652 146627 40
CPU4 44.419089 146588 sgemm sgemm CUDA0 1.196279 146628 40
CPU0 44.699540 146589 sgemm sgemm CUDA2 0.044196 146629 40
CPU0 44.497932 146590 sgemm sgemm CUDA3 1.200677 146630 40
CPU4 44.391025 146591 sgemm sgemm CUDA0 1.195201 146631 40
CPU11 44.457720 146592 sgemm sgemm CUDA1 1.008277 146632 40
CPU4 44.005881 146593 sgemm sgemm CUDA1 12.190183 146633 40
CPU8 44.020297 146594 sgemm sgemm CUDA0 1.009362 146634 40
CPU18 44.631658 146595 sgemm sgemm CUDA0 1.198032 146635 40
CPU9 44.054640 146596 sgemm sgemm CUDA3 1.015228 146636 40
CPU3 44.131391 146597 sgemm sgemm CUDA2 1.208928 146637 40
CPU3 44.216627 146598 sgemm sgemm CUDA3 1.198548 146638 40
CPU2 31.705223 146604 strsm strsm CUDA2 16.650252 146644 40
CPU3 31.637860 146608 strsm strsm CUDA2 2.176929 146648 40
CPU14 32.242125 146612 strsm strsm CUDA1 8.446431 146652 40
CPU6 31.728175 146616 strsm strsm CUDA2 1.430771 146656 40
CPU6 31.783008 146620 strsm strsm CUDA2 1.250270 146660 40
CPU16 32.003627 146624 strsm strsm CUDA2 2.704312 146664 40
CPU15 31.589296 146628 strsm strsm CUDA0 2.702400 146668 40
CPU17 32.137175 146632 strsm strsm CUDA2 2.538748 146672 40
CPU16 31.967402 146636 strsm strsm CUDA3 1.324801 146676 40
CPU0 32.454164 146640 strsm strsm CUDA3 1.145410 146680 40
CPU4 32.059102 146644 strsm strsm CUDA3 0.328838 146684 40
CPU5 31.246079 146648 strsm strsm CUDA1 2.803505 146688 40
CPU14 32.469767 146652 strsm strsm CUDA1 0.166634 146692 40
CPU14 32.490922 146656 strsm strsm CUDA0 2.729133 146696 40
CPU4 31.649591 146660 strsm strsm CUDA2 0.297204 146700 40
CPU5 31.273326 146664 strsm strsm CUDA3 2.830928 146704 40
CPU4 31.592442 146668 strsm strsm CUDA1 5.488189 146708 40
CPU0 31.759922 146672 strsm strsm CUDA0 0.173197 146712 40
CPU17 32.351304 146676 strsm strsm CUDA1 1.994625 146716 40
CPU14 32.326373 146680 strsm strsm CUDA1 2.646876 146720 40
CPU18 33.576444 146684 strsm strsm CUDA0 15.933702 146724 40
CPU18 32.019342 146688 strsm strsm CUDA2 0.650414 146728 40
CPU6 31.807860 146692 strsm strsm CUDA3 1.232992 146732 40
CPU14 32.680349 146696 strsm strsm CUDA0 7.815506 146736 40
CPU15 32.032271 146700 strsm strsm CUDA3 0.603457 146740 40
CPU7 31.727029 146704 strsm strsm CUDA0 0.423690 146744 40
CPU3 31.242860 146708 strsm strsm CUDA0 11.704502 146748 40
CPU7 31.684657 146712 strsm strsm CUDA3 0.775082 146752 40
CPU2 31.481328 146716 strsm strsm CUDA3 1.835607 146756 40
CPU5 32.116482 146720 strsm strsm CUDA1 0.174687 146760 40
CPU16 31.959355 146724 strsm strsm CUDA2 0.332816 146764 40
CPU16 32.351989 146728 strsm strsm CUDA0 1.946666 146768 40
CPU1 32.144077 146732 strsm strsm CUDA1 1.651284 146772 40
CPU0 31.793009 146736 strsm strsm CUDA3 0.511672 146776 40
CPU4 31.862931 146740 strsm strsm CUDA0 1.875457 146780 40
CPU17 31.826198 146744 strsm strsm CUDA2 1.899269 146784 40
CPU1 32.128522 146748 strsm strsm CUDA1 0.542685 146788 40
CPU16 31.910865 146752 strsm strsm CUDA2 0.514570 146792 40
CPU14 32.099639 146756 strsm strsm CUDA0 0.543819 146796 40
CPU6 33.296117 146760 strsm strsm CUDA3 0.066003 146800 40
CPU15 32.918665 146764 strsm strsm CUDA3 0.366284 146804 40
CPU9 32.208264 146768 strsm strsm CUDA1 13.153066 146808 40
CPU9 14.695929 146772 strtri strtri CPU -1 146812 40
CPU16 30.410335 146774 strsm strsm CUDA1 2.725801 146814 40
CPU16 30.543965 146776 strsm strsm CUDA1 4.055811 146816 40
CPU16 30.383602 146778 strsm strsm CUDA0 2.896509 146818 40
CPU16 30.393849 146780 strsm strsm CUDA0 2.668817 146820 40
CPU16 30.526919 146782 strsm strsm CUDA1 2.728515 146822 40
CPU15 30.538480 146784 strsm strsm CUDA1 0.063836 146824 40
CPU7 44.505211 146786 sgemm sgemm CUDA2 1.373806 146826 40
CPU3 44.320982 146787 sgemm sgemm CUDA1 1.239749 146827 40
CPU14 44.431901 146788 sgemm sgemm CUDA2 1.038929 146828 40
CPU5 44.173949 146789 sgemm sgemm CUDA2 1.234133 146829 40
CPU5 44.438149 146790 sgemm sgemm CUDA3 1.197872 146830 40
CPU16 44.337151 146791 sgemm sgemm CUDA2 1.049200 146831 40
CPU15 44.372219 146792 sgemm sgemm CUDA3 3.845473 146832 40
CPU16 44.202020 146793 sgemm sgemm CUDA3 0.074390 146833 40
CPU15 44.350997 146794 sgemm sgemm CUDA3 1.236433 146834 40
CPU2 44.714924 146795 sgemm sgemm CUDA3 1.239856 146835 40
CPU7 44.385227 146796 sgemm sgemm CUDA3 9.270644 146836 40
CPU4 44.902089 146797 sgemm sgemm CUDA2 1.043921 146837 40
CPU14 44.544673 146798 sgemm sgemm CUDA1 1.240999 146838 40
CPU14 44.468658 146799 sgemm sgemm CUDA0 1.307167 146839 40
CPU6 44.497831 146800 sgemm sgemm CUDA0 1.242248 146840 40
CPU9 44.224436 146801 sgemm sgemm CUDA1 1.454432 146841 40
CPU8 44.459208 146802 sgemm sgemm CUDA1 1.058111 146842 40
CPU9 44.571162 146803 sgemm sgemm CUDA0 1.243349 146843 40
CPU18 44.326270 146804 sgemm sgemm CUDA3 0.067386 146844 40
CPU16 44.201204 146805 sgemm sgemm CUDA1 4.154571 146845 40
CPU5 44.752164 146806 sgemm sgemm CUDA0 3.809890 146846 40
CPU16 44.560255 146807 sgemm sgemm CUDA0 0.069044 146847 40
CPU1 44.537468 146808 sgemm sgemm CUDA0 1.261749 146848 40
CPU12 44.605911 146809 sgemm sgemm CUDA0 1.235465 146849 40
CPU14 44.362839 146810 sgemm sgemm CUDA2 0.073566 146850 40
CPU1 44.651823 146811 sgemm sgemm CUDA0 9.260709 146851 40
CPU4 44.733019 146812 sgemm sgemm CUDA0 0.064524 146852 40
CPU2 44.574807 146813 sgemm sgemm CUDA1 0.069398 146853 40
CPU14 44.332204 146814 sgemm sgemm CUDA1 1.250375 146854 40
CPU3 44.485663 146815 sgemm sgemm CUDA1 1.043750 146855 40
CPU15 44.368356 146816 sgemm sgemm CUDA2 1.234375 146856 40
CPU1 44.627766 146817 sgemm sgemm CUDA0 1.297613 146857 40
CPU5 44.351850 146818 sgemm sgemm CUDA2 1.235302 146858 40
CPU2 44.280866 146819 sgemm sgemm CUDA3 1.291233 146859 40
CPU5 44.338110 146820 sgemm sgemm CUDA3 1.232764 146860 40
CPU19 44.398500 146821 sgemm sgemm CUDA1 9.467118 146861 40
CPU6 44.897329 146822 sgemm sgemm CUDA3 1.068266 146862 40
CPU2 44.380440 146823 sgemm sgemm CUDA2 9.283872 146863 40
CPU11 44.312502 146824 sgemm sgemm CUDA2 0.205999 146864 40
CPU16 44.134220 146825 sgemm sgemm CUDA3 1.064272 146865 40
CPU5 44.700167 146826 sgemm sgemm CUDA3 1.242135 146866 40
CPU17 44.661257 146827 sgemm sgemm CUDA1 0.050849 146867 40
CPU5 44.679574 146828 sgemm sgemm CUDA0 1.045854 146868 40
CPU5 44.598280 146832 sgemm sgemm CUDA2 1.063156 146872 40
CPU1 44.567068 146833 sgemm sgemm CUDA2 1.260162 146873 40
CPU14 44.315991 146834 sgemm sgemm CUDA2 1.067189 146874 40
CPU8 44.584024 146835 sgemm sgemm CUDA2 1.256635 146875 40
CPU8 44.735465 146836 sgemm sgemm CUDA2 1.066346 146876 40
CPU16 44.304384 146837 sgemm sgemm CUDA1 1.059962 146877 40
CPU15 44.341844 146838 sgemm sgemm CUDA1 1.069209 146878 40
CPU17 44.293217 146839 sgemm sgemm CUDA3 1.259810 146879 40
CPU15 44.191254 146840 sgemm sgemm CUDA3 1.067579 146880 40
CPU0 44.977825 146841 sgemm sgemm CUDA3 1.253188 146881 40
CPU8 44.591265 146842 sgemm sgemm CUDA3 1.067112 146882 40
CPU5 44.657448 146843 sgemm sgemm CUDA2 1.260320 146883 40
CPU15 44.490507 146844 sgemm sgemm CUDA3 0.038854 146884 40
CPU14 44.734279 146845 sgemm sgemm CUDA0 1.067475 146885 40
CPU0 44.690205 146846 sgemm sgemm CUDA2 1.263005 146886 40
CPU6 44.714678 146847 sgemm sgemm CUDA1 12.875174 146887 40
CPU8 44.322399 146848 sgemm sgemm CUDA1 1.258131 146888 40
CPU9 44.558152 146849 sgemm sgemm CUDA0 1.061453 146889 40
CPU17 44.647704 146850 sgemm sgemm CUDA3 1.253411 146890 40
CPU16 44.339003 146851 sgemm sgemm CUDA1 1.068973 146891 40
CPU10 44.663874 146852 sgemm sgemm CUDA0 1.061691 146892 40
CPU16 44.661297 146853 sgemm sgemm CUDA2 1.073932 146893 40
CPU8 44.639592 146854 sgemm sgemm CUDA0 1.067996 146894 40
CPU16 44.417798 146855 sgemm sgemm CUDA0 1.256738 146895 40
CPU14 44.306285 146856 sgemm sgemm CUDA2 1.261358 146896 40
CPU9 44.673906 146857 sgemm sgemm CUDA0 12.243964 146897 40
CPU4 44.753853 146858 sgemm sgemm CUDA0 1.064590 146898 40
CPU2 44.435197 146859 sgemm sgemm CUDA1 1.063949 146899 40
CPU1 44.057204 146860 sgemm sgemm CUDA1 1.254800 146900 40
CPU2 44.622063 146861 sgemm sgemm CUDA1 1.068164 146901 40
CPU15 44.498929 146862 sgemm sgemm CUDA2 1.257124 146902 40
CPU16 44.375024 146863 sgemm sgemm CUDA0 1.008823 146903 40
CPU6 44.945972 146864 sgemm sgemm CUDA2 1.016843 146904 40
CPU1 44.519547 146865 sgemm sgemm CUDA3 1.255745 146905 40
CPU4 44.605051 146866 sgemm sgemm CUDA3 11.731738 146906 40
CPU17 44.469445 146867 sgemm sgemm CUDA1 0.048803 146907 40
CPU7 44.936303 146868 sgemm sgemm CUDA3 1.302542 146908 40
CPU16 44.660987 146869 sgemm sgemm CUDA2 1.078723 146909 40
CPU14 44.841827 146870 sgemm sgemm CUDA2 1.055626 146910 40
CPU19 44.298592 146871 sgemm sgemm CUDA3 1.294887 146911 40
CPU14 44.607866 146872 sgemm sgemm CUDA3 1.070609 146912 40
CPU4 44.888134 146873 sgemm sgemm CUDA2 1.261360 146913 40
CPU9 44.517281 146874 sgemm sgemm CUDA1 1.203118 146914 40
CPU7 44.656874 146878 sgemm sgemm CUDA2 1.257404 146918 40
CPU1 44.199565 146879 sgemm sgemm CUDA3 1.267203 146919 40
CPU14 44.314254 146880 sgemm sgemm CUDA0 1.083097 146920 40
CPU1 44.562119 146881 sgemm sgemm CUDA2 1.241394 146921 40
CPU2 44.584964 146882 sgemm sgemm CUDA2 1.069000 146922 40
CPU16 44.432308 146883 sgemm sgemm CUDA2 1.063597 146923 40
CPU15 44.319648 146884 sgemm sgemm CUDA3 1.260863 146924 40
CPU17 44.369031 146885 sgemm sgemm CUDA3 1.245229 146925 40
CPU17 44.223456 146886 sgemm sgemm CUDA3 1.065950 146926 40
CPU9 44.374809 146887 sgemm sgemm CUDA3 1.064176 146927 40
CPU9 44.170642 146888 sgemm sgemm CUDA3 0.070397 146928 40
CPU6 44.805834 146889 sgemm sgemm CUDA0 1.078513 146929 40
CPU14 44.457686 146890 sgemm sgemm CUDA3 1.342076 146930 40
CPU14 44.426557 146891 sgemm sgemm CUDA0 1.264935 146931 40
CPU6 44.633733 146892 sgemm sgemm CUDA2 0.049630 146932 40
CPU9 44.455663 146893 sgemm sgemm CUDA1 1.303470 146933 40
CPU8 44.549471 146894 sgemm sgemm CUDA1 1.259049 146934 40
CPU8 44.675017 146895 sgemm sgemm CUDA0 1.188414 146935 40
CPU17 44.684602 146896 sgemm sgemm CUDA1 11.867349 146936 40
CPU14 44.295646 146897 sgemm sgemm CUDA1 1.069984 146937 40
CPU19 44.673959 146898 sgemm sgemm CUDA0 1.052851 146938 40
CPU18 44.230840 146899 sgemm sgemm CUDA0 1.251140 146939 40
CPU6 44.837472 146900 sgemm sgemm CUDA0 1.255159 146940 40
CPU11 44.505848 146901 sgemm sgemm CUDA0 0.070745 146941 40
CPU15 44.308911 146902 sgemm sgemm CUDA2 0.050324 146942 40
CPU6 44.603483 146903 sgemm sgemm CUDA0 1.243420 146943 40
CPU9 44.435057 146904 sgemm sgemm CUDA0 1.242759 146944 40
CPU2 44.740718 146905 sgemm sgemm CUDA1 1.069872 146945 40
CPU16 44.145241 146906 sgemm sgemm CUDA1 1.073645 146946 40
CPU5 44.801522 146907 sgemm sgemm CUDA1 1.066918 146947 40
CPU14 44.469267 146908 sgemm sgemm CUDA2 1.238532 146948 40
CPU5 44.629780 146909 sgemm sgemm CUDA0 0.059691 146949 40
CPU2 44.537125 146910 sgemm sgemm CUDA2 1.064898 146950 40
CPU8 44.976002 146911 sgemm sgemm CUDA3 1.053913 146951 40
CPU7 44.348106 146912 sgemm sgemm CUDA3 1.065629 146952 40
CPU16 44.358734 146913 sgemm sgemm CUDA1 1.068177 146953 40
CPU0 44.983088 146914 sgemm sgemm CUDA3 0.059212 146954 40
CPU7 44.474441 146915 sgemm sgemm CUDA2 5.721426 146955 40
CPU16 44.743934 146916 sgemm sgemm CUDA2 0.047403 146956 40
CPU8 44.632363 146917 sgemm sgemm CUDA3 1.064347 146957 40
CPU19 44.573449 146918 sgemm sgemm CUDA3 1.065443 146958 40
CPU15 44.339221 146919 sgemm sgemm CUDA1 18.859654 146959 40
CPU6 44.523499 146920 sgemm sgemm CUDA0 1.870653 146960 40
CPU8 44.545108 146924 sgemm sgemm CUDA0 1.346592 146964 40
CPU2 44.520368 146925 sgemm sgemm CUDA3 1.276143 146965 40
CPU14 44.282092 146926 sgemm sgemm CUDA0 1.066801 146966 40
CPU9 44.745632 146927 sgemm sgemm CUDA2 1.347969 146967 40
CPU3 45.008549 146928 sgemm sgemm CUDA2 9.537716 146968 40
CPU16 44.429287 146929 sgemm sgemm CUDA2 0.061542 146969 40
CPU15 44.375103 146930 sgemm sgemm CUDA3 1.363875 146970 40
CPU17 44.492169 146931 sgemm sgemm CUDA3 9.219580 146971 40
CPU15 44.356756 146932 sgemm sgemm CUDA3 0.045925 146972 40
CPU7 44.754489 146933 sgemm sgemm CUDA3 1.288705 146973 40
CPU1 43.973110 146934 sgemm sgemm CUDA3 1.074610 146974 40
CPU6 44.853070 146935 sgemm sgemm CUDA2 1.439173 146975 40
CPU14 44.456989 146936 sgemm sgemm CUDA1 1.348371 146976 40
CPU14 44.484826 146937 sgemm sgemm CUDA0 1.063485 146977 40
CPU7 44.527400 146938 sgemm sgemm CUDA2 1.062744 146978 40
CPU9 44.503199 146939 sgemm sgemm CUDA1 1.078131 146979 40
CPU9 44.647558 146940 sgemm sgemm CUDA1 9.495067 146980 40
CPU2 44.198926 146941 sgemm sgemm CUDA0 0.088869 146981 40
CPU17 44.500147 146942 sgemm sgemm CUDA3 1.065186 146982 40
CPU15 44.323153 146943 sgemm sgemm CUDA1 0.047990 146983 40
CPU8 44.807852 146944 sgemm sgemm CUDA0 1.252343 146984 40
CPU18 44.268246 146945 sgemm sgemm CUDA0 1.254206 146985 40
CPU9 44.681835 146946 sgemm sgemm CUDA0 1.076000 146986 40
CPU14 44.703857 146947 sgemm sgemm CUDA0 1.259556 146987 40
CPU14 44.386348 146948 sgemm sgemm CUDA2 1.260425 146988 40
CPU8 44.648537 146949 sgemm sgemm CUDA0 1.066255 146989 40
CPU6 44.827676 146950 sgemm sgemm CUDA3 1.068465 146990 40
CPU0 45.056459 146951 sgemm sgemm CUDA1 1.352285 146991 40
CPU14 44.533048 146952 sgemm sgemm CUDA1 1.260186 146992 40
CPU4 44.532671 146953 sgemm sgemm CUDA1 1.067649 146993 40
CPU15 44.396115 146954 sgemm sgemm CUDA2 1.251078 146994 40
CPU9 44.424419 146955 sgemm sgemm CUDA2 1.067081 146995 40
CPU1 44.454845 146956 sgemm sgemm CUDA2 1.070207 146996 40
CPU0 44.614178 146957 sgemm sgemm CUDA3 1.264398 146997 40
CPU9 44.345343 146958 sgemm sgemm CUDA3 1.067492 146998 40
CPU15 44.322520 146959 sgemm sgemm CUDA2 1.261410 146999 40
CPU2 44.594790 146960 sgemm sgemm CUDA3 1.255273 147000 40
CPU1 44.174455 146961 sgemm sgemm CUDA2 1.070084 147001 40
CPU6 44.460655 146962 sgemm sgemm CUDA2 1.257096 147002 40
CPU6 44.957697 146963 sgemm sgemm CUDA3 1.259242 147003 40
CPU9 44.496990 146964 sgemm sgemm CUDA3 1.260406 147004 40
CPU5 44.656323 146965 sgemm sgemm CUDA2 1.264006 147005 40
CPU4 44.375690 146966 sgemm sgemm CUDA1 1.070797 147006 40
CPU3 44.545290 146970 sgemm sgemm CUDA1 0.143601 147010 40
CPU4 44.520352 146971 sgemm sgemm CUDA1 12.406583 147011 40
CPU14 44.531898 146972 sgemm sgemm CUDA2 1.059506 147012 40
CPU5 44.350023 146973 sgemm sgemm CUDA2 9.501658 147013 40
CPU2 44.319925 146974 sgemm sgemm CUDA2 0.126565 147014 40
CPU14 44.674883 146975 sgemm sgemm CUDA0 4.389510 147015 40
CPU15 44.590444 146976 sgemm sgemm CUDA0 1.436711 147016 40
CPU16 44.391474 146977 sgemm sgemm CUDA0 1.258474 147017 40
CPU15 44.484573 146978 sgemm sgemm CUDA3 1.315397 147018 40
CPU7 44.641638 146979 sgemm sgemm CUDA3 1.267956 147019 40
CPU0 44.562556 146980 sgemm sgemm CUDA3 1.262718 147020 40
CPU5 44.598430 146981 sgemm sgemm CUDA2 1.301572 147021 40
CPU14 44.788198 146982 sgemm sgemm CUDA3 1.260825 147022 40
CPU14 44.660863 146983 sgemm sgemm CUDA0 1.261097 147023 40
CPU2 44.322419 146984 sgemm sgemm CUDA2 1.259174 147024 40
CPU5 44.346760 146985 sgemm sgemm CUDA1 1.059799 147025 40
CPU2 44.512950 146986 sgemm sgemm CUDA0 1.072273 147026 40
CPU7 44.498958 146987 sgemm sgemm CUDA0 1.071003 147027 40
CPU18 44.486225 146988 sgemm sgemm CUDA1 1.071437 147028 40
CPU15 44.297891 146989 sgemm sgemm CUDA1 1.270468 147029 40
CPU4 44.752289 146990 sgemm sgemm CUDA0 5.672576 147030 40
CPU14 44.660361 146991 sgemm sgemm CUDA2 1.255170 147031 40
CPU7 44.726902 146992 sgemm sgemm CUDA0 0.041929 147032 40
CPU10 44.527616 146993 sgemm sgemm CUDA0 1.269706 147033 40
CPU15 44.485408 146994 sgemm sgemm CUDA2 1.066305 147034 40
CPU7 44.550279 146995 sgemm sgemm CUDA0 1.074395 147035 40
CPU5 44.440166 146996 sgemm sgemm CUDA2 1.258323 147036 40
CPU9 44.355175 146997 sgemm sgemm CUDA1 1.260303 147037 40
CPU14 44.527390 146998 sgemm sgemm CUDA1 1.069506 147038 40
CPU4 44.536959 146999 sgemm sgemm CUDA1 1.067078 147039 40
CPU16 44.716529 147000 sgemm sgemm CUDA2 1.066626 147040 40
CPU11 44.310859 147001 sgemm sgemm CUDA0 1.071974 147041 40
CPU5 44.219691 147002 sgemm sgemm CUDA2 1.259600 147042 40
CPU9 44.369389 147003 sgemm sgemm CUDA3 1.067349 147043 40
CPU0 44.788047 147004 sgemm sgemm CUDA3 1.066208 147044 40
CPU12 44.575519 147005 sgemm sgemm CUDA2 1.068030 147045 40
CPU7 44.712305 147006 sgemm sgemm CUDA3 1.073980 147046 40
CPU0 44.666485 147007 sgemm sgemm CUDA0 1.070149 147047 40
CPU14 44.798300 147008 sgemm sgemm CUDA2 1.066336 147048 40
CPU10 44.366219 147009 sgemm sgemm CUDA3 1.256925 147049 40
CPU1 44.398919 147010 sgemm sgemm CUDA1 1.066446 147050 40
CPU8 44.353463 147011 sgemm sgemm CUDA2 13.093154 147051 40
CPU7 45.727041 147012 sgemm sgemm CUDA0 1.254737 147052 40
CPU2 44.538188 147016 sgemm sgemm CUDA1 1.256765 147056 40
CPU5 44.232763 147017 sgemm sgemm CUDA2 0.062375 147057 40
CPU14 44.617753 147018 sgemm sgemm CUDA2 1.316960 147058 40
CPU8 44.300861 147019 sgemm sgemm CUDA2 1.010616 147059 40
CPU1 44.272006 147020 sgemm sgemm CUDA2 1.204021 147060 40
CPU14 44.937451 147021 sgemm sgemm CUDA1 0.993353 147061 40
CPU15 44.658071 147022 sgemm sgemm CUDA0 1.265598 147062 40
CPU16 44.856978 147023 sgemm sgemm CUDA0 1.197245 147063 40
CPU16 44.602679 147024 sgemm sgemm CUDA3 1.254152 147064 40
CPU5 44.151725 147025 sgemm sgemm CUDA3 1.013790 147065 40
CPU2 43.777145 147026 sgemm sgemm CUDA3 1.198881 147066 40
CPU3 44.335636 147027 sgemm sgemm CUDA1 1.205039 147067 40
CPU15 44.579473 147028 sgemm sgemm CUDA1 1.003224 147068 40
CPU14 44.860209 147029 sgemm sgemm CUDA0 1.008214 147069 40
CPU2 43.963887 147030 sgemm sgemm CUDA2 1.202844 147070 40
CPU2 44.240712 147031 sgemm sgemm CUDA1 1.009142 147071 40
CPU9 44.445662 147032 sgemm sgemm CUDA0 1.020988 147072 40
CPU0 44.527762 147033 sgemm sgemm CUDA0 1.199618 147073 40
CPU18 44.673862 147034 sgemm sgemm CUDA3 1.010915 147074 40
CPU14 44.748163 147035 sgemm sgemm CUDA1 1.010101 147075 40
CPU18 44.595261 147036 sgemm sgemm CUDA1 1.009757 147076 40
CPU18 44.487909 147037 sgemm sgemm CUDA2 1.007080 147077 40
CPU2 44.123238 147038 sgemm sgemm CUDA0 12.054292 147078 40
CPU16 44.679160 147039 sgemm sgemm CUDA0 1.243029 147079 40
CPU14 44.722941 147040 sgemm sgemm CUDA3 1.193750 147080 40
CPU0 44.618342 147041 sgemm sgemm CUDA0 1.010984 147081 40
CPU0 44.573973 147042 sgemm sgemm CUDA2 1.009889 147082 40
CPU7 44.392129 147043 sgemm sgemm CUDA1 1.010892 147083 40
CPU15 44.430274 147044 sgemm sgemm CUDA1 1.007222 147084 40
CPU4 44.107154 147045 sgemm sgemm CUDA1 1.205096 147085 40
CPU14 44.457602 147046 sgemm sgemm CUDA3 1.198694 147086 40
CPU4 44.462102 147047 sgemm sgemm CUDA0 1.248011 147087 40
CPU0 44.478615 147048 sgemm sgemm CUDA2 1.050502 147088 40
CPU8 44.166169 147049 sgemm sgemm CUDA3 1.201283 147089 40
CPU5 44.252777 147050 sgemm sgemm CUDA3 1.010268 147090 40
CPU11 44.551276 147051 sgemm sgemm CUDA1 0.059985 147091 40
CPU4 43.984195 147052 sgemm sgemm CUDA3 1.046837 147092 40
CPU8 43.926587 147053 sgemm sgemm CUDA0 1.054696 147093 40
CPU18 44.933792 147054 sgemm sgemm CUDA2 1.244015 147094 40
CPU9 43.966346 147055 sgemm sgemm CUDA3 1.008879 147095 40
CPU3 44.295957 147056 sgemm sgemm CUDA2 12.133324 147096 40
CPU2 44.361206 147057 sgemm sgemm CUDA2 1.296494 147097 40
CPU9 43.961996 147058 sgemm sgemm CUDA3 13.045552 147098 40
CPU2 31.841102 147064 strsm strsm CUDA2 0.164199 147104 40
CPU5 31.713877 147068 strsm strsm CUDA2 0.402576 147108 40
CPU14 31.825926 147072 strsm strsm CUDA2 2.052734 147112 40
CPU5 32.109941 147076 strsm strsm CUDA2 1.655606 147116 40
CPU1 32.060245 147080 strsm strsm CUDA2 3.687956 147120 40
CPU14 32.224151 147084 strsm strsm CUDA2 2.812783 147124 40
CPU15 31.509372 147088 strsm strsm CUDA0 0.183776 147128 40
CPU17 31.937710 147092 strsm strsm CUDA0 6.563078 147132 40
CPU15 31.495376 147096 strsm strsm CUDA3 0.165932 147136 40
CPU7 32.681827 147100 strsm strsm CUDA3 0.257065 147140 40
CPU0 31.870281 147104 strsm strsm CUDA3 2.628076 147144 40
CPU5 32.014871 147108 strsm strsm CUDA2 2.656355 147148 40
CPU14 32.316815 147112 strsm strsm CUDA3 2.096609 147152 40
CPU14 32.294442 147116 strsm strsm CUDA0 2.400672 147156 40
CPU2 31.515068 147120 strsm strsm CUDA0 0.690332 147160 40
CPU5 31.415874 147124 strsm strsm CUDA1 0.211990 147164 40
CPU9 31.917395 147128 strsm strsm CUDA0 2.085162 147168 40
CPU9 31.569691 147132 strsm strsm CUDA3 8.680401 147172 40
CPU18 31.770129 147136 strsm strsm CUDA3 0.453662 147176 40
CPU16 31.338953 147140 strsm strsm CUDA1 2.076259 147180 40
CPU18 31.597349 147144 strsm strsm CUDA0 0.498296 147184 40
CPU16 31.567612 147148 strsm strsm CUDA0 0.087645 147188 40
CPU7 32.536967 147152 strsm strsm CUDA0 1.877375 147192 40
CPU14 32.248199 147156 strsm strsm CUDA0 0.203823 147196 40
CPU15 31.494210 147160 strsm strsm CUDA2 2.697893 147200 40
CPU1 31.890563 147164 strsm strsm CUDA0 9.895664 147204 40
CPU4 32.180312 147168 strsm strsm CUDA3 0.620518 147208 40
CPU9 31.785525 147172 strsm strsm CUDA1 4.642323 147212 40
CPU1 32.167668 147176 strsm strsm CUDA1 0.322945 147216 40
CPU3 31.509966 147180 strsm strsm CUDA1 0.756387 147220 40
CPU16 31.871452 147184 strsm strsm CUDA3 1.816391 147224 40
CPU16 31.851282 147188 strsm strsm CUDA2 0.190417 147228 40
CPU1 31.617542 147192 strsm strsm CUDA2 0.929332 147232 40
CPU8 31.480199 147196 strsm strsm CUDA3 0.279385 147236 40
CPU4 31.862282 147200 strsm strsm CUDA3 10.051914 147240 40
CPU17 32.013074 147204 strsm strsm CUDA1 0.487450 147244 40
CPU7 32.630195 147208 strsm strsm CUDA3 0.675968 147248 40
CPU16 32.006818 147212 strsm strsm CUDA2 0.332889 147252 40
CPU8 31.470945 147216 strsm strsm CUDA2 0.372981 147256 40
CPU8 33.044382 147220 strsm strsm CUDA0 1.908802 147260 40
CPU14 31.822439 147224 strsm strsm CUDA1 0.575206 147264 40
CPU4 32.156699 147228 strsm strsm CUDA1 0.283544 147268 40
CPU8 31.981258 147232 strsm strsm CUDA1 1.229633 147272 40
CPU8 15.139280 147236 strtri strtri CPU -1 147276 40
CPU16 30.408558 147238 strsm strsm CUDA3 2.908540 147278 40
CPU15 30.101248 147240 strsm strsm CUDA0 0.051069 147280 40
CPU16 30.544582 147242 strsm strsm CUDA3 2.973251 147282 40
CPU16 30.551430 147244 strsm strsm CUDA1 13.862839 147284 40
CPU16 30.926460 147246 strsm strsm CUDA0 2.740150 147286 40
CPU5 44.532460 147248 sgemm sgemm CUDA2 1.400477 147288 40
CPU3 44.478763 147249 sgemm sgemm CUDA1 1.057349 147289 40
CPU14 44.508703 147250 sgemm sgemm CUDA2 1.251283 147290 40
CPU5 44.488275 147251 sgemm sgemm CUDA2 1.261794 147291 40
CPU8 44.536435 147252 sgemm sgemm CUDA3 1.071013 147292 40
CPU16 44.108829 147253 sgemm sgemm CUDA1 1.239812 147293 40
CPU15 44.315925 147254 sgemm sgemm CUDA1 4.309865 147294 40
CPU17 44.270741 147255 sgemm sgemm CUDA3 1.256534 147295 40
CPU15 44.064440 147256 sgemm sgemm CUDA3 11.898471 147296 40
CPU2 44.675305 147257 sgemm sgemm CUDA3 0.070058 147297 40
CPU8 44.484922 147258 sgemm sgemm CUDA3 1.066235 147298 40
CPU5 44.539736 147259 sgemm sgemm CUDA2 13.126642 147299 40
CPU15 44.291058 147260 sgemm sgemm CUDA1 0.061497 147300 40
CPU14 44.493937 147261 sgemm sgemm CUDA0 1.259963 147301 40
CPU0 44.686203 147262 sgemm sgemm CUDA0 1.049724 147302 40
CPU6 44.700948 147263 sgemm sgemm CUDA1 1.332564 147303 40
CPU8 44.339990 147264 sgemm sgemm CUDA1 0.064857 147304 40
CPU9 44.631460 147265 sgemm sgemm CUDA0 1.237562 147305 40
CPU18 44.277081 147266 sgemm sgemm CUDA3 1.240837 147306 40
CPU14 44.747241 147267 sgemm sgemm CUDA1 1.342703 147307 40
CPU4 44.655255 147268 sgemm sgemm CUDA0 1.068479 147308 40
CPU16 44.464423 147269 sgemm sgemm CUDA2 11.876788 147309 40
CPU1 44.560933 147270 sgemm sgemm CUDA0 1.320059 147310 40
CPU12 44.669173 147271 sgemm sgemm CUDA0 1.066020 147311 40
CPU14 44.436963 147272 sgemm sgemm CUDA2 1.391688 147312 40
CPU1 44.832352 147273 sgemm sgemm CUDA0 1.066357 147313 40
CPU0 45.211799 147274 sgemm sgemm CUDA0 5.799575 147314 40
CPU1 44.919919 147275 sgemm sgemm CUDA1 1.050896 147315 40
CPU1 44.910954 147276 sgemm sgemm CUDA1 1.239574 147316 40
CPU3 44.772037 147277 sgemm sgemm CUDA1 1.053872 147317 40
CPU15 44.213947 147278 sgemm sgemm CUDA2 1.072216 147318 40
CPU15 44.346711 147279 sgemm sgemm CUDA0 1.385114 147319 40
CPU6 44.812348 147280 sgemm sgemm CUDA2 1.244424 147320 40
CPU1 44.864680 147281 sgemm sgemm CUDA3 1.255586 147321 40
CPU4 44.579022 147282 sgemm sgemm CUDA3 1.296193 147322 40
CPU16 44.242864 147283 sgemm sgemm CUDA1 1.236605 147323 40
CPU6 44.899259 147284 sgemm sgemm CUDA3 1.252046 147324 40
CPU15 44.855617 147285 sgemm sgemm CUDA2 1.262424 147325 40
CPU14 44.634555 147286 sgemm sgemm CUDA2 1.049430 147326 40
CPU19 44.214043 147287 sgemm sgemm CUDA3 1.061096 147327 40
CPU14 44.288568 147288 sgemm sgemm CUDA3 1.238543 147328 40
CPU2 44.831838 147289 sgemm sgemm CUDA2 1.052479 147329 40
CPU9 44.452130 147290 sgemm sgemm CUDA1 0.055686 147330 40
CPU4 44.977627 147291 sgemm sgemm CUDA2 0.064952 147331 40
CPU7 44.682442 147295 sgemm sgemm CUDA2 1.067831 147335 40
CPU1 44.080127 147296 sgemm sgemm CUDA1 1.073323 147336 40
CPU14 44.427464 147297 sgemm sgemm CUDA2 1.065660 147337 40
CPU1 44.497064 147298 sgemm sgemm CUDA2 1.258561 147338 40
CPU5 44.332676 147299 sgemm sgemm CUDA2 1.255662 147339 40
CPU15 44.268239 147300 sgemm sgemm CUDA1 1.258263 147340 40
CPU15 44.342264 147301 sgemm sgemm CUDA3 1.076110 147341 40
CPU17 44.517285 147302 sgemm sgemm CUDA3 1.255116 147342 40
CPU17 44.234339 147303 sgemm sgemm CUDA3 1.260891 147343 40
CPU9 44.378424 147304 sgemm sgemm CUDA3 1.255638 147344 40
CPU9 44.439838 147305 sgemm sgemm CUDA3 1.262618 147345 40
CPU6 44.669868 147306 sgemm sgemm CUDA0 1.254439 147346 40
CPU14 44.367442 147307 sgemm sgemm CUDA1 1.255605 147347 40
CPU14 44.389580 147308 sgemm sgemm CUDA0 1.070347 147348 40
CPU6 44.798350 147309 sgemm sgemm CUDA2 1.255833 147349 40
CPU7 44.640093 147310 sgemm sgemm CUDA1 1.066277 147350 40
CPU8 44.572592 147311 sgemm sgemm CUDA1 1.257000 147351 40
CPU8 44.827566 147312 sgemm sgemm CUDA0 1.258520 147352 40
CPU18 44.185259 147313 sgemm sgemm CUDA1 1.066427 147353 40
CPU14 44.345978 147314 sgemm sgemm CUDA1 1.249242 147354 40
CPU19 44.511163 147315 sgemm sgemm CUDA0 1.069908 147355 40
CPU18 44.234668 147316 sgemm sgemm CUDA0 1.066338 147356 40
CPU6 44.730388 147317 sgemm sgemm CUDA0 1.071055 147357 40
CPU11 44.447411 147318 sgemm sgemm CUDA0 1.264479 147358 40
CPU15 44.128143 147319 sgemm sgemm CUDA2 1.260341 147359 40
CPU3 44.687616 147320 sgemm sgemm CUDA0 1.259289 147360 40
CPU9 44.310609 147321 sgemm sgemm CUDA3 1.068697 147361 40
CPU2 44.685567 147322 sgemm sgemm CUDA1 1.068391 147362 40
CPU14 44.538205 147323 sgemm sgemm CUDA1 1.258220 147363 40
CPU5 45.025529 147324 sgemm sgemm CUDA1 1.068909 147364 40
CPU15 44.642321 147325 sgemm sgemm CUDA2 1.072492 147365 40
CPU5 44.619451 147326 sgemm sgemm CUDA0 1.258731 147366 40
CPU2 44.657145 147327 sgemm sgemm CUDA2 1.261392 147367 40
CPU8 44.714327 147328 sgemm sgemm CUDA3 1.261072 147368 40
CPU7 44.730965 147329 sgemm sgemm CUDA3 1.261318 147369 40
CPU16 44.315213 147330 sgemm sgemm CUDA1 1.253404 147370 40
CPU0 44.855349 147331 sgemm sgemm CUDA3 1.259362 147371 40
CPU7 44.514207 147332 sgemm sgemm CUDA2 1.066495 147372 40
CPU11 44.473149 147333 sgemm sgemm CUDA2 13.003151 147373 40
CPU8 44.467291 147334 sgemm sgemm CUDA3 1.258584 147374 40
CPU4 44.751231 147335 sgemm sgemm CUDA3 12.779035 147375 40
CPU15 44.363870 147336 sgemm sgemm CUDA1 1.257920 147376 40
CPU5 44.888665 147337 sgemm sgemm CUDA1 1.065024 147377 40
CPU6 44.584318 147338 sgemm sgemm CUDA3 0.175486 147378 40
CPU8 44.518564 147342 sgemm sgemm CUDA3 1.104190 147382 40
CPU2 44.501884 147343 sgemm sgemm CUDA1 1.334034 147383 40
CPU14 44.409797 147344 sgemm sgemm CUDA0 1.081406 147384 40
CPU9 44.554833 147345 sgemm sgemm CUDA2 1.267548 147385 40
CPU3 44.609524 147346 sgemm sgemm CUDA2 1.289379 147386 40
CPU16 44.026890 147347 sgemm sgemm CUDA2 1.085910 147387 40
CPU15 44.353984 147348 sgemm sgemm CUDA3 1.412019 147388 40
CPU16 44.289263 147349 sgemm sgemm CUDA3 1.270515 147389 40
CPU15 44.179588 147350 sgemm sgemm CUDA3 1.099777 147390 40
CPU1 44.424230 147351 sgemm sgemm CUDA3 4.873962 147391 40
CPU1 44.051886 147352 sgemm sgemm CUDA3 0.090114 147392 40
CPU5 44.618084 147353 sgemm sgemm CUDA2 1.093722 147393 40
CPU14 44.594390 147354 sgemm sgemm CUDA1 1.088194 147394 40
CPU14 44.350587 147355 sgemm sgemm CUDA0 1.223624 147395 40
CPU7 44.710992 147356 sgemm sgemm CUDA2 1.276269 147396 40
CPU9 44.459929 147357 sgemm sgemm CUDA1 1.275242 147397 40
CPU9 44.548128 147358 sgemm sgemm CUDA1 1.271273 147398 40
CPU2 44.510303 147359 sgemm sgemm CUDA0 1.352865 147399 40
CPU17 44.251134 147360 sgemm sgemm CUDA1 0.056322 147400 40
CPU16 44.162975 147361 sgemm sgemm CUDA1 1.317272 147401 40
CPU8 44.723543 147362 sgemm sgemm CUDA0 1.255454 147402 40
CPU18 44.381780 147363 sgemm sgemm CUDA0 1.254690 147403 40
CPU9 44.620548 147364 sgemm sgemm CUDA0 1.258319 147404 40
CPU14 44.538991 147365 sgemm sgemm CUDA0 1.263701 147405 40
CPU14 44.466140 147366 sgemm sgemm CUDA2 1.242519 147406 40
CPU1 44.836804 147367 sgemm sgemm CUDA0 1.067202 147407 40
CPU6 44.725661 147368 sgemm sgemm CUDA3 1.047156 147408 40
CPU0 45.188050 147369 sgemm sgemm CUDA1 1.260972 147409 40
CPU14 44.315531 147370 sgemm sgemm CUDA1 1.066885 147410 40
CPU3 44.637301 147371 sgemm sgemm CUDA1 1.260965 147411 40
CPU15 44.364216 147372 sgemm sgemm CUDA2 1.070237 147412 40
CPU9 44.507815 147373 sgemm sgemm CUDA2 1.066349 147413 40
CPU1 44.541242 147374 sgemm sgemm CUDA2 1.068220 147414 40
CPU0 44.855627 147375 sgemm sgemm CUDA3 1.257676 147415 40
CPU9 44.490266 147376 sgemm sgemm CUDA3 1.254800 147416 40
CPU15 44.212322 147377 sgemm sgemm CUDA1 1.252935 147417 40
CPU2 44.773596 147378 sgemm sgemm CUDA3 1.070096 147418 40
CPU2 44.390997 147379 sgemm sgemm CUDA2 1.262396 147419 40
CPU6 44.829405 147380 sgemm sgemm CUDA2 8.734520 147420 40
CPU6 45.079148 147381 sgemm sgemm CUDA3 1.259330 147421 40
CPU9 44.627785 147382 sgemm sgemm CUDA3 12.955226 147422 40
CPU5 44.618362 147383 sgemm sgemm CUDA1 1.263323 147423 40
CPU4 44.259318 147384 sgemm sgemm CUDA1 1.263610 147424 40
CPU0 44.988742 147385 sgemm sgemm CUDA1 1.259942 147425 40
CPU3 44.506456 147389 sgemm sgemm CUDA1 0.060585 147429 40
CPU4 44.501693 147390 sgemm sgemm CUDA1 1.287712 147430 40
CPU14 44.673940 147391 sgemm sgemm CUDA2 1.261950 147431 40
CPU6 44.558454 147392 sgemm sgemm CUDA2 1.000623 147432 40
CPU2 44.369184 147393 sgemm sgemm CUDA2 1.220422 147433 40
CPU15 44.375932 147394 sgemm sgemm CUDA1 1.221426 147434 40
CPU15 44.508125 147395 sgemm sgemm CUDA1 0.054854 147435 40
CPU16 44.391609 147396 sgemm sgemm CUDA0 1.068119 147436 40
CPU15 44.474695 147397 sgemm sgemm CUDA3 1.068228 147437 40
CPU7 44.968984 147398 sgemm sgemm CUDA3 1.186703 147438 40
CPU7 44.441526 147399 sgemm sgemm CUDA3 0.993754 147439 40
CPU0 44.945913 147400 sgemm sgemm CUDA2 1.066195 147440 40
CPU14 44.493491 147401 sgemm sgemm CUDA1 1.073287 147441 40
CPU14 44.549837 147402 sgemm sgemm CUDA0 1.067627 147442 40
CPU2 44.702640 147403 sgemm sgemm CUDA2 1.258909 147443 40
CPU5 44.285566 147404 sgemm sgemm CUDA1 1.061274 147444 40
CPU2 44.397604 147405 sgemm sgemm CUDA0 12.145993 147445 40
CPU7 44.723095 147406 sgemm sgemm CUDA0 0.061444 147446 40
CPU18 44.245937 147407 sgemm sgemm CUDA1 1.034944 147447 40
CPU15 44.301911 147408 sgemm sgemm CUDA1 1.033190 147448 40
CPU5 44.632988 147409 sgemm sgemm CUDA0 1.283684 147449 40
CPU14 44.730423 147410 sgemm sgemm CUDA2 1.019742 147450 40
CPU7 44.691186 147411 sgemm sgemm CUDA0 1.256060 147451 40
CPU10 44.496763 147412 sgemm sgemm CUDA0 1.072908 147452 40
CPU15 44.414022 147413 sgemm sgemm CUDA2 1.215972 147453 40
CPU0 44.866352 147414 sgemm sgemm CUDA0 13.064211 147454 40
CPU5 44.284708 147415 sgemm sgemm CUDA2 1.189235 147455 40
CPU7 44.885792 147416 sgemm sgemm CUDA1 0.059648 147456 40
CPU14 44.969299 147417 sgemm sgemm CUDA1 1.253927 147457 40
CPU3 44.849179 147418 sgemm sgemm CUDA1 1.073770 147458 40
CPU16 44.512980 147419 sgemm sgemm CUDA2 12.090413 147459 40
CPU11 44.300983 147420 sgemm sgemm CUDA2 1.256052 147460 40
CPU5 44.363041 147421 sgemm sgemm CUDA2 1.017528 147461 40
CPU9 44.697921 147422 sgemm sgemm CUDA3 0.059335 147462 40
CPU0 44.824177 147423 sgemm sgemm CUDA3 1.210113 147463 40
CPU12 44.429500 147424 sgemm sgemm CUDA2 1.008644 147464 40
CPU7 44.642484 147425 sgemm sgemm CUDA3 1.196042 147465 40
CPU4 44.343830 147426 sgemm sgemm CUDA2 1.010391 147466 40
CPU14 44.630198 147427 sgemm sgemm CUDA2 1.211825 147467 40
CPU10 44.329654 147428 sgemm sgemm CUDA3 1.255641 147468 40
CPU1 44.537255 147429 sgemm sgemm CUDA2 1.066579 147469 40
CPU8 45.117559 147430 sgemm sgemm CUDA2 1.017159 147470 40
CPU7 45.269114 147431 sgemm sgemm CUDA0 1.071333 147471 40
CPU1 46.475253 147432 sgemm sgemm CUDA1 1.067890 147472 40
CPU7 44.339576 147436 sgemm sgemm CUDA0 0.452002 147476 40
CPU3 44.182425 147437 sgemm sgemm CUDA0 1.575020 147477 40
CPU14 44.821610 147438 sgemm sgemm CUDA2 0.728542 147478 40
CPU8 44.204514 147439 sgemm sgemm CUDA2 12.265953 147479 40
CPU9 44.002674 147440 sgemm sgemm CUDA2 0.171611 147480 40
CPU14 44.677631 147441 sgemm sgemm CUDA2 1.392540 147481 40
CPU15 44.542093 147442 sgemm sgemm CUDA0 8.791921 147482 40
CPU16 44.684869 147443 sgemm sgemm CUDA0 0.275424 147483 40
CPU16 44.487482 147444 sgemm sgemm CUDA3 0.624428 147484 40
CPU5 44.196023 147445 sgemm sgemm CUDA3 1.303458 147485 40
CPU2 44.081953 147446 sgemm sgemm CUDA3 1.033295 147486 40
CPU3 44.368316 147447 sgemm sgemm CUDA2 12.073899 147487 40
CPU15 44.392938 147448 sgemm sgemm CUDA1 8.254159 147488 40
CPU14 44.737447 147449 sgemm sgemm CUDA0 12.376643 147489 40
CPU2 44.076418 147450 sgemm sgemm CUDA2 1.504794 147490 40
CPU2 44.147919 147451 sgemm sgemm CUDA1 12.325622 147491 40
CPU8 44.457360 147452 sgemm sgemm CUDA1 0.264124 147492 40
CPU0 44.691601 147453 sgemm sgemm CUDA0 0.156275 147493 40
CPU17 44.698217 147454 sgemm sgemm CUDA3 12.331921 147494 40
CPU15 44.537064 147455 sgemm sgemm CUDA1 1.326244 147495 40
CPU18 44.751780 147456 sgemm sgemm CUDA1 1.067495 147496 40
CPU18 44.515439 147457 sgemm sgemm CUDA2 10.531645 147497 40
CPU2 44.006730 147458 sgemm sgemm CUDA0 1.341097 147498 40
CPU16 44.508279 147459 sgemm sgemm CUDA0 1.272358 147499 40
CPU14 44.741434 147460 sgemm sgemm CUDA3 0.284443 147500 40
CPU9 44.296213 147461 sgemm sgemm CUDA0 20.387241 147501 40
CPU0 44.526230 147462 sgemm sgemm CUDA2 0.057567 147502 40
CPU4 44.480991 147463 sgemm sgemm CUDA1 20.941890 147503 40
CPU14 44.748595 147464 sgemm sgemm CUDA1 0.082311 147504 40
CPU4 44.261936 147465 sgemm sgemm CUDA1 11.403443 147505 40
CPU15 44.357992 147466 sgemm sgemm CUDA3 1.405759 147506 40
CPU4 44.521504 147467 sgemm sgemm CUDA2 11.681510 147507 40
CPU0 44.528279 147468 sgemm sgemm CUDA2 0.088391 147508 40
CPU8 44.471755 147469 sgemm sgemm CUDA3 1.277175 147509 40
CPU5 44.321816 147470 sgemm sgemm CUDA3 20.273517 147510 40
CPU11 44.553417 147471 sgemm sgemm CUDA1 0.074820 147511 40
CPU4 44.519077 147472 sgemm sgemm CUDA3 0.096057 147512 40
CPU8 44.053433 147473 sgemm sgemm CUDA2 5.018219 147513 40
CPU17 44.501266 147474 sgemm sgemm CUDA2 0.077278 147514 40
CPU9 43.929579 147475 sgemm sgemm CUDA3 23.894410 147515 40
CPU3 45.097080 147476 sgemm sgemm CUDA2 3.745886 147516 40
CPU2 44.774910 147477 sgemm sgemm CUDA2 0.093622 147517 40
CPU9 44.635398 147478 sgemm sgemm CUDA1 11.903594 147518 40
CPU0 44.754762 147479 sgemm sgemm CUDA1 0.063129 147519 40
CPU7 31.944164 147485 strsm strsm CPU -1 147525 40
CPU3 31.473847 147489 strsm strsm CPU -1 147529 40
CPU14 32.294081 147493 strsm strsm CPU -1 147533 40
CPU6 32.236324 147497 strsm strsm CPU -1 147537 40
CPU9 31.747829 147501 strsm strsm CPU -1 147541 40
CPU14 31.650932 147505 strsm strsm CPU -1 147545 40
CPU15 31.268675 147509 strsm strsm CPU -1 147549 40
CPU16 31.287056 147513 strsm strsm CPU -1 147553 40
CPU15 31.287754 147517 strsm strsm CPU22 99.949220 147557 40
CPU1 32.306310 147521 strsm strsm CUDA3 0.284233 147561 40
CPU7 31.923793 147525 strsm strsm CPU30 101.154002 147565 40
CPU0 32.522907 147529 strsm strsm CPU25 94.622773 147569 40
CPU15 31.569600 147533 strsm strsm CPU -1 147573 40
CPU14 32.019478 147537 strsm strsm CUDA0 2.820294 147577 40
CPU2 31.905606 147541 strsm strsm CPU23 84.652189 147581 40
CPU6 31.926602 147545 strsm strsm CPU -1 147585 40
CPU8 31.904864 147549 strsm strsm CUDA0 0.212127 147589 40
CPU0 32.692558 147553 strsm strsm CPU19 140.796277 147593 40
CPU17 31.877510 147557 strsm strsm CPU22 79.867735 147597 40
CPU14 31.919236 147561 strsm strsm CPU27 103.003987 147601 40
CPU18 31.643335 147565 strsm strsm CPU -1 147605 40
CPU18 31.533268 147569 strsm strsm CPU28 120.984260 147609 40
CPU6 32.268334 147573 strsm strsm CPU32 99.272253 147613 40
CPU14 32.384434 147577 strsm strsm CPU29 121.195712 147617 40
CPU14 31.828119 147581 strsm strsm CUDA3 1.202497 147621 40
CPU9 32.172531 147585 strsm strsm CUDA0 10.909907 147625 40
CPU0 32.078573 147589 strsm strsm CUDA3 0.195340 147629 40
CPU7 32.711451 147593 strsm strsm CUDA1 12.105480 147633 40
CPU1 32.359259 147597 strsm strsm CPU24 96.080083 147637 40
CPU5 32.110823 147601 strsm strsm CPU26 105.366543 147641 40
CPU16 31.501666 147605 strsm strsm CUDA1 0.456083 147645 40
CPU15 32.384493 147609 strsm strsm CUDA0 0.172065 147649 40
CPU1 31.764334 147613 strsm strsm CUDA2 4.174355 147653 40
CPU8 31.903886 147617 strsm strsm CUDA1 0.363860 147657 40
CPU4 31.924681 147621 strsm strsm CUDA0 0.891310 147661 40
CPU16 31.537706 147625 strsm strsm CUDA1 0.687571 147665 40
CPU6 32.573708 147629 strsm strsm CUDA3 0.308152 147669 40
CPU15 31.546234 147633 strsm strsm CUDA2 0.265846 147673 40
CPU8 31.911455 147637 strsm strsm CUDA2 0.304026 147677 40
CPU6 33.699940 147641 strsm strsm CUDA3 0.304534 147681 40
CPU14 31.471455 147645 strsm strsm CUDA2 0.090380 147685 40
CPU2 31.579619 147649 strsm strsm CUDA1 0.059083 147689 40
CPU9 32.083343 147653 strsm strsm CUDA1 0.233123 147693 40
CPU4 32.411487 147657 strsm strsm CUDA0 0.353514 147697 40
CPU3 15.177547 147661 strtri strtri CPU -1 147701 40
CPU15 31.050849 147663 strsm strsm CUDA2 3.056483 147703 40
CPU15 30.762432 147665 strsm strsm CUDA0 3.181916 147705 40
CPU15 30.705567 147667 strsm strsm CUDA2 2.731069 147707 40
CPU15 30.790643 147669 strsm strsm CUDA0 0.644939 147709 40
CPU7 44.506356 147671 sgemm sgemm CUDA2 1.270494 147711 40
CPU1 44.234854 147672 sgemm sgemm CUDA1 1.272173 147712 40
CPU14 44.622559 147673 sgemm sgemm CUDA2 4.180738 147713 40
CPU1 44.391375 147674 sgemm sgemm CUDA2 0.046031 147714 40
CPU8 44.275599 147675 sgemm sgemm CUDA2 1.256198 147715 40
CPU15 44.358211 147676 sgemm sgemm CUDA1 12.202299 147716 40
CPU15 44.585368 147677 sgemm sgemm CUDA1 1.321818 147717 40
CPU16 44.479795 147678 sgemm sgemm CUDA3 1.288359 147718 40
CPU17 44.488483 147679 sgemm sgemm CUDA3 1.058115 147719 40
CPU9 44.133989 147680 sgemm sgemm CUDA3 9.470760 147720 40
CPU9 44.270435 147681 sgemm sgemm CUDA3 0.051082 147721 40
CPU6 44.245279 147682 sgemm sgemm CUDA0 0.067383 147722 40
CPU15 44.552046 147683 sgemm sgemm CUDA1 1.049262 147723 40
CPU14 44.685649 147684 sgemm sgemm CUDA0 1.008611 147724 40
CPU6 44.433167 147685 sgemm sgemm CUDA2 1.009887 147725 40
CPU7 44.639032 147686 sgemm sgemm CUDA1 1.198786 147726 40
CPU8 44.097036 147687 sgemm sgemm CUDA1 12.611804 147727 40
CPU8 44.578399 147688 sgemm sgemm CUDA0 1.195441 147728 40
CPU18 44.642261 147689 sgemm sgemm CUDA3 1.201881 147729 40
CPU14 44.990253 147690 sgemm sgemm CUDA1 1.232953 147730 40
CPU19 44.846640 147691 sgemm sgemm CUDA0 1.047878 147731 40
CPU14 44.933591 147692 sgemm sgemm CUDA2 1.010611 147732 40
CPU6 44.569142 147693 sgemm sgemm CUDA0 1.192256 147733 40
CPU11 44.470971 147694 sgemm sgemm CUDA0 1.236918 147734 40
CPU15 44.328183 147695 sgemm sgemm CUDA2 0.042965 147735 40
CPU3 44.470025 147696 sgemm sgemm CUDA0 13.180316 147736 40
CPU6 44.667166 147697 sgemm sgemm CUDA3 0.044801 147737 40
CPU2 44.308902 147698 sgemm sgemm CUDA1 1.248376 147738 40
CPU1 44.753463 147699 sgemm sgemm CUDA1 1.048520 147739 40
CPU4 44.595149 147700 sgemm sgemm CUDA1 1.048850 147740 40
CPU15 44.415305 147701 sgemm sgemm CUDA2 1.001559 147741 40
CPU15 44.633874 147702 sgemm sgemm CUDA0 0.055237 147742 40
CPU6 44.772910 147703 sgemm sgemm CUDA2 1.052967 147743 40
CPU8 44.536174 147704 sgemm sgemm CUDA3 1.311926 147744 40
CPU4 44.326428 147705 sgemm sgemm CUDA3 1.053586 147745 40
CPU16 44.447053 147706 sgemm sgemm CUDA1 1.237553 147746 40
CPU3 44.728474 147707 sgemm sgemm CUDA3 1.240586 147747 40
CPU15 44.920678 147708 sgemm sgemm CUDA2 1.051927 147748 40
CPU14 44.909386 147709 sgemm sgemm CUDA2 1.049974 147749 40
CPU19 44.473626 147710 sgemm sgemm CUDA1 1.051435 147750 40
CPU14 44.780427 147711 sgemm sgemm CUDA3 1.238819 147751 40
CPU2 44.461208 147712 sgemm sgemm CUDA1 1.055650 147752 40
CPU9 44.012849 147713 sgemm sgemm CUDA1 1.056358 147753 40
CPU3 44.563526 147714 sgemm sgemm CUDA1 1.241846 147754 40
CPU5 46.449105 147715 sgemm sgemm CUDA1 1.242249 147755 40
CPU8 44.606937 147719 sgemm sgemm CUDA0 1.258833 147759 40
CPU2 44.400656 147720 sgemm sgemm CUDA1 1.277061 147760 40
CPU14 44.576192 147721 sgemm sgemm CUDA2 1.363035 147761 40
CPU9 44.496632 147722 sgemm sgemm CUDA2 0.085734 147762 40
CPU3 44.523882 147723 sgemm sgemm CUDA2 1.070869 147763 40
CPU15 44.554536 147724 sgemm sgemm CUDA1 1.256320 147764 40
CPU15 44.514322 147725 sgemm sgemm CUDA3 1.389458 147765 40
CPU16 44.419390 147726 sgemm sgemm CUDA3 12.122982 147766 40
CPU15 44.312945 147727 sgemm sgemm CUDA3 1.261617 147767 40
CPU1 44.490987 147728 sgemm sgemm CUDA3 1.064386 147768 40
CPU1 44.077936 147729 sgemm sgemm CUDA3 1.259744 147769 40
CPU5 44.292731 147730 sgemm sgemm CUDA2 1.063040 147770 40
CPU15 44.495375 147731 sgemm sgemm CUDA1 1.071969 147771 40
CPU14 44.519710 147732 sgemm sgemm CUDA0 1.355318 147772 40
CPU7 44.353039 147733 sgemm sgemm CUDA2 1.260287 147773 40
CPU9 44.506804 147734 sgemm sgemm CUDA1 1.068029 147774 40
CPU9 44.401582 147735 sgemm sgemm CUDA1 1.259520 147775 40
CPU9 44.429192 147736 sgemm sgemm CUDA0 1.260429 147776 40
CPU17 44.496944 147737 sgemm sgemm CUDA1 1.259439 147777 40
CPU14 44.680475 147738 sgemm sgemm CUDA1 1.261299 147778 40
CPU8 44.449654 147739 sgemm sgemm CUDA0 1.253911 147779 40
CPU17 44.712952 147740 sgemm sgemm CUDA0 1.252158 147780 40
CPU9 44.534761 147741 sgemm sgemm CUDA0 1.070157 147781 40
CPU14 44.493025 147742 sgemm sgemm CUDA0 1.261467 147782 40
CPU14 44.567984 147743 sgemm sgemm CUDA2 1.260408 147783 40
CPU1 44.734670 147744 sgemm sgemm CUDA0 1.065998 147784 40
CPU5 44.547071 147745 sgemm sgemm CUDA3 1.260595 147785 40
CPU0 44.963354 147746 sgemm sgemm CUDA1 1.253889 147786 40
CPU1 44.833955 147747 sgemm sgemm CUDA1 12.101692 147787 40
CPU2 44.321781 147748 sgemm sgemm CUDA1 0.100200 147788 40
CPU15 44.491495 147749 sgemm sgemm CUDA2 1.066242 147789 40
CPU15 44.592981 147750 sgemm sgemm CUDA2 1.256714 147790 40
CPU1 44.677329 147751 sgemm sgemm CUDA2 1.065584 147791 40
CPU0 44.678513 147752 sgemm sgemm CUDA3 1.066066 147792 40
CPU4 44.333420 147753 sgemm sgemm CUDA3 1.263014 147793 40
CPU16 44.414073 147754 sgemm sgemm CUDA1 1.397437 147794 40
CPU6 45.084319 147755 sgemm sgemm CUDA3 1.073775 147795 40
CPU15 44.727777 147756 sgemm sgemm CUDA1 1.261585 147796 40
CPU3 44.229179 147757 sgemm sgemm CUDA2 1.068297 147797 40
CPU8 44.767151 147758 sgemm sgemm CUDA3 1.261576 147798 40
CPU14 44.459531 147759 sgemm sgemm CUDA3 1.256445 147799 40
CPU2 44.476113 147760 sgemm sgemm CUDA1 1.250268 147800 40
CPU9 44.216336 147761 sgemm sgemm CUDA1 1.065925 147801 40
CPU4 45.064589 147762 sgemm sgemm CUDA1 1.260224 147802 40
CPU0 44.947592 147763 sgemm sgemm CUDA3 1.071081 147803 40
CPU3 44.606448 147767 sgemm sgemm CUDA2 1.394847 147807 40
CPU4 44.378279 147768 sgemm sgemm CUDA1 1.378404 147808 40
CPU14 44.751110 147769 sgemm sgemm CUDA2 1.253571 147809 40
CPU6 44.535631 147770 sgemm sgemm CUDA2 1.257337 147810 40
CPU2 44.177763 147771 sgemm sgemm CUDA2 1.258659 147811 40
CPU16 44.488270 147772 sgemm sgemm CUDA1 1.259075 147812 40
CPU15 44.410472 147773 sgemm sgemm CUDA1 1.261768 147813 40
CPU17 44.699759 147774 sgemm sgemm CUDA0 0.054976 147814 40
CPU15 44.436226 147775 sgemm sgemm CUDA3 1.365980 147815 40
CPU4 44.640882 147776 sgemm sgemm CUDA3 1.064514 147816 40
CPU0 44.837380 147777 sgemm sgemm CUDA3 9.538744 147817 40
CPU0 44.596161 147778 sgemm sgemm CUDA0 0.077903 147818 40
CPU14 44.614654 147779 sgemm sgemm CUDA0 1.326714 147819 40
CPU14 44.796805 147780 sgemm sgemm CUDA0 1.070454 147820 40
CPU9 44.139519 147781 sgemm sgemm CUDA0 1.260435 147821 40
CPU3 44.379150 147782 sgemm sgemm CUDA1 1.058679 147822 40
CPU2 44.216244 147783 sgemm sgemm CUDA0 1.071917 147823 40
CPU7 44.591269 147784 sgemm sgemm CUDA0 1.263360 147824 40
CPU18 44.517281 147785 sgemm sgemm CUDA1 1.068337 147825 40
CPU14 44.786048 147786 sgemm sgemm CUDA1 1.069296 147826 40
CPU4 44.398100 147787 sgemm sgemm CUDA0 1.258380 147827 40
CPU14 45.069776 147788 sgemm sgemm CUDA2 1.242868 147828 40
CPU7 44.640845 147789 sgemm sgemm CUDA0 1.070292 147829 40
CPU10 44.507194 147790 sgemm sgemm CUDA0 1.262547 147830 40
CPU14 44.905707 147791 sgemm sgemm CUDA2 1.254982 147831 40
CPU0 44.810590 147792 sgemm sgemm CUDA0 1.257295 147832 40
CPU4 44.181141 147793 sgemm sgemm CUDA3 1.309891 147833 40
CPU7 44.569540 147794 sgemm sgemm CUDA1 1.070961 147834 40
CPU1 44.543339 147795 sgemm sgemm CUDA1 1.258297 147835 40
CPU3 44.554289 147796 sgemm sgemm CUDA1 1.069428 147836 40
CPU16 44.527219 147797 sgemm sgemm CUDA2 1.067188 147837 40
CPU15 44.480978 147798 sgemm sgemm CUDA2 1.255663 147838 40
CPU5 44.582405 147799 sgemm sgemm CUDA2 1.258789 147839 40
CPU9 44.578983 147800 sgemm sgemm CUDA3 1.087722 147840 40
CPU4 44.141981 147801 sgemm sgemm CUDA3 1.267010 147841 40
CPU16 44.649175 147802 sgemm sgemm CUDA2 1.063770 147842 40
CPU5 44.326428 147803 sgemm sgemm CUDA3 1.259156 147843 40
CPU15 44.540455 147804 sgemm sgemm CUDA2 1.066475 147844 40
CPU14 44.685681 147805 sgemm sgemm CUDA2 1.258246 147845 40
CPU19 44.577833 147806 sgemm sgemm CUDA3 1.067245 147846 40
CPU14 44.552021 147807 sgemm sgemm CUDA3 1.257990 147847 40
CPU2 44.360598 147808 sgemm sgemm CUDA2 1.255744 147848 40
CPU8 44.023197 147809 sgemm sgemm CUDA0 12.890838 147849 40
CPU3 44.326870 147810 sgemm sgemm CUDA1 1.258446 147850 40
CPU1 46.718393 147811 sgemm sgemm CUDA3 1.071491 147851 40
CPU4 44.545235 147815 sgemm sgemm CUDA0 0.045278 147855 40
CPU3 44.418121 147816 sgemm sgemm CUDA0 1.250949 147856 40
CPU14 44.736865 147817 sgemm sgemm CUDA2 1.261726 147857 40
CPU8 44.238201 147818 sgemm sgemm CUDA2 1.003443 147858 40
CPU0 44.615264 147819 sgemm sgemm CUDA2 1.201010 147859 40
CPU14 44.775000 147820 sgemm sgemm CUDA2 1.003962 147860 40
CPU15 44.547856 147821 sgemm sgemm CUDA0 1.201627 147861 40
CPU16 44.659640 147822 sgemm sgemm CUDA0 1.009985 147862 40
CPU15 44.430755 147823 sgemm sgemm CUDA3 1.257975 147863 40
CPU5 44.194894 147824 sgemm sgemm CUDA3 1.002515 147864 40
CPU8 44.427307 147825 sgemm sgemm CUDA3 1.196988 147865 40
CPU5 44.169870 147826 sgemm sgemm CUDA2 1.202622 147866 40
CPU15 44.538643 147827 sgemm sgemm CUDA0 1.003777 147867 40
CPU14 44.842145 147828 sgemm sgemm CUDA0 1.201416 147868 40
CPU2 44.028371 147829 sgemm sgemm CUDA2 1.012745 147869 40
CPU6 44.704311 147830 sgemm sgemm CUDA3 1.008538 147870 40
CPU3 44.161060 147831 sgemm sgemm CUDA1 1.257778 147871 40
CPU0 44.831714 147832 sgemm sgemm CUDA0 1.012669 147872 40
CPU17 44.866287 147833 sgemm sgemm CUDA3 1.008459 147873 40
CPU14 44.855186 147834 sgemm sgemm CUDA1 1.194640 147874 40
CPU18 44.775809 147835 sgemm sgemm CUDA1 0.999343 147875 40
CPU18 44.766871 147836 sgemm sgemm CUDA2 12.090218 147876 40
CPU2 44.253354 147837 sgemm sgemm CUDA0 1.205328 147877 40
CPU16 44.426676 147838 sgemm sgemm CUDA0 1.197662 147878 40
CPU14 44.724343 147839 sgemm sgemm CUDA3 1.006927 147879 40
CPU8 44.170020 147840 sgemm sgemm CUDA0 1.202820 147880 40
CPU8 44.341361 147841 sgemm sgemm CUDA3 0.066676 147881 40
CPU1 44.506987 147842 sgemm sgemm CUDA1 1.013436 147882 40
CPU1 44.269545 147843 sgemm sgemm CUDA1 1.014476 147883 40
CPU4 44.325340 147844 sgemm sgemm CUDA1 1.201703 147884 40
CPU15 44.420098 147845 sgemm sgemm CUDA3 1.266845 147885 40
CPU15 44.435221 147846 sgemm sgemm CUDA2 0.056354 147886 40
CPU6 44.476888 147847 sgemm sgemm CUDA2 1.268030 147887 40
CPU8 44.583067 147848 sgemm sgemm CUDA3 1.196452 147888 40
CPU4 44.059636 147849 sgemm sgemm CUDA3 1.019535 147889 40
CPU16 44.643363 147850 sgemm sgemm CUDA1 1.005473 147890 40
CPU6 44.559689 147851 sgemm sgemm CUDA3 1.195036 147891 40
CPU15 44.736009 147852 sgemm sgemm CUDA2 1.199056 147892 40
CPU14 44.749395 147853 sgemm sgemm CUDA2 1.009976 147893 40
CPU19 44.625508 147854 sgemm sgemm CUDA3 1.204532 147894 40
CPU14 44.432161 147855 sgemm sgemm CUDA3 1.199718 147895 40
CPU2 44.306575 147856 sgemm sgemm CUDA2 1.204215 147896 40
CPU9 44.037757 147857 sgemm sgemm CUDA1 1.202201 147897 40
CPU4 44.538227 147858 sgemm sgemm CUDA1 1.073726 147898 40
CPU0 44.562804 147859 sgemm sgemm CUDA3 1.013031 147899 40
CPU4 32.151156 147865 strsm strsm CUDA3 1.769546 147905 40
CPU3 31.747966 147869 strsm strsm CUDA1 2.218367 147909 40
CPU14 32.037533 147873 strsm strsm CUDA2 2.697308 147913 40
CPU6 32.270245 147877 strsm strsm CUDA2 12.517387 147917 40
CPU0 31.947403 147881 strsm strsm CUDA2 23.353665 147921 40
CPU15 31.405175 147885 strsm strsm CUDA1 14.323585 147925 40
CPU15 31.425118 147889 strsm strsm CUDA0 2.124844 147929 40
CPU16 31.566392 147893 strsm strsm CUDA0 25.636226 147933 40
CPU17 31.762406 147897 strsm strsm CUDA0 12.856941 147937 40
CPU4 32.330290 147901 strsm strsm CUDA3 2.726935 147941 40
CPU0 32.142333 147905 strsm strsm CUDA3 12.416216 147945 40
CPU9 31.421217 147909 strsm strsm CUDA0 2.450337 147949 40
CPU14 31.891240 147913 strsm strsm CUDA0 0.355105 147953 40
CPU14 32.363688 147917 strsm strsm CUDA0 1.260572 147957 40
CPU9 31.263394 147921 strsm strsm CUDA0 2.344818 147961 40
CPU3 31.938401 147925 strsm strsm CUDA1 12.505324 147965 40
CPU3 31.322830 147929 strsm strsm CUDA0 0.327637 147969 40
CPU0 32.498117 147933 strsm strsm CUDA0 1.178759 147973 40
CPU17 32.325682 147937 strsm strsm CUDA1 0.182980 147977 40
CPU14 32.264317 147941 strsm strsm CUDA1 2.783880 147981 40
CPU18 32.173618 147945 strsm strsm CUDA2 2.719292 147985 40
CPU17 32.353097 147949 strsm strsm CUDA0 0.420759 147989 40
CPU7 32.477958 147953 strsm strsm CUDA2 9.314473 147993 40
CPU14 32.117142 147957 strsm strsm CUDA0 0.263900 147997 40
CPU14 31.941209 147961 strsm strsm CUDA2 0.276079 148001 40
CPU8 31.951301 147965 strsm strsm CUDA0 0.537952 148005 40
CPU8 32.309680 147969 strsm strsm CUDA3 2.276137 148009 40
CPU7 32.504753 147973 strsm strsm CUDA1 2.670866 148013 40
CPU1 31.970995 147977 strsm strsm CUDA1 2.583162 148017 40
CPU4 32.489359 147981 strsm strsm CUDA3 11.335746 148021 40
CPU15 31.459942 147985 strsm strsm CUDA3 1.676532 148025 40
CPU15 31.685945 147989 strsm strsm CUDA2 23.976253 148029 40
CPU1 31.937222 147993 strsm strsm CUDA1 3.080116 148033 40
CPU3 32.006462 147997 strsm strsm CUDA3 0.216257 148037 40
CPU4 31.837472 148001 strsm strsm CUDA3 1.238229 148041 40
CPU16 31.558483 148005 strsm strsm CUDA2 1.331038 148045 40
CPU5 32.090688 148009 strsm strsm CUDA3 0.227274 148049 40
CPU15 32.036159 148013 strsm strsm CUDA1 0.201162 148053 40
CPU3 31.344683 148017 strsm strsm CUDA2 0.731013 148057 40
CPU8 32.133675 148021 strsm strsm CUDA1 18.047446 148061 40
CPU14 31.703917 148025 strsm strsm CUDA3 0.534021 148065 40
CPU2 32.153622 148029 strsm strsm CUDA1 0.113306 148069 40
CPU8 31.290613 148033 strsm strsm CUDA1 0.456805 148073 40
CPU3 32.148359 148037 strsm strsm CUDA2 1.291314 148077 40
CPU4 32.374847 148041 strsm strsm CUDA2 0.813407 148081 40
CPU2 14.543178 148045 strtri strtri CPU -1 148085 40
CPU15 30.549633 148047 strsm strsm CUDA0 3.191902 148087 40
CPU15 30.396520 148049 strsm strsm CUDA2 2.746549 148089 40
CPU15 30.632462 148051 strsm strsm CUDA1 13.127188 148091 40
CPU7 44.481051 148053 sgemm sgemm CUDA0 1.271860 148093 40
CPU2 44.423788 148054 sgemm sgemm CUDA1 1.064971 148094 40
CPU14 44.342038 148055 sgemm sgemm CUDA2 1.072251 148095 40
CPU9 44.570422 148056 sgemm sgemm CUDA2 0.058915 148096 40
CPU3 44.412517 148057 sgemm sgemm CUDA2 1.366245 148097 40
CPU15 44.438007 148058 sgemm sgemm CUDA1 1.044916 148098 40
CPU15 44.349580 148059 sgemm sgemm CUDA3 1.429536 148099 40
CPU16 44.316560 148060 sgemm sgemm CUDA3 3.608935 148100 40
CPU17 44.652783 148061 sgemm sgemm CUDA3 0.061546 148101 40
CPU9 45.237328 148062 sgemm sgemm CUDA3 0.070538 148102 40
CPU1 44.359270 148063 sgemm sgemm CUDA3 1.306013 148103 40
CPU5 44.445607 148064 sgemm sgemm CUDA0 0.066099 148104 40
CPU15 44.374971 148065 sgemm sgemm CUDA1 1.049682 148105 40
CPU14 44.454523 148066 sgemm sgemm CUDA0 1.303431 148106 40
CPU6 44.665774 148067 sgemm sgemm CUDA2 10.466989 148107 40
CPU9 44.543009 148068 sgemm sgemm CUDA1 1.053982 148108 40
CPU9 44.519281 148069 sgemm sgemm CUDA1 3.654525 148109 40
CPU8 44.583974 148070 sgemm sgemm CUDA0 1.061033 148110 40
CPU17 44.563897 148071 sgemm sgemm CUDA1 0.061734 148111 40
CPU14 44.407986 148072 sgemm sgemm CUDA1 1.344901 148112 40
CPU8 44.441968 148073 sgemm sgemm CUDA0 1.065000 148113 40
CPU17 44.640765 148074 sgemm sgemm CUDA0 1.240218 148114 40
CPU9 44.494641 148075 sgemm sgemm CUDA0 1.251702 148115 40
CPU14 44.899303 148076 sgemm sgemm CUDA0 1.244921 148116 40
CPU15 44.199652 148077 sgemm sgemm CUDA2 0.084651 148117 40
CPU1 44.638524 148078 sgemm sgemm CUDA0 1.055073 148118 40
CPU5 44.473482 148079 sgemm sgemm CUDA3 1.070200 148119 40
CPU0 44.954551 148080 sgemm sgemm CUDA1 10.474182 148120 40
CPU5 44.396574 148081 sgemm sgemm CUDA3 1.047928 148121 40
CPU4 44.679715 148082 sgemm sgemm CUDA1 0.045637 148122 40
CPU15 44.410407 148083 sgemm sgemm CUDA2 1.364796 148123 40
CPU15 44.493982 148084 sgemm sgemm CUDA2 1.060107 148124 40
CPU2 44.445366 148085 sgemm sgemm CUDA2 1.058247 148125 40
CPU0 44.695079 148086 sgemm sgemm CUDA3 1.054702 148126 40
CPU4 44.072773 148087 sgemm sgemm CUDA3 1.053980 148127 40
CPU16 44.522484 148088 sgemm sgemm CUDA1 1.354444 148128 40
CPU3 44.505006 148089 sgemm sgemm CUDA3 1.061697 148129 40
CPU15 44.651471 148090 sgemm sgemm CUDA2 1.062892 148130 40
CPU9 44.012028 148091 sgemm sgemm CUDA2 1.053215 148131 40
CPU8 44.499095 148092 sgemm sgemm CUDA3 1.051864 148132 40
CPU14 44.395370 148093 sgemm sgemm CUDA3 3.956786 148133 40
CPU2 44.454045 148094 sgemm sgemm CUDA1 1.049270 148134 40
CPU9 44.296096 148095 sgemm sgemm CUDA1 1.231323 148135 40
CPU4 44.613282 148096 sgemm sgemm CUDA1 1.054167 148136 40
CPU0 44.582805 148097 sgemm sgemm CUDA3 0.064519 148137 40
CPU4 44.424065 148098 sgemm sgemm CUDA0 3.382564 148138 40
CPU4 44.502726 148102 sgemm sgemm CUDA2 1.352943 148142 40
CPU4 44.442670 148103 sgemm sgemm CUDA2 1.066160 148143 40
CPU14 44.463809 148104 sgemm sgemm CUDA2 1.065753 148144 40
CPU6 44.784932 148105 sgemm sgemm CUDA2 1.260507 148145 40
CPU2 44.200893 148106 sgemm sgemm CUDA2 12.375726 148146 40
CPU15 44.363261 148107 sgemm sgemm CUDA1 1.375565 148147 40
CPU15 44.372625 148108 sgemm sgemm CUDA1 1.070633 148148 40
CPU16 44.552796 148109 sgemm sgemm CUDA0 1.289755 148149 40
CPU17 44.473813 148110 sgemm sgemm CUDA3 1.349244 148150 40
CPU4 44.765438 148111 sgemm sgemm CUDA3 1.272166 148151 40
CPU2 44.834698 148112 sgemm sgemm CUDA3 1.253708 148152 40
CPU8 44.634499 148113 sgemm sgemm CUDA0 1.253368 148153 40
CPU14 44.478391 148114 sgemm sgemm CUDA0 1.074981 148154 40
CPU14 44.565204 148115 sgemm sgemm CUDA0 12.463373 148155 40
CPU9 44.653141 148116 sgemm sgemm CUDA0 0.048825 148156 40
CPU8 44.651651 148117 sgemm sgemm CUDA1 1.255989 148157 40
CPU2 44.653370 148118 sgemm sgemm CUDA0 1.400806 148158 40
CPU7 44.725164 148119 sgemm sgemm CUDA0 1.277903 148159 40
CPU18 44.137433 148120 sgemm sgemm CUDA1 1.257321 148160 40
CPU14 44.453788 148121 sgemm sgemm CUDA1 1.254688 148161 40
CPU19 44.642176 148122 sgemm sgemm CUDA0 1.270973 148162 40
CPU14 44.804346 148123 sgemm sgemm CUDA2 0.136534 148163 40
CPU7 44.878265 148124 sgemm sgemm CUDA0 1.080165 148164 40
CPU10 44.479863 148125 sgemm sgemm CUDA0 1.070653 148165 40
CPU14 44.584323 148126 sgemm sgemm CUDA2 1.373228 148166 40
CPU0 45.065459 148127 sgemm sgemm CUDA0 1.260656 148167 40
CPU4 44.378403 148128 sgemm sgemm CUDA3 1.263829 148168 40
CPU2 44.659445 148129 sgemm sgemm CUDA1 1.068205 148169 40
CPU9 44.493008 148130 sgemm sgemm CUDA3 1.258058 148170 40
CPU4 44.876279 148131 sgemm sgemm CUDA1 1.065374 148171 40
CPU16 44.467081 148132 sgemm sgemm CUDA2 1.265844 148172 40
CPU14 44.524564 148133 sgemm sgemm CUDA2 1.077846 148173 40
CPU5 44.609035 148134 sgemm sgemm CUDA2 1.261504 148174 40
CPU9 44.825128 148135 sgemm sgemm CUDA3 1.251092 148175 40
CPU3 44.907875 148136 sgemm sgemm CUDA3 1.256178 148176 40
CPU16 44.517389 148137 sgemm sgemm CUDA1 1.063257 148177 40
CPU5 44.448588 148138 sgemm sgemm CUDA3 1.069286 148178 40
CPU15 44.536211 148139 sgemm sgemm CUDA2 1.066468 148179 40
CPU14 44.668576 148140 sgemm sgemm CUDA2 1.065045 148180 40
CPU19 44.750439 148141 sgemm sgemm CUDA3 1.070571 148181 40
CPU14 44.559683 148142 sgemm sgemm CUDA3 12.724924 148182 40
CPU2 44.308964 148143 sgemm sgemm CUDA1 12.147417 148183 40
CPU8 44.042485 148144 sgemm sgemm CUDA0 1.258969 148184 40
CPU3 44.332210 148145 sgemm sgemm CUDA1 0.040501 148185 40
CPU1 44.247881 148146 sgemm sgemm CUDA3 0.073499 148186 40
CPU0 44.279454 148147 sgemm sgemm CUDA3 1.382992 148187 40
CPU3 44.477738 148151 sgemm sgemm CUDA0 1.067567 148191 40
CPU1 44.604189 148152 sgemm sgemm CUDA0 1.199701 148192 40
CPU14 44.670361 148153 sgemm sgemm CUDA2 1.069011 148193 40
CPU8 44.346027 148154 sgemm sgemm CUDA2 1.005194 148194 40
CPU0 44.689231 148155 sgemm sgemm CUDA2 1.009981 148195 40
CPU14 44.767897 148156 sgemm sgemm CUDA2 1.014317 148196 40
CPU15 44.543861 148157 sgemm sgemm CUDA0 1.005871 148197 40
CPU16 44.833141 148158 sgemm sgemm CUDA0 1.197427 148198 40
CPU17 44.529772 148159 sgemm sgemm CUDA3 1.065499 148199 40
CPU3 44.400992 148160 sgemm sgemm CUDA3 1.010692 148200 40
CPU9 44.488340 148161 sgemm sgemm CUDA3 1.012859 148201 40
CPU6 44.408150 148162 sgemm sgemm CUDA0 1.201507 148202 40
CPU15 44.642003 148163 sgemm sgemm CUDA0 1.002569 148203 40
CPU14 44.624925 148164 sgemm sgemm CUDA0 1.202483 148204 40
CPU5 44.287629 148165 sgemm sgemm CUDA2 1.260764 148205 40
CPU7 44.646657 148166 sgemm sgemm CUDA3 1.197237 148206 40
CPU3 44.560946 148167 sgemm sgemm CUDA1 1.306566 148207 40
CPU8 44.233568 148168 sgemm sgemm CUDA0 1.202387 148208 40
CPU17 45.027594 148169 sgemm sgemm CUDA3 1.010090 148209 40
CPU14 44.784399 148170 sgemm sgemm CUDA1 1.006254 148210 40
CPU18 44.820011 148171 sgemm sgemm CUDA0 1.201569 148211 40
CPU18 44.685437 148172 sgemm sgemm CUDA2 1.204291 148212 40
CPU6 44.416849 148173 sgemm sgemm CUDA0 1.012791 148213 40
CPU16 44.472337 148174 sgemm sgemm CUDA0 1.201858 148214 40
CPU15 44.473847 148175 sgemm sgemm CUDA3 1.013713 148215 40
CPU8 44.294966 148176 sgemm sgemm CUDA0 1.197422 148216 40
CPU1 44.332535 148177 sgemm sgemm CUDA3 1.016869 148217 40
CPU2 44.268286 148178 sgemm sgemm CUDA1 1.202357 148218 40
CPU6 44.410608 148179 sgemm sgemm CUDA1 1.014349 148219 40
CPU4 44.340559 148180 sgemm sgemm CUDA1 1.199549 148220 40
CPU15 44.334109 148181 sgemm sgemm CUDA2 1.015830 148221 40
CPU15 44.513954 148182 sgemm sgemm CUDA2 1.200356 148222 40
CPU6 44.406224 148183 sgemm sgemm CUDA2 1.011981 148223 40
CPU5 44.441813 148184 sgemm sgemm CUDA3 1.015609 148224 40
CPU4 44.358310 148185 sgemm sgemm CUDA3 1.205239 148225 40
CPU16 44.886824 148186 sgemm sgemm CUDA1 1.203273 148226 40
CPU6 44.479171 148187 sgemm sgemm CUDA3 12.297325 148227 40
CPU15 44.884447 148188 sgemm sgemm CUDA2 1.013292 148228 40
CPU14 44.752751 148189 sgemm sgemm CUDA2 12.832799 148229 40
CPU16 44.669037 148190 sgemm sgemm CUDA3 0.043299 148230 40
CPU14 44.649493 148191 sgemm sgemm CUDA3 1.280881 148231 40
CPU2 44.355318 148192 sgemm sgemm CUDA2 0.178428 148232 40
CPU8 44.071075 148193 sgemm sgemm CUDA1 1.011816 148233 40
CPU3 44.350975 148194 sgemm sgemm CUDA1 1.010497 148234 40
CPU0 44.478923 148195 sgemm sgemm CUDA3 1.030573 148235 40
CPU8 44.177712 148196 sgemm sgemm CUDA0 12.569309 148236 40
CPU3 31.632674 148202 strsm strsm CUDA0 0.126199 148242 40
CPU1 31.631612 148206 strsm strsm CUDA1 14.385865 148246 40
CPU14 31.822105 148210 strsm strsm CUDA2 2.863455 148250 40
CPU6 32.060974 148214 strsm strsm CUDA2 8.681175 148254 40
CPU1 31.541555 148218 strsm strsm CUDA2 11.386418 148258 40
CPU15 31.726761 148222 strsm strsm CUDA1 0.190222 148262 40
CPU15 31.496782 148226 strsm strsm CUDA1 2.782319 148266 40
CPU16 31.518583 148230 strsm strsm CUDA0 11.329583 148270 40
CPU17 31.845167 148234 strsm strsm CUDA3 3.240414 148274 40
CPU4 32.528134 148238 strsm strsm CUDA3 6.938673 148278 40
CPU2 32.060455 148242 strsm strsm CUDA3 0.202418 148282 40
CPU8 31.777124 148246 strsm strsm CUDA2 0.090708 148286 40
CPU15 31.384893 148250 strsm strsm CUDA0 2.093389 148290 40
CPU14 32.088299 148254 strsm strsm CUDA0 7.240266 148294 40
CPU4 32.337245 148258 strsm strsm CUDA2 3.068210 148298 40
CPU8 32.060302 148262 strsm strsm CUDA3 1.337347 148302 40
CPU1 31.968760 148266 strsm strsm CUDA0 0.241092 148306 40
CPU8 32.130042 148270 strsm strsm CUDA0 0.371748 148310 40
CPU18 31.652794 148274 strsm strsm CUDA1 3.091353 148314 40
CPU14 32.060959 148278 strsm strsm CUDA1 2.678788 148318 40
CPU18 32.112906 148282 strsm strsm CUDA0 1.374275 148322 40
CPU17 32.372728 148286 strsm strsm CUDA2 6.837801 148326 40
CPU7 32.615054 148290 strsm strsm CUDA0 0.190619 148330 40
CPU14 32.987004 148294 strsm strsm CUDA3 2.773796 148334 40
CPU14 31.801049 148298 strsm strsm CUDA3 0.348905 148338 40
CPU8 32.073260 148302 strsm strsm CUDA0 0.228622 148342 40
CPU1 31.576609 148306 strsm strsm CUDA3 0.207152 148346 40
CPU2 32.184671 148310 strsm strsm CUDA1 2.616148 148350 40
CPU6 32.665676 148314 strsm strsm CUDA1 10.463420 148354 40
CPU2 32.122310 148318 strsm strsm CUDA1 0.228391 148358 40
CPU16 31.516395 148322 strsm strsm CUDA2 0.224819 148362 40
CPU15 31.438183 148326 strsm strsm CUDA2 0.522083 148366 40
CPU2 32.193831 148330 strsm strsm CUDA2 0.344005 148370 40
CPU5 32.128384 148334 strsm strsm CUDA3 0.802024 148374 40
CPU3 31.265980 148338 strsm strsm CUDA3 0.274434 148378 40
CPU16 31.594173 148342 strsm strsm CUDA1 0.176972 148382 40
CPU6 32.554707 148346 strsm strsm CUDA2 9.152672 148386 40
CPU14 32.123454 148350 strsm strsm CUDA2 1.246573 148390 40
CPU9 31.315075 148354 strsm strsm CUDA2 1.087826 148394 40
CPU8 31.717249 148358 strsm strsm CUDA3 0.246210 148398 40
CPU14 32.023057 148362 strsm strsm CUDA3 0.156273 148402 40
CPU2 32.289236 148366 strsm strsm CUDA1 0.432905 148406 40
CPU8 31.274884 148370 strsm strsm CUDA0 0.385692 148410 40
CPU3 31.853356 148374 strsm strsm CUDA1 2.042979 148414 40
CPU0 32.001404 148378 strsm strsm CUDA0 0.124042 148418 40
CPU8 31.397112 148382 strsm strsm CUDA0 2.982828 148422 40
CPU2 14.606011 148386 strtri strtri CPU10 25.305153 148426 40
CPU15 30.184109 148388 strsm strsm CUDA3 3.018477 148428 40
CPU15 30.232353 148390 strsm strsm CUDA0 3.088248 148430 40
CPU4 44.776582 148392 sgemm sgemm CUDA2 1.454752 148432 40
CPU2 44.518948 148393 sgemm sgemm CUDA3 1.416283 148433 40
CPU14 44.474536 148394 sgemm sgemm CUDA2 1.306593 148434 40
CPU5 44.714112 148395 sgemm sgemm CUDA2 1.334790 148435 40
CPU3 44.561261 148396 sgemm sgemm CUDA2 9.934484 148436 40
CPU15 44.436275 148397 sgemm sgemm CUDA0 1.206371 148437 40
CPU15 44.663382 148398 sgemm sgemm CUDA3 1.236320 148438 40
CPU16 44.388793 148399 sgemm sgemm CUDA3 1.250751 148439 40
CPU15 44.532039 148400 sgemm sgemm CUDA3 3.977858 148440 40
CPU4 44.750516 148401 sgemm sgemm CUDA3 1.264956 148441 40
CPU2 44.426973 148402 sgemm sgemm CUDA3 1.248397 148442 40
CPU8 44.814115 148403 sgemm sgemm CUDA0 1.066217 148443 40
CPU15 44.070204 148404 sgemm sgemm CUDA0 0.074254 148444 40
CPU14 44.455212 148405 sgemm sgemm CUDA0 11.335709 148445 40
CPU8 44.472215 148406 sgemm sgemm CUDA2 0.070363 148446 40
CPU7 44.880940 148407 sgemm sgemm CUDA1 11.361830 148447 40
CPU2 45.682973 148408 sgemm sgemm CUDA1 0.082712 148448 40
CPU7 44.627027 148409 sgemm sgemm CUDA2 1.001334 148449 40
CPU16 44.476498 148410 sgemm sgemm CUDA1 0.063055 148450 40
CPU14 44.355776 148411 sgemm sgemm CUDA1 1.370525 148451 40
CPU8 44.662270 148412 sgemm sgemm CUDA2 1.203257 148452 40
CPU17 44.469181 148413 sgemm sgemm CUDA2 0.998120 148453 40
CPU7 44.968591 148414 sgemm sgemm CUDA0 0.065712 148454 40
CPU14 44.414460 148415 sgemm sgemm CUDA0 1.014042 148455 40
CPU14 44.477832 148416 sgemm sgemm CUDA2 5.589683 148456 40
CPU0 45.181953 148417 sgemm sgemm CUDA0 1.054008 148457 40
CPU4 44.956990 148418 sgemm sgemm CUDA3 0.044007 148458 40
CPU2 44.796841 148419 sgemm sgemm CUDA1 1.008229 148459 40
CPU9 44.652593 148420 sgemm sgemm CUDA3 0.064126 148460 40
CPU4 44.492530 148421 sgemm sgemm CUDA1 1.197761 148461 40
CPU16 44.557811 148422 sgemm sgemm CUDA2 1.315919 148462 40
CPU14 44.483563 148423 sgemm sgemm CUDA2 1.008402 148463 40
CPU1 44.500728 148424 sgemm sgemm CUDA2 0.058244 148464 40
CPU0 44.915024 148425 sgemm sgemm CUDA3 1.362642 148465 40
CPU3 44.596181 148426 sgemm sgemm CUDA3 1.064005 148466 40
CPU16 44.539928 148427 sgemm sgemm CUDA1 5.640484 148467 40
CPU3 44.730427 148428 sgemm sgemm CUDA3 1.198787 148468 40
CPU15 44.424616 148429 sgemm sgemm CUDA2 1.274542 148469 40
CPU9 44.615082 148430 sgemm sgemm CUDA2 1.242199 148470 40
CPU8 44.606153 148431 sgemm sgemm CUDA3 5.663592 148471 40
CPU14 44.273831 148432 sgemm sgemm CUDA3 0.060497 148472 40
CPU8 44.743973 148433 sgemm sgemm CUDA1 1.013808 148473 40
CPU9 44.656643 148434 sgemm sgemm CUDA0 1.206620 148474 40
CPU4 44.727111 148435 sgemm sgemm CUDA1 8.298904 148475 40
CPU5 44.747079 148436 sgemm sgemm CUDA3 1.011778 148476 40
CPU0 44.475187 148437 sgemm sgemm CUDA0 0.058850 148477 40
CPU9 44.352638 148438 sgemm sgemm CUDA2 1.198427 148478 40
CPU8 44.658315 148442 sgemm sgemm CUDA0 1.369881 148482 40
CPU1 44.827235 148443 sgemm sgemm CUDA0 1.208403 148483 40
CPU14 44.712022 148444 sgemm sgemm CUDA1 5.760360 148484 40
CPU9 44.721916 148445 sgemm sgemm CUDA0 1.204677 148485 40
CPU2 44.781153 148446 sgemm sgemm CUDA2 17.348706 148486 40
CPU14 44.763391 148447 sgemm sgemm CUDA2 1.273847 148487 40
CPU15 44.383515 148448 sgemm sgemm CUDA0 1.009963 148488 40
CPU16 44.394874 148449 sgemm sgemm CUDA0 0.060244 148489 40
CPU16 44.401856 148450 sgemm sgemm CUDA3 1.050792 148490 40
CPU3 44.440402 148451 sgemm sgemm CUDA2 1.377465 148491 40
CPU1 44.438469 148452 sgemm sgemm CUDA3 1.012144 148492 40
CPU5 44.652464 148453 sgemm sgemm CUDA2 1.065780 148493 40
CPU15 44.295761 148454 sgemm sgemm CUDA0 5.796932 148494 40
CPU14 44.896958 148455 sgemm sgemm CUDA0 1.251080 148495 40
CPU5 44.332075 148456 sgemm sgemm CUDA2 1.243593 148496 40
CPU9 44.670336 148457 sgemm sgemm CUDA3 1.205620 148497 40
CPU2 44.770374 148458 sgemm sgemm CUDA1 1.243184 148498 40
CPU8 44.323667 148459 sgemm sgemm CUDA2 1.402976 148499 40
CPU17 44.534015 148460 sgemm sgemm CUDA3 5.881956 148500 40
CPU14 44.562155 148461 sgemm sgemm CUDA1 1.052196 148501 40
CPU18 44.604083 148462 sgemm sgemm CUDA2 0.062964 148502 40
CPU17 44.413867 148463 sgemm sgemm CUDA2 1.241995 148503 40
CPU9 44.359337 148464 sgemm sgemm CUDA0 1.244864 148504 40
CPU14 44.616868 148465 sgemm sgemm CUDA0 1.010933 148505 40
CPU15 44.271285 148466 sgemm sgemm CUDA3 1.053047 148506 40
CPU4 44.607616 148467 sgemm sgemm CUDA0 1.013722 148507 40
CPU1 44.526869 148468 sgemm sgemm CUDA3 1.237072 148508 40
CPU0 44.892363 148469 sgemm sgemm CUDA1 0.061351 148509 40
CPU5 44.537791 148470 sgemm sgemm CUDA1 1.305904 148510 40
CPU1 44.363167 148471 sgemm sgemm CUDA1 1.006316 148511 40
CPU15 44.321943 148472 sgemm sgemm CUDA2 1.057615 148512 40
CPU14 44.579643 148473 sgemm sgemm CUDA2 1.204767 148513 40
CPU2 44.334366 148474 sgemm sgemm CUDA2 1.209380 148514 40
CPU4 44.866290 148475 sgemm sgemm CUDA3 1.367888 148515 40
CPU4 44.601665 148476 sgemm sgemm CUDA3 1.006569 148516 40
CPU16 44.617662 148477 sgemm sgemm CUDA1 0.067661 148517 40
CPU6 44.732989 148478 sgemm sgemm CUDA3 8.288189 148518 40
CPU15 44.481289 148479 sgemm sgemm CUDA2 4.311786 148519 40
CPU2 44.366900 148480 sgemm sgemm CUDA2 0.192959 148520 40
CPU8 44.415827 148481 sgemm sgemm CUDA3 0.050330 148521 40
CPU14 44.407016 148482 sgemm sgemm CUDA3 1.204283 148522 40
CPU9 44.568302 148483 sgemm sgemm CUDA3 1.194773 148523 40
CPU5 44.348361 148484 sgemm sgemm CUDA1 1.223452 148524 40
CPU3 44.550484 148485 sgemm sgemm CUDA1 1.204847 148525 40
CPU6 44.728276 148486 sgemm sgemm CUDA3 1.006162 148526 40
CPU7 44.598256 148487 sgemm sgemm CUDA0 1.319292 148527 40
CPU8 44.404600 148488 sgemm sgemm CUDA3 1.008615 148528 40
CPU8 31.827580 148494 strsm strsm CUDA0 2.719229 148534 40
CPU1 32.015059 148498 strsm strsm CUDA3 2.734501 148538 40
CPU14 31.822449 148502 strsm strsm CUDA1 2.646394 148542 40
CPU5 32.392580 148506 strsm strsm CUDA0 2.983732 148546 40
CPU2 32.406044 148510 strsm strsm CUDA1 0.436795 148550 40
CPU15 31.318780 148514 strsm strsm CUDA2 2.945135 148554 40
CPU15 31.343778 148518 strsm strsm CUDA0 0.202276 148558 40
CPU16 31.397212 148522 strsm strsm CUDA0 2.657601 148562 40
CPU16 31.741155 148526 strsm strsm CUDA3 3.876165 148566 40
CPU3 31.812185 148530 strsm strsm CUDA3 0.456038 148570 40
CPU1 31.371232 148534 strsm strsm CUDA3 0.763403 148574 40
CPU5 32.220062 148538 strsm strsm CUDA0 0.479763 148578 40
CPU14 31.813493 148542 strsm strsm CUDA1 2.713287 148582 40
CPU14 31.743146 148546 strsm strsm CUDA0 5.352321 148586 40
CPU8 31.700029 148550 strsm strsm CUDA2 2.927299 148590 40
CPU7 32.748880 148554 strsm strsm CUDA3 2.283277 148594 40
CPU2 32.300160 148558 strsm strsm CUDA1 7.302462 148598 40
CPU8 31.719361 148562 strsm strsm CUDA0 2.896620 148602 40
CPU16 31.364999 148566 strsm strsm CUDA1 2.267713 148606 40
CPU14 31.686531 148570 strsm strsm CUDA1 1.576515 148610 40
CPU18 31.392384 148574 strsm strsm CUDA2 0.243564 148614 40
CPU17 31.894761 148578 strsm strsm CUDA2 6.685562 148618 40
CPU6 32.732166 148582 strsm strsm CUDA0 10.448747 148622 40
CPU14 32.144534 148586 strsm strsm CUDA0 0.886974 148626 40
CPU14 31.652651 148590 strsm strsm CUDA2 2.002176 148630 40
CPU4 32.493048 148594 strsm strsm CUDA0 2.552696 148634 40
CPU1 31.914014 148598 strsm strsm CUDA3 1.837477 148638 40
CPU0 32.635963 148602 strsm strsm CUDA1 1.635114 148642 40
CPU5 32.258701 148606 strsm strsm CUDA3 6.404581 148646 40
CPU1 31.444739 148610 strsm strsm CUDA1 1.528397 148650 40
CPU16 31.885128 148614 strsm strsm CUDA2 12.533048 148654 40
CPU14 32.175682 148618 strsm strsm CUDA2 0.264557 148658 40
CPU2 31.671536 148622 strsm strsm CUDA2 0.615534 148662 40
CPU4 32.141301 148626 strsm strsm CUDA3 0.956315 148666 40
CPU4 31.924753 148630 strsm strsm CUDA1 12.893490 148670 40
CPU16 31.827041 148634 strsm strsm CUDA1 1.028597 148674 40
CPU6 32.698049 148638 strsm strsm CUDA3 0.759014 148678 40
CPU15 31.870204 148642 strsm strsm CUDA3 0.104602 148682 40
CPU2 31.554641 148646 strsm strsm CUDA2 0.052598 148686 40
CPU8 32.155189 148650 strsm strsm CUDA3 0.361072 148690 40
CPU14 31.510299 148654 strsm strsm CUDA0 4.509607 148694 40
CPU9 32.371383 148658 strsm strsm CUDA1 0.832067 148698 40
CPU5 32.018209 148662 strsm strsm CUDA0 3.225565 148702 40
CPU3 31.982249 148666 strsm strsm CUDA1 0.714930 148706 40
CPU5 32.228768 148670 strsm strsm CUDA3 0.615243 148710 40
CPU7 32.343885 148674 strsm strsm CUDA0 1.495725 148714 40
CPU8 31.608244 148678 strsm strsm CUDA1 3.034146 148718 40
CPU8 15.164912 148682 strtri strtri CPU -1 148722 40
CPU15 30.321607 148684 strsm strsm CUDA0 2.652646 148724 40
CPU8 44.538282 148686 sgemm sgemm CUDA0 0.943961 148726 40
CPU1 44.630834 148687 sgemm sgemm CUDA3 0.949342 148727 40
CPU14 44.593863 148688 sgemm sgemm CUDA2 1.129204 148728 40
CPU3 44.677128 148689 sgemm sgemm CUDA0 0.974116 148729 40
CPU1 44.524571 148690 sgemm sgemm CUDA2 1.408510 148730 40
CPU14 44.723244 148691 sgemm sgemm CUDA1 1.130096 148731 40
CPU15 44.468497 148692 sgemm sgemm CUDA0 5.483129 148732 40
CPU16 44.849924 148693 sgemm sgemm CUDA0 0.055397 148733 40
CPU16 44.725058 148694 sgemm sgemm CUDA3 1.396562 148734 40
CPU4 44.520780 148695 sgemm sgemm CUDA2 0.946719 148735 40
CPU9 44.656246 148696 sgemm sgemm CUDA3 0.953364 148736 40
CPU6 44.774100 148697 sgemm sgemm CUDA2 0.161621 148737 40
CPU15 44.457166 148698 sgemm sgemm CUDA0 1.161263 148738 40
CPU14 44.663673 148699 sgemm sgemm CUDA0 1.137285 148739 40
CPU7 44.593888 148700 sgemm sgemm CUDA2 1.247825 148740 40
CPU7 44.962470 148701 sgemm sgemm CUDA3 4.930666 148741 40
CPU2 44.802053 148702 sgemm sgemm CUDA1 1.403226 148742 40
CPU8 44.530829 148703 sgemm sgemm CUDA2 0.958540 148743 40
CPU16 44.460580 148704 sgemm sgemm CUDA3 0.086015 148744 40
CPU14 44.848697 148705 sgemm sgemm CUDA1 1.137259 148745 40
CPU18 44.445802 148706 sgemm sgemm CUDA2 0.944651 148746 40
CPU17 44.859711 148707 sgemm sgemm CUDA2 0.941149 148747 40
CPU7 44.607754 148708 sgemm sgemm CUDA0 1.127684 148748 40
CPU14 44.693666 148709 sgemm sgemm CUDA0 1.142015 148749 40
CPU14 44.791911 148710 sgemm sgemm CUDA3 1.274098 148750 40
CPU4 44.545596 148711 sgemm sgemm CUDA0 1.147167 148751 40
CPU1 44.581045 148712 sgemm sgemm CUDA3 1.138605 148752 40
CPU9 44.302736 148713 sgemm sgemm CUDA1 0.958403 148753 40
CPU3 44.738903 148714 sgemm sgemm CUDA3 0.943661 148754 40
CPU9 44.537248 148715 sgemm sgemm CUDA1 0.053063 148755 40
CPU16 44.739789 148716 sgemm sgemm CUDA2 0.947777 148756 40
CPU14 44.505350 148717 sgemm sgemm CUDA2 0.063283 148757 40
CPU2 44.374710 148718 sgemm sgemm CUDA2 1.138045 148758 40
CPU4 45.120188 148719 sgemm sgemm CUDA3 1.135471 148759 40
CPU4 44.513934 148720 sgemm sgemm CUDA3 1.136861 148760 40
CPU16 44.706384 148721 sgemm sgemm CUDA1 1.230002 148761 40
CPU6 44.924524 148722 sgemm sgemm CUDA3 0.049841 148762 40
CPU14 44.389008 148723 sgemm sgemm CUDA2 0.939908 148763 40
CPU2 44.521636 148724 sgemm sgemm CUDA2 0.944346 148764 40
CPU8 44.479265 148725 sgemm sgemm CUDA3 1.141053 148765 40
CPU14 44.459965 148726 sgemm sgemm CUDA3 0.928834 148766 40
CPU9 44.522131 148727 sgemm sgemm CUDA0 0.957518 148767 40
CPU4 44.676815 148728 sgemm sgemm CUDA0 1.134351 148768 40
CPU3 44.609121 148729 sgemm sgemm CUDA1 1.135361 148769 40
CPU5 44.718808 148730 sgemm sgemm CUDA3 0.942604 148770 40
CPU7 44.591046 148731 sgemm sgemm CUDA0 1.132251 148771 40
CPU4 44.600065 148732 sgemm sgemm CUDA0 1.138294 148772 40
CPU5 44.720507 148733 sgemm sgemm CUDA0 1.442150 148773 40
CPU5 31.581832 148739 strsm strsm CUDA0 3.243598 148779 40
CPU1 31.499528 148743 strsm strsm CUDA3 1.027454 148783 40
CPU14 32.112924 148747 strsm strsm CUDA2 2.945553 148787 40
CPU3 31.794175 148751 strsm strsm CUDA0 0.250076 148791 40
CPU1 31.732997 148755 strsm strsm CUDA3 0.357964 148795 40
CPU14 31.987221 148759 strsm strsm CUDA1 0.254704 148799 40
CPU15 32.772036 148763 strsm strsm CUDA0 0.252068 148803 40
CPU16 32.569456 148767 strsm strsm CUDA3 2.639249 148807 40
CPU16 32.853101 148771 strsm strsm CUDA1 0.238930 148811 40
CPU4 32.205401 148775 strsm strsm CUDA3 2.316804 148815 40
CPU9 31.846020 148779 strsm strsm CUDA3 0.262778 148819 40
CPU6 32.383414 148783 strsm strsm CUDA2 10.974361 148823 40
CPU15 32.483089 148787 strsm strsm CUDA1 2.631773 148827 40
CPU14 31.804177 148791 strsm strsm CUDA1 6.381013 148831 40
CPU7 32.162401 148795 strsm strsm CUDA2 0.413082 148835 40
CPU7 32.168296 148799 strsm strsm CUDA3 0.180318 148839 40
CPU8 31.857794 148803 strsm strsm CUDA1 0.244899 148843 40
CPU8 32.749381 148807 strsm strsm CUDA2 0.192456 148847 40
CPU16 32.596198 148811 strsm strsm CUDA3 10.482754 148851 40
CPU14 31.780712 148815 strsm strsm CUDA3 2.223706 148855 40
CPU18 32.502788 148819 strsm strsm CUDA2 11.804339 148859 40
CPU17 32.218445 148823 strsm strsm CUDA2 0.374762 148863 40
CPU7 32.341725 148827 strsm strsm CUDA1 2.847147 148867 40
CPU14 32.475988 148831 strsm strsm CUDA0 0.764495 148871 40
CPU14 31.997011 148835 strsm strsm CUDA3 2.983351 148875 40
CPU4 32.176429 148839 strsm strsm CUDA3 1.977099 148879 40
CPU1 32.012728 148843 strsm strsm CUDA3 10.835443 148883 40
CPU9 31.928766 148847 strsm strsm CUDA1 2.831644 148887 40
CPU3 32.022903 148851 strsm strsm CUDA3 0.229642 148891 40
CPU9 31.923903 148855 strsm strsm CUDA1 2.965832 148895 40
CPU14 32.032119 148859 strsm strsm CUDA2 0.450564 148899 40
CPU14 32.577126 148863 strsm strsm CUDA2 0.540545 148903 40
CPU2 31.861870 148867 strsm strsm CUDA1 11.536403 148907 40
CPU4 32.658053 148871 strsm strsm CUDA3 0.252541 148911 40
CPU4 31.869470 148875 strsm strsm CUDA3 0.190226 148915 40
CPU15 32.008170 148879 strsm strsm CUDA1 10.900423 148919 40
CPU5 31.927074 148883 strsm strsm CUDA3 12.034900 148923 40
CPU14 31.964223 148887 strsm strsm CUDA2 0.785800 148927 40
CPU2 32.056828 148891 strsm strsm CUDA1 14.280214 148931 40
CPU8 32.558806 148895 strsm strsm CUDA0 0.265704 148935 40
CPU14 32.294434 148899 strsm strsm CUDA3 20.875862 148939 40
CPU9 31.862245 148903 strsm strsm CUDA0 1.833369 148943 40
CPU4 32.195440 148907 strsm strsm CUDA3 1.706258 148947 40
CPU3 31.850920 148911 strsm strsm CUDA1 3.059870 148951 40
CPU5 31.927020 148915 strsm strsm CUDA0 11.241434 148955 40
CPU7 31.951478 148919 strsm strsm CUDA2 0.572723 148959 40
CPU4 31.874814 148923 strsm strsm CUDA2 1.471415 148963 40
CPU5 32.414919 148927 strsm strsm CUDA0 12.196386 148967 40
CPU4 15.255520 148931 strtri strtri CPU -1 148971 40
CPU4 32.044292 148935 strsm strsm CUDA0 2.793516 148975 40
CPU1 31.859481 148938 strsm strsm CUDA2 3.168718 148978 40
CPU14 32.238540 148941 strsm strsm CUDA2 0.274753 148981 40
CPU3 31.905648 148944 strsm strsm CUDA0 10.922476 148984 40
CPU8 31.351707 148947 strsm strsm CUDA2 0.248058 148987 40
CPU14 32.228884 148950 strsm strsm CUDA1 2.049441 148990 40
CPU15 32.626598 148953 strsm strsm CUDA0 2.110161 148993 40
CPU16 33.121927 148956 strsm strsm CUDA0 2.859442 148996 40
CPU15 32.013211 148959 strsm strsm CUDA1 10.989794 148999 40
CPU4 31.662687 148962 strsm strsm CUDA2 0.249093 149002 40
CPU7 31.793555 148965 strsm strsm CUDA2 11.619063 149005 40
CPU6 32.291615 148968 strsm strsm CUDA2 0.274853 149008 40
CPU15 32.732920 148971 strsm strsm CUDA0 4.967415 149011 40
CPU14 32.413535 148974 strsm strsm CUDA2 2.676601 149014 40
CPU3 31.372958 148977 strsm strsm CUDA0 11.516769 149017 40
CPU7 32.390217 148980 strsm strsm CUDA3 0.367784 149020 40
CPU3 31.939629 148983 strsm strsm CUDA2 5.559406 149023 40
CPU4 31.639269 148986 strsm strsm CUDA2 0.280011 149026 40
CPU16 33.196658 148989 strsm strsm CUDA3 0.201130 149029 40
CPU14 32.314047 148992 strsm strsm CUDA1 2.832193 149032 40
CPU18 32.851970 148995 strsm strsm CUDA0 2.992670 149035 40
CPU17 32.285445 148998 strsm strsm CUDA1 7.201417 149038 40
CPU7 31.625097 149001 strsm strsm CUDA1 2.695700 149041 40
CPU14 32.482895 149004 strsm strsm CUDA1 2.835261 149044 40
CPU14 32.378161 149007 strsm strsm CUDA3 0.397204 149047 40
CPU4 31.632831 149010 strsm strsm CUDA2 2.990987 149050 40
CPU0 31.770881 149013 strsm strsm CUDA0 0.295781 149053 40
CPU9 31.353032 149016 strsm strsm CUDA1 0.315696 149056 40
CPU1 31.340043 149019 strsm strsm CUDA3 0.184352 149059 40
CPU3 31.396255 149022 strsm strsm CUDA1 0.192839 149062 40
CPU16 32.696840 149025 strsm strsm CUDA1 0.530237 149065 40
CPU14 32.481665 149028 strsm strsm CUDA2 0.344310 149068 40
CPU1 31.178545 149031 strsm strsm CUDA0 0.193351 149071 40
CPU2 32.064817 149034 strsm strsm CUDA0 2.887161 149074 40
CPU4 31.602687 149037 strsm strsm CUDA0 2.946603 149077 40
CPU16 33.097837 149040 strsm strsm CUDA1 0.531465 149080 40
CPU6 31.797987 149043 strsm strsm CUDA3 0.246331 149083 40
CPU14 32.667416 149046 strsm strsm CUDA2 0.290623 149086 40
CPU2 31.404503 149049 strsm strsm CUDA2 21.567664 149089 40
CPU8 32.132355 149052 strsm strsm CUDA1 24.185710 149092 40
CPU14 32.217678 149055 strsm strsm CUDA3 0.297614 149095 40
CPU8 31.236704 149058 strsm strsm CUDA0 1.922863 149098 40
CPU4 31.801547 149061 strsm strsm CUDA0 2.886980 149101 40
CPU2 31.413539 149064 strsm strsm CUDA1 0.482455 149104 40
CPU3 31.200746 149067 strsm strsm CUDA3 34.486921 149107 40
CPU2 31.478443 149070 strsm strsm CUDA0 14.668312 149110 40
CPU8 31.420190 149073 strsm strsm CUDA0 0.789132 149113 40
CPU4 32.389200 149076 strsm strsm CUDA0 0.460124 149116 40
CPU5 32.084908 149079 strsm strsm CUDA1 3.230982 149119 40
CPU5 14.525100 149083 strtri strtri CPU -1 149123 40
CPU15 12.063787 149087 slauum slauum CPU17 106.471944 149127 40
CPU11 24.815300 149088 ssyrk ssyrk CPU -1 149128 40
CPU11 30.417320 149091 strmm strmm CPU -1 149131 40
CPU11 11.879504 149095 slauum slauum CPU -1 149135 40
CPU17 25.199438 149097 ssyrk ssyrk CPU -1 149137 40
CPU17 45.545190 149098 sgemm sgemm CUDA1 1.060576 149138 40
CPU17 25.335670 149099 ssyrk ssyrk CPU -1 149139 40
CPU8 29.763143 149102 strmm strmm CPU -1 149142 40
CPU15 30.810901 149106 strmm strmm CPU -1 149146 40
CPU15 11.813437 149110 slauum slauum CPU -1 149150 40
CPU13 25.455360 149112 ssyrk ssyrk CPU -1 149152 40
CPU17 44.778082 149113 sgemm sgemm CUDA1 0.990870 149153 40
CPU8 45.272631 149114 sgemm sgemm CUDA1 11.849799 149154 40
CPU12 25.159447 149115 ssyrk ssyrk CPU -1 149155 40
CPU7 45.189804 149116 sgemm sgemm CUDA1 0.691776 149156 40
CPU15 24.856324 149117 ssyrk ssyrk CPU -1 149157 40
CPU17 30.563499 149120 strmm strmm CPU -1 149160 40
CPU7 31.454918 149124 strmm strmm CPU -1 149164 40
CPU8 31.249640 149128 strmm strmm CPU -1 149168 40
CPU17 11.807611 149132 slauum slauum CPU -1 149172 40
CPU13 25.038157 149134 ssyrk ssyrk CUDA0 11.874467 149174 40
CPU17 44.983940 149135 sgemm sgemm CUDA1 1.218187 149175 40
CPU8 45.087521 149136 sgemm sgemm CUDA1 1.196025 149176 40
CPU17 45.041809 149137 sgemm sgemm CUDA0 11.889627 149177 40
CPU12 25.026261 149138 ssyrk ssyrk CUDA1 0.073549 149178 40
CPU4 45.336639 149139 sgemm sgemm CUDA1 1.075986 149179 40
CPU7 45.278329 149140 sgemm sgemm CUDA1 1.368658 149180 40
CPU15 24.845260 149141 ssyrk ssyrk CPU -1 149181 40
CPU8 44.991919 149142 sgemm sgemm CUDA1 1.065674 149182 40
CPU16 24.546121 149143 ssyrk ssyrk CUDA0 0.616451 149183 40
CPU14 30.281332 149146 strmm strmm CPU -1 149186 40
CPU17 30.509047 149150 strmm strmm CPU -1 149190 40
CPU8 31.274720 149154 strmm strmm CPU -1 149194 40
CPU16 29.772918 149158 strmm strmm CPU -1 149198 40
CPU16 11.796310 149162 slauum slauum CPU -1 149202 40
CPU4 25.004155 149164 ssyrk ssyrk CUDA3 0.672159 149204 40
CPU17 45.464968 149165 sgemm sgemm CUDA2 11.858532 149205 40
CPU17 44.736617 149166 sgemm sgemm CUDA1 1.247849 149206 40
CPU17 45.404884 149167 sgemm sgemm CUDA3 1.065947 149207 40
CPU14 44.860957 149168 sgemm sgemm CUDA3 1.190135 149208 40
CPU12 24.848106 149169 ssyrk ssyrk CUDA2 0.060937 149209 40
CPU15 44.583968 149170 sgemm sgemm CUDA1 1.068302 149210 40
CPU7 45.226001 149171 sgemm sgemm CUDA1 1.068153 149211 40
CPU17 45.136659 149172 sgemm sgemm CUDA2 1.333412 149212 40
CPU15 24.587527 149173 ssyrk ssyrk CUDA1 0.619525 149213 40
CPU17 44.759057 149174 sgemm sgemm CUDA1 1.202521 149214 40
CPU14 44.610162 149175 sgemm sgemm CUDA0 1.063426 149215 40
CPU16 24.539764 149176 ssyrk ssyrk CUDA0 0.627828 149216 40
CPU16 44.691281 149177 sgemm sgemm CUDA0 1.315321 149217 40
CPU16 24.432515 149178 ssyrk ssyrk CUDA0 0.929110 149218 40
CPU14 30.330609 149181 strmm strmm CPU -1 149221 40
CPU16 29.637461 149185 strmm strmm CPU -1 149225 40
CPU14 29.810548 149189 strmm strmm CPU -1 149229 40
CPU16 30.070089 149193 strmm strmm CPU -1 149233 40
CPU16 29.725595 149197 strmm strmm CPU -1 149237 40
CPU16 11.665047 149201 slauum slauum CPU -1 149241 40
CPU8 24.562603 149203 ssyrk ssyrk CUDA3 0.927071 149243 40
CPU17 45.224777 149204 sgemm sgemm CUDA2 1.212468 149244 40
CPU15 44.796426 149205 sgemm sgemm CUDA2 1.060659 149245 40
CPU17 44.668402 149206 sgemm sgemm CUDA3 1.063229 149246 40
CPU14 44.776053 149207 sgemm sgemm CUDA3 1.195617 149247 40
CPU14 44.743788 149208 sgemm sgemm CUDA0 1.062797 149248 40
CPU16 24.758298 149209 ssyrk ssyrk CUDA2 0.678955 149249 40
CPU15 45.107561 149210 sgemm sgemm CUDA1 1.208964 149250 40
CPU15 44.828660 149211 sgemm sgemm CUDA1 11.274077 149251 40
CPU17 44.773880 149212 sgemm sgemm CUDA3 1.081216 149252 40
CPU16 44.900899 149213 sgemm sgemm CUDA1 1.323743 149253 40
CPU14 24.915088 149214 ssyrk ssyrk CUDA1 0.677923 149254 40
CPU14 44.556125 149215 sgemm sgemm CUDA1 1.057035 149255 40
CPU15 44.765756 149216 sgemm sgemm CUDA0 1.066012 149256 40
CPU14 44.800400 149217 sgemm sgemm CUDA0 1.077742 149257 40
CPU16 24.456652 149218 ssyrk ssyrk CUDA1 0.060401 149258 40
CPU14 44.509376 149219 sgemm sgemm CUDA3 1.206256 149259 40
CPU14 44.517781 149220 sgemm sgemm CUDA1 1.074953 149260 40
CPU14 25.002876 149221 ssyrk ssyrk CUDA0 0.669196 149261 40
CPU16 44.379791 149222 sgemm sgemm CUDA0 1.206259 149262 40
CPU15 24.637405 149223 ssyrk ssyrk CUDA0 0.681118 149263 40
CPU16 30.247264 149226 strmm strmm CUDA0 4.494829 149266 40
CPU16 30.782682 149230 strmm strmm CUDA2 4.231976 149270 40
CPU15 29.667645 149234 strmm strmm CUDA0 4.288162 149274 40
CPU17 29.939986 149238 strmm strmm CUDA3 4.217599 149278 40
CPU16 29.784595 149242 strmm strmm CUDA3 4.280833 149282 40
CPU16 29.886005 149246 strmm strmm CUDA1 4.334417 149286 40
CPU16 11.721695 149250 slauum slauum CPU -1 149290 40
CPU7 24.869453 149252 ssyrk ssyrk CUDA3 0.632233 149292 40
CPU2 44.843465 149253 sgemm sgemm CUDA2 1.073053 149293 40
CPU17 45.595359 149254 sgemm sgemm CUDA2 1.296982 149294 40
CPU17 44.801870 149255 sgemm sgemm CUDA3 0.063700 149295 40
CPU5 45.167001 149256 sgemm sgemm CUDA3 1.305272 149296 40
CPU12 48.051901 149257 sgemm sgemm CUDA2 1.064515 149297 40
CPU16 44.917772 149258 sgemm sgemm CUDA3 1.196372 149298 40
CPU0 25.039242 149259 ssyrk ssyrk CUDA2 0.234507 149299 40
CPU2 45.488693 149260 sgemm sgemm CUDA2 8.907708 149300 40
CPU0 45.957289 149261 sgemm sgemm CUDA1 1.374720 149301 40
CPU2 44.965610 149262 sgemm sgemm CUDA3 1.198696 149302 40
CPU0 45.184326 149263 sgemm sgemm CUDA1 1.214562 149303 40
CPU2 44.759690 149264 sgemm sgemm CUDA2 0.051998 149304 40
CPU17 25.332155 149265 ssyrk ssyrk CUDA1 0.065459 149305 40
CPU17 44.625441 149266 sgemm sgemm CUDA1 10.264632 149306 40
CPU5 45.272072 149267 sgemm sgemm CUDA0 1.205752 149307 40
CPU12 45.865349 149268 sgemm sgemm CUDA1 1.066440 149308 40
CPU14 44.483899 149269 sgemm sgemm CUDA0 1.064417 149309 40
CPU16 24.942827 149270 ssyrk ssyrk CUDA1 0.059783 149310 40
CPU4 44.815283 149271 sgemm sgemm CUDA3 1.485533 149311 40
CPU12 45.177178 149272 sgemm sgemm CUDA1 0.058579 149312 40
CPU15 44.807866 149273 sgemm sgemm CUDA3 1.079752 149313 40
CPU5 24.946311 149274 ssyrk ssyrk CUDA0 0.872398 149314 40
CPU4 45.145911 149275 sgemm sgemm CUDA0 1.065521 149315 40
CPU5 45.029402 149276 sgemm sgemm CUDA3 9.337605 149316 40
CPU12 25.036243 149277 ssyrk ssyrk CUDA0 0.671127 149317 40
CPU12 44.778720 149278 sgemm sgemm CUDA2 1.196797 149318 40
CPU16 24.519364 149279 ssyrk ssyrk CUDA2 0.935113 149319 40
CPU11 30.828398 149282 strmm strmm CUDA2 12.744524 149322 40
CPU2 30.766618 149286 strmm strmm CUDA2 4.593807 149326 40
CPU12 30.816542 149290 strmm strmm CUDA1 4.469748 149330 40
CPU10 30.566118 149294 strmm strmm CUDA1 4.285945 149334 40
CPU5 31.335409 149298 strmm strmm CUDA3 4.484482 149338 40
CPU19 30.898112 149302 strmm strmm CUDA0 4.526410 149342 40
CPU12 30.197662 149306 strmm strmm CUDA3 4.280482 149346 40
CPU12 11.827406 149310 slauum slauum CPU -1 149350 40
CPU13 25.467510 149312 ssyrk ssyrk CUDA3 0.985747 149352 40
CPU2 44.973619 149313 sgemm sgemm CUDA2 1.069375 149353 40
CPU13 45.275574 149314 sgemm sgemm CUDA2 7.395878 149354 40
CPU13 45.266335 149315 sgemm sgemm CUDA3 1.067643 149355 40
CPU4 44.943894 149316 sgemm sgemm CUDA3 1.063038 149356 40
CPU11 44.766375 149317 sgemm sgemm CUDA2 0.061244 149357 40
CPU13 45.081001 149318 sgemm sgemm CUDA3 1.202911 149358 40
CPU11 45.043050 149319 sgemm sgemm CUDA2 1.251494 149359 40
CPU1 25.159912 149320 ssyrk ssyrk CUDA2 0.689784 149360 40
CPU9 44.776037 149321 sgemm sgemm CUDA2 0.044003 149361 40
CPU0 45.285704 149322 sgemm sgemm CUDA3 10.607365 149362 40
CPU1 45.187917 149323 sgemm sgemm CUDA3 0.039358 149363 40
CPU11 44.492956 149324 sgemm sgemm CUDA2 1.278556 149364 40
CPU2 45.169246 149325 sgemm sgemm CUDA2 1.067776 149365 40
CPU3 45.088475 149326 sgemm sgemm CUDA2 1.066083 149366 40
CPU15 24.830406 149327 ssyrk ssyrk CUDA1 0.680981 149367 40
CPU17 44.913518 149328 sgemm sgemm CUDA1 0.062884 149368 40
CPU4 44.976697 149329 sgemm sgemm CUDA0 1.207314 149369 40
CPU11 44.560211 149330 sgemm sgemm CUDA1 1.078655 149370 40
CPU19 44.864129 149331 sgemm sgemm CUDA0 1.359616 149371 40
CPU12 44.897853 149332 sgemm sgemm CUDA1 1.066228 149372 40
CPU16 24.777060 149333 ssyrk ssyrk CUDA1 0.939935 149373 40
CPU4 45.239810 149334 sgemm sgemm CUDA3 2.044703 149374 40
CPU11 44.498346 149335 sgemm sgemm CUDA1 1.075619 149375 40
CPU19 45.025406 149336 sgemm sgemm CUDA3 0.057917 149376 40
CPU10 44.776813 149337 sgemm sgemm CUDA1 1.218154 149377 40
CPU4 25.280185 149338 ssyrk ssyrk CUDA0 0.043502 149378 40
CPU11 44.588135 149339 sgemm sgemm CUDA0 1.203798 149379 40
CPU4 45.330216 149340 sgemm sgemm CUDA3 11.911954 149380 40
CPU4 45.221396 149341 sgemm sgemm CUDA3 0.044254 149381 40
CPU11 24.538103 149342 ssyrk ssyrk CUDA0 0.674451 149382 40
CPU11 44.807141 149343 sgemm sgemm CUDA2 1.371205 149383 40
CPU19 44.875855 149344 sgemm sgemm CUDA2 1.208202 149384 40
CPU19 24.799181 149345 ssyrk ssyrk CUDA2 0.049246 149385 40
CPU12 44.643077 149346 sgemm sgemm CUDA3 1.299043 149386 40
CPU12 24.914580 149347 ssyrk ssyrk CUDA2 0.695631 149387 40
CPU11 30.912388 149350 strmm strmm CUDA3 4.429534 149390 40
CPU0 31.162553 149354 strmm strmm CUDA3 4.277357 149394 40
CPU12 30.783246 149358 strmm strmm CUDA0 4.430745 149398 40
CPU10 30.788321 149362 strmm strmm CUDA1 0.759667 149402 40
CPU4 31.079035 149366 strmm strmm CUDA0 4.281653 149406 40
CPU19 30.368297 149370 strmm strmm CUDA2 4.384638 149410 40
CPU12 30.025089 149374 strmm strmm CUDA2 4.288110 149414 40
CPU10 30.371174 149378 strmm strmm CUDA1 4.384259 149418 40
CPU10 11.985966 149382 slauum slauum CPU -1 149422 40
CPU13 25.298155 149384 ssyrk ssyrk CUDA3 5.718853 149424 40
CPU2 44.744104 149385 sgemm sgemm CUDA2 0.990675 149425 40
CPU13 44.936341 149386 sgemm sgemm CUDA2 0.642422 149426 40
CPU13 44.806961 149387 sgemm sgemm CUDA3 1.272447 149427 40
CPU13 44.806448 149388 sgemm sgemm CUDA2 1.209674 149428 40
CPU12 44.820196 149389 sgemm sgemm CUDA2 1.355031 149429 40
CPU13 44.828932 149390 sgemm sgemm CUDA3 1.067826 149430 40
CPU11 44.895019 149391 sgemm sgemm CUDA3 1.198271 149431 40
CPU17 44.920608 149392 sgemm sgemm CUDA3 1.255913 149432 40
CPU0 24.993036 149393 ssyrk ssyrk CUDA2 0.692698 149433 40
CPU2 44.668649 149394 sgemm sgemm CUDA2 2.662098 149434 40
CPU9 44.872023 149395 sgemm sgemm CUDA3 1.188289 149435 40
CPU0 45.175479 149396 sgemm sgemm CUDA3 1.075708 149436 40
CPU12 44.845525 149397 sgemm sgemm CUDA2 1.207752 149437 40
CPU7 44.935998 149398 sgemm sgemm CUDA2 1.207199 149438 40
CPU2 45.036168 149399 sgemm sgemm CUDA2 1.064532 149439 40
CPU0 45.312158 149400 sgemm sgemm CUDA3 1.201932 149440 40
CPU15 24.326836 149401 ssyrk ssyrk CUDA0 0.676983 149441 40
CPU1 45.241315 149402 sgemm sgemm CUDA0 1.204950 149442 40
CPU4 45.210154 149403 sgemm sgemm CUDA0 1.070359 149443 40
CPU12 45.033974 149404 sgemm sgemm CUDA2 1.211243 149444 40
CPU10 45.457701 149405 sgemm sgemm CUDA2 1.219131 149445 40
CPU12 44.833800 149406 sgemm sgemm CUDA2 0.046406 149446 40
CPU12 44.732632 149407 sgemm sgemm CUDA0 1.213340 149447 40
CPU1 25.299631 149408 ssyrk ssyrk CUDA3 0.674347 149448 40
CPU4 45.324973 149409 sgemm sgemm CUDA3 1.075465 149449 40
CPU12 44.940276 149410 sgemm sgemm CUDA0 2.436006 149450 40
CPU19 45.528387 149411 sgemm sgemm CUDA3 7.787909 149451 40
CPU18 44.527433 149412 sgemm sgemm CUDA3 1.072215 149452 40
CPU10 44.847715 149413 sgemm sgemm CUDA1 1.242984 149453 40
CPU4 25.191241 149414 ssyrk ssyrk CUDA0 0.925722 149454 40
CPU12 44.957400 149415 sgemm sgemm CUDA0 13.263044 149455 40
CPU4 45.224279 149416 sgemm sgemm CUDA3 0.067544 149456 40
CPU4 45.288591 149417 sgemm sgemm CUDA3 1.189969 149457 40
CPU4 45.118795 149418 sgemm sgemm CUDA0 1.201836 149458 40
CPU12 24.843213 149419 ssyrk ssyrk CUDA0 0.079369 149459 40
CPU12 44.657463 149420 sgemm sgemm CUDA2 1.220120 149460 40
CPU12 44.748181 149421 sgemm sgemm CUDA2 1.066394 149461 40
CPU19 44.898062 149422 sgemm sgemm CUDA2 1.208590 149462 40
CPU10 24.882368 149423 ssyrk ssyrk CUDA2 0.690241 149463 40
CPU12 44.854419 149424 sgemm sgemm CUDA3 1.367349 149464 40
CPU12 45.192123 149425 sgemm sgemm CUDA2 1.200660 149465 40
CPU12 25.211993 149426 ssyrk ssyrk CUDA2 0.674653 149466 40
CPU10 44.854436 149427 sgemm sgemm CUDA1 1.061251 149467 40
CPU10 25.081595 149428 ssyrk ssyrk CUDA1 0.668547 149468 40
CPU12 30.337667 149431 strmm strmm CUDA2 11.500834 149471 40
CPU12 30.455239 149435 strmm strmm CUDA2 0.049629 149475 40
CPU11 30.138606 149439 strmm strmm CUDA0 11.223697 149479 40
CPU12 30.113766 149443 strmm strmm CUDA0 0.044955 149483 40
CPU12 30.024975 149447 strmm strmm CUDA3 4.563316 149487 40
CPU12 30.156377 149451 strmm strmm CUDA2 4.614723 149491 40
CPU12 30.446406 149455 strmm strmm CUDA3 4.291208 149495 40
CPU10 30.053996 149459 strmm strmm CUDA1 0.053438 149499 40
CPU10 30.530508 149463 strmm strmm CUDA1 4.381142 149503 40
CPU11 11.807081 149467 slauum slauum CPU -1 149507 40
CPU13 25.050845 149469 ssyrk ssyrk CUDA3 0.046074 149509 40
CPU13 45.118262 149470 sgemm sgemm CUDA2 1.291404 149510 40
CPU13 45.092826 149471 sgemm sgemm CUDA0 1.192594 149511 40
CPU13 45.040899 149472 sgemm sgemm CUDA3 1.359892 149512 40
CPU13 44.858717 149473 sgemm sgemm CUDA3 1.066862 149513 40
CPU12 45.018175 149474 sgemm sgemm CUDA2 1.071046 149514 40
CPU13 44.802668 149475 sgemm sgemm CUDA3 1.078300 149515 40
CPU13 44.732142 149476 sgemm sgemm CUDA3 1.064784 149516 40
CPU13 44.952411 149477 sgemm sgemm CUDA3 1.197992 149517 40
CPU12 44.888002 149478 sgemm sgemm CUDA0 0.819055 149518 40
CPU8 24.547482 149479 ssyrk ssyrk CUDA2 0.673614 149519 40
CPU8 44.509926 149480 sgemm sgemm CUDA0 1.084070 149520 40
CPU8 44.475303 149481 sgemm sgemm CUDA3 1.206038 149521 40
CPU8 44.876176 149482 sgemm sgemm CUDA3 1.196459 149522 40
CPU12 44.827071 149483 sgemm sgemm CUDA2 1.069304 149523 40
CPU7 44.746850 149484 sgemm sgemm CUDA2 1.074315 149524 40
CPU8 44.856713 149485 sgemm sgemm CUDA2 1.082457 149525 40
CPU0 45.022739 149486 sgemm sgemm CUDA3 1.066514 149526 40
CPU11 44.915532 149487 sgemm sgemm CUDA2 1.209580 149527 40
CPU15 24.549082 149488 ssyrk ssyrk CUDA0 0.691479 149528 40
CPU8 44.627710 149489 sgemm sgemm CUDA0 1.193516 149529 40
CPU5 45.075855 149490 sgemm sgemm CUDA0 1.208035 149530 40
CPU12 44.797120 149491 sgemm sgemm CUDA0 1.066759 149531 40
CPU10 45.123584 149492 sgemm sgemm CUDA2 1.204188 149532 40
CPU12 44.618633 149493 sgemm sgemm CUDA2 1.067280 149533 40
CPU10 45.246853 149494 sgemm sgemm CUDA0 1.206514 149534 40
CPU11 44.936115 149495 sgemm sgemm CUDA0 1.190964 149535 40
CPU7 25.047359 149496 ssyrk ssyrk CUDA2 0.536995 149536 40
CPU5 44.915688 149497 sgemm sgemm CUDA3 1.076418 149537 40
CPU12 44.730836 149498 sgemm sgemm CUDA2 0.036373 149538 40
CPU19 45.116599 149499 sgemm sgemm CUDA2 1.070405 149539 40
CPU18 44.667080 149500 sgemm sgemm CUDA3 1.203430 149540 40
CPU10 44.968547 149501 sgemm sgemm CUDA3 1.203604 149541 40
CPU12 44.879125 149502 sgemm sgemm CUDA0 0.065608 149542 40
CPU5 24.832791 149503 ssyrk ssyrk CUDA0 0.680920 149543 40
CPU12 44.671414 149504 sgemm sgemm CUDA0 1.210563 149544 40
CPU5 45.100645 149505 sgemm sgemm CUDA3 1.190188 149545 40
CPU4 45.281709 149506 sgemm sgemm CUDA3 1.080504 149546 40
CPU4 45.009034 149507 sgemm sgemm CUDA0 12.072054 149547 40
CPU12 44.899203 149508 sgemm sgemm CUDA1 1.238254 149548 40
CPU12 24.982614 149509 ssyrk ssyrk CUDA2 0.937818 149549 40
CPU12 44.995891 149510 sgemm sgemm CUDA2 7.369803 149550 40
CPU12 44.814782 149511 sgemm sgemm CUDA2 0.144609 149551 40
CPU12 44.789392 149512 sgemm sgemm CUDA2 1.070249 149552 40
CPU12 44.931112 149513 sgemm sgemm CUDA2 1.081877 149553 40
CPU10 24.944762 149514 ssyrk ssyrk CUDA2 0.483911 149554 40
CPU12 44.882357 149515 sgemm sgemm CUDA3 1.209225 149555 40
CPU12 45.030183 149516 sgemm sgemm CUDA2 1.082340 149556 40
CPU12 44.785859 149517 sgemm sgemm CUDA2 1.067627 149557 40
CPU1 25.002877 149518 ssyrk ssyrk CUDA2 3.761125 149558 40
CPU10 44.874462 149519 sgemm sgemm CUDA1 1.201722 149559 40
CPU10 44.929987 149520 sgemm sgemm CUDA1 1.019421 149560 40
CPU10 25.123798 149521 ssyrk ssyrk CUDA1 0.320697 149561 40
CPU10 45.123997 149522 sgemm sgemm CUDA1 1.080704 149562 40
CPU11 24.867819 149523 ssyrk ssyrk CUDA0 0.920223 149563 40
CPU12 30.606651 149526 strmm strmm CUDA3 4.536604 149566 40
CPU11 30.732610 149530 strmm strmm CUDA3 4.293267 149570 40
CPU11 30.333711 149534 strmm strmm CUDA0 11.794504 149574 40
CPU12 30.947515 149538 strmm strmm CUDA0 4.403342 149578 40
CPU12 30.118751 149542 strmm strmm CUDA1 11.853969 149582 40
CPU12 30.510862 149546 strmm strmm CUDA2 4.292580 149586 40
CPU12 30.185055 149550 strmm strmm CUDA2 4.289630 149590 40
CPU1 30.835349 149554 strmm strmm CUDA3 15.026186 149594 40
CPU12 30.437704 149558 strmm strmm CUDA1 4.293581 149598 40
CPU12 30.737491 149562 strmm strmm CUDA0 4.285698 149602 40
CPU11 12.170654 149566 slauum slauum CPU -1 149606 40
CPU13 25.262826 149568 ssyrk ssyrk CUDA1 0.466069 149608 40
CPU13 44.957660 149569 sgemm sgemm CUDA2 1.206961 149609 40
CPU13 45.121181 149570 sgemm sgemm CUDA0 1.071711 149610 40
CPU13 45.057411 149571 sgemm sgemm CUDA0 1.205097 149611 40
CPU13 45.089548 149572 sgemm sgemm CUDA1 1.078345 149612 40
CPU11 44.524751 149573 sgemm sgemm CUDA2 1.215869 149613 40
CPU13 45.219979 149574 sgemm sgemm CUDA2 12.336930 149614 40
CPU13 44.977982 149575 sgemm sgemm CUDA2 1.224141 149615 40
CPU13 44.971567 149576 sgemm sgemm CUDA1 1.208191 149616 40
CPU12 45.180579 149577 sgemm sgemm CUDA2 1.072630 149617 40
CPU9 44.716609 149578 sgemm sgemm CUDA0 1.248732 149618 40
CPU3 24.709962 149579 ssyrk ssyrk CUDA2 0.083308 149619 40
CPU3 44.712845 149580 sgemm sgemm CUDA0 1.198170 149620 40
CPU1 45.071493 149581 sgemm sgemm CUDA2 1.195541 149621 40
CPU9 45.116565 149582 sgemm sgemm CUDA3 1.202066 149622 40
CPU12 45.258314 149583 sgemm sgemm CUDA2 12.808069 149623 40
CPU3 44.515635 149584 sgemm sgemm CUDA2 0.049399 149624 40
CPU2 44.449528 149585 sgemm sgemm CUDA2 1.209487 149625 40
CPU1 45.109119 149586 sgemm sgemm CUDA3 1.309378 149626 40
CPU11 45.086776 149587 sgemm sgemm CUDA2 0.207287 149627 40
CPU11 44.931209 149588 sgemm sgemm CUDA0 1.075219 149628 40
CPU15 24.714870 149589 ssyrk ssyrk CUDA0 0.676242 149629 40
CPU7 45.131474 149590 sgemm sgemm CUDA0 0.094066 149630 40
CPU5 45.109663 149591 sgemm sgemm CUDA0 1.298444 149631 40
CPU11 44.690353 149592 sgemm sgemm CUDA0 1.310494 149632 40
CPU18 44.875746 149593 sgemm sgemm CUDA2 1.327906 149633 40
CPU12 45.246575 149594 sgemm sgemm CUDA3 1.195345 149634 40
CPU10 44.967705 149595 sgemm sgemm CUDA3 12.927608 149635 40
CPU11 44.991038 149596 sgemm sgemm CUDA0 1.318482 149636 40
CPU11 44.891284 149597 sgemm sgemm CUDA0 1.061122 149637 40
CPU7 25.271308 149598 ssyrk ssyrk CUDA2 1.760107 149638 40
CPU5 45.002260 149599 sgemm sgemm CUDA3 1.066373 149639 40
CPU12 45.024133 149600 sgemm sgemm CUDA2 1.266191 149640 40
CPU19 45.090735 149601 sgemm sgemm CUDA2 1.206784 149641 40
CPU7 44.816133 149602 sgemm sgemm CUDA3 1.305337 149642 40
CPU1 44.910520 149603 sgemm sgemm CUDA3 1.190715 149643 40
CPU12 45.043288 149604 sgemm sgemm CUDA0 1.002493 149644 40
CPU8 44.680651 149605 sgemm sgemm CUDA0 1.076593 149645 40
CPU5 24.962875 149606 ssyrk ssyrk CUDA0 0.681705 149646 40
CPU11 44.578599 149607 sgemm sgemm CUDA0 1.084610 149647 40
CPU5 44.815254 149608 sgemm sgemm CUDA3 1.081863 149648 40
CPU5 44.674951 149609 sgemm sgemm CUDA3 1.064705 149649 40
CPU5 45.054565 149610 sgemm sgemm CUDA3 12.022153 149650 40
CPU11 45.068618 149611 sgemm sgemm CUDA1 1.067080 149651 40
CPU3 44.827848 149612 sgemm sgemm CUDA1 1.066122 149652 40
CPU12 24.900478 149613 ssyrk ssyrk CUDA2 0.708665 149653 40
CPU12 44.956593 149614 sgemm sgemm CUDA2 1.065610 149654 40
CPU11 44.782032 149615 sgemm sgemm CUDA2 1.210165 149655 40
CPU12 44.784694 149616 sgemm sgemm CUDA2 0.631650 149656 40
CPU12 45.100284 149617 sgemm sgemm CUDA2 1.071855 149657 40
CPU0 44.621005 149618 sgemm sgemm CUDA2 1.066389 149658 40
CPU17 24.914421 149619 ssyrk ssyrk CUDA3 0.679042 149659 40
CPU12 44.974873 149620 sgemm sgemm CUDA3 1.206096 149660 40
CPU11 44.884345 149621 sgemm sgemm CUDA2 1.066613 149661 40
CPU12 45.056338 149622 sgemm sgemm CUDA2 1.191400 149662 40
CPU12 45.066039 149623 sgemm sgemm CUDA2 1.204350 149663 40
CPU1 24.826127 149624 ssyrk ssyrk CUDA2 0.687137 149664 40
CPU10 45.110984 149625 sgemm sgemm CUDA1 1.241484 149665 40
CPU10 45.117217 149626 sgemm sgemm CUDA1 1.199069 149666 40
CPU1 44.751089 149627 sgemm sgemm CUDA1 1.188558 149667 40
CPU10 25.205804 149628 ssyrk ssyrk CUDA1 0.619745 149668 40
CPU10 44.881745 149629 sgemm sgemm CUDA1 1.060620 149669 40
CPU12 44.936498 149630 sgemm sgemm CUDA1 1.207433 149670 40
CPU11 24.748966 149631 ssyrk ssyrk CUDA0 0.689576 149671 40
CPU12 44.938338 149632 sgemm sgemm CUDA0 1.203519 149672 40
CPU11 24.649401 149633 ssyrk ssyrk CUDA1 0.676652 149673 40
CPU4 31.336647 149636 strmm strmm CUDA0 0.029550 149676 40
CPU12 30.214183 149640 strmm strmm CUDA0 4.596728 149680 40
CPU11 30.152204 149644 strmm strmm CUDA1 4.418273 149684 40
CPU8 30.888944 149648 strmm strmm CUDA3 4.284463 149688 40
CPU3 31.329671 149652 strmm strmm CUDA1 15.170183 149692 40
CPU0 31.003091 149656 strmm strmm CUDA2 4.396806 149696 40
CPU12 31.120028 149660 strmm strmm CUDA3 12.311621 149700 40
CPU12 31.281434 149664 strmm strmm CUDA2 4.285604 149704 40
CPU12 30.289084 149668 strmm strmm CUDA1 4.525134 149708 40
CPU12 31.034870 149672 strmm strmm CUDA0 4.284474 149712 40
CPU12 31.264407 149676 strmm strmm CUDA2 4.383939 149716 40
CPU12 11.988104 149680 slauum slauum CPU -1 149720 40
CPU13 25.130438 149682 ssyrk ssyrk CUDA1 0.677102 149722 40
CPU13 45.004955 149683 sgemm sgemm CUDA0 1.200594 149723 40
CPU13 45.008210 149684 sgemm sgemm CUDA0 3.702749 149724 40
CPU13 44.897260 149685 sgemm sgemm CUDA0 0.045260 149725 40
CPU13 44.808328 149686 sgemm sgemm CUDA1 1.187367 149726 40
CPU13 44.803498 149687 sgemm sgemm CUDA2 1.203878 149727 40
CPU13 44.837236 149688 sgemm sgemm CUDA2 1.065499 149728 40
CPU13 44.880037 149689 sgemm sgemm CUDA2 1.190717 149729 40
CPU13 45.039718 149690 sgemm sgemm CUDA1 1.078174 149730 40
CPU10 44.787300 149691 sgemm sgemm CUDA2 1.063621 149731 40
CPU9 45.021786 149692 sgemm sgemm CUDA0 1.203682 149732 40
CPU4 45.397000 149693 sgemm sgemm CUDA1 1.207340 149733 40
CPU9 24.515937 149694 ssyrk ssyrk CUDA2 0.051242 149734 40
CPU9 45.209462 149695 sgemm sgemm CUDA1 1.063967 149735 40
CPU9 44.762957 149696 sgemm sgemm CUDA2 1.324249 149736 40
CPU5 44.753947 149697 sgemm sgemm CUDA3 1.063094 149737 40
CPU11 44.874166 149698 sgemm sgemm CUDA2 1.208191 149738 40
CPU9 44.717826 149699 sgemm sgemm CUDA3 1.083648 149739 40
CPU10 44.784848 149700 sgemm sgemm CUDA3 1.196455 149740 40
CPU10 45.003532 149701 sgemm sgemm CUDA3 1.079061 149741 40
CPU10 44.987032 149702 sgemm sgemm CUDA2 1.211515 149742 40
CPU11 45.080142 149703 sgemm sgemm CUDA0 1.066841 149743 40
CPU12 45.093626 149704 sgemm sgemm CUDA3 1.203770 149744 40
CPU15 24.529286 149705 ssyrk ssyrk CUDA0 0.188725 149745 40
CPU7 44.981185 149706 sgemm sgemm CUDA0 3.489486 149746 40
CPU5 44.812871 149707 sgemm sgemm CUDA0 12.043014 149747 40
CPU19 44.887188 149708 sgemm sgemm CUDA0 1.066829 149748 40
CPU18 44.681285 149709 sgemm sgemm CUDA0 1.350588 149749 40
CPU12 44.921777 149710 sgemm sgemm CUDA3 11.096693 149750 40
CPU10 45.078135 149711 sgemm sgemm CUDA3 0.075595 149751 40
CPU11 44.825886 149712 sgemm sgemm CUDA0 1.063619 149752 40
CPU11 44.875028 149713 sgemm sgemm CUDA0 1.081336 149753 40
CPU11 44.612574 149714 sgemm sgemm CUDA1 0.721722 149754 40
CPU6 25.171598 149715 ssyrk ssyrk CUDA2 0.263741 149755 40
CPU5 44.834620 149716 sgemm sgemm CUDA2 1.078197 149756 40
CPU11 44.811845 149717 sgemm sgemm CUDA2 1.068652 149757 40
CPU10 44.995898 149718 sgemm sgemm CUDA2 1.091673 149758 40
CPU11 44.809714 149719 sgemm sgemm CUDA3 1.327269 149759 40
CPU12 44.784619 149720 sgemm sgemm CUDA3 1.069860 149760 40
CPU12 44.885886 149721 sgemm sgemm CUDA0 1.200337 149761 40
CPU8 44.942585 149722 sgemm sgemm CUDA0 1.082513 149762 40
CPU8 45.106451 149723 sgemm sgemm CUDA1 1.069264 149763 40
CPU5 24.785236 149724 ssyrk ssyrk CUDA0 0.045731 149764 40
CPU11 44.966770 149725 sgemm sgemm CUDA0 1.063815 149765 40
CPU5 44.876950 149726 sgemm sgemm CUDA2 1.083567 149766 40
CPU5 44.972259 149727 sgemm sgemm CUDA0 1.316356 149767 40
CPU12 44.984170 149728 sgemm sgemm CUDA3 1.212020 149768 40
CPU11 44.803155 149729 sgemm sgemm CUDA2 1.212461 149769 40
CPU3 45.079293 149730 sgemm sgemm CUDA1 1.065872 149770 40
CPU3 45.617336 149731 sgemm sgemm CUDA1 1.196078 149771 40
CPU11 24.691162 149732 ssyrk ssyrk CUDA2 0.911890 149772 40
CPU10 44.838029 149733 sgemm sgemm CUDA2 11.062940 149773 40
CPU11 44.367768 149734 sgemm sgemm CUDA2 0.065754 149774 40
CPU11 44.877525 149735 sgemm sgemm CUDA2 1.065653 149775 40
CPU6 45.287819 149736 sgemm sgemm CUDA2 1.205987 149776 40
CPU0 45.136811 149737 sgemm sgemm CUDA2 1.204093 149777 40
CPU9 44.882522 149738 sgemm sgemm CUDA3 1.064606 149778 40
CPU17 24.981295 149739 ssyrk ssyrk CUDA3 0.050237 149779 40
CPU12 45.057101 149740 sgemm sgemm CUDA3 1.065236 149780 40
CPU11 44.795528 149741 sgemm sgemm CUDA2 1.206417 149781 40
CPU12 44.885147 149742 sgemm sgemm CUDA2 1.077120 149782 40
CPU10 45.050552 149743 sgemm sgemm CUDA2 1.200535 149783 40
CPU12 44.966682 149744 sgemm sgemm CUDA3 1.211529 149784 40
CPU9 24.834619 149745 ssyrk ssyrk CUDA2 0.677501 149785 40
CPU19 44.921567 149746 sgemm sgemm CUDA1 1.061290 149786 40
CPU12 44.819265 149747 sgemm sgemm CUDA0 1.187344 149787 40
CPU1 45.169001 149748 sgemm sgemm CUDA1 1.067415 149788 40
CPU12 44.799875 149749 sgemm sgemm CUDA1 1.066139 149789 40
CPU19 25.082056 149750 ssyrk ssyrk CUDA1 0.924260 149790 40
CPU11 44.784283 149751 sgemm sgemm CUDA3 1.065617 149791 40
CPU7 44.907972 149752 sgemm sgemm CUDA1 1.205544 149792 40
CPU7 45.112154 149753 sgemm sgemm CUDA1 1.203486 149793 40
CPU11 24.473736 149754 ssyrk ssyrk CUDA0 0.691982 149794 40
CPU12 45.299074 149755 sgemm sgemm CUDA0 1.082220 149795 40
CPU10 45.023600 149756 sgemm sgemm CUDA3 1.190398 149796 40
CPU11 24.604191 149757 ssyrk ssyrk CUDA1 0.680366 149797 40
CPU12 45.071982 149758 sgemm sgemm CUDA3 1.065097 149798 40
CPU12 24.850503 149759 ssyrk ssyrk CUDA1 21.471477 149799 40
CPU4 31.102891 149762 strmm strmm CUDA0 4.497904 149802 40
CPU12 30.613708 149766 strmm strmm CUDA0 4.282601 149806 40
CPU12 30.597845 149770 strmm strmm CUDA3 4.288270 149810 40
CPU8 30.147439 149774 strmm strmm CUDA3 14.568747 149814 40
CPU3 30.542525 149778 strmm strmm CUDA0 14.380774 149818 40
CPU9 30.186703 149782 strmm strmm CUDA2 15.973064 149822 40
CPU2 30.557509 149786 strmm strmm CUDA2 0.041907 149826 40
CPU1 30.226323 149790 strmm strmm CUDA3 0.030648 149830 40
CPU7 30.385857 149794 strmm strmm CUDA1 4.299106 149834 40
CPU10 30.720936 149798 strmm strmm CUDA0 0.143020 149838 40
CPU12 30.559186 149802 strmm strmm CUDA1 4.309821 149842 40
CPU12 30.578374 149806 strmm strmm CUDA3 4.529910 149846 40
CPU12 12.051306 149810 slauum slauum CPU -1 149850 40
CPU13 25.323525 149812 ssyrk ssyrk CUDA2 0.931997 149852 40
CPU13 44.989369 149813 sgemm sgemm CUDA2 1.080458 149853 40
CPU13 44.842218 149814 sgemm sgemm CUDA2 1.089906 149854 40
CPU13 44.846637 149815 sgemm sgemm CUDA0 0.059138 149855 40
CPU13 44.914446 149816 sgemm sgemm CUDA0 11.898145 149856 40
CPU13 44.879426 149817 sgemm sgemm CUDA2 11.910132 149857 40
CPU13 44.815365 149818 sgemm sgemm CUDA2 1.190920 149858 40
CPU13 44.835203 149819 sgemm sgemm CUDA1 1.213852 149859 40
CPU13 45.063737 149820 sgemm sgemm CUDA1 0.361290 149860 40
CPU10 44.990616 149821 sgemm sgemm CUDA2 0.042751 149861 40
CPU9 44.772080 149822 sgemm sgemm CUDA1 1.202367 149862 40
CPU4 45.677737 149823 sgemm sgemm CUDA1 1.064636 149863 40
CPU2 44.795039 149824 sgemm sgemm CUDA1 1.509595 149864 40
CPU7 25.080729 149825 ssyrk ssyrk CUDA2 0.111501 149865 40
CPU7 44.947454 149826 sgemm sgemm CUDA2 2.855048 149866 40
CPU9 45.343460 149827 sgemm sgemm CUDA0 1.085152 149867 40
CPU5 45.086004 149828 sgemm sgemm CUDA0 0.217137 149868 40
CPU10 44.724077 149829 sgemm sgemm CUDA2 1.324049 149869 40
CPU9 44.732309 149830 sgemm sgemm CUDA0 1.206526 149870 40
CPU10 44.798273 149831 sgemm sgemm CUDA3 1.306176 149871 40
CPU10 44.770594 149832 sgemm sgemm CUDA3 1.201099 149872 40
CPU10 44.942296 149833 sgemm sgemm CUDA2 0.059334 149873 40
CPU12 45.370380 149834 sgemm sgemm CUDA0 1.326047 149874 40
CPU11 44.598866 149835 sgemm sgemm CUDA3 1.069453 149875 40
CPU11 45.030364 149836 sgemm sgemm CUDA0 1.063205 149876 40
CPU15 24.348022 149837 ssyrk ssyrk CUDA3 2.414101 149877 40
CPU0 45.255328 149838 sgemm sgemm CUDA3 1.201737 149878 40
CPU5 45.216361 149839 sgemm sgemm CUDA3 1.384064 149879 40
CPU10 44.613215 149840 sgemm sgemm CUDA3 1.068127 149880 40
CPU18 44.514604 149841 sgemm sgemm CUDA0 1.064463 149881 40
CPU12 44.897329 149842 sgemm sgemm CUDA3 1.212584 149882 40
CPU10 44.787757 149843 sgemm sgemm CUDA3 1.063655 149883 40
CPU1 45.100277 149844 sgemm sgemm CUDA3 1.086124 149884 40
CPU12 44.914402 149845 sgemm sgemm CUDA0 1.062474 149885 40
CPU4 45.151892 149846 sgemm sgemm CUDA1 1.211491 149886 40
CPU12 44.956684 149847 sgemm sgemm CUDA0 1.062521 149887 40
CPU6 25.183700 149848 ssyrk ssyrk CUDA0 0.696398 149888 40
CPU5 45.050874 149849 sgemm sgemm CUDA0 2.555497 149889 40
CPU11 44.601061 149850 sgemm sgemm CUDA3 1.081657 149890 40
CPU17 44.713827 149851 sgemm sgemm CUDA2 1.135248 149891 40
CPU10 44.732343 149852 sgemm sgemm CUDA3 1.084107 149892 40
CPU19 44.802663 149853 sgemm sgemm CUDA3 1.204229 149893 40
CPU12 44.668856 149854 sgemm sgemm CUDA3 1.210846 149894 40
CPU7 44.952726 149855 sgemm sgemm CUDA0 1.202989 149895 40
CPU6 45.389467 149856 sgemm sgemm CUDA1 1.080799 149896 40
CPU8 44.875394 149857 sgemm sgemm CUDA0 1.205348 149897 40
CPU5 24.841514 149858 ssyrk ssyrk CUDA0 0.672065 149898 40
CPU10 44.390431 149859 sgemm sgemm CUDA0 0.110920 149899 40
CPU5 44.998750 149860 sgemm sgemm CUDA2 1.023090 149900 40
CPU5 45.152314 149861 sgemm sgemm CUDA3 1.071198 149901 40
CPU8 45.005082 149862 sgemm sgemm CUDA3 12.811276 149902 40
CPU7 44.808089 149863 sgemm sgemm CUDA3 1.081073 149903 40
CPU1 45.064554 149864 sgemm sgemm CUDA1 2.657637 149904 40
CPU3 45.378347 149865 sgemm sgemm CUDA1 1.209644 149905 40
CPU2 44.419029 149866 sgemm sgemm CUDA0 1.083105 149906 40
CPU19 24.842835 149867 ssyrk ssyrk CUDA2 0.704865 149907 40
CPU10 45.095817 149868 sgemm sgemm CUDA2 1.030560 149908 40
CPU11 44.678354 149869 sgemm sgemm CUDA3 1.204123 149909 40
CPU10 44.781793 149870 sgemm sgemm CUDA2 1.208410 149910 40
CPU6 45.328144 149871 sgemm sgemm CUDA2 1.084807 149911 40
CPU0 45.237970 149872 sgemm sgemm CUDA2 1.209224 149912 40
CPU9 45.042483 149873 sgemm sgemm CUDA3 1.021681 149913 40
CPU6 45.015363 149874 sgemm sgemm CUDA2 1.202362 149914 40
CPU15 24.390319 149875 ssyrk ssyrk CUDA3 0.628348 149915 40
CPU12 44.704340 149876 sgemm sgemm CUDA3 1.192928 149916 40
CPU11 44.770407 149877 sgemm sgemm CUDA2 1.077284 149917 40
CPU12 44.973964 149878 sgemm sgemm CUDA2 1.011468 149918 40
CPU10 45.149394 149879 sgemm sgemm CUDA2 1.068363 149919 40
CPU10 45.080770 149880 sgemm sgemm CUDA3 1.014846 149920 40
CPU2 45.022786 149881 sgemm sgemm CUDA2 1.018263 149921 40
CPU9 24.791443 149882 ssyrk ssyrk CUDA3 0.683882 149922 40
CPU19 44.621950 149883 sgemm sgemm CUDA1 1.069035 149923 40
CPU10 44.955781 149884 sgemm sgemm CUDA3 1.195899 149924 40
CPU12 44.915702 149885 sgemm sgemm CUDA1 0.077837 149925 40
CPU10 44.937524 149886 sgemm sgemm CUDA1 1.192276 149926 40
CPU1 44.938699 149887 sgemm sgemm CUDA1 1.070969 149927 40
CPU10 25.031355 149888 ssyrk ssyrk CUDA1 0.690003 149928 40
CPU11 44.688798 149889 sgemm sgemm CUDA3 1.207234 149929 40
CPU7 44.975877 149890 sgemm sgemm CUDA1 1.279636 149930 40
CPU7 45.400762 149891 sgemm sgemm CUDA1 1.070594 149931 40
CPU7 45.097124 149892 sgemm sgemm CUDA1 1.197582 149932 40
CPU11 24.647748 149893 ssyrk ssyrk CUDA3 0.679400 149933 40
CPU11 44.999382 149894 sgemm sgemm CUDA2 1.197803 149934 40
CPU10 45.049917 149895 sgemm sgemm CUDA3 1.011569 149935 40
CPU10 44.793556 149896 sgemm sgemm CUDA2 1.062982 149936 40
CPU11 24.656585 149897 ssyrk ssyrk CUDA1 0.041120 149937 40
CPU12 45.471346 149898 sgemm sgemm CUDA2 1.205739 149938 40
CPU11 44.755393 149899 sgemm sgemm CUDA1 1.204857 149939 40
CPU12 25.114378 149900 ssyrk ssyrk CUDA1 0.699160 149940 40
CPU12 45.036400 149901 sgemm sgemm CUDA2 1.193372 149941 40
CPU12 25.443398 149902 ssyrk ssyrk CUDA1 0.675160 149942 40
CPU3 30.465274 149905 strmm strmm CUDA0 4.459306 149945 40
CPU9 30.118077 149909 strmm strmm CUDA2 15.311059 149949 40
CPU13 30.054046 149913 strmm strmm CUDA0 12.290125 149953 40
CPU13 30.701185 149917 strmm strmm CUDA0 4.288835 149957 40
CPU13 30.384930 149921 strmm strmm CUDA1 4.238414 149961 40
CPU11 30.312447 149925 strmm strmm CUDA2 0.031362 149965 40
CPU2 30.758570 149929 strmm strmm CUDA2 0.038538 149969 40
CPU5 30.848391 149933 strmm strmm CUDA3 0.031749 149973 40
CPU0 30.741438 149937 strmm strmm CUDA1 13.737663 149977 40
CPU7 31.301161 149941 strmm strmm CUDA3 13.950734 149981 40
CPU11 30.392595 149945 strmm strmm CUDA1 0.040796 149985 40
CPU12 30.060075 149949 strmm strmm CUDA3 4.547124 149989 40
CPU7 30.861876 149953 strmm strmm CUDA2 11.936581 149993 40
CPU0 12.156755 149957 slauum slauum CPU -1 149997 40
CPU19 25.349840 149959 ssyrk ssyrk CUDA2 0.679322 149999 40
CPU13 45.200617 149960 sgemm sgemm CUDA0 12.928321 150000 40
CPU8 44.773281 149961 sgemm sgemm CUDA2 1.081997 150001 40
CPU4 44.763265 149962 sgemm sgemm CUDA2 1.089577 150002 40
CPU6 45.142126 149963 sgemm sgemm CUDA0 1.277606 150003 40
CPU19 44.872012 149964 sgemm sgemm CUDA2 6.110544 150004 40
CPU12 44.835147 149965 sgemm sgemm CUDA0 1.218438 150005 40
CPU13 44.915010 149966 sgemm sgemm CUDA1 1.064219 150006 40
CPU8 44.690150 149967 sgemm sgemm CUDA1 1.067212 150007 40
CPU4 44.718899 149968 sgemm sgemm CUDA2 1.217334 150008 40
CPU9 44.922388 149969 sgemm sgemm CUDA1 1.078734 150009 40
CPU7 44.908583 149970 sgemm sgemm CUDA3 1.201831 150010 40
CPU6 44.744086 149971 sgemm sgemm CUDA2 0.040094 150011 40
CPU3 44.577786 149972 sgemm sgemm CUDA0 1.199735 150012 40
CPU9 24.561614 149973 ssyrk ssyrk CUDA0 0.041441 150013 40
CPU9 44.280505 149974 sgemm sgemm CUDA0 1.297970 150014 40
CPU9 44.478891 149975 sgemm sgemm CUDA0 1.193960 150015 40
CPU5 44.521397 149976 sgemm sgemm CUDA0 1.207013 150016 40
CPU12 44.751918 149977 sgemm sgemm CUDA2 1.262792 150017 40
CPU9 44.443494 149978 sgemm sgemm CUDA0 1.138436 150018 40
CPU19 44.953825 149979 sgemm sgemm CUDA3 1.068471 150019 40
CPU11 44.774270 149980 sgemm sgemm CUDA3 1.008356 150020 40
CPU11 44.796127 149981 sgemm sgemm CUDA2 0.040991 150021 40
CPU12 44.981385 149982 sgemm sgemm CUDA0 1.010783 150022 40
CPU13 44.909115 149983 sgemm sgemm CUDA3 1.133508 150023 40
CPU10 45.047627 149984 sgemm sgemm CUDA0 1.023526 150024 40
CPU9 44.953564 149985 sgemm sgemm CUDA2 1.209978 150025 40
CPU15 24.534709 149986 ssyrk ssyrk CUDA3 0.099185 150026 40
CPU7 44.723423 149987 sgemm sgemm CUDA2 1.070257 150027 40
CPU5 44.583772 149988 sgemm sgemm CUDA3 1.372105 150028 40
CPU12 44.762065 149989 sgemm sgemm CUDA3 1.095053 150029 40
CPU17 44.933124 149990 sgemm sgemm CUDA0 1.064199 150030 40
CPU12 45.069248 149991 sgemm sgemm CUDA3 6.470437 150031 40
CPU10 44.952710 149992 sgemm sgemm CUDA3 1.076472 150032 40
CPU12 44.949120 149993 sgemm sgemm CUDA3 1.191877 150033 40
CPU11 44.689630 149994 sgemm sgemm CUDA1 1.083742 150034 40
CPU1 44.836546 149995 sgemm sgemm CUDA3 1.197690 150035 40
CPU12 44.940926 149996 sgemm sgemm CUDA0 1.194018 150036 40
CPU13 45.040030 149997 sgemm sgemm CUDA0 1.195761 150037 40
CPU6 25.210246 149998 ssyrk ssyrk CUDA0 0.700901 150038 40
CPU5 44.540924 149999 sgemm sgemm CUDA0 5.981889 150039 40
CPU12 44.791124 150000 sgemm sgemm CUDA0 0.051961 150040 40
CPU17 44.961520 150001 sgemm sgemm CUDA2 0.069941 150041 40
CPU10 44.844565 150002 sgemm sgemm CUDA1 1.421504 150042 40
CPU10 45.018379 150003 sgemm sgemm CUDA1 1.210280 150043 40
CPU4 44.814181 150004 sgemm sgemm CUDA3 1.066302 150044 40
CPU7 44.832812 150005 sgemm sgemm CUDA0 1.071201 150045 40
CPU0 45.042677 150006 sgemm sgemm CUDA1 1.208768 150046 40
CPU13 44.698047 150007 sgemm sgemm CUDA0 1.151160 150047 40
CPU13 45.335676 150008 sgemm sgemm CUDA0 1.198189 150048 40
CPU5 24.667667 150009 ssyrk ssyrk CUDA0 0.043371 150049 40
CPU12 44.725675 150010 sgemm sgemm CUDA0 1.114799 150050 40
CPU5 44.886060 150011 sgemm sgemm CUDA2 1.202662 150051 40
CPU5 44.949697 150012 sgemm sgemm CUDA3 0.065746 150052 40
CPU8 44.686081 150013 sgemm sgemm CUDA0 1.081720 150053 40
CPU12 44.807410 150014 sgemm sgemm CUDA3 1.065621 150054 40
CPU1 45.090789 150015 sgemm sgemm CUDA1 1.342835 150055 40
CPU8 45.099345 150016 sgemm sgemm CUDA1 1.075524 150056 40
CPU10 44.853673 150017 sgemm sgemm CUDA0 1.012382 150057 40
CPU13 45.219703 150018 sgemm sgemm CUDA1 0.054269 150058 40
CPU10 24.780342 150019 ssyrk ssyrk CUDA2 0.053828 150059 40
CPU10 44.858130 150020 sgemm sgemm CUDA2 1.065310 150060 40
CPU12 44.615120 150021 sgemm sgemm CUDA3 1.067499 150061 40
CPU10 44.836246 150022 sgemm sgemm CUDA0 1.238394 150062 40
CPU6 45.209544 150023 sgemm sgemm CUDA2 1.068142 150063 40
CPU0 45.177960 150024 sgemm sgemm CUDA2 1.290560 150064 40
CPU11 44.714210 150025 sgemm sgemm CUDA3 1.208643 150065 40
CPU11 44.607178 150026 sgemm sgemm CUDA2 1.192191 150066 40
CPU11 44.886791 150027 sgemm sgemm CUDA2 1.063187 150067 40
CPU17 24.934233 150028 ssyrk ssyrk CUDA0 0.695398 150068 40
CPU8 44.911851 150029 sgemm sgemm CUDA3 0.032886 150069 40
CPU11 44.891850 150030 sgemm sgemm CUDA0 1.189634 150070 40
CPU12 44.894431 150031 sgemm sgemm CUDA2 1.201094 150071 40
CPU10 45.026539 150032 sgemm sgemm CUDA2 1.063773 150072 40
CPU10 45.408965 150033 sgemm sgemm CUDA3 1.152478 150073 40
CPU9 44.892586 150034 sgemm sgemm CUDA2 3.818901 150074 40
CPU2 45.121500 150035 sgemm sgemm CUDA2 5.846131 150075 40
CPU9 24.758439 150036 ssyrk ssyrk CUDA3 1.000644 150076 40
CPU19 44.689028 150037 sgemm sgemm CUDA1 0.365924 150077 40
CPU11 44.637053 150038 sgemm sgemm CUDA3 1.064261 150078 40
CPU12 44.756890 150039 sgemm sgemm CUDA1 1.212328 150079 40
CPU13 44.932561 150040 sgemm sgemm CUDA1 1.198924 150080 40
CPU13 44.764959 150041 sgemm sgemm CUDA1 1.317664 150081 40
CPU5 44.907881 150042 sgemm sgemm CUDA3 1.209253 150082 40
CPU10 24.936789 150043 ssyrk ssyrk CUDA0 1.008242 150083 40
CPU12 44.830328 150044 sgemm sgemm CUDA3 12.459859 150084 40
CPU7 45.196685 150045 sgemm sgemm CUDA1 1.218777 150085 40
CPU1 44.889959 150046 sgemm sgemm CUDA1 1.188560 150086 40
CPU12 44.761527 150047 sgemm sgemm CUDA1 1.065570 150087 40
CPU2 44.639384 150048 sgemm sgemm CUDA1 1.064326 150088 40
CPU12 25.049172 150049 ssyrk ssyrk CUDA3 0.939508 150089 40
CPU11 44.851322 150050 sgemm sgemm CUDA2 1.063041 150090 40
CPU0 44.979320 150051 sgemm sgemm CUDA3 1.196765 150091 40
CPU10 44.772208 150052 sgemm sgemm CUDA2 1.295302 150092 40
CPU7 44.720824 150053 sgemm sgemm CUDA3 1.079606 150093 40
CPU11 24.450855 150054 ssyrk ssyrk CUDA1 6.146187 150094 40
CPU12 44.915999 150055 sgemm sgemm CUDA2 1.197252 150095 40
CPU19 44.846404 150056 sgemm sgemm CUDA1 1.077483 150096 40
CPU11 44.928313 150057 sgemm sgemm CUDA1 12.151046 150097 40
CPU2 24.962092 150058 ssyrk ssyrk CUDA1 0.039556 150098 40
CPU9 44.907846 150059 sgemm sgemm CUDA2 1.205055 150099 40
CPU12 44.740029 150060 sgemm sgemm CUDA3 1.211363 150100 40
CPU8 24.930123 150061 ssyrk ssyrk CUDA1 0.692917 150101 40
CPU7 45.106067 150062 sgemm sgemm CUDA2 1.079977 150102 40
CPU0 25.196524 150063 ssyrk ssyrk CUDA0 0.696128 150103 40
CPU6 31.086397 150066 strmm strmm CUDA2 14.648227 150106 40
CPU13 30.898056 150070 strmm strmm CUDA3 4.288758 150110 40
CPU3 29.615665 150074 strmm strmm CUDA2 0.030714 150114 40
CPU2 29.769758 150078 strmm strmm CUDA1 12.927931 150118 40
CPU10 30.921088 150082 strmm strmm CUDA0 0.039742 150122 40
CPU19 30.109417 150086 strmm strmm CUDA2 4.343116 150126 40
CPU12 30.831701 150090 strmm strmm CUDA3 0.030187 150130 40
CPU13 30.803030 150094 strmm strmm CUDA1 0.041556 150134 40
CPU8 31.048493 150098 strmm strmm CUDA0 11.063650 150138 40
CPU4 31.059699 150102 strmm strmm CUDA3 14.791542 150142 40
CPU9 31.802729 150106 strmm strmm CUDA2 4.488549 150146 40
CPU7 31.865616 150110 strmm strmm CUDA3 4.529145 150150 40
CPU0 31.627399 150114 strmm strmm CUDA2 4.296093 150154 40
CPU13 30.444968 150118 strmm strmm CUDA1 4.229435 150158 40
CPU9 11.956176 150122 slauum slauum CPU -1 150162 40
CPU10 25.309530 150124 ssyrk ssyrk CUDA2 0.154314 150164 40
CPU10 44.942004 150125 sgemm sgemm CUDA2 1.280541 150165 40
CPU10 45.083739 150126 sgemm sgemm CUDA2 1.065343 150166 40
CPU0 45.452967 150127 sgemm sgemm CUDA0 1.076919 150167 40
CPU3 44.718770 150128 sgemm sgemm CUDA0 1.209383 150168 40
CPU10 44.922115 150129 sgemm sgemm CUDA0 1.197873 150169 40
CPU1 44.825530 150130 sgemm sgemm CUDA2 1.081375 150170 40
CPU9 44.818074 150131 sgemm sgemm CUDA1 1.320379 150171 40
CPU7 44.774752 150132 sgemm sgemm CUDA1 1.207596 150172 40
CPU6 44.500608 150133 sgemm sgemm CUDA2 1.065188 150173 40
CPU9 44.946203 150134 sgemm sgemm CUDA1 1.205810 150174 40
CPU7 44.958203 150135 sgemm sgemm CUDA0 1.210514 150175 40
CPU6 44.586599 150136 sgemm sgemm CUDA2 1.061557 150176 40
CPU2 44.698267 150137 sgemm sgemm CUDA0 1.076994 150177 40
CPU5 44.939946 150138 sgemm sgemm CUDA0 1.077257 150178 40
CPU9 24.663959 150139 ssyrk ssyrk CUDA3 8.663199 150179 40
CPU9 45.048819 150140 sgemm sgemm CUDA0 1.085116 150180 40
CPU9 45.138089 150141 sgemm sgemm CUDA0 10.129536 150181 40
CPU5 45.008399 150142 sgemm sgemm CUDA3 0.060599 150182 40
CPU7 45.123500 150143 sgemm sgemm CUDA3 1.304636 150183 40
CPU9 44.777792 150144 sgemm sgemm CUDA2 1.322550 150184 40
CPU17 44.769017 150145 sgemm sgemm CUDA3 1.194824 150185 40
CPU19 44.823529 150146 sgemm sgemm CUDA2 9.672616 150186 40
CPU11 44.894355 150147 sgemm sgemm CUDA2 1.086559 150187 40
CPU12 45.109405 150148 sgemm sgemm CUDA0 1.207656 150188 40
CPU4 44.853858 150149 sgemm sgemm CUDA3 1.083518 150189 40
CPU11 44.982079 150150 sgemm sgemm CUDA2 1.072666 150190 40
CPU9 44.760199 150151 sgemm sgemm CUDA2 1.081360 150191 40
CPU13 44.965989 150152 sgemm sgemm CUDA3 0.090640 150192 40
CPU14 25.149821 150153 ssyrk ssyrk CUDA3 0.680630 150193 40
CPU6 45.172487 150154 sgemm sgemm CUDA2 1.067702 150194 40
CPU1 44.841163 150155 sgemm sgemm CUDA3 1.076330 150195 40
CPU8 44.930557 150156 sgemm sgemm CUDA3 1.076522 150196 40
CPU18 44.623649 150157 sgemm sgemm CUDA3 1.065489 150197 40
CPU11 44.850786 150158 sgemm sgemm CUDA3 1.201072 150198 40
CPU10 45.049108 150159 sgemm sgemm CUDA1 1.064053 150199 40
CPU12 45.070983 150160 sgemm sgemm CUDA3 1.199867 150200 40
CPU11 44.840098 150161 sgemm sgemm CUDA1 1.063462 150201 40
CPU3 44.263922 150162 sgemm sgemm CUDA3 10.491678 150202 40
CPU2 44.660810 150163 sgemm sgemm CUDA2 1.010585 150203 40
CPU11 44.838890 150164 sgemm sgemm CUDA1 0.184674 150204 40
CPU3 44.858132 150165 sgemm sgemm CUDA3 1.259356 150205 40
CPU6 25.296610 150166 ssyrk ssyrk CUDA0 0.915318 150206 40
CPU4 44.882710 150167 sgemm sgemm CUDA0 1.191234 150207 40
CPU10 44.872705 150168 sgemm sgemm CUDA0 1.083856 150208 40
CPU17 44.736266 150169 sgemm sgemm CUDA2 1.201715 150209 40
CPU17 44.742191 150170 sgemm sgemm CUDA1 1.206777 150210 40
CPU19 45.024269 150171 sgemm sgemm CUDA1 1.203193 150211 40
CPU4 44.719387 150172 sgemm sgemm CUDA1 1.081089 150212 40
CPU11 44.872251 150173 sgemm sgemm CUDA1 12.113418 150213 40
CPU4 44.646900 150174 sgemm sgemm CUDA1 1.383011 150214 40
CPU19 45.204532 150175 sgemm sgemm CUDA2 1.012210 150215 40
CPU7 44.900427 150176 sgemm sgemm CUDA0 1.195546 150216 40
CPU2 44.756235 150177 sgemm sgemm CUDA1 1.202647 150217 40
CPU5 24.798398 150178 ssyrk ssyrk CUDA0 0.679608 150218 40
CPU12 44.745353 150179 sgemm sgemm CUDA0 1.208185 150219 40
CPU1 45.116500 150180 sgemm sgemm CUDA2 0.049042 150220 40
CPU5 45.014992 150181 sgemm sgemm CUDA3 0.043129 150221 40
CPU8 44.732580 150182 sgemm sgemm CUDA0 1.066123 150222 40
CPU2 44.882265 150183 sgemm sgemm CUDA3 1.066981 150223 40
CPU12 44.952418 150184 sgemm sgemm CUDA1 9.372722 150224 40
CPU3 44.642299 150185 sgemm sgemm CUDA1 0.058030 150225 40
CPU4 44.960181 150186 sgemm sgemm CUDA2 1.025506 150226 40
CPU12 44.861130 150187 sgemm sgemm CUDA2 1.205467 150227 40
CPU10 44.961585 150188 sgemm sgemm CUDA0 1.210075 150228 40
CPU11 24.489061 150189 ssyrk ssyrk CUDA3 0.051548 150229 40
CPU10 44.797800 150190 sgemm sgemm CUDA3 1.068649 150230 40
CPU12 44.841800 150191 sgemm sgemm CUDA3 1.096690 150231 40
CPU10 44.660504 150192 sgemm sgemm CUDA0 0.086292 150232 40
CPU11 44.596650 150193 sgemm sgemm CUDA0 1.188006 150233 40
CPU12 44.899361 150194 sgemm sgemm CUDA0 1.376793 150234 40
CPU2 44.651798 150195 sgemm sgemm CUDA3 4.280618 150235 40
CPU0 45.079417 150196 sgemm sgemm CUDA2 1.151643 150236 40
CPU11 44.642843 150197 sgemm sgemm CUDA2 1.077970 150237 40
CPU13 44.760834 150198 sgemm sgemm CUDA3 1.065924 150238 40
CPU10 24.743419 150199 ssyrk ssyrk CUDA1 0.056343 150239 40
CPU8 45.220762 150200 sgemm sgemm CUDA1 1.374030 150240 40
CPU11 44.831827 150201 sgemm sgemm CUDA1 1.184406 150241 40
CPU5 44.906509 150202 sgemm sgemm CUDA1 3.889070 150242 40
CPU10 45.028862 150203 sgemm sgemm CUDA1 1.080065 150243 40
CPU4 44.634287 150204 sgemm sgemm CUDA3 1.083158 150244 40
CPU11 44.783746 150205 sgemm sgemm CUDA2 1.147565 150245 40
CPU12 44.873169 150206 sgemm sgemm CUDA2 1.067280 150246 40
CPU13 44.701679 150207 sgemm sgemm CUDA3 1.206646 150247 40
CPU9 25.737721 150208 ssyrk ssyrk CUDA1 0.681282 150248 40
CPU19 44.879252 150209 sgemm sgemm CUDA1 0.870928 150249 40
CPU11 44.632440 150210 sgemm sgemm CUDA1 0.045963 150250 40
CPU11 44.812949 150211 sgemm sgemm CUDA1 1.189113 150251 40
CPU1 44.364072 150212 sgemm sgemm CUDA0 1.466744 150252 40
CPU5 44.821851 150213 sgemm sgemm CUDA1 1.198568 150253 40
CPU5 44.740703 150214 sgemm sgemm CUDA3 1.203484 150254 40
CPU13 44.807425 150215 sgemm sgemm CUDA1 1.211028 150255 40
CPU19 25.074200 150216 ssyrk ssyrk CUDA0 0.497676 150256 40
CPU9 44.506017 150217 sgemm sgemm CUDA1 1.302000 150257 40
CPU7 44.882246 150218 sgemm sgemm CUDA1 1.207290 150258 40
CPU1 44.319781 150219 sgemm sgemm CUDA0 9.687001 150259 40
CPU6 44.944383 150220 sgemm sgemm CUDA1 1.087734 150260 40
CPU2 44.815341 150221 sgemm sgemm CUDA1 1.064265 150261 40
CPU8 44.872131 150222 sgemm sgemm CUDA0 1.061649 150262 40
CPU10 24.995954 150223 ssyrk ssyrk CUDA3 0.918860 150263 40
CPU11 45.037686 150224 sgemm sgemm CUDA1 1.225956 150264 40
CPU0 44.561742 150225 sgemm sgemm CUDA3 1.219323 150265 40
CPU19 44.903695 150226 sgemm sgemm CUDA2 1.158106 150266 40
CPU7 44.555106 150227 sgemm sgemm CUDA3 1.080005 150267 40
CPU4 44.885644 150228 sgemm sgemm CUDA3 1.081049 150268 40
CPU11 24.676698 150229 ssyrk ssyrk CUDA1 0.702369 150269 40
CPU0 44.617016 150230 sgemm sgemm CUDA0 0.061693 150270 40
CPU8 44.634625 150231 sgemm sgemm CUDA1 1.068951 150271 40
CPU12 44.979967 150232 sgemm sgemm CUDA1 1.188872 150272 40
CPU8 44.769921 150233 sgemm sgemm CUDA1 1.207043 150273 40
CPU7 25.032273 150234 ssyrk ssyrk CUDA1 0.691251 150274 40
CPU4 44.594586 150235 sgemm sgemm CUDA1 1.205429 150275 40
CPU10 45.079402 150236 sgemm sgemm CUDA3 1.063723 150276 40
CPU4 44.783252 150237 sgemm sgemm CUDA3 1.080973 150277 40
CPU0 24.935295 150238 ssyrk ssyrk CUDA1 0.670011 150278 40
CPU2 44.807462 150239 sgemm sgemm CUDA2 1.146802 150279 40
CPU0 45.315990 150240 sgemm sgemm CUDA1 1.206801 150280 40
CPU0 24.834868 150241 ssyrk ssyrk CUDA0 0.033601 150281 40
CPU6 44.918798 150242 sgemm sgemm CUDA3 1.067951 150282 40
CPU9 24.953956 150243 ssyrk ssyrk CUDA3 0.679559 150283 40
CPU13 30.323585 150246 strmm strmm CUDA1 4.485926 150286 40
CPU13 30.064835 150250 strmm strmm CUDA3 0.030209 150290 40
CPU3 29.836494 150254 strmm strmm CUDA1 14.360964 150294 40
CPU2 29.909569 150258 strmm strmm CUDA2 12.923647 150298 40
CPU12 30.335224 150262 strmm strmm CUDA2 0.219666 150302 40
CPU8 31.456939 150266 strmm strmm CUDA2 4.516899 150306 40
CPU6 31.591602 150270 strmm strmm CUDA3 4.645985 150310 40
CPU13 30.137568 150274 strmm strmm CUDA3 4.289119 150314 40
CPU10 30.912685 150278 strmm strmm CUDA1 4.287629 150318 40
CPU13 31.762259 150282 strmm strmm CUDA0 14.309463 150322 40
CPU13 30.889652 150286 strmm strmm CUDA0 4.542785 150326 40
CPU9 30.147088 150290 strmm strmm CUDA3 15.991683 150330 40
CPU1 30.301286 150294 strmm strmm CUDA2 4.289914 150334 40
CPU6 30.675568 150298 strmm strmm CUDA1 0.044212 150338 40
CPU4 31.440096 150302 strmm strmm CUDA0 4.286195 150342 40
CPU12 11.920561 150306 slauum slauum CPU -1 150346 40
CPU2 24.532498 150308 ssyrk ssyrk CUDA2 0.619999 150348 40
CPU5 44.881325 150309 sgemm sgemm CUDA2 0.069686 150349 40
CPU10 45.105238 150310 sgemm sgemm CUDA2 11.913405 150350 40
CPU0 45.194588 150311 sgemm sgemm CUDA2 0.097731 150351 40
CPU3 45.125919 150312 sgemm sgemm CUDA0 0.081755 150352 40
CPU8 44.857983 150313 sgemm sgemm CUDA0 0.370694 150353 40
CPU1 44.404451 150314 sgemm sgemm CUDA2 0.424351 150354 40
CPU9 44.707327 150315 sgemm sgemm CUDA1 1.191428 150355 40
CPU7 44.707253 150316 sgemm sgemm CUDA2 1.315764 150356 40
CPU6 44.714552 150317 sgemm sgemm CUDA1 0.416175 150357 40
CPU9 44.805421 150318 sgemm sgemm CUDA2 1.195718 150358 40
CPU7 44.821394 150319 sgemm sgemm CUDA0 0.065918 150359 40
CPU13 44.966114 150320 sgemm sgemm CUDA2 1.209720 150360 40
CPU2 44.637959 150321 sgemm sgemm CUDA1 1.140964 150361 40
CPU5 44.903051 150322 sgemm sgemm CUDA0 1.367738 150362 40
CPU13 44.969074 150323 sgemm sgemm CUDA2 1.075336 150363 40
CPU9 25.295979 150324 ssyrk ssyrk CUDA3 0.075513 150364 40
CPU9 44.966528 150325 sgemm sgemm CUDA0 1.070129 150365 40
CPU9 45.104434 150326 sgemm sgemm CUDA0 0.101407 150366 40
CPU4 45.207003 150327 sgemm sgemm CUDA3 3.206851 150367 40
CPU10 44.640734 150328 sgemm sgemm CUDA3 0.052141 150368 40
CPU9 44.822437 150329 sgemm sgemm CUDA2 1.382364 150369 40
CPU19 44.915760 150330 sgemm sgemm CUDA3 1.210336 150370 40
CPU10 44.995629 150331 sgemm sgemm CUDA2 1.066752 150371 40
CPU4 44.978416 150332 sgemm sgemm CUDA0 1.191073 150372 40
CPU12 45.041879 150333 sgemm sgemm CUDA2 1.085027 150373 40
CPU8 44.964862 150334 sgemm sgemm CUDA0 1.208189 150374 40
CPU5 44.555141 150335 sgemm sgemm CUDA2 1.137779 150375 40
CPU9 44.789391 150336 sgemm sgemm CUDA2 1.207362 150376 40
CPU13 44.980222 150337 sgemm sgemm CUDA2 1.080973 150377 40
CPU13 45.171810 150338 sgemm sgemm CUDA2 1.082700 150378 40
CPU14 24.694049 150339 ssyrk ssyrk CUDA3 0.686971 150379 40
CPU6 45.294147 150340 sgemm sgemm CUDA2 0.043652 150380 40
CPU9 44.874044 150341 sgemm sgemm CUDA3 1.194198 150381 40
CPU10 44.538712 150342 sgemm sgemm CUDA3 1.078698 150382 40
CPU18 44.708083 150343 sgemm sgemm CUDA3 1.068994 150383 40
CPU11 44.725806 150344 sgemm sgemm CUDA3 1.083422 150384 40
CPU10 44.895976 150345 sgemm sgemm CUDA1 0.042995 150385 40
CPU1 45.034588 150346 sgemm sgemm CUDA3 1.075119 150386 40
CPU11 44.699353 150347 sgemm sgemm CUDA2 1.083215 150387 40
CPU8 44.489547 150348 sgemm sgemm CUDA0 1.084312 150388 40
CPU3 44.537370 150349 sgemm sgemm CUDA2 1.148140 150389 40
CPU11 44.624015 150350 sgemm sgemm CUDA1 1.227176 150390 40
CPU3 44.916190 150351 sgemm sgemm CUDA1 1.089045 150391 40
CPU1 44.742106 150352 sgemm sgemm CUDA1 1.202053 150392 40
CPU6 25.274586 150353 ssyrk ssyrk CUDA2 1.006356 150393 40
CPU2 44.554727 150354 sgemm sgemm CUDA2 1.220336 150394 40
CPU10 44.638245 150355 sgemm sgemm CUDA0 1.259561 150395 40
CPU19 44.797238 150356 sgemm sgemm CUDA2 9.601650 150396 40
CPU19 44.791252 150357 sgemm sgemm CUDA1 1.196452 150397 40
CPU11 44.951158 150358 sgemm sgemm CUDA1 1.364534 150398 40
CPU4 45.151285 150359 sgemm sgemm CUDA1 1.102759 150399 40
CPU11 44.623520 150360 sgemm sgemm CUDA2 1.081470 150400 40
CPU9 44.770335 150361 sgemm sgemm CUDA1 0.066448 150401 40
CPU12 44.610307 150362 sgemm sgemm CUDA2 1.022729 150402 40
CPU7 45.024600 150363 sgemm sgemm CUDA1 1.118270 150403 40
CPU9 44.335484 150364 sgemm sgemm CUDA1 1.085407 150404 40
CPU2 44.854301 150365 sgemm sgemm CUDA2 1.218526 150405 40
CPU3 24.684139 150366 ssyrk ssyrk CUDA0 0.942061 150406 40
CPU10 44.603932 150367 sgemm sgemm CUDA0 1.193360 150407 40
CPU3 44.991480 150368 sgemm sgemm CUDA2 3.470273 150408 40
CPU4 44.936469 150369 sgemm sgemm CUDA3 1.067690 150409 40
CPU8 44.800477 150370 sgemm sgemm CUDA0 1.064958 150410 40
CPU2 45.360918 150371 sgemm sgemm CUDA3 0.052791 150411 40
CPU12 44.917354 150372 sgemm sgemm CUDA2 1.065198 150412 40
CPU3 45.072944 150373 sgemm sgemm CUDA0 1.370245 150413 40
CPU7 45.126845 150374 sgemm sgemm CUDA2 1.010429 150414 40
CPU11 44.573504 150375 sgemm sgemm CUDA2 1.064247 150415 40
CPU10 44.816904 150376 sgemm sgemm CUDA0 9.773474 150416 40
CPU12 45.034845 150377 sgemm sgemm CUDA2 1.197586 150417 40
CPU10 24.776487 150378 ssyrk ssyrk CUDA3 0.328178 150418 40
CPU10 44.777432 150379 sgemm sgemm CUDA3 11.910402 150419 40
CPU10 44.788756 150380 sgemm sgemm CUDA3 1.193160 150420 40
CPU10 44.805342 150381 sgemm sgemm CUDA0 0.037411 150421 40
CPU8 45.103222 150382 sgemm sgemm CUDA0 3.679213 150422 40
CPU12 44.858137 150383 sgemm sgemm CUDA2 1.069705 150423 40
CPU2 44.414535 150384 sgemm sgemm CUDA0 1.210592 150424 40
CPU10 44.868880 150385 sgemm sgemm CUDA2 1.017754 150425 40
CPU11 44.835356 150386 sgemm sgemm CUDA2 1.206723 150426 40
CPU13 44.858409 150387 sgemm sgemm CUDA3 0.060802 150427 40
CPU8 45.148171 150388 sgemm sgemm CUDA2 0.076693 150428 40
CPU19 24.869058 150389 ssyrk ssyrk CUDA1 0.758373 150429 40
CPU8 44.936660 150390 sgemm sgemm CUDA1 1.205840 150430 40
CPU11 45.063025 150391 sgemm sgemm CUDA1 1.069390 150431 40
CPU5 44.802776 150392 sgemm sgemm CUDA1 0.055103 150432 40
CPU10 44.830345 150393 sgemm sgemm CUDA2 1.069177 150433 40
CPU4 44.854420 150394 sgemm sgemm CUDA1 1.322696 150434 40
CPU0 44.999649 150395 sgemm sgemm CUDA2 1.154667 150435 40
CPU3 44.786443 150396 sgemm sgemm CUDA2 1.208060 150436 40
CPU4 45.067020 150397 sgemm sgemm CUDA3 1.280189 150437 40
CPU6 45.136976 150398 sgemm sgemm CUDA3 1.209497 150438 40
CPU9 24.853138 150399 ssyrk ssyrk CUDA1 0.675515 150439 40
CPU10 45.031408 150400 sgemm sgemm CUDA1 1.078556 150440 40
CPU4 44.974199 150401 sgemm sgemm CUDA1 1.074889 150441 40
CPU11 44.711464 150402 sgemm sgemm CUDA3 1.198337 150442 40
CPU1 44.609300 150403 sgemm sgemm CUDA0 1.063453 150443 40
CPU13 45.107566 150404 sgemm sgemm CUDA1 1.070563 150444 40
CPU5 44.811946 150405 sgemm sgemm CUDA0 1.063801 150445 40
CPU13 45.040755 150406 sgemm sgemm CUDA1 1.064508 150446 40
CPU13 45.084073 150407 sgemm sgemm CUDA0 1.189466 150447 40
CPU11 24.923200 150408 ssyrk ssyrk CUDA0 0.930664 150448 40
CPU9 44.661036 150409 sgemm sgemm CUDA1 1.074438 150449 40
CPU7 44.828630 150410 sgemm sgemm CUDA2 1.201202 150450 40
CPU1 44.259763 150411 sgemm sgemm CUDA0 1.192855 150451 40
CPU12 44.895647 150412 sgemm sgemm CUDA1 1.196245 150452 40
CPU2 44.810426 150413 sgemm sgemm CUDA1 0.041076 150453 40
CPU6 45.107574 150414 sgemm sgemm CUDA0 1.200129 150454 40
CPU10 45.158592 150415 sgemm sgemm CUDA1 1.425492 150455 40
CPU10 24.897942 150416 ssyrk ssyrk CUDA3 0.941513 150456 40
CPU11 44.792670 150417 sgemm sgemm CUDA3 1.151669 150457 40
CPU0 44.986578 150418 sgemm sgemm CUDA0 1.221094 150458 40
CPU13 44.838913 150419 sgemm sgemm CUDA3 1.068894 150459 40
CPU7 44.850356 150420 sgemm sgemm CUDA1 1.273478 150460 40
CPU2 44.870855 150421 sgemm sgemm CUDA3 1.201616 150461 40
CPU12 45.482628 150422 sgemm sgemm CUDA0 1.080513 150462 40
CPU11 24.712783 150423 ssyrk ssyrk CUDA2 0.621169 150463 40
CPU0 45.046121 150424 sgemm sgemm CUDA0 1.074103 150464 40
CPU12 44.761175 150425 sgemm sgemm CUDA1 12.576506 150465 40
CPU12 45.078743 150426 sgemm sgemm CUDA0 1.078080 150466 40
CPU8 44.796202 150427 sgemm sgemm CUDA0 1.189698 150467 40
CPU13 45.001176 150428 sgemm sgemm CUDA0 1.064727 150468 40
CPU7 25.619761 150429 ssyrk ssyrk CUDA1 0.695969 150469 40
CPU13 44.838355 150430 sgemm sgemm CUDA1 0.034311 150470 40
CPU10 44.846224 150431 sgemm sgemm CUDA1 1.202633 150471 40
CPU4 44.808931 150432 sgemm sgemm CUDA0 1.063071 150472 40
CPU9 44.764349 150433 sgemm sgemm CUDA1 1.064574 150473 40
CPU12 25.019824 150434 ssyrk ssyrk CUDA1 0.873019 150474 40
CPU0 45.033705 150435 sgemm sgemm CUDA2 12.193059 150475 40
CPU12 44.736447 150436 sgemm sgemm CUDA1 1.064484 150476 40
CPU1 44.665863 150437 sgemm sgemm CUDA3 1.025008 150477 40
CPU0 25.174737 150438 ssyrk ssyrk CUDA0 0.695876 150478 40
CPU6 45.268284 150439 sgemm sgemm CUDA1 9.534807 150479 40
CPU5 45.148591 150440 sgemm sgemm CUDA1 1.203471 150480 40
CPU9 24.772597 150441 ssyrk ssyrk CUDA3 0.678056 150481 40
CPU4 45.217754 150442 sgemm sgemm CUDA0 1.207926 150482 40
CPU12 25.100015 150443 ssyrk ssyrk CUDA1 2.749508 150483 40
CPU12 31.006462 150446 strmm strmm CUDA0 0.032266 150486 40
CPU13 30.485883 150450 strmm strmm CUDA3 12.720873 150490 40
CPU1 30.849563 150454 strmm strmm CUDA3 4.554534 150494 40
CPU2 31.090331 150458 strmm strmm CUDA0 4.572995 150498 40
CPU12 30.110593 150462 strmm strmm CUDA2 0.030576 150502 40
CPU8 31.486244 150466 strmm strmm CUDA2 4.493463 150506 40
CPU6 30.783524 150470 strmm strmm CUDA3 4.295431 150510 40
CPU13 30.693731 150474 strmm strmm CUDA0 15.675796 150514 40
CPU10 31.061671 150478 strmm strmm CUDA0 4.234523 150518 40
CPU12 30.322607 150482 strmm strmm CUDA3 4.254587 150522 40
CPU13 30.535400 150486 strmm strmm CUDA2 4.292315 150526 40
CPU9 30.423061 150490 strmm strmm CUDA1 4.233891 150530 40
CPU1 30.799761 150494 strmm strmm CUDA1 4.521076 150534 40
CPU5 30.573674 150498 strmm strmm CUDA0 4.238729 150538 40
CPU11 29.908139 150502 strmm strmm CUDA1 4.285733 150542 40
CPU13 30.806178 150506 strmm strmm CUDA3 0.031844 150546 40
CPU13 11.920105 150510 slauum slauum CPU -1 150550 40
CPU11 24.853229 150512 ssyrk ssyrk CUDA2 0.051002 150552 40
CPU8 44.800130 150513 sgemm sgemm CUDA2 1.082386 150553 40
CPU9 44.800269 150514 sgemm sgemm CUDA2 1.210630 150554 40
CPU11 44.836442 150515 sgemm sgemm CUDA0 0.064057 150555 40
CPU10 44.739507 150516 sgemm sgemm CUDA0 1.463807 150556 40
CPU0 45.065079 150517 sgemm sgemm CUDA0 1.200426 150557 40
CPU8 44.883686 150518 sgemm sgemm CUDA2 1.067566 150558 40
CPU9 44.882043 150519 sgemm sgemm CUDA0 1.192130 150559 40
CPU11 44.791170 150520 sgemm sgemm CUDA2 0.057109 150560 40
CPU1 44.834521 150521 sgemm sgemm CUDA2 1.200042 150561 40
CPU5 44.517023 150522 sgemm sgemm CUDA2 1.208388 150562 40
CPU3 44.447933 150523 sgemm sgemm CUDA1 1.192355 150563 40
CPU8 44.842271 150524 sgemm sgemm CUDA2 12.063214 150564 40
CPU11 44.853767 150525 sgemm sgemm CUDA1 1.330352 150565 40
CPU2 44.489815 150526 sgemm sgemm CUDA0 1.203199 150566 40
CPU13 44.974284 150527 sgemm sgemm CUDA2 1.298868 150567 40
CPU12 45.211733 150528 sgemm sgemm CUDA2 1.328036 150568 40
CPU9 24.650295 150529 ssyrk ssyrk CUDA3 0.669313 150569 40
CPU9 44.716579 150530 sgemm sgemm CUDA0 1.076959 150570 40
CPU9 44.725078 150531 sgemm sgemm CUDA0 1.320360 150571 40
CPU1 44.942818 150532 sgemm sgemm CUDA3 1.310497 150572 40
CPU12 44.925390 150533 sgemm sgemm CUDA3 1.064958 150573 40
CPU9 44.703531 150534 sgemm sgemm CUDA2 1.080132 150574 40
CPU18 44.620847 150535 sgemm sgemm CUDA3 1.209148 150575 40
CPU10 45.048677 150536 sgemm sgemm CUDA2 1.064423 150576 40
CPU9 45.281749 150537 sgemm sgemm CUDA0 1.083451 150577 40
CPU12 45.233200 150538 sgemm sgemm CUDA2 1.068552 150578 40
CPU13 44.759538 150539 sgemm sgemm CUDA0 1.065088 150579 40
CPU1 44.346608 150540 sgemm sgemm CUDA2 1.292227 150580 40
CPU13 45.038282 150541 sgemm sgemm CUDA2 1.079499 150581 40
CPU13 45.335859 150542 sgemm sgemm CUDA3 1.074899 150582 40
CPU13 45.167925 150543 sgemm sgemm CUDA3 1.064106 150583 40
CPU12 45.166062 150544 sgemm sgemm CUDA3 1.068914 150584 40
CPU14 24.747296 150545 ssyrk ssyrk CUDA3 0.676222 150585 40
CPU6 45.077846 150546 sgemm sgemm CUDA2 1.207813 150586 40
CPU1 45.253885 150547 sgemm sgemm CUDA3 1.078280 150587 40
CPU12 44.745759 150548 sgemm sgemm CUDA3 1.203847 150588 40
CPU16 44.807684 150549 sgemm sgemm CUDA3 1.071768 150589 40
CPU11 44.574591 150550 sgemm sgemm CUDA3 1.194867 150590 40
CPU10 44.903642 150551 sgemm sgemm CUDA1 1.065737 150591 40
CPU1 44.867986 150552 sgemm sgemm CUDA3 1.066340 150592 40
CPU0 45.075618 150553 sgemm sgemm CUDA2 1.076979 150593 40
CPU12 44.774490 150554 sgemm sgemm CUDA0 1.199351 150594 40
CPU5 44.851373 150555 sgemm sgemm CUDA2 1.007392 150595 40
CPU11 44.776446 150556 sgemm sgemm CUDA1 1.083076 150596 40
CPU3 44.493284 150557 sgemm sgemm CUDA1 1.204784 150597 40
CPU9 44.988802 150558 sgemm sgemm CUDA1 1.071719 150598 40
CPU1 45.026717 150559 sgemm sgemm CUDA3 1.206987 150599 40
CPU6 25.137239 150560 ssyrk ssyrk CUDA0 0.677625 150600 40
CPU1 45.011227 150561 sgemm sgemm CUDA0 1.212656 150601 40
CPU12 44.900081 150562 sgemm sgemm CUDA0 1.064203 150602 40
CPU16 44.845720 150563 sgemm sgemm CUDA1 1.335401 150603 40
CPU18 44.516980 150564 sgemm sgemm CUDA0 1.073145 150604 40
CPU10 44.831599 150565 sgemm sgemm CUDA1 1.080239 150605 40
CPU4 44.938560 150566 sgemm sgemm CUDA0 1.211695 150606 40
CPU0 44.769783 150567 sgemm sgemm CUDA2 1.205231 150607 40
CPU13 44.710375 150568 sgemm sgemm CUDA1 0.051248 150608 40
CPU0 45.031729 150569 sgemm sgemm CUDA2 1.029242 150609 40
CPU7 44.820039 150570 sgemm sgemm CUDA1 1.061963 150610 40
CPU9 44.444399 150571 sgemm sgemm CUDA1 1.207107 150611 40
CPU0 45.034425 150572 sgemm sgemm CUDA1 1.064312 150612 40
CPU2 44.871287 150573 sgemm sgemm CUDA0 1.212965 150613 40
CPU1 24.877011 150574 ssyrk ssyrk CUDA0 0.052417 150614 40
CPU12 45.121780 150575 sgemm sgemm CUDA0 1.204752 150615 40
CPU3 45.065833 150576 sgemm sgemm CUDA2 1.070861 150616 40
CPU18 44.457496 150577 sgemm sgemm CUDA3 1.194565 150617 40
CPU8 44.995965 150578 sgemm sgemm CUDA1 1.069541 150618 40
CPU2 45.216239 150579 sgemm sgemm CUDA3 1.082051 150619 40
CPU12 45.148767 150580 sgemm sgemm CUDA2 1.194924 150620 40
CPU13 44.787646 150581 sgemm sgemm CUDA1 0.100317 150621 40
CPU8 44.966485 150582 sgemm sgemm CUDA3 1.194721 150622 40
CPU11 44.868681 150583 sgemm sgemm CUDA1 1.103660 150623 40
CPU10 45.002876 150584 sgemm sgemm CUDA0 1.086786 150624 40
CPU12 44.926725 150585 sgemm sgemm CUDA2 14.287391 150625 40
CPU11 44.691486 150586 sgemm sgemm CUDA2 1.208757 150626 40
CPU0 25.481604 150587 ssyrk ssyrk CUDA3 0.680431 150627 40
CPU12 45.070591 150588 sgemm sgemm CUDA3 1.081056 150628 40
CPU12 45.162645 150589 sgemm sgemm CUDA3 1.206987 150629 40
CPU12 45.108494 150590 sgemm sgemm CUDA0 1.206285 150630 40
CPU12 44.976397 150591 sgemm sgemm CUDA0 1.065567 150631 40
CPU12 44.933843 150592 sgemm sgemm CUDA2 1.078043 150632 40
CPU12 44.907264 150593 sgemm sgemm CUDA0 13.689529 150633 40
CPU8 44.946708 150594 sgemm sgemm CUDA3 12.047539 150634 40
CPU13 44.921355 150595 sgemm sgemm CUDA2 0.065336 150635 40
CPU13 44.839587 150596 sgemm sgemm CUDA3 1.071269 150636 40
CPU8 44.994542 150597 sgemm sgemm CUDA2 1.068520 150637 40
CPU4 44.981133 150598 sgemm sgemm CUDA2 1.206863 150638 40
CPU15 24.354040 150599 ssyrk ssyrk CUDA1 0.688981 150639 40
CPU8 45.150511 150600 sgemm sgemm CUDA1 1.206790 150640 40
CPU11 44.751587 150601 sgemm sgemm CUDA1 1.194298 150641 40
CPU5 44.830865 150602 sgemm sgemm CUDA3 1.139788 150642 40
CPU10 44.860713 150603 sgemm sgemm CUDA3 1.067922 150643 40
CPU13 44.891972 150604 sgemm sgemm CUDA1 13.771770 150644 40
CPU5 44.804413 150605 sgemm sgemm CUDA2 1.152687 150645 40
CPU13 44.963913 150606 sgemm sgemm CUDA2 1.207052 150646 40
CPU4 44.887545 150607 sgemm sgemm CUDA3 1.081108 150647 40
CPU4 44.985986 150608 sgemm sgemm CUDA3 1.209449 150648 40
CPU6 44.940207 150609 sgemm sgemm CUDA3 1.196946 150649 40
CPU9 24.934369 150610 ssyrk ssyrk CUDA1 0.672986 150650 40
CPU10 44.588893 150611 sgemm sgemm CUDA1 1.083110 150651 40
CPU4 44.902768 150612 sgemm sgemm CUDA3 1.208743 150652 40
CPU0 44.859786 150613 sgemm sgemm CUDA3 1.080309 150653 40
CPU12 44.942872 150614 sgemm sgemm CUDA0 1.066832 150654 40
CPU7 44.988966 150615 sgemm sgemm CUDA1 1.208571 150655 40
CPU12 44.936532 150616 sgemm sgemm CUDA1 1.209768 150656 40
CPU13 45.062488 150617 sgemm sgemm CUDA1 1.064197 150657 40
CPU13 44.955575 150618 sgemm sgemm CUDA0 1.210397 150658 40
CPU13 45.121275 150619 sgemm sgemm CUDA0 1.077098 150659 40
CPU10 24.971014 150620 ssyrk ssyrk CUDA0 0.685974 150660 40
CPU9 44.673845 150621 sgemm sgemm CUDA1 1.313332 150661 40
CPU7 44.710493 150622 sgemm sgemm CUDA0 1.196663 150662 40
CPU13 44.749044 150623 sgemm sgemm CUDA0 1.208029 150663 40
CPU8 44.771515 150624 sgemm sgemm CUDA1 1.078339 150664 40
CPU11 44.379500 150625 sgemm sgemm CUDA1 12.609226 150665 40
CPU13 45.052614 150626 sgemm sgemm CUDA0 12.121260 150666 40
CPU5 44.769946 150627 sgemm sgemm CUDA0 0.055043 150667 40
CPU10 45.346309 150628 sgemm sgemm CUDA0 1.253431 150668 40
CPU10 25.024488 150629 ssyrk ssyrk CUDA3 0.627529 150669 40
CPU11 44.981984 150630 sgemm sgemm CUDA3 1.212814 150670 40
CPU12 44.913646 150631 sgemm sgemm CUDA0 1.004639 150671 40
CPU3 44.968207 150632 sgemm sgemm CUDA3 1.152615 150672 40
CPU13 44.979905 150633 sgemm sgemm CUDA1 1.140332 150673 40
CPU13 45.102137 150634 sgemm sgemm CUDA3 1.075232 150674 40
CPU10 45.308747 150635 sgemm sgemm CUDA0 1.024103 150675 40
CPU12 45.225851 150636 sgemm sgemm CUDA3 12.652584 150676 40
CPU7 25.035670 150637 ssyrk ssyrk CUDA2 0.699089 150677 40
CPU13 45.025176 150638 sgemm sgemm CUDA0 1.065705 150678 40
CPU0 45.015354 150639 sgemm sgemm CUDA3 1.298316 150679 40
CPU12 45.005341 150640 sgemm sgemm CUDA0 1.207687 150680 40
CPU13 44.985366 150641 sgemm sgemm CUDA0 1.191618 150681 40
CPU13 45.197056 150642 sgemm sgemm CUDA0 1.211378 150682 40
CPU13 45.131807 150643 sgemm sgemm CUDA2 1.070884 150683 40
CPU12 24.917200 150644 ssyrk ssyrk CUDA1 0.214434 150684 40
CPU8 44.901261 150645 sgemm sgemm CUDA1 1.076635 150685 40
CPU13 44.870198 150646 sgemm sgemm CUDA1 1.091271 150686 40
CPU12 44.989808 150647 sgemm sgemm CUDA0 1.083643 150687 40
CPU9 44.746787 150648 sgemm sgemm CUDA1 1.065639 150688 40
CPU9 44.664825 150649 sgemm sgemm CUDA1 1.218632 150689 40
CPU4 24.761940 150650 ssyrk ssyrk CUDA1 0.696858 150690 40
CPU0 44.898964 150651 sgemm sgemm CUDA2 1.151669 150691 40
CPU12 44.946923 150652 sgemm sgemm CUDA1 1.207906 150692 40
CPU1 44.664807 150653 sgemm sgemm CUDA3 1.065139 150693 40
CPU1 44.582433 150654 sgemm sgemm CUDA1 12.000122 150694 40
CPU11 24.770873 150655 ssyrk ssyrk CUDA0 0.689568 150695 40
CPU6 44.881322 150656 sgemm sgemm CUDA1 1.218423 150696 40
CPU5 44.943207 150657 sgemm sgemm CUDA1 1.070155 150697 40
CPU5 44.871697 150658 sgemm sgemm CUDA2 1.083267 150698 40
CPU9 24.620733 150659 ssyrk ssyrk CUDA3 0.054612 150699 40
CPU4 44.930436 150660 sgemm sgemm CUDA3 1.331952 150700 40
CPU11 44.840507 150661 sgemm sgemm CUDA1 1.079995 150701 40
CPU12 24.893447 150662 ssyrk ssyrk CUDA3 0.680050 150702 40
CPU13 45.122743 150663 sgemm sgemm CUDA3 14.268448 150703 40
CPU18 24.582448 150664 ssyrk ssyrk CUDA3 0.065491 150704 40
CPU12 30.805868 150667 strmm strmm CUDA2 4.286971 150707 40
CPU12 30.713139 150671 strmm strmm CUDA2 15.614200 150711 40
CPU12 29.923748 150675 strmm strmm CUDA2 0.030495 150715 40
CPU12 30.666339 150679 strmm strmm CUDA0 12.737240 150719 40
CPU11 29.982722 150683 strmm strmm CUDA0 4.242794 150723 40
CPU13 30.213393 150687 strmm strmm CUDA2 4.531293 150727 40
CPU13 30.292468 150691 strmm strmm CUDA3 0.032166 150731 40
CPU19 30.359059 150695 strmm strmm CUDA0 4.546335 150735 40
CPU13 30.379934 150699 strmm strmm CUDA0 4.293430 150739 40
CPU12 30.633226 150703 strmm strmm CUDA1 4.228145 150743 40
CPU13 31.256020 150707 strmm strmm CUDA2 15.091322 150747 40
CPU12 30.820019 150711 strmm strmm CUDA0 0.056783 150751 40
CPU1 30.236561 150715 strmm strmm CUDA3 15.005930 150755 40
CPU5 29.932543 150719 strmm strmm CUDA1 0.186081 150759 40
CPU11 30.972366 150723 strmm strmm CUDA3 4.285667 150763 40
CPU17 30.864165 150727 strmm strmm CUDA3 4.507901 150767 40
CPU18 30.989769 150731 strmm strmm CUDA2 0.040995 150771 40
CPU18 11.889471 150735 slauum slauum CPU -1 150775 40
CPU2 24.721086 150737 ssyrk ssyrk CUDA2 0.050260 150777 40
CPU3 44.673348 150738 sgemm sgemm CUDA3 1.116614 150778 40
CPU2 44.684343 150739 sgemm sgemm CUDA2 1.192057 150779 40
CPU7 45.247779 150740 sgemm sgemm CUDA3 1.065753 150780 40
CPU10 44.726759 150741 sgemm sgemm CUDA0 7.327202 150781 40
CPU0 45.014998 150742 sgemm sgemm CUDA2 1.345000 150782 40
CPU8 44.811328 150743 sgemm sgemm CUDA2 1.082807 150783 40
CPU9 44.811145 150744 sgemm sgemm CUDA0 1.251401 150784 40
CPU10 45.102469 150745 sgemm sgemm CUDA2 1.210790 150785 40
CPU1 44.969459 150746 sgemm sgemm CUDA2 1.073148 150786 40
CPU5 44.791716 150747 sgemm sgemm CUDA3 0.056641 150787 40
CPU12 44.955465 150748 sgemm sgemm CUDA2 1.203571 150788 40
CPU6 45.248189 150749 sgemm sgemm CUDA3 1.196369 150789 40
CPU11 44.520942 150750 sgemm sgemm CUDA1 1.064259 150790 40
CPU13 44.770545 150751 sgemm sgemm CUDA0 1.320576 150791 40
CPU13 44.767983 150752 sgemm sgemm CUDA0 1.118835 150792 40
CPU12 44.930366 150753 sgemm sgemm CUDA2 0.055443 150793 40
CPU12 44.792460 150754 sgemm sgemm CUDA2 1.067272 150794 40
CPU9 24.620423 150755 ssyrk ssyrk CUDA3 10.030126 150795 40
CPU9 44.700754 150756 sgemm sgemm CUDA0 1.082992 150796 40
CPU9 44.896322 150757 sgemm sgemm CUDA3 1.080476 150797 40
CPU9 44.842127 150758 sgemm sgemm CUDA3 1.063703 150798 40
CPU10 44.845876 150759 sgemm sgemm CUDA3 1.309707 150799 40
CPU9 44.567925 150760 sgemm sgemm CUDA2 1.064142 150800 40
CPU11 44.757445 150761 sgemm sgemm CUDA3 1.194352 150801 40
CPU11 44.748406 150762 sgemm sgemm CUDA2 0.048763 150802 40
CPU7 44.801357 150763 sgemm sgemm CUDA0 1.071747 150803 40
CPU10 45.280408 150764 sgemm sgemm CUDA0 1.084873 150804 40
CPU11 45.041621 150765 sgemm sgemm CUDA0 1.340506 150805 40
CPU1 44.876576 150766 sgemm sgemm CUDA3 1.078660 150806 40
CPU11 44.727733 150767 sgemm sgemm CUDA2 1.300106 150807 40
CPU13 45.136812 150768 sgemm sgemm CUDA2 1.132357 150808 40
CPU13 45.055755 150769 sgemm sgemm CUDA3 1.193528 150809 40
CPU12 45.106663 150770 sgemm sgemm CUDA0 1.200777 150810 40
CPU2 44.859810 150771 sgemm sgemm CUDA2 1.205563 150811 40
CPU14 24.862956 150772 ssyrk ssyrk CUDA0 0.672765 150812 40
CPU7 45.311716 150773 sgemm sgemm CUDA2 1.208718 150813 40
CPU1 45.014546 150774 sgemm sgemm CUDA1 1.201739 150814 40
CPU12 44.727223 150775 sgemm sgemm CUDA2 12.155220 150815 40
CPU15 44.878095 150776 sgemm sgemm CUDA2 1.259857 150816 40
CPU11 44.662798 150777 sgemm sgemm CUDA0 1.213800 150817 40
CPU10 45.084419 150778 sgemm sgemm CUDA1 1.223320 150818 40
CPU1 45.114588 150779 sgemm sgemm CUDA1 1.081048 150819 40
CPU5 44.939348 150780 sgemm sgemm CUDA1 1.242479 150820 40
CPU13 44.837385 150781 sgemm sgemm CUDA0 1.064199 150821 40
CPU5 44.916062 150782 sgemm sgemm CUDA2 1.197799 150822 40
CPU11 44.468348 150783 sgemm sgemm CUDA1 1.066257 150823 40
CPU13 44.765233 150784 sgemm sgemm CUDA0 1.201686 150824 40
CPU13 44.841585 150785 sgemm sgemm CUDA1 1.062152 150825 40
CPU13 44.744108 150786 sgemm sgemm CUDA0 1.206553 150826 40
CPU11 44.845123 150787 sgemm sgemm CUDA2 1.064521 150827 40
CPU7 25.444020 150788 ssyrk ssyrk CUDA3 0.681237 150828 40
CPU0 45.122005 150789 sgemm sgemm CUDA3 12.051203 150829 40
CPU6 45.175803 150790 sgemm sgemm CUDA0 1.066577 150830 40
CPU15 44.823759 150791 sgemm sgemm CUDA1 1.218081 150831 40
CPU11 44.617989 150792 sgemm sgemm CUDA0 1.066634 150832 40
CPU10 44.944584 150793 sgemm sgemm CUDA1 1.300610 150833 40
CPU4 45.110581 150794 sgemm sgemm CUDA0 1.201788 150834 40
CPU6 44.892370 150795 sgemm sgemm CUDA2 0.039342 150835 40
CPU12 45.379976 150796 sgemm sgemm CUDA1 1.083074 150836 40
CPU0 45.237442 150797 sgemm sgemm CUDA2 1.152160 150837 40
CPU11 44.562812 150798 sgemm sgemm CUDA1 1.087249 150838 40
CPU13 44.756774 150799 sgemm sgemm CUDA0 1.067152 150839 40
CPU12 45.356549 150800 sgemm sgemm CUDA1 1.081886 150840 40
CPU13 44.746772 150801 sgemm sgemm CUDA0 1.195496 150841 40
CPU12 45.219700 150802 sgemm sgemm CUDA3 1.066133 150842 40
CPU1 24.816326 150803 ssyrk ssyrk CUDA0 0.058802 150843 40
CPU12 44.902440 150804 sgemm sgemm CUDA1 1.214377 150844 40
CPU9 44.803817 150805 sgemm sgemm CUDA1 1.080072 150845 40
CPU19 44.839796 150806 sgemm sgemm CUDA3 1.194527 150846 40
CPU8 44.937121 150807 sgemm sgemm CUDA1 1.215612 150847 40
CPU2 45.163691 150808 sgemm sgemm CUDA3 1.367458 150848 40
CPU6 45.113123 150809 sgemm sgemm CUDA1 1.206073 150849 40
CPU11 44.673939 150810 sgemm sgemm CUDA1 0.046124 150850 40
CPU5 44.638309 150811 sgemm sgemm CUDA3 1.191339 150851 40
CPU11 44.583041 150812 sgemm sgemm CUDA1 1.079309 150852 40
CPU8 44.962765 150813 sgemm sgemm CUDA0 1.081625 150853 40
CPU13 44.741603 150814 sgemm sgemm CUDA2 1.067372 150854 40
CPU13 44.722040 150815 sgemm sgemm CUDA2 1.330884 150855 40
CPU11 44.942401 150816 sgemm sgemm CUDA0 12.373848 150856 40
CPU4 25.344945 150817 ssyrk ssyrk CUDA1 0.217631 150857 40
CPU10 44.932453 150818 sgemm sgemm CUDA1 0.473720 150858 40
CPU12 44.981204 150819 sgemm sgemm CUDA1 1.223332 150859 40
CPU7 44.939807 150820 sgemm sgemm CUDA2 1.220669 150860 40
CPU12 44.862663 150821 sgemm sgemm CUDA1 1.227813 150861 40
CPU5 44.272329 150822 sgemm sgemm CUDA3 1.438815 150862 40
CPU13 44.742645 150823 sgemm sgemm CUDA0 1.070160 150863 40
CPU2 44.853856 150824 sgemm sgemm CUDA3 12.681113 150864 40
CPU11 44.583222 150825 sgemm sgemm CUDA2 1.209441 150865 40
CPU13 45.002501 150826 sgemm sgemm CUDA3 1.301561 150866 40
CPU10 44.766894 150827 sgemm sgemm CUDA2 1.067108 150867 40
CPU12 44.698245 150828 sgemm sgemm CUDA0 12.161813 150868 40
CPU0 45.419007 150829 sgemm sgemm CUDA2 1.068258 150869 40
CPU15 24.545660 150830 ssyrk ssyrk CUDA1 0.719013 150870 40
CPU8 44.923628 150831 sgemm sgemm CUDA1 1.296040 150871 40
CPU11 44.902576 150832 sgemm sgemm CUDA2 1.201979 150872 40
CPU5 44.744553 150833 sgemm sgemm CUDA3 1.278858 150873 40
CPU10 45.000682 150834 sgemm sgemm CUDA3 1.091099 150874 40
CPU12 44.886407 150835 sgemm sgemm CUDA1 1.211759 150875 40
CPU5 44.758486 150836 sgemm sgemm CUDA2 1.020559 150876 40
CPU11 44.670425 150837 sgemm sgemm CUDA2 1.064722 150877 40
CPU10 44.765612 150838 sgemm sgemm CUDA3 1.149153 150878 40
CPU12 44.550805 150839 sgemm sgemm CUDA3 1.208374 150879 40
CPU11 44.738244 150840 sgemm sgemm CUDA3 1.197309 150880 40
CPU13 44.991061 150841 sgemm sgemm CUDA3 1.080572 150881 40
CPU9 24.838642 150842 ssyrk ssyrk CUDA1 0.701541 150882 40
CPU11 44.742811 150843 sgemm sgemm CUDA0 1.072299 150883 40
CPU4 44.853274 150844 sgemm sgemm CUDA3 1.155123 150884 40
CPU0 45.037757 150845 sgemm sgemm CUDA3 1.222606 150885 40
CPU11 44.864856 150846 sgemm sgemm CUDA1 1.196995 150886 40
CPU7 45.071704 150847 sgemm sgemm CUDA3 0.039256 150887 40
CPU11 44.729257 150848 sgemm sgemm CUDA1 1.208796 150888 40
CPU13 44.906462 150849 sgemm sgemm CUDA1 1.067183 150889 40
CPU11 44.546733 150850 sgemm sgemm CUDA0 1.210520 150890 40
CPU13 45.043054 150851 sgemm sgemm CUDA0 0.053305 150891 40
CPU19 45.151484 150852 sgemm sgemm CUDA0 1.064118 150892 40
CPU10 25.041765 150853 ssyrk ssyrk CUDA0 0.447864 150893 40
CPU9 44.860192 150854 sgemm sgemm CUDA1 1.256873 150894 40
CPU7 44.844256 150855 sgemm sgemm CUDA0 1.083021 150895 40
CPU13 44.800185 150856 sgemm sgemm CUDA0 1.082265 150896 40
CPU7 44.805585 150857 sgemm sgemm CUDA1 1.369050 150897 40
CPU11 44.774021 150858 sgemm sgemm CUDA1 12.890383 150898 40
CPU2 44.733248 150859 sgemm sgemm CUDA0 1.199643 150899 40
CPU13 44.891504 150860 sgemm sgemm CUDA0 1.077033 150900 40
CPU10 44.880787 150861 sgemm sgemm CUDA0 1.255797 150901 40
CPU13 45.420048 150862 sgemm sgemm CUDA0 1.207923 150902 40
CPU10 25.171715 150863 ssyrk ssyrk CUDA3 0.724108 150903 40
CPU11 44.798391 150864 sgemm sgemm CUDA3 1.231295 150904 40
CPU18 44.860282 150865 sgemm sgemm CUDA0 1.194346 150905 40
CPU3 44.583697 150866 sgemm sgemm CUDA3 1.199498 150906 40
CPU11 44.640440 150867 sgemm sgemm CUDA2 1.083790 150907 40
CPU13 44.765586 150868 sgemm sgemm CUDA3 1.201217 150908 40
CPU10 45.141261 150869 sgemm sgemm CUDA0 1.087952 150909 40
CPU10 45.076609 150870 sgemm sgemm CUDA3 1.025516 150910 40
CPU12 44.761448 150871 sgemm sgemm CUDA1 12.162963 150911 40
CPU7 25.121520 150872 ssyrk ssyrk CUDA0 0.695937 150912 40
CPU19 44.885068 150873 sgemm sgemm CUDA2 12.729599 150913 40
CPU0 45.265151 150874 sgemm sgemm CUDA3 1.083202 150914 40
CPU11 44.709472 150875 sgemm sgemm CUDA3 1.203681 150915 40
CPU12 44.765484 150876 sgemm sgemm CUDA0 1.066318 150916 40
CPU6 44.882798 150877 sgemm sgemm CUDA0 1.209963 150917 40
CPU13 45.079969 150878 sgemm sgemm CUDA2 1.135318 150918 40
CPU0 45.026250 150879 sgemm sgemm CUDA2 1.186245 150919 40
CPU12 24.739765 150880 ssyrk ssyrk CUDA1 0.683492 150920 40
CPU1 45.391947 150881 sgemm sgemm CUDA1 1.209477 150921 40
CPU13 44.903717 150882 sgemm sgemm CUDA1 0.039462 150922 40
CPU11 44.899330 150883 sgemm sgemm CUDA0 1.067146 150923 40
CPU7 44.713114 150884 sgemm sgemm CUDA1 1.205388 150924 40
CPU12 44.785376 150885 sgemm sgemm CUDA1 1.203591 150925 40
CPU13 44.871148 150886 sgemm sgemm CUDA0 0.041245 150926 40
CPU4 24.867750 150887 ssyrk ssyrk CUDA1 0.677803 150927 40
CPU11 44.520527 150888 sgemm sgemm CUDA2 1.074074 150928 40
CPU13 44.740873 150889 sgemm sgemm CUDA1 1.065719 150929 40
CPU10 44.846968 150890 sgemm sgemm CUDA3 1.010497 150930 40
CPU13 44.812193 150891 sgemm sgemm CUDA1 1.014828 150931 40
CPU7 44.845045 150892 sgemm sgemm CUDA2 12.288083 150932 40
CPU11 24.647587 150893 ssyrk ssyrk CUDA3 0.674953 150933 40
CPU6 45.119688 150894 sgemm sgemm CUDA1 1.187165 150934 40
CPU4 44.974368 150895 sgemm sgemm CUDA3 1.063338 150935 40
CPU4 44.966437 150896 sgemm sgemm CUDA2 1.010450 150936 40
CPU5 44.892580 150897 sgemm sgemm CUDA3 1.205712 150937 40
CPU9 25.099016 150898 ssyrk ssyrk CUDA3 0.678724 150938 40
CPU4 45.099836 150899 sgemm sgemm CUDA3 1.208081 150939 40
CPU11 44.769856 150900 sgemm sgemm CUDA1 1.203345 150940 40
CPU11 44.835533 150901 sgemm sgemm CUDA2 1.080260 150941 40
CPU12 24.858546 150902 ssyrk ssyrk CUDA3 0.677932 150942 40
CPU13 44.934449 150903 sgemm sgemm CUDA3 12.497247 150943 40
CPU17 44.892311 150904 sgemm sgemm CUDA3 1.079970 150944 40
CPU18 24.730400 150905 ssyrk ssyrk CUDA3 0.032878 150945 40
CPU18 44.895135 150906 sgemm sgemm CUDA2 1.010577 150946 40
CPU18 24.602883 150907 ssyrk ssyrk CUDA2 0.691649 150947 40
CPU5 31.166439 150910 strmm strmm CUDA1 4.234796 150950 40
CPU2 30.315032 150914 strmm strmm CUDA0 4.349694 150954 40
CPU11 30.081899 150918 strmm strmm CUDA1 13.725939 150958 40
CPU1 31.146023 150922 strmm strmm CUDA0 4.381215 150962 40
CPU5 31.098874 150926 strmm strmm CUDA1 13.892511 150966 40
CPU0 30.760347 150930 strmm strmm CUDA2 4.239190 150970 40
CPU0 30.520819 150934 strmm strmm CUDA3 4.621361 150974 40
CPU19 30.865738 150938 strmm strmm CUDA1 4.489271 150978 40
CPU13 30.776002 150942 strmm strmm CUDA2 14.770292 150982 40
CPU1 30.569787 150946 strmm strmm CUDA0 4.433358 150986 40
CPU0 30.385689 150950 strmm strmm CUDA0 4.290963 150990 40
CPU13 30.298785 150954 strmm strmm CUDA1 0.029303 150994 40
CPU7 31.389717 150958 strmm strmm CUDA3 4.288180 150998 40
CPU1 30.647723 150962 strmm strmm CUDA2 0.029540 151002 40
CPU13 30.532841 150966 strmm strmm CUDA0 13.112235 151006 40
CPU17 30.149412 150970 strmm strmm CUDA1 4.545218 151010 40
CPU18 30.298229 150974 strmm strmm CUDA2 4.490980 151014 40
CPU18 30.314753 150978 strmm strmm CUDA3 14.891143 151018 40
CPU16 12.446935 150982 slauum slauum CPU -1 151022 40
CPU5 24.749874 150984 ssyrk ssyrk CUDA2 0.055972 151024 40
CPU10 44.964425 150985 sgemm sgemm CUDA2 1.204860 151025 40
CPU5 44.774805 150986 sgemm sgemm CUDA2 1.081557 151026 40
CPU8 44.904808 150987 sgemm sgemm CUDA2 1.203522 151027 40
CPU10 44.941591 150988 sgemm sgemm CUDA2 1.204741 151028 40
CPU3 45.080424 150989 sgemm sgemm CUDA2 1.067009 151029 40
CPU1 44.707280 150990 sgemm sgemm CUDA2 1.213687 151030 40
CPU5 44.648751 150991 sgemm sgemm CUDA0 1.058744 151031 40
CPU4 44.999304 150992 sgemm sgemm CUDA2 1.068810 151032 40
CPU8 44.653701 150993 sgemm sgemm CUDA0 1.067313 151033 40
CPU6 44.925087 150994 sgemm sgemm CUDA0 1.065598 151034 40
CPU2 45.213804 150995 sgemm sgemm CUDA0 0.039219 151035 40
CPU19 44.938577 150996 sgemm sgemm CUDA2 1.082567 151036 40
CPU13 44.951238 150997 sgemm sgemm CUDA1 1.211286 151037 40
CPU1 45.147528 150998 sgemm sgemm CUDA2 1.020389 151038 40
CPU7 45.061770 150999 sgemm sgemm CUDA0 1.205666 151039 40
CPU0 44.886464 151000 sgemm sgemm CUDA2 1.066941 151040 40
CPU12 44.882637 151001 sgemm sgemm CUDA2 1.198678 151041 40
CPU5 45.030492 151002 sgemm sgemm CUDA1 10.656332 151042 40
CPU9 24.715144 151003 ssyrk ssyrk CUDA3 0.047812 151043 40
CPU9 44.764127 151004 sgemm sgemm CUDA0 1.294475 151044 40
CPU9 45.042840 151005 sgemm sgemm CUDA1 0.132494 151045 40
CPU9 45.156642 151006 sgemm sgemm CUDA3 1.202699 151046 40
CPU10 44.669243 151007 sgemm sgemm CUDA3 1.294910 151047 40
CPU9 44.851239 151008 sgemm sgemm CUDA2 0.063112 151048 40
CPU10 44.756243 151009 sgemm sgemm CUDA3 1.064239 151049 40
CPU19 44.663691 151010 sgemm sgemm CUDA3 1.368346 151050 40
CPU5 44.847227 151011 sgemm sgemm CUDA3 1.079669 151051 40
CPU10 45.307506 151012 sgemm sgemm CUDA0 1.082955 151052 40
CPU2 45.174213 151013 sgemm sgemm CUDA0 1.350340 151053 40
CPU19 45.070081 151014 sgemm sgemm CUDA3 1.078117 151054 40
CPU13 44.939892 151015 sgemm sgemm CUDA2 1.103125 151055 40
CPU13 45.086172 151016 sgemm sgemm CUDA2 1.008236 151056 40
CPU13 44.899911 151017 sgemm sgemm CUDA3 1.078534 151057 40
CPU12 45.090786 151018 sgemm sgemm CUDA0 0.062572 151058 40
CPU6 44.827345 151019 sgemm sgemm CUDA2 0.179515 151059 40
CPU2 44.830281 151020 sgemm sgemm CUDA1 1.204451 151060 40
CPU14 24.938714 151021 ssyrk ssyrk CUDA0 0.672430 151061 40
CPU7 45.334733 151022 sgemm sgemm CUDA2 1.074585 151062 40
CPU9 45.235190 151023 sgemm sgemm CUDA0 1.189986 151063 40
CPU9 45.533689 151024 sgemm sgemm CUDA2 0.043890 151064 40
CPU16 44.579129 151025 sgemm sgemm CUDA2 1.314030 151065 40
CPU11 44.616140 151026 sgemm sgemm CUDA0 1.065348 151066 40
CPU19 44.774096 151027 sgemm sgemm CUDA1 1.193169 151067 40
CPU1 44.878097 151028 sgemm sgemm CUDA1 1.062051 151068 40
CPU5 44.713216 151029 sgemm sgemm CUDA0 1.079892 151069 40
CPU2 45.181829 151030 sgemm sgemm CUDA0 1.199958 151070 40
CPU17 44.887893 151031 sgemm sgemm CUDA2 1.214934 151071 40
CPU13 44.847122 151032 sgemm sgemm CUDA1 1.066113 151072 40
CPU3 44.319345 151033 sgemm sgemm CUDA0 1.077397 151073 40
CPU12 45.004715 151034 sgemm sgemm CUDA3 1.202266 151074 40
CPU19 44.973138 151035 sgemm sgemm CUDA0 1.194229 151075 40
CPU15 44.955047 151036 sgemm sgemm CUDA1 1.190067 151076 40
CPU11 44.891155 151037 sgemm sgemm CUDA1 1.062632 151077 40
CPU7 25.348481 151038 ssyrk ssyrk CUDA3 0.701463 151078 40
CPU0 45.475504 151039 sgemm sgemm CUDA3 1.188818 151079 40
CPU6 45.296984 151040 sgemm sgemm CUDA0 0.052320 151080 40
CPU15 44.416741 151041 sgemm sgemm CUDA1 0.121072 151081 40
CPU11 44.657220 151042 sgemm sgemm CUDA0 0.074528 151082 40
CPU19 44.963070 151043 sgemm sgemm CUDA0 0.109630 151083 40
CPU4 44.989504 151044 sgemm sgemm CUDA0 12.969918 151084 40
CPU7 44.742744 151045 sgemm sgemm CUDA0 1.079355 151085 40
CPU2 45.140934 151046 sgemm sgemm CUDA1 1.078349 151086 40
CPU19 44.721819 151047 sgemm sgemm CUDA2 11.911726 151087 40
CPU15 44.864224 151048 sgemm sgemm CUDA1 1.200752 151088 40
CPU13 44.982524 151049 sgemm sgemm CUDA0 1.207531 151089 40
CPU10 44.930786 151050 sgemm sgemm CUDA3 1.203806 151090 40
CPU19 44.926328 151051 sgemm sgemm CUDA0 1.368280 151091 40
CPU15 44.925920 151052 sgemm sgemm CUDA2 1.333422 151092 40
CPU1 44.810387 151053 sgemm sgemm CUDA1 1.194344 151093 40
CPU9 25.003560 151054 ssyrk ssyrk CUDA0 0.676174 151094 40
CPU7 45.705062 151055 sgemm sgemm CUDA1 0.038034 151095 40
CPU9 44.959304 151056 sgemm sgemm CUDA1 1.063373 151096 40
CPU10 44.688492 151057 sgemm sgemm CUDA3 1.076229 151097 40
CPU19 44.791889 151058 sgemm sgemm CUDA1 1.076778 151098 40
CPU2 45.022900 151059 sgemm sgemm CUDA3 1.074397 151099 40
CPU6 44.746307 151060 sgemm sgemm CUDA0 1.202851 151100 40
CPU2 45.102158 151061 sgemm sgemm CUDA1 1.004714 151101 40
CPU19 44.817621 151062 sgemm sgemm CUDA3 1.078761 151102 40
CPU13 44.937942 151063 sgemm sgemm CUDA1 1.199931 151103 40
CPU8 44.940626 151064 sgemm sgemm CUDA0 1.085228 151104 40
CPU12 44.878057 151065 sgemm sgemm CUDA3 1.196546 151105 40
CPU19 44.951650 151066 sgemm sgemm CUDA2 1.077975 151106 40
CPU15 44.858112 151067 sgemm sgemm CUDA0 1.065477 151107 40
CPU5 44.944266 151068 sgemm sgemm CUDA1 1.213776 151108 40
CPU4 25.217434 151069 ssyrk ssyrk CUDA1 0.976510 151109 40
CPU10 44.830204 151070 sgemm sgemm CUDA1 1.063004 151110 40
CPU12 45.342830 151071 sgemm sgemm CUDA1 0.050127 151111 40
CPU7 45.407902 151072 sgemm sgemm CUDA2 14.995331 151112 40
CPU19 44.844190 151073 sgemm sgemm CUDA1 1.327664 151113 40
CPU5 44.836486 151074 sgemm sgemm CUDA3 1.062947 151114 40
CPU6 45.133888 151075 sgemm sgemm CUDA0 1.195487 151115 40
CPU18 44.749607 151076 sgemm sgemm CUDA3 1.207552 151116 40
CPU13 44.861281 151077 sgemm sgemm CUDA2 1.013519 151117 40
CPU3 45.160214 151078 sgemm sgemm CUDA3 1.210661 151118 40
CPU10 44.714372 151079 sgemm sgemm CUDA3 1.214080 151119 40
CPU19 44.881604 151080 sgemm sgemm CUDA0 1.076146 151120 40
CPU0 45.328892 151081 sgemm sgemm CUDA2 1.208340 151121 40
CPU0 45.766430 151082 sgemm sgemm CUDA2 1.195179 151122 40
CPU16 24.523964 151083 ssyrk ssyrk CUDA1 0.182459 151123 40
CPU8 45.085991 151084 sgemm sgemm CUDA1 11.853800 151124 40
CPU11 44.548767 151085 sgemm sgemm CUDA2 10.669277 151125 40
CPU5 44.712604 151086 sgemm sgemm CUDA1 1.231508 151126 40
CPU10 44.936214 151087 sgemm sgemm CUDA3 1.066329 151127 40
CPU2 44.950220 151088 sgemm sgemm CUDA1 1.011156 151128 40
CPU17 44.890216 151089 sgemm sgemm CUDA1 1.215099 151129 40
CPU10 45.022438 151090 sgemm sgemm CUDA2 1.143305 151130 40
CPU10 44.655497 151091 sgemm sgemm CUDA3 1.210886 151131 40
CPU12 44.691058 151092 sgemm sgemm CUDA3 1.207637 151132 40
CPU19 45.034988 151093 sgemm sgemm CUDA3 1.199133 151133 40
CPU7 45.183840 151094 sgemm sgemm CUDA1 1.067353 151134 40
CPU0 45.223500 151095 sgemm sgemm CUDA1 1.195991 151135 40
CPU9 24.963750 151096 ssyrk ssyrk CUDA1 0.941513 151136 40
CPU19 44.942341 151097 sgemm sgemm CUDA0 2.347595 151137 40
CPU4 44.647581 151098 sgemm sgemm CUDA3 1.062142 151138 40
CPU0 44.909495 151099 sgemm sgemm CUDA3 1.192510 151139 40
CPU8 44.612574 151100 sgemm sgemm CUDA1 12.536612 151140 40
CPU16 44.732477 151101 sgemm sgemm CUDA3 1.061877 151141 40
CPU18 44.355118 151102 sgemm sgemm CUDA1 1.190841 151142 40
CPU0 45.259287 151103 sgemm sgemm CUDA1 1.076065 151143 40
CPU11 44.805271 151104 sgemm sgemm CUDA0 1.205428 151144 40
CPU13 45.197219 151105 sgemm sgemm CUDA0 1.184547 151145 40
CPU19 45.131441 151106 sgemm sgemm CUDA0 1.205342 151146 40
CPU19 45.073338 151107 sgemm sgemm CUDA1 1.198026 151147 40
CPU19 25.141375 151108 ssyrk ssyrk CUDA0 0.054117 151148 40
CPU9 44.799852 151109 sgemm sgemm CUDA1 1.080955 151149 40
CPU5 44.763686 151110 sgemm sgemm CUDA0 10.565503 151150 40
CPU1 44.687224 151111 sgemm sgemm CUDA0 1.200555 151151 40
CPU19 44.782386 151112 sgemm sgemm CUDA1 1.208004 151152 40
CPU19 44.789498 151113 sgemm sgemm CUDA1 1.198058 151153 40
CPU2 44.693139 151114 sgemm sgemm CUDA1 1.195307 151154 40
CPU11 44.743513 151115 sgemm sgemm CUDA0 1.193389 151155 40
CPU19 45.007950 151116 sgemm sgemm CUDA0 1.206104 151156 40
CPU2 44.871663 151117 sgemm sgemm CUDA0 1.074063 151157 40
CPU13 44.949126 151118 sgemm sgemm CUDA2 1.065142 151158 40
CPU10 25.157669 151119 ssyrk ssyrk CUDA3 0.069598 151159 40
CPU11 44.959822 151120 sgemm sgemm CUDA3 1.194071 151160 40
CPU9 44.586737 151121 sgemm sgemm CUDA0 1.065916 151161 40
CPU19 44.855672 151122 sgemm sgemm CUDA3 1.349120 151162 40
CPU13 45.045190 151123 sgemm sgemm CUDA2 12.050574 151163 40
CPU13 45.200659 151124 sgemm sgemm CUDA3 1.193007 151164 40
CPU10 44.940500 151125 sgemm sgemm CUDA0 1.206301 151165 40
CPU19 45.119291 151126 sgemm sgemm CUDA3 1.080085 151166 40
CPU15 45.039597 151127 sgemm sgemm CUDA1 1.079777 151167 40
CPU0 44.775553 151128 sgemm sgemm CUDA0 1.064778 151168 40
CPU5 24.820773 151129 ssyrk ssyrk CUDA0 0.044025 151169 40
CPU0 44.954409 151130 sgemm sgemm CUDA0 1.083914 151170 40
CPU18 44.594617 151131 sgemm sgemm CUDA3 0.051322 151171 40
CPU11 44.917016 151132 sgemm sgemm CUDA3 1.078996 151172 40
CPU12 44.720679 151133 sgemm sgemm CUDA0 1.069186 151173 40
CPU6 44.717343 151134 sgemm sgemm CUDA3 1.206660 151174 40
CPU13 45.173276 151135 sgemm sgemm CUDA2 1.079054 151175 40
CPU0 44.815888 151136 sgemm sgemm CUDA2 1.203755 151176 40
CPU0 44.796562 151137 sgemm sgemm CUDA0 1.301490 151177 40
CPU2 24.832601 151138 ssyrk ssyrk CUDA1 0.090501 151178 40
CPU17 44.487382 151139 sgemm sgemm CUDA1 1.379221 151179 40
CPU2 44.838747 151140 sgemm sgemm CUDA1 1.205674 151180 40
CPU6 44.987751 151141 sgemm sgemm CUDA0 1.148126 151181 40
CPU7 44.617231 151142 sgemm sgemm CUDA1 1.197417 151182 40
CPU12 45.239085 151143 sgemm sgemm CUDA1 1.133673 151183 40
CPU15 45.045719 151144 sgemm sgemm CUDA0 1.074514 151184 40
CPU11 44.828668 151145 sgemm sgemm CUDA1 1.067022 151185 40
CPU16 24.695417 151146 ssyrk ssyrk CUDA1 0.689393 151186 40
CPU19 44.706697 151147 sgemm sgemm CUDA2 1.263203 151187 40
CPU16 44.623982 151148 sgemm sgemm CUDA1 1.204546 151188 40
CPU19 44.673050 151149 sgemm sgemm CUDA3 1.075270 151189 40
CPU18 44.740934 151150 sgemm sgemm CUDA1 1.062697 151190 40
CPU7 45.021868 151151 sgemm sgemm CUDA2 0.058703 151191 40
CPU7 44.850240 151152 sgemm sgemm CUDA1 1.067943 151192 40
CPU13 25.171200 151153 ssyrk ssyrk CUDA3 0.681573 151193 40
CPU13 44.730325 151154 sgemm sgemm CUDA1 1.204921 151194 40
CPU17 44.861087 151155 sgemm sgemm CUDA3 12.517812 151195 40
CPU19 45.135788 151156 sgemm sgemm CUDA2 1.011582 151196 40
CPU15 45.091153 151157 sgemm sgemm CUDA3 0.034111 151197 40
CPU1 44.598175 151158 sgemm sgemm CUDA2 1.012062 151198 40
CPU9 24.752562 151159 ssyrk ssyrk CUDA3 0.693076 151199 40
CPU19 44.618565 151160 sgemm sgemm CUDA3 1.081985 151200 40
CPU11 44.735964 151161 sgemm sgemm CUDA1 1.067406 151201 40
CPU9 44.509386 151162 sgemm sgemm CUDA2 1.067360 151202 40
CPU13 44.969087 151163 sgemm sgemm CUDA0 6.849744 151203 40
CPU12 25.037416 151164 ssyrk ssyrk CUDA3 0.684444 151204 40
CPU19 45.133762 151165 sgemm sgemm CUDA3 1.194823 151205 40
CPU17 45.139012 151166 sgemm sgemm CUDA3 1.082615 151206 40
CPU17 44.911383 151167 sgemm sgemm CUDA1 1.190000 151207 40
CPU18 24.668552 151168 ssyrk ssyrk CUDA3 0.681289 151208 40
CPU18 45.225170 151169 sgemm sgemm CUDA2 1.190459 151209 40
CPU18 44.875880 151170 sgemm sgemm CUDA2 1.204043 151210 40
CPU18 24.892200 151171 ssyrk ssyrk CUDA2 0.175875 151211 40
CPU18 44.897171 151172 sgemm sgemm CUDA1 1.068373 151212 40
CPU16 24.720072 151173 ssyrk ssyrk CUDA1 0.693682 151213 40
CPU5 31.148710 151176 strmm strmm CUDA0 4.284184 151216 40
CPU13 30.351228 151180 strmm strmm CUDA2 4.187815 151220 40
CPU3 31.549677 151184 strmm strmm CUDA3 13.741460 151224 40
CPU13 30.488664 151188 strmm strmm CUDA3 4.572249 151228 40
CPU13 30.019679 151192 strmm strmm CUDA3 4.292154 151232 40
CPU0 31.239375 151196 strmm strmm CUDA3 4.284367 151236 40
CPU0 30.980646 151200 strmm strmm CUDA2 16.145013 151240 40
CPU13 30.835191 151204 strmm strmm CUDA0 15.061914 151244 40
CPU13 30.165618 151208 strmm strmm CUDA0 4.499810 151248 40
CPU13 31.613807 151212 strmm strmm CUDA3 15.137855 151252 40
CPU0 30.343593 151216 strmm strmm CUDA0 14.427474 151256 40
CPU11 30.340450 151220 strmm strmm CUDA0 4.574152 151260 40
CPU18 29.962114 151224 strmm strmm CUDA3 12.951332 151264 40
CPU13 30.994021 151228 strmm strmm CUDA1 4.290568 151268 40
CPU12 30.644013 151232 strmm strmm CUDA3 0.029791 151272 40
CPU19 30.992054 151236 strmm strmm CUDA0 0.028980 151276 40
CPU16 31.094779 151240 strmm strmm CUDA2 2.493022 151280 40
CPU18 31.166427 151244 strmm strmm CUDA3 4.484885 151284 40
CPU18 30.850493 151248 strmm strmm CUDA0 4.286030 151288 40
CPU13 12.146211 151252 slauum slauum CPU -1 151292 40
CPU2 24.519900 151254 ssyrk ssyrk CUDA2 0.050218 151294 40
CPU7 45.144473 151255 sgemm sgemm CUDA2 0.184395 151295 40
CPU2 44.656378 151256 sgemm sgemm CUDA2 1.317106 151296 40
CPU1 45.178347 151257 sgemm sgemm CUDA2 1.364044 151297 40
CPU2 44.836596 151258 sgemm sgemm CUDA0 1.386419 151298 40
CPU1 45.012007 151259 sgemm sgemm CUDA2 1.079679 151299 40
CPU2 44.765882 151260 sgemm sgemm CUDA2 1.199594 151300 40
CPU1 44.647473 151261 sgemm sgemm CUDA0 1.192611 151301 40
CPU2 44.295947 151262 sgemm sgemm CUDA2 1.080614 151302 40
CPU8 44.793599 151263 sgemm sgemm CUDA2 1.196098 151303 40
CPU6 44.970679 151264 sgemm sgemm CUDA0 1.195468 151304 40
CPU4 45.111608 151265 sgemm sgemm CUDA0 1.316978 151305 40
CPU0 45.215478 151266 sgemm sgemm CUDA2 1.069072 151306 40
CPU13 44.857968 151267 sgemm sgemm CUDA0 5.256483 151307 40
CPU1 44.840789 151268 sgemm sgemm CUDA2 1.066701 151308 40
CPU7 45.174026 151269 sgemm sgemm CUDA0 4.884128 151309 40
CPU0 44.662684 151270 sgemm sgemm CUDA2 1.069573 151310 40
CPU12 44.729062 151271 sgemm sgemm CUDA2 1.085333 151311 40
CPU5 45.109986 151272 sgemm sgemm CUDA1 12.568742 151312 40
CPU3 45.131001 151273 sgemm sgemm CUDA0 1.209696 151313 40
CPU9 24.667451 151274 ssyrk ssyrk CUDA3 0.690781 151314 40
CPU9 44.756284 151275 sgemm sgemm CUDA0 1.293718 151315 40
CPU9 44.976732 151276 sgemm sgemm CUDA3 1.225401 151316 40
CPU3 44.936214 151277 sgemm sgemm CUDA3 4.033206 151317 40
CPU12 44.653807 151278 sgemm sgemm CUDA3 1.066453 151318 40
CPU9 44.863714 151279 sgemm sgemm CUDA2 1.196837 151319 40
CPU19 45.160816 151280 sgemm sgemm CUDA0 1.206810 151320 40
CPU17 44.900631 151281 sgemm sgemm CUDA2 1.077580 151321 40
CPU6 45.172962 151282 sgemm sgemm CUDA2 1.197992 151322 40
CPU10 45.131768 151283 sgemm sgemm CUDA0 1.301758 151323 40
CPU8 44.968185 151284 sgemm sgemm CUDA0 1.089772 151324 40
CPU17 44.836494 151285 sgemm sgemm CUDA3 1.204218 151325 40
CPU13 45.148127 151286 sgemm sgemm CUDA0 0.060533 151326 40
CPU13 44.975549 151287 sgemm sgemm CUDA2 1.075694 151327 40
CPU18 44.581089 151288 sgemm sgemm CUDA3 1.476020 151328 40
CPU12 44.931453 151289 sgemm sgemm CUDA2 1.194158 151329 40
CPU6 45.100058 151290 sgemm sgemm CUDA2 1.023612 151330 40
CPU2 46.564043 151291 sgemm sgemm CUDA1 0.039473 151331 40
CPU13 44.851174 151292 sgemm sgemm CUDA2 1.193906 151332 40
CPU14 24.766015 151293 ssyrk ssyrk CUDA0 12.001714 151333 40
CPU14 44.685240 151294 sgemm sgemm CUDA2 1.069584 151334 40
CPU5 45.186974 151295 sgemm sgemm CUDA0 0.046184 151335 40
CPU9 45.971791 151296 sgemm sgemm CUDA2 1.202316 151336 40
CPU15 44.449166 151297 sgemm sgemm CUDA2 1.204212 151337 40
CPU11 44.727583 151298 sgemm sgemm CUDA0 1.065178 151338 40
CPU19 45.046227 151299 sgemm sgemm CUDA1 1.191267 151339 40
CPU1 45.088378 151300 sgemm sgemm CUDA1 1.074366 151340 40
CPU6 45.205068 151301 sgemm sgemm CUDA3 1.199616 151341 40
CPU1 44.254092 151302 sgemm sgemm CUDA0 1.339491 151342 40
CPU17 44.958477 151303 sgemm sgemm CUDA2 1.083278 151343 40
CPU13 44.836771 151304 sgemm sgemm CUDA1 1.106310 151344 40
CPU2 44.558133 151305 sgemm sgemm CUDA3 1.205231 151345 40
CPU13 44.822121 151306 sgemm sgemm CUDA3 1.356250 151346 40
CPU18 44.661054 151307 sgemm sgemm CUDA1 12.301722 151347 40
CPU15 44.666440 151308 sgemm sgemm CUDA2 1.027375 151348 40
CPU11 44.707349 151309 sgemm sgemm CUDA1 1.316578 151349 40
CPU3 45.111920 151310 sgemm sgemm CUDA3 1.076580 151350 40
CPU7 25.359043 151311 ssyrk ssyrk CUDA3 0.167260 151351 40
CPU3 44.865614 151312 sgemm sgemm CUDA3 1.293007 151352 40
CPU12 44.542713 151313 sgemm sgemm CUDA3 1.203881 151353 40
CPU15 44.332930 151314 sgemm sgemm CUDA2 1.212772 151354 40
CPU10 44.903942 151315 sgemm sgemm CUDA0 1.076109 151355 40
CPU17 44.896849 151316 sgemm sgemm CUDA0 0.041320 151356 40
CPU4 45.229715 151317 sgemm sgemm CUDA0 6.299291 151357 40
CPU7 45.056328 151318 sgemm sgemm CUDA0 1.191998 151358 40
CPU9 44.736997 151319 sgemm sgemm CUDA0 1.268113 151359 40
CPU16 44.486501 151320 sgemm sgemm CUDA2 12.771957 151360 40
CPU15 44.907726 151321 sgemm sgemm CUDA0 0.047030 151361 40
CPU13 45.042970 151322 sgemm sgemm CUDA0 1.198858 151362 40
CPU13 44.786009 151323 sgemm sgemm CUDA3 0.047623 151363 40
CPU19 44.949780 151324 sgemm sgemm CUDA2 1.192836 151364 40
CPU15 44.803651 151325 sgemm sgemm CUDA2 1.150385 151365 40
CPU1 45.037521 151326 sgemm sgemm CUDA0 0.040478 151366 40
CPU13 44.734309 151327 sgemm sgemm CUDA3 1.212166 151367 40
CPU5 25.006332 151328 ssyrk ssyrk CUDA0 0.691829 151368 40
CPU7 45.705075 151329 sgemm sgemm CUDA1 1.206888 151369 40
CPU3 44.973644 151330 sgemm sgemm CUDA1 0.041845 151370 40
CPU5 44.734087 151331 sgemm sgemm CUDA3 1.082111 151371 40
CPU19 44.900457 151332 sgemm sgemm CUDA1 1.197275 151372 40
CPU2 45.249881 151333 sgemm sgemm CUDA3 1.200850 151373 40
CPU6 45.369063 151334 sgemm sgemm CUDA0 1.210389 151374 40
CPU0 44.992653 151335 sgemm sgemm CUDA0 1.222863 151375 40
CPU19 44.527997 151336 sgemm sgemm CUDA3 1.197270 151376 40
CPU13 44.993386 151337 sgemm sgemm CUDA3 1.219135 151377 40
CPU2 44.674458 151338 sgemm sgemm CUDA0 1.194857 151378 40
CPU13 44.709686 151339 sgemm sgemm CUDA3 11.755703 151379 40
CPU19 45.168107 151340 sgemm sgemm CUDA2 1.078415 151380 40
CPU15 44.688263 151341 sgemm sgemm CUDA0 1.064843 151381 40
CPU5 45.054285 151342 sgemm sgemm CUDA0 1.322098 151382 40
CPU13 44.762013 151343 sgemm sgemm CUDA3 1.198267 151383 40
CPU19 24.952497 151344 ssyrk ssyrk CUDA1 0.685838 151384 40
CPU11 44.927051 151345 sgemm sgemm CUDA1 1.200102 151385 40
CPU19 45.043535 151346 sgemm sgemm CUDA1 1.090800 151386 40
CPU12 44.987192 151347 sgemm sgemm CUDA2 12.970675 151387 40
CPU19 44.738698 151348 sgemm sgemm CUDA1 1.196437 151388 40
CPU12 44.784624 151349 sgemm sgemm CUDA3 1.078030 151389 40
CPU6 45.253104 151350 sgemm sgemm CUDA0 1.076949 151390 40
CPU18 44.513804 151351 sgemm sgemm CUDA3 1.207442 151391 40
CPU13 44.836642 151352 sgemm sgemm CUDA2 1.069956 151392 40
CPU3 45.135010 151353 sgemm sgemm CUDA3 1.209699 151393 40
CPU13 44.638276 151354 sgemm sgemm CUDA3 1.190161 151394 40
CPU19 45.218527 151355 sgemm sgemm CUDA1 0.047109 151395 40
CPU4 45.231671 151356 sgemm sgemm CUDA2 12.328598 151396 40
CPU8 44.879515 151357 sgemm sgemm CUDA0 1.192945 151397 40
CPU0 45.612179 151358 sgemm sgemm CUDA3 1.076963 151398 40
CPU15 24.364954 151359 ssyrk ssyrk CUDA1 11.996305 151399 40
CPU8 45.036822 151360 sgemm sgemm CUDA1 1.212576 151400 40
CPU11 44.861634 151361 sgemm sgemm CUDA2 0.042085 151401 40
CPU5 45.113545 151362 sgemm sgemm CUDA1 1.192153 151402 40
CPU10 44.787831 151363 sgemm sgemm CUDA3 1.207888 151403 40
CPU2 44.808626 151364 sgemm sgemm CUDA1 0.064056 151404 40
CPU17 44.815186 151365 sgemm sgemm CUDA1 1.080109 151405 40
CPU10 44.765418 151366 sgemm sgemm CUDA1 1.308502 151406 40
CPU6 44.857412 151367 sgemm sgemm CUDA3 1.200278 151407 40
CPU13 44.639968 151368 sgemm sgemm CUDA3 1.064173 151408 40
CPU18 45.016729 151369 sgemm sgemm CUDA1 1.301672 151409 40
CPU7 45.315888 151370 sgemm sgemm CUDA1 1.077178 151410 40
CPU0 45.286563 151371 sgemm sgemm CUDA1 1.205236 151411 40
CPU1 45.108631 151372 sgemm sgemm CUDA2 1.079969 151412 40
CPU9 24.930736 151373 ssyrk ssyrk CUDA1 0.682530 151413 40
CPU18 44.822843 151374 sgemm sgemm CUDA0 1.062614 151414 40
CPU6 45.026303 151375 sgemm sgemm CUDA3 1.190658 151415 40
CPU5 44.782361 151376 sgemm sgemm CUDA3 12.099983 151416 40
CPU8 44.740878 151377 sgemm sgemm CUDA1 1.067187 151417 40
CPU16 44.740092 151378 sgemm sgemm CUDA3 1.084829 151418 40
CPU18 44.533970 151379 sgemm sgemm CUDA1 1.200709 151419 40
CPU0 45.092627 151380 sgemm sgemm CUDA1 1.192453 151420 40
CPU11 44.620600 151381 sgemm sgemm CUDA0 1.190491 151421 40
CPU13 45.271085 151382 sgemm sgemm CUDA2 1.215655 151422 40
CPU19 44.878919 151383 sgemm sgemm CUDA0 1.003303 151423 40
CPU19 45.194402 151384 sgemm sgemm CUDA0 1.209970 151424 40
CPU13 45.063823 151385 sgemm sgemm CUDA0 1.066625 151425 40
CPU17 25.117893 151386 ssyrk ssyrk CUDA2 0.678660 151426 40
CPU9 44.951855 151387 sgemm sgemm CUDA1 1.067192 151427 40
CPU3 44.541081 151388 sgemm sgemm CUDA0 1.065640 151428 40
CPU1 44.372105 151389 sgemm sgemm CUDA1 1.066719 151429 40
CPU16 44.859015 151390 sgemm sgemm CUDA1 1.197084 151430 40
CPU19 44.831929 151391 sgemm sgemm CUDA1 1.069201 151431 40
CPU0 45.071359 151392 sgemm sgemm CUDA1 1.065174 151432 40
CPU13 44.901828 151393 sgemm sgemm CUDA1 1.207260 151433 40
CPU19 44.966401 151394 sgemm sgemm CUDA1 1.199869 151434 40
CPU2 44.986364 151395 sgemm sgemm CUDA0 1.151634 151435 40
CPU13 45.001359 151396 sgemm sgemm CUDA2 1.071006 151436 40
CPU13 44.897731 151397 sgemm sgemm CUDA2 1.065712 151437 40
CPU10 25.031110 151398 ssyrk ssyrk CUDA3 0.686043 151438 40
CPU11 44.825960 151399 sgemm sgemm CUDA3 0.049188 151439 40
CPU9 44.678001 151400 sgemm sgemm CUDA0 1.082475 151440 40
CPU19 44.469554 151401 sgemm sgemm CUDA3 1.300985 151441 40
CPU13 44.759880 151402 sgemm sgemm CUDA2 1.351961 151442 40
CPU9 44.866445 151403 sgemm sgemm CUDA3 1.296825 151443 40
CPU13 44.775865 151404 sgemm sgemm CUDA0 1.191949 151444 40
CPU18 44.988485 151405 sgemm sgemm CUDA3 1.082196 151445 40
CPU15 44.745068 151406 sgemm sgemm CUDA1 1.025061 151446 40
CPU0 45.300322 151407 sgemm sgemm CUDA0 1.080220 151447 40
CPU13 44.820219 151408 sgemm sgemm CUDA3 1.191946 151448 40
CPU5 24.878725 151409 ssyrk ssyrk CUDA0 0.698181 151449 40
CPU0 45.005505 151410 sgemm sgemm CUDA0 1.213002 151450 40
CPU18 44.609263 151411 sgemm sgemm CUDA3 1.150749 151451 40
CPU11 44.876102 151412 sgemm sgemm CUDA3 1.207889 151452 40
CPU9 44.976551 151413 sgemm sgemm CUDA0 1.199520 151453 40
CPU6 45.014166 151414 sgemm sgemm CUDA3 1.077073 151454 40
CPU13 45.053394 151415 sgemm sgemm CUDA3 1.060936 151455 40
CPU8 44.925272 151416 sgemm sgemm CUDA0 12.051132 151456 40
CPU0 45.172929 151417 sgemm sgemm CUDA0 1.194689 151457 40
CPU9 44.769044 151418 sgemm sgemm CUDA0 12.551401 151458 40
CPU7 24.979761 151419 ssyrk ssyrk CUDA0 3.264175 151459 40
CPU17 44.533186 151420 sgemm sgemm CUDA1 1.194128 151460 40
CPU6 45.066588 151421 sgemm sgemm CUDA0 1.214997 151461 40
CPU0 45.201528 151422 sgemm sgemm CUDA0 1.085353 151462 40
CPU13 44.707159 151423 sgemm sgemm CUDA1 0.195628 151463 40
CPU12 45.124125 151424 sgemm sgemm CUDA1 1.195544 151464 40
CPU15 45.129120 151425 sgemm sgemm CUDA0 1.298918 151465 40
CPU11 44.639966 151426 sgemm sgemm CUDA1 1.197562 151466 40
CPU7 45.186269 151427 sgemm sgemm CUDA0 1.080586 151467 40
CPU16 24.501633 151428 ssyrk ssyrk CUDA1 0.677781 151468 40
CPU17 44.834303 151429 sgemm sgemm CUDA2 1.207459 151469 40
CPU0 45.225007 151430 sgemm sgemm CUDA1 1.211306 151470 40
CPU13 44.823893 151431 sgemm sgemm CUDA3 1.015539 151471 40
CPU17 44.965834 151432 sgemm sgemm CUDA1 1.065237 151472 40
CPU5 44.926406 151433 sgemm sgemm CUDA2 0.041147 151473 40
CPU7 45.204112 151434 sgemm sgemm CUDA2 1.008324 151474 40
CPU18 44.667147 151435 sgemm sgemm CUDA3 1.077413 151475 40
CPU13 25.161999 151436 ssyrk ssyrk CUDA3 0.714694 151476 40
CPU9 44.689206 151437 sgemm sgemm CUDA1 1.064218 151477 40
CPU13 44.905183 151438 sgemm sgemm CUDA3 0.061689 151478 40
CPU19 44.977176 151439 sgemm sgemm CUDA2 0.039785 151479 40
CPU15 45.280047 151440 sgemm sgemm CUDA3 1.068224 151480 40
CPU0 45.196523 151441 sgemm sgemm CUDA2 1.071202 151481 40
CPU10 44.888125 151442 sgemm sgemm CUDA2 1.077555 151482 40
CPU0 25.151745 151443 ssyrk ssyrk CUDA3 0.671887 151483 40
CPU0 45.363071 151444 sgemm sgemm CUDA3 1.080516 151484 40
CPU0 45.068590 151445 sgemm sgemm CUDA1 1.062663 151485 40
CPU0 45.237362 151446 sgemm sgemm CUDA3 1.023795 151486 40
CPU11 44.669517 151447 sgemm sgemm CUDA0 1.196555 151487 40
CPU12 45.054918 151448 sgemm sgemm CUDA2 1.194477 151488 40
CPU13 25.318796 151449 ssyrk ssyrk CUDA1 0.730279 151489 40
CPU19 45.264861 151450 sgemm sgemm CUDA3 12.150811 151490 40
CPU17 44.737925 151451 sgemm sgemm CUDA3 1.009011 151491 40
CPU17 44.636951 151452 sgemm sgemm CUDA1 1.197676 151492 40
CPU19 44.868090 151453 sgemm sgemm CUDA0 1.077045 151493 40
CPU18 24.800640 151454 ssyrk ssyrk CUDA3 0.038987 151494 40
CPU18 44.704662 151455 sgemm sgemm CUDA2 1.244088 151495 40
CPU18 45.011714 151456 sgemm sgemm CUDA2 1.204058 151496 40
CPU16 45.024053 151457 sgemm sgemm CUDA2 1.309559 151497 40
CPU18 24.699352 151458 ssyrk ssyrk CUDA3 0.623997 151498 40
CPU18 44.862675 151459 sgemm sgemm CUDA1 1.069089 151499 40
CPU18 44.841225 151460 sgemm sgemm CUDA3 1.067556 151500 40
CPU16 24.802098 151461 ssyrk ssyrk CUDA1 0.678372 151501 40
CPU18 44.860495 151462 sgemm sgemm CUDA0 1.207350 151502 40
CPU8 24.753502 151463 ssyrk ssyrk CUDA2 0.682528 151503 40
CPU3 30.130211 151466 strmm strmm CUDA1 0.028904 151506 40
CPU11 30.301705 151470 strmm strmm CUDA1 4.488272 151510 40
CPU13 30.552696 151474 strmm strmm CUDA2 18.144275 151514 40
CPU13 30.291157 151478 strmm strmm CUDA2 0.030685 151518 40
CPU3 31.283693 151482 strmm strmm CUDA0 4.227177 151522 40
CPU13 30.246393 151486 strmm strmm CUDA3 13.262278 151526 40
CPU1 31.035683 151490 strmm strmm CUDA1 14.915811 151530 40
CPU12 31.135062 151494 strmm strmm CUDA0 4.285034 151534 40
CPU13 31.519699 151498 strmm strmm CUDA0 14.036845 151538 40
CPU13 30.330147 151502 strmm strmm CUDA1 15.125651 151542 40
CPU13 30.492052 151506 strmm strmm CUDA3 4.240431 151546 40
CPU7 31.615500 151510 strmm strmm CUDA1 4.292846 151550 40
CPU13 30.237502 151514 strmm strmm CUDA1 0.163469 151554 40
CPU10 30.650524 151518 strmm strmm CUDA0 0.029102 151558 40
CPU12 31.006784 151522 strmm strmm CUDA3 4.290238 151562 40
CPU19 30.252078 151526 strmm strmm CUDA3 4.289190 151566 40
CPU8 29.505797 151530 strmm strmm CUDA2 4.566213 151570 40
CPU18 29.942602 151534 strmm strmm CUDA0 4.289505 151574 40
CPU11 30.036408 151538 strmm strmm CUDA2 4.281442 151578 40
CPU8 31.005185 151542 strmm strmm CUDA0 4.578163 151582 40
CPU8 11.956152 151546 slauum slauum CPU -1 151586 40
CPU8 24.636162 151548 ssyrk ssyrk CUDA2 0.060624 151588 40
CPU6 45.141984 151549 sgemm sgemm CUDA2 1.089465 151589 40
CPU1 44.941298 151550 sgemm sgemm CUDA2 1.208434 151590 40
CPU7 44.903109 151551 sgemm sgemm CUDA2 1.208290 151591 40
CPU9 45.060365 151552 sgemm sgemm CUDA0 1.063987 151592 40
CPU8 44.670771 151553 sgemm sgemm CUDA2 1.281038 151593 40
CPU6 45.017003 151554 sgemm sgemm CUDA2 12.748870 151594 40
CPU1 44.967530 151555 sgemm sgemm CUDA0 1.086876 151595 40
CPU7 44.914891 151556 sgemm sgemm CUDA2 4.776850 151596 40
CPU2 44.607003 151557 sgemm sgemm CUDA1 1.080293 151597 40
CPU8 44.790524 151558 sgemm sgemm CUDA0 1.061586 151598 40
CPU13 45.241592 151559 sgemm sgemm CUDA0 0.427737 151599 40
CPU15 44.990304 151560 sgemm sgemm CUDA2 0.062029 151600 40
CPU12 44.730623 151561 sgemm sgemm CUDA0 1.079708 151601 40
CPU1 45.033930 151562 sgemm sgemm CUDA2 1.226461 151602 40
CPU7 45.218583 151563 sgemm sgemm CUDA0 0.063132 151603 40
CPU13 45.808559 151564 sgemm sgemm CUDA2 1.200920 151604 40
CPU10 45.476794 151565 sgemm sgemm CUDA2 1.073367 151605 40
CPU5 44.898924 151566 sgemm sgemm CUDA1 1.192737 151606 40
CPU6 45.212921 151567 sgemm sgemm CUDA0 0.043460 151607 40
CPU3 44.984641 151568 sgemm sgemm CUDA1 1.140215 151608 40
CPU9 24.652626 151569 ssyrk ssyrk CUDA3 0.059056 151609 40
CPU9 45.603426 151570 sgemm sgemm CUDA2 1.219052 151610 40
CPU9 44.943399 151571 sgemm sgemm CUDA3 0.044822 151611 40
CPU1 44.981843 151572 sgemm sgemm CUDA0 1.203032 151612 40
CPU3 44.938181 151573 sgemm sgemm CUDA3 1.320389 151613 40
CPU9 44.754534 151574 sgemm sgemm CUDA2 0.045419 151614 40
CPU19 44.921569 151575 sgemm sgemm CUDA0 1.134294 151615 40
CPU19 44.853076 151576 sgemm sgemm CUDA2 1.384150 151616 40
CPU4 44.653079 151577 sgemm sgemm CUDA2 1.199927 151617 40
CPU10 45.147518 151578 sgemm sgemm CUDA0 1.079095 151618 40
CPU13 44.818971 151579 sgemm sgemm CUDA0 1.248751 151619 40
CPU17 44.906402 151580 sgemm sgemm CUDA3 1.135126 151620 40
CPU13 45.017878 151581 sgemm sgemm CUDA0 1.195803 151621 40
CPU17 45.096238 151582 sgemm sgemm CUDA2 1.191913 151622 40
CPU18 44.823363 151583 sgemm sgemm CUDA3 1.065655 151623 40
CPU12 44.831192 151584 sgemm sgemm CUDA2 1.076881 151624 40
CPU6 45.155042 151585 sgemm sgemm CUDA2 1.201957 151625 40
CPU2 44.961112 151586 sgemm sgemm CUDA1 1.066574 151626 40
CPU2 44.927137 151587 sgemm sgemm CUDA2 0.047150 151627 40
CPU11 44.870750 151588 sgemm sgemm CUDA1 1.152381 151628 40
CPU14 24.806394 151589 ssyrk ssyrk CUDA2 0.692790 151629 40
CPU14 44.683814 151590 sgemm sgemm CUDA2 1.084490 151630 40
CPU0 45.634690 151591 sgemm sgemm CUDA0 1.078624 151631 40
CPU9 45.537843 151592 sgemm sgemm CUDA2 1.075080 151632 40
CPU16 44.623655 151593 sgemm sgemm CUDA2 1.318522 151633 40
CPU11 44.699085 151594 sgemm sgemm CUDA3 1.211870 151634 40
CPU19 44.834856 151595 sgemm sgemm CUDA1 1.204002 151635 40
CPU1 44.988141 151596 sgemm sgemm CUDA1 1.210742 151636 40
CPU6 45.113399 151597 sgemm sgemm CUDA0 1.081577 151637 40
CPU12 44.772824 151598 sgemm sgemm CUDA0 1.211829 151638 40
CPU15 44.771974 151599 sgemm sgemm CUDA2 1.079209 151639 40
CPU13 44.833009 151600 sgemm sgemm CUDA1 1.078232 151640 40
CPU2 44.576218 151601 sgemm sgemm CUDA3 1.068527 151641 40
CPU13 45.289334 151602 sgemm sgemm CUDA3 1.192912 151642 40
CPU13 44.874770 151603 sgemm sgemm CUDA1 1.207738 151643 40
CPU12 44.702129 151604 sgemm sgemm CUDA2 1.195346 151644 40
CPU1 45.004728 151605 sgemm sgemm CUDA1 1.192773 151645 40
CPU3 45.074763 151606 sgemm sgemm CUDA0 12.049113 151646 40
CPU11 44.626805 151607 sgemm sgemm CUDA2 0.056139 151647 40
CPU6 25.434076 151608 ssyrk ssyrk CUDA3 0.679271 151648 40
CPU1 45.074699 151609 sgemm sgemm CUDA3 1.520130 151649 40
CPU1 44.952912 151610 sgemm sgemm CUDA3 1.189676 151650 40
CPU16 44.677265 151611 sgemm sgemm CUDA2 1.066579 151651 40
CPU19 44.662354 151612 sgemm sgemm CUDA0 0.039877 151652 40
CPU17 44.766719 151613 sgemm sgemm CUDA0 1.371437 151653 40
CPU4 45.027736 151614 sgemm sgemm CUDA0 1.065771 151654 40
CPU6 44.916865 151615 sgemm sgemm CUDA0 1.077328 151655 40
CPU16 44.324699 151616 sgemm sgemm CUDA0 1.208977 151656 40
CPU17 44.772619 151617 sgemm sgemm CUDA2 1.068824 151657 40
CPU15 44.689466 151618 sgemm sgemm CUDA0 1.207040 151658 40
CPU11 45.085729 151619 sgemm sgemm CUDA0 1.082460 151659 40
CPU10 45.037337 151620 sgemm sgemm CUDA3 12.048488 151660 40
CPU7 45.233519 151621 sgemm sgemm CUDA2 12.538976 151661 40
CPU19 44.733147 151622 sgemm sgemm CUDA2 1.078105 151662 40
CPU3 44.814902 151623 sgemm sgemm CUDA0 1.200775 151663 40
CPU13 45.018217 151624 sgemm sgemm CUDA0 1.352122 151664 40
CPU11 44.606972 151625 sgemm sgemm CUDA2 1.319356 151665 40
CPU1 24.997817 151626 ssyrk ssyrk CUDA0 0.681482 151666 40
CPU7 45.462339 151627 sgemm sgemm CUDA1 1.325634 151667 40
CPU1 45.099697 151628 sgemm sgemm CUDA1 1.195844 151668 40
CPU5 45.152622 151629 sgemm sgemm CUDA3 1.212634 151669 40
CPU16 44.560645 151630 sgemm sgemm CUDA1 1.194182 151670 40
CPU2 44.942401 151631 sgemm sgemm CUDA3 1.063339 151671 40
CPU6 45.089857 151632 sgemm sgemm CUDA0 1.079665 151672 40
CPU19 44.572917 151633 sgemm sgemm CUDA0 1.204722 151673 40
CPU16 44.636613 151634 sgemm sgemm CUDA3 1.212678 151674 40
CPU13 44.626764 151635 sgemm sgemm CUDA3 1.064465 151675 40
CPU5 44.611581 151636 sgemm sgemm CUDA0 1.077713 151676 40
CPU11 44.719005 151637 sgemm sgemm CUDA3 1.061923 151677 40
CPU2 44.878450 151638 sgemm sgemm CUDA2 1.207705 151678 40
CPU13 44.775333 151639 sgemm sgemm CUDA1 12.520291 151679 40
CPU5 44.505938 151640 sgemm sgemm CUDA0 1.061825 151680 40
CPU16 44.588021 151641 sgemm sgemm CUDA2 1.067212 151681 40
CPU3 45.081800 151642 sgemm sgemm CUDA0 0.633381 151682 40
CPU19 25.065191 151643 ssyrk ssyrk CUDA2 0.702001 151683 40
CPU11 44.739337 151644 sgemm sgemm CUDA1 12.426637 151684 40
CPU19 45.041761 151645 sgemm sgemm CUDA3 1.071360 151685 40
CPU4 45.113992 151646 sgemm sgemm CUDA2 1.211660 151686 40
CPU19 44.823371 151647 sgemm sgemm CUDA1 1.204875 151687 40
CPU2 45.072958 151648 sgemm sgemm CUDA3 1.371586 151688 40
CPU11 44.526444 151649 sgemm sgemm CUDA0 1.082918 151689 40
CPU15 44.597466 151650 sgemm sgemm CUDA3 5.743397 151690 40
CPU13 44.673624 151651 sgemm sgemm CUDA2 1.070616 151691 40
CPU3 45.135414 151652 sgemm sgemm CUDA3 1.204235 151692 40
CPU13 44.643369 151653 sgemm sgemm CUDA3 1.067227 151693 40
CPU13 44.832002 151654 sgemm sgemm CUDA1 0.049397 151694 40
CPU10 44.726122 151655 sgemm sgemm CUDA2 1.085281 151695 40
CPU4 44.890032 151656 sgemm sgemm CUDA0 1.068436 151696 40
CPU0 45.466455 151657 sgemm sgemm CUDA3 1.196112 151697 40
CPU13 44.747398 151658 sgemm sgemm CUDA3 1.143962 151698 40
CPU15 24.586254 151659 ssyrk ssyrk CUDA1 0.038851 151699 40
CPU8 45.236874 151660 sgemm sgemm CUDA1 1.466832 151700 40
CPU19 44.639802 151661 sgemm sgemm CUDA2 1.066532 151701 40
CPU5 44.944000 151662 sgemm sgemm CUDA1 13.050486 151702 40
CPU10 44.895956 151663 sgemm sgemm CUDA3 1.083830 151703 40
CPU13 44.811990 151664 sgemm sgemm CUDA1 1.206058 151704 40
CPU17 44.711875 151665 sgemm sgemm CUDA1 1.191306 151705 40
CPU10 44.621699 151666 sgemm sgemm CUDA1 1.210475 151706 40
CPU1 44.997947 151667 sgemm sgemm CUDA3 1.083285 151707 40
CPU18 44.594171 151668 sgemm sgemm CUDA3 1.078365 151708 40
CPU2 44.716679 151669 sgemm sgemm CUDA1 1.204736 151709 40
CPU7 45.344305 151670 sgemm sgemm CUDA1 0.042305 151710 40
CPU0 45.094129 151671 sgemm sgemm CUDA1 1.081416 151711 40
CPU6 45.388371 151672 sgemm sgemm CUDA2 1.375731 151712 40
CPU1 45.245871 151673 sgemm sgemm CUDA1 1.149093 151713 40
CPU9 24.914981 151674 ssyrk ssyrk CUDA3 0.695565 151714 40
CPU18 44.565738 151675 sgemm sgemm CUDA0 4.948351 151715 40
CPU6 45.015884 151676 sgemm sgemm CUDA3 1.196625 151716 40
CPU5 44.801325 151677 sgemm sgemm CUDA3 1.204091 151717 40
CPU18 44.422240 151678 sgemm sgemm CUDA3 1.152772 151718 40
CPU16 44.734315 151679 sgemm sgemm CUDA3 0.045510 151719 40
CPU18 44.222483 151680 sgemm sgemm CUDA1 1.208272 151720 40
CPU0 45.387717 151681 sgemm sgemm CUDA3 1.066321 151721 40
CPU11 44.791748 151682 sgemm sgemm CUDA0 1.381694 151722 40
CPU6 45.108839 151683 sgemm sgemm CUDA2 0.039330 151723 40
CPU19 44.895823 151684 sgemm sgemm CUDA2 1.067279 151724 40
CPU19 44.971024 151685 sgemm sgemm CUDA0 1.205419 151725 40
CPU13 44.901886 151686 sgemm sgemm CUDA0 1.067258 151726 40
CPU12 45.069681 151687 sgemm sgemm CUDA0 1.198058 151727 40
CPU19 25.039785 151688 ssyrk ssyrk CUDA2 0.693229 151728 40
CPU9 44.872043 151689 sgemm sgemm CUDA1 0.082499 151729 40
CPU6 44.950764 151690 sgemm sgemm CUDA0 1.081482 151730 40
CPU17 44.533104 151691 sgemm sgemm CUDA1 1.278970 151731 40
CPU15 44.593446 151692 sgemm sgemm CUDA1 1.183249 151732 40
CPU19 44.651162 151693 sgemm sgemm CUDA1 1.209023 151733 40
CPU9 44.788266 151694 sgemm sgemm CUDA1 1.074937 151734 40
CPU16 44.560812 151695 sgemm sgemm CUDA1 1.195563 151735 40
CPU1 44.784437 151696 sgemm sgemm CUDA1 1.196483 151736 40
CPU2 45.028302 151697 sgemm sgemm CUDA1 1.319270 151737 40
CPU13 44.980650 151698 sgemm sgemm CUDA2 12.480816 151738 40
CPU1 45.085488 151699 sgemm sgemm CUDA2 1.065772 151739 40
CPU10 45.006888 151700 sgemm sgemm CUDA0 1.204097 151740 40
CPU10 25.224713 151701 ssyrk ssyrk CUDA3 0.689344 151741 40
CPU11 44.884580 151702 sgemm sgemm CUDA3 1.065341 151742 40
CPU10 44.643121 151703 sgemm sgemm CUDA0 1.078519 151743 40
CPU17 45.240884 151704 sgemm sgemm CUDA3 1.066725 151744 40
CPU3 44.832675 151705 sgemm sgemm CUDA2 1.188786 151745 40
CPU9 44.917915 151706 sgemm sgemm CUDA3 1.067389 151746 40
CPU10 45.101933 151707 sgemm sgemm CUDA0 1.205090 151747 40
CPU13 44.866061 151708 sgemm sgemm CUDA3 12.299718 151748 40
CPU12 44.953747 151709 sgemm sgemm CUDA1 1.134543 151749 40
CPU6 44.849977 151710 sgemm sgemm CUDA2 0.041655 151750 40
CPU13 45.037996 151711 sgemm sgemm CUDA3 0.042579 151751 40
CPU13 44.966949 151712 sgemm sgemm CUDA1 1.137951 151752 40
CPU5 24.811558 151713 ssyrk ssyrk CUDA0 0.678900 151753 40
CPU12 44.827981 151714 sgemm sgemm CUDA0 3.823197 151754 40
CPU16 44.754997 151715 sgemm sgemm CUDA3 1.194401 151755 40
CPU11 44.874289 151716 sgemm sgemm CUDA3 1.066326 151756 40
CPU9 44.846386 151717 sgemm sgemm CUDA0 1.205991 151757 40
CPU19 44.989395 151718 sgemm sgemm CUDA3 1.083050 151758 40
CPU13 44.999100 151719 sgemm sgemm CUDA0 12.391605 151759 40
CPU8 44.858275 151720 sgemm sgemm CUDA3 1.194525 151760 40
CPU0 44.905720 151721 sgemm sgemm CUDA0 1.213025 151761 40
CPU9 44.674967 151722 sgemm sgemm CUDA0 1.196772 151762 40
CPU13 44.927147 151723 sgemm sgemm CUDA3 1.150381 151763 40
CPU16 24.594032 151724 ssyrk ssyrk CUDA0 0.677845 151764 40
CPU19 44.616761 151725 sgemm sgemm CUDA3 1.306769 151765 40
CPU11 44.469741 151726 sgemm sgemm CUDA0 1.061244 151766 40
CPU13 44.803247 151727 sgemm sgemm CUDA0 1.059726 151767 40
CPU11 44.401934 151728 sgemm sgemm CUDA1 1.205166 151768 40
CPU16 44.556450 151729 sgemm sgemm CUDA1 1.062736 151769 40
CPU19 44.784595 151730 sgemm sgemm CUDA3 1.061587 151770 40
CPU11 44.660705 151731 sgemm sgemm CUDA1 1.071170 151771 40
CPU5 44.977335 151732 sgemm sgemm CUDA0 1.202991 151772 40
CPU7 45.067047 151733 sgemm sgemm CUDA1 1.136081 151773 40
CPU15 25.377359 151734 ssyrk ssyrk CUDA1 0.047516 151774 40
CPU17 44.783208 151735 sgemm sgemm CUDA2 1.068170 151775 40
CPU0 45.480509 151736 sgemm sgemm CUDA1 1.078276 151776 40
CPU13 44.651840 151737 sgemm sgemm CUDA3 1.214134 151777 40
CPU6 45.038420 151738 sgemm sgemm CUDA2 1.352562 151778 40
CPU13 44.801659 151739 sgemm sgemm CUDA2 1.142789 151779 40
CPU6 45.076423 151740 sgemm sgemm CUDA2 1.320448 151780 40
CPU8 45.479771 151741 sgemm sgemm CUDA3 1.064478 151781 40
CPU12 44.802699 151742 sgemm sgemm CUDA3 1.155862 151782 40
CPU13 25.028625 151743 ssyrk ssyrk CUDA3 0.678573 151783 40
CPU9 44.811988 151744 sgemm sgemm CUDA1 1.324728 151784 40
CPU17 44.668424 151745 sgemm sgemm CUDA3 1.301397 151785 40
CPU5 44.843573 151746 sgemm sgemm CUDA2 1.213259 151786 40
CPU10 44.799044 151747 sgemm sgemm CUDA3 1.081263 151787 40
CPU5 44.948196 151748 sgemm sgemm CUDA2 1.201018 151788 40
CPU10 44.881976 151749 sgemm sgemm CUDA2 1.202527 151789 40
CPU10 44.846168 151750 sgemm sgemm CUDA0 1.078023 151790 40
CPU0 25.346247 151751 ssyrk ssyrk CUDA3 0.692125 151791 40
CPU16 44.608345 151752 sgemm sgemm CUDA3 12.633503 151792 40
CPU2 44.767866 151753 sgemm sgemm CUDA1 1.207856 151793 40
CPU12 44.970068 151754 sgemm sgemm CUDA3 1.211174 151794 40
CPU11 44.805406 151755 sgemm sgemm CUDA0 1.080371 151795 40
CPU12 44.965795 151756 sgemm sgemm CUDA2 1.064599 151796 40
CPU12 45.197647 151757 sgemm sgemm CUDA3 1.147699 151797 40
CPU10 25.020607 151758 ssyrk ssyrk CUDA1 0.679979 151798 40
CPU18 45.045702 151759 sgemm sgemm CUDA3 1.082570 151799 40
CPU17 44.877419 151760 sgemm sgemm CUDA3 12.087061 151800 40
CPU16 44.849022 151761 sgemm sgemm CUDA1 1.196915 151801 40
CPU19 45.046036 151762 sgemm sgemm CUDA0 1.197033 151802 40
CPU19 44.967627 151763 sgemm sgemm CUDA3 1.010422 151803 40
CPU17 24.862488 151764 ssyrk ssyrk CUDA3 0.682842 151804 40
CPU16 44.757726 151765 sgemm sgemm CUDA2 12.148848 151805 40
CPU16 44.883427 151766 sgemm sgemm CUDA2 1.199498 151806 40
CPU16 44.732036 151767 sgemm sgemm CUDA3 1.076119 151807 40
CPU8 44.874781 151768 sgemm sgemm CUDA0 1.012099 151808 40
CPU18 24.810678 151769 ssyrk ssyrk CUDA3 0.038302 151809 40
CPU16 44.885385 151770 sgemm sgemm CUDA1 1.196922 151810 40
CPU18 44.894926 151771 sgemm sgemm CUDA3 1.299800 151811 40
CPU18 44.626652 151772 sgemm sgemm CUDA0 1.074870 151812 40
CPU16 24.832812 151773 ssyrk ssyrk CUDA1 0.692287 151813 40
CPU16 44.877440 151774 sgemm sgemm CUDA0 12.050614 151814 40
CPU11 44.742629 151775 sgemm sgemm CUDA0 1.076330 151815 40
CPU8 24.665830 151776 ssyrk ssyrk CUDA2 0.679133 151816 40
CPU8 45.035736 151777 sgemm sgemm CUDA0 1.209789 151817 40
CPU8 24.738400 151778 ssyrk ssyrk CUDA3 0.637631 151818 40
CPU12 30.382850 151781 strmm strmm CUDA1 0.030547 151821 40
CPU11 30.265011 151785 strmm strmm CUDA1 4.525963 151825 40
CPU11 29.834305 151789 strmm strmm CUDA0 4.531674 151829 40
CPU11 29.732493 151793 strmm strmm CUDA0 4.285272 151833 40
CPU3 31.198896 151797 strmm strmm CUDA2 4.297923 151837 40
CPU13 30.277062 151801 strmm strmm CUDA2 13.584467 151841 40
CPU18 29.837740 151805 strmm strmm CUDA3 4.287533 151845 40
CPU12 30.417593 151809 strmm strmm CUDA0 4.593450 151849 40
CPU10 30.586431 151813 strmm strmm CUDA0 19.330993 151853 40
CPU13 30.965416 151817 strmm strmm CUDA3 15.075322 151857 40
CPU11 30.612894 151821 strmm strmm CUDA3 15.932228 151861 40
CPU11 30.559797 151825 strmm strmm CUDA1 4.282689 151865 40
CPU12 30.575550 151829 strmm strmm CUDA3 0.030614 151869 40
CPU17 30.297489 151833 strmm strmm CUDA0 15.298948 151873 40
CPU12 30.616280 151837 strmm strmm CUDA3 4.541617 151877 40
CPU19 30.881063 151841 strmm strmm CUDA0 0.031871 151881 40
CPU8 30.509941 151845 strmm strmm CUDA1 15.099574 151885 40
CPU16 30.070479 151849 strmm strmm CUDA2 0.029611 151889 40
CPU13 31.116063 151853 strmm strmm CUDA1 13.975156 151893 40
CPU8 31.162101 151857 strmm strmm CUDA2 4.391407 151897 40
CPU8 30.307828 151861 strmm strmm CUDA2 4.487670 151901 40
CPU5 11.768825 151865 slauum slauum CPU -1 151905 40
CPU9 24.610868 151867 ssyrk ssyrk CUDA2 0.607487 151907 40
CPU8 44.666481 151868 sgemm sgemm CUDA2 0.160247 151908 40
CPU9 44.672990 151869 sgemm sgemm CUDA2 1.443029 151909 40
CPU8 44.684349 151870 sgemm sgemm CUDA2 1.265949 151910 40
CPU9 44.771312 151871 sgemm sgemm CUDA0 1.197796 151911 40
CPU6 45.202602 151872 sgemm sgemm CUDA2 1.217627 151912 40
CPU9 44.763783 151873 sgemm sgemm CUDA2 0.061778 151913 40
CPU0 45.441721 151874 sgemm sgemm CUDA0 1.375129 151914 40
CPU8 44.401163 151875 sgemm sgemm CUDA2 1.070029 151915 40
CPU9 44.681423 151876 sgemm sgemm CUDA1 0.060161 151916 40
CPU6 44.997449 151877 sgemm sgemm CUDA0 12.903601 151917 40
CPU18 44.662687 151878 sgemm sgemm CUDA0 1.203819 151918 40
CPU18 44.899752 151879 sgemm sgemm CUDA2 0.049025 151919 40
CPU12 44.900993 151880 sgemm sgemm CUDA2 1.064832 151920 40
CPU2 44.974619 151881 sgemm sgemm CUDA0 6.757188 151921 40
CPU19 44.780000 151882 sgemm sgemm CUDA0 1.194503 151922 40
CPU7 44.944807 151883 sgemm sgemm CUDA2 1.065543 151923 40
CPU19 44.946532 151884 sgemm sgemm CUDA1 1.265812 151924 40
CPU5 44.647845 151885 sgemm sgemm CUDA1 0.044216 151925 40
CPU13 44.972218 151886 sgemm sgemm CUDA0 1.090251 151926 40
CPU13 45.236333 151887 sgemm sgemm CUDA0 0.044632 151927 40
CPU12 44.924054 151888 sgemm sgemm CUDA1 1.065863 151928 40
CPU9 24.596505 151889 ssyrk ssyrk CUDA3 0.057814 151929 40
CPU9 44.635403 151890 sgemm sgemm CUDA2 1.098145 151930 40
CPU9 44.726045 151891 sgemm sgemm CUDA3 1.200910 151931 40
CPU3 44.889229 151892 sgemm sgemm CUDA0 1.063918 151932 40
CPU3 44.960193 151893 sgemm sgemm CUDA3 1.312189 151933 40
CPU9 44.628548 151894 sgemm sgemm CUDA2 1.195901 151934 40
CPU19 44.708958 151895 sgemm sgemm CUDA0 1.090001 151935 40
CPU18 44.669239 151896 sgemm sgemm CUDA2 1.194371 151936 40
CPU5 44.688926 151897 sgemm sgemm CUDA1 1.464544 151937 40
CPU10 45.112904 151898 sgemm sgemm CUDA0 1.080543 151938 40
CPU18 44.662938 151899 sgemm sgemm CUDA0 1.262260 151939 40
CPU18 44.771656 151900 sgemm sgemm CUDA2 1.362284 151940 40
CPU13 44.877871 151901 sgemm sgemm CUDA2 1.209765 151941 40
CPU17 45.101655 151902 sgemm sgemm CUDA2 6.192185 151942 40
CPU18 44.762224 151903 sgemm sgemm CUDA3 1.208208 151943 40
CPU3 44.876197 151904 sgemm sgemm CUDA2 1.067716 151944 40
CPU19 45.438494 151905 sgemm sgemm CUDA1 0.055967 151945 40
CPU2 44.555835 151906 sgemm sgemm CUDA1 1.351874 151946 40
CPU2 44.669257 151907 sgemm sgemm CUDA0 1.087062 151947 40
CPU11 45.033836 151908 sgemm sgemm CUDA0 1.062764 151948 40
CPU7 44.649529 151909 sgemm sgemm CUDA1 1.018026 151949 40
CPU14 24.730553 151910 ssyrk ssyrk CUDA2 0.683439 151950 40
CPU14 45.046484 151911 sgemm sgemm CUDA2 1.204884 151951 40
CPU0 45.433867 151912 sgemm sgemm CUDA0 1.196242 151952 40
CPU0 45.539307 151913 sgemm sgemm CUDA2 1.088541 151953 40
CPU15 44.384539 151914 sgemm sgemm CUDA2 1.197494 151954 40
CPU11 44.588637 151915 sgemm sgemm CUDA1 0.054307 151955 40
CPU19 45.082263 151916 sgemm sgemm CUDA1 0.045285 151956 40
CPU1 45.231021 151917 sgemm sgemm CUDA1 1.065134 151957 40
CPU3 44.781503 151918 sgemm sgemm CUDA0 1.067640 151958 40
CPU18 44.548064 151919 sgemm sgemm CUDA0 1.064523 151959 40
CPU18 44.818192 151920 sgemm sgemm CUDA2 1.199458 151960 40
CPU13 44.807721 151921 sgemm sgemm CUDA2 1.197086 151961 40
CPU2 44.904363 151922 sgemm sgemm CUDA3 1.092257 151962 40
CPU18 44.498035 151923 sgemm sgemm CUDA3 1.080451 151963 40
CPU3 44.973183 151924 sgemm sgemm CUDA1 1.202889 151964 40
CPU19 45.531217 151925 sgemm sgemm CUDA1 1.266027 151965 40
CPU1 44.739311 151926 sgemm sgemm CUDA1 1.066755 151966 40
CPU12 44.853023 151927 sgemm sgemm CUDA0 7.055953 151967 40
CPU11 44.942826 151928 sgemm sgemm CUDA2 1.192664 151968 40
CPU11 44.739506 151929 sgemm sgemm CUDA0 1.205640 151969 40
CPU6 25.280729 151930 ssyrk ssyrk CUDA3 0.669987 151970 40
CPU1 44.866323 151931 sgemm sgemm CUDA3 1.208770 151971 40
CPU1 44.960084 151932 sgemm sgemm CUDA3 5.819956 151972 40
CPU15 44.477240 151933 sgemm sgemm CUDA2 1.077276 151973 40
CPU19 44.782399 151934 sgemm sgemm CUDA0 1.192781 151974 40
CPU17 44.940796 151935 sgemm sgemm CUDA0 1.368508 151975 40
CPU4 45.067735 151936 sgemm sgemm CUDA3 1.066685 151976 40
CPU6 44.708431 151937 sgemm sgemm CUDA0 1.087871 151977 40
CPU18 44.744781 151938 sgemm sgemm CUDA0 1.082189 151978 40
CPU18 44.995562 151939 sgemm sgemm CUDA2 1.065522 151979 40
CPU15 44.612740 151940 sgemm sgemm CUDA2 1.069152 151980 40
CPU11 45.183016 151941 sgemm sgemm CUDA0 1.068005 151981 40
CPU19 44.642119 151942 sgemm sgemm CUDA0 0.052628 151982 40
CPU7 44.955695 151943 sgemm sgemm CUDA2 1.063826 151983 40
CPU19 45.348139 151944 sgemm sgemm CUDA2 1.082846 151984 40
CPU3 44.705281 151945 sgemm sgemm CUDA0 1.299842 151985 40
CPU12 44.900751 151946 sgemm sgemm CUDA0 1.210240 151986 40
CPU11 45.014244 151947 sgemm sgemm CUDA2 1.067105 151987 40
CPU11 44.847930 151948 sgemm sgemm CUDA0 1.146984 151988 40
CPU0 25.177883 151949 ssyrk ssyrk CUDA0 0.676730 151989 40
CPU0 45.701138 151950 sgemm sgemm CUDA3 1.066553 151990 40
CPU1 45.056870 151951 sgemm sgemm CUDA3 1.063532 151991 40
CPU3 44.951818 151952 sgemm sgemm CUDA3 1.063772 151992 40
CPU16 44.629890 151953 sgemm sgemm CUDA0 1.075835 151993 40
CPU2 45.030751 151954 sgemm sgemm CUDA3 1.207019 151994 40
CPU6 44.994376 151955 sgemm sgemm CUDA0 1.072676 151995 40
CPU17 44.448731 151956 sgemm sgemm CUDA0 1.080396 151996 40
CPU18 44.917462 151957 sgemm sgemm CUDA3 1.212322 151997 40
CPU6 45.085307 151958 sgemm sgemm CUDA3 1.209008 151998 40
CPU1 44.611166 151959 sgemm sgemm CUDA0 1.076331 151999 40
CPU18 44.589964 151960 sgemm sgemm CUDA3 1.196867 152000 40
CPU3 45.157121 151961 sgemm sgemm CUDA2 1.081932 152001 40
CPU19 45.168617 151962 sgemm sgemm CUDA1 12.313329 152002 40
CPU5 44.659076 151963 sgemm sgemm CUDA0 1.064580 152003 40
CPU16 44.864136 151964 sgemm sgemm CUDA2 1.191414 152004 40
CPU3 44.934278 151965 sgemm sgemm CUDA0 0.043698 152005 40
CPU3 44.801501 151966 sgemm sgemm CUDA2 0.966794 152006 40
CPU19 24.908026 151967 ssyrk ssyrk CUDA3 0.699269 152007 40
CPU11 44.721751 151968 sgemm sgemm CUDA1 1.108774 152008 40
CPU19 44.968987 151969 sgemm sgemm CUDA3 0.045241 152009 40
CPU4 44.946438 151970 sgemm sgemm CUDA2 1.208036 152010 40
CPU0 45.433171 151971 sgemm sgemm CUDA1 1.063929 152011 40
CPU2 45.054479 151972 sgemm sgemm CUDA1 1.314217 152012 40
CPU18 45.219608 151973 sgemm sgemm CUDA2 1.067039 152013 40
CPU17 45.057400 151974 sgemm sgemm CUDA2 1.210843 152014 40
CPU4 45.325390 151975 sgemm sgemm CUDA2 1.208310 152015 40
CPU3 45.977344 151976 sgemm sgemm CUDA3 7.263409 152016 40
CPU17 44.647845 151977 sgemm sgemm CUDA3 1.068943 152017 40
CPU2 44.772425 151978 sgemm sgemm CUDA1 1.063665 152018 40
CPU19 44.994243 151979 sgemm sgemm CUDA1 1.102543 152019 40
CPU4 44.822699 151980 sgemm sgemm CUDA0 1.194215 152020 40
CPU13 44.894152 151981 sgemm sgemm CUDA3 1.076898 152021 40
CPU13 44.983091 151982 sgemm sgemm CUDA3 1.065721 152022 40
CPU13 44.884945 151983 sgemm sgemm CUDA2 1.010374 152023 40
CPU15 24.508799 151984 ssyrk ssyrk CUDA1 6.613976 152024 40
CPU8 45.162767 151985 sgemm sgemm CUDA1 1.360482 152025 40
CPU17 44.675771 151986 sgemm sgemm CUDA2 13.057411 152026 40
CPU5 44.968244 151987 sgemm sgemm CUDA1 1.078684 152027 40
CPU10 44.958290 151988 sgemm sgemm CUDA1 1.067714 152028 40
CPU18 45.270908 151989 sgemm sgemm CUDA1 1.067879 152029 40
CPU18 44.700805 151990 sgemm sgemm CUDA1 1.077840 152030 40
CPU10 44.712275 151991 sgemm sgemm CUDA1 1.193917 152031 40
CPU1 44.648848 151992 sgemm sgemm CUDA3 0.058835 152032 40
CPU18 44.669817 151993 sgemm sgemm CUDA3 1.069033 152033 40
CPU3 45.084786 151994 sgemm sgemm CUDA1 1.209339 152034 40
CPU19 44.915444 151995 sgemm sgemm CUDA1 1.216044 152035 40
CPU0 45.057851 151996 sgemm sgemm CUDA1 1.193355 152036 40
CPU12 44.905687 151997 sgemm sgemm CUDA3 1.358582 152037 40
CPU13 45.154425 151998 sgemm sgemm CUDA3 1.205171 152038 40
CPU18 44.869843 151999 sgemm sgemm CUDA3 1.193464 152039 40
CPU9 24.974455 152000 ssyrk ssyrk CUDA3 0.674165 152040 40
CPU18 44.725345 152001 sgemm sgemm CUDA0 1.065502 152041 40
CPU6 44.913536 152002 sgemm sgemm CUDA3 1.193277 152042 40
CPU5 44.755687 152003 sgemm sgemm CUDA1 1.081633 152043 40
CPU17 44.510043 152004 sgemm sgemm CUDA3 1.084448 152044 40
CPU17 44.900008 152005 sgemm sgemm CUDA3 1.318610 152045 40
CPU18 44.105008 152006 sgemm sgemm CUDA1 1.063771 152046 40
CPU0 45.412290 152007 sgemm sgemm CUDA3 1.204544 152047 40
CPU19 44.683720 152008 sgemm sgemm CUDA0 1.081018 152048 40
CPU6 45.200773 152009 sgemm sgemm CUDA2 1.065114 152049 40
CPU19 44.981895 152010 sgemm sgemm CUDA1 1.212028 152050 40
CPU19 44.991031 152011 sgemm sgemm CUDA0 1.207928 152051 40
CPU13 45.134038 152012 sgemm sgemm CUDA0 0.079036 152052 40
CPU12 45.255313 152013 sgemm sgemm CUDA0 1.188600 152053 40
CPU12 44.941067 152014 sgemm sgemm CUDA0 0.041327 152054 40
CPU19 25.200915 152015 ssyrk ssyrk CUDA1 0.677704 152055 40
CPU9 44.762051 152016 sgemm sgemm CUDA1 1.078621 152056 40
CPU5 44.616892 152017 sgemm sgemm CUDA0 1.067464 152057 40
CPU18 45.061376 152018 sgemm sgemm CUDA1 1.076346 152058 40
CPU18 44.650682 152019 sgemm sgemm CUDA1 1.205485 152059 40
CPU19 44.655026 152020 sgemm sgemm CUDA1 1.065459 152060 40
CPU9 44.792749 152021 sgemm sgemm CUDA2 0.043546 152061 40
CPU17 44.730152 152022 sgemm sgemm CUDA1 0.054327 152062 40
CPU3 45.072958 152023 sgemm sgemm CUDA1 1.070894 152063 40
CPU19 44.998735 152024 sgemm sgemm CUDA2 1.299096 152064 40
CPU10 45.274150 152025 sgemm sgemm CUDA2 1.192620 152065 40
CPU1 44.706837 152026 sgemm sgemm CUDA2 9.397998 152066 40
CPU10 45.380315 152027 sgemm sgemm CUDA0 0.055469 152067 40
CPU10 44.969368 152028 sgemm sgemm CUDA0 1.262379 152068 40
CPU10 24.986207 152029 ssyrk ssyrk CUDA3 0.675694 152069 40
CPU11 44.781607 152030 sgemm sgemm CUDA1 1.205588 152070 40
CPU18 44.857015 152031 sgemm sgemm CUDA1 1.206462 152071 40
CPU17 45.028366 152032 sgemm sgemm CUDA3 1.203001 152072 40
CPU3 45.172316 152033 sgemm sgemm CUDA2 1.066086 152073 40
CPU9 44.892351 152034 sgemm sgemm CUDA3 12.048000 152074 40
CPU18 44.886540 152035 sgemm sgemm CUDA1 1.193405 152075 40
CPU3 45.105833 152036 sgemm sgemm CUDA3 0.044193 152076 40
CPU19 45.072553 152037 sgemm sgemm CUDA1 1.209080 152077 40
CPU3 44.756663 152038 sgemm sgemm CUDA2 1.079987 152078 40
CPU13 45.232190 152039 sgemm sgemm CUDA3 0.049556 152079 40
CPU0 45.288731 152040 sgemm sgemm CUDA1 1.190833 152080 40
CPU4 44.748254 152041 sgemm sgemm CUDA3 1.143162 152081 40
CPU5 24.769707 152042 ssyrk ssyrk CUDA0 0.697215 152082 40
CPU17 44.497371 152043 sgemm sgemm CUDA0 1.074310 152083 40
CPU18 44.541409 152044 sgemm sgemm CUDA2 1.206695 152084 40
CPU11 45.077690 152045 sgemm sgemm CUDA3 1.194383 152085 40
CPU2 45.080589 152046 sgemm sgemm CUDA0 13.093384 152086 40
CPU19 44.884760 152047 sgemm sgemm CUDA1 1.290560 152087 40
CPU12 45.065564 152048 sgemm sgemm CUDA2 1.065818 152088 40
CPU8 44.609082 152049 sgemm sgemm CUDA2 0.699828 152089 40
CPU0 44.796019 152050 sgemm sgemm CUDA0 1.064617 152090 40
CPU9 44.374987 152051 sgemm sgemm CUDA0 1.289239 152091 40
CPU13 45.054718 152052 sgemm sgemm CUDA3 1.193086 152092 40
CPU11 45.051675 152053 sgemm sgemm CUDA3 4.421477 152093 40
CPU18 24.873984 152054 ssyrk ssyrk CUDA0 0.678726 152094 40
CPU18 44.690401 152055 sgemm sgemm CUDA3 1.191569 152095 40
CPU11 44.477587 152056 sgemm sgemm CUDA3 1.079709 152096 40
CPU13 44.690390 152057 sgemm sgemm CUDA0 1.065540 152097 40
CPU17 44.678791 152058 sgemm sgemm CUDA1 1.205685 152098 40
CPU16 44.570026 152059 sgemm sgemm CUDA1 1.064240 152099 40
CPU19 44.884287 152060 sgemm sgemm CUDA3 1.209653 152100 40
CPU17 44.930344 152061 sgemm sgemm CUDA1 1.212268 152101 40
CPU18 44.760617 152062 sgemm sgemm CUDA0 1.198279 152102 40
CPU17 44.855427 152063 sgemm sgemm CUDA1 1.074682 152103 40
CPU11 45.106532 152064 sgemm sgemm CUDA1 1.137232 152104 40
CPU17 25.060817 152065 ssyrk ssyrk CUDA1 12.226075 152105 40
CPU18 44.657947 152066 sgemm sgemm CUDA2 1.207893 152106 40
CPU17 44.765702 152067 sgemm sgemm CUDA2 1.209562 152107 40
CPU18 44.645598 152068 sgemm sgemm CUDA3 1.067826 152108 40
CPU3 44.916058 152069 sgemm sgemm CUDA2 1.066398 152109 40
CPU19 45.059389 152070 sgemm sgemm CUDA2 1.197382 152110 40
CPU6 44.877926 152071 sgemm sgemm CUDA2 12.511492 152111 40
CPU13 45.014811 152072 sgemm sgemm CUDA3 1.067564 152112 40
CPU12 45.066055 152073 sgemm sgemm CUDA3 1.068398 152113 40
CPU12 45.083500 152074 sgemm sgemm CUDA3 0.042094 152114 40
CPU0 25.075214 152075 ssyrk ssyrk CUDA3 0.677596 152115 40
CPU9 44.887724 152076 sgemm sgemm CUDA3 12.694897 152116 40
CPU19 44.634057 152077 sgemm sgemm CUDA3 1.330675 152117 40
CPU5 44.196981 152078 sgemm sgemm CUDA2 1.196426 152118 40
CPU18 45.019345 152079 sgemm sgemm CUDA3 1.192072 152119 40
CPU5 44.753362 152080 sgemm sgemm CUDA2 0.042642 152120 40
CPU10 45.063623 152081 sgemm sgemm CUDA2 1.203971 152121 40
CPU10 44.906740 152082 sgemm sgemm CUDA0 1.197618 152122 40
CPU17 44.977886 152083 sgemm sgemm CUDA0 1.132022 152123 40
CPU0 25.078093 152084 ssyrk ssyrk CUDA3 0.967868 152124 40
CPU17 44.596008 152085 sgemm sgemm CUDA3 12.419711 152125 40
CPU2 44.693200 152086 sgemm sgemm CUDA1 1.204349 152126 40
CPU12 45.069085 152087 sgemm sgemm CUDA2 1.193510 152127 40
CPU11 44.942649 152088 sgemm sgemm CUDA0 1.195147 152128 40
CPU12 45.071807 152089 sgemm sgemm CUDA0 1.279227 152129 40
CPU12 45.170662 152090 sgemm sgemm CUDA3 1.076378 152130 40
CPU12 45.025151 152091 sgemm sgemm CUDA3 1.371661 152131 40
CPU18 24.726610 152092 ssyrk ssyrk CUDA1 12.660430 152132 40
CPU18 45.003866 152093 sgemm sgemm CUDA3 1.068364 152133 40
CPU17 44.931409 152094 sgemm sgemm CUDA3 0.053899 152134 40
CPU16 44.973955 152095 sgemm sgemm CUDA1 1.083361 152135 40
CPU16 44.842540 152096 sgemm sgemm CUDA0 1.066964 152136 40
CPU18 44.841871 152097 sgemm sgemm CUDA3 1.295417 152137 40
CPU19 45.044765 152098 sgemm sgemm CUDA0 1.150802 152138 40
CPU17 24.821751 152099 ssyrk ssyrk CUDA3 0.679796 152139 40
CPU16 45.014468 152100 sgemm sgemm CUDA2 1.081401 152140 40
CPU16 44.932517 152101 sgemm sgemm CUDA2 1.299165 152141 40
CPU16 44.988225 152102 sgemm sgemm CUDA3 1.077069 152142 40
CPU8 44.670294 152103 sgemm sgemm CUDA0 12.817005 152143 40
CPU8 44.605650 152104 sgemm sgemm CUDA1 12.571239 152144 40
CPU18 24.963699 152105 ssyrk ssyrk CUDA1 5.428900 152145 40
CPU16 45.061745 152106 sgemm sgemm CUDA1 1.209733 152146 40
CPU18 45.022859 152107 sgemm sgemm CUDA3 1.062576 152147 40
CPU18 44.824176 152108 sgemm sgemm CUDA2 12.186378 152148 40
CPU16 45.166587 152109 sgemm sgemm CUDA2 8.318527 152149 40
CPU16 24.787241 152110 ssyrk ssyrk CUDA1 0.678332 152150 40
CPU16 45.034362 152111 sgemm sgemm CUDA0 1.214396 152151 40
CPU11 44.970972 152112 sgemm sgemm CUDA0 1.085676 152152 40
CPU2 44.540541 152113 sgemm sgemm CUDA1 0.038371 152153 40
CPU8 24.423744 152114 ssyrk ssyrk CUDA0 0.693963 152154 40
CPU8 44.757054 152115 sgemm sgemm CUDA0 1.065277 152155 40
CPU8 44.558944 152116 sgemm sgemm CUDA2 0.041792 152156 40
CPU8 24.690178 152117 ssyrk ssyrk CUDA3 0.673482 152157 40
CPU4 44.777489 152118 sgemm sgemm CUDA2 1.214685 152158 40
CPU5 24.590810 152119 ssyrk ssyrk CUDA3 0.619892 152159 40
CPU12 30.580805 152122 strmm strmm CUDA1 4.544435 152162 40
CPU7 31.180571 152126 strmm strmm CUDA3 4.298809 152166 40
CPU11 30.004915 152130 strmm strmm CUDA3 13.406404 152170 40
CPU11 30.072848 152134 strmm strmm CUDA3 4.543882 152174 40
CPU3 30.910520 152138 strmm strmm CUDA3 15.077670 152178 40
CPU0 31.806808 152142 strmm strmm CUDA0 0.029257 152182 40
CPU13 30.074530 152146 strmm strmm CUDA1 4.285598 152186 40
CPU7 31.616775 152150 strmm strmm CUDA1 0.028751 152190 40
CPU10 30.682678 152154 strmm strmm CUDA0 4.237455 152194 40
CPU4 30.884222 152158 strmm strmm CUDA2 4.287622 152198 40
CPU11 30.223076 152162 strmm strmm CUDA3 0.029961 152202 40
CPU12 30.020985 152166 strmm strmm CUDA2 4.290609 152206 40
CPU12 30.884144 152170 strmm strmm CUDA3 4.287937 152210 40
CPU4 31.879182 152174 strmm strmm CUDA2 0.039735 152214 40
CPU11 29.875313 152178 strmm strmm CUDA1 15.071044 152218 40
CPU19 30.288972 152182 strmm strmm CUDA1 4.577538 152222 40
CPU8 30.734717 152186 strmm strmm CUDA0 15.824025 152226 40
CPU16 30.748150 152190 strmm strmm CUDA1 4.290212 152230 40
CPU2 29.862184 152194 strmm strmm CUDA2 13.861431 152234 40
CPU2 29.792662 152198 strmm strmm CUDA0 4.524024 152238 40
CPU4 30.497564 152202 strmm strmm CUDA3 0.040325 152242 40
CPU2 30.085607 152206 strmm strmm CUDA0 4.284659 152246 40
CPU7 12.159488 152210 slauum slauum CPU -1 152250 40
CPU0 25.094136 152212 ssyrk ssyrk CUDA2 1.007417 152252 40
CPU0 45.117398 152213 sgemm sgemm CUDA2 1.120906 152253 40
CPU3 44.829980 152214 sgemm sgemm CUDA2 1.212769 152254 40
CPU8 44.866951 152215 sgemm sgemm CUDA2 1.079060 152255 40
CPU7 44.868421 152216 sgemm sgemm CUDA0 1.151036 152256 40
CPU6 45.269183 152217 sgemm sgemm CUDA0 0.087130 152257 40
CPU2 45.017960 152218 sgemm sgemm CUDA2 0.051155 152258 40
CPU0 45.241363 152219 sgemm sgemm CUDA0 0.057873 152259 40
CPU8 44.397663 152220 sgemm sgemm CUDA2 1.072856 152260 40
CPU9 44.548753 152221 sgemm sgemm CUDA3 1.207044 152261 40
CPU6 45.178362 152222 sgemm sgemm CUDA0 1.192939 152262 40
CPU17 44.633439 152223 sgemm sgemm CUDA2 1.075649 152263 40
CPU18 44.467737 152224 sgemm sgemm CUDA0 1.215104 152264 40
CPU12 44.753628 152225 sgemm sgemm CUDA2 1.067488 152265 40
CPU5 44.710344 152226 sgemm sgemm CUDA0 1.077392 152266 40
CPU10 45.183588 152227 sgemm sgemm CUDA0 0.049034 152267 40
CPU1 45.115767 152228 sgemm sgemm CUDA2 15.652767 152268 40
CPU11 44.994057 152229 sgemm sgemm CUDA1 1.207061 152269 40
CPU1 45.171446 152230 sgemm sgemm CUDA1 1.207497 152270 40
CPU12 44.987187 152231 sgemm sgemm CUDA2 1.068398 152271 40
CPU13 44.988122 152232 sgemm sgemm CUDA0 1.082794 152272 40
CPU10 44.975999 152233 sgemm sgemm CUDA1 1.081276 152273 40
CPU12 45.078851 152234 sgemm sgemm CUDA0 1.067093 152274 40
CPU9 24.561001 152235 ssyrk ssyrk CUDA3 0.911296 152275 40
CPU9 44.652899 152236 sgemm sgemm CUDA2 1.275359 152276 40
CPU9 44.748539 152237 sgemm sgemm CUDA3 1.206802 152277 40
CPU2 44.836938 152238 sgemm sgemm CUDA3 1.074622 152278 40
CPU3 44.948155 152239 sgemm sgemm CUDA3 1.067177 152279 40
CPU9 44.587903 152240 sgemm sgemm CUDA3 1.208484 152280 40
CPU17 44.716203 152241 sgemm sgemm CUDA0 1.518905 152281 40
CPU18 44.728443 152242 sgemm sgemm CUDA2 1.124635 152282 40
CPU4 44.642321 152243 sgemm sgemm CUDA3 1.063928 152283 40
CPU10 45.073908 152244 sgemm sgemm CUDA0 1.206240 152284 40
CPU16 44.610435 152245 sgemm sgemm CUDA1 0.049082 152285 40
CPU18 44.621398 152246 sgemm sgemm CUDA2 1.077401 152286 40
CPU18 44.627446 152247 sgemm sgemm CUDA2 1.204509 152287 40
CPU17 45.095903 152248 sgemm sgemm CUDA0 1.212092 152288 40
CPU18 44.890891 152249 sgemm sgemm CUDA3 1.081267 152289 40
CPU1 44.700605 152250 sgemm sgemm CUDA2 0.045447 152290 40
CPU16 44.771707 152251 sgemm sgemm CUDA1 1.065166 152291 40
CPU1 44.816868 152252 sgemm sgemm CUDA1 1.083722 152292 40
CPU2 44.569642 152253 sgemm sgemm CUDA2 1.206933 152293 40
CPU11 44.869489 152254 sgemm sgemm CUDA0 1.080574 152294 40
CPU4 45.123647 152255 sgemm sgemm CUDA1 0.059014 152295 40
CPU7 45.230583 152256 sgemm sgemm CUDA0 1.064577 152296 40
CPU14 24.759636 152257 ssyrk ssyrk CUDA2 0.354202 152297 40
CPU14 44.781856 152258 sgemm sgemm CUDA2 1.201465 152298 40
CPU0 45.195675 152259 sgemm sgemm CUDA0 1.091582 152299 40
CPU9 45.302142 152260 sgemm sgemm CUDA2 1.216985 152300 40
CPU15 44.655249 152261 sgemm sgemm CUDA2 1.287321 152301 40
CPU11 44.532837 152262 sgemm sgemm CUDA0 1.064686 152302 40
CPU19 45.148246 152263 sgemm sgemm CUDA1 1.100197 152303 40
CPU1 45.000044 152264 sgemm sgemm CUDA1 1.368489 152304 40
CPU0 45.414301 152265 sgemm sgemm CUDA0 12.267537 152305 40
CPU18 44.617824 152266 sgemm sgemm CUDA1 1.354640 152306 40
CPU18 44.443215 152267 sgemm sgemm CUDA1 0.618580 152307 40
CPU19 44.625815 152268 sgemm sgemm CUDA2 1.067786 152308 40
CPU2 45.074524 152269 sgemm sgemm CUDA0 12.761313 152309 40
CPU17 45.186963 152270 sgemm sgemm CUDA0 11.926245 152310 40
CPU2 45.180604 152271 sgemm sgemm CUDA1 1.075328 152311 40
CPU19 44.712319 152272 sgemm sgemm CUDA1 1.083206 152312 40
CPU1 45.141511 152273 sgemm sgemm CUDA1 3.486718 152313 40
CPU12 44.958014 152274 sgemm sgemm CUDA2 16.314936 152314 40
CPU11 44.684900 152275 sgemm sgemm CUDA2 1.080093 152315 40
CPU11 44.804251 152276 sgemm sgemm CUDA0 1.206272 152316 40
CPU10 44.733532 152277 sgemm sgemm CUDA0 1.067953 152317 40
CPU6 25.213465 152278 ssyrk ssyrk CUDA3 0.681066 152318 40
CPU0 45.233056 152279 sgemm sgemm CUDA3 1.065638 152319 40
CPU1 44.962851 152280 sgemm sgemm CUDA3 1.066082 152320 40
CPU15 44.805615 152281 sgemm sgemm CUDA2 1.073324 152321 40
CPU17 44.678845 152282 sgemm sgemm CUDA0 1.189858 152322 40
CPU17 44.796320 152283 sgemm sgemm CUDA0 1.066525 152323 40
CPU4 45.111288 152284 sgemm sgemm CUDA3 1.193147 152324 40
CPU6 44.888089 152285 sgemm sgemm CUDA0 0.040091 152325 40
CPU17 44.610768 152286 sgemm sgemm CUDA2 1.195668 152326 40
CPU18 44.624436 152287 sgemm sgemm CUDA2 1.075998 152327 40
CPU15 44.667826 152288 sgemm sgemm CUDA2 1.064991 152328 40
CPU11 45.064916 152289 sgemm sgemm CUDA0 0.039747 152329 40
CPU10 44.983588 152290 sgemm sgemm CUDA0 1.063217 152330 40
CPU7 45.471259 152291 sgemm sgemm CUDA2 1.064781 152331 40
CPU17 44.839610 152292 sgemm sgemm CUDA3 1.206328 152332 40
CPU1 44.979633 152293 sgemm sgemm CUDA0 1.072381 152333 40
CPU12 45.113440 152294 sgemm sgemm CUDA2 1.308372 152334 40
CPU11 44.623294 152295 sgemm sgemm CUDA2 1.024327 152335 40
CPU11 44.691995 152296 sgemm sgemm CUDA0 1.066082 152336 40
CPU11 44.596142 152297 sgemm sgemm CUDA0 1.065838 152337 40
CPU0 25.244590 152298 ssyrk ssyrk CUDA0 0.709487 152338 40
CPU8 44.996362 152299 sgemm sgemm CUDA0 3.610990 152339 40
CPU1 44.983273 152300 sgemm sgemm CUDA3 0.136997 152340 40
CPU3 44.907513 152301 sgemm sgemm CUDA0 1.222522 152341 40
CPU16 44.455856 152302 sgemm sgemm CUDA1 7.024177 152342 40
CPU2 44.692296 152303 sgemm sgemm CUDA3 1.198899 152343 40
CPU6 45.239432 152304 sgemm sgemm CUDA0 1.318135 152344 40
CPU17 44.666325 152305 sgemm sgemm CUDA1 1.195269 152345 40
CPU18 44.643223 152306 sgemm sgemm CUDA1 0.039609 152346 40
CPU6 45.258269 152307 sgemm sgemm CUDA3 1.081287 152347 40
CPU1 45.164879 152308 sgemm sgemm CUDA0 1.350903 152348 40
CPU16 44.744981 152309 sgemm sgemm CUDA3 1.063226 152349 40
CPU3 45.307486 152310 sgemm sgemm CUDA1 1.214777 152350 40
CPU16 44.757218 152311 sgemm sgemm CUDA1 1.207158 152351 40
CPU1 45.025332 152312 sgemm sgemm CUDA0 1.198039 152352 40
CPU16 44.872099 152313 sgemm sgemm CUDA2 1.063174 152353 40
CPU3 45.103896 152314 sgemm sgemm CUDA0 1.207145 152354 40
CPU3 45.098485 152315 sgemm sgemm CUDA2 12.658827 152355 40
CPU3 44.978571 152316 sgemm sgemm CUDA3 1.083955 152356 40
CPU19 25.012657 152317 ssyrk ssyrk CUDA0 0.917691 152357 40
CPU11 44.827393 152318 sgemm sgemm CUDA2 1.238303 152358 40
CPU19 44.895001 152319 sgemm sgemm CUDA2 1.068707 152359 40
CPU4 45.241647 152320 sgemm sgemm CUDA2 6.050243 152360 40
CPU0 45.127815 152321 sgemm sgemm CUDA1 1.234661 152361 40
CPU2 45.253722 152322 sgemm sgemm CUDA3 1.321522 152362 40
CPU16 44.593345 152323 sgemm sgemm CUDA2 1.075874 152363 40
CPU18 44.600579 152324 sgemm sgemm CUDA0 1.248749 152364 40
CPU2 45.323764 152325 sgemm sgemm CUDA2 1.213188 152365 40
CPU3 45.422942 152326 sgemm sgemm CUDA1 1.065300 152366 40
CPU17 44.823075 152327 sgemm sgemm CUDA3 1.188200 152367 40
CPU2 44.470158 152328 sgemm sgemm CUDA1 1.202505 152368 40
CPU19 44.630897 152329 sgemm sgemm CUDA1 1.078084 152369 40
CPU1 45.050896 152330 sgemm sgemm CUDA0 1.192190 152370 40
CPU19 44.952282 152331 sgemm sgemm CUDA2 1.210193 152371 40
CPU13 44.647062 152332 sgemm sgemm CUDA3 1.066583 152372 40
CPU10 44.815581 152333 sgemm sgemm CUDA2 0.056064 152373 40
CPU0 45.565744 152334 sgemm sgemm CUDA0 1.085756 152374 40
CPU15 24.571532 152335 ssyrk ssyrk CUDA1 0.924442 152375 40
CPU8 45.093941 152336 sgemm sgemm CUDA2 1.068552 152376 40
CPU17 44.589435 152337 sgemm sgemm CUDA2 1.103308 152377 40
CPU5 44.794231 152338 sgemm sgemm CUDA1 1.241314 152378 40
CPU10 44.768808 152339 sgemm sgemm CUDA3 1.065437 152379 40
CPU18 44.589809 152340 sgemm sgemm CUDA1 1.202251 152380 40
CPU18 44.646213 152341 sgemm sgemm CUDA1 1.065984 152381 40
CPU10 44.935106 152342 sgemm sgemm CUDA1 1.197064 152382 40
CPU3 44.897361 152343 sgemm sgemm CUDA1 1.192686 152383 40
CPU10 44.773258 152344 sgemm sgemm CUDA3 1.070928 152384 40
CPU3 45.122243 152345 sgemm sgemm CUDA1 6.350475 152385 40
CPU17 44.643702 152346 sgemm sgemm CUDA1 1.080855 152386 40
CPU1 44.980226 152347 sgemm sgemm CUDA1 0.041083 152387 40
CPU12 44.978852 152348 sgemm sgemm CUDA2 1.202898 152388 40
CPU13 44.871052 152349 sgemm sgemm CUDA3 1.066989 152389 40
CPU10 44.862833 152350 sgemm sgemm CUDA3 1.079287 152390 40
CPU19 44.754836 152351 sgemm sgemm CUDA1 1.079161 152391 40
CPU9 24.908579 152352 ssyrk ssyrk CUDA3 0.676542 152392 40
CPU18 44.482431 152353 sgemm sgemm CUDA0 1.191214 152393 40
CPU2 44.839325 152354 sgemm sgemm CUDA3 1.080736 152394 40
CPU3 45.082267 152355 sgemm sgemm CUDA3 1.083039 152395 40
CPU17 45.054187 152356 sgemm sgemm CUDA3 1.212407 152396 40
CPU18 44.497451 152357 sgemm sgemm CUDA3 1.198482 152397 40
CPU18 44.346222 152358 sgemm sgemm CUDA1 1.074769 152398 40
CPU0 45.442498 152359 sgemm sgemm CUDA1 12.418962 152399 40
CPU16 44.596121 152360 sgemm sgemm CUDA0 1.062494 152400 40
CPU6 45.213496 152361 sgemm sgemm CUDA2 1.207667 152401 40
CPU19 45.163265 152362 sgemm sgemm CUDA1 1.191622 152402 40
CPU1 45.057273 152363 sgemm sgemm CUDA0 1.075004 152403 40
CPU13 45.082980 152364 sgemm sgemm CUDA0 1.068160 152404 40
CPU12 44.863099 152365 sgemm sgemm CUDA0 1.212873 152405 40
CPU12 44.800412 152366 sgemm sgemm CUDA0 12.265618 152406 40
CPU7 45.444513 152367 sgemm sgemm CUDA1 1.196615 152407 40
CPU17 25.048701 152368 ssyrk ssyrk CUDA1 0.683491 152408 40
CPU9 45.498570 152369 sgemm sgemm CUDA1 1.067592 152409 40
CPU5 44.817216 152370 sgemm sgemm CUDA0 1.203961 152410 40
CPU17 44.592409 152371 sgemm sgemm CUDA1 1.065479 152411 40
CPU18 44.493377 152372 sgemm sgemm CUDA1 1.067103 152412 40
CPU19 44.585549 152373 sgemm sgemm CUDA1 1.207604 152413 40
CPU9 44.974197 152374 sgemm sgemm CUDA1 1.303636 152414 40
CPU17 44.912028 152375 sgemm sgemm CUDA1 1.082245 152415 40
CPU3 44.911603 152376 sgemm sgemm CUDA1 0.073960 152416 40
CPU18 44.642814 152377 sgemm sgemm CUDA2 1.199659 152417 40
CPU10 44.966652 152378 sgemm sgemm CUDA2 1.201425 152418 40
CPU1 44.857814 152379 sgemm sgemm CUDA2 1.208054 152419 40
CPU10 44.932253 152380 sgemm sgemm CUDA2 1.155430 152420 40
CPU10 44.892455 152381 sgemm sgemm CUDA0 0.056256 152421 40
CPU10 44.786899 152382 sgemm sgemm CUDA0 1.084416 152422 40
CPU10 25.078791 152383 ssyrk ssyrk CUDA3 0.683937 152423 40
CPU11 44.793063 152384 sgemm sgemm CUDA1 1.208472 152424 40
CPU16 44.784029 152385 sgemm sgemm CUDA1 1.194658 152425 40
CPU18 44.722728 152386 sgemm sgemm CUDA3 0.046998 152426 40
CPU3 45.080701 152387 sgemm sgemm CUDA2 1.193494 152427 40
CPU9 44.779437 152388 sgemm sgemm CUDA1 1.205429 152428 40
CPU10 45.054981 152389 sgemm sgemm CUDA1 1.209165 152429 40
CPU3 44.932033 152390 sgemm sgemm CUDA3 1.202164 152430 40
CPU16 44.795591 152391 sgemm sgemm CUDA1 12.202454 152431 40
CPU1 44.929180 152392 sgemm sgemm CUDA2 0.047644 152432 40
CPU9 44.577256 152393 sgemm sgemm CUDA3 1.083005 152433 40
CPU0 45.373969 152394 sgemm sgemm CUDA1 0.040787 152434 40
CPU3 44.753573 152395 sgemm sgemm CUDA3 1.012320 152435 40
CPU4 45.123046 152396 sgemm sgemm CUDA2 1.189444 152436 40
CPU0 25.366310 152397 ssyrk ssyrk CUDA0 0.695234 152437 40
CPU17 45.066708 152398 sgemm sgemm CUDA0 1.070625 152438 40
CPU18 44.431749 152399 sgemm sgemm CUDA3 1.208818 152439 40
CPU11 45.031708 152400 sgemm sgemm CUDA3 1.210178 152440 40
CPU1 44.632473 152401 sgemm sgemm CUDA0 1.065326 152441 40
CPU16 44.820655 152402 sgemm sgemm CUDA1 1.194646 152442 40
CPU12 44.846418 152403 sgemm sgemm CUDA3 1.208319 152443 40
CPU8 44.735863 152404 sgemm sgemm CUDA3 1.078653 152444 40
CPU1 45.111685 152405 sgemm sgemm CUDA0 1.065963 152445 40
CPU10 45.281117 152406 sgemm sgemm CUDA0 1.206371 152446 40
CPU13 44.801003 152407 sgemm sgemm CUDA3 1.201650 152447 40
CPU11 44.846796 152408 sgemm sgemm CUDA1 1.276576 152448 40
CPU11 44.615371 152409 sgemm sgemm CUDA3 1.198169 152449 40
CPU18 24.576431 152410 ssyrk ssyrk CUDA1 0.676908 152450 40
CPU17 44.597255 152411 sgemm sgemm CUDA3 12.586062 152451 40
CPU11 44.363239 152412 sgemm sgemm CUDA3 1.071578 152452 40
CPU13 44.585355 152413 sgemm sgemm CUDA0 1.065133 152453 40
CPU18 44.856483 152414 sgemm sgemm CUDA1 1.064998 152454 40
CPU16 44.544426 152415 sgemm sgemm CUDA1 1.204411 152455 40
CPU19 44.645514 152416 sgemm sgemm CUDA3 1.207232 152456 40
CPU1 45.292042 152417 sgemm sgemm CUDA1 1.064655 152457 40
CPU5 44.780785 152418 sgemm sgemm CUDA0 1.207587 152458 40
CPU12 44.872709 152419 sgemm sgemm CUDA1 1.192778 152459 40
CPU10 44.836515 152420 sgemm sgemm CUDA1 1.006436 152460 40
CPU12 44.949058 152421 sgemm sgemm CUDA2 1.066083 152461 40
CPU18 24.558588 152422 ssyrk ssyrk CUDA1 0.709792 152462 40
CPU18 44.616070 152423 sgemm sgemm CUDA2 1.196558 152463 40
CPU18 44.514030 152424 sgemm sgemm CUDA2 1.070423 152464 40
CPU17 44.859107 152425 sgemm sgemm CUDA3 1.314082 152465 40
CPU1 44.514707 152426 sgemm sgemm CUDA2 1.305287 152466 40
CPU17 44.736920 152427 sgemm sgemm CUDA2 13.130735 152467 40
CPU1 45.021593 152428 sgemm sgemm CUDA2 1.066169 152468 40
CPU19 44.988095 152429 sgemm sgemm CUDA3 1.081951 152469 40
CPU12 44.875271 152430 sgemm sgemm CUDA3 1.064969 152470 40
CPU12 44.963383 152431 sgemm sgemm CUDA3 12.896493 152471 40
CPU16 44.811340 152432 sgemm sgemm CUDA3 1.071294 152472 40
CPU0 24.982104 152433 ssyrk ssyrk CUDA3 12.246179 152473 40
CPU9 45.025513 152434 sgemm sgemm CUDA1 1.075834 152474 40
CPU10 44.718204 152435 sgemm sgemm CUDA3 0.038584 152475 40
CPU1 44.975534 152436 sgemm sgemm CUDA2 1.199437 152476 40
CPU18 44.816089 152437 sgemm sgemm CUDA3 1.303788 152477 40
CPU1 45.126672 152438 sgemm sgemm CUDA2 13.111422 152478 40
CPU12 44.921092 152439 sgemm sgemm CUDA2 0.038856 152479 40
CPU13 44.824245 152440 sgemm sgemm CUDA2 1.197459 152480 40
CPU17 44.612998 152441 sgemm sgemm CUDA0 1.277513 152481 40
CPU4 45.463058 152442 sgemm sgemm CUDA2 1.301762 152482 40
CPU0 25.142084 152443 ssyrk ssyrk CUDA2 0.700879 152483 40
CPU16 44.680471 152444 sgemm sgemm CUDA1 1.205213 152484 40
CPU2 44.673531 152445 sgemm sgemm CUDA1 1.205300 152485 40
CPU11 44.877283 152446 sgemm sgemm CUDA2 1.194272 152486 40
CPU11 44.632843 152447 sgemm sgemm CUDA2 1.067955 152487 40
CPU12 45.009825 152448 sgemm sgemm CUDA0 1.207059 152488 40
CPU12 44.819396 152449 sgemm sgemm CUDA1 1.061216 152489 40
CPU12 44.786631 152450 sgemm sgemm CUDA2 1.262356 152490 40
CPU11 44.622405 152451 sgemm sgemm CUDA1 1.205356 152491 40
CPU19 24.896003 152452 ssyrk ssyrk CUDA1 0.671901 152492 40
CPU18 44.864419 152453 sgemm sgemm CUDA3 1.202036 152493 40
CPU18 44.695931 152454 sgemm sgemm CUDA3 12.242668 152494 40
CPU17 44.761266 152455 sgemm sgemm CUDA1 1.205244 152495 40
CPU16 44.745255 152456 sgemm sgemm CUDA0 7.459532 152496 40
CPU18 44.682381 152457 sgemm sgemm CUDA3 1.193672 152497 40
CPU18 44.879153 152458 sgemm sgemm CUDA0 1.008037 152498 40
CPU19 45.038692 152459 sgemm sgemm CUDA1 0.035916 152499 40
CPU17 25.124395 152460 ssyrk ssyrk CUDA3 0.681400 152500 40
CPU16 44.847459 152461 sgemm sgemm CUDA2 1.462755 152501 40
CPU1 44.981499 152462 sgemm sgemm CUDA2 1.189634 152502 40
CPU16 45.106329 152463 sgemm sgemm CUDA3 1.066243 152503 40
CPU8 44.860936 152464 sgemm sgemm CUDA1 1.198806 152504 40
CPU8 45.193042 152465 sgemm sgemm CUDA1 1.151923 152505 40
CPU8 45.751387 152466 sgemm sgemm CUDA2 1.198311 152506 40
CPU18 24.771154 152467 ssyrk ssyrk CUDA1 0.938168 152507 40
CPU1 44.827375 152468 sgemm sgemm CUDA1 1.080785 152508 40
CPU18 44.932521 152469 sgemm sgemm CUDA3 0.040300 152509 40
CPU18 44.634258 152470 sgemm sgemm CUDA2 1.209082 152510 40
CPU16 44.826767 152471 sgemm sgemm CUDA2 1.139699 152511 40
CPU16 44.807957 152472 sgemm sgemm CUDA1 1.194282 152512 40
CPU0 25.095643 152473 ssyrk ssyrk CUDA1 11.977726 152513 40
CPU1 44.571710 152474 sgemm sgemm CUDA0 0.032423 152514 40
CPU11 44.560917 152475 sgemm sgemm CUDA0 1.068743 152515 40
CPU2 44.951148 152476 sgemm sgemm CUDA1 1.016669 152516 40
CPU0 45.391089 152477 sgemm sgemm CUDA2 0.039671 152517 40
CPU8 24.485528 152478 ssyrk ssyrk CUDA0 0.885672 152518 40
CPU3 44.921191 152479 sgemm sgemm CUDA0 1.068256 152519 40
CPU8 44.691376 152480 sgemm sgemm CUDA2 1.153767 152520 40
CPU2 44.800642 152481 sgemm sgemm CUDA0 1.078786 152521 40
CPU8 24.877645 152482 ssyrk ssyrk CUDA3 0.695587 152522 40
CPU4 45.239441 152483 sgemm sgemm CUDA2 1.149613 152523 40
CPU0 45.349710 152484 sgemm sgemm CUDA3 1.079673 152524 40
CPU5 24.591636 152485 ssyrk ssyrk CUDA3 0.032369 152525 40
CPU2 45.118256 152486 sgemm sgemm CUDA0 1.150047 152526 40
CPU4 25.534740 152487 ssyrk ssyrk CUDA0 0.692456 152527 40
CPU13 30.426583 152490 strmm strmm CUDA1 4.232514 152530 40
CPU7 30.573147 152494 strmm strmm CUDA2 14.549810 152534 40
CPU19 30.054378 152498 strmm strmm CUDA0 4.225659 152538 40
CPU11 30.245104 152502 strmm strmm CUDA0 15.891744 152542 40
CPU3 30.670452 152506 strmm strmm CUDA1 4.286704 152546 40
CPU0 31.711608 152510 strmm strmm CUDA3 4.542936 152550 40
CPU19 30.159376 152514 strmm strmm CUDA3 4.584799 152554 40
CPU7 31.759290 152518 strmm strmm CUDA2 4.187310 152558 40
CPU10 30.048377 152522 strmm strmm CUDA2 0.032050 152562 40
CPU4 30.097988 152526 strmm strmm CUDA3 4.284990 152566 40
CPU13 30.016030 152530 strmm strmm CUDA3 14.975656 152570 40
CPU12 29.985797 152534 strmm strmm CUDA0 0.030901 152574 40
CPU1 31.115836 152538 strmm strmm CUDA1 4.491872 152578 40
CPU19 30.169525 152542 strmm strmm CUDA3 0.030155 152582 40
CPU13 30.028717 152546 strmm strmm CUDA2 4.600807 152586 40
CPU19 30.753655 152550 strmm strmm CUDA0 4.577114 152590 40
CPU8 31.104917 152554 strmm strmm CUDA1 14.830908 152594 40
CPU0 30.742568 152558 strmm strmm CUDA2 4.291059 152598 40
CPU0 31.650854 152562 strmm strmm CUDA0 4.286983 152602 40
CPU2 30.013454 152566 strmm strmm CUDA0 15.041354 152606 40
CPU13 30.256715 152570 strmm strmm CUDA3 4.291118 152610 40
CPU2 30.739673 152574 strmm strmm CUDA3 15.077844 152614 40
CPU4 31.723506 152578 strmm strmm CUDA1 0.029144 152618 40
CPU4 12.515087 152582 slauum slauum CPU -1 152622 40
CPU2 24.620532 152584 ssyrk ssyrk CUDA0 0.058135 152624 40
CPU1 44.940521 152585 sgemm sgemm CUDA2 0.100796 152625 40
CPU5 44.663214 152586 sgemm sgemm CUDA2 1.067932 152626 40
CPU2 45.235240 152587 sgemm sgemm CUDA2 1.068573 152627 40
CPU2 45.456438 152588 sgemm sgemm CUDA0 1.301462 152628 40
CPU1 45.521233 152589 sgemm sgemm CUDA0 0.094559 152629 40
CPU2 44.859658 152590 sgemm sgemm CUDA2 1.069633 152630 40
CPU2 44.974185 152591 sgemm sgemm CUDA0 1.277504 152631 40
CPU2 44.765947 152592 sgemm sgemm CUDA2 13.024610 152632 40
CPU2 44.969940 152593 sgemm sgemm CUDA1 1.091986 152633 40
CPU1 45.082424 152594 sgemm sgemm CUDA2 0.047047 152634 40
CPU13 44.660726 152595 sgemm sgemm CUDA2 1.201138 152635 40
CPU17 44.512572 152596 sgemm sgemm CUDA0 1.215344 152636 40
CPU12 44.775146 152597 sgemm sgemm CUDA0 1.078678 152637 40
CPU5 44.790099 152598 sgemm sgemm CUDA0 10.852958 152638 40
CPU10 44.909285 152599 sgemm sgemm CUDA0 8.091722 152639 40
CPU8 44.978475 152600 sgemm sgemm CUDA2 1.080728 152640 40
CPU10 44.641335 152601 sgemm sgemm CUDA1 1.071972 152641 40
CPU5 44.910252 152602 sgemm sgemm CUDA0 1.059326 152642 40
CPU12 44.747990 152603 sgemm sgemm CUDA2 0.048172 152643 40
CPU12 44.737628 152604 sgemm sgemm CUDA0 1.452405 152644 40
CPU16 44.680284 152605 sgemm sgemm CUDA1 1.208722 152645 40
CPU12 44.970000 152606 sgemm sgemm CUDA0 1.079557 152646 40
CPU13 44.864194 152607 sgemm sgemm CUDA1 1.065144 152647 40
CPU9 24.533650 152608 ssyrk ssyrk CUDA2 0.682448 152648 40
CPU9 44.695106 152609 sgemm sgemm CUDA2 1.071508 152649 40
CPU9 44.869009 152610 sgemm sgemm CUDA3 1.201617 152650 40
CPU9 45.039747 152611 sgemm sgemm CUDA3 1.069964 152651 40
CPU3 44.804292 152612 sgemm sgemm CUDA1 1.081587 152652 40
CPU9 45.131998 152613 sgemm sgemm CUDA3 1.068564 152653 40
CPU18 44.857515 152614 sgemm sgemm CUDA0 1.199124 152654 40
CPU18 44.671572 152615 sgemm sgemm CUDA2 0.044382 152655 40
CPU6 44.967097 152616 sgemm sgemm CUDA1 1.217057 152656 40
CPU10 45.044285 152617 sgemm sgemm CUDA0 1.064393 152657 40
CPU13 44.779156 152618 sgemm sgemm CUDA2 1.063352 152658 40
CPU18 44.574781 152619 sgemm sgemm CUDA2 15.266269 152659 40
CPU18 44.747172 152620 sgemm sgemm CUDA0 1.083794 152660 40
CPU17 45.063261 152621 sgemm sgemm CUDA1 1.219174 152661 40
CPU10 44.817982 152622 sgemm sgemm CUDA1 1.396118 152662 40
CPU1 44.374284 152623 sgemm sgemm CUDA2 1.209566 152663 40
CPU10 44.850987 152624 sgemm sgemm CUDA1 1.189710 152664 40
CPU0 45.179680 152625 sgemm sgemm CUDA0 1.063987 152665 40
CPU2 44.811318 152626 sgemm sgemm CUDA2 1.293305 152666 40
CPU11 44.840106 152627 sgemm sgemm CUDA0 1.205489 152667 40
CPU4 45.027583 152628 sgemm sgemm CUDA1 1.075385 152668 40
CPU7 45.258327 152629 sgemm sgemm CUDA0 1.198819 152669 40
CPU7 45.131034 152630 sgemm sgemm CUDA2 12.445341 152670 40
CPU14 24.797309 152631 ssyrk ssyrk CUDA2 8.134871 152671 40
CPU14 44.685786 152632 sgemm sgemm CUDA2 1.202099 152672 40
CPU9 45.052145 152633 sgemm sgemm CUDA0 1.066020 152673 40
CPU9 45.135054 152634 sgemm sgemm CUDA2 0.067013 152674 40
CPU15 44.856176 152635 sgemm sgemm CUDA2 1.067089 152675 40
CPU11 44.669408 152636 sgemm sgemm CUDA0 1.080899 152676 40
CPU19 45.028358 152637 sgemm sgemm CUDA1 1.074734 152677 40
CPU1 45.414108 152638 sgemm sgemm CUDA1 10.446786 152678 40
CPU3 44.954147 152639 sgemm sgemm CUDA0 1.066352 152679 40
CPU13 44.780925 152640 sgemm sgemm CUDA2 1.067893 152680 40
CPU18 44.553524 152641 sgemm sgemm CUDA1 1.270104 152681 40
CPU19 44.744371 152642 sgemm sgemm CUDA0 1.078818 152682 40
CPU2 44.900430 152643 sgemm sgemm CUDA0 0.097140 152683 40
CPU10 44.833735 152644 sgemm sgemm CUDA0 1.196109 152684 40
CPU2 45.242641 152645 sgemm sgemm CUDA1 1.193559 152685 40
CPU8 45.085985 152646 sgemm sgemm CUDA1 1.083691 152686 40
CPU1 45.001661 152647 sgemm sgemm CUDA0 1.199395 152687 40
CPU13 44.689259 152648 sgemm sgemm CUDA2 1.080998 152688 40
CPU11 44.495504 152649 sgemm sgemm CUDA2 1.344986 152689 40
CPU19 44.665446 152650 sgemm sgemm CUDA0 1.067141 152690 40
CPU10 44.646679 152651 sgemm sgemm CUDA0 1.208175 152691 40
CPU19 44.599307 152652 sgemm sgemm CUDA2 0.042791 152692 40
CPU6 25.304849 152653 ssyrk ssyrk CUDA3 0.676177 152693 40
CPU7 45.323457 152654 sgemm sgemm CUDA3 1.319928 152694 40
CPU1 44.831246 152655 sgemm sgemm CUDA2 1.076469 152695 40
CPU16 44.841711 152656 sgemm sgemm CUDA2 1.085625 152696 40
CPU17 44.810808 152657 sgemm sgemm CUDA0 1.208034 152697 40
CPU16 44.735723 152658 sgemm sgemm CUDA2 1.300686 152698 40
CPU4 45.465422 152659 sgemm sgemm CUDA3 12.334167 152699 40
CPU0 45.147681 152660 sgemm sgemm CUDA0 1.196181 152700 40
CPU13 44.984899 152661 sgemm sgemm CUDA2 1.209949 152701 40
CPU18 44.521659 152662 sgemm sgemm CUDA2 1.203255 152702 40
CPU15 44.804891 152663 sgemm sgemm CUDA0 16.737346 152703 40
CPU11 44.972130 152664 sgemm sgemm CUDA0 1.070413 152704 40
CPU10 45.544561 152665 sgemm sgemm CUDA0 1.189028 152705 40
CPU7 45.464325 152666 sgemm sgemm CUDA2 1.066883 152706 40
CPU6 46.361059 152667 sgemm sgemm CUDA3 1.195283 152707 40
CPU0 45.102169 152668 sgemm sgemm CUDA0 1.077680 152708 40
CPU12 44.909078 152669 sgemm sgemm CUDA2 1.081536 152709 40
CPU11 44.569849 152670 sgemm sgemm CUDA2 1.081082 152710 40
CPU11 44.690530 152671 sgemm sgemm CUDA0 1.203492 152711 40
CPU11 44.821727 152672 sgemm sgemm CUDA3 1.077412 152712 40
CPU11 44.595496 152673 sgemm sgemm CUDA3 1.194283 152713 40
CPU9 25.089130 152674 ssyrk ssyrk CUDA0 0.689742 152714 40
CPU8 44.993140 152675 sgemm sgemm CUDA0 1.194148 152715 40
CPU7 44.920543 152676 sgemm sgemm CUDA3 1.209519 152716 40
CPU18 44.662927 152677 sgemm sgemm CUDA0 1.206353 152717 40
CPU16 44.682539 152678 sgemm sgemm CUDA1 1.204652 152718 40
CPU2 44.964529 152679 sgemm sgemm CUDA3 1.208999 152719 40
CPU6 45.269888 152680 sgemm sgemm CUDA0 1.080655 152720 40
CPU13 44.763413 152681 sgemm sgemm CUDA1 1.079339 152721 40
CPU18 44.480344 152682 sgemm sgemm CUDA1 1.192732 152722 40
CPU6 45.358666 152683 sgemm sgemm CUDA3 1.066196 152723 40
CPU4 45.231157 152684 sgemm sgemm CUDA0 1.196028 152724 40
CPU17 45.012294 152685 sgemm sgemm CUDA1 1.191850 152725 40
CPU3 45.029241 152686 sgemm sgemm CUDA1 12.303744 152726 40
CPU4 45.120238 152687 sgemm sgemm CUDA1 0.043919 152727 40
CPU1 45.096507 152688 sgemm sgemm CUDA0 1.081853 152728 40
CPU13 44.754942 152689 sgemm sgemm CUDA1 1.065408 152729 40
CPU3 45.170792 152690 sgemm sgemm CUDA0 12.669993 152730 40
CPU3 45.114675 152691 sgemm sgemm CUDA0 7.478152 152731 40
CPU3 45.352878 152692 sgemm sgemm CUDA3 1.201513 152732 40
CPU11 44.679517 152693 sgemm sgemm CUDA1 1.017794 152733 40
CPU4 25.528465 152694 ssyrk ssyrk CUDA0 1.102878 152734 40
CPU11 44.918751 152695 sgemm sgemm CUDA2 1.081588 152735 40
CPU19 44.917085 152696 sgemm sgemm CUDA2 1.067831 152736 40
CPU4 45.029223 152697 sgemm sgemm CUDA2 1.076572 152737 40
CPU0 45.371160 152698 sgemm sgemm CUDA1 13.079482 152738 40
CPU2 45.232559 152699 sgemm sgemm CUDA2 1.353431 152739 40
CPU13 44.941878 152700 sgemm sgemm CUDA2 1.081603 152740 40
CPU18 44.543921 152701 sgemm sgemm CUDA0 1.213068 152741 40
CPU2 45.212958 152702 sgemm sgemm CUDA0 0.047568 152742 40
CPU3 45.245559 152703 sgemm sgemm CUDA1 1.413063 152743 40
CPU10 45.131948 152704 sgemm sgemm CUDA1 0.097552 152744 40
CPU2 44.248720 152705 sgemm sgemm CUDA1 1.196195 152745 40
CPU1 45.097494 152706 sgemm sgemm CUDA1 1.079063 152746 40
CPU0 45.200998 152707 sgemm sgemm CUDA0 1.065758 152747 40
CPU13 44.739377 152708 sgemm sgemm CUDA2 1.082834 152748 40
CPU1 45.131188 152709 sgemm sgemm CUDA2 1.208319 152749 40
CPU10 44.605429 152710 sgemm sgemm CUDA0 0.058955 152750 40
CPU0 45.615890 152711 sgemm sgemm CUDA0 13.109900 152751 40
CPU6 45.380888 152712 sgemm sgemm CUDA3 1.012306 152752 40
CPU15 24.632510 152713 ssyrk ssyrk CUDA1 0.680000 152753 40
CPU8 44.692857 152714 sgemm sgemm CUDA2 1.196000 152754 40
CPU17 44.873292 152715 sgemm sgemm CUDA2 1.211195 152755 40
CPU5 44.781263 152716 sgemm sgemm CUDA1 1.065615 152756 40
CPU10 44.855381 152717 sgemm sgemm CUDA3 0.038978 152757 40
CPU13 45.092822 152718 sgemm sgemm CUDA1 1.060057 152758 40
CPU18 44.769879 152719 sgemm sgemm CUDA1 1.066869 152759 40
CPU10 44.769600 152720 sgemm sgemm CUDA3 1.079241 152760 40
CPU5 44.721829 152721 sgemm sgemm CUDA1 1.067931 152761 40
CPU17 44.900965 152722 sgemm sgemm CUDA3 1.066627 152762 40
CPU2 44.078632 152723 sgemm sgemm CUDA1 1.192979 152763 40
CPU5 44.925941 152724 sgemm sgemm CUDA1 12.780034 152764 40
CPU1 44.705890 152725 sgemm sgemm CUDA3 1.212847 152765 40
CPU13 44.948565 152726 sgemm sgemm CUDA2 12.798674 152766 40
CPU7 45.144445 152727 sgemm sgemm CUDA3 12.271802 152767 40
CPU19 44.867730 152728 sgemm sgemm CUDA1 1.206555 152768 40
CPU19 44.942718 152729 sgemm sgemm CUDA3 1.205923 152769 40
CPU19 44.780635 152730 sgemm sgemm CUDA3 1.011508 152770 40
CPU9 24.835940 152731 ssyrk ssyrk CUDA2 0.681566 152771 40
CPU16 44.689419 152732 sgemm sgemm CUDA1 1.210006 152772 40
CPU6 45.188525 152733 sgemm sgemm CUDA3 1.197689 152773 40
CPU3 45.087498 152734 sgemm sgemm CUDA2 1.084244 152774 40
CPU13 44.886768 152735 sgemm sgemm CUDA3 1.065459 152775 40
CPU18 44.658832 152736 sgemm sgemm CUDA2 1.067274 152776 40
CPU18 44.735272 152737 sgemm sgemm CUDA2 1.082979 152777 40
CPU0 45.280465 152738 sgemm sgemm CUDA1 1.297420 152778 40
CPU10 44.814888 152739 sgemm sgemm CUDA1 1.207282 152779 40
CPU6 45.057738 152740 sgemm sgemm CUDA2 1.067406 152780 40
CPU10 44.748244 152741 sgemm sgemm CUDA1 1.203033 152781 40
CPU0 45.181687 152742 sgemm sgemm CUDA0 1.202510 152782 40
CPU13 45.021971 152743 sgemm sgemm CUDA2 1.079916 152783 40
CPU12 44.962064 152744 sgemm sgemm CUDA1 1.191710 152784 40
CPU12 44.672751 152745 sgemm sgemm CUDA0 1.291776 152785 40
CPU5 44.641872 152746 sgemm sgemm CUDA3 1.209736 152786 40
CPU7 45.204139 152747 sgemm sgemm CUDA2 1.387139 152787 40
CPU17 25.192152 152748 ssyrk ssyrk CUDA1 0.681649 152788 40
CPU9 44.923203 152749 sgemm sgemm CUDA1 1.083012 152789 40
CPU3 44.654531 152750 sgemm sgemm CUDA3 13.141372 152790 40
CPU11 44.458199 152751 sgemm sgemm CUDA3 0.041490 152791 40
CPU18 44.553948 152752 sgemm sgemm CUDA1 1.066852 152792 40
CPU19 44.726894 152753 sgemm sgemm CUDA3 1.368570 152793 40
CPU9 45.021666 152754 sgemm sgemm CUDA1 12.540785 152794 40
CPU17 45.219488 152755 sgemm sgemm CUDA3 1.211342 152795 40
CPU3 45.029935 152756 sgemm sgemm CUDA1 0.043525 152796 40
CPU8 44.751392 152757 sgemm sgemm CUDA2 1.069582 152797 40
CPU10 44.831995 152758 sgemm sgemm CUDA3 1.207329 152798 40
CPU1 45.035918 152759 sgemm sgemm CUDA2 1.203434 152799 40
CPU10 44.929251 152760 sgemm sgemm CUDA2 1.063560 152800 40
CPU10 44.998770 152761 sgemm sgemm CUDA1 1.082481 152801 40
CPU10 44.918578 152762 sgemm sgemm CUDA3 1.195610 152802 40
CPU10 44.913427 152763 sgemm sgemm CUDA2 1.194280 152803 40
CPU10 25.096126 152764 ssyrk ssyrk CUDA3 0.052084 152804 40
CPU11 44.466673 152765 sgemm sgemm CUDA3 1.305919 152805 40
CPU13 44.741362 152766 sgemm sgemm CUDA1 1.202919 152806 40
CPU17 44.638181 152767 sgemm sgemm CUDA3 1.423429 152807 40
CPU3 45.201406 152768 sgemm sgemm CUDA3 1.083491 152808 40
CPU9 44.932500 152769 sgemm sgemm CUDA1 0.091859 152809 40
CPU10 45.102729 152770 sgemm sgemm CUDA1 1.145179 152810 40
CPU3 45.200944 152771 sgemm sgemm CUDA3 1.192110 152811 40
CPU6 45.010224 152772 sgemm sgemm CUDA1 1.198491 152812 40
CPU1 44.856391 152773 sgemm sgemm CUDA3 1.080342 152813 40
CPU9 44.793003 152774 sgemm sgemm CUDA1 1.384425 152814 40
CPU0 45.476467 152775 sgemm sgemm CUDA1 0.133767 152815 40
CPU3 44.991878 152776 sgemm sgemm CUDA3 1.135551 152816 40
CPU9 45.110016 152777 sgemm sgemm CUDA3 1.083976 152817 40
CPU4 45.108416 152778 sgemm sgemm CUDA3 1.012663 152818 40
CPU0 25.322725 152779 ssyrk ssyrk CUDA0 0.680555 152819 40
CPU12 44.644397 152780 sgemm sgemm CUDA3 1.196239 152820 40
CPU18 44.457757 152781 sgemm sgemm CUDA3 1.082420 152821 40
CPU11 44.897109 152782 sgemm sgemm CUDA3 1.198448 152822 40
CPU1 44.891473 152783 sgemm sgemm CUDA0 3.497420 152823 40
CPU17 45.085339 152784 sgemm sgemm CUDA1 0.044708 152824 40
CPU12 44.748712 152785 sgemm sgemm CUDA3 1.196872 152825 40
CPU4 44.849864 152786 sgemm sgemm CUDA3 1.199038 152826 40
CPU0 45.288780 152787 sgemm sgemm CUDA0 0.047902 152827 40
CPU13 44.776114 152788 sgemm sgemm CUDA2 1.065375 152828 40
CPU13 44.976912 152789 sgemm sgemm CUDA3 1.213284 152829 40
CPU11 44.597045 152790 sgemm sgemm CUDA1 1.067001 152830 40
CPU11 44.566508 152791 sgemm sgemm CUDA3 13.028161 152831 40
CPU13 44.617461 152792 sgemm sgemm CUDA3 1.189939 152832 40
CPU11 24.312357 152793 ssyrk ssyrk CUDA1 0.674780 152833 40
CPU11 44.595049 152794 sgemm sgemm CUDA3 1.308578 152834 40
CPU13 44.564738 152795 sgemm sgemm CUDA3 1.209029 152835 40
CPU13 44.868168 152796 sgemm sgemm CUDA3 1.191428 152836 40
CPU10 44.844207 152797 sgemm sgemm CUDA1 1.066237 152837 40
CPU12 44.688536 152798 sgemm sgemm CUDA1 1.206233 152838 40
CPU11 44.709472 152799 sgemm sgemm CUDA3 1.206523 152839 40
CPU13 44.547121 152800 sgemm sgemm CUDA3 1.066687 152840 40
CPU13 44.596297 152801 sgemm sgemm CUDA1 1.203032 152841 40
CPU12 44.877027 152802 sgemm sgemm CUDA1 1.067058 152842 40
CPU12 44.702753 152803 sgemm sgemm CUDA1 12.119015 152843 40
CPU12 44.641773 152804 sgemm sgemm CUDA2 1.065445 152844 40
CPU10 44.733125 152805 sgemm sgemm CUDA2 1.152354 152845 40
CPU18 24.708403 152806 ssyrk ssyrk CUDA2 0.314612 152846 40
CPU18 44.486607 152807 sgemm sgemm CUDA3 1.084400 152847 40
CPU18 44.498453 152808 sgemm sgemm CUDA2 1.326657 152848 40
CPU17 44.975705 152809 sgemm sgemm CUDA0 1.066654 152849 40
CPU1 44.570987 152810 sgemm sgemm CUDA2 1.079188 152850 40
CPU1 44.842987 152811 sgemm sgemm CUDA2 1.068782 152851 40
CPU1 45.251475 152812 sgemm sgemm CUDA3 1.216251 152852 40
CPU13 44.718407 152813 sgemm sgemm CUDA1 1.194012 152853 40
CPU12 44.922143 152814 sgemm sgemm CUDA3 1.201459 152854 40
CPU11 44.557018 152815 sgemm sgemm CUDA3 1.011551 152855 40
CPU16 44.866538 152816 sgemm sgemm CUDA3 0.039894 152856 40
CPU11 44.478899 152817 sgemm sgemm CUDA1 1.190209 152857 40
CPU0 25.084407 152818 ssyrk ssyrk CUDA3 0.692071 152858 40
CPU4 45.358341 152819 sgemm sgemm CUDA0 1.206621 152859 40
CPU10 44.862934 152820 sgemm sgemm CUDA3 12.876554 152860 40
CPU1 45.087651 152821 sgemm sgemm CUDA0 1.084323 152861 40
CPU5 44.559683 152822 sgemm sgemm CUDA3 0.038839 152862 40
CPU0 45.404726 152823 sgemm sgemm CUDA0 1.194693 152863 40
CPU3 45.086662 152824 sgemm sgemm CUDA2 1.063211 152864 40
CPU13 45.288959 152825 sgemm sgemm CUDA2 1.188619 152865 40
CPU17 44.792920 152826 sgemm sgemm CUDA0 1.146236 152866 40
CPU4 45.263849 152827 sgemm sgemm CUDA2 1.197126 152867 40
CPU19 44.519117 152828 sgemm sgemm CUDA3 1.135326 152868 40
CPU0 25.266085 152829 ssyrk ssyrk CUDA1 0.048309 152869 40
CPU17 44.876202 152830 sgemm sgemm CUDA1 1.080737 152870 40
CPU7 45.416076 152831 sgemm sgemm CUDA1 1.213854 152871 40
CPU17 45.030990 152832 sgemm sgemm CUDA2 1.078044 152872 40
CPU11 44.519465 152833 sgemm sgemm CUDA3 1.077953 152873 40
CPU11 44.592141 152834 sgemm sgemm CUDA2 1.064904 152874 40
CPU12 44.849324 152835 sgemm sgemm CUDA1 1.220025 152875 40
CPU12 44.823639 152836 sgemm sgemm CUDA2 1.078953 152876 40
CPU11 44.578897 152837 sgemm sgemm CUDA1 1.494392 152877 40
CPU10 44.727968 152838 sgemm sgemm CUDA2 1.150386 152878 40
CPU10 25.020674 152839 ssyrk ssyrk CUDA1 8.008075 152879 40
CPU17 45.025816 152840 sgemm sgemm CUDA3 0.032052 152880 40
CPU10 44.708641 152841 sgemm sgemm CUDA3 1.211835 152881 40
CPU17 44.781342 152842 sgemm sgemm CUDA3 1.195073 152882 40
CPU10 44.857118 152843 sgemm sgemm CUDA0 0.046273 152883 40
CPU17 44.858866 152844 sgemm sgemm CUDA3 8.622161 152884 40
CPU10 44.817613 152845 sgemm sgemm CUDA0 1.195900 152885 40
CPU17 44.682717 152846 sgemm sgemm CUDA1 1.188932 152886 40
CPU10 44.683952 152847 sgemm sgemm CUDA0 1.209283 152887 40
CPU17 24.761854 152848 ssyrk ssyrk CUDA3 0.955218 152888 40
CPU10 44.662931 152849 sgemm sgemm CUDA2 1.200628 152889 40
CPU1 45.009891 152850 sgemm sgemm CUDA0 1.070557 152890 40
CPU13 44.667974 152851 sgemm sgemm CUDA3 1.211937 152891 40
CPU8 45.176349 152852 sgemm sgemm CUDA1 1.075756 152892 40
CPU8 45.381694 152853 sgemm sgemm CUDA1 0.067426 152893 40
CPU7 45.104823 152854 sgemm sgemm CUDA2 1.067480 152894 40
CPU5 45.220859 152855 sgemm sgemm CUDA1 1.195048 152895 40
CPU0 25.063452 152856 ssyrk ssyrk CUDA1 0.674318 152896 40
CPU0 45.538125 152857 sgemm sgemm CUDA3 1.202949 152897 40
CPU7 45.105517 152858 sgemm sgemm CUDA3 1.064494 152898 40
CPU18 44.431634 152859 sgemm sgemm CUDA2 12.754789 152899 40
CPU16 44.514562 152860 sgemm sgemm CUDA2 1.154641 152900 40
CPU17 44.883769 152861 sgemm sgemm CUDA1 1.075796 152901 40
CPU10 44.776681 152862 sgemm sgemm CUDA2 1.067224 152902 40
CPU0 25.126397 152863 ssyrk ssyrk CUDA0 0.681232 152903 40
CPU13 44.941036 152864 sgemm sgemm CUDA0 1.342936 152904 40
CPU11 44.487653 152865 sgemm sgemm CUDA0 1.204518 152905 40
CPU2 45.004208 152866 sgemm sgemm CUDA3 1.141958 152906 40
CPU0 45.438365 152867 sgemm sgemm CUDA2 1.065264 152907 40
CPU0 45.444844 152868 sgemm sgemm CUDA0 1.064159 152908 40
CPU6 24.940958 152869 ssyrk ssyrk CUDA0 0.673305 152909 40
CPU3 45.142608 152870 sgemm sgemm CUDA0 1.197830 152910 40
CPU8 45.122766 152871 sgemm sgemm CUDA2 1.155626 152911 40
CPU2 44.994458 152872 sgemm sgemm CUDA0 0.034163 152912 40
CPU2 44.784607 152873 sgemm sgemm CUDA0 1.011104 152913 40
CPU7 25.199161 152874 ssyrk ssyrk CUDA3 0.048337 152914 40
CPU4 45.182532 152875 sgemm sgemm CUDA2 1.197336 152915 40
CPU0 45.385756 152876 sgemm sgemm CUDA3 1.303515 152916 40
CPU11 44.605464 152877 sgemm sgemm CUDA3 0.034037 152917 40
CPU5 24.748494 152878 ssyrk ssyrk CUDA3 12.175787 152918 40
CPU9 44.787160 152879 sgemm sgemm CUDA0 1.008647 152919 40
CPU2 45.255972 152880 sgemm sgemm CUDA1 1.242126 152920 40
CPU4 25.537549 152881 ssyrk ssyrk CUDA0 0.915318 152921 40
CPU3 45.087153 152882 sgemm sgemm CUDA1 1.061137 152922 40
CPU4 25.499654 152883 ssyrk ssyrk CUDA0 0.641006 152923 40
CPU13 30.550422 152886 strmm strmm CUDA1 4.280790 152926 40
CPU7 30.659305 152890 strmm strmm CUDA1 4.282441 152930 40
CPU13 30.179846 152894 strmm strmm CUDA2 0.032208 152934 40
CPU13 31.317393 152898 strmm strmm CUDA0 4.397015 152938 40
CPU13 30.160079 152902 strmm strmm CUDA1 4.293286 152942 40
CPU6 32.090134 152906 strmm strmm CUDA0 4.292464 152946 40
CPU19 31.173035 152910 strmm strmm CUDA2 15.124141 152950 40
CPU2 30.368130 152914 strmm strmm CUDA2 4.289120 152954 40
CPU0 30.954219 152918 strmm strmm CUDA1 12.903519 152958 40
CPU4 31.149674 152922 strmm strmm CUDA3 0.039519 152962 40
CPU13 30.621801 152926 strmm strmm CUDA0 16.247753 152966 40
CPU13 29.969756 152930 strmm strmm CUDA1 0.028498 152970 40
CPU13 30.163321 152934 strmm strmm CUDA0 0.029005 152974 40
CPU13 30.245565 152938 strmm strmm CUDA3 14.961221 152978 40
CPU10 30.044889 152942 strmm strmm CUDA2 4.491731 152982 40
CPU10 30.375813 152946 strmm strmm CUDA3 4.484805 152986 40
CPU5 31.200071 152950 strmm strmm CUDA2 12.903626 152990 40
CPU7 31.644137 152954 strmm strmm CUDA1 4.528023 152994 40
CPU9 31.443985 152958 strmm strmm CUDA0 4.546504 152998 40
CPU13 30.382455 152962 strmm strmm CUDA0 4.294726 153002 40
CPU11 29.538391 152966 strmm strmm CUDA1 4.581405 153006 40
CPU2 31.368263 152970 strmm strmm CUDA2 4.424844 153010 40
CPU3 31.388333 152974 strmm strmm CUDA3 4.290061 153014 40
CPU11 29.605207 152978 strmm strmm CUDA2 4.290730 153018 40
CPU13 12.116880 152982 slauum slauum CPU -1 153022 40
CPU0 25.111397 152984 ssyrk ssyrk CUDA3 0.953300 153024 40
CPU1 45.053641 152985 sgemm sgemm CUDA3 1.193642 153025 40
CPU5 45.051401 152986 sgemm sgemm CUDA2 1.069035 153026 40
CPU2 44.944073 152987 sgemm sgemm CUDA2 1.252838 153027 40
CPU8 44.864866 152988 sgemm sgemm CUDA3 1.212582 153028 40
CPU1 45.442814 152989 sgemm sgemm CUDA2 1.191036 153029 40
CPU6 45.034569 152990 sgemm sgemm CUDA2 12.515328 153030 40
CPU5 44.797596 152991 sgemm sgemm CUDA0 1.195858 153031 40
CPU2 44.708630 152992 sgemm sgemm CUDA2 1.189278 153032 40
CPU9 44.753324 152993 sgemm sgemm CUDA2 10.445120 153033 40
CPU1 44.810548 152994 sgemm sgemm CUDA2 1.096277 153034 40
CPU11 44.539203 152995 sgemm sgemm CUDA2 1.284728 153035 40
CPU17 44.607022 152996 sgemm sgemm CUDA0 12.300300 153036 40
CPU12 44.702435 152997 sgemm sgemm CUDA3 1.205799 153037 40
CPU3 44.902276 152998 sgemm sgemm CUDA2 0.035087 153038 40
CPU2 44.944687 152999 sgemm sgemm CUDA3 1.208638 153039 40
CPU8 44.986886 153000 sgemm sgemm CUDA2 1.067867 153040 40
CPU9 45.135214 153001 sgemm sgemm CUDA1 1.193234 153041 40
CPU6 45.100479 153002 sgemm sgemm CUDA0 1.202338 153042 40
CPU12 44.803080 153003 sgemm sgemm CUDA2 1.196781 153043 40
CPU12 44.716966 153004 sgemm sgemm CUDA0 1.063851 153044 40
CPU1 44.884739 153005 sgemm sgemm CUDA1 1.080280 153045 40
CPU11 44.543323 153006 sgemm sgemm CUDA0 1.070420 153046 40
CPU13 44.726839 153007 sgemm sgemm CUDA3 1.072294 153047 40
CPU13 44.780931 153008 sgemm sgemm CUDA1 1.207654 153048 40
CPU9 24.821301 153009 ssyrk ssyrk CUDA3 0.675752 153049 40
CPU14 44.758091 153010 sgemm sgemm CUDA1 1.062720 153050 40
CPU9 45.103959 153011 sgemm sgemm CUDA3 1.066201 153051 40
CPU8 45.197724 153012 sgemm sgemm CUDA3 1.207079 153052 40
CPU18 44.506960 153013 sgemm sgemm CUDA1 1.205097 153053 40
CPU16 44.786361 153014 sgemm sgemm CUDA3 0.044538 153054 40
CPU17 44.721578 153015 sgemm sgemm CUDA0 1.193210 153055 40
CPU16 44.826313 153016 sgemm sgemm CUDA2 1.022939 153056 40
CPU0 45.017606 153017 sgemm sgemm CUDA1 13.094896 153057 40
CPU10 45.057785 153018 sgemm sgemm CUDA0 1.081069 153058 40
CPU11 44.560678 153019 sgemm sgemm CUDA0 1.202101 153059 40
CPU18 44.518163 153020 sgemm sgemm CUDA0 12.128309 153060 40
CPU18 44.687491 153021 sgemm sgemm CUDA0 0.048416 153061 40
CPU17 45.166527 153022 sgemm sgemm CUDA1 1.203193 153062 40
CPU5 44.545049 153023 sgemm sgemm CUDA1 1.211563 153063 40
CPU1 45.104121 153024 sgemm sgemm CUDA0 11.933763 153064 40
CPU7 45.405439 153025 sgemm sgemm CUDA0 1.298875 153065 40
CPU0 44.618739 153026 sgemm sgemm CUDA0 1.062237 153066 40
CPU2 44.846875 153027 sgemm sgemm CUDA2 1.066055 153067 40
CPU11 44.872626 153028 sgemm sgemm CUDA0 1.080438 153068 40
CPU4 44.860539 153029 sgemm sgemm CUDA1 1.200927 153069 40
CPU7 45.064660 153030 sgemm sgemm CUDA0 1.081740 153070 40
CPU7 45.074189 153031 sgemm sgemm CUDA2 1.066512 153071 40
CPU7 44.985590 153032 sgemm sgemm CUDA1 1.079749 153072 40
CPU14 25.218387 153033 ssyrk ssyrk CUDA2 0.676070 153073 40
CPU14 44.721196 153034 sgemm sgemm CUDA2 1.075893 153074 40
CPU8 45.047921 153035 sgemm sgemm CUDA0 5.527306 153075 40
CPU18 44.488648 153036 sgemm sgemm CUDA2 1.207555 153076 40
CPU14 44.635619 153037 sgemm sgemm CUDA2 0.041132 153077 40
CPU11 44.730518 153038 sgemm sgemm CUDA0 1.083715 153078 40
CPU19 44.798026 153039 sgemm sgemm CUDA2 1.009105 153079 40
CPU1 44.964953 153040 sgemm sgemm CUDA1 1.064187 153080 40
CPU5 44.757051 153041 sgemm sgemm CUDA0 0.052200 153081 40
CPU8 45.135374 153042 sgemm sgemm CUDA2 1.075941 153082 40
CPU18 44.574240 153043 sgemm sgemm CUDA1 1.208351 153083 40
CPU19 44.631662 153044 sgemm sgemm CUDA0 1.429856 153084 40
CPU8 44.781042 153045 sgemm sgemm CUDA2 1.068040 153085 40
CPU13 44.982374 153046 sgemm sgemm CUDA0 10.356665 153086 40
CPU2 45.068878 153047 sgemm sgemm CUDA1 1.191987 153087 40
CPU9 45.267161 153048 sgemm sgemm CUDA1 1.066306 153088 40
CPU9 44.826880 153049 sgemm sgemm CUDA0 0.061083 153089 40
CPU10 44.819426 153050 sgemm sgemm CUDA1 1.197711 153090 40
CPU17 44.538733 153051 sgemm sgemm CUDA0 1.072730 153091 40
CPU0 45.186683 153052 sgemm sgemm CUDA0 1.204902 153092 40
CPU11 44.423378 153053 sgemm sgemm CUDA0 1.063249 153093 40
CPU13 44.872207 153054 sgemm sgemm CUDA2 1.205053 153094 40
CPU10 44.761878 153055 sgemm sgemm CUDA2 1.299511 153095 40
CPU6 25.343262 153056 ssyrk ssyrk CUDA3 0.946134 153096 40
CPU7 45.064328 153057 sgemm sgemm CUDA3 5.529281 153097 40
CPU18 44.538677 153058 sgemm sgemm CUDA2 1.194028 153098 40
CPU16 44.676690 153059 sgemm sgemm CUDA2 1.321370 153099 40
CPU17 44.620599 153060 sgemm sgemm CUDA0 1.076356 153100 40
CPU16 44.846793 153061 sgemm sgemm CUDA2 1.018943 153101 40
CPU4 45.053094 153062 sgemm sgemm CUDA2 1.378227 153102 40
CPU0 45.198223 153063 sgemm sgemm CUDA3 1.242748 153103 40
CPU11 44.571261 153064 sgemm sgemm CUDA2 0.069273 153104 40
CPU18 44.750381 153065 sgemm sgemm CUDA0 1.298238 153105 40
CPU15 45.044454 153066 sgemm sgemm CUDA2 1.239559 153106 40
CPU11 45.068426 153067 sgemm sgemm CUDA0 1.083920 153107 40
CPU13 45.036647 153068 sgemm sgemm CUDA2 0.084280 153108 40
CPU7 44.867318 153069 sgemm sgemm CUDA2 1.365130 153109 40
CPU9 44.979235 153070 sgemm sgemm CUDA3 0.093810 153110 40
CPU5 44.963868 153071 sgemm sgemm CUDA0 1.288640 153111 40
CPU12 44.739107 153072 sgemm sgemm CUDA2 1.210155 153112 40
CPU17 44.641076 153073 sgemm sgemm CUDA0 1.066248 153113 40
CPU1 44.856075 153074 sgemm sgemm CUDA0 1.202503 153114 40
CPU11 44.539246 153075 sgemm sgemm CUDA3 1.210816 153115 40
CPU7 44.940922 153076 sgemm sgemm CUDA1 1.066365 153116 40
CPU13 45.093450 153077 sgemm sgemm CUDA0 1.071198 153117 40
CPU8 24.896872 153078 ssyrk ssyrk CUDA0 0.090603 153118 40
CPU18 44.628969 153079 sgemm sgemm CUDA0 1.080908 153119 40
CPU7 45.165995 153080 sgemm sgemm CUDA3 1.211099 153120 40
CPU16 44.694147 153081 sgemm sgemm CUDA0 1.084862 153121 40
CPU16 44.732628 153082 sgemm sgemm CUDA3 1.066949 153122 40
CPU2 44.821432 153083 sgemm sgemm CUDA3 1.194888 153123 40
CPU6 45.087379 153084 sgemm sgemm CUDA0 3.368450 153124 40
CPU11 44.530643 153085 sgemm sgemm CUDA1 0.102599 153125 40
CPU17 44.775128 153086 sgemm sgemm CUDA1 12.510271 153126 40
CPU6 45.233964 153087 sgemm sgemm CUDA1 1.090232 153127 40
CPU7 44.909861 153088 sgemm sgemm CUDA0 1.195574 153128 40
CPU13 45.046366 153089 sgemm sgemm CUDA1 1.207165 153129 40
CPU3 45.173886 153090 sgemm sgemm CUDA3 0.043553 153130 40
CPU9 45.173913 153091 sgemm sgemm CUDA1 1.335103 153131 40
CPU6 45.321321 153092 sgemm sgemm CUDA0 1.072751 153132 40
CPU13 44.878766 153093 sgemm sgemm CUDA1 1.082915 153133 40
CPU17 44.568537 153094 sgemm sgemm CUDA0 1.210971 153134 40
CPU0 45.228034 153095 sgemm sgemm CUDA0 1.212351 153135 40
CPU11 44.569003 153096 sgemm sgemm CUDA3 1.196807 153136 40
CPU0 44.794511 153097 sgemm sgemm CUDA1 1.209250 153137 40
CPU13 44.708343 153098 sgemm sgemm CUDA1 1.079469 153138 40
CPU18 24.528456 153099 ssyrk ssyrk CUDA0 0.694560 153139 40
CPU18 44.458748 153100 sgemm sgemm CUDA2 1.204929 153140 40
CPU18 44.571056 153101 sgemm sgemm CUDA3 1.212068 153141 40
CPU18 44.467656 153102 sgemm sgemm CUDA2 1.021709 153142 40
CPU18 44.628985 153103 sgemm sgemm CUDA1 1.069874 153143 40
CPU18 44.612213 153104 sgemm sgemm CUDA2 1.066442 153144 40
CPU11 44.594364 153105 sgemm sgemm CUDA1 1.063894 153145 40
CPU18 44.894965 153106 sgemm sgemm CUDA0 1.078161 153146 40
CPU2 45.280363 153107 sgemm sgemm CUDA0 1.073783 153147 40
CPU3 45.112433 153108 sgemm sgemm CUDA2 1.209556 153148 40
CPU13 44.909524 153109 sgemm sgemm CUDA1 1.194037 153149 40
CPU2 44.642931 153110 sgemm sgemm CUDA1 1.078316 153150 40
CPU9 45.173845 153111 sgemm sgemm CUDA1 1.080610 153151 40
CPU4 45.117232 153112 sgemm sgemm CUDA0 1.206648 153152 40
CPU13 44.845863 153113 sgemm sgemm CUDA2 12.320702 153153 40
CPU1 45.184005 153114 sgemm sgemm CUDA2 1.078764 153154 40
CPU10 44.689569 153115 sgemm sgemm CUDA0 1.204274 153155 40
CPU0 45.690187 153116 sgemm sgemm CUDA0 0.048955 153156 40
CPU7 45.199180 153117 sgemm sgemm CUDA3 1.065000 153157 40
CPU6 45.352447 153118 sgemm sgemm CUDA0 1.077987 153158 40
CPU16 24.506473 153119 ssyrk ssyrk CUDA1 0.695144 153159 40
CPU8 45.126901 153120 sgemm sgemm CUDA2 0.052283 153160 40
CPU16 44.649044 153121 sgemm sgemm CUDA2 1.191717 153161 40
CPU5 44.928565 153122 sgemm sgemm CUDA1 1.194872 153162 40
CPU10 44.866522 153123 sgemm sgemm CUDA3 12.718744 153163 40
CPU11 44.612882 153124 sgemm sgemm CUDA1 1.189955 153164 40
CPU18 44.644399 153125 sgemm sgemm CUDA1 0.045882 153165 40
CPU10 44.774483 153126 sgemm sgemm CUDA3 1.314594 153166 40
CPU5 44.555545 153127 sgemm sgemm CUDA1 1.297677 153167 40
CPU3 45.014464 153128 sgemm sgemm CUDA3 1.201928 153168 40
CPU2 44.505345 153129 sgemm sgemm CUDA1 1.063493 153169 40
CPU9 45.129112 153130 sgemm sgemm CUDA1 1.209663 153170 40
CPU0 45.068685 153131 sgemm sgemm CUDA3 1.069058 153171 40
CPU13 44.693306 153132 sgemm sgemm CUDA2 1.084713 153172 40
CPU7 45.121339 153133 sgemm sgemm CUDA3 1.200945 153173 40
CPU9 44.907589 153134 sgemm sgemm CUDA1 1.206332 153174 40
CPU11 44.745406 153135 sgemm sgemm CUDA3 1.203475 153175 40
CPU10 44.722573 153136 sgemm sgemm CUDA3 1.073179 153176 40
CPU3 44.742298 153137 sgemm sgemm CUDA2 1.207634 153177 40
CPU9 24.938961 153138 ssyrk ssyrk CUDA2 11.866933 153178 40
CPU16 44.631644 153139 sgemm sgemm CUDA1 1.188801 153179 40
CPU6 45.016216 153140 sgemm sgemm CUDA3 12.364814 153180 40
CPU9 44.923403 153141 sgemm sgemm CUDA2 0.044793 153181 40
CPU7 45.080889 153142 sgemm sgemm CUDA3 0.041808 153182 40
CPU18 44.637660 153143 sgemm sgemm CUDA2 1.244046 153183 40
CPU18 44.748339 153144 sgemm sgemm CUDA2 1.012713 153184 40
CPU0 45.132325 153145 sgemm sgemm CUDA1 1.147163 153185 40
CPU11 44.626017 153146 sgemm sgemm CUDA1 1.153081 153186 40
CPU6 45.254835 153147 sgemm sgemm CUDA2 1.156281 153187 40
CPU9 45.175644 153148 sgemm sgemm CUDA1 0.041800 153188 40
CPU6 44.751577 153149 sgemm sgemm CUDA0 1.132448 153189 40
CPU13 45.345399 153150 sgemm sgemm CUDA2 1.159094 153190 40
CPU12 45.185246 153151 sgemm sgemm CUDA0 1.081133 153191 40
CPU12 44.981454 153152 sgemm sgemm CUDA0 1.065284 153192 40
CPU5 44.701070 153153 sgemm sgemm CUDA3 1.244065 153193 40
CPU7 45.350446 153154 sgemm sgemm CUDA2 1.157443 153194 40
CPU2 45.183220 153155 sgemm sgemm CUDA1 1.256444 153195 40
CPU17 24.942442 153156 ssyrk ssyrk CUDA3 0.676908 153196 40
CPU9 44.768306 153157 sgemm sgemm CUDA3 1.215178 153197 40
CPU3 44.628299 153158 sgemm sgemm CUDA3 1.191796 153198 40
CPU2 44.654943 153159 sgemm sgemm CUDA3 1.202130 153199 40
CPU18 44.741909 153160 sgemm sgemm CUDA1 1.197976 153200 40
CPU19 44.801538 153161 sgemm sgemm CUDA3 12.538633 153201 40
CPU9 44.908300 153162 sgemm sgemm CUDA1 13.095524 153202 40
CPU13 44.607279 153163 sgemm sgemm CUDA3 0.040811 153203 40
CPU3 45.099544 153164 sgemm sgemm CUDA1 0.055263 153204 40
CPU9 45.137432 153165 sgemm sgemm CUDA2 1.069379 153205 40
CPU10 44.876024 153166 sgemm sgemm CUDA3 1.301399 153206 40
CPU1 45.069889 153167 sgemm sgemm CUDA2 1.198114 153207 40
CPU10 44.873325 153168 sgemm sgemm CUDA2 1.082246 153208 40
CPU5 45.065680 153169 sgemm sgemm CUDA1 1.316367 153209 40
CPU10 44.879787 153170 sgemm sgemm CUDA3 1.134081 153210 40
CPU5 45.270293 153171 sgemm sgemm CUDA2 1.195530 153211 40
CPU0 45.685035 153172 sgemm sgemm CUDA1 1.201803 153212 40
CPU10 24.976814 153173 ssyrk ssyrk CUDA3 0.678926 153213 40
CPU11 44.708062 153174 sgemm sgemm CUDA3 1.206102 153214 40
CPU1 44.609748 153175 sgemm sgemm CUDA2 1.206632 153215 40
CPU17 44.749291 153176 sgemm sgemm CUDA3 1.210766 153216 40
CPU3 45.046792 153177 sgemm sgemm CUDA3 1.064827 153217 40
CPU9 44.766231 153178 sgemm sgemm CUDA3 12.075366 153218 40
CPU5 44.291351 153179 sgemm sgemm CUDA2 1.060129 153219 40
CPU3 44.998622 153180 sgemm sgemm CUDA3 1.207338 153220 40
CPU7 45.021022 153181 sgemm sgemm CUDA1 1.267934 153221 40
CPU9 44.678424 153182 sgemm sgemm CUDA2 1.198557 153222 40
CPU9 44.728242 153183 sgemm sgemm CUDA1 1.194121 153223 40
CPU0 45.388122 153184 sgemm sgemm CUDA2 1.209239 153224 40
CPU3 44.810830 153185 sgemm sgemm CUDA3 1.210199 153225 40
CPU9 45.059723 153186 sgemm sgemm CUDA3 1.197666 153226 40
CPU4 44.945811 153187 sgemm sgemm CUDA1 1.066871 153227 40
CPU4 44.957156 153188 sgemm sgemm CUDA1 1.079657 153228 40
CPU0 25.205604 153189 ssyrk ssyrk CUDA0 0.045457 153229 40
CPU0 44.898648 153190 sgemm sgemm CUDA3 1.071891 153230 40
CPU18 44.744016 153191 sgemm sgemm CUDA3 1.080031 153231 40
CPU11 44.948582 153192 sgemm sgemm CUDA2 12.299347 153232 40
CPU3 44.902451 153193 sgemm sgemm CUDA3 1.298665 153233 40
CPU4 44.303683 153194 sgemm sgemm CUDA1 1.216719 153234 40
CPU12 44.925409 153195 sgemm sgemm CUDA3 9.527899 153235 40
CPU9 44.769315 153196 sgemm sgemm CUDA3 0.067430 153236 40
CPU5 44.851453 153197 sgemm sgemm CUDA0 1.082239 153237 40
CPU13 44.910674 153198 sgemm sgemm CUDA2 1.208619 153238 40
CPU13 44.777312 153199 sgemm sgemm CUDA3 1.197027 153239 40
CPU11 44.788696 153200 sgemm sgemm CUDA1 9.846849 153240 40
CPU11 44.781452 153201 sgemm sgemm CUDA3 1.067526 153241 40
CPU13 44.980768 153202 sgemm sgemm CUDA1 1.079349 153242 40
CPU13 44.936643 153203 sgemm sgemm CUDA0 1.070186 153243 40
CPU11 24.561870 153204 ssyrk ssyrk CUDA3 0.325142 153244 40
CPU9 44.981042 153205 sgemm sgemm CUDA3 1.066315 153245 40
CPU8 45.177728 153206 sgemm sgemm CUDA1 1.253507 153246 40
CPU13 44.977364 153207 sgemm sgemm CUDA3 1.195081 153247 40
CPU10 45.352048 153208 sgemm sgemm CUDA1 1.093501 153248 40
CPU6 45.179758 153209 sgemm sgemm CUDA0 1.008873 153249 40
CPU3 45.047099 153210 sgemm sgemm CUDA0 1.195719 153250 40
CPU3 44.799169 153211 sgemm sgemm CUDA2 1.204346 153251 40
CPU13 44.714134 153212 sgemm sgemm CUDA1 1.080981 153252 40
CPU11 44.546607 153213 sgemm sgemm CUDA0 1.067623 153253 40
CPU8 44.722749 153214 sgemm sgemm CUDA1 0.066510 153254 40
CPU11 44.392058 153215 sgemm sgemm CUDA2 1.079655 153255 40
CPU1 44.629432 153216 sgemm sgemm CUDA1 1.065668 153256 40
CPU13 44.538234 153217 sgemm sgemm CUDA1 12.991503 153257 40
CPU18 24.685987 153218 ssyrk ssyrk CUDA2 0.967975 153258 40
CPU18 44.437391 153219 sgemm sgemm CUDA3 1.205365 153259 40
CPU17 44.922709 153220 sgemm sgemm CUDA2 1.206656 153260 40
CPU2 44.770641 153221 sgemm sgemm CUDA0 1.211478 153261 40
CPU1 45.111784 153222 sgemm sgemm CUDA2 1.197782 153262 40
CPU9 45.101577 153223 sgemm sgemm CUDA3 1.205613 153263 40
CPU1 45.169657 153224 sgemm sgemm CUDA3 0.046256 153264 40
CPU13 45.318098 153225 sgemm sgemm CUDA1 0.043946 153265 40
CPU17 44.511909 153226 sgemm sgemm CUDA3 1.207969 153266 40
CPU6 44.835337 153227 sgemm sgemm CUDA3 1.064706 153267 40
CPU11 44.592371 153228 sgemm sgemm CUDA3 1.064746 153268 40
CPU2 45.101182 153229 sgemm sgemm CUDA1 1.295132 153269 40
CPU11 44.432601 153230 sgemm sgemm CUDA0 1.194288 153270 40
CPU0 25.328321 153231 ssyrk ssyrk CUDA1 0.677105 153271 40
CPU4 45.194343 153232 sgemm sgemm CUDA0 1.204905 153272 40
CPU12 45.858914 153233 sgemm sgemm CUDA2 1.287068 153273 40
CPU1 45.255105 153234 sgemm sgemm CUDA0 1.458399 153274 40
CPU9 44.974561 153235 sgemm sgemm CUDA3 1.062106 153275 40
CPU6 45.201221 153236 sgemm sgemm CUDA0 1.196395 153276 40
CPU3 45.104462 153237 sgemm sgemm CUDA2 13.025162 153277 40
CPU13 45.075942 153238 sgemm sgemm CUDA2 1.193341 153278 40
CPU1 45.034015 153239 sgemm sgemm CUDA0 1.215848 153279 40
CPU11 44.473838 153240 sgemm sgemm CUDA2 1.207677 153280 40
CPU5 44.708590 153241 sgemm sgemm CUDA3 1.194625 153281 40
CPU13 44.566244 153242 sgemm sgemm CUDA3 12.395789 153282 40
CPU0 24.960183 153243 ssyrk ssyrk CUDA1 0.677047 153283 40
CPU0 45.437427 153244 sgemm sgemm CUDA1 1.206001 153284 40
CPU7 45.280352 153245 sgemm sgemm CUDA1 1.077787 153285 40
CPU17 45.004856 153246 sgemm sgemm CUDA2 1.068164 153286 40
CPU3 45.074614 153247 sgemm sgemm CUDA3 1.076539 153287 40
CPU11 44.610863 153248 sgemm sgemm CUDA2 1.209974 153288 40
CPU17 44.854535 153249 sgemm sgemm CUDA0 1.068329 153289 40
CPU0 44.990723 153250 sgemm sgemm CUDA2 1.190248 153290 40
CPU11 44.592805 153251 sgemm sgemm CUDA1 1.064771 153291 40
CPU10 44.814816 153252 sgemm sgemm CUDA2 1.079572 153292 40
CPU10 44.694298 153253 sgemm sgemm CUDA2 1.066139 153293 40
CPU11 24.790473 153254 ssyrk ssyrk CUDA1 0.049206 153294 40
CPU13 44.930286 153255 sgemm sgemm CUDA3 1.199058 153295 40
CPU5 44.782291 153256 sgemm sgemm CUDA3 1.202398 153296 40
CPU4 44.809416 153257 sgemm sgemm CUDA2 1.065114 153297 40
CPU10 44.793086 153258 sgemm sgemm CUDA0 1.203418 153298 40
CPU2 44.968681 153259 sgemm sgemm CUDA3 1.064864 153299 40
CPU12 45.075870 153260 sgemm sgemm CUDA0 16.899677 153300 40
CPU11 44.631307 153261 sgemm sgemm CUDA1 1.206004 153301 40
CPU9 44.889622 153262 sgemm sgemm CUDA1 1.203939 153302 40
CPU10 45.095709 153263 sgemm sgemm CUDA3 0.045426 153303 40
CPU17 24.727772 153264 ssyrk ssyrk CUDA3 0.687757 153304 40
CPU10 45.005021 153265 sgemm sgemm CUDA0 1.080222 153305 40
CPU6 45.055903 153266 sgemm sgemm CUDA0 1.102029 153306 40
CPU13 45.518918 153267 sgemm sgemm CUDA3 1.078071 153307 40
CPU8 45.119449 153268 sgemm sgemm CUDA0 9.064912 153308 40
CPU8 44.961836 153269 sgemm sgemm CUDA2 0.077738 153309 40
CPU7 45.110804 153270 sgemm sgemm CUDA2 1.208600 153310 40
CPU5 45.187023 153271 sgemm sgemm CUDA3 1.064906 153311 40
CPU4 45.376502 153272 sgemm sgemm CUDA2 1.064587 153312 40
CPU9 24.769180 153273 ssyrk ssyrk CUDA1 0.350637 153313 40
CPU8 44.813548 153274 sgemm sgemm CUDA2 1.063383 153314 40
CPU2 44.957582 153275 sgemm sgemm CUDA3 1.071116 153315 40
CPU17 44.609367 153276 sgemm sgemm CUDA2 1.081902 153316 40
CPU9 44.895932 153277 sgemm sgemm CUDA2 1.066708 153317 40
CPU3 44.768239 153278 sgemm sgemm CUDA1 1.079938 153318 40
CPU9 44.997917 153279 sgemm sgemm CUDA3 1.210707 153319 40
CPU6 45.423626 153280 sgemm sgemm CUDA1 0.035027 153320 40
CPU2 24.817289 153281 ssyrk ssyrk CUDA0 0.679964 153321 40
CPU6 44.997021 153282 sgemm sgemm CUDA0 1.067822 153322 40
CPU4 45.160836 153283 sgemm sgemm CUDA0 0.040394 153323 40
CPU2 44.750300 153284 sgemm sgemm CUDA2 1.065989 153324 40
CPU0 45.287112 153285 sgemm sgemm CUDA2 1.209931 153325 40
CPU0 45.408710 153286 sgemm sgemm CUDA0 1.375952 153326 40
CPU9 45.349306 153287 sgemm sgemm CUDA0 1.195560 153327 40
CPU6 25.093983 153288 ssyrk ssyrk CUDA0 0.687696 153328 40
CPU3 45.095978 153289 sgemm sgemm CUDA0 1.376163 153329 40
CPU8 45.102737 153290 sgemm sgemm CUDA2 0.045185 153330 40
CPU2 44.910048 153291 sgemm sgemm CUDA0 1.067949 153331 40
CPU1 45.014507 153292 sgemm sgemm CUDA0 1.066340 153332 40
CPU11 44.562006 153293 sgemm sgemm CUDA0 1.070329 153333 40
CPU7 25.117357 153294 ssyrk ssyrk CUDA3 0.677729 153334 40
CPU4 45.141027 153295 sgemm sgemm CUDA2 12.903997 153335 40
CPU0 45.323054 153296 sgemm sgemm CUDA3 1.205296 153336 40
CPU11 44.661632 153297 sgemm sgemm CUDA3 1.080682 153337 40
CPU11 44.475540 153298 sgemm sgemm CUDA0 1.065273 153338 40
CPU5 24.659468 153299 ssyrk ssyrk CUDA3 0.680472 153339 40
CPU9 44.766998 153300 sgemm sgemm CUDA0 1.190537 153340 40
CPU2 45.026626 153301 sgemm sgemm CUDA1 1.075069 153341 40
CPU8 44.945541 153302 sgemm sgemm CUDA2 1.080218 153342 40
CPU4 25.361504 153303 ssyrk ssyrk CUDA0 0.670108 153343 40
CPU0 45.500422 153304 sgemm sgemm CUDA1 1.204984 153344 40
CPU3 45.237711 153305 sgemm sgemm CUDA3 1.367117 153345 40
CPU4 25.139723 153306 ssyrk ssyrk CUDA0 0.672505 153346 40
CPU11 44.450426 153307 sgemm sgemm CUDA2 1.083435 153347 40
CPU13 24.739763 153308 ssyrk ssyrk CUDA1 1.083618 153348 40
CPU13 30.469112 153311 strmm strmm CUDA0 4.272825 153351 40
CPU5 30.490692 153315 strmm strmm CUDA0 16.101351 153355 40
CPU10 30.004818 153319 strmm strmm CUDA0 0.041563 153359 40
CPU13 30.546205 153323 strmm strmm CUDA1 4.291771 153363 40
CPU13 30.186480 153327 strmm strmm CUDA1 4.568571 153367 40
CPU6 31.441979 153331 strmm strmm CUDA1 4.291332 153371 40
CPU3 30.919754 153335 strmm strmm CUDA3 12.389829 153375 40
CPU12 30.351189 153339 strmm strmm CUDA1 0.032460 153379 40
CPU0 31.448181 153343 strmm strmm CUDA3 4.396036 153383 40
CPU4 30.525431 153347 strmm strmm CUDA2 16.258552 153387 40
CPU13 31.050966 153351 strmm strmm CUDA0 4.565456 153391 40
CPU13 30.263855 153355 strmm strmm CUDA3 4.308645 153395 40
CPU11 29.787598 153359 strmm strmm CUDA0 4.287419 153399 40
CPU13 30.020530 153363 strmm strmm CUDA2 0.034410 153403 40
CPU0 30.896843 153367 strmm strmm CUDA3 4.304378 153407 40
CPU9 31.252906 153371 strmm strmm CUDA2 4.277954 153411 40
CPU13 30.035845 153375 strmm strmm CUDA1 14.049397 153415 40
CPU5 30.998588 153379 strmm strmm CUDA0 4.293293 153419 40
CPU9 31.231992 153383 strmm strmm CUDA3 4.273274 153423 40
CPU11 30.247334 153387 strmm strmm CUDA3 0.044987 153427 40
CPU11 29.851483 153391 strmm strmm CUDA0 4.548831 153431 40
CPU8 30.580316 153395 strmm strmm CUDA0 15.054016 153435 40
CPU3 31.129638 153399 strmm strmm CUDA1 4.295756 153439 40
CPU13 30.335066 153403 strmm strmm CUDA0 15.032402 153443 40
CPU19 30.128730 153407 strmm strmm CUDA1 4.299215 153447 40
CPU19 11.933065 153411 slauum slauum CPU -1 153451 40
CPU0 25.206062 153413 ssyrk ssyrk CUDA1 0.050244 153453 40
CPU0 45.700661 153414 sgemm sgemm CUDA3 0.041273 153454 40
CPU0 45.350853 153415 sgemm sgemm CUDA2 1.297043 153455 40
CPU2 44.959491 153416 sgemm sgemm CUDA2 1.196702 153456 40
CPU8 44.967676 153417 sgemm sgemm CUDA3 1.215722 153457 40
CPU1 45.268645 153418 sgemm sgemm CUDA1 1.276314 153458 40
CPU6 44.905417 153419 sgemm sgemm CUDA2 1.195812 153459 40
CPU5 44.733568 153420 sgemm sgemm CUDA3 1.070672 153460 40
CPU0 45.213896 153421 sgemm sgemm CUDA1 12.670284 153461 40
CPU9 45.017567 153422 sgemm sgemm CUDA2 1.196187 153462 40
CPU1 44.726257 153423 sgemm sgemm CUDA1 12.384762 153463 40
CPU13 44.668445 153424 sgemm sgemm CUDA0 1.217598 153464 40
CPU17 44.544651 153425 sgemm sgemm CUDA0 1.102768 153465 40
CPU12 44.733485 153426 sgemm sgemm CUDA0 1.327161 153466 40
CPU1 44.620124 153427 sgemm sgemm CUDA2 1.206230 153467 40
CPU7 45.385927 153428 sgemm sgemm CUDA3 1.191683 153468 40
CPU8 45.035880 153429 sgemm sgemm CUDA3 1.070439 153469 40
CPU8 45.083184 153430 sgemm sgemm CUDA1 1.075280 153470 40
CPU0 45.200220 153431 sgemm sgemm CUDA0 1.067957 153471 40
CPU12 44.884071 153432 sgemm sgemm CUDA1 1.209757 153472 40
CPU12 44.685355 153433 sgemm sgemm CUDA0 3.238873 153473 40
CPU2 44.707949 153434 sgemm sgemm CUDA1 1.206767 153474 40
CPU13 44.846332 153435 sgemm sgemm CUDA1 1.285097 153475 40
CPU13 44.609752 153436 sgemm sgemm CUDA2 1.079033 153476 40
CPU13 44.821000 153437 sgemm sgemm CUDA1 0.039637 153477 40
CPU8 45.179857 153438 sgemm sgemm CUDA2 1.206873 153478 40
CPU9 24.823937 153439 ssyrk ssyrk CUDA3 0.675329 153479 40
CPU14 44.966134 153440 sgemm sgemm CUDA3 1.202797 153480 40
CPU6 45.251779 153441 sgemm sgemm CUDA3 1.064632 153481 40
CPU8 45.179524 153442 sgemm sgemm CUDA3 0.059873 153482 40
CPU18 44.467534 153443 sgemm sgemm CUDA1 1.213809 153483 40
CPU16 44.807980 153444 sgemm sgemm CUDA3 1.068751 153484 40
CPU16 44.908458 153445 sgemm sgemm CUDA3 1.065865 153485 40
CPU19 45.144893 153446 sgemm sgemm CUDA1 0.043648 153486 40
CPU1 44.970823 153447 sgemm sgemm CUDA0 1.080175 153487 40
CPU10 45.023275 153448 sgemm sgemm CUDA0 1.205107 153488 40
CPU13 44.727069 153449 sgemm sgemm CUDA0 1.245976 153489 40
CPU18 44.527347 153450 sgemm sgemm CUDA0 19.688337 153490 40
CPU18 44.583400 153451 sgemm sgemm CUDA0 1.206590 153491 40
CPU17 45.425569 153452 sgemm sgemm CUDA1 1.207594 153492 40
CPU6 45.308933 153453 sgemm sgemm CUDA1 1.217801 153493 40
CPU8 45.042781 153454 sgemm sgemm CUDA0 1.315682 153494 40
CPU7 45.224118 153455 sgemm sgemm CUDA0 1.247658 153495 40
CPU0 45.029477 153456 sgemm sgemm CUDA0 1.068568 153496 40
CPU2 44.713104 153457 sgemm sgemm CUDA1 7.948658 153497 40
CPU11 45.102228 153458 sgemm sgemm CUDA0 0.042084 153498 40
CPU4 44.901147 153459 sgemm sgemm CUDA1 1.208566 153499 40
CPU13 44.916322 153460 sgemm sgemm CUDA0 1.081790 153500 40
CPU12 45.130682 153461 sgemm sgemm CUDA2 1.067706 153501 40
CPU7 45.094635 153462 sgemm sgemm CUDA1 1.300713 153502 40
CPU5 45.224637 153463 sgemm sgemm CUDA0 1.296646 153503 40
CPU14 24.821288 153464 ssyrk ssyrk CUDA2 0.677711 153504 40
CPU14 44.689774 153465 sgemm sgemm CUDA2 1.204810 153505 40
CPU6 44.966738 153466 sgemm sgemm CUDA0 1.194035 153506 40
CPU18 44.444544 153467 sgemm sgemm CUDA2 1.067485 153507 40
CPU14 44.834431 153468 sgemm sgemm CUDA2 1.078873 153508 40
CPU11 44.957604 153469 sgemm sgemm CUDA0 1.064880 153509 40
CPU18 44.482501 153470 sgemm sgemm CUDA1 1.366183 153510 40
CPU1 45.087253 153471 sgemm sgemm CUDA0 1.197062 153511 40
CPU5 44.866796 153472 sgemm sgemm CUDA0 1.061244 153512 40
CPU11 44.562506 153473 sgemm sgemm CUDA2 1.067282 153513 40
CPU18 44.680297 153474 sgemm sgemm CUDA0 1.206616 153514 40
CPU19 44.744379 153475 sgemm sgemm CUDA0 1.187750 153515 40
CPU0 45.042612 153476 sgemm sgemm CUDA2 1.195475 153516 40
CPU7 45.030748 153477 sgemm sgemm CUDA0 1.196594 153517 40
CPU2 45.098678 153478 sgemm sgemm CUDA1 1.077167 153518 40
CPU9 44.912950 153479 sgemm sgemm CUDA1 1.209778 153519 40
CPU9 44.649964 153480 sgemm sgemm CUDA0 12.069632 153520 40
CPU10 44.984797 153481 sgemm sgemm CUDA1 1.193689 153521 40
CPU11 44.409772 153482 sgemm sgemm CUDA0 1.237916 153522 40
CPU7 44.697129 153483 sgemm sgemm CUDA0 0.049019 153523 40
CPU13 44.763353 153484 sgemm sgemm CUDA0 1.197840 153524 40
CPU11 44.548628 153485 sgemm sgemm CUDA2 1.204764 153525 40
CPU10 44.783796 153486 sgemm sgemm CUDA1 1.077124 153526 40
CPU10 44.740491 153487 sgemm sgemm CUDA0 1.067762 153527 40
CPU6 25.472353 153488 ssyrk ssyrk CUDA3 0.681248 153528 40
CPU7 44.963980 153489 sgemm sgemm CUDA3 1.061909 153529 40
CPU18 44.516860 153490 sgemm sgemm CUDA2 1.065247 153530 40
CPU15 44.648850 153491 sgemm sgemm CUDA2 1.202748 153531 40
CPU17 44.853520 153492 sgemm sgemm CUDA0 1.301588 153532 40
CPU19 44.986754 153493 sgemm sgemm CUDA3 0.038943 153533 40
CPU4 45.096251 153494 sgemm sgemm CUDA2 1.068399 153534 40
CPU0 44.620986 153495 sgemm sgemm CUDA3 0.038753 153535 40
CPU13 44.711993 153496 sgemm sgemm CUDA2 12.717344 153536 40
CPU18 44.717734 153497 sgemm sgemm CUDA0 1.202827 153537 40
CPU15 45.016785 153498 sgemm sgemm CUDA3 1.212335 153538 40
CPU11 45.173336 153499 sgemm sgemm CUDA3 1.075603 153539 40
CPU6 45.004793 153500 sgemm sgemm CUDA3 1.066612 153540 40
CPU8 45.020346 153501 sgemm sgemm CUDA3 1.202798 153541 40
CPU9 44.794958 153502 sgemm sgemm CUDA3 1.084314 153542 40
CPU5 44.738059 153503 sgemm sgemm CUDA0 1.064617 153543 40
CPU12 45.069469 153504 sgemm sgemm CUDA2 0.048339 153544 40
CPU17 44.535075 153505 sgemm sgemm CUDA0 0.956252 153545 40
CPU2 44.687232 153506 sgemm sgemm CUDA0 1.197729 153546 40
CPU13 44.802400 153507 sgemm sgemm CUDA3 12.823014 153547 40
CPU12 44.700357 153508 sgemm sgemm CUDA2 12.192146 153548 40
CPU13 45.014748 153509 sgemm sgemm CUDA0 1.204280 153549 40
CPU11 44.552442 153510 sgemm sgemm CUDA2 1.210330 153550 40
CPU8 24.939560 153511 ssyrk ssyrk CUDA2 7.119928 153551 40
CPU16 44.518121 153512 sgemm sgemm CUDA1 1.079633 153552 40
CPU8 44.933286 153513 sgemm sgemm CUDA3 1.203679 153553 40
CPU16 44.796874 153514 sgemm sgemm CUDA3 1.209422 153554 40
CPU18 44.360571 153515 sgemm sgemm CUDA3 1.304741 153555 40
CPU2 44.932099 153516 sgemm sgemm CUDA0 1.079634 153556 40
CPU6 45.050693 153517 sgemm sgemm CUDA0 1.208635 153557 40
CPU11 44.563811 153518 sgemm sgemm CUDA3 1.288625 153558 40
CPU17 44.782313 153519 sgemm sgemm CUDA2 1.208005 153559 40
CPU6 45.324401 153520 sgemm sgemm CUDA1 1.212224 153560 40
CPU1 44.908378 153521 sgemm sgemm CUDA2 1.067230 153561 40
CPU5 44.972426 153522 sgemm sgemm CUDA1 1.084542 153562 40
CPU1 44.953659 153523 sgemm sgemm CUDA3 1.206789 153563 40
CPU4 45.101440 153524 sgemm sgemm CUDA1 7.360305 153564 40
CPU6 44.675692 153525 sgemm sgemm CUDA0 1.082294 153565 40
CPU13 44.909261 153526 sgemm sgemm CUDA1 0.061834 153566 40
CPU17 44.520194 153527 sgemm sgemm CUDA0 1.142192 153567 40
CPU2 44.836919 153528 sgemm sgemm CUDA0 1.071674 153568 40
CPU12 44.962396 153529 sgemm sgemm CUDA1 3.810364 153569 40
CPU12 44.817134 153530 sgemm sgemm CUDA1 1.207951 153570 40
CPU13 45.023385 153531 sgemm sgemm CUDA1 1.063942 153571 40
CPU13 44.863213 153532 sgemm sgemm CUDA1 1.065893 153572 40
CPU17 24.642775 153533 ssyrk ssyrk CUDA0 0.707149 153573 40
CPU17 44.862506 153534 sgemm sgemm CUDA2 1.068197 153574 40
CPU15 44.530974 153535 sgemm sgemm CUDA1 1.104297 153575 40
CPU18 44.220629 153536 sgemm sgemm CUDA1 1.065054 153576 40
CPU16 44.598731 153537 sgemm sgemm CUDA0 1.063347 153577 40
CPU17 44.899305 153538 sgemm sgemm CUDA1 1.317719 153578 40
CPU13 44.664956 153539 sgemm sgemm CUDA2 1.093665 153579 40
CPU18 44.507273 153540 sgemm sgemm CUDA0 0.197417 153580 40
CPU2 45.185026 153541 sgemm sgemm CUDA0 1.080550 153581 40
CPU3 45.122183 153542 sgemm sgemm CUDA2 1.067350 153582 40
CPU7 45.128376 153543 sgemm sgemm CUDA1 1.072885 153583 40
CPU8 45.099787 153544 sgemm sgemm CUDA1 1.086313 153584 40
CPU9 44.990240 153545 sgemm sgemm CUDA1 0.176011 153585 40
CPU4 44.877062 153546 sgemm sgemm CUDA0 1.081169 153586 40
CPU13 44.874332 153547 sgemm sgemm CUDA2 1.219286 153587 40
CPU1 44.977171 153548 sgemm sgemm CUDA2 0.067079 153588 40
CPU10 44.946601 153549 sgemm sgemm CUDA0 1.208871 153589 40
CPU0 45.292138 153550 sgemm sgemm CUDA2 1.081162 153590 40
CPU7 45.258877 153551 sgemm sgemm CUDA1 1.069166 153591 40
CPU9 45.194885 153552 sgemm sgemm CUDA0 0.055235 153592 40
CPU6 45.464726 153553 sgemm sgemm CUDA1 1.202755 153593 40
CPU16 24.613893 153554 ssyrk ssyrk CUDA1 0.674960 153594 40
CPU8 44.703480 153555 sgemm sgemm CUDA2 1.203785 153595 40
CPU17 44.886140 153556 sgemm sgemm CUDA1 1.206317 153596 40
CPU5 44.883080 153557 sgemm sgemm CUDA2 1.077380 153597 40
CPU10 44.952255 153558 sgemm sgemm CUDA1 1.065971 153598 40
CPU4 45.086486 153559 sgemm sgemm CUDA1 1.067715 153599 40
CPU18 44.593744 153560 sgemm sgemm CUDA1 1.194829 153600 40
CPU10 44.816572 153561 sgemm sgemm CUDA3 1.067796 153601 40
CPU5 44.483094 153562 sgemm sgemm CUDA1 12.526184 153602 40
CPU6 45.036347 153563 sgemm sgemm CUDA3 1.086237 153603 40
CPU2 44.765663 153564 sgemm sgemm CUDA1 1.204806 153604 40
CPU9 46.116399 153565 sgemm sgemm CUDA1 1.210520 153605 40
CPU0 44.891250 153566 sgemm sgemm CUDA3 1.082721 153606 40
CPU13 44.923584 153567 sgemm sgemm CUDA2 1.195550 153607 40
CPU7 45.058218 153568 sgemm sgemm CUDA2 1.318017 153608 40
CPU5 44.476262 153569 sgemm sgemm CUDA3 1.189804 153609 40
CPU13 44.794169 153570 sgemm sgemm CUDA3 1.205832 153610 40
CPU3 44.932027 153571 sgemm sgemm CUDA1 1.204199 153611 40
CPU8 44.915252 153572 sgemm sgemm CUDA2 1.207188 153612 40
CPU3 45.095504 153573 sgemm sgemm CUDA3 1.214956 153613 40
CPU9 24.814718 153574 ssyrk ssyrk CUDA2 0.676993 153614 40
CPU16 44.595305 153575 sgemm sgemm CUDA1 1.065268 153615 40
CPU1 44.840436 153576 sgemm sgemm CUDA0 12.159095 153616 40
CPU5 44.647150 153577 sgemm sgemm CUDA1 1.210980 153617 40
CPU11 44.786240 153578 sgemm sgemm CUDA2 1.207986 153618 40
CPU18 44.544323 153579 sgemm sgemm CUDA2 1.214928 153619 40
CPU18 44.795455 153580 sgemm sgemm CUDA2 1.347690 153620 40
CPU0 44.897428 153581 sgemm sgemm CUDA1 1.356400 153621 40
CPU5 44.849151 153582 sgemm sgemm CUDA1 1.078572 153622 40
CPU6 45.028512 153583 sgemm sgemm CUDA2 1.066646 153623 40
CPU9 44.807913 153584 sgemm sgemm CUDA1 0.058376 153624 40
CPU9 44.183760 153585 sgemm sgemm CUDA0 1.084228 153625 40
CPU13 45.038530 153586 sgemm sgemm CUDA2 1.071158 153626 40
CPU12 45.081704 153587 sgemm sgemm CUDA2 1.005678 153627 40
CPU12 45.054642 153588 sgemm sgemm CUDA0 1.206963 153628 40
CPU5 44.559495 153589 sgemm sgemm CUDA3 1.210689 153629 40
CPU7 45.375756 153590 sgemm sgemm CUDA2 0.039044 153630 40
CPU2 44.868372 153591 sgemm sgemm CUDA0 1.291391 153631 40
CPU12 45.033202 153592 sgemm sgemm CUDA1 1.083764 153632 40
CPU19 25.142176 153593 ssyrk ssyrk CUDA3 0.680542 153633 40
CPU19 44.803326 153594 sgemm sgemm CUDA3 1.213119 153634 40
CPU3 44.729762 153595 sgemm sgemm CUDA1 1.065730 153635 40
CPU13 44.527143 153596 sgemm sgemm CUDA3 1.064726 153636 40
CPU17 44.755162 153597 sgemm sgemm CUDA1 1.078479 153637 40
CPU19 44.866802 153598 sgemm sgemm CUDA3 1.063180 153638 40
CPU9 44.819080 153599 sgemm sgemm CUDA1 1.066098 153639 40
CPU7 45.193717 153600 sgemm sgemm CUDA3 1.075391 153640 40
CPU2 44.906280 153601 sgemm sgemm CUDA1 1.199641 153641 40
CPU5 44.963898 153602 sgemm sgemm CUDA1 1.193799 153642 40
CPU10 45.077671 153603 sgemm sgemm CUDA3 1.195805 153643 40
CPU1 44.916270 153604 sgemm sgemm CUDA2 1.372668 153644 40
CPU10 44.992102 153605 sgemm sgemm CUDA2 1.024643 153645 40
CPU5 44.951919 153606 sgemm sgemm CUDA1 1.066042 153646 40
CPU10 45.180768 153607 sgemm sgemm CUDA3 1.068241 153647 40
CPU5 45.148749 153608 sgemm sgemm CUDA2 1.319205 153648 40
CPU2 45.126827 153609 sgemm sgemm CUDA2 1.210973 153649 40
CPU0 45.709278 153610 sgemm sgemm CUDA3 1.184761 153650 40
CPU10 24.886844 153611 ssyrk ssyrk CUDA3 0.680858 153651 40
CPU11 44.711734 153612 sgemm sgemm CUDA3 1.354114 153652 40
CPU10 44.957653 153613 sgemm sgemm CUDA2 1.083395 153653 40
CPU17 44.670414 153614 sgemm sgemm CUDA3 1.064603 153654 40
CPU3 45.003148 153615 sgemm sgemm CUDA3 1.200519 153655 40
CPU9 44.588521 153616 sgemm sgemm CUDA0 0.046406 153656 40
CPU6 44.897867 153617 sgemm sgemm CUDA2 1.205649 153657 40
CPU3 44.225489 153618 sgemm sgemm CUDA3 12.154030 153658 40
CPU7 45.011466 153619 sgemm sgemm CUDA0 1.268584 153659 40
CPU9 44.572848 153620 sgemm sgemm CUDA0 1.190161 153660 40
CPU9 44.417736 153621 sgemm sgemm CUDA1 1.066240 153661 40
CPU0 45.372705 153622 sgemm sgemm CUDA2 1.150110 153662 40
CPU3 44.565128 153623 sgemm sgemm CUDA0 1.207414 153663 40
CPU9 44.664158 153624 sgemm sgemm CUDA0 1.207656 153664 40
CPU3 44.909152 153625 sgemm sgemm CUDA1 1.190201 153665 40
CPU4 45.251647 153626 sgemm sgemm CUDA1 0.050288 153666 40
CPU2 44.880428 153627 sgemm sgemm CUDA2 1.066065 153667 40
CPU2 24.874041 153628 ssyrk ssyrk CUDA0 0.682766 153668 40
CPU6 45.003598 153629 sgemm sgemm CUDA1 1.207458 153669 40
CPU18 44.520073 153630 sgemm sgemm CUDA1 1.207961 153670 40
CPU11 44.844947 153631 sgemm sgemm CUDA1 1.195156 153671 40
CPU3 44.606329 153632 sgemm sgemm CUDA1 12.312420 153672 40
CPU5 44.661902 153633 sgemm sgemm CUDA1 0.074467 153673 40
CPU12 44.917027 153634 sgemm sgemm CUDA3 1.078492 153674 40
CPU9 44.601078 153635 sgemm sgemm CUDA3 12.058006 153675 40
CPU5 44.808985 153636 sgemm sgemm CUDA0 1.081668 153676 40
CPU13 45.048991 153637 sgemm sgemm CUDA2 12.819460 153677 40
CPU13 45.021793 153638 sgemm sgemm CUDA2 1.138484 153678 40
CPU11 44.960345 153639 sgemm sgemm CUDA1 1.311844 153679 40
CPU11 44.870135 153640 sgemm sgemm CUDA3 1.255919 153680 40
CPU13 44.972372 153641 sgemm sgemm CUDA0 1.064912 153681 40
CPU13 44.852662 153642 sgemm sgemm CUDA0 1.188069 153682 40
CPU13 45.287921 153643 sgemm sgemm CUDA0 1.063503 153683 40
CPU11 24.597003 153644 ssyrk ssyrk CUDA3 0.681173 153684 40
CPU13 44.692958 153645 sgemm sgemm CUDA2 1.202414 153685 40
CPU8 45.103888 153646 sgemm sgemm CUDA0 1.073922 153686 40
CPU13 45.053211 153647 sgemm sgemm CUDA3 1.062797 153687 40
CPU7 45.211120 153648 sgemm sgemm CUDA2 1.208753 153688 40
CPU11 44.557856 153649 sgemm sgemm CUDA0 1.071994 153689 40
CPU13 44.878174 153650 sgemm sgemm CUDA0 1.133820 153690 40
CPU2 44.946457 153651 sgemm sgemm CUDA0 1.202302 153691 40
CPU13 44.807187 153652 sgemm sgemm CUDA2 8.978675 153692 40
CPU8 45.190699 153653 sgemm sgemm CUDA0 1.142054 153693 40
CPU7 44.695550 153654 sgemm sgemm CUDA3 1.373656 153694 40
CPU12 44.829884 153655 sgemm sgemm CUDA2 1.346135 153695 40
CPU11 44.712727 153656 sgemm sgemm CUDA1 1.208828 153696 40
CPU13 44.699634 153657 sgemm sgemm CUDA0 1.205658 153697 40
CPU13 44.601203 153658 sgemm sgemm CUDA3 1.067115 153698 40
CPU18 24.605772 153659 ssyrk ssyrk CUDA2 0.681449 153699 40
CPU18 44.507509 153660 sgemm sgemm CUDA3 1.195781 153700 40
CPU17 44.991333 153661 sgemm sgemm CUDA2 1.067545 153701 40
CPU6 44.946857 153662 sgemm sgemm CUDA2 10.748479 153702 40
CPU1 44.761891 153663 sgemm sgemm CUDA2 1.066012 153703 40
CPU7 45.086309 153664 sgemm sgemm CUDA3 1.077962 153704 40
CPU1 44.968554 153665 sgemm sgemm CUDA3 1.065101 153705 40
CPU13 44.824482 153666 sgemm sgemm CUDA2 0.040921 153706 40
CPU17 44.604960 153667 sgemm sgemm CUDA2 1.212753 153707 40
CPU0 44.729898 153668 sgemm sgemm CUDA3 1.083599 153708 40
CPU13 45.220089 153669 sgemm sgemm CUDA2 1.078293 153709 40
CPU4 45.255725 153670 sgemm sgemm CUDA1 1.209691 153710 40
CPU11 44.586959 153671 sgemm sgemm CUDA0 1.192695 153711 40
CPU11 44.534319 153672 sgemm sgemm CUDA0 1.206174 153712 40
CPU0 25.073472 153673 ssyrk ssyrk CUDA0 0.153598 153713 40
CPU4 44.978486 153674 sgemm sgemm CUDA0 0.097827 153714 40
CPU5 44.873805 153675 sgemm sgemm CUDA2 1.066716 153715 40
CPU1 45.093402 153676 sgemm sgemm CUDA0 1.218793 153716 40
CPU9 44.668251 153677 sgemm sgemm CUDA1 1.355961 153717 40
CPU5 44.704390 153678 sgemm sgemm CUDA0 12.222821 153718 40
CPU3 44.819278 153679 sgemm sgemm CUDA2 1.321495 153719 40
CPU11 44.454456 153680 sgemm sgemm CUDA2 1.149720 153720 40
CPU1 44.648595 153681 sgemm sgemm CUDA0 1.204127 153721 40
CPU12 44.891503 153682 sgemm sgemm CUDA0 1.083922 153722 40
CPU2 44.943935 153683 sgemm sgemm CUDA2 1.190404 153723 40
CPU13 44.967708 153684 sgemm sgemm CUDA3 12.737398 153724 40
CPU13 44.762518 153685 sgemm sgemm CUDA2 1.066894 153725 40
CPU0 24.951531 153686 ssyrk ssyrk CUDA3 0.674477 153726 40
CPU7 44.822982 153687 sgemm sgemm CUDA1 1.280774 153727 40
CPU8 44.999888 153688 sgemm sgemm CUDA1 1.071719 153728 40
CPU17 45.044709 153689 sgemm sgemm CUDA3 1.208075 153729 40
CPU3 44.606887 153690 sgemm sgemm CUDA3 1.200367 153730 40
CPU11 44.792530 153691 sgemm sgemm CUDA2 1.211913 153731 40
CPU17 45.000486 153692 sgemm sgemm CUDA0 1.007451 153732 40
CPU2 44.508892 153693 sgemm sgemm CUDA2 1.212225 153733 40
CPU13 44.779422 153694 sgemm sgemm CUDA1 1.201601 153734 40
CPU12 45.021975 153695 sgemm sgemm CUDA2 1.068297 153735 40
CPU10 44.835145 153696 sgemm sgemm CUDA2 1.082368 153736 40
CPU0 45.484333 153697 sgemm sgemm CUDA3 1.209843 153737 40
CPU6 25.083324 153698 ssyrk ssyrk CUDA1 12.448056 153738 40
CPU5 44.991326 153699 sgemm sgemm CUDA3 1.195052 153739 40
CPU6 44.747375 153700 sgemm sgemm CUDA3 1.195567 153740 40
CPU7 44.908741 153701 sgemm sgemm CUDA3 1.067263 153741 40
CPU2 44.319205 153702 sgemm sgemm CUDA1 1.217687 153742 40
CPU5 45.079954 153703 sgemm sgemm CUDA2 1.139533 153743 40
CPU6 44.307828 153704 sgemm sgemm CUDA2 1.083964 153744 40
CPU11 44.924178 153705 sgemm sgemm CUDA1 1.200572 153745 40
CPU9 45.064153 153706 sgemm sgemm CUDA1 0.040316 153746 40
CPU7 45.129327 153707 sgemm sgemm CUDA3 0.039668 153747 40
CPU9 45.006164 153708 sgemm sgemm CUDA2 1.064070 153748 40
CPU17 24.881953 153709 ssyrk ssyrk CUDA3 0.679014 153749 40
CPU10 45.044783 153710 sgemm sgemm CUDA0 1.043213 153750 40
CPU1 44.693510 153711 sgemm sgemm CUDA0 1.376285 153751 40
CPU13 44.988644 153712 sgemm sgemm CUDA3 12.507276 153752 40
CPU8 44.827496 153713 sgemm sgemm CUDA0 1.079628 153753 40
CPU9 44.569798 153714 sgemm sgemm CUDA2 1.197151 153754 40
CPU12 44.863781 153715 sgemm sgemm CUDA2 1.080249 153755 40
CPU9 45.243166 153716 sgemm sgemm CUDA3 1.201196 153756 40
CPU4 45.336111 153717 sgemm sgemm CUDA2 13.024543 153757 40
CPU13 44.787195 153718 sgemm sgemm CUDA1 1.062500 153758 40
CPU8 24.609693 153719 ssyrk ssyrk CUDA1 0.704737 153759 40
CPU8 44.418976 153720 sgemm sgemm CUDA3 1.070594 153760 40
CPU2 44.497342 153721 sgemm sgemm CUDA3 0.039344 153761 40
CPU17 44.965729 153722 sgemm sgemm CUDA2 1.133426 153762 40
CPU3 44.614351 153723 sgemm sgemm CUDA1 1.064538 153763 40
CPU13 45.122929 153724 sgemm sgemm CUDA1 1.247318 153764 40
CPU9 45.025549 153725 sgemm sgemm CUDA3 1.085001 153765 40
CPU6 45.386997 153726 sgemm sgemm CUDA1 1.077252 153766 40
CPU5 45.146894 153727 sgemm sgemm CUDA0 1.208587 153767 40
CPU2 24.493513 153728 ssyrk ssyrk CUDA0 0.676428 153768 40
CPU2 44.392666 153729 sgemm sgemm CUDA0 1.215147 153769 40
CPU4 44.798330 153730 sgemm sgemm CUDA0 1.065374 153770 40
CPU2 44.478805 153731 sgemm sgemm CUDA0 1.081548 153771 40
CPU0 44.757400 153732 sgemm sgemm CUDA3 1.072115 153772 40
CPU0 45.431356 153733 sgemm sgemm CUDA0 1.085166 153773 40
CPU9 44.835356 153734 sgemm sgemm CUDA0 1.065070 153774 40
CPU9 45.033612 153735 sgemm sgemm CUDA3 1.060410 153775 40
CPU6 24.792010 153736 ssyrk ssyrk CUDA0 0.695249 153776 40
CPU3 44.838645 153737 sgemm sgemm CUDA0 12.913725 153777 40
CPU8 44.579259 153738 sgemm sgemm CUDA2 1.077528 153778 40
CPU2 44.450066 153739 sgemm sgemm CUDA0 1.087719 153779 40
CPU1 44.674809 153740 sgemm sgemm CUDA0 1.203953 153780 40
CPU11 45.079602 153741 sgemm sgemm CUDA0 1.061619 153781 40
CPU11 44.842642 153742 sgemm sgemm CUDA3 1.207081 153782 40
CPU7 25.233939 153743 ssyrk ssyrk CUDA3 0.618088 153783 40
CPU4 44.953715 153744 sgemm sgemm CUDA2 12.999677 153784 40
CPU0 45.038664 153745 sgemm sgemm CUDA3 1.196952 153785 40
CPU11 44.498928 153746 sgemm sgemm CUDA3 1.010716 153786 40
CPU11 44.620335 153747 sgemm sgemm CUDA0 0.060495 153787 40
CPU11 44.730518 153748 sgemm sgemm CUDA0 1.272566 153788 40
CPU5 24.385503 153749 ssyrk ssyrk CUDA3 0.679375 153789 40
CPU9 44.403735 153750 sgemm sgemm CUDA0 12.741289 153790 40
CPU2 44.816231 153751 sgemm sgemm CUDA1 1.300478 153791 40
CPU8 44.966097 153752 sgemm sgemm CUDA2 0.044918 153792 40
CPU4 45.159243 153753 sgemm sgemm CUDA0 1.084300 153793 40
CPU4 25.075796 153754 ssyrk ssyrk CUDA0 0.699954 153794 40
CPU0 44.983720 153755 sgemm sgemm CUDA0 12.444377 153795 40
CPU3 45.115431 153756 sgemm sgemm CUDA3 1.302067 153796 40
CPU3 45.035972 153757 sgemm sgemm CUDA1 1.083117 153797 40
CPU4 25.324190 153758 ssyrk ssyrk CUDA0 0.039888 153798 40
CPU11 44.570194 153759 sgemm sgemm CUDA2 1.081830 153799 40
CPU13 44.740253 153760 sgemm sgemm CUDA0 1.063382 153800 40
CPU13 24.982590 153761 ssyrk ssyrk CUDA1 0.676349 153801 40
CPU19 44.859784 153762 sgemm sgemm CUDA1 1.076436 153802 40
CPU19 24.937977 153763 ssyrk ssyrk CUDA2 0.690206 153803 40
CPU8 30.871254 153766 strmm strmm CUDA1 4.399224 153806 40
CPU12 30.133502 153770 strmm strmm CUDA1 4.296489 153810 40
CPU13 29.976178 153774 strmm strmm CUDA2 0.031284 153814 40
CPU11 29.736474 153778 strmm strmm CUDA2 4.546781 153818 40
CPU13 30.126544 153782 strmm strmm CUDA3 4.242087 153822 40
CPU13 30.123771 153786 strmm strmm CUDA1 13.756148 153826 40
CPU13 30.867229 153790 strmm strmm CUDA2 4.286881 153830 40
CPU12 31.054378 153794 strmm strmm CUDA1 0.028993 153834 40
CPU0 31.503567 153798 strmm strmm CUDA3 4.571626 153838 40
CPU10 30.505771 153802 strmm strmm CUDA0 13.890292 153842 40
CPU13 31.188168 153806 strmm strmm CUDA0 0.032372 153846 40
CPU13 30.340402 153810 strmm strmm CUDA3 15.322695 153850 40
CPU13 30.204039 153814 strmm strmm CUDA1 4.552366 153854 40
CPU4 31.120492 153818 strmm strmm CUDA2 14.957580 153858 40
CPU13 30.304730 153822 strmm strmm CUDA0 4.279914 153862 40
CPU7 31.288130 153826 strmm strmm CUDA2 0.029211 153866 40
CPU13 30.444922 153830 strmm strmm CUDA0 4.234679 153870 40
CPU13 30.597107 153834 strmm strmm CUDA1 11.130402 153874 40
CPU2 29.331641 153838 strmm strmm CUDA3 0.030717 153878 40
CPU10 31.215672 153842 strmm strmm CUDA1 4.287770 153882 40
CPU13 30.357483 153846 strmm strmm CUDA0 4.286954 153886 40
CPU4 29.929613 153850 strmm strmm CUDA1 0.040586 153890 40
CPU3 29.702631 153854 strmm strmm CUDA0 4.519908 153894 40
CPU13 30.500764 153858 strmm strmm CUDA3 15.041176 153898 40
CPU19 30.416522 153862 strmm strmm CUDA2 4.538845 153902 40
CPU19 30.341577 153866 strmm strmm CUDA3 4.290473 153906 40
CPU7 12.308511 153870 slauum slauum CPU -1 153910 40
CPU6 24.897609 153872 ssyrk ssyrk CUDA1 7.680595 153912 40
CPU6 45.092048 153873 sgemm sgemm CUDA3 0.033692 153913 40
CPU0 45.315389 153874 sgemm sgemm CUDA1 1.208974 153914 40
CPU2 44.941443 153875 sgemm sgemm CUDA1 1.373527 153915 40
CPU8 44.953947 153876 sgemm sgemm CUDA1 0.268855 153916 40
CPU1 45.232919 153877 sgemm sgemm CUDA1 1.362929 153917 40
CPU6 45.116923 153878 sgemm sgemm CUDA3 1.084623 153918 40
CPU5 44.817286 153879 sgemm sgemm CUDA3 1.068425 153919 40
CPU0 45.151427 153880 sgemm sgemm CUDA1 1.301678 153920 40
CPU9 44.958099 153881 sgemm sgemm CUDA2 1.069726 153921 40
CPU1 44.894538 153882 sgemm sgemm CUDA1 1.083429 153922 40
CPU5 45.202417 153883 sgemm sgemm CUDA0 11.757869 153923 40
CPU17 44.989137 153884 sgemm sgemm CUDA3 1.065760 153924 40
CPU12 44.799692 153885 sgemm sgemm CUDA0 16.244861 153925 40
CPU6 44.813177 153886 sgemm sgemm CUDA0 1.069369 153926 40
CPU13 45.178167 153887 sgemm sgemm CUDA3 1.212093 153927 40
CPU7 45.231991 153888 sgemm sgemm CUDA1 6.741678 153928 40
CPU7 45.367398 153889 sgemm sgemm CUDA1 1.290530 153929 40
CPU0 44.854177 153890 sgemm sgemm CUDA0 1.196536 153930 40
CPU12 44.832189 153891 sgemm sgemm CUDA0 0.174586 153931 40
CPU12 44.799998 153892 sgemm sgemm CUDA1 1.064344 153932 40
CPU5 44.841824 153893 sgemm sgemm CUDA0 1.079439 153933 40
CPU12 45.144292 153894 sgemm sgemm CUDA0 1.195281 153934 40
CPU6 45.458763 153895 sgemm sgemm CUDA1 11.716042 153935 40
CPU7 45.500311 153896 sgemm sgemm CUDA1 1.073642 153936 40
CPU6 45.211131 153897 sgemm sgemm CUDA2 1.067869 153937 40
CPU8 44.893770 153898 sgemm sgemm CUDA1 1.076550 153938 40
CPU9 24.742385 153899 ssyrk ssyrk CUDA3 0.674961 153939 40
CPU14 44.806684 153900 sgemm sgemm CUDA2 1.068212 153940 40
CPU4 45.224139 153901 sgemm sgemm CUDA3 1.064624 153941 40
CPU3 45.052634 153902 sgemm sgemm CUDA3 1.199414 153942 40
CPU15 44.999068 153903 sgemm sgemm CUDA2 1.205865 153943 40
CPU16 44.989902 153904 sgemm sgemm CUDA3 1.212292 153944 40
CPU18 44.679747 153905 sgemm sgemm CUDA3 1.065393 153945 40
CPU19 44.771723 153906 sgemm sgemm CUDA1 1.201074 153946 40
CPU3 45.115871 153907 sgemm sgemm CUDA2 12.124505 153947 40
CPU10 45.379126 153908 sgemm sgemm CUDA0 1.082540 153948 40
CPU4 45.168513 153909 sgemm sgemm CUDA2 1.204391 153949 40
CPU18 44.776067 153910 sgemm sgemm CUDA2 13.165934 153950 40
CPU18 44.885818 153911 sgemm sgemm CUDA0 1.062356 153951 40
CPU17 45.384066 153912 sgemm sgemm CUDA1 12.978753 153952 40
CPU13 44.881228 153913 sgemm sgemm CUDA1 1.206995 153953 40
CPU8 45.774829 153914 sgemm sgemm CUDA0 1.190909 153954 40
CPU5 44.760098 153915 sgemm sgemm CUDA0 1.197884 153955 40
CPU10 45.026551 153916 sgemm sgemm CUDA0 0.040551 153956 40
CPU2 44.513217 153917 sgemm sgemm CUDA1 0.040338 153957 40
CPU11 44.964370 153918 sgemm sgemm CUDA1 1.211560 153958 40
CPU4 44.784586 153919 sgemm sgemm CUDA0 13.092722 153959 40
CPU12 45.185284 153920 sgemm sgemm CUDA2 1.191021 153960 40
CPU6 45.108725 153921 sgemm sgemm CUDA2 1.207187 153961 40
CPU12 44.839678 153922 sgemm sgemm CUDA1 1.204635 153962 40
CPU5 44.952790 153923 sgemm sgemm CUDA0 12.189239 153963 40
CPU12 45.091277 153924 sgemm sgemm CUDA1 1.081267 153964 40
CPU14 24.681772 153925 ssyrk ssyrk CUDA2 0.679961 153965 40
CPU14 44.795337 153926 sgemm sgemm CUDA1 1.066451 153966 40
CPU6 45.136393 153927 sgemm sgemm CUDA0 1.064157 153967 40
CPU15 44.940737 153928 sgemm sgemm CUDA2 1.068096 153968 40
CPU14 45.002360 153929 sgemm sgemm CUDA2 1.073415 153969 40
CPU11 44.857609 153930 sgemm sgemm CUDA0 1.193295 153970 40
CPU18 44.607308 153931 sgemm sgemm CUDA1 1.196787 153971 40
CPU1 45.139331 153932 sgemm sgemm CUDA2 0.050269 153972 40
CPU9 45.108778 153933 sgemm sgemm CUDA0 1.192256 153973 40
CPU1 45.070627 153934 sgemm sgemm CUDA2 1.068437 153974 40
CPU18 44.809536 153935 sgemm sgemm CUDA0 1.072596 153975 40
CPU19 44.888937 153936 sgemm sgemm CUDA0 1.075878 153976 40
CPU0 45.016036 153937 sgemm sgemm CUDA2 1.065572 153977 40
CPU12 44.862121 153938 sgemm sgemm CUDA0 1.203263 153978 40
CPU2 45.102342 153939 sgemm sgemm CUDA1 1.083666 153979 40
CPU9 44.904429 153940 sgemm sgemm CUDA1 1.067267 153980 40
CPU10 44.823529 153941 sgemm sgemm CUDA0 12.839070 153981 40
CPU10 45.000344 153942 sgemm sgemm CUDA0 1.062996 153982 40
CPU9 45.117927 153943 sgemm sgemm CUDA1 1.066560 153983 40
CPU7 44.623405 153944 sgemm sgemm CUDA0 0.047040 153984 40
CPU12 45.028995 153945 sgemm sgemm CUDA0 1.203496 153985 40
CPU11 44.498863 153946 sgemm sgemm CUDA2 0.052112 153986 40
CPU13 44.503390 153947 sgemm sgemm CUDA1 1.068141 153987 40
CPU10 44.641267 153948 sgemm sgemm CUDA0 0.042070 153988 40
CPU13 44.805036 153949 sgemm sgemm CUDA2 1.294301 153989 40
CPU0 25.434806 153950 ssyrk ssyrk CUDA3 0.677353 153990 40
CPU7 45.136639 153951 sgemm sgemm CUDA3 1.066993 153991 40
CPU15 44.745899 153952 sgemm sgemm CUDA2 1.076324 153992 40
CPU15 44.583469 153953 sgemm sgemm CUDA2 1.066002 153993 40
CPU18 44.695689 153954 sgemm sgemm CUDA2 6.989101 153994 40
CPU19 44.861134 153955 sgemm sgemm CUDA2 0.043352 153995 40
CPU4 45.294119 153956 sgemm sgemm CUDA2 1.297164 153996 40
CPU9 44.939328 153957 sgemm sgemm CUDA3 1.097181 153997 40
CPU5 44.933493 153958 sgemm sgemm CUDA2 1.467171 153998 40
CPU16 44.882446 153959 sgemm sgemm CUDA2 1.192757 153999 40
CPU15 45.091638 153960 sgemm sgemm CUDA3 1.204363 154000 40
CPU11 44.984180 153961 sgemm sgemm CUDA1 1.066634 154001 40
CPU12 44.875629 153962 sgemm sgemm CUDA3 1.206164 154002 40
CPU8 45.032415 153963 sgemm sgemm CUDA3 1.066761 154003 40
CPU9 44.854089 153964 sgemm sgemm CUDA1 1.192970 154004 40
CPU10 44.742935 153965 sgemm sgemm CUDA0 1.194292 154005 40
CPU12 45.028250 153966 sgemm sgemm CUDA2 1.079991 154006 40
CPU17 44.658470 153967 sgemm sgemm CUDA1 1.067410 154007 40
CPU7 44.785349 153968 sgemm sgemm CUDA0 1.317942 154008 40
CPU12 45.192489 153969 sgemm sgemm CUDA0 1.187728 154009 40
CPU11 44.843905 153970 sgemm sgemm CUDA2 1.080082 154010 40
CPU13 44.791631 153971 sgemm sgemm CUDA0 1.205832 154011 40
CPU11 44.628430 153972 sgemm sgemm CUDA2 1.203904 154012 40
CPU11 44.680298 153973 sgemm sgemm CUDA2 1.204898 154013 40
CPU8 24.915905 153974 ssyrk ssyrk CUDA2 0.076332 154014 40
CPU15 44.783798 153975 sgemm sgemm CUDA1 1.199650 154015 40
CPU6 45.203069 153976 sgemm sgemm CUDA3 1.066930 154016 40
CPU17 44.685699 153977 sgemm sgemm CUDA3 1.064989 154017 40
CPU18 44.556508 153978 sgemm sgemm CUDA3 12.673973 154018 40
CPU2 45.059765 153979 sgemm sgemm CUDA2 1.201257 154019 40
CPU6 45.308737 153980 sgemm sgemm CUDA0 11.761412 154020 40
CPU5 45.063811 153981 sgemm sgemm CUDA2 0.087135 154021 40
CPU17 44.966920 153982 sgemm sgemm CUDA3 1.195265 154022 40
CPU6 45.594927 153983 sgemm sgemm CUDA0 0.181768 154023 40
CPU1 44.721032 153984 sgemm sgemm CUDA2 1.386242 154024 40
CPU13 44.857603 153985 sgemm sgemm CUDA1 1.065727 154025 40
CPU1 44.898529 153986 sgemm sgemm CUDA1 0.120392 154026 40
CPU4 45.255588 153987 sgemm sgemm CUDA1 1.211999 154027 40
CPU6 44.837980 153988 sgemm sgemm CUDA0 0.055279 154028 40
CPU13 45.107071 153989 sgemm sgemm CUDA0 1.069088 154029 40
CPU17 44.620687 153990 sgemm sgemm CUDA1 1.066389 154030 40
CPU2 44.803130 153991 sgemm sgemm CUDA0 1.201841 154031 40
CPU12 45.000616 153992 sgemm sgemm CUDA0 1.192140 154032 40
CPU4 44.710996 153993 sgemm sgemm CUDA1 0.094723 154033 40
CPU12 44.604873 153994 sgemm sgemm CUDA1 1.195043 154034 40
CPU13 44.884774 153995 sgemm sgemm CUDA1 1.212541 154035 40
CPU12 44.858859 153996 sgemm sgemm CUDA1 1.204666 154036 40
CPU15 24.653320 153997 ssyrk ssyrk CUDA2 0.675739 154037 40
CPU15 44.538747 153998 sgemm sgemm CUDA2 1.066378 154038 40
CPU15 44.580502 153999 sgemm sgemm CUDA1 1.208655 154039 40
CPU15 44.373743 154000 sgemm sgemm CUDA1 1.204884 154040 40
CPU15 44.457514 154001 sgemm sgemm CUDA0 1.202245 154041 40
CPU17 45.276240 154002 sgemm sgemm CUDA1 1.067158 154042 40
CPU4 45.231056 154003 sgemm sgemm CUDA2 1.194769 154043 40
CPU17 45.083201 154004 sgemm sgemm CUDA3 1.067703 154044 40
CPU2 45.001110 154005 sgemm sgemm CUDA2 1.062036 154045 40
CPU3 45.160719 154006 sgemm sgemm CUDA2 1.079451 154046 40
CPU13 44.727207 154007 sgemm sgemm CUDA1 1.212197 154047 40
CPU8 44.984970 154008 sgemm sgemm CUDA1 1.193107 154048 40
CPU9 45.070066 154009 sgemm sgemm CUDA1 1.201632 154049 40
CPU4 45.023021 154010 sgemm sgemm CUDA0 1.317444 154050 40
CPU13 45.162630 154011 sgemm sgemm CUDA2 1.196504 154051 40
CPU1 44.977828 154012 sgemm sgemm CUDA1 1.079073 154052 40
CPU10 44.950847 154013 sgemm sgemm CUDA0 1.192448 154053 40
CPU10 44.760013 154014 sgemm sgemm CUDA2 1.075071 154054 40
CPU7 45.451360 154015 sgemm sgemm CUDA1 1.067973 154055 40
CPU12 44.645741 154016 sgemm sgemm CUDA3 1.070655 154056 40
CPU6 45.370341 154017 sgemm sgemm CUDA1 1.078544 154057 40
CPU13 44.909568 154018 sgemm sgemm CUDA1 1.076816 154058 40
CPU16 24.612771 154019 ssyrk ssyrk CUDA1 0.677934 154059 40
CPU8 44.922564 154020 sgemm sgemm CUDA2 1.214462 154060 40
CPU17 44.849385 154021 sgemm sgemm CUDA1 1.077415 154061 40
CPU5 45.042291 154022 sgemm sgemm CUDA2 1.084585 154062 40
CPU6 45.196324 154023 sgemm sgemm CUDA1 1.139177 154063 40
CPU8 44.793003 154024 sgemm sgemm CUDA1 1.082602 154064 40
CPU18 44.894636 154025 sgemm sgemm CUDA1 1.066478 154065 40
CPU10 45.136328 154026 sgemm sgemm CUDA3 1.195441 154066 40
CPU5 44.676571 154027 sgemm sgemm CUDA1 0.039870 154067 40
CPU12 44.718431 154028 sgemm sgemm CUDA3 1.154410 154068 40
CPU2 44.719405 154029 sgemm sgemm CUDA1 1.317969 154069 40
CPU4 44.891206 154030 sgemm sgemm CUDA1 1.063677 154070 40
CPU0 44.910072 154031 sgemm sgemm CUDA3 12.277870 154071 40
CPU13 44.989523 154032 sgemm sgemm CUDA2 0.057109 154072 40
CPU7 45.117128 154033 sgemm sgemm CUDA2 1.067504 154073 40
CPU5 44.526918 154034 sgemm sgemm CUDA3 1.314360 154074 40
CPU8 44.749188 154035 sgemm sgemm CUDA3 1.135443 154075 40
CPU3 45.078433 154036 sgemm sgemm CUDA1 1.082868 154076 40
CPU13 44.811459 154037 sgemm sgemm CUDA2 1.202452 154077 40
CPU3 45.094126 154038 sgemm sgemm CUDA3 1.070630 154078 40
CPU5 44.555622 154039 sgemm sgemm CUDA2 1.069536 154079 40
CPU9 24.791148 154040 ssyrk ssyrk CUDA1 0.676671 154080 40
CPU16 44.441441 154041 sgemm sgemm CUDA1 1.081919 154081 40
CPU1 45.077812 154042 sgemm sgemm CUDA0 1.207081 154082 40
CPU5 45.019828 154043 sgemm sgemm CUDA1 1.066922 154083 40
CPU1 44.701393 154044 sgemm sgemm CUDA2 1.193916 154084 40
CPU18 44.979445 154045 sgemm sgemm CUDA3 1.212479 154085 40
CPU18 45.393196 154046 sgemm sgemm CUDA2 1.068837 154086 40
CPU0 44.959175 154047 sgemm sgemm CUDA3 1.065914 154087 40
CPU13 44.745237 154048 sgemm sgemm CUDA1 1.084977 154088 40
CPU6 45.085472 154049 sgemm sgemm CUDA2 1.197273 154089 40
CPU9 45.086009 154050 sgemm sgemm CUDA1 1.079224 154090 40
CPU9 44.152444 154051 sgemm sgemm CUDA0 1.198854 154091 40
CPU11 44.932019 154052 sgemm sgemm CUDA2 1.079550 154092 40
CPU12 44.939311 154053 sgemm sgemm CUDA2 1.191650 154093 40
CPU11 44.764735 154054 sgemm sgemm CUDA0 1.208583 154094 40
CPU5 44.626116 154055 sgemm sgemm CUDA3 11.990044 154095 40
CPU7 45.391007 154056 sgemm sgemm CUDA2 12.173928 154096 40
CPU2 44.891292 154057 sgemm sgemm CUDA0 1.080381 154097 40
CPU12 44.813588 154058 sgemm sgemm CUDA1 12.592019 154098 40
CPU12 45.133704 154059 sgemm sgemm CUDA1 1.071113 154099 40
CPU19 25.134428 154060 ssyrk ssyrk CUDA3 0.937788 154100 40
CPU19 44.823245 154061 sgemm sgemm CUDA3 1.207538 154101 40
CPU9 45.116462 154062 sgemm sgemm CUDA1 1.150172 154102 40
CPU2 45.125326 154063 sgemm sgemm CUDA3 1.065942 154103 40
CPU17 45.021959 154064 sgemm sgemm CUDA1 1.208876 154104 40
CPU19 44.921033 154065 sgemm sgemm CUDA3 1.206261 154105 40
CPU4 44.979128 154066 sgemm sgemm CUDA1 1.193663 154106 40
CPU12 44.740200 154067 sgemm sgemm CUDA3 1.201924 154107 40
CPU2 44.869339 154068 sgemm sgemm CUDA1 1.206821 154108 40
CPU5 45.086608 154069 sgemm sgemm CUDA1 1.206919 154109 40
CPU10 45.090395 154070 sgemm sgemm CUDA3 1.083205 154110 40
CPU1 44.916722 154071 sgemm sgemm CUDA2 1.209578 154111 40
CPU9 44.567224 154072 sgemm sgemm CUDA2 1.077603 154112 40
CPU5 44.810076 154073 sgemm sgemm CUDA3 1.315688 154113 40
CPU0 44.946090 154074 sgemm sgemm CUDA3 1.074299 154114 40
CPU5 45.113933 154075 sgemm sgemm CUDA2 0.041532 154115 40
CPU3 45.063590 154076 sgemm sgemm CUDA2 1.317337 154116 40
CPU0 45.647810 154077 sgemm sgemm CUDA3 1.066887 154117 40
CPU0 45.158313 154078 sgemm sgemm CUDA3 13.054510 154118 40
CPU10 24.997307 154079 ssyrk ssyrk CUDA3 0.674491 154119 40
CPU11 44.649932 154080 sgemm sgemm CUDA3 1.012547 154120 40
CPU5 44.806335 154081 sgemm sgemm CUDA2 1.067733 154121 40
CPU17 44.833979 154082 sgemm sgemm CUDA3 1.075483 154122 40
CPU3 44.837256 154083 sgemm sgemm CUDA3 1.084370 154123 40
CPU9 44.793142 154084 sgemm sgemm CUDA0 1.300552 154124 40
CPU7 44.782986 154085 sgemm sgemm CUDA2 12.310290 154125 40
CPU3 44.310811 154086 sgemm sgemm CUDA3 1.205362 154126 40
CPU7 45.224387 154087 sgemm sgemm CUDA0 1.202509 154127 40
CPU9 44.767201 154088 sgemm sgemm CUDA0 1.065712 154128 40
CPU9 44.436086 154089 sgemm sgemm CUDA1 1.367330 154129 40
CPU0 45.451551 154090 sgemm sgemm CUDA2 1.202705 154130 40
CPU3 44.655676 154091 sgemm sgemm CUDA0 1.200928 154131 40
CPU12 45.064407 154092 sgemm sgemm CUDA3 12.227635 154132 40
CPU3 44.977313 154093 sgemm sgemm CUDA1 1.207660 154133 40
CPU10 44.606037 154094 sgemm sgemm CUDA1 1.205591 154134 40
CPU2 45.155670 154095 sgemm sgemm CUDA2 1.200328 154135 40
CPU10 45.088425 154096 sgemm sgemm CUDA3 1.023566 154136 40
CPU2 24.951919 154097 ssyrk ssyrk CPU -1 154137 40
CPU6 45.045248 154098 sgemm sgemm CUDA1 12.262569 154138 40
CPU18 44.887524 154099 sgemm sgemm CUDA1 0.042056 154139 40
CPU11 45.103690 154100 sgemm sgemm CUDA0 0.057236 154140 40
CPU3 44.604805 154101 sgemm sgemm CUDA1 1.245954 154141 40
CPU10 45.064004 154102 sgemm sgemm CUDA1 1.203125 154142 40
CPU12 44.947403 154103 sgemm sgemm CUDA3 1.009352 154143 40
CPU8 44.957157 154104 sgemm sgemm CUDA3 1.150373 154144 40
CPU5 44.790471 154105 sgemm sgemm CUDA0 1.273243 154145 40
CPU13 45.087315 154106 sgemm sgemm CUDA2 1.198831 154146 40
CPU13 45.082890 154107 sgemm sgemm CUDA2 1.004391 154147 40
CPU11 44.877640 154108 sgemm sgemm CUDA2 1.151952 154148 40
CPU10 44.976377 154109 sgemm sgemm CUDA3 1.144159 154149 40
CPU12 44.653920 154110 sgemm sgemm CUDA0 1.187559 154150 40
CPU13 44.958805 154111 sgemm sgemm CUDA0 1.008852 154151 40
CPU12 44.877137 154112 sgemm sgemm CUDA0 1.151782 154152 40
CPU1 44.894618 154113 sgemm sgemm CUDA2 1.192222 154153 40
CPU0 24.978430 154114 ssyrk ssyrk CUDA3 0.672587 154154 40
CPU5 44.861225 154115 sgemm sgemm CUDA0 1.209861 154155 40
CPU3 44.949325 154116 sgemm sgemm CUDA0 1.311583 154156 40
CPU11 44.720681 154117 sgemm sgemm CUDA3 1.062925 154157 40
CPU2 44.911885 154118 sgemm sgemm CUDA2 1.207744 154158 40
CPU0 45.246105 154119 sgemm sgemm CUDA0 1.207331 154159 40
CPU5 44.941917 154120 sgemm sgemm CUDA0 1.065846 154160 40
CPU4 44.805803 154121 sgemm sgemm CUDA0 1.206914 154161 40
CPU13 44.874722 154122 sgemm sgemm CUDA2 11.844415 154162 40
CPU8 45.097565 154123 sgemm sgemm CUDA0 0.041271 154163 40
CPU7 44.245490 154124 sgemm sgemm CUDA3 1.197943 154164 40
CPU12 44.904363 154125 sgemm sgemm CUDA2 1.067762 154165 40
CPU8 44.847566 154126 sgemm sgemm CUDA2 0.100318 154166 40
CPU13 44.643229 154127 sgemm sgemm CUDA3 1.202955 154167 40
CPU11 45.046605 154128 sgemm sgemm CUDA3 1.087404 154168 40
CPU13 44.892455 154129 sgemm sgemm CUDA3 1.068902 154169 40
CPU18 24.869441 154130 ssyrk ssyrk CUDA3 0.691308 154170 40
CPU18 44.723950 154131 sgemm sgemm CUDA3 1.078655 154171 40
CPU17 44.966390 154132 sgemm sgemm CUDA2 1.203639 154172 40
CPU9 44.262197 154133 sgemm sgemm CUDA2 1.067366 154173 40
CPU1 44.718945 154134 sgemm sgemm CUDA2 1.206405 154174 40
CPU7 45.185123 154135 sgemm sgemm CUDA3 1.072992 154175 40
CPU1 44.735348 154136 sgemm sgemm CUDA0 1.208695 154176 40
CPU13 44.942780 154137 sgemm sgemm CUDA2 1.208212 154177 40
CPU17 44.651455 154138 sgemm sgemm CUDA2 1.209040 154178 40
CPU0 44.584033 154139 sgemm sgemm CUDA3 1.207119 154179 40
CPU10 44.897390 154140 sgemm sgemm CUDA2 1.079643 154180 40
CPU5 44.686286 154141 sgemm sgemm CUDA1 12.412656 154181 40
CPU4 45.080601 154142 sgemm sgemm CUDA0 1.203129 154182 40
CPU11 44.563448 154143 sgemm sgemm CUDA0 1.373772 154183 40
CPU13 44.894776 154144 sgemm sgemm CUDA1 0.041494 154184 40
CPU0 24.918527 154145 ssyrk ssyrk CUDA0 0.986069 154185 40
CPU4 44.931956 154146 sgemm sgemm CUDA0 1.214612 154186 40
CPU13 44.834333 154147 sgemm sgemm CUDA2 1.209197 154187 40
CPU1 44.845073 154148 sgemm sgemm CUDA0 5.973065 154188 40
CPU9 44.945297 154149 sgemm sgemm CUDA0 1.226348 154189 40
CPU5 44.523279 154150 sgemm sgemm CUDA0 1.205627 154190 40
CPU3 44.551854 154151 sgemm sgemm CUDA0 1.214484 154191 40
CPU11 44.584752 154152 sgemm sgemm CUDA2 0.047660 154192 40
CPU1 44.548035 154153 sgemm sgemm CUDA0 1.064461 154193 40
CPU12 44.996359 154154 sgemm sgemm CUDA0 1.065370 154194 40
CPU2 44.820692 154155 sgemm sgemm CUDA2 1.333826 154195 40
CPU13 44.598042 154156 sgemm sgemm CUDA3 1.080554 154196 40
CPU0 45.250772 154157 sgemm sgemm CUDA2 12.286538 154197 40
CPU4 44.816517 154158 sgemm sgemm CUDA2 1.080739 154198 40
CPU8 24.612235 154159 ssyrk ssyrk CUDA3 0.073987 154199 40
CPU6 45.091256 154160 sgemm sgemm CUDA1 12.214918 154200 40
CPU8 44.962783 154161 sgemm sgemm CUDA0 0.070534 154201 40
CPU7 44.997846 154162 sgemm sgemm CUDA3 1.378642 154202 40
CPU3 44.517679 154163 sgemm sgemm CUDA3 1.214443 154203 40
CPU11 44.730884 154164 sgemm sgemm CUDA2 6.700207 154204 40
CPU17 44.681323 154165 sgemm sgemm CUDA0 1.064787 154205 40
CPU5 44.326940 154166 sgemm sgemm CUDA2 1.196406 154206 40
CPU10 45.064209 154167 sgemm sgemm CUDA2 1.072081 154207 40
CPU12 44.988953 154168 sgemm sgemm CUDA2 1.069319 154208 40
CPU12 44.702154 154169 sgemm sgemm CUDA3 1.202402 154209 40
CPU0 45.459641 154170 sgemm sgemm CUDA3 0.045736 154210 40
CPU13 44.958992 154171 sgemm sgemm CUDA3 1.066810 154211 40
CPU3 24.722767 154172 ssyrk ssyrk CUDA1 0.046720 154212 40
CPU5 44.843917 154173 sgemm sgemm CUDA3 1.193476 154213 40
CPU10 44.868864 154174 sgemm sgemm CUDA0 1.065249 154214 40
CPU12 44.717067 154175 sgemm sgemm CUDA3 12.572458 154215 40
CPU7 44.703921 154176 sgemm sgemm CUDA1 1.295510 154216 40
CPU2 44.620130 154177 sgemm sgemm CUDA1 1.206468 154217 40
CPU9 44.314290 154178 sgemm sgemm CUDA2 1.077304 154218 40
CPU13 44.906160 154179 sgemm sgemm CUDA0 1.191888 154219 40
CPU1 44.930133 154180 sgemm sgemm CUDA1 1.201037 154220 40
CPU10 44.703733 154181 sgemm sgemm CUDA3 0.046081 154221 40
CPU13 44.719887 154182 sgemm sgemm CUDA2 1.339348 154222 40
CPU6 44.952754 154183 sgemm sgemm CUDA2 1.066669 154223 40
CPU17 24.942131 154184 ssyrk ssyrk CUDA3 0.683385 154224 40
CPU5 44.956110 154185 sgemm sgemm CUDA0 0.061233 154225 40
CPU1 44.612745 154186 sgemm sgemm CUDA0 1.074562 154226 40
CPU13 45.099726 154187 sgemm sgemm CUDA3 1.191963 154227 40
CPU8 44.836366 154188 sgemm sgemm CUDA0 1.197178 154228 40
CPU9 44.593101 154189 sgemm sgemm CUDA2 1.067098 154229 40
CPU12 45.046565 154190 sgemm sgemm CUDA2 1.066588 154230 40
CPU9 45.204192 154191 sgemm sgemm CUDA3 1.064314 154231 40
CPU13 44.623461 154192 sgemm sgemm CUDA3 1.076690 154232 40
CPU12 44.830498 154193 sgemm sgemm CUDA1 1.212128 154233 40
CPU4 44.964799 154194 sgemm sgemm CUDA3 1.076614 154234 40
CPU8 24.636525 154195 ssyrk ssyrk CUDA1 0.680924 154235 40
CPU8 44.584203 154196 sgemm sgemm CUDA3 1.203745 154236 40
CPU2 44.563777 154197 sgemm sgemm CUDA0 1.210722 154237 40
CPU17 44.602683 154198 sgemm sgemm CUDA1 0.040999 154238 40
CPU3 44.643593 154199 sgemm sgemm CUDA1 1.190109 154239 40
CPU10 45.020360 154200 sgemm sgemm CUDA0 1.208411 154240 40
CPU3 45.113734 154201 sgemm sgemm CUDA3 1.198741 154241 40
CPU10 44.735185 154202 sgemm sgemm CUDA3 1.202436 154242 40
CPU5 45.059868 154203 sgemm sgemm CUDA0 1.064775 154243 40
CPU13 44.871595 154204 sgemm sgemm CUDA1 1.076851 154244 40
CPU2 24.588603 154205 ssyrk ssyrk CUDA0 0.675528 154245 40
CPU2 44.346834 154206 sgemm sgemm CUDA0 12.406184 154246 40
CPU4 44.821335 154207 sgemm sgemm CUDA0 1.202829 154247 40
CPU2 44.410584 154208 sgemm sgemm CUDA0 15.410922 154248 40
CPU12 45.113835 154209 sgemm sgemm CUDA3 0.048778 154249 40
CPU0 45.511270 154210 sgemm sgemm CUDA0 1.352333 154250 40
CPU12 44.861283 154211 sgemm sgemm CUDA0 1.204265 154251 40
CPU9 44.820707 154212 sgemm sgemm CUDA0 1.064894 154252 40
CPU2 44.523161 154213 sgemm sgemm CUDA3 1.296379 154253 40
CPU6 24.815930 154214 ssyrk ssyrk CUDA0 0.680612 154254 40
CPU3 45.009401 154215 sgemm sgemm CUDA0 1.066674 154255 40
CPU8 44.617051 154216 sgemm sgemm CUDA2 1.068089 154256 40
CPU2 44.235542 154217 sgemm sgemm CUDA0 1.196017 154257 40
CPU1 44.724048 154218 sgemm sgemm CUDA2 1.201530 154258 40
CPU11 45.132596 154219 sgemm sgemm CUDA3 1.195156 154259 40
CPU11 44.763650 154220 sgemm sgemm CUDA0 1.083372 154260 40
CPU10 45.234258 154221 sgemm sgemm CUDA3 12.527652 154261 40
CPU7 25.176162 154222 ssyrk ssyrk CUDA3 0.677998 154262 40
CPU4 44.880045 154223 sgemm sgemm CUDA3 1.196452 154263 40
CPU10 44.978642 154224 sgemm sgemm CUDA3 0.039742 154264 40
CPU11 44.754484 154225 sgemm sgemm CUDA3 1.303111 154265 40
CPU11 44.692191 154226 sgemm sgemm CUDA0 1.073301 154266 40
CPU11 44.865292 154227 sgemm sgemm CUDA0 1.203946 154267 40
CPU13 44.923175 154228 sgemm sgemm CUDA3 1.135365 154268 40
CPU5 24.549336 154229 ssyrk ssyrk CUDA3 0.677683 154269 40
CPU12 45.125025 154230 sgemm sgemm CUDA0 1.203789 154270 40
CPU2 44.880436 154231 sgemm sgemm CUDA1 12.313111 154271 40
CPU13 44.672163 154232 sgemm sgemm CUDA2 1.295177 154272 40
CPU6 45.162041 154233 sgemm sgemm CUDA0 1.080852 154273 40
CPU4 44.651887 154234 sgemm sgemm CUDA1 1.198771 154274 40
CPU4 25.028323 154235 ssyrk ssyrk CUDA0 0.677143 154275 40
CPU0 45.059257 154236 sgemm sgemm CUDA0 1.205331 154276 40
CPU2 44.814574 154237 sgemm sgemm CUDA3 1.195956 154277 40
CPU6 45.225855 154238 sgemm sgemm CUDA0 1.076369 154278 40
CPU3 44.542824 154239 sgemm sgemm CUDA3 1.193767 154279 40
CPU4 25.208137 154240 ssyrk ssyrk CUDA2 0.690398 154280 40
CPU11 44.590964 154241 sgemm sgemm CUDA3 1.067686 154281 40
CPU13 44.734020 154242 sgemm sgemm CUDA0 1.082225 154282 40
CPU13 45.081401 154243 sgemm sgemm CUDA3 0.687044 154283 40
CPU13 24.862164 154244 ssyrk ssyrk CUDA1 0.674753 154284 40
CPU15 44.649003 154245 sgemm sgemm CUDA1 1.205497 154285 40
CPU17 44.961847 154246 sgemm sgemm CUDA1 1.192551 154286 40
CPU19 25.058559 154247 ssyrk ssyrk CPU -1 154287 40
CPU19 44.849883 154248 sgemm sgemm CUDA3 1.152165 154288 40
CPU7 25.057662 154249 ssyrk ssyrk CUDA3 0.672475 154289 40
CPU8 30.878342 154252 strmm strmm CUDA1 4.372644 154292 40
CPU13 31.277315 154256 strmm strmm CUDA2 4.524473 154296 40
CPU13 30.301311 154260 strmm strmm CUDA1 4.349523 154300 40
CPU11 30.031489 154264 strmm strmm CUDA0 4.287675 154304 40
CPU12 30.189039 154268 strmm strmm CUDA2 15.093474 154308 40
CPU13 30.131354 154272 strmm strmm CUDA2 14.444480 154312 40
CPU5 30.175072 154276 strmm strmm CUDA1 4.289578 154316 40
CPU11 30.316230 154280 strmm strmm CUDA2 0.030607 154320 40
CPU12 30.187407 154284 strmm strmm CUDA2 4.288944 154324 40
CPU7 31.322383 154288 strmm strmm CUDA3 4.290946 154328 40
CPU1 31.249767 154292 strmm strmm CUDA2 1.356076 154332 40
CPU6 31.591902 154296 strmm strmm CUDA3 0.030459 154336 40
CPU13 30.752127 154300 strmm strmm CUDA1 12.511880 154340 40
CPU4 30.032345 154304 strmm strmm CUDA3 13.042206 154344 40
CPU13 30.890153 154308 strmm strmm CUDA1 4.486368 154348 40
CPU6 31.099802 154312 strmm strmm CUDA2 0.029521 154352 40
CPU4 31.538862 154316 strmm strmm CUDA2 15.033475 154356 40
CPU1 30.944664 154320 strmm strmm CUDA3 15.123878 154360 40
CPU12 31.396082 154324 strmm strmm CUDA0 4.736085 154364 40
CPU11 30.465321 154328 strmm strmm CUDA0 4.291333 154368 40
CPU13 30.380804 154332 strmm strmm CUDA0 15.344558 154372 40
CPU9 29.746069 154336 strmm strmm CUDA2 4.578998 154376 40
CPU3 29.614301 154340 strmm strmm CUDA0 14.867940 154380 40
CPU5 31.630061 154344 strmm strmm CUDA0 0.034855 154384 40
CPU2 30.531634 154348 strmm strmm CUDA1 0.030248 154388 40
CPU12 30.626129 154352 strmm strmm CUDA3 4.489507 154392 40
CPU1 29.948859 154356 strmm strmm CUDA2 4.293842 154396 40
CPU1 12.129713 154360 slauum slauum CPU -1 154400 40
CPU9 24.688332 154362 ssyrk ssyrk CUDA1 11.927874 154402 40
CPU6 44.877031 154363 sgemm sgemm CUDA3 0.035963 154403 40
CPU0 45.092015 154364 sgemm sgemm CUDA1 1.077443 154404 40
CPU2 44.809597 154365 sgemm sgemm CUDA1 1.203378 154405 40
CPU8 44.902807 154366 sgemm sgemm CUDA1 0.074019 154406 40
CPU9 44.933520 154367 sgemm sgemm CUDA1 1.306830 154407 40
CPU6 44.992522 154368 sgemm sgemm CUDA3 1.077110 154408 40
CPU5 44.746488 154369 sgemm sgemm CUDA3 1.077181 154409 40
CPU0 44.858744 154370 sgemm sgemm CUDA1 1.204213 154410 40
CPU9 44.845760 154371 sgemm sgemm CUDA2 1.079200 154411 40
CPU1 44.917093 154372 sgemm sgemm CUDA3 1.080888 154412 40
CPU11 44.502845 154373 sgemm sgemm CUDA3 1.194251 154413 40
CPU17 44.875964 154374 sgemm sgemm CUDA3 1.200886 154414 40
CPU12 44.803738 154375 sgemm sgemm CUDA2 1.202507 154415 40
CPU7 44.972943 154376 sgemm sgemm CUDA2 1.072965 154416 40
CPU12 44.971366 154377 sgemm sgemm CUDA3 1.075235 154417 40
CPU7 45.295779 154378 sgemm sgemm CUDA1 1.065627 154418 40
CPU8 45.053469 154379 sgemm sgemm CUDA1 1.072678 154419 40
CPU0 44.739488 154380 sgemm sgemm CUDA0 1.063202 154420 40
CPU12 44.931095 154381 sgemm sgemm CUDA0 1.078085 154421 40
CPU12 44.729914 154382 sgemm sgemm CUDA1 1.079001 154422 40
CPU14 44.802150 154383 sgemm sgemm CUDA0 1.078897 154423 40
CPU13 44.966055 154384 sgemm sgemm CUDA0 1.201188 154424 40
CPU6 45.232209 154385 sgemm sgemm CUDA1 1.204334 154425 40
CPU7 45.258685 154386 sgemm sgemm CUDA2 1.073922 154426 40
CPU6 44.928977 154387 sgemm sgemm CUDA2 1.367688 154427 40
CPU8 44.866032 154388 sgemm sgemm CUDA3 1.207789 154428 40
CPU8 44.966699 154389 sgemm sgemm CUDA1 1.076934 154429 40
CPU7 25.058196 154390 ssyrk ssyrk CUDA3 0.668616 154430 40
CPU14 45.062881 154391 sgemm sgemm CUDA2 1.067813 154431 40
CPU4 44.756475 154392 sgemm sgemm CUDA3 1.068482 154432 40
CPU9 44.859911 154393 sgemm sgemm CUDA3 1.206884 154433 40
CPU15 44.424875 154394 sgemm sgemm CUDA2 1.204294 154434 40
CPU16 45.045267 154395 sgemm sgemm CUDA3 1.199752 154435 40
CPU16 44.964464 154396 sgemm sgemm CUDA3 1.082343 154436 40
CPU19 44.892364 154397 sgemm sgemm CUDA1 1.193104 154437 40
CPU1 44.847765 154398 sgemm sgemm CUDA2 1.205744 154438 40
CPU10 45.244817 154399 sgemm sgemm CUDA0 1.197233 154439 40
CPU4 45.100941 154400 sgemm sgemm CUDA3 1.082232 154440 40
CPU16 45.340769 154401 sgemm sgemm CUDA3 1.211030 154441 40
CPU18 44.741002 154402 sgemm sgemm CUDA0 0.050043 154442 40
CPU17 45.150166 154403 sgemm sgemm CUDA0 0.041602 154443 40
CPU11 44.545813 154404 sgemm sgemm CUDA2 1.066657 154444 40
CPU8 44.724418 154405 sgemm sgemm CUDA0 1.064353 154445 40
CPU7 45.113518 154406 sgemm sgemm CUDA0 1.206695 154446 40
CPU19 45.002394 154407 sgemm sgemm CUDA3 1.075485 154447 40
CPU2 44.724502 154408 sgemm sgemm CUDA1 1.066012 154448 40
CPU11 45.207866 154409 sgemm sgemm CUDA1 1.201792 154449 40
CPU13 45.095199 154410 sgemm sgemm CUDA3 1.300038 154450 40
CPU13 44.991271 154411 sgemm sgemm CUDA3 1.208754 154451 40
CPU6 45.034681 154412 sgemm sgemm CUDA3 1.064874 154452 40
CPU10 45.012091 154413 sgemm sgemm CUDA1 1.317196 154453 40
CPU0 44.855297 154414 sgemm sgemm CUDA0 1.203763 154454 40
CPU12 44.930802 154415 sgemm sgemm CUDA3 1.067353 154455 40
CPU1 44.341307 154416 sgemm sgemm CUDA2 1.066215 154456 40
CPU14 24.850965 154417 ssyrk ssyrk CUDA2 0.679077 154457 40
CPU14 44.798439 154418 sgemm sgemm CUDA1 1.066589 154458 40
CPU7 44.642939 154419 sgemm sgemm CUDA1 1.082349 154459 40
CPU15 44.434692 154420 sgemm sgemm CUDA2 1.069167 154460 40
CPU14 44.822444 154421 sgemm sgemm CUDA2 1.191116 154461 40
CPU11 44.998686 154422 sgemm sgemm CUDA1 1.192253 154462 40
CPU18 44.992716 154423 sgemm sgemm CUDA1 1.196728 154463 40
CPU1 44.985285 154424 sgemm sgemm CUDA2 1.207202 154464 40
CPU0 44.966280 154425 sgemm sgemm CUDA1 0.040425 154465 40
CPU1 44.931659 154426 sgemm sgemm CUDA2 1.209084 154466 40
CPU18 44.609362 154427 sgemm sgemm CUDA0 1.066434 154467 40
CPU19 44.883594 154428 sgemm sgemm CUDA2 1.210100 154468 40
CPU5 44.499478 154429 sgemm sgemm CUDA2 1.208823 154469 40
CPU12 45.300948 154430 sgemm sgemm CUDA0 1.077859 154470 40
CPU7 45.245158 154431 sgemm sgemm CUDA1 1.304743 154471 40
CPU9 44.931853 154432 sgemm sgemm CUDA1 1.065529 154472 40
CPU10 44.787033 154433 sgemm sgemm CUDA0 1.195674 154473 40
CPU10 45.047044 154434 sgemm sgemm CUDA0 12.209634 154474 40
CPU11 44.538587 154435 sgemm sgemm CUDA1 1.202281 154475 40
CPU15 44.891489 154436 sgemm sgemm CUDA0 0.039730 154476 40
CPU13 44.890954 154437 sgemm sgemm CUDA0 1.303924 154477 40
CPU3 44.974804 154438 sgemm sgemm CUDA2 1.207947 154478 40
CPU1 45.105703 154439 sgemm sgemm CUDA1 1.148616 154479 40
CPU8 44.791836 154440 sgemm sgemm CUDA0 1.082781 154480 40
CPU13 45.054207 154441 sgemm sgemm CUDA2 1.071482 154481 40
CPU13 44.996015 154442 sgemm sgemm CUDA1 1.198971 154482 40
CPU0 25.032811 154443 ssyrk ssyrk CUDA3 12.668428 154483 40
CPU6 44.641743 154444 sgemm sgemm CUDA3 1.365100 154484 40
CPU15 44.491931 154445 sgemm sgemm CUDA2 1.196021 154485 40
CPU5 44.853133 154446 sgemm sgemm CUDA2 1.190310 154486 40
CPU16 44.964923 154447 sgemm sgemm CUDA2 1.076430 154487 40
CPU18 44.911196 154448 sgemm sgemm CUDA2 12.183049 154488 40
CPU4 45.041807 154449 sgemm sgemm CUDA2 1.063521 154489 40
CPU4 44.651179 154450 sgemm sgemm CUDA3 1.067945 154490 40
CPU1 44.894956 154451 sgemm sgemm CUDA2 1.187823 154491 40
CPU16 44.774561 154452 sgemm sgemm CUDA3 1.075981 154492 40
CPU15 45.050106 154453 sgemm sgemm CUDA1 1.063739 154493 40
CPU11 44.909075 154454 sgemm sgemm CUDA1 1.205870 154494 40
CPU11 44.715384 154455 sgemm sgemm CUDA3 1.204172 154495 40
CPU8 44.890501 154456 sgemm sgemm CUDA3 1.062397 154496 40
CPU5 44.886673 154457 sgemm sgemm CUDA1 1.065887 154497 40
CPU10 44.862308 154458 sgemm sgemm CUDA1 12.183763 154498 40
CPU12 45.038272 154459 sgemm sgemm CUDA2 1.074903 154499 40
CPU17 44.623433 154460 sgemm sgemm CUDA1 0.048549 154500 40
CPU14 44.702199 154461 sgemm sgemm CUDA0 12.294915 154501 40
CPU13 44.981767 154462 sgemm sgemm CUDA0 0.040460 154502 40
CPU13 44.755098 154463 sgemm sgemm CUDA2 1.079681 154503 40
CPU13 44.845542 154464 sgemm sgemm CUDA0 1.207956 154504 40
CPU9 44.764849 154465 sgemm sgemm CUDA1 1.434513 154505 40
CPU3 44.773860 154466 sgemm sgemm CUDA2 1.069106 154506 40
CPU11 44.950370 154467 sgemm sgemm CUDA0 1.370204 154507 40
CPU4 24.912924 154468 ssyrk ssyrk CUDA3 0.740630 154508 40
CPU15 44.539760 154469 sgemm sgemm CUDA3 1.214526 154509 40
CPU8 44.748150 154470 sgemm sgemm CUDA3 1.071492 154510 40
CPU16 44.888786 154471 sgemm sgemm CUDA3 1.066297 154511 40
CPU18 44.863848 154472 sgemm sgemm CUDA2 1.366355 154512 40
CPU2 45.206221 154473 sgemm sgemm CUDA1 1.250866 154513 40
CPU6 45.349240 154474 sgemm sgemm CUDA0 0.170599 154514 40
CPU2 44.825077 154475 sgemm sgemm CUDA3 1.065235 154515 40
CPU17 45.108986 154476 sgemm sgemm CUDA3 12.085171 154516 40
CPU6 45.124021 154477 sgemm sgemm CUDA1 13.012245 154517 40
CPU1 44.688996 154478 sgemm sgemm CUDA2 1.193766 154518 40
CPU12 45.262809 154479 sgemm sgemm CUDA3 10.135685 154519 40
CPU1 44.611157 154480 sgemm sgemm CUDA1 0.332610 154520 40
CPU4 45.080284 154481 sgemm sgemm CUDA2 1.212607 154521 40
CPU6 44.722052 154482 sgemm sgemm CUDA3 0.056342 154522 40
CPU4 45.274090 154483 sgemm sgemm CUDA1 1.337646 154523 40
CPU17 44.740427 154484 sgemm sgemm CUDA1 1.232495 154524 40
CPU18 44.795413 154485 sgemm sgemm CUDA3 1.384893 154525 40
CPU13 45.096897 154486 sgemm sgemm CUDA1 1.212047 154526 40
CPU13 44.770699 154487 sgemm sgemm CUDA1 1.066313 154527 40
CPU12 44.694347 154488 sgemm sgemm CUDA1 1.006214 154528 40
CPU10 44.737154 154489 sgemm sgemm CUDA1 1.201820 154529 40
CPU12 45.069887 154490 sgemm sgemm CUDA3 1.209094 154530 40
CPU12 45.005295 154491 sgemm sgemm CUDA2 9.043673 154531 40
CPU15 24.440063 154492 ssyrk ssyrk CUDA2 0.699496 154532 40
CPU15 44.808342 154493 sgemm sgemm CUDA3 12.386244 154533 40
CPU15 44.824619 154494 sgemm sgemm CUDA1 1.208681 154534 40
CPU15 44.684412 154495 sgemm sgemm CUDA1 1.205677 154535 40
CPU15 44.465006 154496 sgemm sgemm CUDA2 1.208796 154536 40
CPU15 44.509092 154497 sgemm sgemm CUDA3 0.101543 154537 40
CPU4 45.195487 154498 sgemm sgemm CUDA2 12.986642 154538 40
CPU17 44.889860 154499 sgemm sgemm CUDA3 0.042194 154539 40
CPU2 45.147477 154500 sgemm sgemm CUDA2 1.063579 154540 40
CPU3 45.060650 154501 sgemm sgemm CUDA2 1.063760 154541 40
CPU11 44.928341 154502 sgemm sgemm CUDA1 1.488685 154542 40
CPU8 45.147377 154503 sgemm sgemm CUDA1 1.096384 154543 40
CPU9 45.065278 154504 sgemm sgemm CUDA1 1.192302 154544 40
CPU4 44.964137 154505 sgemm sgemm CUDA3 0.072096 154545 40
CPU13 44.620559 154506 sgemm sgemm CUDA2 1.197997 154546 40
CPU1 45.037274 154507 sgemm sgemm CUDA1 1.199592 154547 40
CPU16 44.805537 154508 sgemm sgemm CUDA0 11.950493 154548 40
CPU13 45.022558 154509 sgemm sgemm CUDA1 0.057530 154549 40
CPU11 44.522499 154510 sgemm sgemm CUDA1 1.202886 154550 40
CPU10 44.869874 154511 sgemm sgemm CUDA0 1.005015 154551 40
CPU7 44.693106 154512 sgemm sgemm CUDA1 1.204805 154552 40
CPU13 45.016584 154513 sgemm sgemm CUDA1 1.190804 154553 40
CPU13 44.942601 154514 sgemm sgemm CUDA2 1.200886 154554 40
CPU16 24.620139 154515 ssyrk ssyrk CUDA3 1.003804 154555 40
CPU8 44.811362 154516 sgemm sgemm CUDA3 1.064379 154556 40
CPU18 45.030263 154517 sgemm sgemm CUDA1 1.065496 154557 40
CPU5 45.020735 154518 sgemm sgemm CUDA2 1.205183 154558 40
CPU6 44.994753 154519 sgemm sgemm CUDA1 12.934374 154559 40
CPU8 44.779537 154520 sgemm sgemm CUDA3 1.206429 154560 40
CPU17 44.872878 154521 sgemm sgemm CUDA1 1.062488 154561 40
CPU10 45.021081 154522 sgemm sgemm CUDA1 0.042233 154562 40
CPU8 44.694905 154523 sgemm sgemm CUDA1 1.367806 154563 40
CPU12 44.715232 154524 sgemm sgemm CUDA3 1.067247 154564 40
CPU2 44.735013 154525 sgemm sgemm CUDA1 1.189393 154565 40
CPU4 44.883286 154526 sgemm sgemm CUDA1 1.064003 154566 40
CPU0 44.936182 154527 sgemm sgemm CUDA3 1.195578 154567 40
CPU13 44.694574 154528 sgemm sgemm CUDA2 1.074676 154568 40
CPU7 45.158663 154529 sgemm sgemm CUDA2 1.059212 154569 40
CPU13 44.544811 154530 sgemm sgemm CUDA3 1.076979 154570 40
CPU13 44.992514 154531 sgemm sgemm CUDA3 1.065156 154571 40
CPU10 44.747263 154532 sgemm sgemm CUDA1 1.207160 154572 40
CPU10 45.134630 154533 sgemm sgemm CUDA2 1.065680 154573 40
CPU15 44.558302 154534 sgemm sgemm CUDA3 12.050802 154574 40
CPU5 44.591135 154535 sgemm sgemm CUDA2 1.065343 154575 40
CPU2 44.613076 154536 sgemm sgemm CUDA1 12.623120 154576 40
CPU9 24.710312 154537 ssyrk ssyrk CUDA1 0.674765 154577 40
CPU18 44.966953 154538 sgemm sgemm CUDA1 1.067368 154578 40
CPU7 44.515803 154539 sgemm sgemm CUDA3 1.206310 154579 40
CPU5 44.873365 154540 sgemm sgemm CUDA1 1.194490 154580 40
CPU1 44.631164 154541 sgemm sgemm CUDA2 0.042591 154581 40
CPU18 44.672498 154542 sgemm sgemm CUDA3 1.301631 154582 40
CPU18 44.792510 154543 sgemm sgemm CUDA2 1.205619 154583 40
CPU0 44.979342 154544 sgemm sgemm CUDA3 1.210065 154584 40
CPU12 45.443381 154545 sgemm sgemm CUDA1 1.075260 154585 40
CPU6 44.984830 154546 sgemm sgemm CUDA2 1.210019 154586 40
CPU7 45.248304 154547 sgemm sgemm CUDA1 1.066332 154587 40
CPU9 43.929342 154548 sgemm sgemm CUDA0 1.205600 154588 40
CPU11 44.793810 154549 sgemm sgemm CUDA2 1.069256 154589 40
CPU12 44.965208 154550 sgemm sgemm CUDA2 1.067004 154590 40
CPU19 44.731579 154551 sgemm sgemm CUDA0 1.063728 154591 40
CPU5 44.586149 154552 sgemm sgemm CUDA3 1.069692 154592 40
CPU7 45.212978 154553 sgemm sgemm CUDA2 1.198275 154593 40
CPU2 44.984411 154554 sgemm sgemm CUDA0 1.143832 154594 40
CPU12 44.854224 154555 sgemm sgemm CUDA1 1.202638 154595 40
CPU12 45.173077 154556 sgemm sgemm CUDA1 1.080755 154596 40
CPU4 44.606976 154557 sgemm sgemm CUDA2 1.080949 154597 40
CPU19 25.118032 154558 ssyrk ssyrk CPU -1 154598 40
CPU19 44.910916 154559 sgemm sgemm CUDA1 12.061484 154599 40
CPU18 44.984059 154560 sgemm sgemm CUDA1 0.048256 154600 40
CPU2 44.956446 154561 sgemm sgemm CUDA3 1.070396 154601 40
CPU17 44.858073 154562 sgemm sgemm CUDA1 1.312571 154602 40
CPU19 44.893936 154563 sgemm sgemm CUDA3 1.074881 154603 40
CPU4 44.794484 154564 sgemm sgemm CUDA1 1.208503 154604 40
CPU12 45.388046 154565 sgemm sgemm CUDA3 1.065337 154605 40
CPU2 44.567742 154566 sgemm sgemm CUDA1 1.064972 154606 40
CPU5 44.856456 154567 sgemm sgemm CUDA1 1.193357 154607 40
CPU10 45.143147 154568 sgemm sgemm CUDA3 12.831720 154608 40
CPU1 44.618576 154569 sgemm sgemm CUDA2 1.193493 154609 40
CPU9 44.852973 154570 sgemm sgemm CUDA2 0.059803 154610 40
CPU15 44.981344 154571 sgemm sgemm CUDA3 1.150464 154611 40
CPU9 44.450873 154572 sgemm sgemm CUDA0 1.198126 154612 40
CPU13 44.711878 154573 sgemm sgemm CUDA0 1.210423 154613 40
CPU10 44.954453 154574 sgemm sgemm CUDA2 1.027897 154614 40
CPU19 44.810938 154575 sgemm sgemm CUDA0 0.041821 154615 40
CPU0 44.832763 154576 sgemm sgemm CUDA0 1.201272 154616 40
CPU10 45.285997 154577 sgemm sgemm CUDA2 1.318997 154617 40
CPU10 25.021138 154578 ssyrk ssyrk CUDA1 0.745309 154618 40
CPU11 44.653107 154579 sgemm sgemm CUDA3 1.210850 154619 40
CPU5 44.738358 154580 sgemm sgemm CUDA2 1.320555 154620 40
CPU17 44.724682 154581 sgemm sgemm CUDA1 1.202503 154621 40
CPU3 44.925766 154582 sgemm sgemm CUDA1 1.198861 154622 40
CPU9 44.912998 154583 sgemm sgemm CUDA0 1.205568 154623 40
CPU11 44.947684 154584 sgemm sgemm CUDA2 0.078015 154624 40
CPU3 44.627447 154585 sgemm sgemm CUDA3 1.223777 154625 40
CPU7 45.320264 154586 sgemm sgemm CUDA2 1.072439 154626 40
CPU9 44.722526 154587 sgemm sgemm CUDA0 9.482547 154627 40
CPU9 44.399140 154588 sgemm sgemm CUDA1 9.014467 154628 40
CPU0 45.550604 154589 sgemm sgemm CUDA3 1.067840 154629 40
CPU14 44.779367 154590 sgemm sgemm CUDA0 1.065244 154630 40
CPU6 44.748190 154591 sgemm sgemm CUDA1 1.206834 154631 40
CPU12 44.780683 154592 sgemm sgemm CUDA1 1.209395 154632 40
CPU7 45.321112 154593 sgemm sgemm CUDA1 1.023970 154633 40
CPU9 44.634722 154594 sgemm sgemm CUDA2 1.065679 154634 40
CPU6 44.741821 154595 sgemm sgemm CUDA3 0.040557 154635 40
CPU10 45.122137 154596 sgemm sgemm CUDA2 1.067196 154636 40
CPU5 24.922954 154597 ssyrk ssyrk CUDA3 0.683478 154637 40
CPU6 44.941698 154598 sgemm sgemm CUDA3 1.208848 154638 40
CPU18 44.530302 154599 sgemm sgemm CUDA1 1.060960 154639 40
CPU11 45.393949 154600 sgemm sgemm CUDA0 1.314117 154640 40
CPU2 44.962399 154601 sgemm sgemm CUDA2 1.203951 154641 40
CPU12 45.396602 154602 sgemm sgemm CUDA3 1.076301 154642 40
CPU12 44.858460 154603 sgemm sgemm CUDA3 1.076248 154643 40
CPU8 44.881370 154604 sgemm sgemm CUDA3 2.324571 154644 40
CPU5 44.772624 154605 sgemm sgemm CUDA0 1.090165 154645 40
CPU11 44.590249 154606 sgemm sgemm CUDA2 1.215143 154646 40
CPU10 44.496411 154607 sgemm sgemm CUDA2 1.208886 154647 40
CPU18 44.783066 154608 sgemm sgemm CUDA2 0.041319 154648 40
CPU13 44.984146 154609 sgemm sgemm CUDA3 1.192247 154649 40
CPU12 44.680406 154610 sgemm sgemm CUDA0 1.059749 154650 40
CPU18 44.523902 154611 sgemm sgemm CUDA0 1.010144 154651 40
CPU12 44.832572 154612 sgemm sgemm CUDA0 1.206616 154652 40
CPU1 44.912409 154613 sgemm sgemm CUDA2 12.488423 154653 40
CPU1 44.894919 154614 sgemm sgemm CUDA2 1.369494 154654 40
CPU0 25.047996 154615 ssyrk ssyrk CUDA3 0.701511 154655 40
CPU7 44.714788 154616 sgemm sgemm CUDA0 1.208077 154656 40
CPU3 44.906966 154617 sgemm sgemm CUDA0 1.065539 154657 40
CPU11 44.734426 154618 sgemm sgemm CUDA3 0.047104 154658 40
CPU12 45.017582 154619 sgemm sgemm CUDA2 1.190927 154659 40
CPU0 45.288560 154620 sgemm sgemm CUDA0 1.074592 154660 40
CPU6 44.692855 154621 sgemm sgemm CUDA0 1.067415 154661 40
CPU4 44.830940 154622 sgemm sgemm CUDA0 1.210876 154662 40
CPU10 44.648676 154623 sgemm sgemm CUDA0 1.195629 154663 40
CPU8 45.085430 154624 sgemm sgemm CUDA0 1.062583 154664 40
CPU16 44.704407 154625 sgemm sgemm CUDA3 1.076975 154665 40
CPU1 44.760675 154626 sgemm sgemm CUDA2 1.198033 154666 40
CPU11 44.634408 154627 sgemm sgemm CUDA0 1.210873 154667 40
CPU12 45.121219 154628 sgemm sgemm CUDA0 1.204014 154668 40
CPU11 44.876584 154629 sgemm sgemm CUDA3 1.195188 154669 40
CPU4 45.088191 154630 sgemm sgemm CUDA3 1.322436 154670 40
CPU6 45.214876 154631 sgemm sgemm CUDA3 1.212241 154671 40
CPU18 24.603704 154632 ssyrk ssyrk CUDA3 0.676443 154672 40
CPU18 44.689039 154633 sgemm sgemm CUDA0 1.197979 154673 40
CPU17 44.829422 154634 sgemm sgemm CUDA2 0.050300 154674 40
CPU10 44.937020 154635 sgemm sgemm CUDA2 1.078009 154675 40
CPU1 44.734856 154636 sgemm sgemm CUDA2 1.203706 154676 40
CPU7 45.056774 154637 sgemm sgemm CUDA3 1.067191 154677 40
CPU1 44.754832 154638 sgemm sgemm CUDA0 1.080848 154678 40
CPU13 45.273140 154639 sgemm sgemm CUDA2 1.067415 154679 40
CPU17 44.561945 154640 sgemm sgemm CUDA2 1.073330 154680 40
CPU13 44.688457 154641 sgemm sgemm CUDA3 1.201533 154681 40
CPU8 44.567783 154642 sgemm sgemm CUDA2 1.086244 154682 40
CPU13 44.769584 154643 sgemm sgemm CUDA1 1.203442 154683 40
CPU10 44.768671 154644 sgemm sgemm CUDA0 1.077328 154684 40
CPU10 44.638636 154645 sgemm sgemm CUDA0 1.076802 154685 40
CPU13 45.015608 154646 sgemm sgemm CUDA1 1.206925 154686 40
CPU13 45.253166 154647 sgemm sgemm CUDA0 1.066381 154687 40
CPU0 24.916885 154648 ssyrk ssyrk CUDA0 0.672112 154688 40
CPU7 44.901501 154649 sgemm sgemm CUDA0 1.080666 154689 40
CPU12 44.879880 154650 sgemm sgemm CUDA0 1.212168 154690 40
CPU7 45.156783 154651 sgemm sgemm CUDA0 0.204133 154691 40
CPU9 44.678037 154652 sgemm sgemm CUDA0 1.206080 154692 40
CPU5 44.643981 154653 sgemm sgemm CUDA0 7.493406 154693 40
CPU3 44.578216 154654 sgemm sgemm CUDA0 1.304343 154694 40
CPU11 44.519661 154655 sgemm sgemm CUDA1 1.260910 154695 40
CPU19 44.679373 154656 sgemm sgemm CUDA0 1.192661 154696 40
CPU0 45.087421 154657 sgemm sgemm CUDA0 1.075602 154697 40
CPU11 44.654696 154658 sgemm sgemm CUDA2 1.068762 154698 40
CPU10 45.034817 154659 sgemm sgemm CUDA3 1.023616 154699 40
CPU0 45.285654 154660 sgemm sgemm CUDA2 1.065354 154700 40
CPU4 44.854642 154661 sgemm sgemm CUDA0 1.081463 154701 40
CPU4 44.705685 154662 sgemm sgemm CUDA1 1.329875 154702 40
CPU7 25.283393 154663 ssyrk ssyrk CUDA3 0.696790 154703 40
CPU9 44.704319 154664 sgemm sgemm CUDA1 1.066980 154704 40
CPU8 45.063087 154665 sgemm sgemm CUDA3 1.204804 154705 40
CPU7 45.071747 154666 sgemm sgemm CUDA3 1.066968 154706 40
CPU3 44.573319 154667 sgemm sgemm CUDA3 1.065384 154707 40
CPU11 44.787485 154668 sgemm sgemm CUDA2 1.200840 154708 40
CPU17 44.733767 154669 sgemm sgemm CUDA0 1.188951 154709 40
CPU15 44.943171 154670 sgemm sgemm CUDA2 1.079998 154710 40
CPU6 44.746506 154671 sgemm sgemm CUDA2 1.085211 154711 40
CPU13 44.706610 154672 sgemm sgemm CUDA2 1.068798 154712 40
CPU10 44.764979 154673 sgemm sgemm CUDA3 1.013006 154713 40
CPU13 44.777753 154674 sgemm sgemm CUDA0 1.071617 154714 40
CPU13 45.205773 154675 sgemm sgemm CUDA0 12.208432 154715 40
CPU13 45.147946 154676 sgemm sgemm CUDA1 1.208393 154716 40
CPU0 25.119346 154677 ssyrk ssyrk CUDA2 0.072383 154717 40
CPU11 44.703430 154678 sgemm sgemm CUDA3 0.100151 154718 40
CPU12 44.945258 154679 sgemm sgemm CUDA0 1.208907 154719 40
CPU12 45.052936 154680 sgemm sgemm CUDA3 0.230669 154720 40
CPU12 45.243872 154681 sgemm sgemm CUDA0 0.177616 154721 40
CPU0 45.110178 154682 sgemm sgemm CUDA0 1.308649 154722 40
CPU6 44.566652 154683 sgemm sgemm CUDA2 1.394263 154723 40
CPU12 45.002691 154684 sgemm sgemm CUDA0 0.050236 154724 40
CPU12 44.910322 154685 sgemm sgemm CUDA1 1.210967 154725 40
CPU2 44.724859 154686 sgemm sgemm CUDA3 1.137711 154726 40
CPU3 44.965484 154687 sgemm sgemm CUDA2 1.212110 154727 40
CPU5 44.827768 154688 sgemm sgemm CUDA0 1.301692 154728 40
CPU6 45.111492 154689 sgemm sgemm CUDA2 0.075860 154729 40
CPU17 24.722177 154690 ssyrk ssyrk CUDA3 1.114781 154730 40
CPU5 44.988793 154691 sgemm sgemm CUDA0 1.068292 154731 40
CPU1 44.666551 154692 sgemm sgemm CUDA1 1.066915 154732 40
CPU12 44.644878 154693 sgemm sgemm CUDA1 1.342462 154733 40
CPU8 44.906000 154694 sgemm sgemm CUDA1 1.230783 154734 40
CPU14 44.936224 154695 sgemm sgemm CUDA2 1.303582 154735 40
CPU4 44.851615 154696 sgemm sgemm CUDA0 0.065136 154736 40
CPU10 44.785920 154697 sgemm sgemm CUDA3 1.068826 154737 40
CPU8 44.737804 154698 sgemm sgemm CUDA3 1.011451 154738 40
CPU12 44.610029 154699 sgemm sgemm CUDA1 1.191190 154739 40
CPU4 45.040569 154700 sgemm sgemm CUDA3 1.062178 154740 40
CPU4 45.035807 154701 sgemm sgemm CUDA2 1.071529 154741 40
CPU8 24.733736 154702 ssyrk ssyrk CUDA1 0.045190 154742 40
CPU8 44.608149 154703 sgemm sgemm CUDA3 11.873072 154743 40
CPU2 44.583123 154704 sgemm sgemm CUDA1 1.112176 154744 40
CPU17 44.507805 154705 sgemm sgemm CUDA1 1.064117 154745 40
CPU18 44.756947 154706 sgemm sgemm CUDA3 1.308095 154746 40
CPU3 44.352901 154707 sgemm sgemm CUDA0 1.311659 154747 40
CPU11 44.688581 154708 sgemm sgemm CUDA3 1.077879 154748 40
CPU1 44.732619 154709 sgemm sgemm CUDA3 12.373289 154749 40
CPU19 44.627910 154710 sgemm sgemm CUDA0 11.927740 154750 40
CPU5 44.754159 154711 sgemm sgemm CUDA1 1.082955 154751 40
CPU1 45.105814 154712 sgemm sgemm CUDA0 1.219606 154752 40
CPU2 24.553539 154713 ssyrk ssyrk CUDA3 0.970796 154753 40
CPU2 44.326887 154714 sgemm sgemm CUDA0 1.307883 154754 40
CPU4 44.738535 154715 sgemm sgemm CUDA0 1.261099 154755 40
CPU13 45.050843 154716 sgemm sgemm CUDA0 1.320717 154756 40
CPU13 45.101354 154717 sgemm sgemm CUDA3 1.064177 154757 40
CPU13 44.765505 154718 sgemm sgemm CUDA0 1.071593 154758 40
CPU6 45.087688 154719 sgemm sgemm CUDA0 0.042898 154759 40
CPU10 44.730149 154720 sgemm sgemm CUDA0 1.367086 154760 40
CPU2 44.373803 154721 sgemm sgemm CUDA3 1.079101 154761 40
CPU10 45.930807 154722 sgemm sgemm CUDA1 0.169146 154762 40
CPU6 24.959542 154723 ssyrk ssyrk CUDA0 0.713101 154763 40
CPU3 44.990328 154724 sgemm sgemm CUDA0 10.782860 154764 40
CPU16 45.796859 154725 sgemm sgemm CUDA2 7.960510 154765 40
CPU2 44.354557 154726 sgemm sgemm CUDA0 1.213057 154766 40
CPU1 44.543599 154727 sgemm sgemm CUDA2 12.701445 154767 40
CPU11 44.575812 154728 sgemm sgemm CUDA2 1.153254 154768 40
CPU11 44.596006 154729 sgemm sgemm CUDA0 1.195041 154769 40
CPU10 45.066395 154730 sgemm sgemm CUDA1 1.197203 154770 40
CPU19 45.228638 154731 sgemm sgemm CUDA2 1.419344 154771 40
CPU7 25.333537 154732 ssyrk ssyrk CUDA3 0.687003 154772 40
CPU19 45.142149 154733 sgemm sgemm CUDA3 1.078806 154773 40
CPU8 44.523462 154734 sgemm sgemm CUDA3 1.203114 154774 40
CPU11 44.888424 154735 sgemm sgemm CUDA3 1.196595 154775 40
CPU11 44.642936 154736 sgemm sgemm CUDA0 1.287453 154776 40
CPU11 44.482273 154737 sgemm sgemm CUDA0 1.085183 154777 40
CPU13 45.006218 154738 sgemm sgemm CUDA0 1.206433 154778 40
CPU10 44.936288 154739 sgemm sgemm CUDA0 1.199493 154779 40
CPU15 25.029586 154740 ssyrk ssyrk CUDA3 7.999640 154780 40
CPU0 44.969258 154741 sgemm sgemm CUDA0 1.193386 154781 40
CPU12 44.971732 154742 sgemm sgemm CUDA3 1.066677 154782 40
CPU13 44.783586 154743 sgemm sgemm CUDA2 1.146100 154783 40
CPU13 44.773572 154744 sgemm sgemm CUDA0 1.082019 154784 40
CPU14 45.263332 154745 sgemm sgemm CUDA1 12.046299 154785 40
CPU10 45.494955 154746 sgemm sgemm CUDA2 1.149329 154786 40
CPU4 25.145170 154747 ssyrk ssyrk CUDA0 0.675390 154787 40
CPU0 44.961952 154748 sgemm sgemm CUDA0 1.189269 154788 40
CPU2 44.883606 154749 sgemm sgemm CUDA3 0.034187 154789 40
CPU6 45.156799 154750 sgemm sgemm CUDA0 1.079249 154790 40
CPU6 44.584605 154751 sgemm sgemm CUDA3 1.004802 154791 40
CPU3 44.529155 154752 sgemm sgemm CUDA0 1.068331 154792 40
CPU4 25.171651 154753 ssyrk ssyrk CUDA2 0.043087 154793 40
CPU11 44.612566 154754 sgemm sgemm CUDA1 1.005866 154794 40
CPU11 44.582573 154755 sgemm sgemm CUDA0 1.195078 154795 40
CPU13 44.996477 154756 sgemm sgemm CUDA3 1.196930 154796 40
CPU5 45.009430 154757 sgemm sgemm CUDA0 1.074284 154797 40
CPU3 25.013895 154758 ssyrk ssyrk CPU -1 154798 40
CPU15 44.476708 154759 sgemm sgemm CUDA1 1.077468 154799 40
CPU17 44.865391 154760 sgemm sgemm CUDA1 1.009805 154800 40
CPU2 44.916886 154761 sgemm sgemm CUDA1 1.011085 154801 40
CPU19 24.957382 154762 ssyrk ssyrk CUDA1 0.695067 154802 40
CPU19 44.860309 154763 sgemm sgemm CUDA0 1.210287 154803 40
CPU12 44.839007 154764 sgemm sgemm CUDA3 0.040133 154804 40
CPU7 24.940037 154765 ssyrk ssyrk CPU -1 154805 40
CPU1 44.699383 154766 sgemm sgemm CUDA2 1.020652 154806 40
CPU1 24.441547 154767 ssyrk ssyrk CUDA1 0.939126 154807 40
CPU2 31.129012 154770 strmm strmm CUDA2 4.531464 154810 40
CPU1 29.671624 154774 strmm strmm CUDA3 4.446974 154814 40
CPU0 30.677762 154778 strmm strmm CUDA2 4.289371 154818 40
CPU13 30.644226 154782 strmm strmm CUDA2 15.647185 154822 40
CPU12 31.276514 154786 strmm strmm CUDA1 14.821881 154826 40
CPU5 30.755393 154790 strmm strmm CUDA2 0.030032 154830 40
CPU10 30.660801 154794 strmm strmm CUDA1 0.030459 154834 40
CPU4 29.886956 154798 strmm strmm CUDA0 4.333353 154838 40
CPU13 31.292740 154802 strmm strmm CUDA0 4.666468 154842 40
CPU12 30.419598 154806 strmm strmm CUDA1 4.574238 154846 40
CPU1 30.714283 154810 strmm strmm CUDA0 11.806866 154850 40
CPU6 31.531009 154814 strmm strmm CUDA3 4.284531 154854 40
CPU13 30.991693 154818 strmm strmm CUDA0 0.030587 154858 40
CPU4 30.356976 154822 strmm strmm CUDA3 4.549883 154862 40
CPU10 30.796242 154826 strmm strmm CUDA1 0.033531 154866 40
CPU3 30.373514 154830 strmm strmm CUDA0 4.291937 154870 40
CPU1 30.647695 154834 strmm strmm CUDA3 4.294679 154874 40
CPU1 30.722996 154838 strmm strmm CUDA0 12.362126 154878 40
CPU2 29.692545 154842 strmm strmm CUDA3 15.003324 154882 40
CPU19 30.356067 154846 strmm strmm CUDA1 4.286857 154886 40
CPU10 30.392085 154850 strmm strmm CUDA3 0.029586 154890 40
CPU13 31.254893 154854 strmm strmm CUDA2 0.030263 154894 40
CPU0 30.077374 154858 strmm strmm CUDA1 13.201636 154898 40
CPU5 31.372083 154862 strmm strmm CUDA1 27.045682 154902 40
CPU2 31.608261 154866 strmm strmm CUDA2 4.295186 154906 40
CPU12 30.503455 154870 strmm strmm CUDA0 4.294692 154910 40
CPU1 29.522957 154874 strmm strmm CUDA2 15.086220 154914 40
CPU1 29.645104 154878 strmm strmm CUDA2 4.483030 154918 40
CPU1 12.015523 154882 slauum slauum CPU -1 154922 40
CPU7 25.059543 154884 ssyrk ssyrk CUDA1 11.001308 154924 40
CPU7 45.164348 154885 sgemm sgemm CUDA3 0.034004 154925 40
CPU0 45.281756 154886 sgemm sgemm CUDA1 1.198807 154926 40
CPU2 45.118447 154887 sgemm sgemm CUDA1 1.065639 154927 40
CPU8 44.850584 154888 sgemm sgemm CUDA1 1.296223 154928 40
CPU4 44.952131 154889 sgemm sgemm CUDA1 1.070528 154929 40
CPU6 45.095405 154890 sgemm sgemm CUDA3 7.849987 154930 40
CPU5 45.067497 154891 sgemm sgemm CUDA3 1.208810 154931 40
CPU0 45.115903 154892 sgemm sgemm CUDA1 1.079673 154932 40
CPU9 44.879632 154893 sgemm sgemm CUDA3 1.189891 154933 40
CPU1 44.931485 154894 sgemm sgemm CUDA3 1.205033 154934 40
CPU10 44.668358 154895 sgemm sgemm CUDA3 1.205718 154935 40
CPU17 44.631067 154896 sgemm sgemm CUDA3 1.096579 154936 40
CPU12 44.731021 154897 sgemm sgemm CUDA3 0.069150 154937 40
CPU7 45.756251 154898 sgemm sgemm CUDA3 1.316109 154938 40
CPU9 45.084645 154899 sgemm sgemm CUDA1 1.367024 154939 40
CPU6 45.214058 154900 sgemm sgemm CUDA1 1.197570 154940 40
CPU5 45.167055 154901 sgemm sgemm CUDA1 7.095509 154941 40
CPU0 44.985556 154902 sgemm sgemm CUDA3 1.074541 154942 40
CPU12 44.538814 154903 sgemm sgemm CUDA0 1.213091 154943 40
CPU12 44.741294 154904 sgemm sgemm CUDA1 1.068873 154944 40
CPU4 45.047266 154905 sgemm sgemm CUDA0 1.065528 154945 40
CPU2 44.824204 154906 sgemm sgemm CUDA0 0.040724 154946 40
CPU10 44.757904 154907 sgemm sgemm CUDA1 1.208611 154947 40
CPU7 44.982072 154908 sgemm sgemm CUDA1 1.068574 154948 40
CPU6 45.002377 154909 sgemm sgemm CUDA2 1.063108 154949 40
CPU8 45.163952 154910 sgemm sgemm CUDA3 1.069103 154950 40
CPU8 45.172595 154911 sgemm sgemm CUDA1 1.211061 154951 40
CPU2 45.079820 154912 sgemm sgemm CUDA0 1.210168 154952 40
CPU8 24.663125 154913 ssyrk ssyrk CUDA3 0.933677 154953 40
CPU14 45.023187 154914 sgemm sgemm CUDA2 1.208910 154954 40
CPU4 45.113317 154915 sgemm sgemm CUDA2 1.191678 154955 40
CPU5 44.745749 154916 sgemm sgemm CUDA2 1.196145 154956 40
CPU18 44.468664 154917 sgemm sgemm CUDA2 1.195417 154957 40
CPU16 44.826929 154918 sgemm sgemm CUDA3 1.068142 154958 40
CPU18 44.618033 154919 sgemm sgemm CUDA3 1.076313 154959 40
CPU19 44.738903 154920 sgemm sgemm CUDA1 1.065587 154960 40
CPU3 45.132348 154921 sgemm sgemm CUDA2 1.206076 154961 40
CPU10 44.975309 154922 sgemm sgemm CUDA3 1.066270 154962 40
CPU11 44.480194 154923 sgemm sgemm CUDA3 1.194360 154963 40
CPU16 45.123280 154924 sgemm sgemm CUDA3 1.139246 154964 40
CPU18 44.619448 154925 sgemm sgemm CUDA0 1.206030 154965 40
CPU17 44.839643 154926 sgemm sgemm CUDA0 0.110196 154966 40
CPU9 45.092593 154927 sgemm sgemm CUDA0 1.268046 154967 40
CPU8 45.096999 154928 sgemm sgemm CUDA0 1.057598 154968 40
CPU5 45.104578 154929 sgemm sgemm CUDA0 1.200670 154969 40
CPU19 44.747561 154930 sgemm sgemm CUDA3 1.195248 154970 40
CPU2 45.167819 154931 sgemm sgemm CUDA0 1.206654 154971 40
CPU11 45.406302 154932 sgemm sgemm CUDA0 1.079260 154972 40
CPU3 44.916757 154933 sgemm sgemm CUDA0 1.207420 154973 40
CPU2 44.607769 154934 sgemm sgemm CUDA0 1.317302 154974 40
CPU10 44.884989 154935 sgemm sgemm CUDA3 1.067205 154975 40
CPU12 45.176715 154936 sgemm sgemm CUDA1 1.067083 154976 40
CPU19 44.964646 154937 sgemm sgemm CUDA0 1.076047 154977 40
CPU12 44.734141 154938 sgemm sgemm CUDA3 1.064661 154978 40
CPU1 44.851969 154939 sgemm sgemm CUDA2 1.216304 154979 40
CPU8 44.984254 154940 sgemm sgemm CUDA3 1.066245 154980 40
CPU14 24.864375 154941 ssyrk ssyrk CUDA2 12.378461 154981 40
CPU14 44.554685 154942 sgemm sgemm CUDA1 1.071300 154982 40
CPU14 44.812174 154943 sgemm sgemm CUDA1 1.064525 154983 40
CPU17 44.611254 154944 sgemm sgemm CUDA2 1.270217 154984 40
CPU14 44.768681 154945 sgemm sgemm CUDA2 0.053832 154985 40
CPU11 44.605645 154946 sgemm sgemm CUDA0 0.187907 154986 40
CPU18 44.719072 154947 sgemm sgemm CUDA1 1.065957 154987 40
CPU1 45.147688 154948 sgemm sgemm CUDA2 1.210945 154988 40
CPU9 44.918945 154949 sgemm sgemm CUDA1 1.065996 154989 40
CPU10 44.622434 154950 sgemm sgemm CUDA2 1.303831 154990 40
CPU16 44.925595 154951 sgemm sgemm CUDA0 1.063594 154991 40
CPU19 44.853556 154952 sgemm sgemm CUDA2 1.348199 154992 40
CPU5 44.411390 154953 sgemm sgemm CUDA2 1.090677 154993 40
CPU12 44.931682 154954 sgemm sgemm CUDA0 1.215199 154994 40
CPU4 45.205738 154955 sgemm sgemm CUDA1 1.201105 154995 40
CPU9 44.942707 154956 sgemm sgemm CUDA1 0.066909 154996 40
CPU19 44.589987 154957 sgemm sgemm CUDA0 1.130128 154997 40
CPU10 44.815416 154958 sgemm sgemm CUDA0 13.020787 154998 40
CPU10 44.580654 154959 sgemm sgemm CUDA1 1.069334 154999 40
CPU6 45.139395 154960 sgemm sgemm CUDA0 1.211041 155000 40
CPU2 44.721553 154961 sgemm sgemm CUDA0 1.082195 155001 40
CPU10 44.722920 154962 sgemm sgemm CUDA2 1.205882 155002 40
CPU1 45.314618 154963 sgemm sgemm CUDA1 1.206481 155003 40
CPU19 44.870702 154964 sgemm sgemm CUDA0 1.202952 155004 40
CPU13 44.740336 154965 sgemm sgemm CUDA2 8.031026 155005 40
CPU11 44.831886 154966 sgemm sgemm CUDA1 1.068141 155006 40
CPU0 45.381600 154967 sgemm sgemm CUDA0 1.079970 155007 40
CPU0 25.417970 154968 ssyrk ssyrk CUDA2 0.698332 155008 40
CPU6 45.130106 154969 sgemm sgemm CUDA1 1.061517 155009 40
CPU15 44.424551 154970 sgemm sgemm CUDA2 1.204946 155010 40
CPU3 45.142848 154971 sgemm sgemm CUDA2 1.079604 155011 40
CPU18 44.526668 154972 sgemm sgemm CUDA2 1.209309 155012 40
CPU18 44.754198 154973 sgemm sgemm CUDA2 1.083441 155013 40
CPU4 45.351095 154974 sgemm sgemm CUDA2 0.046075 155014 40
CPU7 45.202979 154975 sgemm sgemm CUDA1 1.067401 155015 40
CPU1 45.014857 154976 sgemm sgemm CUDA2 1.063524 155016 40
CPU16 44.663233 154977 sgemm sgemm CUDA0 1.139868 155017 40
CPU15 44.764825 154978 sgemm sgemm CUDA0 1.209961 155018 40
CPU11 44.726950 154979 sgemm sgemm CUDA0 1.196397 155019 40
CPU11 45.053227 154980 sgemm sgemm CUDA0 1.063314 155020 40
CPU8 45.022086 154981 sgemm sgemm CUDA0 1.207791 155021 40
CPU5 45.044206 154982 sgemm sgemm CUDA1 1.079676 155022 40
CPU10 44.822634 154983 sgemm sgemm CUDA1 1.075399 155023 40
CPU12 44.866401 154984 sgemm sgemm CUDA2 1.057560 155024 40
CPU17 44.497955 154985 sgemm sgemm CUDA0 1.081440 155025 40
CPU8 44.813232 154986 sgemm sgemm CUDA0 1.067158 155026 40
CPU2 44.762235 154987 sgemm sgemm CUDA0 1.209323 155027 40
CPU10 44.814879 154988 sgemm sgemm CUDA2 1.080693 155028 40
CPU11 44.888067 154989 sgemm sgemm CUDA0 1.067705 155029 40
CPU9 44.615301 154990 sgemm sgemm CUDA1 0.053086 155030 40
CPU3 45.033909 154991 sgemm sgemm CUDA2 1.202603 155031 40
CPU11 44.542784 154992 sgemm sgemm CUDA0 10.629915 155032 40
CPU13 44.879045 154993 sgemm sgemm CUDA2 0.040700 155033 40
CPU4 25.193529 154994 ssyrk ssyrk CUDA3 0.690914 155034 40
CPU18 44.519799 154995 sgemm sgemm CUDA3 1.207902 155035 40
CPU8 45.008225 154996 sgemm sgemm CUDA3 1.202814 155036 40
CPU18 44.665726 154997 sgemm sgemm CUDA3 1.075758 155037 40
CPU19 44.738689 154998 sgemm sgemm CUDA2 1.067125 155038 40
CPU2 45.217129 154999 sgemm sgemm CUDA2 1.213398 155039 40
CPU6 45.659859 155000 sgemm sgemm CUDA3 1.190517 155040 40
CPU2 44.951485 155001 sgemm sgemm CUDA3 1.065611 155041 40
CPU17 45.158967 155002 sgemm sgemm CUDA3 1.138262 155042 40
CPU6 45.736178 155003 sgemm sgemm CUDA1 1.201354 155043 40
CPU1 44.844400 155004 sgemm sgemm CUDA2 1.066722 155044 40
CPU1 44.673647 155005 sgemm sgemm CUDA3 16.599949 155045 40
CPU1 44.660076 155006 sgemm sgemm CUDA1 1.207597 155046 40
CPU4 45.001563 155007 sgemm sgemm CUDA2 1.202932 155047 40
CPU6 44.995607 155008 sgemm sgemm CUDA3 0.048711 155048 40
CPU4 45.112503 155009 sgemm sgemm CUDA1 1.060778 155049 40
CPU17 44.635926 155010 sgemm sgemm CUDA1 1.067028 155050 40
CPU0 44.778104 155011 sgemm sgemm CUDA1 1.082376 155051 40
CPU7 44.730129 155012 sgemm sgemm CUDA1 0.043925 155052 40
CPU10 44.699829 155013 sgemm sgemm CUDA1 1.061105 155053 40
CPU12 44.794883 155014 sgemm sgemm CUDA1 1.193186 155054 40
CPU10 44.906642 155015 sgemm sgemm CUDA1 1.290662 155055 40
CPU12 44.918232 155016 sgemm sgemm CUDA3 1.339316 155056 40
CPU12 45.002249 155017 sgemm sgemm CUDA2 1.207404 155057 40
CPU12 45.009683 155018 sgemm sgemm CUDA1 1.195667 155058 40
CPU17 24.999866 155019 ssyrk ssyrk CUDA2 0.695795 155059 40
CPU15 44.469326 155020 sgemm sgemm CUDA3 12.265290 155060 40
CPU15 44.536895 155021 sgemm sgemm CUDA1 1.202105 155061 40
CPU15 44.417293 155022 sgemm sgemm CUDA1 1.206019 155062 40
CPU15 44.457079 155023 sgemm sgemm CUDA2 1.064512 155063 40
CPU15 44.417471 155024 sgemm sgemm CUDA3 1.204690 155064 40
CPU4 45.123917 155025 sgemm sgemm CUDA2 1.206996 155065 40
CPU17 44.835385 155026 sgemm sgemm CUDA0 1.020008 155066 40
CPU2 45.241099 155027 sgemm sgemm CUDA2 1.056448 155067 40
CPU3 45.242769 155028 sgemm sgemm CUDA2 1.199273 155068 40
CPU11 45.065983 155029 sgemm sgemm CUDA1 1.205542 155069 40
CPU8 45.043750 155030 sgemm sgemm CUDA1 1.077482 155070 40
CPU9 44.988760 155031 sgemm sgemm CUDA1 1.207632 155071 40
CPU19 44.931571 155032 sgemm sgemm CUDA3 1.206322 155072 40
CPU13 44.708366 155033 sgemm sgemm CUDA2 1.208519 155073 40
CPU1 45.116703 155034 sgemm sgemm CUDA1 1.197174 155074 40
CPU7 44.481182 155035 sgemm sgemm CUDA0 12.533128 155075 40
CPU2 44.793422 155036 sgemm sgemm CUDA1 1.458590 155076 40
CPU10 44.696261 155037 sgemm sgemm CUDA1 1.205192 155077 40
CPU5 44.862354 155038 sgemm sgemm CUDA0 1.190052 155078 40
CPU19 44.809199 155039 sgemm sgemm CUDA1 1.067333 155079 40
CPU13 44.758040 155040 sgemm sgemm CUDA1 1.083394 155080 40
CPU7 45.483116 155041 sgemm sgemm CUDA2 1.077135 155081 40
CPU5 45.370422 155042 sgemm sgemm CUDA2 1.321823 155082 40
CPU16 24.691457 155043 ssyrk ssyrk CUDA2 0.099635 155083 40
CPU8 45.077392 155044 sgemm sgemm CUDA3 1.209929 155084 40
CPU18 44.602518 155045 sgemm sgemm CUDA1 1.204993 155085 40
CPU5 45.014521 155046 sgemm sgemm CUDA2 1.079959 155086 40
CPU9 44.967986 155047 sgemm sgemm CUDA1 1.068484 155087 40
CPU8 44.437362 155048 sgemm sgemm CUDA3 1.022637 155088 40
CPU17 44.762360 155049 sgemm sgemm CUDA0 1.007799 155089 40
CPU10 45.359144 155050 sgemm sgemm CUDA0 1.133556 155090 40
CPU8 44.926999 155051 sgemm sgemm CUDA0 1.127798 155091 40
CPU12 44.670193 155052 sgemm sgemm CUDA0 1.211818 155092 40
CPU2 44.833000 155053 sgemm sgemm CUDA1 8.262769 155093 40
CPU4 44.810904 155054 sgemm sgemm CUDA1 1.266204 155094 40
CPU19 45.028815 155055 sgemm sgemm CUDA3 1.208026 155095 40
CPU13 44.761381 155056 sgemm sgemm CUDA2 1.179836 155096 40
CPU7 45.214462 155057 sgemm sgemm CUDA2 1.585773 155097 40
CPU9 44.807376 155058 sgemm sgemm CUDA0 0.044722 155098 40
CPU1 44.766822 155059 sgemm sgemm CUDA3 12.666925 155099 40
CPU10 44.755860 155060 sgemm sgemm CUDA1 1.199376 155100 40
CPU10 45.115879 155061 sgemm sgemm CUDA2 1.204231 155101 40
CPU19 44.851383 155062 sgemm sgemm CUDA3 1.079911 155102 40
CPU5 44.692258 155063 sgemm sgemm CUDA2 0.051745 155103 40
CPU2 44.788635 155064 sgemm sgemm CUDA1 1.067323 155104 40
CPU10 45.065484 155065 sgemm sgemm CUDA3 1.205166 155105 40
CPU9 25.071823 155066 ssyrk ssyrk CUDA3 0.692986 155106 40
CPU19 44.776667 155067 sgemm sgemm CUDA1 1.066942 155107 40
CPU0 45.517741 155068 sgemm sgemm CUDA3 1.192353 155108 40
CPU8 44.721233 155069 sgemm sgemm CUDA1 1.195956 155109 40
CPU1 44.695604 155070 sgemm sgemm CUDA2 1.207691 155110 40
CPU17 44.644306 155071 sgemm sgemm CUDA0 1.197944 155111 40
CPU18 45.335757 155072 sgemm sgemm CUDA2 1.205023 155112 40
CPU0 45.400078 155073 sgemm sgemm CUDA3 1.190353 155113 40
CPU10 44.722523 155074 sgemm sgemm CUDA3 1.192395 155114 40
CPU6 45.129906 155075 sgemm sgemm CUDA2 1.069913 155115 40
CPU7 45.522822 155076 sgemm sgemm CUDA2 1.081983 155116 40
CPU9 44.110508 155077 sgemm sgemm CUDA0 1.362671 155117 40
CPU11 44.660090 155078 sgemm sgemm CUDA2 7.120363 155118 40
CPU12 45.043561 155079 sgemm sgemm CUDA2 0.064917 155119 40
CPU4 44.801283 155080 sgemm sgemm CUDA0 1.278996 155120 40
CPU2 44.866993 155081 sgemm sgemm CUDA3 1.297336 155121 40
CPU10 44.683283 155082 sgemm sgemm CUDA2 1.069139 155122 40
CPU2 44.822583 155083 sgemm sgemm CUDA0 1.196475 155123 40
CPU12 44.938072 155084 sgemm sgemm CUDA1 1.085860 155124 40
CPU12 44.864301 155085 sgemm sgemm CUDA1 1.063598 155125 40
CPU4 45.061620 155086 sgemm sgemm CUDA2 1.075862 155126 40
CPU4 44.844427 155087 sgemm sgemm CUDA0 1.200915 155127 40
CPU19 25.060924 155088 ssyrk ssyrk CUDA1 0.692401 155128 40
CPU19 44.794958 155089 sgemm sgemm CUDA1 1.192703 155129 40
CPU18 44.684706 155090 sgemm sgemm CUDA1 1.190863 155130 40
CPU2 44.993510 155091 sgemm sgemm CUDA3 1.147473 155131 40
CPU17 44.670469 155092 sgemm sgemm CUDA1 1.192275 155132 40
CPU19 44.780049 155093 sgemm sgemm CUDA3 1.208403 155133 40
CPU4 45.221695 155094 sgemm sgemm CUDA3 1.079821 155134 40
CPU12 44.750907 155095 sgemm sgemm CUDA3 1.067969 155135 40
CPU2 44.661986 155096 sgemm sgemm CUDA1 1.070236 155136 40
CPU5 44.937504 155097 sgemm sgemm CUDA1 12.237969 155137 40
CPU10 44.906798 155098 sgemm sgemm CUDA3 1.193699 155138 40
CPU1 44.907656 155099 sgemm sgemm CUDA2 1.204083 155139 40
CPU9 44.948877 155100 sgemm sgemm CUDA2 1.075779 155140 40
CPU4 44.884758 155101 sgemm sgemm CUDA2 0.048790 155141 40
CPU0 45.222977 155102 sgemm sgemm CUDA0 1.063940 155142 40
CPU10 44.545959 155103 sgemm sgemm CUDA3 1.195102 155143 40
CPU0 44.964035 155104 sgemm sgemm CUDA2 1.212477 155144 40
CPU19 44.754309 155105 sgemm sgemm CUDA0 1.064582 155145 40
CPU10 44.710777 155106 sgemm sgemm CUDA0 1.200619 155146 40
CPU10 45.140556 155107 sgemm sgemm CUDA2 1.301178 155147 40
CPU13 44.912983 155108 sgemm sgemm CUDA0 1.064593 155148 40
CPU3 24.990519 155109 ssyrk ssyrk CUDA3 0.676617 155149 40
CPU11 44.674204 155110 sgemm sgemm CUDA3 0.038397 155150 40
CPU5 44.670177 155111 sgemm sgemm CUDA2 1.206649 155151 40
CPU17 44.740720 155112 sgemm sgemm CUDA1 1.189728 155152 40
CPU3 45.203610 155113 sgemm sgemm CUDA3 1.062274 155153 40
CPU9 45.001344 155114 sgemm sgemm CUDA0 1.211783 155154 40
CPU11 44.718844 155115 sgemm sgemm CUDA0 1.210297 155155 40
CPU3 44.644311 155116 sgemm sgemm CUDA3 1.207743 155156 40
CPU7 45.174364 155117 sgemm sgemm CUDA2 1.085356 155157 40
CPU19 44.855247 155118 sgemm sgemm CUDA0 12.580401 155158 40
CPU9 44.712200 155119 sgemm sgemm CUDA0 1.209339 155159 40
CPU0 45.424660 155120 sgemm sgemm CUDA3 1.067280 155160 40
CPU3 44.794321 155121 sgemm sgemm CUDA0 1.084049 155161 40
CPU2 44.563980 155122 sgemm sgemm CUDA1 1.206162 155162 40
CPU10 44.729431 155123 sgemm sgemm CUDA1 1.208048 155163 40
CPU7 45.122865 155124 sgemm sgemm CUDA1 1.063187 155164 40
CPU19 44.883322 155125 sgemm sgemm CUDA2 1.076337 155165 40
CPU10 44.833940 155126 sgemm sgemm CUDA3 0.053118 155166 40
CPU10 45.248439 155127 sgemm sgemm CUDA2 12.527964 155167 40
CPU12 44.996632 155128 sgemm sgemm CUDA1 1.066547 155168 40
CPU6 25.279414 155129 ssyrk ssyrk CUDA3 0.982351 155169 40
CPU6 44.963359 155130 sgemm sgemm CUDA3 1.028243 155170 40
CPU18 44.425320 155131 sgemm sgemm CUDA1 1.003725 155171 40
CPU11 45.096099 155132 sgemm sgemm CUDA2 1.188190 155172 40
CPU2 45.134542 155133 sgemm sgemm CUDA2 1.198797 155173 40
CPU12 44.813258 155134 sgemm sgemm CUDA2 1.192878 155174 40
CPU12 45.046476 155135 sgemm sgemm CUDA2 1.063112 155175 40
CPU8 45.041759 155136 sgemm sgemm CUDA3 1.190068 155176 40
CPU19 44.784132 155137 sgemm sgemm CUDA1 1.075253 155177 40
CPU11 44.601214 155138 sgemm sgemm CUDA2 1.067852 155178 40
CPU10 44.662533 155139 sgemm sgemm CUDA2 1.202148 155179 40
CPU6 45.027804 155140 sgemm sgemm CUDA2 15.591068 155180 40
CPU2 44.712842 155141 sgemm sgemm CUDA3 1.207659 155181 40
CPU12 44.816642 155142 sgemm sgemm CUDA3 1.079730 155182 40
CPU18 44.711525 155143 sgemm sgemm CUDA2 1.203837 155183 40
CPU12 45.096157 155144 sgemm sgemm CUDA3 1.068890 155184 40
CPU1 44.907308 155145 sgemm sgemm CUDA2 0.051526 155185 40
CPU1 45.048758 155146 sgemm sgemm CUDA2 1.347927 155186 40
CPU1 45.254430 155147 sgemm sgemm CUDA1 12.292314 155187 40
CPU0 25.052366 155148 ssyrk ssyrk CPU -1 155188 40
CPU7 44.772355 155149 sgemm sgemm CUDA0 1.138450 155189 40
CPU3 44.960718 155150 sgemm sgemm CUDA2 1.080954 155190 40
CPU11 44.514554 155151 sgemm sgemm CUDA3 12.213482 155191 40
CPU12 44.698300 155152 sgemm sgemm CUDA2 0.043440 155192 40
CPU0 45.295088 155153 sgemm sgemm CUDA0 1.069148 155193 40
CPU6 44.680141 155154 sgemm sgemm CUDA0 1.212202 155194 40
CPU4 45.147865 155155 sgemm sgemm CUDA0 1.197517 155195 40
CPU10 44.620386 155156 sgemm sgemm CUDA0 0.039468 155196 40
CPU11 44.400804 155157 sgemm sgemm CUDA0 1.300777 155197 40
CPU8 44.785286 155158 sgemm sgemm CUDA2 1.195196 155198 40
CPU6 45.159180 155159 sgemm sgemm CUDA2 1.085540 155199 40
CPU10 44.628278 155160 sgemm sgemm CUDA0 1.063076 155200 40
CPU12 45.042175 155161 sgemm sgemm CUDA0 1.207293 155201 40
CPU11 44.982665 155162 sgemm sgemm CUDA3 0.042387 155202 40
CPU4 45.308552 155163 sgemm sgemm CUDA3 1.253375 155203 40
CPU6 45.519641 155164 sgemm sgemm CUDA3 1.143427 155204 40
CPU6 45.554443 155165 sgemm sgemm CUDA3 1.023402 155205 40
CPU18 24.667125 155166 ssyrk ssyrk CPU -1 155206 40
CPU18 44.465710 155167 sgemm sgemm CUDA0 12.320949 155207 40
CPU17 44.713766 155168 sgemm sgemm CUDA2 1.069399 155208 40
CPU10 44.987274 155169 sgemm sgemm CUDA2 1.066810 155209 40
CPU1 44.831909 155170 sgemm sgemm CUDA2 1.009541 155210 40
CPU7 45.129038 155171 sgemm sgemm CUDA2 1.007198 155211 40
CPU19 44.695504 155172 sgemm sgemm CUDA0 0.042820 155212 40
CPU13 44.799295 155173 sgemm sgemm CUDA2 12.447198 155213 40
CPU17 44.572123 155174 sgemm sgemm CUDA2 0.043005 155214 40
CPU0 44.871409 155175 sgemm sgemm CUDA1 1.065802 155215 40
CPU8 45.093231 155176 sgemm sgemm CUDA2 1.258820 155216 40
CPU10 44.717297 155177 sgemm sgemm CUDA1 1.137216 155217 40
CPU2 44.620315 155178 sgemm sgemm CUDA0 1.243741 155218 40
CPU19 44.739341 155179 sgemm sgemm CUDA0 1.145322 155219 40
CPU13 44.854622 155180 sgemm sgemm CUDA1 1.196350 155220 40
CPU12 45.029335 155181 sgemm sgemm CUDA0 1.064256 155221 40
CPU13 45.223452 155182 sgemm sgemm CUDA0 1.198056 155222 40
CPU0 25.179845 155183 ssyrk ssyrk CUDA0 0.188178 155223 40
CPU6 45.830029 155184 sgemm sgemm CUDA0 0.092323 155224 40
CPU11 44.618710 155185 sgemm sgemm CUDA0 1.320462 155225 40
CPU3 45.211558 155186 sgemm sgemm CUDA3 1.081710 155226 40
CPU6 45.084680 155187 sgemm sgemm CUDA2 1.366885 155227 40
CPU5 45.076349 155188 sgemm sgemm CUDA0 0.051964 155228 40
CPU3 44.784095 155189 sgemm sgemm CUDA0 1.362637 155229 40
CPU11 44.431033 155190 sgemm sgemm CUDA0 1.269204 155230 40
CPU7 44.424108 155191 sgemm sgemm CUDA0 1.203724 155231 40
CPU9 44.820714 155192 sgemm sgemm CUDA0 1.208082 155232 40
CPU10 44.613920 155193 sgemm sgemm CUDA2 1.070520 155233 40
CPU10 45.274395 155194 sgemm sgemm CUDA1 1.208722 155234 40
CPU0 45.074389 155195 sgemm sgemm CUDA2 1.202749 155235 40
CPU3 45.040501 155196 sgemm sgemm CUDA3 1.071672 155236 40
CPU1 44.950919 155197 sgemm sgemm CUDA3 1.198460 155237 40
CPU4 45.271190 155198 sgemm sgemm CUDA3 12.688314 155238 40
CPU1 24.954341 155199 ssyrk ssyrk CUDA3 0.672619 155239 40
CPU9 45.005323 155200 sgemm sgemm CUDA0 1.216386 155240 40
CPU8 45.039170 155201 sgemm sgemm CUDA3 1.207023 155241 40
CPU5 44.908611 155202 sgemm sgemm CUDA3 1.080972 155242 40
CPU3 44.929231 155203 sgemm sgemm CUDA3 0.062617 155243 40
CPU11 44.651668 155204 sgemm sgemm CUDA2 1.213345 155244 40
CPU17 44.578693 155205 sgemm sgemm CUDA0 0.237323 155245 40
CPU9 44.736729 155206 sgemm sgemm CUDA2 1.080704 155246 40
CPU2 44.898706 155207 sgemm sgemm CUDA3 1.204771 155247 40
CPU10 44.465927 155208 sgemm sgemm CUDA2 1.207717 155248 40
CPU9 44.421520 155209 sgemm sgemm CUDA2 1.075149 155249 40
CPU19 44.899183 155210 sgemm sgemm CUDA0 1.206075 155250 40
CPU13 44.744158 155211 sgemm sgemm CUDA3 1.079388 155251 40
CPU13 44.990253 155212 sgemm sgemm CUDA3 1.066412 155252 40
CPU10 45.001591 155213 sgemm sgemm CUDA3 0.045128 155253 40
CPU0 25.168513 155214 ssyrk ssyrk CUDA1 0.175172 155254 40
CPU11 44.717199 155215 sgemm sgemm CUDA3 1.063988 155255 40
CPU12 44.811202 155216 sgemm sgemm CUDA3 1.204573 155256 40
CPU12 44.766808 155217 sgemm sgemm CUDA0 1.227991 155257 40
CPU12 44.886079 155218 sgemm sgemm CUDA0 1.108916 155258 40
CPU0 45.323980 155219 sgemm sgemm CUDA0 1.351688 155259 40
CPU4 44.688356 155220 sgemm sgemm CUDA2 1.194561 155260 40
CPU2 44.850336 155221 sgemm sgemm CUDA0 1.204968 155261 40
CPU10 44.621694 155222 sgemm sgemm CUDA1 12.520203 155262 40
CPU2 44.618661 155223 sgemm sgemm CUDA2 1.369048 155263 40
CPU19 44.953774 155224 sgemm sgemm CUDA2 1.197647 155264 40
CPU5 45.017777 155225 sgemm sgemm CUDA3 1.076763 155265 40
CPU6 45.103990 155226 sgemm sgemm CUDA0 0.043158 155266 40
CPU3 44.981111 155227 sgemm sgemm CUDA0 1.062280 155267 40
CPU17 24.924831 155228 ssyrk ssyrk CUDA3 0.679009 155268 40
CPU5 44.971605 155229 sgemm sgemm CUDA2 1.211968 155269 40
CPU1 44.999412 155230 sgemm sgemm CUDA1 0.073973 155270 40
CPU12 44.856455 155231 sgemm sgemm CUDA2 1.213940 155271 40
CPU8 44.818932 155232 sgemm sgemm CUDA1 1.268530 155272 40
CPU5 44.573650 155233 sgemm sgemm CUDA2 1.291021 155273 40
CPU7 44.906754 155234 sgemm sgemm CUDA0 12.122163 155274 40
CPU10 44.461071 155235 sgemm sgemm CUDA3 0.042411 155275 40
CPU8 44.831003 155236 sgemm sgemm CUDA0 1.062157 155276 40
CPU12 44.805802 155237 sgemm sgemm CUDA1 1.210122 155277 40
CPU4 45.381417 155238 sgemm sgemm CUDA3 1.202742 155278 40
CPU4 45.246907 155239 sgemm sgemm CUDA2 1.205357 155279 40
CPU1 45.057061 155240 sgemm sgemm CUDA3 1.300733 155280 40
CPU8 24.657501 155241 ssyrk ssyrk CUDA1 0.681680 155281 40
CPU8 44.942675 155242 sgemm sgemm CUDA3 1.206289 155282 40
CPU2 44.717249 155243 sgemm sgemm CUDA1 1.063067 155283 40
CPU17 44.631968 155244 sgemm sgemm CUDA1 1.066175 155284 40
CPU2 44.565796 155245 sgemm sgemm CUDA0 1.193903 155285 40
CPU2 44.650172 155246 sgemm sgemm CUDA3 1.193519 155286 40
CPU10 44.715281 155247 sgemm sgemm CUDA3 1.319218 155287 40
CPU1 44.830964 155248 sgemm sgemm CUDA1 1.078034 155288 40
CPU19 44.873319 155249 sgemm sgemm CUDA0 1.206279 155289 40
CPU5 45.083814 155250 sgemm sgemm CUDA1 1.069626 155290 40
CPU1 45.116823 155251 sgemm sgemm CUDA0 1.314129 155291 40
CPU8 45.174322 155252 sgemm sgemm CUDA0 1.202721 155292 40
CPU19 25.111044 155253 ssyrk ssyrk CUDA3 0.971814 155293 40
CPU2 44.647681 155254 sgemm sgemm CUDA0 1.119789 155294 40
CPU4 44.912061 155255 sgemm sgemm CUDA0 1.152412 155295 40
CPU1 44.665687 155256 sgemm sgemm CUDA0 1.063717 155296 40
CPU1 44.464680 155257 sgemm sgemm CUDA3 1.204631 155297 40
CPU10 44.718844 155258 sgemm sgemm CUDA3 1.064138 155298 40
CPU6 45.095524 155259 sgemm sgemm CUDA0 12.198275 155299 40
CPU19 44.915906 155260 sgemm sgemm CUDA0 1.069468 155300 40
CPU10 44.831124 155261 sgemm sgemm CUDA3 1.078028 155301 40
CPU10 45.275051 155262 sgemm sgemm CUDA1 12.559208 155302 40
CPU2 44.729277 155263 sgemm sgemm CUDA3 1.061364 155303 40
CPU6 25.017073 155264 ssyrk ssyrk CUDA2 0.680506 155304 40
CPU3 44.945632 155265 sgemm sgemm CUDA0 1.204488 155305 40
CPU4 45.185269 155266 sgemm sgemm CUDA2 1.074345 155306 40
CPU5 44.470579 155267 sgemm sgemm CUDA0 0.041468 155307 40
CPU10 44.835830 155268 sgemm sgemm CUDA2 12.229726 155308 40
CPU11 44.583855 155269 sgemm sgemm CUDA2 1.210758 155309 40
CPU11 44.589293 155270 sgemm sgemm CUDA0 1.064813 155310 40
CPU10 44.820081 155271 sgemm sgemm CUDA1 1.064018 155311 40
CPU19 45.212233 155272 sgemm sgemm CUDA2 1.210131 155312 40
CPU19 44.962482 155273 sgemm sgemm CUDA1 1.205059 155313 40
CPU7 25.382991 155274 ssyrk ssyrk CUDA2 0.737361 155314 40
CPU3 44.740483 155275 sgemm sgemm CUDA0 1.069238 155315 40
CPU8 44.726455 155276 sgemm sgemm CUDA3 1.208222 155316 40
CPU11 44.572233 155277 sgemm sgemm CUDA3 1.209907 155317 40
CPU11 44.588217 155278 sgemm sgemm CUDA0 1.065465 155318 40
CPU11 44.716752 155279 sgemm sgemm CUDA3 1.190291 155319 40
CPU13 44.946851 155280 sgemm sgemm CUDA0 1.184581 155320 40
CPU10 44.782300 155281 sgemm sgemm CUDA0 1.082518 155321 40
CPU17 44.779188 155282 sgemm sgemm CUDA1 1.066303 155322 40
CPU6 24.791783 155283 ssyrk ssyrk CUDA0 0.671479 155323 40
CPU7 44.718354 155284 sgemm sgemm CUDA0 1.369557 155324 40
CPU10 44.785886 155285 sgemm sgemm CUDA2 0.043454 155325 40
CPU13 45.023601 155286 sgemm sgemm CUDA2 1.067122 155326 40
CPU19 45.142783 155287 sgemm sgemm CUDA0 12.630485 155327 40
CPU14 45.082796 155288 sgemm sgemm CUDA1 1.205783 155328 40
CPU8 44.922712 155289 sgemm sgemm CUDA0 1.076798 155329 40
CPU7 44.803540 155290 sgemm sgemm CUDA0 1.195791 155330 40
CPU2 24.864530 155291 ssyrk ssyrk CUDA0 0.678504 155331 40
CPU10 44.816830 155292 sgemm sgemm CUDA1 0.042699 155332 40
CPU2 44.708490 155293 sgemm sgemm CUDA1 1.206860 155333 40
CPU0 45.047832 155294 sgemm sgemm CUDA3 1.192128 155334 40
CPU2 44.649171 155295 sgemm sgemm CUDA3 12.994020 155335 40
CPU6 44.856462 155296 sgemm sgemm CUDA0 1.194816 155336 40
CPU0 44.959995 155297 sgemm sgemm CUDA1 1.075173 155337 40
CPU10 24.812729 155298 ssyrk ssyrk CPU -1 155338 40
CPU11 44.568417 155299 sgemm sgemm CUDA1 1.079075 155339 40
CPU11 44.764833 155300 sgemm sgemm CUDA0 1.065978 155340 40
CPU10 44.676659 155301 sgemm sgemm CUDA3 1.081333 155341 40
CPU5 45.093504 155302 sgemm sgemm CUDA0 1.205711 155342 40
CPU4 45.176026 155303 sgemm sgemm CUDA1 1.322098 155343 40
CPU3 25.014328 155304 ssyrk ssyrk CPU -1 155344 40
CPU15 44.772835 155305 sgemm sgemm CUDA1 12.273144 155345 40
CPU17 44.808804 155306 sgemm sgemm CUDA1 0.058123 155346 40
CPU2 44.915567 155307 sgemm sgemm CUDA1 1.384231 155347 40
CPU2 44.903991 155308 sgemm sgemm CUDA2 1.081550 155348 40
CPU19 24.972068 155309 ssyrk ssyrk CUDA1 0.694482 155349 40
CPU19 44.970088 155310 sgemm sgemm CUDA0 0.041706 155350 40
CPU12 44.867932 155311 sgemm sgemm CUDA3 12.517316 155351 40
CPU12 44.845338 155312 sgemm sgemm CUDA0 1.300399 155352 40
CPU7 25.364452 155313 ssyrk ssyrk CUDA0 0.675309 155353 40
CPU1 44.896082 155314 sgemm sgemm CUDA2 13.062006 155354 40
CPU1 44.777503 155315 sgemm sgemm CUDA2 1.213152 155355 40
CPU1 24.805039 155316 ssyrk ssyrk CUDA1 0.046785 155356 40
CPU1 44.856377 155317 sgemm sgemm CUDA2 1.064972 155357 40
CPU1 24.667211 155318 ssyrk ssyrk CUDA3 0.675772 155358 40
CPU8 31.122455 155321 strmm strmm CUDA1 15.052797 155361 40
CPU8 31.443219 155325 strmm strmm CUDA2 15.072300 155365 40
CPU0 31.759771 155329 strmm strmm CUDA1 15.507390 155369 40
CPU13 29.939839 155333 strmm strmm CUDA1 0.030669 155373 40
CPU12 30.959314 155337 strmm strmm CUDA3 5.251855 155377 40
CPU5 31.220316 155341 strmm strmm CUDA1 4.531871 155381 40
CPU13 30.001496 155345 strmm strmm CUDA1 15.084179 155385 40
CPU7 31.400359 155349 strmm strmm CUDA0 4.290014 155389 40
CPU13 30.694141 155353 strmm strmm CUDA3 12.263127 155393 40
CPU10 29.942206 155357 strmm strmm CUDA2 4.230841 155397 40
CPU3 30.968701 155361 strmm strmm CUDA2 0.034606 155401 40
CPU6 31.911102 155365 strmm strmm CUDA0 7.320333 155405 40
CPU18 29.893130 155369 strmm strmm CUDA2 12.098155 155409 40
CPU4 31.696034 155373 strmm strmm CUDA3 0.033805 155413 40
CPU10 30.354101 155377 strmm strmm CUDA0 4.530069 155417 40
CPU10 30.644479 155381 strmm strmm CUDA1 4.291907 155421 40
CPU1 31.042263 155385 strmm strmm CUDA3 4.186342 155425 40
CPU8 31.299791 155389 strmm strmm CUDA0 14.726657 155429 40
CPU2 31.046012 155393 strmm strmm CUDA1 0.028219 155433 40
CPU19 29.886808 155397 strmm strmm CUDA0 4.289576 155437 40
CPU17 30.392527 155401 strmm strmm CUDA1 4.289590 155441 40
CPU7 30.988455 155405 strmm strmm CUDA2 4.297003 155445 40
CPU10 30.725505 155409 strmm strmm CUDA2 4.284163 155449 40
CPU10 30.838892 155413 strmm strmm CUDA2 13.904385 155453 40
CPU2 30.965971 155417 strmm strmm CUDA0 0.028556 155457 40
CPU12 31.366933 155421 strmm strmm CUDA1 4.591173 155461 40
CPU10 30.669721 155425 strmm strmm CUDA2 4.541928 155465 40
CPU1 30.901782 155429 strmm strmm CUDA3 4.584013 155469 40
CPU1 30.738543 155433 strmm strmm CUDA3 4.291605 155473 40
CPU10 11.960941 155437 slauum slauum CPU -1 155477 40
CPU5 24.588798 155439 ssyrk ssyrk CUDA1 0.697006 155479 40
CPU5 45.012864 155440 sgemm sgemm CUDA1 12.726223 155480 40
CPU4 44.940899 155441 sgemm sgemm CUDA0 1.218192 155481 40
CPU5 45.002817 155442 sgemm sgemm CUDA1 1.383467 155482 40
CPU4 45.026091 155443 sgemm sgemm CUDA0 1.197378 155483 40
CPU9 44.953800 155444 sgemm sgemm CUDA1 0.054803 155484 40
CPU5 44.469468 155445 sgemm sgemm CUDA3 1.376073 155485 40
CPU5 44.656552 155446 sgemm sgemm CUDA0 0.049175 155486 40
CPU4 44.958569 155447 sgemm sgemm CUDA3 0.065782 155487 40
CPU5 45.032623 155448 sgemm sgemm CUDA3 1.077803 155488 40
CPU5 44.990809 155449 sgemm sgemm CUDA3 1.197766 155489 40
CPU8 44.986864 155450 sgemm sgemm CUDA3 1.078517 155490 40
CPU17 44.754459 155451 sgemm sgemm CUDA3 1.060754 155491 40
CPU12 44.745359 155452 sgemm sgemm CUDA3 1.197622 155492 40
CPU7 44.959566 155453 sgemm sgemm CUDA2 0.045894 155493 40
CPU9 45.009795 155454 sgemm sgemm CUDA0 1.199365 155494 40
CPU2 45.008445 155455 sgemm sgemm CUDA0 1.207884 155495 40
CPU8 45.199648 155456 sgemm sgemm CUDA0 0.038324 155496 40
CPU19 45.133053 155457 sgemm sgemm CUDA3 0.041117 155497 40
CPU12 44.571777 155458 sgemm sgemm CUDA1 1.222110 155498 40
CPU12 44.964111 155459 sgemm sgemm CUDA1 1.199729 155499 40
CPU18 44.529020 155460 sgemm sgemm CUDA0 1.197451 155500 40
CPU9 44.834455 155461 sgemm sgemm CUDA2 12.460471 155501 40
CPU10 44.939136 155462 sgemm sgemm CUDA1 1.204481 155502 40
CPU7 44.973273 155463 sgemm sgemm CUDA2 1.057261 155503 40
CPU6 45.021636 155464 sgemm sgemm CUDA1 12.963481 155504 40
CPU9 45.149478 155465 sgemm sgemm CUDA3 1.206240 155505 40
CPU8 45.269847 155466 sgemm sgemm CUDA2 1.067344 155506 40
CPU11 44.395897 155467 sgemm sgemm CUDA1 1.210187 155507 40
CPU4 45.319927 155468 sgemm sgemm CUDA1 1.204476 155508 40
CPU8 25.118520 155469 ssyrk ssyrk CUDA1 0.927442 155509 40
CPU14 44.999601 155470 sgemm sgemm CUDA0 1.210734 155510 40
CPU5 44.931510 155471 sgemm sgemm CUDA1 1.197436 155511 40
CPU5 44.559322 155472 sgemm sgemm CUDA0 1.068374 155512 40
CPU15 44.495990 155473 sgemm sgemm CUDA1 1.356705 155513 40
CPU16 44.813026 155474 sgemm sgemm CUDA1 1.204866 155514 40
CPU18 44.624236 155475 sgemm sgemm CUDA0 1.306278 155515 40
CPU18 44.224617 155476 sgemm sgemm CUDA3 1.272923 155516 40
CPU1 44.997048 155477 sgemm sgemm CUDA3 1.069451 155517 40
CPU10 44.884892 155478 sgemm sgemm CUDA3 1.067973 155518 40
CPU8 44.596594 155479 sgemm sgemm CUDA3 6.391549 155519 40
CPU16 45.133312 155480 sgemm sgemm CUDA3 1.203431 155520 40
CPU18 44.837884 155481 sgemm sgemm CUDA0 1.211537 155521 40
CPU17 44.810635 155482 sgemm sgemm CUDA0 1.069532 155522 40
CPU9 44.852993 155483 sgemm sgemm CUDA0 1.081814 155523 40
CPU2 45.423321 155484 sgemm sgemm CUDA0 1.315798 155524 40
CPU3 45.087068 155485 sgemm sgemm CUDA0 1.302779 155525 40
CPU19 44.994885 155486 sgemm sgemm CUDA3 1.319002 155526 40
CPU2 45.541389 155487 sgemm sgemm CUDA1 6.707455 155527 40
CPU11 45.119173 155488 sgemm sgemm CUDA1 1.079168 155528 40
CPU3 44.831138 155489 sgemm sgemm CUDA0 1.193819 155529 40
CPU8 44.810060 155490 sgemm sgemm CUDA2 0.059552 155530 40
CPU10 45.042006 155491 sgemm sgemm CUDA1 5.978555 155531 40
CPU15 44.821374 155492 sgemm sgemm CUDA0 1.064773 155532 40
CPU7 45.275928 155493 sgemm sgemm CUDA1 0.064208 155533 40
CPU12 44.847667 155494 sgemm sgemm CUDA3 1.075384 155534 40
CPU1 44.883526 155495 sgemm sgemm CUDA2 12.736049 155535 40
CPU8 44.779379 155496 sgemm sgemm CUDA1 1.195102 155536 40
CPU8 45.058704 155497 sgemm sgemm CUDA3 12.437130 155537 40
CPU14 24.878249 155498 ssyrk ssyrk CUDA0 0.681773 155538 40
CPU14 44.899251 155499 sgemm sgemm CUDA1 1.064371 155539 40
CPU14 45.034505 155500 sgemm sgemm CUDA0 1.082417 155540 40
CPU15 44.466574 155501 sgemm sgemm CUDA2 1.086253 155541 40
CPU14 44.910794 155502 sgemm sgemm CUDA2 1.200298 155542 40
CPU11 44.819442 155503 sgemm sgemm CUDA0 1.202260 155543 40
CPU18 44.633411 155504 sgemm sgemm CUDA1 0.063988 155544 40
CPU1 45.163958 155505 sgemm sgemm CUDA2 1.370775 155545 40
CPU4 45.081058 155506 sgemm sgemm CUDA1 1.082264 155546 40
CPU1 44.877069 155507 sgemm sgemm CUDA2 1.079726 155547 40
CPU16 44.680745 155508 sgemm sgemm CUDA0 0.110292 155548 40
CPU19 44.966355 155509 sgemm sgemm CUDA2 12.182378 155549 40
CPU5 44.613111 155510 sgemm sgemm CUDA2 1.282036 155550 40
CPU0 45.101723 155511 sgemm sgemm CUDA0 1.195284 155551 40
CPU2 45.070957 155512 sgemm sgemm CUDA1 1.187115 155552 40
CPU4 45.086671 155513 sgemm sgemm CUDA0 1.196999 155553 40
CPU19 45.220446 155514 sgemm sgemm CUDA1 1.209716 155554 40
CPU10 44.947291 155515 sgemm sgemm CUDA0 6.189074 155555 40
CPU18 44.776157 155516 sgemm sgemm CUDA1 1.206758 155556 40
CPU6 45.129004 155517 sgemm sgemm CUDA0 1.074710 155557 40
CPU2 44.472246 155518 sgemm sgemm CUDA2 1.318194 155558 40
CPU10 44.861843 155519 sgemm sgemm CUDA2 1.081047 155559 40
CPU14 44.679788 155520 sgemm sgemm CUDA0 1.067388 155560 40
CPU19 44.779442 155521 sgemm sgemm CUDA1 1.257494 155561 40
CPU13 44.864882 155522 sgemm sgemm CUDA1 1.065866 155562 40
CPU11 44.701550 155523 sgemm sgemm CUDA1 1.192143 155563 40
CPU0 45.226487 155524 sgemm sgemm CUDA0 1.201735 155564 40
CPU0 45.569127 155525 sgemm sgemm CUDA1 1.191348 155565 40
CPU0 25.448993 155526 ssyrk ssyrk CUDA2 0.679082 155566 40
CPU6 44.871824 155527 sgemm sgemm CUDA1 1.077601 155567 40
CPU15 44.498586 155528 sgemm sgemm CUDA2 1.069650 155568 40
CPU15 44.668164 155529 sgemm sgemm CUDA2 1.065635 155569 40
CPU18 44.574672 155530 sgemm sgemm CUDA0 1.065976 155570 40
CPU19 44.878651 155531 sgemm sgemm CUDA1 1.064782 155571 40
CPU4 45.220626 155532 sgemm sgemm CUDA2 1.191721 155572 40
CPU7 45.102054 155533 sgemm sgemm CUDA1 1.065479 155573 40
CPU1 44.964682 155534 sgemm sgemm CUDA2 1.079373 155574 40
CPU16 44.703571 155535 sgemm sgemm CUDA0 1.065920 155575 40
CPU15 44.924752 155536 sgemm sgemm CUDA0 7.315849 155576 40
CPU11 44.923259 155537 sgemm sgemm CUDA0 0.203112 155577 40
CPU6 45.109042 155538 sgemm sgemm CUDA0 12.698593 155578 40
CPU6 45.729660 155539 sgemm sgemm CUDA0 1.211539 155579 40
CPU5 44.950285 155540 sgemm sgemm CUDA0 1.213942 155580 40
CPU19 45.439703 155541 sgemm sgemm CUDA1 1.191019 155581 40
CPU12 44.637784 155542 sgemm sgemm CUDA2 1.214581 155582 40
CPU17 44.563368 155543 sgemm sgemm CUDA0 1.302331 155583 40
CPU8 44.889355 155544 sgemm sgemm CUDA0 1.195518 155584 40
CPU9 44.931172 155545 sgemm sgemm CUDA0 1.067229 155585 40
CPU10 44.877917 155546 sgemm sgemm CUDA2 1.066347 155586 40
CPU11 44.941454 155547 sgemm sgemm CUDA0 1.064611 155587 40
CPU9 44.732849 155548 sgemm sgemm CUDA1 1.005248 155588 40
CPU3 45.185730 155549 sgemm sgemm CUDA1 1.204665 155589 40
CPU10 44.567602 155550 sgemm sgemm CUDA0 12.904454 155590 40
CPU6 45.041349 155551 sgemm sgemm CUDA2 1.298535 155591 40
CPU13 44.859200 155552 sgemm sgemm CUDA1 1.205555 155592 40
CPU2 24.752682 155553 ssyrk ssyrk CUDA3 0.673091 155593 40
CPU15 44.505674 155554 sgemm sgemm CUDA3 1.063666 155594 40
CPU8 44.787200 155555 sgemm sgemm CUDA3 1.206956 155595 40
CPU18 44.634427 155556 sgemm sgemm CUDA3 1.387422 155596 40
CPU19 45.079828 155557 sgemm sgemm CUDA3 1.063393 155597 40
CPU2 45.007920 155558 sgemm sgemm CUDA2 1.065011 155598 40
CPU6 45.850830 155559 sgemm sgemm CUDA3 1.084505 155599 40
CPU2 44.860277 155560 sgemm sgemm CUDA3 1.199288 155600 40
CPU17 44.911124 155561 sgemm sgemm CUDA3 1.194356 155601 40
CPU6 45.147784 155562 sgemm sgemm CUDA3 1.067111 155602 40
CPU1 45.360133 155563 sgemm sgemm CUDA2 1.065933 155603 40
CPU1 44.714846 155564 sgemm sgemm CUDA3 1.065435 155604 40
CPU2 44.921577 155565 sgemm sgemm CUDA1 1.209975 155605 40
CPU4 45.029744 155566 sgemm sgemm CUDA2 1.086303 155606 40
CPU19 45.237940 155567 sgemm sgemm CUDA3 1.192592 155607 40
CPU4 45.112899 155568 sgemm sgemm CUDA3 11.506132 155608 40
CPU17 44.595731 155569 sgemm sgemm CUDA1 1.065830 155609 40
CPU0 44.917990 155570 sgemm sgemm CUDA3 1.350279 155610 40
CPU7 45.072589 155571 sgemm sgemm CUDA1 1.199234 155611 40
CPU10 44.942871 155572 sgemm sgemm CUDA1 0.047828 155612 40
CPU12 44.719991 155573 sgemm sgemm CUDA2 1.065335 155613 40
CPU10 44.959396 155574 sgemm sgemm CUDA1 1.149991 155614 40
CPU12 44.756242 155575 sgemm sgemm CUDA3 1.213585 155615 40
CPU12 44.751134 155576 sgemm sgemm CUDA2 0.038709 155616 40
CPU12 45.214558 155577 sgemm sgemm CUDA1 1.067158 155617 40
CPU12 45.048206 155578 sgemm sgemm CUDA3 0.054235 155618 40
CPU15 24.388190 155579 ssyrk ssyrk CUDA2 0.674554 155619 40
CPU15 44.758769 155580 sgemm sgemm CUDA1 1.193295 155620 40
CPU15 44.752413 155581 sgemm sgemm CUDA1 1.325150 155621 40
CPU15 44.561033 155582 sgemm sgemm CUDA1 7.007838 155622 40
CPU15 44.740703 155583 sgemm sgemm CUDA3 1.069537 155623 40
CPU15 44.627146 155584 sgemm sgemm CUDA3 1.199053 155624 40
CPU8 45.202669 155585 sgemm sgemm CUDA2 1.073411 155625 40
CPU17 44.897855 155586 sgemm sgemm CUDA0 1.365268 155626 40
CPU2 45.098947 155587 sgemm sgemm CUDA2 1.321260 155627 40
CPU3 45.191065 155588 sgemm sgemm CUDA2 1.195403 155628 40
CPU11 44.844051 155589 sgemm sgemm CUDA1 1.195308 155629 40
CPU4 45.156540 155590 sgemm sgemm CUDA1 1.186953 155630 40
CPU9 44.990710 155591 sgemm sgemm CUDA1 1.212961 155631 40
CPU19 45.081456 155592 sgemm sgemm CUDA3 1.064691 155632 40
CPU13 44.748210 155593 sgemm sgemm CUDA2 1.198205 155633 40
CPU1 45.091250 155594 sgemm sgemm CUDA1 1.084532 155634 40
CPU7 44.579519 155595 sgemm sgemm CUDA0 1.211662 155635 40
CPU6 45.305407 155596 sgemm sgemm CUDA1 1.192976 155636 40
CPU10 44.796363 155597 sgemm sgemm CUDA1 1.322912 155637 40
CPU16 44.580634 155598 sgemm sgemm CUDA0 1.199006 155638 40
CPU19 44.653307 155599 sgemm sgemm CUDA1 1.026661 155639 40
CPU3 45.278958 155600 sgemm sgemm CUDA1 1.077999 155640 40
CPU7 45.625504 155601 sgemm sgemm CUDA2 1.309648 155641 40
CPU2 44.949089 155602 sgemm sgemm CUDA2 1.208672 155642 40
CPU5 45.298234 155603 sgemm sgemm CUDA1 1.079360 155643 40
CPU16 24.583482 155604 ssyrk ssyrk CUDA2 0.053816 155644 40
CPU8 44.710923 155605 sgemm sgemm CUDA3 1.066914 155645 40
CPU18 44.589979 155606 sgemm sgemm CUDA1 1.226676 155646 40
CPU5 45.075268 155607 sgemm sgemm CUDA2 1.067436 155647 40
CPU9 44.916456 155608 sgemm sgemm CUDA1 1.064952 155648 40
CPU3 44.862857 155609 sgemm sgemm CUDA3 1.327718 155649 40
CPU17 44.743081 155610 sgemm sgemm CUDA0 1.077931 155650 40
CPU10 45.013655 155611 sgemm sgemm CUDA0 1.352193 155651 40
CPU8 45.580545 155612 sgemm sgemm CUDA0 1.201488 155652 40
CPU12 44.818084 155613 sgemm sgemm CUDA0 0.047164 155653 40
CPU6 45.168508 155614 sgemm sgemm CUDA1 1.198399 155654 40
CPU4 44.887055 155615 sgemm sgemm CUDA1 12.165718 155655 40
CPU19 44.996867 155616 sgemm sgemm CUDA1 1.081996 155656 40
CPU13 44.870060 155617 sgemm sgemm CUDA2 0.043508 155657 40
CPU7 45.254380 155618 sgemm sgemm CUDA2 1.066735 155658 40
CPU9 44.926910 155619 sgemm sgemm CUDA0 1.068657 155659 40
CPU1 45.046450 155620 sgemm sgemm CUDA3 1.066377 155660 40
CPU10 44.877534 155621 sgemm sgemm CUDA1 1.194343 155661 40
CPU15 44.725878 155622 sgemm sgemm CUDA2 1.192404 155662 40
CPU19 44.788017 155623 sgemm sgemm CUDA3 0.039942 155663 40
CPU5 44.783393 155624 sgemm sgemm CUDA3 12.534240 155664 40
CPU9 44.995564 155625 sgemm sgemm CUDA1 1.064661 155665 40
CPU13 45.214972 155626 sgemm sgemm CUDA0 1.070328 155666 40
CPU10 44.797444 155627 sgemm sgemm CUDA3 1.293177 155667 40
CPU9 24.772751 155628 ssyrk ssyrk CUDA3 0.677950 155668 40
CPU19 45.041282 155629 sgemm sgemm CUDA1 1.067944 155669 40
CPU7 45.239588 155630 sgemm sgemm CUDA3 1.211861 155670 40
CPU8 44.807174 155631 sgemm sgemm CUDA1 1.193567 155671 40
CPU2 44.649503 155632 sgemm sgemm CUDA3 1.064451 155672 40
CPU17 44.787338 155633 sgemm sgemm CUDA0 1.066125 155673 40
CPU18 44.970111 155634 sgemm sgemm CUDA2 1.201513 155674 40
CPU0 45.391431 155635 sgemm sgemm CUDA3 1.193985 155675 40
CPU10 44.789141 155636 sgemm sgemm CUDA3 1.197354 155676 40
CPU6 45.010332 155637 sgemm sgemm CUDA1 1.202057 155677 40
CPU7 45.217072 155638 sgemm sgemm CUDA2 4.634155 155678 40
CPU19 45.020826 155639 sgemm sgemm CUDA1 12.336394 155679 40
CPU11 44.919241 155640 sgemm sgemm CUDA1 1.071394 155680 40
CPU12 45.187596 155641 sgemm sgemm CUDA2 1.079967 155681 40
CPU7 44.909726 155642 sgemm sgemm CUDA3 1.198927 155682 40
CPU2 44.777752 155643 sgemm sgemm CUDA3 1.066639 155683 40
CPU10 44.907434 155644 sgemm sgemm CUDA2 1.079931 155684 40
CPU2 44.602701 155645 sgemm sgemm CUDA0 1.205196 155685 40
CPU12 44.971758 155646 sgemm sgemm CUDA3 1.300534 155686 40
CPU12 44.902651 155647 sgemm sgemm CUDA1 1.206034 155687 40
CPU4 44.961671 155648 sgemm sgemm CUDA2 1.204665 155688 40
CPU3 44.689994 155649 sgemm sgemm CUDA0 1.080909 155689 40
CPU7 45.293304 155650 sgemm sgemm CUDA3 1.201701 155690 40
CPU19 25.212914 155651 ssyrk ssyrk CUDA1 0.682637 155691 40
CPU19 44.575465 155652 sgemm sgemm CUDA3 1.213099 155692 40
CPU19 44.990207 155653 sgemm sgemm CUDA1 1.196617 155693 40
CPU0 45.097246 155654 sgemm sgemm CUDA3 1.213022 155694 40
CPU17 44.721353 155655 sgemm sgemm CUDA1 1.070298 155695 40
CPU19 44.733625 155656 sgemm sgemm CUDA3 1.067577 155696 40
CPU4 45.797737 155657 sgemm sgemm CUDA3 0.043726 155697 40
CPU12 44.807129 155658 sgemm sgemm CUDA3 1.196695 155698 40
CPU2 44.914456 155659 sgemm sgemm CUDA1 12.085659 155699 40
CPU5 45.041746 155660 sgemm sgemm CUDA1 0.039832 155700 40
CPU10 44.832276 155661 sgemm sgemm CUDA3 1.210041 155701 40
CPU1 45.140067 155662 sgemm sgemm CUDA3 1.080961 155702 40
CPU9 44.982328 155663 sgemm sgemm CUDA2 1.068569 155703 40
CPU0 44.981324 155664 sgemm sgemm CUDA3 1.199119 155704 40
CPU0 45.630891 155665 sgemm sgemm CUDA3 1.207255 155705 40
CPU10 44.762886 155666 sgemm sgemm CUDA3 1.066318 155706 40
CPU16 44.710166 155667 sgemm sgemm CUDA2 1.069615 155707 40
CPU19 44.625469 155668 sgemm sgemm CUDA3 1.006635 155708 40
CPU3 45.049294 155669 sgemm sgemm CUDA3 0.044821 155709 40
CPU0 45.275059 155670 sgemm sgemm CUDA2 1.197325 155710 40
CPU13 45.321041 155671 sgemm sgemm CUDA2 1.064764 155711 40
CPU19 44.757354 155672 sgemm sgemm CUDA3 1.064621 155712 40
CPU1 24.902123 155673 ssyrk ssyrk CUDA3 0.673934 155713 40
CPU11 44.523780 155674 sgemm sgemm CUDA3 1.202554 155714 40
CPU5 44.472494 155675 sgemm sgemm CUDA2 1.199183 155715 40
CPU17 44.723163 155676 sgemm sgemm CUDA1 0.041922 155716 40
CPU3 45.195160 155677 sgemm sgemm CUDA3 12.575080 155717 40
CPU9 45.051019 155678 sgemm sgemm CUDA0 1.210980 155718 40
CPU11 44.747205 155679 sgemm sgemm CUDA0 1.367967 155719 40
CPU6 45.308872 155680 sgemm sgemm CUDA3 0.048116 155720 40
CPU7 45.106688 155681 sgemm sgemm CUDA2 0.050783 155721 40
CPU19 44.852970 155682 sgemm sgemm CUDA1 0.040046 155722 40
CPU9 44.881573 155683 sgemm sgemm CUDA0 6.748694 155723 40
CPU0 45.539056 155684 sgemm sgemm CUDA0 1.192440 155724 40
CPU3 44.828646 155685 sgemm sgemm CUDA0 1.264497 155725 40
CPU2 45.037407 155686 sgemm sgemm CUDA1 1.204759 155726 40
CPU10 45.062921 155687 sgemm sgemm CUDA1 1.065900 155727 40
CPU14 44.708624 155688 sgemm sgemm CUDA1 1.328523 155728 40
CPU19 44.768032 155689 sgemm sgemm CUDA3 1.015051 155729 40
CPU4 45.030237 155690 sgemm sgemm CUDA3 1.300045 155730 40
CPU3 45.115983 155691 sgemm sgemm CUDA2 1.205769 155731 40
CPU12 44.843614 155692 sgemm sgemm CUDA1 12.123223 155732 40
CPU10 44.677322 155693 sgemm sgemm CUDA3 1.193640 155733 40
CPU6 25.301872 155694 ssyrk ssyrk CUDA3 0.673820 155734 40
CPU8 44.976700 155695 sgemm sgemm CUDA3 1.192776 155735 40
CPU16 44.544977 155696 sgemm sgemm CUDA1 0.043928 155736 40
CPU11 44.917409 155697 sgemm sgemm CUDA2 1.065933 155737 40
CPU2 45.905191 155698 sgemm sgemm CUDA2 1.317709 155738 40
CPU12 44.827865 155699 sgemm sgemm CUDA2 1.189597 155739 40
CPU12 44.896557 155700 sgemm sgemm CUDA2 1.193994 155740 40
CPU8 44.991430 155701 sgemm sgemm CUDA3 1.065871 155741 40
CPU19 44.788864 155702 sgemm sgemm CUDA1 1.321896 155742 40
CPU11 44.661310 155703 sgemm sgemm CUDA2 1.195305 155743 40
CPU10 44.682487 155704 sgemm sgemm CUDA2 1.080470 155744 40
CPU6 45.007904 155705 sgemm sgemm CUDA3 1.064854 155745 40
CPU7 45.079558 155706 sgemm sgemm CUDA3 1.195517 155746 40
CPU12 44.913393 155707 sgemm sgemm CUDA2 1.071449 155747 40
CPU18 44.747809 155708 sgemm sgemm CUDA2 1.206935 155748 40
CPU12 44.932739 155709 sgemm sgemm CUDA3 1.152093 155749 40
CPU1 45.159757 155710 sgemm sgemm CUDA2 12.797396 155750 40
CPU1 45.395128 155711 sgemm sgemm CUDA2 1.203071 155751 40
CPU1 44.999608 155712 sgemm sgemm CUDA1 0.043979 155752 40
CPU3 45.281496 155713 sgemm sgemm CUDA2 1.209231 155753 40
CPU5 24.545889 155714 ssyrk ssyrk CUDA3 0.052736 155754 40
CPU7 45.212564 155715 sgemm sgemm CUDA0 1.192434 155755 40
CPU3 45.079188 155716 sgemm sgemm CUDA2 1.065968 155756 40
CPU11 44.497066 155717 sgemm sgemm CUDA3 1.305813 155757 40
CPU12 44.729443 155718 sgemm sgemm CUDA2 12.506308 155758 40
CPU0 45.429237 155719 sgemm sgemm CUDA0 1.211610 155759 40
CPU6 44.558688 155720 sgemm sgemm CUDA0 8.057399 155760 40
CPU4 45.234198 155721 sgemm sgemm CUDA3 1.211442 155761 40
CPU10 44.731213 155722 sgemm sgemm CUDA3 7.004445 155762 40
CPU7 45.408822 155723 sgemm sgemm CUDA0 1.198938 155763 40
CPU8 44.884737 155724 sgemm sgemm CUDA3 1.196819 155764 40
CPU6 45.231476 155725 sgemm sgemm CUDA2 1.193239 155765 40
CPU10 44.759552 155726 sgemm sgemm CUDA0 1.062233 155766 40
CPU12 45.021847 155727 sgemm sgemm CUDA0 1.068418 155767 40
CPU11 44.934989 155728 sgemm sgemm CUDA3 1.144952 155768 40
CPU4 45.515950 155729 sgemm sgemm CUDA3 1.199922 155769 40
CPU1 45.129001 155730 sgemm sgemm CUDA3 1.068153 155770 40
CPU6 45.285303 155731 sgemm sgemm CUDA0 1.205455 155771 40
CPU2 45.229513 155732 sgemm sgemm CUDA0 1.084831 155772 40
CPU18 24.573099 155733 ssyrk ssyrk CUDA0 0.678646 155773 40
CPU17 44.642261 155734 sgemm sgemm CUDA0 1.067893 155774 40
CPU17 44.827023 155735 sgemm sgemm CUDA0 1.190231 155775 40
CPU10 44.889253 155736 sgemm sgemm CUDA2 0.051660 155776 40
CPU8 44.417225 155737 sgemm sgemm CUDA2 12.976909 155777 40
CPU7 45.259034 155738 sgemm sgemm CUDA2 1.365459 155778 40
CPU19 44.592085 155739 sgemm sgemm CUDA1 1.199165 155779 40
CPU13 44.680629 155740 sgemm sgemm CUDA2 1.065078 155780 40
CPU17 44.575822 155741 sgemm sgemm CUDA2 1.066184 155781 40
CPU0 44.968031 155742 sgemm sgemm CUDA1 1.196824 155782 40
CPU8 45.216392 155743 sgemm sgemm CUDA2 0.042592 155783 40
CPU10 44.791556 155744 sgemm sgemm CUDA0 1.196041 155784 40
CPU15 44.590171 155745 sgemm sgemm CUDA0 0.041276 155785 40
CPU19 44.747674 155746 sgemm sgemm CUDA0 1.207202 155786 40
CPU13 44.910456 155747 sgemm sgemm CUDA1 1.194823 155787 40
CPU12 45.211387 155748 sgemm sgemm CUDA0 1.069404 155788 40
CPU8 44.954149 155749 sgemm sgemm CUDA0 12.416784 155789 40
CPU18 44.868156 155750 sgemm sgemm CUDA2 1.198104 155790 40
CPU0 25.076094 155751 ssyrk ssyrk CUDA0 0.680724 155791 40
CPU6 45.208469 155752 sgemm sgemm CUDA0 1.063395 155792 40
CPU11 44.636454 155753 sgemm sgemm CUDA0 1.081851 155793 40
CPU2 44.976084 155754 sgemm sgemm CUDA3 1.064327 155794 40
CPU6 45.103087 155755 sgemm sgemm CUDA2 1.082337 155795 40
CPU19 44.608034 155756 sgemm sgemm CUDA2 5.770477 155796 40
CPU3 44.862224 155757 sgemm sgemm CUDA0 1.082383 155797 40
CPU11 44.541179 155758 sgemm sgemm CUDA0 1.064379 155798 40
CPU7 44.498081 155759 sgemm sgemm CUDA0 1.082714 155799 40
CPU9 45.114595 155760 sgemm sgemm CUDA0 1.068261 155800 40
CPU10 44.953425 155761 sgemm sgemm CUDA2 1.376643 155801 40
CPU10 45.047179 155762 sgemm sgemm CUDA2 1.063683 155802 40
CPU0 45.600617 155763 sgemm sgemm CUDA0 1.194503 155803 40
CPU3 45.084309 155764 sgemm sgemm CUDA3 1.195605 155804 40
CPU1 44.944019 155765 sgemm sgemm CUDA3 1.066564 155805 40
CPU13 45.745059 155766 sgemm sgemm CUDA3 1.209808 155806 40
CPU4 45.434352 155767 sgemm sgemm CUDA3 0.040773 155807 40
CPU1 24.875906 155768 ssyrk ssyrk CUDA3 0.679262 155808 40
CPU9 45.015993 155769 sgemm sgemm CUDA0 1.189089 155809 40
CPU8 44.855368 155770 sgemm sgemm CUDA3 1.205237 155810 40
CPU5 44.785220 155771 sgemm sgemm CUDA3 1.208286 155811 40
CPU19 44.644573 155772 sgemm sgemm CUDA3 1.210230 155812 40
CPU11 44.654889 155773 sgemm sgemm CUDA2 1.067190 155813 40
CPU17 44.895012 155774 sgemm sgemm CUDA0 12.061166 155814 40
CPU9 44.809742 155775 sgemm sgemm CUDA3 12.141495 155815 40
CPU2 45.177171 155776 sgemm sgemm CUDA3 1.202036 155816 40
CPU10 44.927289 155777 sgemm sgemm CUDA2 1.062541 155817 40
CPU16 44.767808 155778 sgemm sgemm CUDA2 0.040661 155818 40
CPU19 44.750405 155779 sgemm sgemm CUDA0 1.005212 155819 40
CPU13 44.890624 155780 sgemm sgemm CUDA3 1.066139 155820 40
CPU12 44.869111 155781 sgemm sgemm CUDA3 1.211851 155821 40
CPU10 45.128597 155782 sgemm sgemm CUDA2 1.066918 155822 40
CPU10 44.774892 155783 sgemm sgemm CUDA0 1.294356 155823 40
CPU0 25.153694 155784 ssyrk ssyrk CUDA1 0.676605 155824 40
CPU11 44.639241 155785 sgemm sgemm CUDA3 1.083874 155825 40
CPU12 44.859925 155786 sgemm sgemm CUDA1 1.210755 155826 40
CPU12 44.756940 155787 sgemm sgemm CUDA2 0.039947 155827 40
CPU12 45.017967 155788 sgemm sgemm CUDA0 1.064311 155828 40
CPU0 45.304117 155789 sgemm sgemm CUDA0 1.209088 155829 40
CPU9 44.333828 155790 sgemm sgemm CUDA1 1.209814 155830 40
CPU4 44.790651 155791 sgemm sgemm CUDA0 1.075215 155831 40
CPU10 45.106497 155792 sgemm sgemm CUDA1 12.669200 155832 40
CPU14 44.706964 155793 sgemm sgemm CUDA2 1.199478 155833 40
CPU19 44.786360 155794 sgemm sgemm CUDA0 1.009393 155834 40
CPU9 44.902302 155795 sgemm sgemm CUDA3 1.066010 155835 40
CPU13 44.870367 155796 sgemm sgemm CUDA0 0.040852 155836 40
CPU13 45.127280 155797 sgemm sgemm CUDA0 0.038958 155837 40
CPU10 44.730926 155798 sgemm sgemm CUDA1 12.112842 155838 40
CPU17 24.876173 155799 ssyrk ssyrk CUDA3 0.674308 155839 40
CPU5 44.977807 155800 sgemm sgemm CUDA2 1.071027 155840 40
CPU19 44.820553 155801 sgemm sgemm CUDA1 1.194750 155841 40
CPU12 44.869826 155802 sgemm sgemm CUDA2 0.048549 155842 40
CPU8 44.829163 155803 sgemm sgemm CUDA1 0.054101 155843 40
CPU5 44.312469 155804 sgemm sgemm CUDA1 1.198766 155844 40
CPU7 45.182891 155805 sgemm sgemm CUDA0 12.925274 155845 40
CPU10 44.821606 155806 sgemm sgemm CUDA3 1.065745 155846 40
CPU15 44.706534 155807 sgemm sgemm CUDA0 1.205199 155847 40
CPU12 44.774287 155808 sgemm sgemm CUDA1 1.148639 155848 40
CPU4 45.374841 155809 sgemm sgemm CUDA3 1.205868 155849 40
CPU8 45.265840 155810 sgemm sgemm CUDA2 1.199290 155850 40
CPU1 44.927950 155811 sgemm sgemm CUDA3 1.194955 155851 40
CPU1 45.104407 155812 sgemm sgemm CUDA3 1.210357 155852 40
CPU8 24.709903 155813 ssyrk ssyrk CPU -1 155853 40
CPU19 44.871951 155814 sgemm sgemm CUDA3 0.045338 155854 40
CPU2 44.820251 155815 sgemm sgemm CUDA1 1.084186 155855 40
CPU17 44.675025 155816 sgemm sgemm CUDA1 1.193873 155856 40
CPU2 44.327465 155817 sgemm sgemm CUDA0 1.076699 155857 40
CPU1 44.832857 155818 sgemm sgemm CUDA3 1.074322 155858 40
CPU10 44.979138 155819 sgemm sgemm CUDA3 1.316522 155859 40
CPU14 44.830999 155820 sgemm sgemm CUDA1 1.300182 155860 40
CPU19 44.794240 155821 sgemm sgemm CUDA0 1.013993 155861 40
CPU5 45.244346 155822 sgemm sgemm CUDA1 1.216212 155862 40
CPU1 45.025415 155823 sgemm sgemm CUDA0 1.198204 155863 40
CPU11 44.981612 155824 sgemm sgemm CUDA0 1.206644 155864 40
CPU8 45.240022 155825 sgemm sgemm CUDA2 1.082222 155865 40
CPU19 25.332575 155826 ssyrk ssyrk CPU -1 155866 40
CPU19 44.764673 155827 sgemm sgemm CUDA2 1.082844 155867 40
CPU19 44.747471 155828 sgemm sgemm CUDA2 1.084578 155868 40
CPU1 44.743812 155829 sgemm sgemm CUDA1 1.196147 155869 40
CPU1 44.966746 155830 sgemm sgemm CUDA3 1.082801 155870 40
CPU10 44.933236 155831 sgemm sgemm CUDA3 13.101924 155871 40
CPU16 44.785909 155832 sgemm sgemm CUDA1 1.197227 155872 40
CPU19 44.750866 155833 sgemm sgemm CUDA3 1.157012 155873 40
CPU10 44.921813 155834 sgemm sgemm CUDA1 1.068435 155874 40
CPU7 45.206437 155835 sgemm sgemm CUDA1 1.299572 155875 40
CPU12 45.202764 155836 sgemm sgemm CUDA1 1.075344 155876 40
CPU2 45.299532 155837 sgemm sgemm CUDA1 1.066943 155877 40
CPU6 25.156305 155838 ssyrk ssyrk CUDA2 0.964858 155878 40
CPU3 45.078627 155839 sgemm sgemm CUDA0 1.207248 155879 40
CPU4 45.150175 155840 sgemm sgemm CUDA1 13.005724 155880 40
CPU5 44.573401 155841 sgemm sgemm CUDA0 0.039968 155881 40
CPU10 45.110197 155842 sgemm sgemm CUDA2 1.065552 155882 40
CPU11 44.632499 155843 sgemm sgemm CUDA1 1.065315 155883 40
CPU11 44.639785 155844 sgemm sgemm CUDA0 1.149881 155884 40
CPU10 44.793763 155845 sgemm sgemm CUDA1 1.073341 155885 40
CPU19 44.954052 155846 sgemm sgemm CUDA1 1.193712 155886 40
CPU19 44.888703 155847 sgemm sgemm CUDA1 1.495691 155887 40
CPU19 44.602358 155848 sgemm sgemm CUDA0 1.193803 155888 40
CPU7 25.317496 155849 ssyrk ssyrk CUDA2 0.683753 155889 40
CPU3 45.034121 155850 sgemm sgemm CUDA0 1.206795 155890 40
CPU8 44.840261 155851 sgemm sgemm CUDA3 1.069094 155891 40
CPU11 44.623904 155852 sgemm sgemm CUDA3 1.063644 155892 40
CPU11 44.686204 155853 sgemm sgemm CUDA0 1.064731 155893 40
CPU11 44.651677 155854 sgemm sgemm CUDA3 1.153570 155894 40
CPU13 44.805499 155855 sgemm sgemm CUDA0 1.207583 155895 40
CPU10 44.715494 155856 sgemm sgemm CUDA0 1.068671 155896 40
CPU17 44.959941 155857 sgemm sgemm CUDA1 1.205928 155897 40
CPU17 44.659138 155858 sgemm sgemm CUDA1 1.315121 155898 40
CPU6 24.739797 155859 ssyrk ssyrk CPU -1 155899 40
CPU7 44.971196 155860 sgemm sgemm CUDA0 1.297865 155900 40
CPU10 45.053153 155861 sgemm sgemm CUDA2 1.205715 155901 40
CPU13 44.957801 155862 sgemm sgemm CUDA2 1.065796 155902 40
CPU19 44.961252 155863 sgemm sgemm CUDA0 1.007397 155903 40
CPU14 45.102587 155864 sgemm sgemm CUDA1 1.202144 155904 40
CPU6 44.941828 155865 sgemm sgemm CUDA0 1.204146 155905 40
CPU6 45.195423 155866 sgemm sgemm CUDA0 1.065381 155906 40
CPU7 45.178118 155867 sgemm sgemm CUDA2 1.080025 155907 40
CPU5 24.666875 155868 ssyrk ssyrk CPU -1 155908 40
CPU10 45.006480 155869 sgemm sgemm CUDA1 1.065236 155909 40
CPU2 44.794933 155870 sgemm sgemm CUDA1 1.209471 155910 40
CPU0 45.417401 155871 sgemm sgemm CUDA3 1.142036 155911 40
CPU0 45.156572 155872 sgemm sgemm CUDA3 12.278758 155912 40
CPU10 44.754060 155873 sgemm sgemm CUDA0 1.083041 155913 40
CPU13 45.261991 155874 sgemm sgemm CUDA1 1.210511 155914 40
CPU10 44.705072 155875 sgemm sgemm CUDA2 1.254509 155915 40
CPU10 24.986195 155876 ssyrk ssyrk CUDA0 0.673443 155916 40
CPU11 44.734156 155877 sgemm sgemm CUDA1 1.207732 155917 40
CPU11 44.831560 155878 sgemm sgemm CUDA0 1.010796 155918 40
CPU10 44.989405 155879 sgemm sgemm CUDA3 1.208851 155919 40
CPU5 45.025163 155880 sgemm sgemm CUDA0 1.213996 155920 40
CPU4 45.002105 155881 sgemm sgemm CUDA1 1.082682 155921 40
CPU10 45.085958 155882 sgemm sgemm CUDA2 1.204743 155922 40
CPU3 24.967428 155883 ssyrk ssyrk CUDA1 0.679826 155923 40
CPU15 44.842890 155884 sgemm sgemm CUDA1 1.156524 155924 40
CPU17 45.027381 155885 sgemm sgemm CUDA1 1.207361 155925 40
CPU2 44.979221 155886 sgemm sgemm CUDA1 0.048794 155926 40
CPU2 45.016272 155887 sgemm sgemm CUDA2 1.205023 155927 40
CPU2 44.899655 155888 sgemm sgemm CUDA0 1.204240 155928 40
CPU19 25.162596 155889 ssyrk ssyrk CPU -1 155929 40
CPU19 44.761590 155890 sgemm sgemm CUDA0 12.380885 155930 40
CPU12 44.973949 155891 sgemm sgemm CUDA3 1.206131 155931 40
CPU12 45.225098 155892 sgemm sgemm CUDA0 0.033618 155932 40
CPU19 45.385323 155893 sgemm sgemm CUDA1 1.021057 155933 40
CPU7 25.129648 155894 ssyrk ssyrk CUDA0 0.694069 155934 40
CPU8 45.069165 155895 sgemm sgemm CUDA2 1.080637 155935 40
CPU7 45.032068 155896 sgemm sgemm CUDA2 1.060269 155936 40
CPU10 45.166828 155897 sgemm sgemm CUDA2 0.041344 155937 40
CPU9 24.770632 155898 ssyrk ssyrk CPU -1 155938 40
CPU1 44.841529 155899 sgemm sgemm CUDA2 1.066051 155939 40
CPU1 44.977908 155900 sgemm sgemm CUDA3 1.206994 155940 40
CPU1 24.822698 155901 ssyrk ssyrk CUDA3 0.679322 155941 40
CPU1 44.939209 155902 sgemm sgemm CUDA3 1.196330 155942 40
CPU10 25.121842 155903 ssyrk ssyrk CUDA3 0.680697 155943 40
CPU11 29.595411 155906 strmm strmm CUDA1 0.029417 155946 40
CPU0 30.571989 155910 strmm strmm CUDA3 0.029987 155950 40
CPU0 30.801794 155914 strmm strmm CUDA0 0.031907 155954 40
CPU13 30.290647 155918 strmm strmm CUDA2 4.594745 155958 40
CPU13 31.191181 155922 strmm strmm CUDA3 4.285100 155962 40
CPU5 31.106003 155926 strmm strmm CUDA0 4.742383 155966 40
CPU10 30.544950 155930 strmm strmm CUDA3 12.996905 155970 40
CPU7 30.733401 155934 strmm strmm CUDA2 0.029703 155974 40
CPU19 30.622269 155938 strmm strmm CUDA1 4.597667 155978 40
CPU12 30.921216 155942 strmm strmm CUDA3 4.509444 155982 40
CPU0 31.367994 155946 strmm strmm CUDA1 4.285596 155986 40
CPU2 30.960243 155950 strmm strmm CUDA3 15.110816 155990 40
CPU18 29.820562 155954 strmm strmm CUDA0 4.290635 155994 40
CPU13 30.119412 155958 strmm strmm CUDA2 4.177727 155998 40
CPU12 30.094322 155962 strmm strmm CUDA2 4.293614 156002 40
CPU13 30.517154 155966 strmm strmm CUDA0 4.430263 156006 40
CPU13 30.257587 155970 strmm strmm CUDA1 15.018309 156010 40
CPU11 29.763476 155974 strmm strmm CUDA0 4.284076 156014 40
CPU12 30.521128 155978 strmm strmm CUDA1 0.029118 156018 40
CPU19 29.932699 155982 strmm strmm CUDA2 13.993612 156022 40
CPU13 30.562263 155986 strmm strmm CUDA1 4.521946 156026 40
CPU7 31.888146 155990 strmm strmm CUDA0 15.022245 156030 40
CPU13 29.958363 155994 strmm strmm CUDA0 14.863224 156034 40
CPU10 30.870276 155998 strmm strmm CUDA1 15.544443 156038 40
CPU2 30.366897 156002 strmm strmm CUDA2 4.292990 156042 40
CPU19 31.808047 156006 strmm strmm CUDA3 4.288214 156046 40
CPU10 30.256631 156010 strmm strmm CUDA3 4.527842 156050 40
CPU1 31.263214 156014 strmm strmm CUDA3 0.029008 156054 40
CPU1 30.747274 156018 strmm strmm CUDA2 4.379407 156058 40
CPU16 29.642966 156022 strmm strmm CUDA1 4.287683 156062 40
CPU16 12.043359 156026 slauum slauum CPU -1 156066 40
CPU0 25.096941 156028 ssyrk ssyrk CUDA1 0.684299 156068 40
CPU8 44.947918 156029 sgemm sgemm CUDA2 1.082182 156069 40
CPU0 45.113579 156030 sgemm sgemm CUDA0 0.050574 156070 40
CPU8 44.927201 156031 sgemm sgemm CUDA1 6.617253 156071 40
CPU4 45.157078 156032 sgemm sgemm CUDA0 1.329018 156072 40
CPU9 44.806659 156033 sgemm sgemm CUDA1 0.113482 156073 40
CPU9 44.849039 156034 sgemm sgemm CUDA3 12.449995 156074 40
CPU5 44.727749 156035 sgemm sgemm CUDA0 1.072013 156075 40
CPU4 44.872892 156036 sgemm sgemm CUDA1 1.284488 156076 40
CPU8 44.696300 156037 sgemm sgemm CUDA0 1.069206 156077 40
CPU1 45.008428 156038 sgemm sgemm CUDA1 1.065953 156078 40
CPU10 44.738606 156039 sgemm sgemm CUDA1 1.216226 156079 40
CPU15 44.884690 156040 sgemm sgemm CUDA3 1.207330 156080 40
CPU12 44.700197 156041 sgemm sgemm CUDA3 1.196053 156081 40
CPU7 44.953450 156042 sgemm sgemm CUDA2 1.364085 156082 40
CPU4 45.247846 156043 sgemm sgemm CUDA0 1.342543 156083 40
CPU6 45.254308 156044 sgemm sgemm CUDA1 1.067881 156084 40
CPU8 45.167588 156045 sgemm sgemm CUDA0 1.064715 156085 40
CPU19 44.619019 156046 sgemm sgemm CUDA3 1.063867 156086 40
CPU12 44.634858 156047 sgemm sgemm CUDA1 0.064091 156087 40
CPU12 45.104657 156048 sgemm sgemm CUDA1 1.203811 156088 40
CPU17 44.775577 156049 sgemm sgemm CUDA3 1.083330 156089 40
CPU6 45.087732 156050 sgemm sgemm CUDA3 1.078801 156090 40
CPU7 45.331958 156051 sgemm sgemm CUDA2 1.207180 156091 40
CPU7 45.039193 156052 sgemm sgemm CUDA2 1.068883 156092 40
CPU6 44.919629 156053 sgemm sgemm CUDA1 11.892707 156093 40
CPU9 45.016691 156054 sgemm sgemm CUDA2 12.787736 156094 40
CPU9 45.081842 156055 sgemm sgemm CUDA2 1.020816 156095 40
CPU13 44.823761 156056 sgemm sgemm CUDA1 1.211827 156096 40
CPU4 45.111427 156057 sgemm sgemm CUDA2 1.210450 156097 40
CPU11 45.223879 156058 sgemm sgemm CUDA1 1.064628 156098 40
CPU8 24.883464 156059 ssyrk ssyrk CUDA2 0.685266 156099 40
CPU14 45.053501 156060 sgemm sgemm CUDA2 1.186100 156100 40
CPU2 45.177205 156061 sgemm sgemm CUDA2 1.203622 156101 40
CPU5 44.688346 156062 sgemm sgemm CUDA0 1.208643 156102 40
CPU16 44.555780 156063 sgemm sgemm CUDA1 1.066556 156103 40
CPU16 44.966462 156064 sgemm sgemm CUDA3 0.041468 156104 40
CPU18 44.864460 156065 sgemm sgemm CUDA0 1.203673 156105 40
CPU18 44.405461 156066 sgemm sgemm CUDA3 1.208610 156106 40
CPU0 44.942846 156067 sgemm sgemm CUDA3 1.083142 156107 40
CPU10 44.867635 156068 sgemm sgemm CUDA3 1.081696 156108 40
CPU4 45.227619 156069 sgemm sgemm CUDA3 1.079381 156109 40
CPU16 44.946413 156070 sgemm sgemm CUDA3 1.499940 156110 40
CPU18 44.904952 156071 sgemm sgemm CUDA0 1.070980 156111 40
CPU17 44.842196 156072 sgemm sgemm CUDA2 1.209043 156112 40
CPU7 45.328171 156073 sgemm sgemm CUDA1 1.078254 156113 40
CPU7 45.251434 156074 sgemm sgemm CUDA2 1.078744 156114 40
CPU3 45.073028 156075 sgemm sgemm CUDA0 12.912371 156115 40
CPU19 44.672393 156076 sgemm sgemm CUDA3 1.206649 156116 40
CPU2 45.365132 156077 sgemm sgemm CUDA1 1.204980 156117 40
CPU11 44.856660 156078 sgemm sgemm CUDA1 1.081431 156118 40
CPU17 44.883173 156079 sgemm sgemm CUDA0 16.295831 156119 40
CPU8 44.995646 156080 sgemm sgemm CUDA3 12.080147 156120 40
CPU5 44.780625 156081 sgemm sgemm CUDA2 1.206583 156121 40
CPU16 44.754968 156082 sgemm sgemm CUDA0 1.192757 156122 40
CPU8 44.797226 156083 sgemm sgemm CUDA1 12.717933 156123 40
CPU12 44.902328 156084 sgemm sgemm CUDA2 0.039998 156124 40
CPU8 44.791486 156085 sgemm sgemm CUDA2 1.066654 156125 40
CPU13 44.866844 156086 sgemm sgemm CUDA1 1.209938 156126 40
CPU8 44.939551 156087 sgemm sgemm CUDA3 1.081369 156127 40
CPU0 45.467357 156088 sgemm sgemm CUDA3 1.295731 156128 40
CPU14 24.916596 156089 ssyrk ssyrk CUDA0 0.068076 156129 40
CPU14 44.662461 156090 sgemm sgemm CUDA2 0.313422 156130 40
CPU14 44.778273 156091 sgemm sgemm CUDA0 1.348200 156131 40
CPU15 44.478470 156092 sgemm sgemm CUDA2 1.207023 156132 40
CPU14 44.805746 156093 sgemm sgemm CUDA2 1.198968 156133 40
CPU11 44.507202 156094 sgemm sgemm CUDA0 1.227482 156134 40
CPU18 44.476679 156095 sgemm sgemm CUDA1 1.454526 156135 40
CPU1 44.724890 156096 sgemm sgemm CUDA2 1.220801 156136 40
CPU5 44.953754 156097 sgemm sgemm CUDA1 1.072875 156137 40
CPU1 45.206248 156098 sgemm sgemm CUDA2 1.210271 156138 40
CPU16 44.568553 156099 sgemm sgemm CUDA0 1.081556 156139 40
CPU19 44.830145 156100 sgemm sgemm CUDA0 1.161918 156140 40
CPU9 44.811680 156101 sgemm sgemm CUDA0 0.062551 156141 40
CPU0 45.284727 156102 sgemm sgemm CUDA0 0.049146 156142 40
CPU6 45.495274 156103 sgemm sgemm CUDA1 1.076307 156143 40
CPU4 45.095919 156104 sgemm sgemm CUDA0 0.048240 156144 40
CPU19 44.725640 156105 sgemm sgemm CUDA1 1.190725 156145 40
CPU10 45.496571 156106 sgemm sgemm CUDA2 1.063403 156146 40
CPU19 44.490168 156107 sgemm sgemm CUDA1 1.194135 156147 40
CPU17 44.748005 156108 sgemm sgemm CUDA0 1.067882 156148 40
CPU8 45.055713 156109 sgemm sgemm CUDA2 0.053912 156149 40
CPU7 45.228748 156110 sgemm sgemm CUDA2 1.065900 156150 40
CPU14 44.715025 156111 sgemm sgemm CUDA0 1.075330 156151 40
CPU19 44.848543 156112 sgemm sgemm CUDA0 1.215039 156152 40
CPU16 44.705279 156113 sgemm sgemm CUDA2 1.352085 156153 40
CPU11 44.879091 156114 sgemm sgemm CUDA1 12.048020 156154 40
CPU0 45.383685 156115 sgemm sgemm CUDA0 1.084054 156155 40
CPU0 45.444067 156116 sgemm sgemm CUDA2 1.021927 156156 40
CPU5 44.989433 156117 sgemm sgemm CUDA0 1.083646 156157 40
CPU2 24.903602 156118 ssyrk ssyrk CUDA2 0.960632 156158 40
CPU6 44.996777 156119 sgemm sgemm CUDA1 0.134517 156159 40
CPU15 44.399368 156120 sgemm sgemm CUDA2 1.096609 156160 40
CPU15 44.573038 156121 sgemm sgemm CUDA2 1.084428 156161 40
CPU18 44.852197 156122 sgemm sgemm CUDA0 1.081572 156162 40
CPU18 44.654932 156123 sgemm sgemm CUDA1 8.592350 156163 40
CPU4 44.955648 156124 sgemm sgemm CUDA2 1.062869 156164 40
CPU3 44.821872 156125 sgemm sgemm CUDA1 1.259575 156165 40
CPU1 45.051955 156126 sgemm sgemm CUDA2 1.086250 156166 40
CPU16 44.810843 156127 sgemm sgemm CUDA0 1.080536 156167 40
CPU15 45.394154 156128 sgemm sgemm CUDA0 1.060897 156168 40
CPU11 44.816402 156129 sgemm sgemm CUDA0 1.202166 156169 40
CPU2 44.897845 156130 sgemm sgemm CUDA0 1.282163 156170 40
CPU6 45.345130 156131 sgemm sgemm CUDA2 1.071082 156171 40
CPU5 44.966769 156132 sgemm sgemm CUDA0 1.368037 156172 40
CPU19 45.050512 156133 sgemm sgemm CUDA1 1.069456 156173 40
CPU12 44.632849 156134 sgemm sgemm CUDA2 1.069721 156174 40
CPU17 44.653086 156135 sgemm sgemm CUDA0 1.192428 156175 40
CPU17 44.777836 156136 sgemm sgemm CUDA0 1.071723 156176 40
CPU9 44.952817 156137 sgemm sgemm CUDA0 1.207859 156177 40
CPU8 44.713545 156138 sgemm sgemm CUDA2 1.065461 156178 40
CPU11 44.930131 156139 sgemm sgemm CUDA0 12.361365 156179 40
CPU9 44.681792 156140 sgemm sgemm CUDA0 1.210443 156180 40
CPU3 44.934093 156141 sgemm sgemm CUDA2 1.206303 156181 40
CPU7 45.195992 156142 sgemm sgemm CUDA0 1.207329 156182 40
CPU6 45.172596 156143 sgemm sgemm CUDA0 1.074282 156183 40
CPU13 45.149794 156144 sgemm sgemm CUDA2 1.014305 156184 40
CPU18 44.419255 156145 sgemm sgemm CUDA0 1.072538 156185 40
CPU3 24.716953 156146 ssyrk ssyrk CUDA0 0.732154 156186 40
CPU15 44.501047 156147 sgemm sgemm CUDA0 6.111552 156187 40
CPU8 45.000735 156148 sgemm sgemm CUDA3 1.486406 156188 40
CPU18 44.621788 156149 sgemm sgemm CUDA0 1.217979 156189 40
CPU19 44.807988 156150 sgemm sgemm CUDA1 0.110603 156190 40
CPU2 44.656720 156151 sgemm sgemm CUDA3 1.411227 156191 40
CPU6 45.635583 156152 sgemm sgemm CUDA1 6.313554 156192 40
CPU2 44.974788 156153 sgemm sgemm CUDA1 1.218958 156193 40
CPU15 44.606725 156154 sgemm sgemm CUDA3 1.080916 156194 40
CPU6 46.221352 156155 sgemm sgemm CUDA0 0.294376 156195 40
CPU8 44.810924 156156 sgemm sgemm CUDA0 1.273819 156196 40
CPU1 44.856632 156157 sgemm sgemm CUDA0 1.193483 156197 40
CPU6 45.416609 156158 sgemm sgemm CUDA1 1.198801 156198 40
CPU4 44.966367 156159 sgemm sgemm CUDA2 1.079307 156199 40
CPU19 44.939264 156160 sgemm sgemm CUDA3 1.077443 156200 40
CPU4 45.106444 156161 sgemm sgemm CUDA3 1.082460 156201 40
CPU17 44.777859 156162 sgemm sgemm CUDA1 1.210694 156202 40
CPU17 44.877527 156163 sgemm sgemm CUDA3 1.206799 156203 40
CPU7 45.032078 156164 sgemm sgemm CUDA3 1.192316 156204 40
CPU7 44.971368 156165 sgemm sgemm CUDA1 1.066163 156205 40
CPU16 44.794518 156166 sgemm sgemm CUDA2 1.083677 156206 40
CPU10 44.887054 156167 sgemm sgemm CUDA1 1.082607 156207 40
CPU12 44.844239 156168 sgemm sgemm CUDA3 1.206524 156208 40
CPU12 44.799884 156169 sgemm sgemm CUDA2 0.047929 156209 40
CPU13 44.969549 156170 sgemm sgemm CUDA1 1.203291 156210 40
CPU12 45.232630 156171 sgemm sgemm CUDA3 1.194189 156211 40
CPU13 45.056313 156172 sgemm sgemm CUDA3 1.204913 156212 40
CPU15 24.472601 156173 ssyrk ssyrk CUDA2 0.744238 156213 40
CPU15 44.572154 156174 sgemm sgemm CUDA0 12.324081 156214 40
CPU15 44.647778 156175 sgemm sgemm CUDA1 1.101965 156215 40
CPU15 44.818699 156176 sgemm sgemm CUDA1 1.097841 156216 40
CPU15 44.802536 156177 sgemm sgemm CUDA3 1.087797 156217 40
CPU15 44.595020 156178 sgemm sgemm CUDA2 0.095948 156218 40
CPU6 44.701944 156179 sgemm sgemm CUDA2 3.414753 156219 40
CPU17 44.810020 156180 sgemm sgemm CUDA0 3.750979 156220 40
CPU2 45.157252 156181 sgemm sgemm CUDA2 1.149252 156221 40
CPU3 45.183552 156182 sgemm sgemm CUDA2 6.609379 156222 40
CPU4 45.135241 156183 sgemm sgemm CUDA1 1.208974 156223 40
CPU6 45.457984 156184 sgemm sgemm CUDA2 1.213699 156224 40
CPU9 45.020099 156185 sgemm sgemm CUDA2 1.205594 156225 40
CPU19 44.923272 156186 sgemm sgemm CUDA3 1.078454 156226 40
CPU9 45.185705 156187 sgemm sgemm CUDA2 1.189883 156227 40
CPU1 45.273083 156188 sgemm sgemm CUDA1 1.190256 156228 40
CPU17 44.713866 156189 sgemm sgemm CUDA0 1.194062 156229 40
CPU6 45.335141 156190 sgemm sgemm CUDA3 1.208560 156230 40
CPU6 45.126283 156191 sgemm sgemm CUDA1 1.078332 156231 40
CPU14 44.674176 156192 sgemm sgemm CUDA0 0.045537 156232 40
CPU19 44.951827 156193 sgemm sgemm CUDA1 1.261721 156233 40
CPU3 45.145797 156194 sgemm sgemm CUDA3 1.196765 156234 40
CPU7 45.356286 156195 sgemm sgemm CUDA1 0.842796 156235 40
CPU2 45.066171 156196 sgemm sgemm CUDA2 1.210217 156236 40
CPU5 44.889321 156197 sgemm sgemm CUDA2 1.151048 156237 40
CPU2 45.150448 156198 sgemm sgemm CUDA0 1.205813 156238 40
CPU16 24.624240 156199 ssyrk ssyrk CPU -1 156239 40
CPU8 44.888209 156200 sgemm sgemm CUDA0 1.315831 156240 40
CPU18 44.428455 156201 sgemm sgemm CUDA1 1.067791 156241 40
CPU5 44.772804 156202 sgemm sgemm CUDA2 1.196761 156242 40
CPU9 44.387885 156203 sgemm sgemm CUDA1 1.206493 156243 40
CPU3 44.911592 156204 sgemm sgemm CUDA0 1.194985 156244 40
CPU17 44.663454 156205 sgemm sgemm CUDA0 1.200356 156245 40
CPU10 44.833642 156206 sgemm sgemm CUDA0 1.080056 156246 40
CPU9 44.546032 156207 sgemm sgemm CUDA0 1.066011 156247 40
CPU12 44.742234 156208 sgemm sgemm CUDA0 1.205394 156248 40
CPU0 44.810260 156209 sgemm sgemm CUDA1 1.065346 156249 40
CPU4 44.912201 156210 sgemm sgemm CUDA1 1.196837 156250 40
CPU19 44.905151 156211 sgemm sgemm CUDA1 1.208814 156251 40
CPU13 44.828836 156212 sgemm sgemm CUDA2 1.364381 156252 40
CPU7 45.334494 156213 sgemm sgemm CUDA2 1.064413 156253 40
CPU17 44.765782 156214 sgemm sgemm CUDA0 1.450201 156254 40
CPU1 45.131227 156215 sgemm sgemm CUDA3 1.065076 156255 40
CPU5 44.896497 156216 sgemm sgemm CUDA1 1.194332 156256 40
CPU16 44.774993 156217 sgemm sgemm CUDA2 1.206154 156257 40
CPU19 45.074302 156218 sgemm sgemm CUDA3 1.066536 156258 40
CPU5 44.633769 156219 sgemm sgemm CUDA3 1.067473 156259 40
CPU9 44.657793 156220 sgemm sgemm CUDA1 1.198985 156260 40
CPU13 44.700764 156221 sgemm sgemm CUDA0 1.199697 156261 40
CPU1 44.857953 156222 sgemm sgemm CUDA3 1.207331 156262 40
CPU10 44.969247 156223 sgemm sgemm CUDA3 1.205447 156263 40
CPU17 24.985222 156224 ssyrk ssyrk CUDA3 0.221195 156264 40
CPU18 44.544576 156225 sgemm sgemm CUDA3 1.212008 156265 40
CPU0 45.024592 156226 sgemm sgemm CUDA3 1.207901 156266 40
CPU8 44.942109 156227 sgemm sgemm CUDA1 0.050546 156267 40
CPU2 44.566765 156228 sgemm sgemm CUDA3 0.044824 156268 40
CPU17 44.700686 156229 sgemm sgemm CUDA0 0.064466 156269 40
CPU18 44.855524 156230 sgemm sgemm CUDA0 8.192172 156270 40
CPU0 45.612380 156231 sgemm sgemm CUDA3 1.336501 156271 40
CPU10 44.657689 156232 sgemm sgemm CUDA3 1.222113 156272 40
CPU6 45.015393 156233 sgemm sgemm CUDA1 1.069698 156273 40
CPU7 45.269231 156234 sgemm sgemm CUDA2 1.209018 156274 40
CPU19 44.777081 156235 sgemm sgemm CUDA1 1.200327 156275 40
CPU11 44.929986 156236 sgemm sgemm CUDA1 1.290842 156276 40
CPU12 45.095484 156237 sgemm sgemm CUDA1 1.064811 156277 40
CPU17 44.820532 156238 sgemm sgemm CUDA3 0.041194 156278 40
CPU2 44.505163 156239 sgemm sgemm CUDA3 1.083645 156279 40
CPU3 44.443297 156240 sgemm sgemm CUDA2 12.686862 156280 40
CPU2 44.867896 156241 sgemm sgemm CUDA0 1.300007 156281 40
CPU12 44.809713 156242 sgemm sgemm CUDA1 3.486298 156282 40
CPU12 45.021686 156243 sgemm sgemm CUDA3 1.070099 156283 40
CPU4 45.014185 156244 sgemm sgemm CUDA2 1.354940 156284 40
CPU3 44.980245 156245 sgemm sgemm CUDA0 1.080649 156285 40
CPU7 44.983001 156246 sgemm sgemm CUDA3 13.121142 156286 40
CPU3 44.826979 156247 sgemm sgemm CUDA1 1.081152 156287 40
CPU19 24.902430 156248 ssyrk ssyrk CUDA1 0.902212 156288 40
CPU18 44.656644 156249 sgemm sgemm CUDA3 1.070424 156289 40
CPU19 44.899687 156250 sgemm sgemm CUDA1 1.315644 156290 40
CPU0 44.830417 156251 sgemm sgemm CUDA3 1.304120 156291 40
CPU15 44.616126 156252 sgemm sgemm CUDA1 1.225967 156292 40
CPU19 44.714044 156253 sgemm sgemm CUDA3 1.216047 156293 40
CPU1 44.737855 156254 sgemm sgemm CUDA3 7.044685 156294 40
CPU10 44.734002 156255 sgemm sgemm CUDA3 1.065401 156295 40
CPU2 44.735402 156256 sgemm sgemm CUDA1 1.066919 156296 40
CPU5 44.993420 156257 sgemm sgemm CUDA1 12.675004 156297 40
CPU19 44.832735 156258 sgemm sgemm CUDA3 1.208110 156298 40
CPU1 45.039465 156259 sgemm sgemm CUDA3 1.069390 156299 40
CPU9 45.108624 156260 sgemm sgemm CUDA1 1.192709 156300 40
CPU17 44.828913 156261 sgemm sgemm CUDA3 1.066832 156301 40
CPU0 45.504768 156262 sgemm sgemm CUDA3 1.087298 156302 40
CPU7 45.122018 156263 sgemm sgemm CUDA3 0.053285 156303 40
CPU14 44.705847 156264 sgemm sgemm CUDA2 1.210916 156304 40
CPU19 44.897927 156265 sgemm sgemm CUDA3 1.066429 156305 40
CPU3 44.929431 156266 sgemm sgemm CUDA3 1.206149 156306 40
CPU5 45.025193 156267 sgemm sgemm CUDA1 1.081681 156307 40
CPU13 45.368127 156268 sgemm sgemm CUDA2 1.077973 156308 40
CPU19 45.207905 156269 sgemm sgemm CUDA3 0.042015 156309 40
CPU19 44.754049 156270 sgemm sgemm CUDA1 1.211735 156310 40
CPU0 24.936358 156271 ssyrk ssyrk CUDA3 3.483451 156311 40
CPU11 44.654453 156272 sgemm sgemm CUDA3 0.079359 156312 40
CPU5 44.279987 156273 sgemm sgemm CUDA2 0.079272 156313 40
CPU15 44.523545 156274 sgemm sgemm CUDA1 1.086976 156314 40
CPU3 44.897851 156275 sgemm sgemm CUDA3 11.880516 156315 40
CPU9 44.790917 156276 sgemm sgemm CUDA2 1.070350 156316 40
CPU5 44.246156 156277 sgemm sgemm CUDA0 1.103895 156317 40
CPU6 45.060101 156278 sgemm sgemm CUDA2 1.082261 156318 40
CPU7 44.921006 156279 sgemm sgemm CUDA2 1.064414 156319 40
CPU19 44.804266 156280 sgemm sgemm CUDA1 1.076237 156320 40
CPU9 44.684252 156281 sgemm sgemm CUDA0 1.206610 156321 40
CPU0 45.440025 156282 sgemm sgemm CUDA0 1.063119 156322 40
CPU17 45.008046 156283 sgemm sgemm CUDA0 1.189411 156323 40
CPU9 44.762064 156284 sgemm sgemm CUDA0 12.260404 156324 40
CPU1 44.510699 156285 sgemm sgemm CUDA3 1.321828 156325 40
CPU15 44.570691 156286 sgemm sgemm CUDA1 1.203532 156326 40
CPU19 45.064715 156287 sgemm sgemm CUDA3 1.195706 156327 40
CPU4 44.728962 156288 sgemm sgemm CUDA3 1.068924 156328 40
CPU9 44.772449 156289 sgemm sgemm CUDA0 1.191542 156329 40
CPU13 44.793195 156290 sgemm sgemm CUDA1 1.072125 156330 40
CPU12 45.221013 156291 sgemm sgemm CUDA3 0.045532 156331 40
CPU12 45.198114 156292 sgemm sgemm CUDA3 1.075611 156332 40
CPU6 25.071137 156293 ssyrk ssyrk CUDA3 0.079824 156333 40
CPU8 44.815345 156294 sgemm sgemm CUDA3 1.066438 156334 40
CPU16 44.607222 156295 sgemm sgemm CUDA1 0.068324 156335 40
CPU11 44.933317 156296 sgemm sgemm CUDA2 1.329126 156336 40
CPU2 45.373361 156297 sgemm sgemm CUDA2 1.074969 156337 40
CPU12 44.818829 156298 sgemm sgemm CUDA3 1.209555 156338 40
CPU12 44.979127 156299 sgemm sgemm CUDA2 12.986785 156339 40
CPU8 44.943828 156300 sgemm sgemm CUDA1 0.047321 156340 40
CPU19 44.843449 156301 sgemm sgemm CUDA1 0.048626 156341 40
CPU11 44.735943 156302 sgemm sgemm CUDA2 1.069637 156342 40
CPU10 44.505742 156303 sgemm sgemm CUDA1 1.213726 156343 40
CPU17 44.959891 156304 sgemm sgemm CUDA3 1.078889 156344 40
CPU7 45.128883 156305 sgemm sgemm CUDA3 1.066109 156345 40
CPU12 44.773045 156306 sgemm sgemm CUDA2 1.372134 156346 40
CPU18 44.698783 156307 sgemm sgemm CUDA2 1.066913 156347 40
CPU11 44.930640 156308 sgemm sgemm CUDA3 1.214809 156348 40
CPU1 44.926682 156309 sgemm sgemm CUDA2 1.196520 156349 40
CPU1 45.041484 156310 sgemm sgemm CUDA2 1.206200 156350 40
CPU1 45.044449 156311 sgemm sgemm CUDA1 1.192327 156351 40
CPU3 44.872126 156312 sgemm sgemm CUDA2 1.012846 156352 40
CPU0 45.427994 156313 sgemm sgemm CUDA1 1.084272 156353 40
CPU5 24.614481 156314 ssyrk ssyrk CUDA3 0.674058 156354 40
CPU7 45.135391 156315 sgemm sgemm CUDA3 1.192216 156355 40
CPU3 45.080241 156316 sgemm sgemm CUDA2 11.881882 156356 40
CPU11 44.480042 156317 sgemm sgemm CUDA3 1.206582 156357 40
CPU12 44.668691 156318 sgemm sgemm CUDA2 0.065908 156358 40
CPU0 45.557621 156319 sgemm sgemm CUDA2 0.048147 156359 40
CPU6 44.556606 156320 sgemm sgemm CUDA0 1.191839 156360 40
CPU4 45.135486 156321 sgemm sgemm CUDA3 1.196583 156361 40
CPU10 44.710162 156322 sgemm sgemm CUDA3 1.068306 156362 40
CPU7 45.259570 156323 sgemm sgemm CUDA1 1.080127 156363 40
CPU17 44.909549 156324 sgemm sgemm CUDA3 1.078960 156364 40
CPU6 45.204173 156325 sgemm sgemm CUDA2 1.065821 156365 40
CPU7 45.147028 156326 sgemm sgemm CUDA3 1.196339 156366 40
CPU12 45.566826 156327 sgemm sgemm CUDA0 1.204932 156367 40
CPU11 45.022454 156328 sgemm sgemm CUDA3 1.211359 156368 40
CPU4 45.156428 156329 sgemm sgemm CUDA3 1.205733 156369 40
CPU1 45.237145 156330 sgemm sgemm CUDA3 1.152140 156370 40
CPU6 45.282664 156331 sgemm sgemm CUDA0 0.056371 156371 40
CPU6 45.005913 156332 sgemm sgemm CUDA0 1.207690 156372 40
CPU2 44.726275 156333 sgemm sgemm CUDA3 1.065480 156373 40
CPU18 24.494377 156334 ssyrk ssyrk CUDA0 0.044440 156374 40
CPU17 44.749671 156335 sgemm sgemm CUDA0 1.347103 156375 40
CPU15 44.484656 156336 sgemm sgemm CUDA0 1.082976 156376 40
CPU10 44.808306 156337 sgemm sgemm CUDA2 1.085592 156377 40
CPU6 45.214010 156338 sgemm sgemm CUDA2 1.292621 156378 40
CPU7 45.175965 156339 sgemm sgemm CUDA2 12.120803 156379 40
CPU19 44.639664 156340 sgemm sgemm CUDA1 1.294763 156380 40
CPU8 45.232170 156341 sgemm sgemm CUDA2 1.079842 156381 40
CPU17 44.603083 156342 sgemm sgemm CUDA2 1.193509 156382 40
CPU17 44.722516 156343 sgemm sgemm CUDA1 1.215055 156383 40
CPU8 45.214225 156344 sgemm sgemm CUDA2 1.064469 156384 40
CPU6 45.067156 156345 sgemm sgemm CUDA3 1.080913 156385 40
CPU16 44.515818 156346 sgemm sgemm CUDA0 1.080309 156386 40
CPU19 44.807821 156347 sgemm sgemm CUDA2 1.190637 156387 40
CPU13 45.115979 156348 sgemm sgemm CUDA2 1.211750 156388 40
CPU12 44.930033 156349 sgemm sgemm CUDA0 1.207880 156389 40
CPU8 45.161495 156350 sgemm sgemm CUDA0 1.255596 156390 40
CPU18 44.822962 156351 sgemm sgemm CUDA2 2.310058 156391 40
CPU17 44.746321 156352 sgemm sgemm CUDA0 1.080520 156392 40
CPU0 25.113803 156353 ssyrk ssyrk CUDA0 1.028988 156393 40
CPU6 45.253247 156354 sgemm sgemm CUDA0 1.078142 156394 40
CPU11 44.515266 156355 sgemm sgemm CUDA0 1.227005 156395 40
CPU6 45.119046 156356 sgemm sgemm CUDA3 1.194886 156396 40
CPU6 45.032203 156357 sgemm sgemm CUDA2 0.039300 156397 40
CPU19 44.640876 156358 sgemm sgemm CUDA3 12.493805 156398 40
CPU3 44.927929 156359 sgemm sgemm CUDA0 1.061150 156399 40
CPU11 44.529810 156360 sgemm sgemm CUDA0 1.303088 156400 40
CPU17 44.708718 156361 sgemm sgemm CUDA0 0.049050 156401 40
CPU9 45.110600 156362 sgemm sgemm CUDA0 1.199991 156402 40
CPU8 44.873203 156363 sgemm sgemm CUDA2 1.193729 156403 40
CPU10 44.991320 156364 sgemm sgemm CUDA2 1.212368 156404 40
CPU0 45.348150 156365 sgemm sgemm CUDA0 1.064282 156405 40
CPU3 44.956873 156366 sgemm sgemm CUDA3 1.189364 156406 40
CPU6 44.915464 156367 sgemm sgemm CUDA3 1.011019 156407 40
CPU13 44.687831 156368 sgemm sgemm CUDA0 1.059796 156408 40
CPU4 45.019767 156369 sgemm sgemm CUDA3 1.252911 156409 40
CPU10 44.896717 156370 sgemm sgemm CUDA2 1.205628 156410 40
CPU1 24.846622 156371 ssyrk ssyrk CUDA3 0.685849 156411 40
CPU9 44.986136 156372 sgemm sgemm CUDA0 1.067176 156412 40
CPU5 45.018442 156373 sgemm sgemm CUDA3 1.206970 156413 40
CPU4 44.991164 156374 sgemm sgemm CUDA0 1.086278 156414 40
CPU19 44.728145 156375 sgemm sgemm CUDA3 0.040299 156415 40
CPU1 45.137045 156376 sgemm sgemm CUDA2 1.069003 156416 40
CPU17 44.668715 156377 sgemm sgemm CUDA0 1.189047 156417 40
CPU17 44.798283 156378 sgemm sgemm CUDA3 1.066931 156418 40
CPU6 45.146290 156379 sgemm sgemm CUDA3 12.250682 156419 40
CPU5 44.566879 156380 sgemm sgemm CUDA2 1.193590 156420 40
CPU14 44.421772 156381 sgemm sgemm CUDA2 1.083167 156421 40
CPU19 44.913918 156382 sgemm sgemm CUDA0 1.198316 156422 40
CPU17 44.818260 156383 sgemm sgemm CUDA3 1.208277 156423 40
CPU12 45.056550 156384 sgemm sgemm CUDA3 1.011033 156424 40
CPU10 44.835019 156385 sgemm sgemm CUDA2 1.206487 156425 40
CPU5 44.759475 156386 sgemm sgemm CUDA0 1.205290 156426 40
CPU11 44.876548 156387 sgemm sgemm CUDA2 1.205561 156427 40
CPU0 25.213900 156388 ssyrk ssyrk CUDA1 0.699233 156428 40
CPU11 44.554961 156389 sgemm sgemm CUDA3 1.065417 156429 40
CPU12 44.767206 156390 sgemm sgemm CUDA1 1.344496 156430 40
CPU12 44.681623 156391 sgemm sgemm CUDA3 1.302684 156431 40
CPU11 44.588740 156392 sgemm sgemm CUDA0 1.065239 156432 40
CPU0 45.559105 156393 sgemm sgemm CUDA0 1.206796 156433 40
CPU17 44.866671 156394 sgemm sgemm CUDA1 0.049626 156434 40
CPU4 45.168701 156395 sgemm sgemm CUDA0 1.063331 156435 40
CPU3 44.539534 156396 sgemm sgemm CUDA1 13.198537 156436 40
CPU15 44.461020 156397 sgemm sgemm CUDA2 1.070787 156437 40
CPU19 44.910832 156398 sgemm sgemm CUDA2 1.204044 156438 40
CPU4 45.161248 156399 sgemm sgemm CUDA3 1.085679 156439 40
CPU8 44.885734 156400 sgemm sgemm CUDA0 0.044176 156440 40
CPU19 44.783704 156401 sgemm sgemm CUDA0 1.195946 156441 40
CPU12 45.271122 156402 sgemm sgemm CUDA1 1.064587 156442 40
CPU13 44.737364 156403 sgemm sgemm CUDA0 1.082440 156443 40
CPU17 24.760581 156404 ssyrk ssyrk CUDA3 0.680352 156444 40
CPU5 44.933728 156405 sgemm sgemm CUDA2 1.320185 156445 40
CPU19 44.730041 156406 sgemm sgemm CUDA1 1.082122 156446 40
CPU12 44.930770 156407 sgemm sgemm CUDA2 1.071947 156447 40
CPU8 44.840457 156408 sgemm sgemm CUDA2 1.203832 156448 40
CPU17 44.835316 156409 sgemm sgemm CUDA1 1.314456 156449 40
CPU7 45.128155 156410 sgemm sgemm CUDA3 0.040447 156450 40
CPU7 45.146685 156411 sgemm sgemm CUDA3 1.191005 156451 40
CPU16 44.606407 156412 sgemm sgemm CUDA1 1.067381 156452 40
CPU12 44.905236 156413 sgemm sgemm CUDA1 1.072966 156453 40
CPU4 45.181231 156414 sgemm sgemm CUDA3 12.051852 156454 40
CPU3 44.708724 156415 sgemm sgemm CUDA1 1.209222 156455 40
CPU10 44.774886 156416 sgemm sgemm CUDA1 0.043587 156456 40
CPU1 44.847513 156417 sgemm sgemm CUDA3 1.064169 156457 40
CPU13 44.707939 156418 sgemm sgemm CUDA1 1.065599 156458 40
CPU8 24.865786 156419 ssyrk ssyrk CPU -1 156459 40
CPU19 44.880083 156420 sgemm sgemm CUDA0 0.043876 156460 40
CPU2 44.873370 156421 sgemm sgemm CUDA1 1.207574 156461 40
CPU17 44.620741 156422 sgemm sgemm CUDA1 1.205541 156462 40
CPU17 44.793519 156423 sgemm sgemm CUDA0 1.082363 156463 40
CPU1 44.786169 156424 sgemm sgemm CUDA0 1.200515 156464 40
CPU1 44.764667 156425 sgemm sgemm CUDA3 1.204747 156465 40
CPU14 44.624470 156426 sgemm sgemm CUDA1 1.066673 156466 40
CPU19 44.863967 156427 sgemm sgemm CUDA0 1.188388 156467 40
CPU5 44.955036 156428 sgemm sgemm CUDA2 0.041998 156468 40
CPU7 45.224341 156429 sgemm sgemm CUDA0 0.059835 156469 40
CPU13 44.607646 156430 sgemm sgemm CUDA0 1.196243 156470 40
CPU8 45.200225 156431 sgemm sgemm CUDA2 1.009288 156471 40
CPU11 44.825220 156432 sgemm sgemm CUDA0 12.047925 156472 40
CPU19 24.943827 156433 ssyrk ssyrk CPU -1 156473 40
CPU19 44.793147 156434 sgemm sgemm CUDA3 1.065780 156474 40
CPU18 44.383632 156435 sgemm sgemm CUDA2 1.196263 156475 40
CPU17 44.798217 156436 sgemm sgemm CUDA1 1.078701 156476 40
CPU1 44.973612 156437 sgemm sgemm CUDA3 1.064772 156477 40
CPU7 45.226328 156438 sgemm sgemm CUDA3 1.190840 156478 40
CPU15 44.488489 156439 sgemm sgemm CUDA1 1.065173 156479 40
CPU19 44.993169 156440 sgemm sgemm CUDA3 1.210249 156480 40
CPU10 44.955271 156441 sgemm sgemm CUDA1 12.477376 156481 40
CPU9 44.365746 156442 sgemm sgemm CUDA1 1.199918 156482 40
CPU17 44.819354 156443 sgemm sgemm CUDA1 0.040336 156483 40
CPU2 44.694297 156444 sgemm sgemm CUDA1 1.065619 156484 40
CPU12 44.874208 156445 sgemm sgemm CUDA1 1.303002 156485 40
CPU6 25.304510 156446 ssyrk ssyrk CUDA2 0.693444 156486 40
CPU3 45.039542 156447 sgemm sgemm CUDA0 1.066327 156487 40
CPU17 44.809761 156448 sgemm sgemm CUDA1 1.207278 156488 40
CPU5 44.484334 156449 sgemm sgemm CUDA0 1.065960 156489 40
CPU6 44.839182 156450 sgemm sgemm CUDA2 1.212488 156490 40
CPU11 44.479280 156451 sgemm sgemm CUDA1 1.206032 156491 40
CPU11 44.529013 156452 sgemm sgemm CUDA0 1.062200 156492 40
CPU10 44.908519 156453 sgemm sgemm CUDA1 1.082070 156493 40
CPU19 44.741522 156454 sgemm sgemm CUDA1 12.686682 156494 40
CPU19 44.701738 156455 sgemm sgemm CUDA1 1.207939 156495 40
CPU19 45.093907 156456 sgemm sgemm CUDA0 1.068364 156496 40
CPU19 45.087007 156457 sgemm sgemm CUDA2 1.075779 156497 40
CPU7 25.292647 156458 ssyrk ssyrk CUDA2 0.680102 156498 40
CPU17 44.797322 156459 sgemm sgemm CUDA0 1.076158 156499 40
CPU6 45.030277 156460 sgemm sgemm CUDA3 1.209410 156500 40
CPU9 44.875673 156461 sgemm sgemm CUDA3 1.075171 156501 40
CPU11 44.515520 156462 sgemm sgemm CUDA0 1.079863 156502 40
CPU11 44.658607 156463 sgemm sgemm CUDA2 1.082207 156503 40
CPU13 45.189854 156464 sgemm sgemm CUDA0 1.077765 156504 40
CPU10 44.696602 156465 sgemm sgemm CUDA0 1.314517 156505 40
CPU17 44.596887 156466 sgemm sgemm CUDA1 1.207837 156506 40
CPU17 44.834300 156467 sgemm sgemm CUDA1 1.068392 156507 40
CPU6 45.969191 156468 sgemm sgemm CUDA1 1.203655 156508 40
CPU17 25.298823 156469 ssyrk ssyrk CUDA3 0.679269 156509 40
CPU7 44.943528 156470 sgemm sgemm CUDA0 1.064462 156510 40
CPU8 44.708620 156471 sgemm sgemm CUDA1 1.317414 156511 40
CPU6 45.169264 156472 sgemm sgemm CUDA0 1.082763 156512 40
CPU19 45.003407 156473 sgemm sgemm CUDA0 1.202345 156513 40
CPU17 45.020980 156474 sgemm sgemm CUDA1 1.205381 156514 40
CPU6 44.747825 156475 sgemm sgemm CUDA0 1.133215 156515 40
CPU18 44.619284 156476 sgemm sgemm CUDA0 1.209323 156516 40
CPU7 45.028294 156477 sgemm sgemm CUDA0 1.072532 156517 40
CPU7 45.280598 156478 sgemm sgemm CUDA0 1.067561 156518 40
CPU5 24.943083 156479 ssyrk ssyrk CUDA2 0.680320 156519 40
CPU3 44.547943 156480 sgemm sgemm CUDA2 0.033361 156520 40
CPU5 44.967544 156481 sgemm sgemm CUDA1 1.068958 156521 40
CPU0 45.333543 156482 sgemm sgemm CUDA3 1.066469 156522 40
CPU0 44.877812 156483 sgemm sgemm CUDA0 1.066955 156523 40
CPU10 44.749199 156484 sgemm sgemm CUDA0 1.148167 156524 40
CPU19 44.836859 156485 sgemm sgemm CUDA1 1.075103 156525 40
CPU12 45.211967 156486 sgemm sgemm CUDA2 1.010736 156526 40
CPU13 44.791677 156487 sgemm sgemm CUDA0 1.196105 156527 40
CPU5 24.614019 156488 ssyrk ssyrk CUDA3 1.104936 156528 40
CPU7 45.275016 156489 sgemm sgemm CUDA1 1.210052 156529 40
CPU11 44.822390 156490 sgemm sgemm CUDA3 1.064613 156530 40
CPU10 44.856557 156491 sgemm sgemm CUDA2 1.064775 156531 40
CPU5 45.044268 156492 sgemm sgemm CUDA3 1.154591 156532 40
CPU4 45.324358 156493 sgemm sgemm CUDA1 1.199467 156533 40
CPU10 45.111464 156494 sgemm sgemm CUDA2 1.067956 156534 40
CPU10 44.826424 156495 sgemm sgemm CUDA1 1.080887 156535 40
CPU3 25.147650 156496 ssyrk ssyrk CUDA1 0.678352 156536 40
CPU15 44.708259 156497 sgemm sgemm CUDA2 1.200288 156537 40
CPU17 45.040624 156498 sgemm sgemm CUDA1 1.204379 156538 40
CPU2 45.035368 156499 sgemm sgemm CUDA1 0.043374 156539 40
CPU2 45.090484 156500 sgemm sgemm CUDA2 1.068335 156540 40
CPU2 44.723591 156501 sgemm sgemm CUDA0 13.006346 156541 40
CPU2 44.813064 156502 sgemm sgemm CUDA2 1.080115 156542 40
CPU19 25.073243 156503 ssyrk ssyrk CUDA2 0.670807 156543 40
CPU19 44.864837 156504 sgemm sgemm CUDA0 1.193492 156544 40
CPU12 45.073983 156505 sgemm sgemm CUDA3 1.009936 156545 40
CPU12 44.933976 156506 sgemm sgemm CUDA2 24.467285 156546 40
CPU19 45.470947 156507 sgemm sgemm CUDA1 1.203538 156547 40
CPU19 45.140210 156508 sgemm sgemm CUDA3 1.064528 156548 40
CPU7 25.108887 156509 ssyrk ssyrk CUDA0 0.698580 156549 40
CPU8 44.997601 156510 sgemm sgemm CUDA2 1.209122 156550 40
CPU7 44.933883 156511 sgemm sgemm CUDA2 1.064218 156551 40
CPU10 45.016694 156512 sgemm sgemm CUDA2 1.200627 156552 40
CPU10 45.036782 156513 sgemm sgemm CUDA3 1.209752 156553 40
CPU9 24.687525 156514 ssyrk ssyrk CPU -1 156554 40
CPU1 44.770935 156515 sgemm sgemm CUDA2 1.006173 156555 40
CPU8 45.016449 156516 sgemm sgemm CUDA3 1.145357 156556 40
CPU1 45.216742 156517 sgemm sgemm CUDA3 1.012813 156557 40
CPU1 24.659653 156518 ssyrk ssyrk CUDA2 0.926706 156558 40
CPU1 44.951092 156519 sgemm sgemm CUDA1 1.126189 156559 40
CPU1 45.080543 156520 sgemm sgemm CUDA2 1.210476 156560 40
CPU10 24.883335 156521 ssyrk ssyrk CPU -1 156561 40
CPU16 44.753407 156522 sgemm sgemm CUDA1 1.258687 156562 40
CPU16 24.692407 156523 ssyrk ssyrk CPU -1 156563 40
CPU13 30.455785 156526 strmm strmm CUDA0 4.301008 156566 40
CPU13 30.422359 156530 strmm strmm CUDA2 12.395644 156570 40
CPU16 30.077744 156534 strmm strmm CUDA0 4.231297 156574 40
CPU18 29.962486 156538 strmm strmm CUDA0 4.396100 156578 40
CPU13 31.594996 156542 strmm strmm CUDA3 13.338421 156582 40
CPU13 30.171699 156546 strmm strmm CUDA1 4.288223 156586 40
CPU13 30.592251 156550 strmm strmm CUDA1 4.281810 156590 40
CPU3 30.092499 156554 strmm strmm CUDA3 0.029240 156594 40
CPU19 30.461995 156558 strmm strmm CUDA2 4.293513 156598 40
CPU18 30.799903 156562 strmm strmm CUDA1 4.297351 156602 40
CPU7 31.275513 156566 strmm strmm CUDA2 4.482046 156606 40
CPU13 30.703010 156570 strmm strmm CUDA0 23.439600 156610 40
CPU17 30.041606 156574 strmm strmm CUDA2 0.028852 156614 40
CPU10 30.332195 156578 strmm strmm CUDA0 0.034314 156618 40
CPU11 30.193786 156582 strmm strmm CUDA3 15.122889 156622 40
CPU13 30.241781 156586 strmm strmm CUDA2 4.599776 156626 40
CPU13 30.278291 156590 strmm strmm CUDA3 4.285528 156630 40
CPU13 30.583097 156594 strmm strmm CUDA3 4.529579 156634 40
CPU17 30.101400 156598 strmm strmm CUDA1 4.284191 156638 40
CPU19 30.361824 156602 strmm strmm CUDA2 0.030462 156642 40
CPU6 31.513500 156606 strmm strmm CUDA3 4.501447 156646 40
CPU18 30.775765 156610 strmm strmm CUDA0 4.387335 156650 40
CPU13 30.007116 156614 strmm strmm CUDA1 12.988538 156654 40
CPU10 30.585538 156618 strmm strmm CUDA1 0.030099 156658 40
CPU2 30.271269 156622 strmm strmm CUDA1 4.288331 156662 40
CPU19 30.838329 156626 strmm strmm CUDA0 4.534471 156666 40
CPU10 31.057108 156630 strmm strmm CUDA2 4.291667 156670 40
CPU1 30.712412 156634 strmm strmm CUDA1 4.537382 156674 40
CPU9 30.799588 156638 strmm strmm CUDA2 15.139716 156678 40
CPU16 30.636412 156642 strmm strmm CUDA3 0.029710 156682 40
CPU2 30.933377 156646 strmm strmm CUDA0 4.284092 156686 40
CPU2 11.891202 156650 slauum slauum CPU -1 156690 40
CPU4 24.951831 156652 ssyrk ssyrk CUDA2 0.072219 156692 40
CPU4 45.137822 156653 sgemm sgemm CUDA2 7.790195 156693 40
CPU4 45.013085 156654 sgemm sgemm CUDA2 0.470710 156694 40
CPU2 45.272988 156655 sgemm sgemm CUDA2 1.386989 156695 40
CPU1 44.908492 156656 sgemm sgemm CUDA0 1.272195 156696 40
CPU4 45.066194 156657 sgemm sgemm CUDA3 1.152369 156697 40
CPU4 44.996912 156658 sgemm sgemm CUDA2 1.206807 156698 40
CPU4 45.054070 156659 sgemm sgemm CUDA2 1.374626 156699 40
CPU2 44.517848 156660 sgemm sgemm CUDA1 1.191946 156700 40
CPU8 44.637521 156661 sgemm sgemm CUDA0 1.074894 156701 40
CPU1 44.838015 156662 sgemm sgemm CUDA3 1.195529 156702 40
CPU4 45.248422 156663 sgemm sgemm CUDA1 1.079181 156703 40
CPU15 44.336305 156664 sgemm sgemm CUDA3 1.072815 156704 40
CPU12 44.720604 156665 sgemm sgemm CUDA1 1.078442 156705 40
CPU7 44.972336 156666 sgemm sgemm CUDA2 1.156399 156706 40
CPU1 44.947383 156667 sgemm sgemm CUDA1 10.350860 156707 40
CPU6 45.294860 156668 sgemm sgemm CUDA1 1.063579 156708 40
CPU8 45.175327 156669 sgemm sgemm CUDA0 1.066173 156709 40
CPU19 44.670908 156670 sgemm sgemm CUDA0 0.143826 156710 40
CPU12 44.612014 156671 sgemm sgemm CUDA1 1.234919 156711 40
CPU12 44.750309 156672 sgemm sgemm CUDA1 0.050963 156712 40
CPU17 44.599991 156673 sgemm sgemm CUDA3 1.203463 156713 40
CPU4 45.127313 156674 sgemm sgemm CUDA1 1.083014 156714 40
CPU6 45.103293 156675 sgemm sgemm CUDA2 1.196204 156715 40
CPU7 45.309794 156676 sgemm sgemm CUDA3 0.041915 156716 40
CPU6 44.982792 156677 sgemm sgemm CUDA2 1.334847 156717 40
CPU9 45.047658 156678 sgemm sgemm CUDA0 12.107150 156718 40
CPU2 45.053769 156679 sgemm sgemm CUDA3 1.191727 156719 40
CPU10 44.713503 156680 sgemm sgemm CUDA1 1.067094 156720 40
CPU4 45.000657 156681 sgemm sgemm CUDA2 1.068450 156721 40
CPU3 45.083591 156682 sgemm sgemm CUDA0 1.197484 156722 40
CPU13 44.494238 156683 sgemm sgemm CUDA0 1.077768 156723 40
CPU8 24.628623 156684 ssyrk ssyrk CUDA2 0.203396 156724 40
CPU14 44.805652 156685 sgemm sgemm CUDA2 10.383271 156725 40
CPU6 45.191981 156686 sgemm sgemm CUDA2 0.066102 156726 40
CPU5 44.660347 156687 sgemm sgemm CUDA0 1.259366 156727 40
CPU18 44.594769 156688 sgemm sgemm CUDA1 1.082790 156728 40
CPU15 44.846767 156689 sgemm sgemm CUDA2 1.206913 156729 40
CPU17 44.708810 156690 sgemm sgemm CUDA0 8.475706 156730 40
CPU17 45.127566 156691 sgemm sgemm CUDA3 1.197343 156731 40
CPU9 44.580328 156692 sgemm sgemm CUDA3 1.081733 156732 40
CPU10 44.962613 156693 sgemm sgemm CUDA3 1.075354 156733 40
CPU4 45.007374 156694 sgemm sgemm CUDA3 1.073864 156734 40
CPU15 44.665633 156695 sgemm sgemm CUDA3 1.072285 156735 40
CPU18 44.925340 156696 sgemm sgemm CUDA0 10.514610 156736 40
CPU17 44.923923 156697 sgemm sgemm CUDA2 1.195922 156737 40
CPU7 45.246013 156698 sgemm sgemm CUDA1 0.070292 156738 40
CPU7 45.203880 156699 sgemm sgemm CUDA2 1.193314 156739 40
CPU8 44.948890 156700 sgemm sgemm CUDA0 10.503538 156740 40
CPU19 44.770708 156701 sgemm sgemm CUDA3 1.067158 156741 40
CPU2 45.211232 156702 sgemm sgemm CUDA1 0.087257 156742 40
CPU11 44.587744 156703 sgemm sgemm CUDA1 1.202703 156743 40
CPU17 44.646979 156704 sgemm sgemm CUDA3 1.209909 156744 40
CPU8 44.954867 156705 sgemm sgemm CUDA1 1.197963 156745 40
CPU5 44.653902 156706 sgemm sgemm CUDA2 1.081797 156746 40
CPU16 44.695350 156707 sgemm sgemm CUDA0 1.207182 156747 40
CPU1 44.782213 156708 sgemm sgemm CUDA1 1.347650 156748 40
CPU12 44.953194 156709 sgemm sgemm CUDA0 0.047720 156749 40
CPU8 44.685824 156710 sgemm sgemm CUDA3 0.043392 156750 40
CPU19 44.952061 156711 sgemm sgemm CUDA1 1.202010 156751 40
CPU0 44.744388 156712 sgemm sgemm CUDA2 1.192245 156752 40
CPU0 45.232175 156713 sgemm sgemm CUDA0 1.206119 156753 40
CPU3 44.996778 156714 sgemm sgemm CUDA2 1.294105 156754 40
CPU14 24.761935 156715 ssyrk ssyrk CUDA2 0.740330 156755 40
CPU14 44.669293 156716 sgemm sgemm CUDA2 1.161603 156756 40
CPU14 44.688582 156717 sgemm sgemm CUDA0 3.804259 156757 40
CPU15 44.425240 156718 sgemm sgemm CUDA1 1.203212 156758 40
CPU14 44.706432 156719 sgemm sgemm CUDA2 1.200421 156759 40
CPU11 44.596566 156720 sgemm sgemm CUDA0 1.205936 156760 40
CPU17 45.085080 156721 sgemm sgemm CUDA1 1.193813 156761 40
CPU1 44.682333 156722 sgemm sgemm CUDA2 1.315086 156762 40
CPU4 45.343106 156723 sgemm sgemm CUDA1 1.313446 156763 40
CPU1 45.035165 156724 sgemm sgemm CUDA1 1.206181 156764 40
CPU15 44.840091 156725 sgemm sgemm CUDA0 1.300548 156765 40
CPU19 44.723416 156726 sgemm sgemm CUDA1 1.215552 156766 40
CPU5 44.750282 156727 sgemm sgemm CUDA0 1.075426 156767 40
CPU0 45.028863 156728 sgemm sgemm CUDA0 1.206917 156768 40
CPU1 45.226320 156729 sgemm sgemm CUDA1 1.080808 156769 40
CPU4 45.309468 156730 sgemm sgemm CUDA0 16.930569 156770 40
CPU19 44.636536 156731 sgemm sgemm CUDA1 0.096618 156771 40
CPU10 44.876514 156732 sgemm sgemm CUDA1 1.224356 156772 40
CPU18 44.358883 156733 sgemm sgemm CUDA1 1.196805 156773 40
CPU17 44.572481 156734 sgemm sgemm CUDA2 1.065272 156774 40
CPU8 45.064774 156735 sgemm sgemm CUDA1 1.202861 156775 40
CPU0 45.228929 156736 sgemm sgemm CUDA2 1.194902 156776 40
CPU16 44.577226 156737 sgemm sgemm CUDA0 1.062277 156777 40
CPU19 44.682677 156738 sgemm sgemm CUDA2 1.157191 156778 40
CPU16 44.891929 156739 sgemm sgemm CUDA2 1.211397 156779 40
CPU11 44.838432 156740 sgemm sgemm CUDA1 1.211360 156780 40
CPU10 44.687750 156741 sgemm sgemm CUDA0 1.073367 156781 40
CPU0 45.456127 156742 sgemm sgemm CUDA2 1.192349 156782 40
CPU5 44.923306 156743 sgemm sgemm CUDA0 1.204890 156783 40
CPU16 44.927758 156744 sgemm sgemm CUDA0 1.191499 156784 40
CPU4 25.236416 156745 ssyrk ssyrk CUDA2 0.687913 156785 40
CPU1 45.043604 156746 sgemm sgemm CUDA1 1.537025 156786 40
CPU15 44.572637 156747 sgemm sgemm CUDA2 1.082250 156787 40
CPU15 44.592621 156748 sgemm sgemm CUDA2 1.196964 156788 40
CPU17 44.880981 156749 sgemm sgemm CUDA2 1.259823 156789 40
CPU17 45.122048 156750 sgemm sgemm CUDA1 1.077552 156790 40
CPU4 44.885865 156751 sgemm sgemm CUDA2 1.279190 156791 40
CPU2 44.838655 156752 sgemm sgemm CUDA1 1.064240 156792 40
CPU1 45.042997 156753 sgemm sgemm CUDA1 1.251462 156793 40
CPU15 44.611612 156754 sgemm sgemm CUDA0 1.062871 156794 40
CPU15 45.096027 156755 sgemm sgemm CUDA1 1.068658 156795 40
CPU11 44.860586 156756 sgemm sgemm CUDA0 1.215210 156796 40
CPU2 44.671178 156757 sgemm sgemm CUDA0 1.206481 156797 40
CPU6 45.292127 156758 sgemm sgemm CUDA2 1.197854 156798 40
CPU5 44.942737 156759 sgemm sgemm CUDA0 0.439554 156799 40
CPU19 44.614966 156760 sgemm sgemm CUDA0 1.470695 156800 40
CPU12 44.604569 156761 sgemm sgemm CUDA2 1.348920 156801 40
CPU17 44.601827 156762 sgemm sgemm CUDA0 1.064464 156802 40
CPU17 44.615314 156763 sgemm sgemm CUDA2 1.196241 156803 40
CPU9 44.933604 156764 sgemm sgemm CUDA0 0.039455 156804 40
CPU8 44.688452 156765 sgemm sgemm CUDA2 1.197574 156805 40
CPU11 44.743113 156766 sgemm sgemm CUDA0 0.993431 156806 40
CPU9 44.695631 156767 sgemm sgemm CUDA2 24.993845 156807 40
CPU3 44.958897 156768 sgemm sgemm CUDA2 1.079762 156808 40
CPU7 45.223750 156769 sgemm sgemm CUDA0 1.188552 156809 40
CPU6 45.175814 156770 sgemm sgemm CUDA0 3.835930 156810 40
CPU13 44.892473 156771 sgemm sgemm CUDA2 1.074361 156811 40
CPU15 44.561468 156772 sgemm sgemm CUDA0 1.193885 156812 40
CPU18 44.706728 156773 sgemm sgemm CUDA0 1.197451 156813 40
CPU1 24.998805 156774 ssyrk ssyrk CUDA1 0.682408 156814 40
CPU15 44.551522 156775 sgemm sgemm CUDA3 1.065004 156815 40
CPU8 45.039158 156776 sgemm sgemm CUDA3 1.193830 156816 40
CPU17 44.769057 156777 sgemm sgemm CUDA3 8.278411 156817 40
CPU19 44.764930 156778 sgemm sgemm CUDA1 1.068756 156818 40
CPU2 44.796970 156779 sgemm sgemm CUDA3 0.097863 156819 40
CPU6 45.344680 156780 sgemm sgemm CUDA1 1.084195 156820 40
CPU3 44.944379 156781 sgemm sgemm CUDA1 1.216002 156821 40
CPU15 44.708518 156782 sgemm sgemm CUDA3 1.194486 156822 40
CPU6 45.607277 156783 sgemm sgemm CUDA1 1.091294 156823 40
CPU8 44.897164 156784 sgemm sgemm CUDA0 1.078866 156824 40
CPU1 44.766008 156785 sgemm sgemm CUDA1 1.364041 156825 40
CPU6 45.176214 156786 sgemm sgemm CUDA1 1.079542 156826 40
CPU4 44.970166 156787 sgemm sgemm CUDA0 1.390835 156827 40
CPU19 44.697938 156788 sgemm sgemm CUDA1 1.074840 156828 40
CPU4 45.082093 156789 sgemm sgemm CUDA3 1.061900 156829 40
CPU17 44.930285 156790 sgemm sgemm CUDA0 1.064375 156830 40
CPU17 44.849352 156791 sgemm sgemm CUDA3 1.021357 156831 40
CPU7 44.968820 156792 sgemm sgemm CUDA3 1.083257 156832 40
CPU5 44.621741 156793 sgemm sgemm CUDA0 1.072677 156833 40
CPU16 44.717560 156794 sgemm sgemm CUDA3 1.319241 156834 40
CPU10 44.903430 156795 sgemm sgemm CUDA1 1.212225 156835 40
CPU12 45.192293 156796 sgemm sgemm CUDA0 1.317284 156836 40
CPU12 44.825010 156797 sgemm sgemm CUDA0 1.067652 156837 40
CPU18 44.805091 156798 sgemm sgemm CUDA1 12.237982 156838 40
CPU12 45.053356 156799 sgemm sgemm CUDA0 0.079639 156839 40
CPU13 45.132804 156800 sgemm sgemm CUDA3 1.224046 156840 40
CPU10 45.135567 156801 sgemm sgemm CUDA3 0.040901 156841 40
CPU15 24.446736 156802 ssyrk ssyrk CPU -1 156842 40
CPU15 44.494388 156803 sgemm sgemm CUDA3 1.205584 156843 40
CPU15 44.517404 156804 sgemm sgemm CUDA1 1.080814 156844 40
CPU15 44.774860 156805 sgemm sgemm CUDA1 1.065229 156845 40
CPU15 44.712541 156806 sgemm sgemm CUDA3 1.194595 156846 40
CPU15 44.477017 156807 sgemm sgemm CUDA2 7.201146 156847 40
CPU6 45.007374 156808 sgemm sgemm CUDA2 0.040950 156848 40
CPU15 44.954797 156809 sgemm sgemm CUDA0 0.041222 156849 40
CPU2 45.144840 156810 sgemm sgemm CUDA1 1.210561 156850 40
CPU3 45.218317 156811 sgemm sgemm CUDA2 1.304092 156851 40
CPU1 44.754709 156812 sgemm sgemm CUDA1 12.259894 156852 40
CPU4 44.898270 156813 sgemm sgemm CUDA2 1.207493 156853 40
CPU9 45.097340 156814 sgemm sgemm CUDA2 1.146699 156854 40
CPU19 44.675981 156815 sgemm sgemm CUDA3 1.137382 156855 40
CPU9 45.259048 156816 sgemm sgemm CUDA2 1.019674 156856 40
CPU1 45.266984 156817 sgemm sgemm CUDA1 0.038857 156857 40
CPU17 44.650256 156818 sgemm sgemm CUDA0 1.313841 156858 40
CPU6 45.300502 156819 sgemm sgemm CUDA3 1.026074 156859 40
CPU6 45.145169 156820 sgemm sgemm CUDA1 1.301619 156860 40
CPU16 44.596333 156821 sgemm sgemm CUDA0 1.060911 156861 40
CPU19 44.668565 156822 sgemm sgemm CUDA1 1.064856 156862 40
CPU3 45.188322 156823 sgemm sgemm CUDA3 12.185656 156863 40
CPU7 45.396429 156824 sgemm sgemm CUDA1 1.205681 156864 40
CPU19 44.825152 156825 sgemm sgemm CUDA2 12.246451 156865 40
CPU5 45.046202 156826 sgemm sgemm CUDA0 1.074272 156866 40
CPU2 45.156342 156827 sgemm sgemm CUDA0 1.065941 156867 40
CPU19 44.987546 156828 sgemm sgemm CUDA1 1.204163 156868 40
CPU15 24.894910 156829 ssyrk ssyrk CUDA2 0.677470 156869 40
CPU8 45.171851 156830 sgemm sgemm CUDA2 1.203118 156870 40
CPU17 44.975817 156831 sgemm sgemm CUDA3 1.205356 156871 40
CPU5 44.856658 156832 sgemm sgemm CUDA2 1.069178 156872 40
CPU4 45.281225 156833 sgemm sgemm CUDA3 1.078362 156873 40
CPU3 44.965487 156834 sgemm sgemm CUDA3 0.049804 156874 40
CPU15 44.862863 156835 sgemm sgemm CUDA3 0.040030 156875 40
CPU10 44.611593 156836 sgemm sgemm CUDA3 1.299582 156876 40
CPU9 44.345738 156837 sgemm sgemm CUDA2 1.067572 156877 40
CPU12 44.781699 156838 sgemm sgemm CUDA3 1.199357 156878 40
CPU0 44.692514 156839 sgemm sgemm CUDA2 1.066550 156879 40
CPU4 44.978056 156840 sgemm sgemm CUDA2 1.194687 156880 40
CPU19 44.726674 156841 sgemm sgemm CUDA3 1.194961 156881 40
CPU15 44.825852 156842 sgemm sgemm CUDA2 0.049587 156882 40
CPU7 45.412592 156843 sgemm sgemm CUDA2 12.234732 156883 40
CPU17 44.628675 156844 sgemm sgemm CUDA2 1.203345 156884 40
CPU1 45.055693 156845 sgemm sgemm CUDA3 1.208257 156885 40
CPU5 44.773686 156846 sgemm sgemm CUDA3 1.203123 156886 40
CPU16 44.925974 156847 sgemm sgemm CUDA3 1.150889 156887 40
CPU19 44.748947 156848 sgemm sgemm CUDA3 1.192161 156888 40
CPU5 44.665017 156849 sgemm sgemm CUDA2 1.198241 156889 40
CPU4 45.332033 156850 sgemm sgemm CUDA1 1.063479 156890 40
CPU10 44.637589 156851 sgemm sgemm CUDA0 0.049725 156891 40
CPU1 45.173433 156852 sgemm sgemm CUDA3 1.204751 156892 40
CPU10 44.779608 156853 sgemm sgemm CUDA3 13.021481 156893 40
CPU13 45.236054 156854 sgemm sgemm CUDA2 1.066309 156894 40
CPU17 24.860450 156855 ssyrk ssyrk CUDA3 0.177582 156895 40
CPU18 44.807264 156856 sgemm sgemm CUDA3 1.204842 156896 40
CPU0 44.945817 156857 sgemm sgemm CUDA3 0.147473 156897 40
CPU8 44.939077 156858 sgemm sgemm CUDA3 1.065729 156898 40
CPU2 44.766921 156859 sgemm sgemm CUDA3 1.077512 156899 40
CPU15 44.778953 156860 sgemm sgemm CUDA0 1.195822 156900 40
CPU18 44.591800 156861 sgemm sgemm CUDA0 0.833438 156901 40
CPU0 45.670083 156862 sgemm sgemm CUDA3 0.071006 156902 40
CPU10 44.817682 156863 sgemm sgemm CUDA3 1.200834 156903 40
CPU6 45.139668 156864 sgemm sgemm CUDA2 1.207248 156904 40
CPU7 45.372415 156865 sgemm sgemm CUDA2 1.388499 156905 40
CPU19 44.690239 156866 sgemm sgemm CUDA0 1.087580 156906 40
CPU11 44.882503 156867 sgemm sgemm CUDA3 1.206532 156907 40
CPU12 44.955741 156868 sgemm sgemm CUDA2 1.298163 156908 40
CPU17 44.808959 156869 sgemm sgemm CUDA3 12.048880 156909 40
CPU2 44.370915 156870 sgemm sgemm CUDA3 0.040602 156910 40
CPU3 44.776717 156871 sgemm sgemm CUDA3 1.194859 156911 40
CPU2 45.229165 156872 sgemm sgemm CUDA0 1.192071 156912 40
CPU12 44.718363 156873 sgemm sgemm CUDA2 0.051409 156913 40
CPU12 44.902814 156874 sgemm sgemm CUDA0 1.204773 156914 40
CPU4 45.110131 156875 sgemm sgemm CUDA0 1.065887 156915 40
CPU3 44.880692 156876 sgemm sgemm CUDA0 1.299392 156916 40
CPU7 45.177557 156877 sgemm sgemm CUDA0 1.065858 156917 40
CPU3 45.065234 156878 sgemm sgemm CUDA3 1.320843 156918 40
CPU3 44.968912 156879 sgemm sgemm CUDA3 1.065797 156919 40
CPU19 25.079875 156880 ssyrk ssyrk CUDA1 0.695466 156920 40
CPU18 44.821985 156881 sgemm sgemm CUDA3 1.067969 156921 40
CPU18 44.643625 156882 sgemm sgemm CUDA1 1.194187 156922 40
CPU0 44.844655 156883 sgemm sgemm CUDA1 1.069495 156923 40
CPU15 44.819011 156884 sgemm sgemm CUDA1 12.253821 156924 40
CPU19 44.867513 156885 sgemm sgemm CUDA3 1.212335 156925 40
CPU1 44.635166 156886 sgemm sgemm CUDA3 1.064003 156926 40
CPU10 44.891277 156887 sgemm sgemm CUDA3 12.158988 156927 40
CPU2 44.595530 156888 sgemm sgemm CUDA1 1.211955 156928 40
CPU5 44.835599 156889 sgemm sgemm CUDA1 1.083893 156929 40
CPU19 44.815292 156890 sgemm sgemm CUDA3 1.367078 156930 40
CPU1 44.941076 156891 sgemm sgemm CUDA3 1.204558 156931 40
CPU9 44.893073 156892 sgemm sgemm CUDA1 1.194054 156932 40
CPU17 44.899517 156893 sgemm sgemm CUDA3 1.257593 156933 40
CPU0 45.226791 156894 sgemm sgemm CUDA1 12.160080 156934 40
CPU1 44.562307 156895 sgemm sgemm CUDA3 12.181603 156935 40
CPU16 44.724929 156896 sgemm sgemm CUDA3 1.141335 156936 40
CPU19 44.790520 156897 sgemm sgemm CUDA3 1.206579 156937 40
CPU3 44.840763 156898 sgemm sgemm CUDA0 1.078311 156938 40
CPU5 44.855130 156899 sgemm sgemm CUDA1 1.199579 156939 40
CPU10 45.176296 156900 sgemm sgemm CUDA1 0.039880 156940 40
CPU19 44.941728 156901 sgemm sgemm CUDA3 1.204173 156941 40
CPU19 44.953078 156902 sgemm sgemm CUDA1 1.067488 156942 40
CPU18 44.790382 156903 sgemm sgemm CUDA0 1.209749 156943 40
CPU0 24.904611 156904 ssyrk ssyrk CUDA3 0.963052 156944 40
CPU11 44.798428 156905 sgemm sgemm CUDA3 13.194922 156945 40
CPU2 44.837872 156906 sgemm sgemm CUDA3 1.074626 156946 40
CPU15 44.759307 156907 sgemm sgemm CUDA1 10.495514 156947 40
CPU3 44.911850 156908 sgemm sgemm CUDA3 1.392459 156948 40
CPU9 44.696652 156909 sgemm sgemm CUDA2 1.074646 156949 40
CPU5 44.556440 156910 sgemm sgemm CUDA0 1.081882 156950 40
CPU2 44.822885 156911 sgemm sgemm CUDA2 1.209447 156951 40
CPU7 45.011331 156912 sgemm sgemm CUDA2 10.490215 156952 40
CPU19 44.895636 156913 sgemm sgemm CUDA0 1.129040 156953 40
CPU9 44.808217 156914 sgemm sgemm CUDA3 1.066907 156954 40
CPU0 45.570631 156915 sgemm sgemm CUDA0 1.191605 156955 40
CPU17 44.804041 156916 sgemm sgemm CUDA2 1.068720 156956 40
CPU9 44.766523 156917 sgemm sgemm CUDA0 8.147327 156957 40
CPU1 44.465372 156918 sgemm sgemm CUDA3 1.348476 156958 40
CPU16 44.712681 156919 sgemm sgemm CUDA1 1.077404 156959 40
CPU19 44.963616 156920 sgemm sgemm CUDA3 0.068785 156960 40
CPU4 44.806677 156921 sgemm sgemm CUDA2 0.053644 156961 40
CPU5 44.829044 156922 sgemm sgemm CUDA0 1.205234 156962 40
CPU18 44.702348 156923 sgemm sgemm CUDA1 1.325025 156963 40
CPU3 44.910782 156924 sgemm sgemm CUDA3 1.078451 156964 40
CPU0 45.088525 156925 sgemm sgemm CUDA3 1.066199 156965 40
CPU18 45.203015 156926 sgemm sgemm CUDA0 13.152528 156966 40
CPU3 24.989046 156927 ssyrk ssyrk CUDA3 0.049615 156967 40
CPU8 44.800817 156928 sgemm sgemm CUDA3 1.309396 156968 40
CPU15 44.671150 156929 sgemm sgemm CUDA1 1.211181 156969 40
CPU11 45.020484 156930 sgemm sgemm CUDA3 1.065983 156970 40
CPU2 44.803188 156931 sgemm sgemm CUDA2 1.207518 156971 40
CPU5 44.752158 156932 sgemm sgemm CUDA3 1.195315 156972 40
CPU12 44.965045 156933 sgemm sgemm CUDA2 1.196740 156973 40
CPU8 44.919245 156934 sgemm sgemm CUDA1 12.149686 156974 40
CPU19 44.628510 156935 sgemm sgemm CUDA1 0.045968 156975 40
CPU11 44.761443 156936 sgemm sgemm CUDA2 1.074243 156976 40
CPU10 44.531739 156937 sgemm sgemm CUDA1 1.299802 156977 40
CPU17 44.707954 156938 sgemm sgemm CUDA3 1.067276 156978 40
CPU7 45.274931 156939 sgemm sgemm CUDA3 1.207013 156979 40
CPU12 44.911041 156940 sgemm sgemm CUDA3 1.195718 156980 40
CPU18 44.629290 156941 sgemm sgemm CUDA1 1.066362 156981 40
CPU11 45.147128 156942 sgemm sgemm CUDA3 1.063168 156982 40
CPU1 44.931347 156943 sgemm sgemm CUDA2 1.297723 156983 40
CPU1 45.197707 156944 sgemm sgemm CUDA3 1.206689 156984 40
CPU1 45.102690 156945 sgemm sgemm CUDA1 1.202825 156985 40
CPU3 45.052624 156946 sgemm sgemm CUDA2 1.208661 156986 40
CPU0 45.387422 156947 sgemm sgemm CUDA1 1.204913 156987 40
CPU7 45.151660 156948 sgemm sgemm CUDA3 1.076201 156988 40
CPU5 24.693786 156949 ssyrk ssyrk CUDA3 0.694316 156989 40
CPU8 45.155010 156950 sgemm sgemm CUDA1 0.074394 156990 40
CPU0 45.132933 156951 sgemm sgemm CUDA1 0.098674 156991 40
CPU11 44.489709 156952 sgemm sgemm CUDA3 1.082048 156992 40
CPU2 44.611675 156953 sgemm sgemm CUDA1 1.260318 156993 40
CPU10 44.822499 156954 sgemm sgemm CUDA1 1.074734 156994 40
CPU7 45.274745 156955 sgemm sgemm CUDA0 0.066613 156995 40
CPU1 45.088033 156956 sgemm sgemm CUDA1 1.338720 156996 40
CPU10 44.615311 156957 sgemm sgemm CUDA3 1.082729 156997 40
CPU7 45.181507 156958 sgemm sgemm CUDA1 1.078659 156998 40
CPU17 44.588248 156959 sgemm sgemm CUDA3 1.150763 156999 40
CPU6 45.078242 156960 sgemm sgemm CUDA1 1.364767 157000 40
CPU7 45.365681 156961 sgemm sgemm CUDA3 1.066518 157001 40
CPU12 44.837934 156962 sgemm sgemm CUDA0 1.067788 157002 40
CPU11 44.806773 156963 sgemm sgemm CUDA3 1.207567 157003 40
CPU4 45.141603 156964 sgemm sgemm CUDA0 1.194208 157004 40
CPU1 45.177126 156965 sgemm sgemm CUDA3 13.100716 157005 40
CPU19 44.797692 156966 sgemm sgemm CUDA0 1.074655 157006 40
CPU6 45.328727 156967 sgemm sgemm CUDA0 1.198821 157007 40
CPU2 44.654488 156968 sgemm sgemm CUDA3 1.207136 157008 40
CPU2 44.881039 156969 sgemm sgemm CUDA0 1.368729 157009 40
CPU15 24.593816 156970 ssyrk ssyrk CUDA1 0.690738 157010 40
CPU15 44.543949 156971 sgemm sgemm CUDA1 1.061906 157011 40
CPU15 44.545889 156972 sgemm sgemm CUDA0 1.202832 157012 40
CPU10 44.831057 156973 sgemm sgemm CUDA1 1.205356 157013 40
CPU0 44.849600 156974 sgemm sgemm CUDA2 13.135110 157014 40
CPU7 45.104513 156975 sgemm sgemm CUDA2 1.206329 157015 40
CPU19 44.742541 156976 sgemm sgemm CUDA1 1.067447 157016 40
CPU8 45.211201 156977 sgemm sgemm CUDA2 1.195318 157017 40
CPU17 44.696444 156978 sgemm sgemm CUDA2 1.317540 157018 40
CPU17 44.504039 156979 sgemm sgemm CUDA1 1.082425 157019 40
CPU8 45.096273 156980 sgemm sgemm CUDA2 1.071159 157020 40
CPU6 45.017612 156981 sgemm sgemm CUDA3 1.194006 157021 40
CPU16 44.633144 156982 sgemm sgemm CUDA0 1.066615 157022 40
CPU19 44.663672 156983 sgemm sgemm CUDA2 12.639697 157023 40
CPU9 45.053849 156984 sgemm sgemm CUDA2 1.201799 157024 40
CPU12 44.967209 156985 sgemm sgemm CUDA0 1.212730 157025 40
CPU8 45.025231 156986 sgemm sgemm CUDA0 1.198771 157026 40
CPU18 44.578199 156987 sgemm sgemm CUDA0 1.195146 157027 40
CPU17 44.787060 156988 sgemm sgemm CUDA0 0.047138 157028 40
CPU17 44.636801 156989 sgemm sgemm CUDA2 1.194997 157029 40
CPU0 25.053790 156990 ssyrk ssyrk CUDA0 0.984717 157030 40
CPU6 45.059303 156991 sgemm sgemm CUDA0 1.066208 157031 40
CPU11 44.548562 156992 sgemm sgemm CUDA1 1.062114 157032 40
CPU6 45.344369 156993 sgemm sgemm CUDA1 0.043582 157033 40
CPU6 44.910136 156994 sgemm sgemm CUDA0 0.051996 157034 40
CPU19 44.779734 156995 sgemm sgemm CUDA3 10.205363 157035 40
CPU3 44.897604 156996 sgemm sgemm CUDA1 17.253582 157036 40
CPU11 44.635911 156997 sgemm sgemm CUDA0 1.064858 157037 40
CPU17 44.538995 156998 sgemm sgemm CUDA1 1.192963 157038 40
CPU9 45.121902 156999 sgemm sgemm CUDA0 1.085292 157039 40
CPU8 44.933813 157000 sgemm sgemm CUDA0 1.205393 157040 40
CPU10 44.839305 157001 sgemm sgemm CUDA3 1.135765 157041 40
CPU0 45.572055 157002 sgemm sgemm CUDA3 1.271394 157042 40
CPU3 45.159704 157003 sgemm sgemm CUDA0 1.075675 157043 40
CPU6 44.879637 157004 sgemm sgemm CUDA1 0.040727 157044 40
CPU10 44.752148 157005 sgemm sgemm CUDA0 1.207595 157045 40
CPU7 45.287709 157006 sgemm sgemm CUDA3 12.600851 157046 40
CPU10 44.996977 157007 sgemm sgemm CUDA0 1.082606 157047 40
CPU10 44.861823 157008 sgemm sgemm CUDA0 1.079932 157048 40
CPU5 24.689161 157009 ssyrk ssyrk CUDA3 0.941809 157049 40
CPU9 44.941981 157010 sgemm sgemm CUDA0 1.209359 157050 40
CPU5 44.996504 157011 sgemm sgemm CUDA2 0.043317 157051 40
CPU8 44.901956 157012 sgemm sgemm CUDA0 1.376202 157052 40
CPU19 45.048818 157013 sgemm sgemm CUDA3 1.190658 157053 40
CPU1 45.173712 157014 sgemm sgemm CUDA2 0.062935 157054 40
CPU17 44.754691 157015 sgemm sgemm CUDA0 1.204674 157055 40
CPU17 44.531685 157016 sgemm sgemm CUDA3 1.027349 157056 40
CPU6 45.103181 157017 sgemm sgemm CUDA3 1.200711 157057 40
CPU5 44.411464 157018 sgemm sgemm CUDA0 12.806641 157058 40
CPU16 44.669902 157019 sgemm sgemm CUDA2 0.040148 157059 40
CPU19 44.761640 157020 sgemm sgemm CUDA2 1.219360 157060 40
CPU17 45.003273 157021 sgemm sgemm CUDA2 9.408493 157061 40
CPU12 45.073908 157022 sgemm sgemm CUDA3 1.204740 157062 40
CPU1 44.879757 157023 sgemm sgemm CUDA2 1.080171 157063 40
CPU5 45.030518 157024 sgemm sgemm CUDA0 1.193246 157064 40
CPU10 45.300508 157025 sgemm sgemm CUDA2 1.207666 157065 40
CPU11 44.764772 157026 sgemm sgemm CUDA3 1.201567 157066 40
CPU0 24.907978 157027 ssyrk ssyrk CUDA1 0.679511 157067 40
CPU11 44.708348 157028 sgemm sgemm CUDA1 1.192554 157068 40
CPU1 45.000468 157029 sgemm sgemm CUDA1 1.062376 157069 40
CPU12 44.825654 157030 sgemm sgemm CUDA3 1.064203 157070 40
CPU11 44.820087 157031 sgemm sgemm CUDA3 1.204358 157071 40
CPU0 45.415224 157032 sgemm sgemm CUDA0 12.295491 157072 40
CPU17 44.730989 157033 sgemm sgemm CUDA1 12.046982 157073 40
CPU4 45.097338 157034 sgemm sgemm CUDA0 1.206711 157074 40
CPU3 44.372561 157035 sgemm sgemm CUDA0 1.318574 157075 40
CPU16 44.669324 157036 sgemm sgemm CUDA2 1.256173 157076 40
CPU19 44.875468 157037 sgemm sgemm CUDA2 1.192616 157077 40
CPU4 44.943424 157038 sgemm sgemm CUDA2 1.066470 157078 40
CPU8 44.731807 157039 sgemm sgemm CUDA0 1.270863 157079 40
CPU0 44.704758 157040 sgemm sgemm CUDA2 1.207589 157080 40
CPU4 45.022721 157041 sgemm sgemm CUDA1 1.199585 157081 40
CPU12 44.937087 157042 sgemm sgemm CUDA0 1.081701 157082 40
CPU15 44.574703 157043 sgemm sgemm CUDA2 1.374457 157083 40
CPU17 24.973717 157044 ssyrk ssyrk CUDA1 0.672764 157084 40
CPU5 44.915059 157045 sgemm sgemm CUDA2 1.066279 157085 40
CPU19 44.624912 157046 sgemm sgemm CUDA1 1.064938 157086 40
CPU12 45.016363 157047 sgemm sgemm CUDA2 1.204545 157087 40
CPU8 44.849719 157048 sgemm sgemm CUDA2 1.066501 157088 40
CPU17 44.683819 157049 sgemm sgemm CUDA1 1.366836 157089 40
CPU7 45.348461 157050 sgemm sgemm CUDA2 1.068608 157090 40
CPU6 45.076678 157051 sgemm sgemm CUDA3 1.195448 157091 40
CPU16 44.490468 157052 sgemm sgemm CUDA1 1.067853 157092 40
CPU12 44.880018 157053 sgemm sgemm CUDA1 1.067753 157093 40
CPU4 45.109637 157054 sgemm sgemm CUDA2 1.194424 157094 40
CPU3 44.604343 157055 sgemm sgemm CUDA1 1.061809 157095 40
CPU18 44.508848 157056 sgemm sgemm CUDA1 1.076701 157096 40
CPU3 45.065044 157057 sgemm sgemm CUDA2 1.065381 157097 40
CPU13 44.981785 157058 sgemm sgemm CUDA1 12.878123 157098 40
CPU13 45.042888 157059 sgemm sgemm CUDA2 1.077576 157099 40
CPU8 24.860850 157060 ssyrk ssyrk CUDA2 0.999920 157100 40
CPU19 44.648392 157061 sgemm sgemm CUDA0 1.376092 157101 40
CPU2 44.880975 157062 sgemm sgemm CUDA1 1.079242 157102 40
CPU17 44.681351 157063 sgemm sgemm CUDA1 1.065836 157103 40
CPU17 44.594865 157064 sgemm sgemm CUDA2 1.081411 157104 40
CPU1 44.668707 157065 sgemm sgemm CUDA0 0.042559 157105 40
CPU1 44.669764 157066 sgemm sgemm CUDA3 1.192235 157106 40
CPU16 44.521568 157067 sgemm sgemm CUDA1 1.065402 157107 40
CPU19 44.783617 157068 sgemm sgemm CUDA1 7.929736 157108 40
CPU5 44.976915 157069 sgemm sgemm CUDA2 1.065890 157109 40
CPU7 44.991364 157070 sgemm sgemm CUDA0 1.079211 157110 40
CPU5 44.440690 157071 sgemm sgemm CUDA2 1.076063 157111 40
CPU4 45.128846 157072 sgemm sgemm CUDA2 1.196174 157112 40
CPU7 45.051095 157073 sgemm sgemm CUDA0 1.075694 157113 40
CPU8 44.928477 157074 sgemm sgemm CUDA0 1.082448 157114 40
CPU19 25.018688 157075 ssyrk ssyrk CUDA0 0.686980 157115 40
CPU19 44.906919 157076 sgemm sgemm CUDA3 1.197480 157116 40
CPU19 44.629431 157077 sgemm sgemm CUDA0 1.204979 157117 40
CPU17 44.710947 157078 sgemm sgemm CUDA1 1.202401 157118 40
CPU1 44.800146 157079 sgemm sgemm CUDA3 1.208601 157119 40
CPU9 44.755157 157080 sgemm sgemm CUDA3 1.304479 157120 40
CPU16 44.617088 157081 sgemm sgemm CUDA1 1.070799 157121 40
CPU19 44.735918 157082 sgemm sgemm CUDA3 10.591600 157122 40
CPU10 44.911249 157083 sgemm sgemm CUDA0 0.046611 157123 40
CPU9 44.680719 157084 sgemm sgemm CUDA1 1.202244 157124 40
CPU8 44.821268 157085 sgemm sgemm CUDA1 1.063899 157125 40
CPU3 44.890172 157086 sgemm sgemm CUDA1 1.066720 157126 40
CPU9 44.938673 157087 sgemm sgemm CUDA1 1.369671 157127 40
CPU17 44.905771 157088 sgemm sgemm CUDA1 1.080877 157128 40
CPU6 25.009463 157089 ssyrk ssyrk CUDA2 0.672449 157129 40
CPU3 45.101050 157090 sgemm sgemm CUDA2 1.208837 157130 40
CPU17 44.588230 157091 sgemm sgemm CUDA1 1.062949 157131 40
CPU5 44.320385 157092 sgemm sgemm CUDA2 0.047497 157132 40
CPU6 44.645326 157093 sgemm sgemm CUDA2 1.065628 157133 40
CPU11 44.606274 157094 sgemm sgemm CUDA1 1.069753 157134 40
CPU1 44.896854 157095 sgemm sgemm CUDA1 1.098473 157135 40
CPU10 44.918327 157096 sgemm sgemm CUDA2 1.200244 157136 40
CPU18 44.663938 157097 sgemm sgemm CUDA1 1.208040 157137 40
CPU17 44.804870 157098 sgemm sgemm CUDA2 1.068052 157138 40
CPU17 44.971166 157099 sgemm sgemm CUDA1 1.063121 157139 40
CPU19 44.876188 157100 sgemm sgemm CUDA2 1.061376 157140 40
CPU19 44.798340 157101 sgemm sgemm CUDA2 1.194173 157141 40
CPU7 25.218609 157102 ssyrk ssyrk CUDA2 0.046103 157142 40
CPU17 44.522552 157103 sgemm sgemm CUDA2 1.078945 157143 40
CPU6 45.032696 157104 sgemm sgemm CUDA1 1.195673 157144 40
CPU9 44.813668 157105 sgemm sgemm CUDA0 0.045083 157145 40
CPU11 44.621064 157106 sgemm sgemm CUDA0 12.522159 157146 40
CPU11 44.668607 157107 sgemm sgemm CUDA2 1.209721 157147 40
CPU13 45.451003 157108 sgemm sgemm CUDA0 1.079774 157148 40
CPU10 44.652242 157109 sgemm sgemm CUDA0 7.205875 157149 40
CPU17 44.704765 157110 sgemm sgemm CUDA1 1.210549 157150 40
CPU17 44.658120 157111 sgemm sgemm CUDA1 1.064938 157151 40
CPU8 45.444482 157112 sgemm sgemm CUDA1 1.064315 157152 40
CPU6 45.261724 157113 sgemm sgemm CUDA0 1.080011 157153 40
CPU17 24.943671 157114 ssyrk ssyrk CPU -1 157154 40
CPU17 44.805701 157115 sgemm sgemm CUDA0 1.075687 157155 40
CPU8 44.606413 157116 sgemm sgemm CUDA1 1.065007 157156 40
CPU6 45.359442 157117 sgemm sgemm CUDA0 0.042171 157157 40
CPU17 44.836836 157118 sgemm sgemm CUDA0 1.209188 157158 40
CPU17 45.047730 157119 sgemm sgemm CUDA1 1.207170 157159 40
CPU6 44.864770 157120 sgemm sgemm CUDA0 1.061539 157160 40
CPU18 44.820068 157121 sgemm sgemm CUDA0 1.071892 157161 40
CPU6 45.625543 157122 sgemm sgemm CUDA0 1.065323 157162 40
CPU3 44.630858 157123 sgemm sgemm CUDA0 12.300720 157163 40
CPU17 44.875900 157124 sgemm sgemm CUDA2 1.064274 157164 40
CPU5 24.812008 157125 ssyrk ssyrk CPU -1 157165 40
CPU3 44.363484 157126 sgemm sgemm CUDA2 1.298156 157166 40
CPU5 45.164973 157127 sgemm sgemm CUDA1 12.578968 157167 40
CPU0 45.350277 157128 sgemm sgemm CUDA0 1.074442 157168 40
CPU0 44.972729 157129 sgemm sgemm CUDA0 1.194384 157169 40
CPU10 44.787135 157130 sgemm sgemm CUDA0 1.066863 157170 40
CPU19 45.058117 157131 sgemm sgemm CUDA2 1.205352 157171 40
CPU4 45.155624 157132 sgemm sgemm CUDA2 1.082053 157172 40
CPU0 45.544708 157133 sgemm sgemm CUDA0 1.066420 157173 40
CPU13 44.919724 157134 sgemm sgemm CUDA1 1.066014 157174 40
CPU5 24.817449 157135 ssyrk ssyrk CPU -1 157175 40
CPU0 45.252889 157136 sgemm sgemm CUDA1 0.039896 157176 40
CPU11 44.719174 157137 sgemm sgemm CUDA0 1.298826 157177 40
CPU10 44.769200 157138 sgemm sgemm CUDA2 1.064887 157178 40
CPU5 44.931774 157139 sgemm sgemm CUDA0 1.200102 157179 40
CPU4 45.314943 157140 sgemm sgemm CUDA1 1.196181 157180 40
CPU10 44.740686 157141 sgemm sgemm CUDA2 1.064032 157181 40
CPU10 45.088194 157142 sgemm sgemm CUDA1 1.079996 157182 40
CPU17 44.896509 157143 sgemm sgemm CUDA1 1.076264 157183 40
CPU3 25.178610 157144 ssyrk ssyrk CPU -1 157184 40
CPU15 44.794079 157145 sgemm sgemm CUDA2 1.146569 157185 40
CPU17 45.040414 157146 sgemm sgemm CUDA3 1.157486 157186 40
CPU2 45.058200 157147 sgemm sgemm CUDA1 0.035708 157187 40
CPU2 45.048858 157148 sgemm sgemm CUDA2 1.008144 157188 40
CPU2 44.812107 157149 sgemm sgemm CUDA0 1.302006 157189 40
CPU2 44.856289 157150 sgemm sgemm CUDA2 1.157641 157190 40
CPU2 44.940562 157151 sgemm sgemm CUDA3 1.139939 157191 40
CPU14 24.962197 157152 ssyrk ssyrk CUDA2 0.962719 157192 40
CPU19 44.804179 157153 sgemm sgemm CUDA0 1.298465 157193 40
CPU12 44.880398 157154 sgemm sgemm CUDA3 1.063780 157194 40
CPU12 44.795346 157155 sgemm sgemm CUDA2 1.198040 157195 40
CPU16 44.865820 157156 sgemm sgemm CUDA1 1.205111 157196 40
CPU17 44.870590 157157 sgemm sgemm CUDA3 0.039149 157197 40
CPU19 44.921088 157158 sgemm sgemm CUDA0 1.211752 157198 40
CPU7 25.034511 157159 ssyrk ssyrk CUDA0 0.676490 157199 40
CPU8 44.950809 157160 sgemm sgemm CUDA2 12.171867 157200 40
CPU7 44.942978 157161 sgemm sgemm CUDA2 12.421576 157201 40
CPU10 44.933900 157162 sgemm sgemm CUDA2 12.194799 157202 40
CPU6 45.447061 157163 sgemm sgemm CUDA3 1.068517 157203 40
CPU10 45.033127 157164 sgemm sgemm CUDA3 1.198760 157204 40
CPU9 24.594182 157165 ssyrk ssyrk CPU -1 157205 40
CPU5 44.960098 157166 sgemm sgemm CUDA2 0.040821 157206 40
CPU8 45.040797 157167 sgemm sgemm CUDA0 1.192039 157207 40
CPU1 45.214621 157168 sgemm sgemm CUDA3 1.066839 157208 40
CPU1 45.075549 157169 sgemm sgemm CUDA1 1.209758 157209 40
CPU1 24.817323 157170 ssyrk ssyrk CPU -1 157210 40
CPU1 45.031530 157171 sgemm sgemm CUDA1 1.187440 157211 40
CPU1 44.930431 157172 sgemm sgemm CUDA2 1.368504 157212 40
CPU9 45.221944 157173 sgemm sgemm CUDA2 1.063159 157213 40
CPU3 25.015970 157174 ssyrk ssyrk CUDA2 0.677907 157214 40
CPU16 44.717784 157175 sgemm sgemm CUDA1 1.068935 157215 40
CPU16 44.962356 157176 sgemm sgemm CUDA3 1.198102 157216 40
CPU16 24.545225 157177 ssyrk ssyrk CUDA0 0.681691 157217 40
CPU2 44.804263 157178 sgemm sgemm CUDA0 1.080300 157218 40
CPU5 24.815760 157179 ssyrk ssyrk CUDA0 0.676697 157219 40
CPU13 29.970092 157182 strmm strmm CUDA0 4.546750 157222 40
CPU3 31.123746 157186 strmm strmm CUDA0 4.294005 157226 40
CPU16 29.925374 157190 strmm strmm CUDA0 4.226180 157230 40
CPU18 29.899507 157194 strmm strmm CUDA2 4.252656 157234 40
CPU10 31.041104 157198 strmm strmm CUDA1 4.285077 157238 40
CPU19 30.766389 157202 strmm strmm CUDA2 15.030561 157242 40
CPU13 29.867573 157206 strmm strmm CUDA2 0.030121 157246 40
CPU3 30.954383 157210 strmm strmm CUDA1 0.029450 157250 40
CPU10 30.952875 157214 strmm strmm CUDA3 4.290504 157254 40
CPU18 30.861739 157218 strmm strmm CUDA3 12.058136 157258 40
CPU7 31.514870 157222 strmm strmm CUDA0 0.029768 157262 40
CPU2 31.375097 157226 strmm strmm CUDA0 4.594530 157266 40
CPU17 30.247617 157230 strmm strmm CUDA0 13.939119 157270 40
CPU10 30.376280 157234 strmm strmm CUDA0 4.290354 157274 40
CPU11 30.090971 157238 strmm strmm CUDA3 0.029403 157278 40
CPU15 30.338485 157242 strmm strmm CUDA2 4.586386 157282 40
CPU18 29.800884 157246 strmm strmm CUDA1 4.531413 157286 40
CPU8 30.915799 157250 strmm strmm CUDA1 4.285613 157290 40
CPU8 31.199117 157254 strmm strmm CUDA0 4.283233 157294 40
CPU15 30.075804 157258 strmm strmm CUDA2 14.740962 157298 40
CPU6 32.013194 157262 strmm strmm CUDA1 15.026836 157302 40
CPU17 30.165728 157266 strmm strmm CUDA3 4.210516 157306 40
CPU12 30.362770 157270 strmm strmm CUDA2 4.528840 157310 40
CPU17 30.457553 157274 strmm strmm CUDA3 4.487634 157314 40
CPU2 31.505833 157278 strmm strmm CUDA3 15.127614 157318 40
CPU19 30.677441 157282 strmm strmm CUDA0 15.030842 157322 40
CPU11 30.095352 157286 strmm strmm CUDA1 15.134421 157326 40
CPU8 31.705223 157290 strmm strmm CUDA0 0.031167 157330 40
CPU9 31.786133 157294 strmm strmm CUDA2 4.292435 157334 40
CPU3 30.697195 157298 strmm strmm CUDA2 0.028645 157338 40
CPU2 31.402330 157302 strmm strmm CUDA1 4.485040 157342 40
CPU1 30.691464 157306 strmm strmm CUDA0 15.067042 157346 40
CPU11 12.230913 157310 slauum slauum CPU -1 157350 40
CPU6 24.957816 157312 ssyrk ssyrk CUDA0 0.415420 157352 40
CPU3 44.879650 157313 sgemm sgemm CUDA2 1.114518 157353 40
CPU1 44.931815 157314 sgemm sgemm CUDA0 1.208662 157354 40
CPU2 45.048275 157315 sgemm sgemm CUDA2 0.059151 157355 40
CPU1 44.952806 157316 sgemm sgemm CUDA1 1.064432 157356 40
CPU4 45.214237 157317 sgemm sgemm CUDA2 0.065919 157357 40
CPU4 45.267841 157318 sgemm sgemm CUDA2 1.080957 157358 40
CPU4 45.154554 157319 sgemm sgemm CUDA3 1.191818 157359 40
CPU2 44.615799 157320 sgemm sgemm CUDA0 1.200887 157360 40
CPU8 44.783635 157321 sgemm sgemm CUDA0 1.205922 157361 40
CPU1 44.941577 157322 sgemm sgemm CUDA3 1.320954 157362 40
CPU6 45.192372 157323 sgemm sgemm CUDA3 1.208738 157363 40
CPU15 44.544324 157324 sgemm sgemm CUDA3 1.202162 157364 40
CPU12 44.962685 157325 sgemm sgemm CUDA1 1.209875 157365 40
CPU7 44.745706 157326 sgemm sgemm CUDA0 1.069333 157366 40
CPU8 44.863088 157327 sgemm sgemm CUDA0 0.406659 157367 40
CPU0 44.877325 157328 sgemm sgemm CUDA3 1.067405 157368 40
CPU0 45.403191 157329 sgemm sgemm CUDA2 1.199475 157369 40
CPU18 44.517419 157330 sgemm sgemm CUDA1 1.084308 157370 40
CPU12 44.614001 157331 sgemm sgemm CUDA1 1.305882 157371 40
CPU12 45.417137 157332 sgemm sgemm CUDA3 1.146388 157372 40
CPU18 44.549010 157333 sgemm sgemm CUDA0 1.195714 157373 40
CPU4 44.946254 157334 sgemm sgemm CUDA1 1.065487 157374 40
CPU13 44.754872 157335 sgemm sgemm CUDA2 1.084431 157375 40
CPU7 45.407486 157336 sgemm sgemm CUDA3 1.065389 157376 40
CPU6 45.154359 157337 sgemm sgemm CUDA2 1.203310 157377 40
CPU9 44.948920 157338 sgemm sgemm CUDA0 1.077025 157378 40
CPU6 44.991919 157339 sgemm sgemm CUDA3 1.066668 157379 40
CPU13 45.032835 157340 sgemm sgemm CUDA3 1.067858 157380 40
CPU5 45.114642 157341 sgemm sgemm CUDA1 1.195965 157381 40
CPU10 44.986046 157342 sgemm sgemm CUDA2 1.210998 157382 40
CPU13 44.673767 157343 sgemm sgemm CUDA0 1.063640 157383 40
CPU19 44.895312 157344 sgemm sgemm CUDA0 12.659078 157384 40
CPU8 24.564724 157345 ssyrk ssyrk CUDA3 0.887796 157385 40
CPU14 44.956438 157346 sgemm sgemm CUDA2 5.669162 157386 40
CPU7 45.112734 157347 sgemm sgemm CUDA2 0.109787 157387 40
CPU6 44.961843 157348 sgemm sgemm CUDA3 0.069848 157388 40
CPU17 44.750800 157349 sgemm sgemm CUDA1 1.071646 157389 40
CPU15 44.726506 157350 sgemm sgemm CUDA2 1.221158 157390 40
CPU18 44.512131 157351 sgemm sgemm CUDA3 1.065939 157391 40
CPU17 44.988444 157352 sgemm sgemm CUDA0 1.078382 157392 40
CPU9 44.652384 157353 sgemm sgemm CUDA3 1.223001 157393 40
CPU10 44.872746 157354 sgemm sgemm CUDA3 1.206670 157394 40
CPU6 45.031856 157355 sgemm sgemm CUDA3 1.204566 157395 40
CPU15 44.616974 157356 sgemm sgemm CUDA3 1.080358 157396 40
CPU18 44.961764 157357 sgemm sgemm CUDA3 1.366895 157397 40
CPU17 45.278802 157358 sgemm sgemm CUDA3 10.501271 157398 40
CPU3 44.779300 157359 sgemm sgemm CUDA1 11.184825 157399 40
CPU8 45.033450 157360 sgemm sgemm CUDA2 1.070612 157400 40
CPU7 45.002055 157361 sgemm sgemm CUDA2 0.052835 157401 40
CPU19 44.849731 157362 sgemm sgemm CUDA1 12.189362 157402 40
CPU2 45.070684 157363 sgemm sgemm CUDA1 1.068192 157403 40
CPU11 44.744163 157364 sgemm sgemm CUDA3 1.083421 157404 40
CPU18 44.626592 157365 sgemm sgemm CUDA3 1.083330 157405 40
CPU8 44.798672 157366 sgemm sgemm CUDA1 1.194149 157406 40
CPU11 44.870253 157367 sgemm sgemm CUDA2 1.195086 157407 40
CPU16 44.746901 157368 sgemm sgemm CUDA0 12.156651 157408 40
CPU8 44.648175 157369 sgemm sgemm CUDA3 0.096939 157409 40
CPU12 44.799770 157370 sgemm sgemm CUDA0 1.195187 157410 40
CPU4 44.916144 157371 sgemm sgemm CUDA3 12.234594 157411 40
CPU13 45.096095 157372 sgemm sgemm CUDA1 1.065084 157412 40
CPU0 45.301168 157373 sgemm sgemm CUDA2 1.068642 157413 40
CPU14 44.542755 157374 sgemm sgemm CUDA2 9.759286 157414 40
CPU7 45.106102 157375 sgemm sgemm CUDA2 1.206125 157415 40
CPU3 44.928106 157376 sgemm sgemm CUDA0 0.046182 157416 40
CPU14 24.944640 157377 ssyrk ssyrk CUDA0 0.670883 157417 40
CPU14 44.959727 157378 sgemm sgemm CUDA2 1.385120 157418 40
CPU14 44.867849 157379 sgemm sgemm CUDA1 1.062680 157419 40
CPU15 44.557595 157380 sgemm sgemm CUDA2 1.368521 157420 40
CPU14 44.692471 157381 sgemm sgemm CUDA2 1.067804 157421 40
CPU11 44.442309 157382 sgemm sgemm CUDA0 1.208050 157422 40
CPU17 44.966039 157383 sgemm sgemm CUDA0 1.067937 157423 40
CPU1 44.969926 157384 sgemm sgemm CUDA2 1.206998 157424 40
CPU1 44.568714 157385 sgemm sgemm CUDA1 1.066534 157425 40
CPU8 44.775839 157386 sgemm sgemm CUDA1 1.199720 157426 40
CPU15 44.587768 157387 sgemm sgemm CUDA0 1.194808 157427 40
CPU19 44.938692 157388 sgemm sgemm CUDA1 1.205445 157428 40
CPU4 44.801948 157389 sgemm sgemm CUDA0 1.431305 157429 40
CPU0 45.083002 157390 sgemm sgemm CUDA0 12.675533 157430 40
CPU1 45.083346 157391 sgemm sgemm CUDA2 1.189686 157431 40
CPU4 45.303654 157392 sgemm sgemm CUDA0 1.077140 157432 40
CPU19 44.740902 157393 sgemm sgemm CUDA1 1.212617 157433 40
CPU10 44.750556 157394 sgemm sgemm CUDA1 1.198952 157434 40
CPU18 44.595465 157395 sgemm sgemm CUDA2 1.065383 157435 40
CPU18 44.488712 157396 sgemm sgemm CUDA0 1.081085 157436 40
CPU8 44.857810 157397 sgemm sgemm CUDA1 1.066678 157437 40
CPU13 44.759762 157398 sgemm sgemm CUDA2 1.069012 157438 40
CPU16 44.713278 157399 sgemm sgemm CUDA0 1.300642 157439 40
CPU19 44.671779 157400 sgemm sgemm CUDA2 1.081195 157440 40
CPU16 45.135045 157401 sgemm sgemm CUDA2 0.046023 157441 40
CPU11 44.679233 157402 sgemm sgemm CUDA2 1.066292 157442 40
CPU6 45.157881 157403 sgemm sgemm CUDA0 1.080905 157443 40
CPU0 45.632866 157404 sgemm sgemm CUDA2 1.205794 157444 40
CPU11 44.541419 157405 sgemm sgemm CUDA0 1.215714 157445 40
CPU13 44.754944 157406 sgemm sgemm CUDA0 0.044757 157446 40
CPU16 45.024280 157407 sgemm sgemm CUDA0 1.369006 157447 40
CPU5 24.872788 157408 ssyrk ssyrk CUDA2 0.693353 157448 40
CPU6 44.858611 157409 sgemm sgemm CUDA1 0.046059 157449 40
CPU15 44.522833 157410 sgemm sgemm CUDA2 1.240173 157450 40
CPU15 44.495641 157411 sgemm sgemm CUDA2 1.213213 157451 40
CPU18 44.470107 157412 sgemm sgemm CUDA2 1.196833 157452 40
CPU16 44.854985 157413 sgemm sgemm CUDA0 1.203854 157453 40
CPU4 44.987178 157414 sgemm sgemm CUDA2 1.192968 157454 40
CPU2 44.700802 157415 sgemm sgemm CUDA1 1.193892 157455 40
CPU0 44.826176 157416 sgemm sgemm CUDA1 1.066044 157456 40
CPU15 44.624501 157417 sgemm sgemm CUDA0 1.208225 157457 40
CPU15 45.015842 157418 sgemm sgemm CUDA1 1.083082 157458 40
CPU11 44.978934 157419 sgemm sgemm CUDA0 0.078443 157459 40
CPU2 44.623887 157420 sgemm sgemm CUDA1 1.209939 157460 40
CPU6 45.092714 157421 sgemm sgemm CUDA2 1.194369 157461 40
CPU5 44.805664 157422 sgemm sgemm CUDA0 1.197071 157462 40
CPU19 45.462048 157423 sgemm sgemm CUDA1 1.208344 157463 40
CPU16 45.084640 157424 sgemm sgemm CUDA2 1.197611 157464 40
CPU17 44.789255 157425 sgemm sgemm CUDA2 1.208841 157465 40
CPU18 44.586779 157426 sgemm sgemm CUDA0 1.077830 157466 40
CPU9 44.778470 157427 sgemm sgemm CUDA1 1.381378 157467 40
CPU11 44.896988 157428 sgemm sgemm CUDA2 1.065276 157468 40
CPU11 44.788652 157429 sgemm sgemm CUDA0 1.196615 157469 40
CPU8 44.695108 157430 sgemm sgemm CUDA2 1.235799 157470 40
CPU3 44.816960 157431 sgemm sgemm CUDA2 1.370239 157471 40
CPU8 44.698300 157432 sgemm sgemm CUDA2 1.215544 157472 40
CPU13 44.849131 157433 sgemm sgemm CUDA0 1.065020 157473 40
CPU5 45.020748 157434 sgemm sgemm CUDA2 1.214491 157474 40
CPU15 44.637150 157435 sgemm sgemm CUDA0 13.022462 157475 40
CPU17 44.869933 157436 sgemm sgemm CUDA0 1.063150 157476 40
CPU18 44.574350 157437 sgemm sgemm CUDA2 12.471976 157477 40
CPU6 25.026081 157438 ssyrk ssyrk CUDA1 0.958342 157478 40
CPU15 44.504600 157439 sgemm sgemm CUDA1 1.205266 157479 40
CPU15 44.464075 157440 sgemm sgemm CUDA3 1.213975 157480 40
CPU18 44.487737 157441 sgemm sgemm CUDA3 13.171313 157481 40
CPU17 44.983440 157442 sgemm sgemm CUDA1 1.207577 157482 40
CPU2 44.934817 157443 sgemm sgemm CUDA3 1.071774 157483 40
CPU6 45.101020 157444 sgemm sgemm CUDA1 1.068992 157484 40
CPU4 45.143265 157445 sgemm sgemm CUDA1 1.081396 157485 40
CPU15 44.654178 157446 sgemm sgemm CUDA3 12.723469 157486 40
CPU6 45.151705 157447 sgemm sgemm CUDA1 1.201106 157487 40
CPU8 44.627590 157448 sgemm sgemm CUDA0 1.322409 157488 40
CPU1 44.827214 157449 sgemm sgemm CUDA1 1.063920 157489 40
CPU6 45.263888 157450 sgemm sgemm CUDA1 0.044646 157490 40
CPU4 45.203307 157451 sgemm sgemm CUDA0 1.066967 157491 40
CPU19 44.655109 157452 sgemm sgemm CUDA1 1.071167 157492 40
CPU4 45.059793 157453 sgemm sgemm CUDA3 1.206809 157493 40
CPU17 44.830630 157454 sgemm sgemm CUDA3 1.150298 157494 40
CPU18 44.612238 157455 sgemm sgemm CUDA3 13.164035 157495 40
CPU7 44.823354 157456 sgemm sgemm CUDA3 1.203223 157496 40
CPU13 44.970056 157457 sgemm sgemm CUDA3 1.326599 157497 40
CPU16 44.795822 157458 sgemm sgemm CUDA3 1.193662 157498 40
CPU10 44.754300 157459 sgemm sgemm CUDA1 1.065133 157499 40
CPU5 44.949989 157460 sgemm sgemm CUDA0 1.206437 157500 40
CPU9 44.815822 157461 sgemm sgemm CUDA3 0.041002 157501 40
CPU7 44.870288 157462 sgemm sgemm CUDA1 1.194047 157502 40
CPU8 44.605111 157463 sgemm sgemm CUDA1 1.063151 157503 40
CPU11 44.921841 157464 sgemm sgemm CUDA1 1.210281 157504 40
CPU10 45.196608 157465 sgemm sgemm CUDA3 1.076037 157505 40
CPU18 44.946991 157466 sgemm sgemm CUDA1 1.209355 157506 40
CPU15 24.510516 157467 ssyrk ssyrk CUDA2 0.675304 157507 40
CPU15 44.395102 157468 sgemm sgemm CUDA3 1.070202 157508 40
CPU15 44.444923 157469 sgemm sgemm CUDA2 1.063739 157509 40
CPU15 44.620139 157470 sgemm sgemm CUDA1 1.084876 157510 40
CPU15 44.687782 157471 sgemm sgemm CUDA3 1.088521 157511 40
CPU15 44.528862 157472 sgemm sgemm CUDA3 1.204837 157512 40
CPU7 44.456835 157473 sgemm sgemm CUDA3 0.087462 157513 40
CPU15 44.595397 157474 sgemm sgemm CUDA0 1.083415 157514 40
CPU2 45.198582 157475 sgemm sgemm CUDA1 1.206778 157515 40
CPU3 44.989272 157476 sgemm sgemm CUDA2 1.068900 157516 40
CPU1 44.857416 157477 sgemm sgemm CUDA1 1.443810 157517 40
CPU4 45.185991 157478 sgemm sgemm CUDA2 1.207282 157518 40
CPU9 45.068865 157479 sgemm sgemm CUDA2 11.507223 157519 40
CPU19 44.710887 157480 sgemm sgemm CUDA1 1.308201 157520 40
CPU9 45.226139 157481 sgemm sgemm CUDA2 12.051882 157521 40
CPU1 45.232385 157482 sgemm sgemm CUDA3 1.143793 157522 40
CPU18 44.617126 157483 sgemm sgemm CUDA0 1.072946 157523 40
CPU6 45.048686 157484 sgemm sgemm CUDA3 1.067613 157524 40
CPU11 44.636240 157485 sgemm sgemm CUDA3 1.192043 157525 40
CPU14 44.682321 157486 sgemm sgemm CUDA0 1.199122 157526 40
CPU19 44.693601 157487 sgemm sgemm CUDA1 1.192929 157527 40
CPU3 45.087786 157488 sgemm sgemm CUDA3 1.066516 157528 40
CPU7 45.298164 157489 sgemm sgemm CUDA2 12.050015 157529 40
CPU9 45.026399 157490 sgemm sgemm CUDA2 1.068056 157530 40
CPU5 45.238789 157491 sgemm sgemm CUDA1 1.204832 157531 40
CPU7 45.094236 157492 sgemm sgemm CUDA0 0.045116 157532 40
CPU19 45.021090 157493 sgemm sgemm CUDA1 1.192775 157533 40
CPU19 45.048544 157494 sgemm sgemm CUDA2 0.039324 157534 40
CPU15 24.508721 157495 ssyrk ssyrk CUDA2 0.688150 157535 40
CPU8 45.048077 157496 sgemm sgemm CUDA2 1.064472 157536 40
CPU16 44.874110 157497 sgemm sgemm CUDA0 1.204414 157537 40
CPU5 45.047910 157498 sgemm sgemm CUDA2 1.078697 157538 40
CPU4 45.240212 157499 sgemm sgemm CUDA3 1.085175 157539 40
CPU1 44.873927 157500 sgemm sgemm CUDA3 1.196764 157540 40
CPU15 44.512400 157501 sgemm sgemm CUDA3 0.091559 157541 40
CPU10 44.816119 157502 sgemm sgemm CUDA3 1.075133 157542 40
CPU9 44.994626 157503 sgemm sgemm CUDA2 1.083837 157543 40
CPU12 44.775607 157504 sgemm sgemm CUDA0 1.211579 157544 40
CPU0 44.647687 157505 sgemm sgemm CUDA2 4.601044 157545 40
CPU4 44.912814 157506 sgemm sgemm CUDA2 1.074304 157546 40
CPU19 44.855475 157507 sgemm sgemm CUDA3 1.208224 157547 40
CPU15 44.836234 157508 sgemm sgemm CUDA2 0.682010 157548 40
CPU7 45.398952 157509 sgemm sgemm CUDA2 1.139954 157549 40
CPU18 44.580206 157510 sgemm sgemm CUDA2 1.066589 157550 40
CPU1 44.903460 157511 sgemm sgemm CUDA3 1.189663 157551 40
CPU13 44.923306 157512 sgemm sgemm CUDA0 1.081314 157552 40
CPU16 44.790053 157513 sgemm sgemm CUDA3 1.064901 157553 40
CPU19 44.761055 157514 sgemm sgemm CUDA0 1.207448 157554 40
CPU5 44.683046 157515 sgemm sgemm CUDA2 1.083438 157555 40
CPU3 44.347417 157516 sgemm sgemm CUDA2 1.316795 157556 40
CPU13 44.758916 157517 sgemm sgemm CUDA0 1.192497 157557 40
CPU1 45.141380 157518 sgemm sgemm CUDA3 1.210490 157558 40
CPU13 45.034207 157519 sgemm sgemm CUDA2 0.051467 157559 40
CPU10 44.787468 157520 sgemm sgemm CUDA2 1.064666 157560 40
CPU13 44.805167 157521 sgemm sgemm CUDA2 1.303419 157561 40
CPU18 24.491444 157522 ssyrk ssyrk CUDA3 0.038338 157562 40
CPU17 44.905545 157523 sgemm sgemm CUDA0 1.066318 157563 40
CPU9 45.107301 157524 sgemm sgemm CUDA3 1.301376 157564 40
CPU5 45.157622 157525 sgemm sgemm CUDA3 1.067160 157565 40
CPU5 44.765878 157526 sgemm sgemm CUDA3 1.062723 157566 40
CPU15 44.488173 157527 sgemm sgemm CUDA2 1.066269 157567 40
CPU18 44.775643 157528 sgemm sgemm CUDA0 1.068227 157568 40
CPU0 45.291541 157529 sgemm sgemm CUDA2 1.079390 157569 40
CPU10 44.801413 157530 sgemm sgemm CUDA2 9.598864 157570 40
CPU6 45.106284 157531 sgemm sgemm CUDA2 0.043189 157571 40
CPU7 45.332268 157532 sgemm sgemm CUDA2 1.316965 157572 40
CPU19 44.817122 157533 sgemm sgemm CUDA0 1.201529 157573 40
CPU11 44.904752 157534 sgemm sgemm CUDA3 1.207647 157574 40
CPU12 45.070085 157535 sgemm sgemm CUDA2 1.138750 157575 40
CPU18 44.514022 157536 sgemm sgemm CUDA3 0.039156 157576 40
CPU2 44.603060 157537 sgemm sgemm CUDA2 1.209766 157577 40
CPU11 44.757181 157538 sgemm sgemm CUDA2 1.192266 157578 40
CPU2 45.209355 157539 sgemm sgemm CUDA0 1.213758 157579 40
CPU12 44.773723 157540 sgemm sgemm CUDA2 1.196353 157580 40
CPU12 44.801094 157541 sgemm sgemm CUDA0 1.208915 157581 40
CPU4 45.135558 157542 sgemm sgemm CUDA2 1.195392 157582 40
CPU11 44.518037 157543 sgemm sgemm CUDA0 12.170331 157583 40
CPU7 45.335657 157544 sgemm sgemm CUDA3 1.138547 157584 40
CPU12 44.526057 157545 sgemm sgemm CUDA3 1.208830 157585 40
CPU13 44.826965 157546 sgemm sgemm CUDA2 1.202371 157586 40
CPU3 45.009195 157547 sgemm sgemm CUDA2 1.203066 157587 40
CPU16 24.790393 157548 ssyrk ssyrk CPU -1 157588 40
CPU17 45.033310 157549 sgemm sgemm CUDA3 1.069445 157589 40
CPU16 44.943328 157550 sgemm sgemm CUDA1 1.205479 157590 40
CPU6 45.017571 157551 sgemm sgemm CUDA1 1.202096 157591 40
CPU15 44.721603 157552 sgemm sgemm CUDA3 1.194371 157592 40
CPU19 44.983718 157553 sgemm sgemm CUDA3 1.207054 157593 40
CPU1 44.531508 157554 sgemm sgemm CUDA3 1.071122 157594 40
CPU10 44.944402 157555 sgemm sgemm CUDA0 1.077081 157595 40
CPU2 44.635388 157556 sgemm sgemm CUDA1 1.082891 157596 40
CPU5 44.902443 157557 sgemm sgemm CUDA1 1.065846 157597 40
CPU19 44.864075 157558 sgemm sgemm CUDA3 12.047091 157598 40
CPU1 45.049405 157559 sgemm sgemm CUDA3 1.073693 157599 40
CPU9 44.873682 157560 sgemm sgemm CUDA3 1.148872 157600 40
CPU17 44.944380 157561 sgemm sgemm CUDA3 1.302250 157601 40
CPU0 44.986711 157562 sgemm sgemm CUDA3 1.432757 157602 40
CPU13 44.945723 157563 sgemm sgemm CUDA3 1.063603 157603 40
CPU15 44.650576 157564 sgemm sgemm CUDA3 1.203586 157604 40
CPU19 44.828867 157565 sgemm sgemm CUDA0 1.064469 157605 40
CPU9 44.761846 157566 sgemm sgemm CUDA0 12.562863 157606 40
CPU5 44.792716 157567 sgemm sgemm CUDA1 1.065518 157607 40
CPU10 45.003814 157568 sgemm sgemm CUDA1 12.101734 157608 40
CPU19 44.856485 157569 sgemm sgemm CUDA3 1.211638 157609 40
CPU19 44.790764 157570 sgemm sgemm CUDA1 1.281442 157610 40
CPU18 44.744896 157571 sgemm sgemm CUDA0 0.041546 157611 40
CPU10 45.637346 157572 sgemm sgemm CUDA3 1.198221 157612 40
CPU0 24.983960 157573 ssyrk ssyrk CUDA3 0.686512 157613 40
CPU11 44.726923 157574 sgemm sgemm CUDA3 1.195193 157614 40
CPU4 44.977505 157575 sgemm sgemm CUDA3 12.986590 157615 40
CPU15 44.854737 157576 sgemm sgemm CUDA3 0.042173 157616 40
CPU3 44.782692 157577 sgemm sgemm CUDA3 1.320671 157617 40
CPU9 44.660242 157578 sgemm sgemm CUDA2 1.205170 157618 40
CPU5 44.612924 157579 sgemm sgemm CUDA0 1.206978 157619 40
CPU2 44.811184 157580 sgemm sgemm CUDA2 1.065061 157620 40
CPU7 45.016592 157581 sgemm sgemm CUDA2 1.066196 157621 40
CPU19 44.751473 157582 sgemm sgemm CUDA0 1.079433 157622 40
CPU9 45.370774 157583 sgemm sgemm CUDA2 1.065320 157623 40
CPU0 45.482807 157584 sgemm sgemm CUDA3 1.151604 157624 40
CPU18 44.758482 157585 sgemm sgemm CUDA2 1.064885 157625 40
CPU9 44.665605 157586 sgemm sgemm CUDA2 1.066708 157626 40
CPU11 44.808948 157587 sgemm sgemm CUDA3 1.067028 157627 40
CPU16 44.733713 157588 sgemm sgemm CUDA3 1.079954 157628 40
CPU19 44.916235 157589 sgemm sgemm CUDA3 1.196903 157629 40
CPU9 44.690508 157590 sgemm sgemm CUDA2 1.196705 157630 40
CPU9 44.863191 157591 sgemm sgemm CUDA2 1.201661 157631 40
CPU7 45.139874 157592 sgemm sgemm CUDA1 1.205982 157632 40
CPU5 44.980555 157593 sgemm sgemm CUDA3 12.985394 157633 40
CPU18 44.658391 157594 sgemm sgemm CUDA3 1.195198 157634 40
CPU18 45.042109 157595 sgemm sgemm CUDA0 1.064254 157635 40
CPU18 44.980871 157596 sgemm sgemm CUDA3 1.207399 157636 40
CPU3 24.849156 157597 ssyrk ssyrk CUDA3 0.678464 157637 40
CPU5 44.810859 157598 sgemm sgemm CUDA3 1.073933 157638 40
CPU15 44.818607 157599 sgemm sgemm CUDA1 13.051892 157639 40
CPU11 44.785014 157600 sgemm sgemm CUDA3 1.064793 157640 40
CPU0 44.997452 157601 sgemm sgemm CUDA2 1.067730 157641 40
CPU5 44.688881 157602 sgemm sgemm CUDA1 0.042844 157642 40
CPU12 45.140711 157603 sgemm sgemm CUDA2 1.064671 157643 40
CPU8 44.901772 157604 sgemm sgemm CUDA1 1.300736 157644 40
CPU19 44.694583 157605 sgemm sgemm CUDA1 1.207663 157645 40
CPU11 44.747200 157606 sgemm sgemm CUDA2 1.207963 157646 40
CPU10 44.720175 157607 sgemm sgemm CUDA2 0.046456 157647 40
CPU17 44.886926 157608 sgemm sgemm CUDA3 1.208464 157648 40
CPU7 44.920633 157609 sgemm sgemm CUDA3 1.354765 157649 40
CPU12 44.773823 157610 sgemm sgemm CUDA3 1.200747 157650 40
CPU18 44.584316 157611 sgemm sgemm CUDA2 1.079637 157651 40
CPU11 45.237208 157612 sgemm sgemm CUDA3 1.065521 157652 40
CPU1 44.878685 157613 sgemm sgemm CUDA2 1.081631 157653 40
CPU1 45.147145 157614 sgemm sgemm CUDA3 1.300284 157654 40
CPU1 44.990323 157615 sgemm sgemm CUDA1 1.209623 157655 40
CPU3 45.058251 157616 sgemm sgemm CUDA2 0.039798 157656 40
CPU0 45.330792 157617 sgemm sgemm CUDA2 1.081477 157657 40
CPU7 45.297086 157618 sgemm sgemm CUDA3 1.083050 157658 40
CPU7 45.001820 157619 sgemm sgemm CUDA2 1.203404 157659 40
CPU6 25.036736 157620 ssyrk ssyrk CUDA3 0.914853 157660 40
CPU8 45.089841 157621 sgemm sgemm CUDA1 1.079207 157661 40
CPU0 45.136005 157622 sgemm sgemm CUDA1 1.071181 157662 40
CPU11 44.496793 157623 sgemm sgemm CUDA3 1.064023 157663 40
CPU2 44.706325 157624 sgemm sgemm CUDA1 1.207258 157664 40
CPU10 44.824547 157625 sgemm sgemm CUDA1 1.304421 157665 40
CPU7 45.137790 157626 sgemm sgemm CUDA0 1.216841 157666 40
CPU1 45.124202 157627 sgemm sgemm CUDA1 8.540831 157667 40
CPU10 44.679949 157628 sgemm sgemm CUDA3 1.213552 157668 40
CPU6 45.276344 157629 sgemm sgemm CUDA3 13.066797 157669 40
CPU18 44.702280 157630 sgemm sgemm CUDA3 1.189947 157670 40
CPU6 44.940057 157631 sgemm sgemm CUDA1 1.197716 157671 40
CPU13 44.719741 157632 sgemm sgemm CUDA3 1.070163 157672 40
CPU12 44.848527 157633 sgemm sgemm CUDA0 1.194313 157673 40
CPU11 44.971082 157634 sgemm sgemm CUDA3 1.077259 157674 40
CPU4 45.130123 157635 sgemm sgemm CUDA0 10.521427 157675 40
CPU1 45.038641 157636 sgemm sgemm CUDA3 1.206733 157676 40
CPU5 44.921353 157637 sgemm sgemm CUDA0 0.049452 157677 40
CPU2 45.212319 157638 sgemm sgemm CUDA0 8.891077 157678 40
CPU10 45.155755 157639 sgemm sgemm CUDA1 1.208350 157679 40
CPU6 45.198645 157640 sgemm sgemm CUDA0 1.213897 157680 40
CPU2 45.035039 157641 sgemm sgemm CUDA0 1.086070 157681 40
CPU15 24.603786 157642 ssyrk ssyrk CUDA1 0.678444 157682 40
CPU15 44.920050 157643 sgemm sgemm CUDA1 1.209424 157683 40
CPU15 44.863250 157644 sgemm sgemm CUDA0 1.301736 157684 40
CPU10 44.852204 157645 sgemm sgemm CUDA1 12.582492 157685 40
CPU15 44.699640 157646 sgemm sgemm CUDA2 0.075718 157686 40
CPU7 45.139934 157647 sgemm sgemm CUDA2 10.315256 157687 40
CPU19 44.647971 157648 sgemm sgemm CUDA1 0.041632 157688 40
CPU8 45.347089 157649 sgemm sgemm CUDA2 1.210478 157689 40
CPU17 44.681420 157650 sgemm sgemm CUDA2 1.259799 157690 40
CPU17 44.685313 157651 sgemm sgemm CUDA2 1.067092 157691 40
CPU8 44.930705 157652 sgemm sgemm CUDA2 1.064511 157692 40
CPU11 44.639571 157653 sgemm sgemm CUDA3 1.381283 157693 40
CPU14 44.510518 157654 sgemm sgemm CUDA0 1.063642 157694 40
CPU19 44.700658 157655 sgemm sgemm CUDA2 1.195342 157695 40
CPU9 45.071649 157656 sgemm sgemm CUDA2 1.204533 157696 40
CPU12 44.911078 157657 sgemm sgemm CUDA2 1.077241 157697 40
CPU8 45.000521 157658 sgemm sgemm CUDA0 1.301587 157698 40
CPU18 44.450651 157659 sgemm sgemm CUDA0 0.103895 157699 40
CPU17 44.737933 157660 sgemm sgemm CUDA0 1.196816 157700 40
CPU17 44.956857 157661 sgemm sgemm CUDA2 1.211720 157701 40
CPU17 44.855377 157662 sgemm sgemm CUDA0 1.080291 157702 40
CPU0 24.909673 157663 ssyrk ssyrk CUDA0 0.683770 157703 40
CPU6 44.984082 157664 sgemm sgemm CUDA0 1.205023 157704 40
CPU11 44.666340 157665 sgemm sgemm CUDA1 1.065426 157705 40
CPU6 45.047542 157666 sgemm sgemm CUDA1 1.084007 157706 40
CPU6 45.043178 157667 sgemm sgemm CUDA0 1.062317 157707 40
CPU19 44.757063 157668 sgemm sgemm CUDA3 1.301994 157708 40
CPU3 44.793883 157669 sgemm sgemm CUDA1 1.145360 157709 40
CPU11 44.680325 157670 sgemm sgemm CUDA3 0.042746 157710 40
CPU18 44.738940 157671 sgemm sgemm CUDA0 1.204372 157711 40
CPU9 44.991207 157672 sgemm sgemm CUDA1 1.065787 157712 40
CPU13 44.823435 157673 sgemm sgemm CUDA3 1.077256 157713 40
CPU10 45.068192 157674 sgemm sgemm CUDA3 12.294279 157714 40
CPU0 45.351747 157675 sgemm sgemm CUDA3 0.039974 157715 40
CPU3 45.053034 157676 sgemm sgemm CUDA0 1.297115 157716 40
CPU6 44.646452 157677 sgemm sgemm CUDA1 1.083066 157717 40
CPU6 45.170654 157678 sgemm sgemm CUDA0 1.195457 157718 40
CPU7 44.885390 157679 sgemm sgemm CUDA3 0.040661 157719 40
CPU18 44.734923 157680 sgemm sgemm CUDA0 1.064504 157720 40
CPU18 44.748247 157681 sgemm sgemm CUDA1 1.066274 157721 40
CPU10 44.750392 157682 sgemm sgemm CUDA0 1.082477 157722 40
CPU5 24.553040 157683 ssyrk ssyrk CUDA3 0.223413 157723 40
CPU9 44.856926 157684 sgemm sgemm CUDA0 0.181630 157724 40
CPU5 44.774220 157685 sgemm sgemm CUDA2 1.269529 157725 40
CPU8 44.818200 157686 sgemm sgemm CUDA0 1.192451 157726 40
CPU19 44.774886 157687 sgemm sgemm CUDA3 1.187183 157727 40
CPU1 45.175697 157688 sgemm sgemm CUDA2 1.208280 157728 40
CPU17 45.033719 157689 sgemm sgemm CUDA0 1.194789 157729 40
CPU17 44.991305 157690 sgemm sgemm CUDA3 1.076651 157730 40
CPU6 44.878684 157691 sgemm sgemm CUDA3 1.065003 157731 40
CPU10 44.668278 157692 sgemm sgemm CUDA3 1.199416 157732 40
CPU16 44.995852 157693 sgemm sgemm CUDA2 12.131445 157733 40
CPU19 44.784890 157694 sgemm sgemm CUDA2 1.205252 157734 40
CPU17 44.975475 157695 sgemm sgemm CUDA2 1.207341 157735 40
CPU12 44.920978 157696 sgemm sgemm CUDA3 1.208097 157736 40
CPU1 44.961724 157697 sgemm sgemm CUDA2 1.202338 157737 40
CPU5 45.020009 157698 sgemm sgemm CUDA0 1.259779 157738 40
CPU10 45.343933 157699 sgemm sgemm CUDA2 1.498482 157739 40
CPU10 45.257846 157700 sgemm sgemm CUDA3 0.044785 157740 40
CPU11 44.905602 157701 sgemm sgemm CUDA3 1.081488 157741 40
CPU8 24.751240 157702 ssyrk ssyrk CUDA1 1.556584 157742 40
CPU11 45.134533 157703 sgemm sgemm CUDA1 1.206178 157743 40
CPU1 44.897351 157704 sgemm sgemm CUDA1 0.044882 157744 40
CPU12 45.293767 157705 sgemm sgemm CUDA1 1.064181 157745 40
CPU11 44.695813 157706 sgemm sgemm CUDA2 1.066009 157746 40
CPU0 45.300751 157707 sgemm sgemm CUDA2 1.026839 157747 40
CPU17 45.000444 157708 sgemm sgemm CUDA2 1.210235 157748 40
CPU4 44.884802 157709 sgemm sgemm CUDA2 1.208717 157749 40
CPU16 44.672740 157710 sgemm sgemm CUDA0 1.078182 157750 40
CPU15 44.712880 157711 sgemm sgemm CUDA2 1.336438 157751 40
CPU19 44.854946 157712 sgemm sgemm CUDA0 1.303168 157752 40
CPU4 44.867972 157713 sgemm sgemm CUDA2 12.051409 157753 40
CPU4 45.047018 157714 sgemm sgemm CUDA2 1.206708 157754 40
CPU13 44.934288 157715 sgemm sgemm CUDA2 1.068631 157755 40
CPU9 44.790694 157716 sgemm sgemm CUDA1 1.194521 157756 40
CPU12 45.102278 157717 sgemm sgemm CUDA0 1.077718 157757 40
CPU15 44.676831 157718 sgemm sgemm CUDA2 0.360802 157758 40
CPU15 44.773264 157719 sgemm sgemm CUDA2 1.083169 157759 40
CPU17 24.817506 157720 ssyrk ssyrk CUDA1 0.680166 157760 40
CPU5 44.909439 157721 sgemm sgemm CUDA3 1.212502 157761 40
CPU19 44.785496 157722 sgemm sgemm CUDA1 1.204335 157762 40
CPU12 45.023024 157723 sgemm sgemm CUDA2 1.194875 157763 40
CPU8 44.763688 157724 sgemm sgemm CUDA2 1.028717 157764 40
CPU17 44.917416 157725 sgemm sgemm CUDA1 0.049662 157765 40
CPU7 45.066689 157726 sgemm sgemm CUDA2 1.193719 157766 40
CPU11 44.796167 157727 sgemm sgemm CUDA3 1.069917 157767 40
CPU16 44.690781 157728 sgemm sgemm CUDA2 1.071971 157768 40
CPU12 44.745400 157729 sgemm sgemm CUDA1 1.196219 157769 40
CPU4 45.070006 157730 sgemm sgemm CUDA2 1.415475 157770 40
CPU8 44.903103 157731 sgemm sgemm CUDA1 1.076302 157771 40
CPU4 45.285166 157732 sgemm sgemm CUDA1 1.208071 157772 40
CPU3 44.504079 157733 sgemm sgemm CUDA2 1.356237 157773 40
CPU13 44.890665 157734 sgemm sgemm CUDA1 1.067943 157774 40
CPU16 44.835282 157735 sgemm sgemm CUDA2 1.208687 157775 40
CPU18 44.716555 157736 sgemm sgemm CUDA1 1.201992 157776 40
CPU8 24.802672 157737 ssyrk ssyrk CUDA2 0.949482 157777 40
CPU19 44.719257 157738 sgemm sgemm CUDA0 1.083809 157778 40
CPU2 44.958201 157739 sgemm sgemm CUDA1 1.084721 157779 40
CPU17 44.869564 157740 sgemm sgemm CUDA3 1.315811 157780 40
CPU17 44.798736 157741 sgemm sgemm CUDA2 1.064147 157781 40
CPU1 44.642687 157742 sgemm sgemm CUDA2 1.061742 157782 40
CPU13 44.927829 157743 sgemm sgemm CUDA3 4.568726 157783 40
CPU14 44.624255 157744 sgemm sgemm CUDA1 1.082201 157784 40
CPU19 44.941169 157745 sgemm sgemm CUDA1 1.371862 157785 40
CPU5 45.061754 157746 sgemm sgemm CUDA2 1.193627 157786 40
CPU3 44.363136 157747 sgemm sgemm CUDA2 1.210288 157787 40
CPU9 44.629292 157748 sgemm sgemm CUDA2 12.529013 157788 40
CPU0 45.338433 157749 sgemm sgemm CUDA2 1.190748 157789 40
CPU14 44.551613 157750 sgemm sgemm CUDA1 1.069259 157790 40
CPU8 45.009673 157751 sgemm sgemm CUDA1 1.284765 157791 40
CPU8 44.863658 157752 sgemm sgemm CUDA1 1.063145 157792 40
CPU19 24.918513 157753 ssyrk ssyrk CUDA0 0.045489 157793 40
CPU19 44.889020 157754 sgemm sgemm CUDA3 1.193177 157794 40
CPU19 44.699502 157755 sgemm sgemm CUDA0 1.071522 157795 40
CPU17 44.805889 157756 sgemm sgemm CUDA1 1.316740 157796 40
CPU1 44.660428 157757 sgemm sgemm CUDA3 1.193298 157797 40
CPU10 44.584203 157758 sgemm sgemm CUDA3 1.190258 157798 40
CPU16 44.613550 157759 sgemm sgemm CUDA1 1.214803 157799 40
CPU19 44.837740 157760 sgemm sgemm CUDA3 1.198977 157800 40
CPU7 44.813245 157761 sgemm sgemm CUDA0 1.064277 157801 40
CPU5 44.923655 157762 sgemm sgemm CUDA1 1.064175 157802 40
CPU11 45.044868 157763 sgemm sgemm CUDA1 1.209361 157803 40
CPU8 44.617242 157764 sgemm sgemm CUDA1 1.202364 157804 40
CPU11 44.550334 157765 sgemm sgemm CUDA1 1.193095 157805 40
CPU3 44.931128 157766 sgemm sgemm CUDA1 1.074773 157806 40
CPU8 45.017185 157767 sgemm sgemm CUDA0 1.206399 157807 40
CPU6 24.907923 157768 ssyrk ssyrk CPU -1 157808 40
CPU3 45.073750 157769 sgemm sgemm CUDA2 1.024337 157809 40
CPU17 44.735473 157770 sgemm sgemm CUDA0 1.206455 157810 40
CPU5 44.267042 157771 sgemm sgemm CUDA2 1.067285 157811 40
CPU13 44.898952 157772 sgemm sgemm CUDA2 1.207623 157812 40
CPU11 44.744117 157773 sgemm sgemm CUDA0 1.300077 157813 40
CPU1 44.949538 157774 sgemm sgemm CUDA0 1.203880 157814 40
CPU10 44.923446 157775 sgemm sgemm CUDA2 1.068920 157815 40
CPU18 44.756363 157776 sgemm sgemm CUDA0 1.191978 157816 40
CPU10 45.436445 157777 sgemm sgemm CUDA2 12.835346 157817 40
CPU17 44.926702 157778 sgemm sgemm CUDA3 1.299532 157818 40
CPU19 44.780475 157779 sgemm sgemm CUDA2 0.040149 157819 40
CPU11 44.728682 157780 sgemm sgemm CUDA0 1.208326 157820 40
CPU15 44.950864 157781 sgemm sgemm CUDA2 1.301695 157821 40
CPU7 25.227428 157782 ssyrk ssyrk CPU -1 157822 40
CPU17 44.641927 157783 sgemm sgemm CUDA2 1.139158 157823 40
CPU6 44.856319 157784 sgemm sgemm CUDA3 1.027713 157824 40
CPU9 45.077255 157785 sgemm sgemm CUDA0 1.131825 157825 40
CPU11 44.683388 157786 sgemm sgemm CUDA3 1.143573 157826 40
CPU11 44.633829 157787 sgemm sgemm CUDA2 1.019123 157827 40
CPU13 44.567350 157788 sgemm sgemm CUDA0 1.239361 157828 40
CPU10 44.671756 157789 sgemm sgemm CUDA3 1.144941 157829 40
CPU17 44.592165 157790 sgemm sgemm CUDA1 1.066939 157830 40
CPU17 44.578050 157791 sgemm sgemm CUDA1 1.202364 157831 40
CPU8 45.251771 157792 sgemm sgemm CUDA1 12.149455 157832 40
CPU4 45.370478 157793 sgemm sgemm CUDA1 0.047811 157833 40
CPU6 45.392672 157794 sgemm sgemm CUDA1 1.269567 157834 40
CPU17 25.041921 157795 ssyrk ssyrk CPU -1 157835 40
CPU17 45.125144 157796 sgemm sgemm CUDA0 5.802805 157836 40
CPU7 44.590389 157797 sgemm sgemm CUDA2 1.196722 157837 40
CPU6 45.211667 157798 sgemm sgemm CUDA0 1.278848 157838 40
CPU17 44.739055 157799 sgemm sgemm CUDA0 1.190961 157839 40
CPU17 44.956822 157800 sgemm sgemm CUDA3 1.135391 157840 40
CPU9 44.820625 157801 sgemm sgemm CUDA0 1.203091 157841 40
CPU7 45.043972 157802 sgemm sgemm CUDA0 1.074993 157842 40
CPU6 44.344087 157803 sgemm sgemm CUDA0 1.200555 157843 40
CPU7 44.857487 157804 sgemm sgemm CUDA0 1.195988 157844 40
CPU12 44.653702 157805 sgemm sgemm CUDA2 12.320405 157845 40
CPU17 44.927688 157806 sgemm sgemm CUDA3 1.211225 157846 40
CPU5 24.805529 157807 ssyrk ssyrk CUDA1 0.674081 157847 40
CPU0 44.585072 157808 sgemm sgemm CUDA2 1.065906 157848 40
CPU5 44.928665 157809 sgemm sgemm CUDA1 12.471727 157849 40
CPU0 45.221175 157810 sgemm sgemm CUDA3 1.195094 157850 40
CPU0 44.794650 157811 sgemm sgemm CUDA2 1.198108 157851 40
CPU9 44.803661 157812 sgemm sgemm CUDA2 1.211701 157852 40
CPU13 44.981163 157813 sgemm sgemm CUDA2 0.043921 157853 40
CPU4 44.251655 157814 sgemm sgemm CUDA2 1.206415 157854 40
CPU0 45.211325 157815 sgemm sgemm CUDA3 12.219241 157855 40
CPU13 44.911083 157816 sgemm sgemm CUDA1 0.678496 157856 40
CPU12 45.083599 157817 sgemm sgemm CUDA2 1.189625 157857 40
CPU8 24.834332 157818 ssyrk ssyrk CUDA0 0.898838 157858 40
CPU13 44.826134 157819 sgemm sgemm CUDA1 1.067952 157859 40
CPU11 44.656833 157820 sgemm sgemm CUDA0 1.199784 157860 40
CPU10 44.909559 157821 sgemm sgemm CUDA3 1.201088 157861 40
CPU5 45.059932 157822 sgemm sgemm CUDA3 1.206417 157862 40
CPU4 45.320604 157823 sgemm sgemm CUDA3 0.040547 157863 40
CPU10 44.820501 157824 sgemm sgemm CUDA2 1.068401 157864 40
CPU7 44.968131 157825 sgemm sgemm CUDA1 1.209164 157865 40
CPU17 44.951966 157826 sgemm sgemm CUDA1 1.211682 157866 40
CPU17 44.900882 157827 sgemm sgemm CUDA3 1.194104 157867 40
CPU3 25.107830 157828 ssyrk ssyrk CUDA2 0.692828 157868 40
CPU15 44.711621 157829 sgemm sgemm CUDA2 1.202709 157869 40
CPU17 45.011967 157830 sgemm sgemm CUDA3 1.068992 157870 40
CPU2 44.906558 157831 sgemm sgemm CUDA2 1.065499 157871 40
CPU2 44.946776 157832 sgemm sgemm CUDA2 1.367199 157872 40
CPU2 44.814767 157833 sgemm sgemm CUDA0 1.193735 157873 40
CPU2 44.826607 157834 sgemm sgemm CUDA2 1.209115 157874 40
CPU2 44.951891 157835 sgemm sgemm CUDA3 1.201065 157875 40
CPU2 44.871005 157836 sgemm sgemm CUDA3 1.078760 157876 40
CPU14 24.892119 157837 ssyrk ssyrk CUDA3 9.087789 157877 40
CPU19 44.840986 157838 sgemm sgemm CUDA0 1.083309 157878 40
CPU12 44.867819 157839 sgemm sgemm CUDA3 1.210623 157879 40
CPU12 44.486670 157840 sgemm sgemm CUDA2 1.061049 157880 40
CPU16 44.602640 157841 sgemm sgemm CUDA1 1.080416 157881 40
CPU17 44.960947 157842 sgemm sgemm CUDA3 1.215021 157882 40
CPU19 44.921252 157843 sgemm sgemm CUDA0 12.308479 157883 40
CPU19 44.816934 157844 sgemm sgemm CUDA0 1.080616 157884 40
CPU7 24.948602 157845 ssyrk ssyrk CUDA0 0.693625 157885 40
CPU8 44.840794 157846 sgemm sgemm CUDA2 1.202617 157886 40
CPU7 44.959688 157847 sgemm sgemm CUDA2 1.067389 157887 40
CPU18 44.659612 157848 sgemm sgemm CUDA2 1.071708 157888 40
CPU6 45.388999 157849 sgemm sgemm CUDA3 12.807611 157889 40
CPU2 44.685199 157850 sgemm sgemm CUDA3 0.040889 157890 40
CPU11 44.810907 157851 sgemm sgemm CUDA2 1.206754 157891 40
CPU9 24.666382 157852 ssyrk ssyrk CPU -1 157892 40
CPU5 44.781544 157853 sgemm sgemm CUDA2 1.079239 157893 40
CPU8 45.180454 157854 sgemm sgemm CUDA0 1.077753 157894 40
CPU4 45.134236 157855 sgemm sgemm CUDA3 1.065049 157895 40
CPU5 45.162000 157856 sgemm sgemm CUDA1 12.274440 157896 40
CPU8 45.247524 157857 sgemm sgemm CUDA0 1.078829 157897 40
CPU1 24.704007 157858 ssyrk ssyrk CUDA1 0.694596 157898 40
CPU1 44.993670 157859 sgemm sgemm CUDA1 1.077398 157899 40
CPU1 45.245018 157860 sgemm sgemm CUDA2 1.206581 157900 40
CPU9 45.176309 157861 sgemm sgemm CUDA2 1.207418 157901 40
CPU6 44.739128 157862 sgemm sgemm CUDA2 1.081365 157902 40
CPU8 25.119048 157863 ssyrk ssyrk CPU -1 157903 40
CPU14 44.728031 157864 sgemm sgemm CUDA3 1.065840 157904 40
CPU16 44.854286 157865 sgemm sgemm CUDA3 1.023492 157905 40
CPU3 45.176458 157866 sgemm sgemm CUDA2 1.197612 157906 40
CPU16 24.607101 157867 ssyrk ssyrk CUDA3 0.700930 157907 40
CPU2 44.973272 157868 sgemm sgemm CUDA0 1.373366 157908 40
CPU0 44.787500 157869 sgemm sgemm CUDA1 1.075230 157909 40
CPU5 24.451613 157870 ssyrk ssyrk CUDA0 0.040805 157910 40
CPU1 45.092833 157871 sgemm sgemm CUDA0 1.068425 157911 40
CPU11 24.527005 157872 ssyrk ssyrk CPU -1 157912 40
CPU19 30.457658 157875 strmm strmm CUDA2 4.582204 157915 40
CPU13 30.500311 157879 strmm strmm CUDA3 0.029884 157919 40
CPU6 31.422140 157883 strmm strmm CUDA1 0.028724 157923 40
CPU5 30.530897 157887 strmm strmm CUDA0 4.527502 157927 40
CPU18 30.344917 157891 strmm strmm CUDA2 4.300039 157931 40
CPU9 31.300289 157895 strmm strmm CUDA3 4.529406 157935 40
CPU13 30.060759 157899 strmm strmm CUDA2 4.237806 157939 40
CPU11 29.957837 157903 strmm strmm CUDA0 4.284494 157943 40
CPU13 30.887518 157907 strmm strmm CUDA0 4.283427 157947 40
CPU7 31.325318 157911 strmm strmm CUDA2 15.020071 157951 40
CPU7 31.662716 157915 strmm strmm CUDA1 4.689728 157955 40
CPU5 31.695618 157919 strmm strmm CUDA1 4.515240 157959 40
CPU16 29.712970 157923 strmm strmm CUDA1 4.289829 157963 40
CPU6 31.164260 157927 strmm strmm CUDA1 4.289756 157967 40
CPU1 31.254210 157931 strmm strmm CUDA0 16.201685 157971 40
CPU15 30.416889 157935 strmm strmm CUDA1 14.932337 157975 40
CPU18 30.036650 157939 strmm strmm CUDA2 0.031880 157979 40
CPU9 31.381426 157943 strmm strmm CUDA2 0.030111 157983 40
CPU11 29.934781 157947 strmm strmm CUDA1 4.401207 157987 40
CPU10 30.464215 157951 strmm strmm CUDA0 0.028888 157991 40
CPU13 29.934262 157955 strmm strmm CUDA2 4.497789 157995 40
CPU7 30.860542 157959 strmm strmm CUDA3 14.645345 157999 40
CPU12 30.717218 157963 strmm strmm CUDA0 15.025206 158003 40
CPU17 30.144365 157967 strmm strmm CUDA3 4.184637 158007 40
CPU2 31.363637 157971 strmm strmm CUDA1 15.107799 158011 40
CPU19 30.440015 157975 strmm strmm CUDA1 0.028602 158015 40
CPU13 30.530160 157979 strmm strmm CUDA0 0.030692 158019 40
CPU8 31.373127 157983 strmm strmm CUDA0 0.644563 158023 40
CPU1 31.551198 157987 strmm strmm CUDA2 12.646240 158027 40
CPU2 31.369479 157991 strmm strmm CUDA0 4.598452 158031 40
CPU0 31.115630 157995 strmm strmm CUDA0 15.093076 158035 40
CPU1 30.472459 157999 strmm strmm CUDA3 4.182674 158039 40
CPU19 30.836762 158003 strmm strmm CUDA1 12.270618 158043 40
CPU19 12.241069 158007 slauum slauum CPU -1 158047 40
CPU5 24.530040 158009 ssyrk ssyrk CUDA0 0.072901 158049 40
CPU3 44.680809 158010 sgemm sgemm CUDA3 1.215753 158050 40
CPU1 44.899354 158011 sgemm sgemm CUDA0 1.201992 158051 40
CPU2 44.568198 158012 sgemm sgemm CUDA2 1.083663 158052 40
CPU1 44.666097 158013 sgemm sgemm CUDA2 1.193577 158053 40
CPU4 44.925477 158014 sgemm sgemm CUDA2 1.084722 158054 40
CPU3 44.732027 158015 sgemm sgemm CUDA2 0.227942 158055 40
CPU8 44.732160 158016 sgemm sgemm CUDA3 1.197034 158056 40
CPU2 44.474999 158017 sgemm sgemm CUDA0 1.076665 158057 40
CPU6 44.653608 158018 sgemm sgemm CUDA3 0.053950 158058 40
CPU5 44.795524 158019 sgemm sgemm CUDA3 1.080728 158059 40
CPU10 44.731208 158020 sgemm sgemm CUDA3 1.303565 158060 40
CPU15 44.467702 158021 sgemm sgemm CUDA3 1.150295 158061 40
CPU12 45.139849 158022 sgemm sgemm CUDA1 1.202842 158062 40
CPU2 44.553784 158023 sgemm sgemm CUDA0 1.065556 158063 40
CPU5 44.607898 158024 sgemm sgemm CUDA0 11.630037 158064 40
CPU0 44.676094 158025 sgemm sgemm CUDA3 1.194180 158065 40
CPU5 45.143305 158026 sgemm sgemm CUDA0 1.311551 158066 40
CPU18 44.666626 158027 sgemm sgemm CUDA1 1.083185 158067 40
CPU16 44.754417 158028 sgemm sgemm CUDA1 1.077230 158068 40
CPU12 44.844025 158029 sgemm sgemm CUDA3 1.071130 158069 40
CPU17 45.025368 158030 sgemm sgemm CUDA0 7.677839 158070 40
CPU3 44.584229 158031 sgemm sgemm CUDA2 1.083794 158071 40
CPU12 44.736944 158032 sgemm sgemm CUDA2 1.064568 158072 40
CPU7 45.069435 158033 sgemm sgemm CUDA0 1.293259 158073 40
CPU6 44.923078 158034 sgemm sgemm CUDA0 1.207091 158074 40
CPU9 44.688986 158035 sgemm sgemm CUDA0 1.196269 158075 40
CPU0 45.099883 158036 sgemm sgemm CUDA3 1.206737 158076 40
CPU5 44.641248 158037 sgemm sgemm CUDA1 1.194953 158077 40
CPU0 45.506773 158038 sgemm sgemm CUDA0 1.193560 158078 40
CPU13 44.923132 158039 sgemm sgemm CUDA1 1.296044 158079 40
CPU13 44.871428 158040 sgemm sgemm CUDA0 1.066541 158080 40
CPU19 45.054880 158041 sgemm sgemm CUDA0 1.210740 158081 40
CPU19 45.062003 158042 sgemm sgemm CUDA3 1.308247 158082 40
CPU8 24.568369 158043 ssyrk ssyrk CUDA3 0.676686 158083 40
CPU14 44.979652 158044 sgemm sgemm CUDA2 1.219011 158084 40
CPU7 44.901760 158045 sgemm sgemm CUDA2 0.049375 158085 40
CPU4 44.872746 158046 sgemm sgemm CUDA3 7.682433 158086 40
CPU17 44.777222 158047 sgemm sgemm CUDA1 1.202835 158087 40
CPU15 45.215916 158048 sgemm sgemm CUDA2 1.318561 158088 40
CPU18 44.826604 158049 sgemm sgemm CUDA3 1.200838 158089 40
CPU17 44.939301 158050 sgemm sgemm CUDA0 1.204567 158090 40
CPU7 44.785702 158051 sgemm sgemm CUDA3 1.069206 158091 40
CPU10 44.914585 158052 sgemm sgemm CUDA3 1.082137 158092 40
CPU10 44.744382 158053 sgemm sgemm CUDA3 1.083283 158093 40
CPU14 44.744940 158054 sgemm sgemm CUDA3 1.068699 158094 40
CPU18 45.039537 158055 sgemm sgemm CUDA1 1.204044 158095 40
CPU17 45.320807 158056 sgemm sgemm CUDA3 1.083665 158096 40
CPU7 44.589567 158057 sgemm sgemm CUDA1 1.069204 158097 40
CPU7 45.005128 158058 sgemm sgemm CUDA3 1.196594 158098 40
CPU5 44.834704 158059 sgemm sgemm CUDA2 1.203198 158099 40
CPU19 44.888036 158060 sgemm sgemm CUDA1 1.198339 158100 40
CPU2 44.661617 158061 sgemm sgemm CUDA1 1.062190 158101 40
CPU11 44.714203 158062 sgemm sgemm CUDA3 1.206938 158102 40
CPU17 45.076540 158063 sgemm sgemm CUDA3 1.080955 158103 40
CPU8 44.411454 158064 sgemm sgemm CUDA2 1.066380 158104 40
CPU18 44.627928 158065 sgemm sgemm CUDA2 1.208241 158105 40
CPU16 44.951144 158066 sgemm sgemm CUDA0 1.203706 158106 40
CPU6 45.078605 158067 sgemm sgemm CUDA0 1.061086 158107 40
CPU10 44.954137 158068 sgemm sgemm CUDA0 1.208847 158108 40
CPU4 44.608444 158069 sgemm sgemm CUDA3 12.149935 158109 40
CPU5 44.450334 158070 sgemm sgemm CUDA1 1.145560 158110 40
CPU0 45.350879 158071 sgemm sgemm CUDA2 1.215005 158111 40
CPU13 45.030588 158072 sgemm sgemm CUDA1 1.192901 158112 40
CPU7 45.094809 158073 sgemm sgemm CUDA2 1.197396 158113 40
CPU3 44.918471 158074 sgemm sgemm CUDA0 1.063411 158114 40
CPU13 44.884679 158075 sgemm sgemm CUDA3 1.061899 158115 40
CPU14 24.827563 158076 ssyrk ssyrk CUDA0 0.934584 158116 40
CPU14 44.878089 158077 sgemm sgemm CUDA1 1.197162 158117 40
CPU14 44.872229 158078 sgemm sgemm CUDA2 1.081405 158118 40
CPU15 44.500849 158079 sgemm sgemm CUDA2 1.211101 158119 40
CPU14 44.765870 158080 sgemm sgemm CUDA2 0.348825 158120 40
CPU11 44.645490 158081 sgemm sgemm CUDA1 1.348131 158121 40
CPU15 44.732382 158082 sgemm sgemm CUDA0 1.085557 158122 40
CPU1 44.967889 158083 sgemm sgemm CUDA2 1.240777 158123 40
CPU6 45.064203 158084 sgemm sgemm CUDA1 1.192878 158124 40
CPU5 44.927768 158085 sgemm sgemm CUDA1 1.066422 158125 40
CPU15 44.558503 158086 sgemm sgemm CUDA0 3.417576 158126 40
CPU19 44.867031 158087 sgemm sgemm CUDA1 1.081865 158127 40
CPU2 44.548632 158088 sgemm sgemm CUDA0 1.206315 158128 40
CPU0 44.927679 158089 sgemm sgemm CUDA0 0.099159 158129 40
CPU1 45.065637 158090 sgemm sgemm CUDA2 1.205802 158130 40
CPU4 45.283943 158091 sgemm sgemm CUDA0 1.205445 158131 40
CPU19 44.685569 158092 sgemm sgemm CUDA1 1.206581 158132 40
CPU10 44.954489 158093 sgemm sgemm CUDA1 1.080787 158133 40
CPU19 44.693595 158094 sgemm sgemm CUDA1 1.066767 158134 40
CPU17 45.025939 158095 sgemm sgemm CUDA0 0.087875 158135 40
CPU8 44.576266 158096 sgemm sgemm CUDA2 1.193790 158136 40
CPU11 44.455989 158097 sgemm sgemm CUDA2 1.206843 158137 40
CPU16 44.747726 158098 sgemm sgemm CUDA0 1.065410 158138 40
CPU19 44.929925 158099 sgemm sgemm CUDA2 1.199266 158139 40
CPU16 45.341362 158100 sgemm sgemm CUDA2 1.207849 158140 40
CPU11 44.746024 158101 sgemm sgemm CUDA2 1.081403 158141 40
CPU5 44.658017 158102 sgemm sgemm CUDA0 1.204633 158142 40
CPU0 45.372959 158103 sgemm sgemm CUDA2 1.077560 158143 40
CPU13 45.107338 158104 sgemm sgemm CUDA0 1.194716 158144 40
CPU13 44.878197 158105 sgemm sgemm CUDA0 1.062902 158145 40
CPU16 44.708373 158106 sgemm sgemm CUDA0 1.195089 158146 40
CPU1 45.250563 158107 sgemm sgemm CUDA1 1.067570 158147 40
CPU3 24.896740 158108 ssyrk ssyrk CUDA1 0.678309 158148 40
CPU5 44.679028 158109 sgemm sgemm CUDA2 1.203402 158149 40
CPU15 44.635152 158110 sgemm sgemm CUDA2 1.203447 158150 40
CPU15 44.971675 158111 sgemm sgemm CUDA2 1.081275 158151 40
CPU18 44.781534 158112 sgemm sgemm CUDA1 1.190571 158152 40
CPU17 45.029722 158113 sgemm sgemm CUDA0 1.062713 158153 40
CPU4 45.033057 158114 sgemm sgemm CUDA2 1.069408 158154 40
CPU7 44.883632 158115 sgemm sgemm CUDA1 12.140418 158155 40
CPU10 44.761935 158116 sgemm sgemm CUDA1 1.069376 158156 40
CPU15 44.676066 158117 sgemm sgemm CUDA0 0.062454 158157 40
CPU15 44.989924 158118 sgemm sgemm CUDA1 1.067314 158158 40
CPU11 45.009236 158119 sgemm sgemm CUDA0 1.206118 158159 40
CPU5 44.596623 158120 sgemm sgemm CUDA1 0.046311 158160 40
CPU5 44.765440 158121 sgemm sgemm CUDA2 1.210188 158161 40
CPU5 44.794548 158122 sgemm sgemm CUDA0 1.204030 158162 40
CPU19 45.601876 158123 sgemm sgemm CUDA1 1.195797 158163 40
CPU16 44.808387 158124 sgemm sgemm CUDA2 1.070379 158164 40
CPU17 44.910113 158125 sgemm sgemm CUDA1 1.064920 158165 40
CPU17 45.089459 158126 sgemm sgemm CUDA0 1.278893 158166 40
CPU9 44.551587 158127 sgemm sgemm CUDA2 0.048874 158167 40
CPU12 44.830182 158128 sgemm sgemm CUDA2 1.072882 158168 40
CPU11 44.926793 158129 sgemm sgemm CUDA0 1.064362 158169 40
CPU2 44.878998 158130 sgemm sgemm CUDA2 1.063245 158170 40
CPU3 44.603042 158131 sgemm sgemm CUDA2 12.232992 158171 40
CPU8 44.445558 158132 sgemm sgemm CUDA2 1.065161 158172 40
CPU5 44.663247 158133 sgemm sgemm CUDA0 1.002455 158173 40
CPU5 45.144868 158134 sgemm sgemm CUDA2 1.191919 158174 40
CPU15 44.561292 158135 sgemm sgemm CUDA0 1.199127 158175 40
CPU17 44.815509 158136 sgemm sgemm CUDA0 1.068240 158176 40
CPU18 44.361613 158137 sgemm sgemm CUDA2 1.205866 158177 40
CPU5 44.910074 158138 sgemm sgemm CUDA0 1.064325 158178 40
CPU6 24.886390 158139 ssyrk ssyrk CUDA3 0.047924 158179 40
CPU15 44.672929 158140 sgemm sgemm CUDA3 1.316279 158180 40
CPU15 44.912406 158141 sgemm sgemm CUDA3 1.063602 158181 40
CPU18 44.783124 158142 sgemm sgemm CUDA1 1.064254 158182 40
CPU16 44.828044 158143 sgemm sgemm CUDA1 1.193092 158183 40
CPU2 44.735876 158144 sgemm sgemm CUDA3 0.048628 158184 40
CPU6 45.070220 158145 sgemm sgemm CUDA1 0.047757 158185 40
CPU0 45.150717 158146 sgemm sgemm CUDA1 1.202505 158186 40
CPU14 44.810135 158147 sgemm sgemm CUDA3 1.313474 158187 40
CPU6 45.023362 158148 sgemm sgemm CUDA1 1.196741 158188 40
CPU8 44.200765 158149 sgemm sgemm CUDA3 12.605594 158189 40
CPU1 44.765743 158150 sgemm sgemm CUDA1 1.079001 158190 40
CPU1 44.890328 158151 sgemm sgemm CUDA1 1.079965 158191 40
CPU4 45.071150 158152 sgemm sgemm CUDA1 1.201378 158192 40
CPU19 45.037565 158153 sgemm sgemm CUDA1 1.199194 158193 40
CPU4 44.643141 158154 sgemm sgemm CUDA3 1.205125 158194 40
CPU17 45.033361 158155 sgemm sgemm CUDA3 1.209869 158195 40
CPU17 45.117511 158156 sgemm sgemm CUDA3 1.204128 158196 40
CPU7 44.598465 158157 sgemm sgemm CUDA3 1.347195 158197 40
CPU18 44.566939 158158 sgemm sgemm CUDA3 1.208238 158198 40
CPU16 44.871826 158159 sgemm sgemm CUDA1 12.218161 158199 40
CPU10 44.728722 158160 sgemm sgemm CUDA1 1.297748 158200 40
CPU5 44.614393 158161 sgemm sgemm CUDA2 0.039717 158201 40
CPU9 44.473215 158162 sgemm sgemm CUDA3 0.040543 158202 40
CPU5 44.439171 158163 sgemm sgemm CUDA1 1.150063 158203 40
CPU0 45.033606 158164 sgemm sgemm CUDA3 1.085238 158204 40
CPU11 44.834613 158165 sgemm sgemm CUDA1 1.192128 158205 40
CPU10 45.190866 158166 sgemm sgemm CUDA3 1.299368 158206 40
CPU18 44.998938 158167 sgemm sgemm CUDA1 1.207482 158207 40
CPU18 44.749907 158168 sgemm sgemm CUDA1 1.193220 158208 40
CPU15 24.525297 158169 ssyrk ssyrk CUDA2 0.673887 158209 40
CPU15 44.767890 158170 sgemm sgemm CUDA3 1.069993 158210 40
CPU15 44.780744 158171 sgemm sgemm CUDA1 1.204643 158211 40
CPU15 44.578388 158172 sgemm sgemm CUDA1 1.063842 158212 40
CPU15 44.636639 158173 sgemm sgemm CUDA3 1.066963 158213 40
CPU14 44.704427 158174 sgemm sgemm CUDA3 1.198176 158214 40
CPU5 44.878542 158175 sgemm sgemm CUDA3 1.066238 158215 40
CPU15 44.734886 158176 sgemm sgemm CUDA3 1.156112 158216 40
CPU2 44.912130 158177 sgemm sgemm CUDA1 1.193771 158217 40
CPU3 44.832485 158178 sgemm sgemm CUDA2 1.082609 158218 40
CPU1 44.889685 158179 sgemm sgemm CUDA1 1.084799 158219 40
CPU4 45.087651 158180 sgemm sgemm CUDA1 1.193853 158220 40
CPU9 45.018063 158181 sgemm sgemm CUDA0 1.210260 158221 40
CPU19 45.050948 158182 sgemm sgemm CUDA3 1.196570 158222 40
CPU9 44.869315 158183 sgemm sgemm CUDA2 12.845638 158223 40
CPU1 45.189174 158184 sgemm sgemm CUDA3 0.051547 158224 40
CPU17 45.034706 158185 sgemm sgemm CUDA0 1.062078 158225 40
CPU6 44.885105 158186 sgemm sgemm CUDA3 1.081396 158226 40
CPU11 44.421929 158187 sgemm sgemm CUDA3 1.207958 158227 40
CPU14 44.725609 158188 sgemm sgemm CUDA0 1.065109 158228 40
CPU19 44.833277 158189 sgemm sgemm CUDA1 1.068126 158229 40
CPU3 44.898681 158190 sgemm sgemm CUDA2 1.066778 158230 40
CPU7 44.752234 158191 sgemm sgemm CUDA2 1.066605 158231 40
CPU5 44.682095 158192 sgemm sgemm CUDA2 1.216555 158232 40
CPU0 45.422381 158193 sgemm sgemm CUDA3 1.204715 158233 40
CPU13 44.970193 158194 sgemm sgemm CUDA0 1.194519 158234 40
CPU19 44.922948 158195 sgemm sgemm CUDA3 1.194952 158235 40
CPU19 44.705224 158196 sgemm sgemm CUDA1 1.198395 158236 40
CPU9 45.002008 158197 sgemm sgemm CUDA3 1.207296 158237 40
CPU15 24.603382 158198 ssyrk ssyrk CUDA2 0.685750 158238 40
CPU8 44.665144 158199 sgemm sgemm CUDA2 1.212184 158239 40
CPU17 44.889973 158200 sgemm sgemm CUDA0 1.319183 158240 40
CPU5 44.917604 158201 sgemm sgemm CUDA3 0.087692 158241 40
CPU6 45.416716 158202 sgemm sgemm CUDA3 1.073666 158242 40
CPU10 44.784913 158203 sgemm sgemm CUDA3 1.080005 158243 40
CPU15 45.494660 158204 sgemm sgemm CUDA3 1.122971 158244 40
CPU10 44.758043 158205 sgemm sgemm CUDA3 3.965493 158245 40
CPU9 44.481802 158206 sgemm sgemm CUDA2 1.193371 158246 40
CPU17 44.781024 158207 sgemm sgemm CUDA3 9.610663 158247 40
CPU0 44.645997 158208 sgemm sgemm CUDA3 1.065332 158248 40
CPU5 44.783821 158209 sgemm sgemm CUDA0 1.079104 158249 40
CPU19 45.016800 158210 sgemm sgemm CUDA3 1.204590 158250 40
CPU14 44.845731 158211 sgemm sgemm CUDA2 0.044500 158251 40
CPU7 45.223159 158212 sgemm sgemm CUDA2 1.199610 158252 40
CPU17 44.973711 158213 sgemm sgemm CUDA2 1.207000 158253 40
CPU1 44.704873 158214 sgemm sgemm CUDA3 1.198002 158254 40
CPU10 44.571805 158215 sgemm sgemm CUDA0 1.190211 158255 40
CPU16 44.942232 158216 sgemm sgemm CUDA3 1.065961 158256 40
CPU19 44.766479 158217 sgemm sgemm CUDA0 13.871516 158257 40
CPU5 44.558614 158218 sgemm sgemm CUDA2 1.208305 158258 40
CPU3 44.442640 158219 sgemm sgemm CUDA2 12.571284 158259 40
CPU5 44.648370 158220 sgemm sgemm CUDA0 1.133538 158260 40
CPU8 44.990178 158221 sgemm sgemm CUDA3 1.068239 158261 40
CPU13 45.114399 158222 sgemm sgemm CUDA2 1.066290 158262 40
CPU10 44.879116 158223 sgemm sgemm CUDA2 1.202912 158263 40
CPU13 44.857521 158224 sgemm sgemm CUDA2 1.065900 158264 40
CPU13 44.844170 158225 sgemm sgemm CUDA0 1.192240 158265 40
CPU18 24.672935 158226 ssyrk ssyrk CUDA3 0.676374 158266 40
CPU17 44.920718 158227 sgemm sgemm CUDA0 1.189458 158267 40
CPU9 44.788486 158228 sgemm sgemm CUDA2 1.078710 158268 40
CPU6 45.289634 158229 sgemm sgemm CUDA0 1.062662 158269 40
CPU0 44.982316 158230 sgemm sgemm CUDA1 1.194230 158270 40
CPU14 44.916519 158231 sgemm sgemm CUDA2 1.071482 158271 40
CPU18 44.744464 158232 sgemm sgemm CUDA1 1.193643 158272 40
CPU0 44.722615 158233 sgemm sgemm CUDA2 0.040284 158273 40
CPU10 44.931517 158234 sgemm sgemm CUDA2 1.073964 158274 40
CPU6 44.922115 158235 sgemm sgemm CUDA1 12.048043 158275 40
CPU7 45.055966 158236 sgemm sgemm CUDA2 1.206139 158276 40
CPU19 44.980343 158237 sgemm sgemm CUDA0 1.198020 158277 40
CPU11 45.006923 158238 sgemm sgemm CUDA3 1.190519 158278 40
CPU12 45.038963 158239 sgemm sgemm CUDA2 24.297352 158279 40
CPU17 45.057181 158240 sgemm sgemm CUDA3 1.068871 158280 40
CPU2 44.543108 158241 sgemm sgemm CUDA2 1.210965 158281 40
CPU12 44.277241 158242 sgemm sgemm CUDA2 1.207755 158282 40
CPU2 44.802138 158243 sgemm sgemm CUDA0 1.194840 158283 40
CPU12 44.663117 158244 sgemm sgemm CUDA2 1.075356 158284 40
CPU12 45.151615 158245 sgemm sgemm CUDA0 0.042666 158285 40
CPU4 44.658428 158246 sgemm sgemm CUDA2 0.047215 158286 40
CPU5 44.322854 158247 sgemm sgemm CUDA0 0.042344 158287 40
CPU9 45.038315 158248 sgemm sgemm CUDA3 12.256453 158288 40
CPU13 45.230493 158249 sgemm sgemm CUDA3 0.046327 158289 40
CPU18 44.736487 158250 sgemm sgemm CUDA2 8.495575 158290 40
CPU3 44.974733 158251 sgemm sgemm CUDA1 1.205847 158291 40
CPU1 44.870817 158252 sgemm sgemm CUDA0 1.065811 158292 40
CPU15 24.712178 158253 ssyrk ssyrk CPU -1 158293 40
CPU17 44.915078 158254 sgemm sgemm CUDA3 1.068150 158294 40
CPU16 44.780568 158255 sgemm sgemm CUDA1 1.207630 158295 40
CPU4 45.052475 158256 sgemm sgemm CUDA1 1.201889 158296 40
CPU15 44.702545 158257 sgemm sgemm CUDA3 1.193631 158297 40
CPU19 45.024795 158258 sgemm sgemm CUDA3 1.203108 158298 40
CPU1 44.415145 158259 sgemm sgemm CUDA3 12.121926 158299 40
CPU10 44.901665 158260 sgemm sgemm CUDA0 1.198429 158300 40
CPU2 44.636198 158261 sgemm sgemm CUDA1 1.213003 158301 40
CPU4 44.963124 158262 sgemm sgemm CUDA1 1.200076 158302 40
CPU19 44.798135 158263 sgemm sgemm CUDA3 1.196110 158303 40
CPU1 44.698093 158264 sgemm sgemm CUDA3 1.064156 158304 40
CPU9 44.891164 158265 sgemm sgemm CUDA3 1.194185 158305 40
CPU17 45.108246 158266 sgemm sgemm CUDA3 1.202583 158306 40
CPU0 44.977181 158267 sgemm sgemm CUDA3 1.083598 158307 40
CPU16 44.534470 158268 sgemm sgemm CUDA3 1.068045 158308 40
CPU15 44.771496 158269 sgemm sgemm CUDA3 1.195843 158309 40
CPU19 44.653122 158270 sgemm sgemm CUDA0 1.207698 158310 40
CPU9 44.646815 158271 sgemm sgemm CUDA0 12.167597 158311 40
CPU5 44.663574 158272 sgemm sgemm CUDA1 1.264195 158312 40
CPU5 44.341751 158273 sgemm sgemm CUDA1 1.144665 158313 40
CPU19 44.878421 158274 sgemm sgemm CUDA3 0.075979 158314 40
CPU13 45.350422 158275 sgemm sgemm CUDA1 1.208799 158315 40
CPU10 44.936551 158276 sgemm sgemm CUDA3 1.205517 158316 40
CPU10 45.005221 158277 sgemm sgemm CUDA1 1.195862 158317 40
CPU13 44.890105 158278 sgemm sgemm CUDA0 0.044000 158318 40
CPU5 24.769371 158279 ssyrk ssyrk CUDA3 1.010216 158319 40
CPU11 44.777202 158280 sgemm sgemm CUDA0 1.202559 158320 40
CPU4 44.974051 158281 sgemm sgemm CUDA3 1.082447 158321 40
CPU15 44.513099 158282 sgemm sgemm CUDA3 13.017087 158322 40
CPU3 44.814560 158283 sgemm sgemm CUDA3 0.063506 158323 40
CPU9 44.412653 158284 sgemm sgemm CUDA2 1.521201 158324 40
CPU7 44.581360 158285 sgemm sgemm CUDA3 0.063000 158325 40
CPU2 44.740682 158286 sgemm sgemm CUDA2 0.039373 158326 40
CPU5 44.835243 158287 sgemm sgemm CUDA0 1.204462 158327 40
CPU19 44.848688 158288 sgemm sgemm CUDA0 1.065374 158328 40
CPU9 44.731609 158289 sgemm sgemm CUDA2 1.371756 158329 40
CPU0 45.353338 158290 sgemm sgemm CUDA3 1.204705 158330 40
CPU17 45.212602 158291 sgemm sgemm CUDA2 0.374309 158331 40
CPU9 44.419571 158292 sgemm sgemm CUDA2 1.197734 158332 40
CPU18 44.651998 158293 sgemm sgemm CUDA3 1.188090 158333 40
CPU16 44.882935 158294 sgemm sgemm CUDA3 1.079470 158334 40
CPU19 44.824968 158295 sgemm sgemm CUDA0 1.349549 158335 40
CPU1 44.673636 158296 sgemm sgemm CUDA2 1.084662 158336 40
CPU0 45.176532 158297 sgemm sgemm CUDA2 1.311605 158337 40
CPU5 44.565580 158298 sgemm sgemm CUDA2 1.001293 158338 40
CPU0 45.287483 158299 sgemm sgemm CUDA3 1.332062 158339 40
CPU13 45.231853 158300 sgemm sgemm CUDA3 1.064467 158340 40
CPU13 45.138950 158301 sgemm sgemm CUDA0 12.277828 158341 40
CPU18 45.020458 158302 sgemm sgemm CUDA3 1.187188 158342 40
CPU1 44.881210 158303 sgemm sgemm CUDA0 12.045550 158343 40
CPU3 24.903857 158304 ssyrk ssyrk CUDA0 0.673361 158344 40
CPU5 44.927959 158305 sgemm sgemm CUDA0 1.079938 158345 40
CPU14 44.857191 158306 sgemm sgemm CUDA1 1.190420 158346 40
CPU11 44.828145 158307 sgemm sgemm CUDA3 1.075833 158347 40
CPU8 44.541877 158308 sgemm sgemm CUDA2 1.083700 158348 40
CPU5 44.694215 158309 sgemm sgemm CUDA1 1.197063 158349 40
CPU12 45.128171 158310 sgemm sgemm CUDA1 1.297927 158350 40
CPU5 44.720255 158311 sgemm sgemm CUDA1 1.196940 158351 40
CPU19 44.812589 158312 sgemm sgemm CUDA3 1.073356 158352 40
CPU11 44.891964 158313 sgemm sgemm CUDA2 1.208512 158353 40
CPU10 44.781182 158314 sgemm sgemm CUDA1 1.199205 158354 40
CPU17 45.175564 158315 sgemm sgemm CUDA3 12.730000 158355 40
CPU7 44.765645 158316 sgemm sgemm CUDA3 1.196627 158356 40
CPU11 44.430615 158317 sgemm sgemm CUDA3 0.051579 158357 40
CPU18 44.646606 158318 sgemm sgemm CUDA2 1.310040 158358 40
CPU11 45.085506 158319 sgemm sgemm CUDA0 1.205684 158359 40
CPU9 44.678107 158320 sgemm sgemm CUDA2 1.202563 158360 40
CPU1 44.801851 158321 sgemm sgemm CUDA3 1.301180 158361 40
CPU1 44.927073 158322 sgemm sgemm CUDA2 1.203255 158362 40
CPU3 45.194000 158323 sgemm sgemm CUDA2 1.202721 158363 40
CPU0 45.413807 158324 sgemm sgemm CUDA2 1.210953 158364 40
CPU7 45.125003 158325 sgemm sgemm CUDA3 1.065925 158365 40
CPU7 45.167786 158326 sgemm sgemm CUDA1 1.196407 158366 40
CPU7 45.421732 158327 sgemm sgemm CUDA1 1.066643 158367 40
CPU6 25.020247 158328 ssyrk ssyrk CUDA3 0.679448 158368 40
CPU7 45.175079 158329 sgemm sgemm CUDA1 1.063299 158369 40
CPU5 45.102388 158330 sgemm sgemm CUDA1 1.207558 158370 40
CPU11 44.544799 158331 sgemm sgemm CUDA3 1.192251 158371 40
CPU2 44.731903 158332 sgemm sgemm CUDA1 1.296583 158372 40
CPU10 44.711200 158333 sgemm sgemm CUDA1 1.065229 158373 40
CPU0 45.317349 158334 sgemm sgemm CUDA0 1.080169 158374 40
CPU7 45.076038 158335 sgemm sgemm CUDA0 1.210796 158375 40
CPU10 44.887801 158336 sgemm sgemm CUDA3 1.209096 158376 40
CPU5 45.105100 158337 sgemm sgemm CUDA3 1.065066 158377 40
CPU17 45.225529 158338 sgemm sgemm CUDA3 0.056310 158378 40
CPU6 44.799476 158339 sgemm sgemm CUDA1 1.072024 158379 40
CPU10 44.648977 158340 sgemm sgemm CUDA3 1.210074 158380 40
CPU12 44.891331 158341 sgemm sgemm CUDA0 1.080529 158381 40
CPU11 44.698136 158342 sgemm sgemm CUDA0 1.196742 158382 40
CPU4 44.831239 158343 sgemm sgemm CUDA0 1.063655 158383 40
CPU1 44.840083 158344 sgemm sgemm CUDA3 1.064411 158384 40
CPU5 44.760570 158345 sgemm sgemm CUDA0 1.198787 158385 40
CPU0 45.599588 158346 sgemm sgemm CUDA0 1.209768 158386 40
CPU13 44.734124 158347 sgemm sgemm CUDA1 1.074498 158387 40
CPU6 45.314982 158348 sgemm sgemm CUDA3 1.067188 158388 40
CPU2 45.118998 158349 sgemm sgemm CUDA0 12.141061 158389 40
CPU9 45.147065 158350 sgemm sgemm CUDA1 1.207754 158390 40
CPU15 24.473750 158351 ssyrk ssyrk CUDA1 0.676165 158391 40
CPU15 44.930214 158352 sgemm sgemm CUDA1 1.065691 158392 40
CPU15 44.894521 158353 sgemm sgemm CUDA0 1.200950 158393 40
CPU10 44.887519 158354 sgemm sgemm CUDA1 1.204820 158394 40
CPU14 44.729074 158355 sgemm sgemm CUDA1 1.202563 158395 40
CPU7 45.024893 158356 sgemm sgemm CUDA1 1.194400 158396 40
CPU19 44.700411 158357 sgemm sgemm CUDA3 1.205501 158397 40
CPU8 44.951747 158358 sgemm sgemm CUDA2 1.205635 158398 40
CPU17 45.149263 158359 sgemm sgemm CUDA2 1.061889 158399 40
CPU17 45.058139 158360 sgemm sgemm CUDA3 1.541832 158400 40
CPU8 44.747410 158361 sgemm sgemm CUDA2 1.062805 158401 40
CPU12 44.253007 158362 sgemm sgemm CUDA3 1.208322 158402 40
CPU14 44.713494 158363 sgemm sgemm CUDA0 1.064779 158403 40
CPU19 44.673977 158364 sgemm sgemm CUDA2 1.079711 158404 40
CPU9 44.811262 158365 sgemm sgemm CUDA2 1.066406 158405 40
CPU12 45.059014 158366 sgemm sgemm CUDA2 1.207219 158406 40
CPU5 44.718296 158367 sgemm sgemm CUDA2 1.143537 158407 40
CPU18 44.348442 158368 sgemm sgemm CUDA0 9.046798 158408 40
CPU17 44.805123 158369 sgemm sgemm CUDA0 1.066543 158409 40
CPU17 44.887790 158370 sgemm sgemm CUDA2 1.299075 158410 40
CPU17 45.115581 158371 sgemm sgemm CUDA0 0.047139 158411 40
CPU16 44.530853 158372 sgemm sgemm CUDA1 1.203706 158412 40
CPU0 24.849637 158373 ssyrk ssyrk CUDA0 0.672690 158413 40
CPU6 44.570065 158374 sgemm sgemm CUDA0 1.196038 158414 40
CPU11 44.634110 158375 sgemm sgemm CUDA0 1.198775 158415 40
CPU6 44.939952 158376 sgemm sgemm CUDA1 1.208129 158416 40
CPU6 44.971759 158377 sgemm sgemm CUDA0 0.059922 158417 40
CPU19 44.909281 158378 sgemm sgemm CUDA3 1.195586 158418 40
CPU16 44.847243 158379 sgemm sgemm CUDA1 1.199615 158419 40
CPU11 44.646785 158380 sgemm sgemm CUDA3 1.196880 158420 40
CPU18 44.722650 158381 sgemm sgemm CUDA0 1.201472 158421 40
CPU9 44.557210 158382 sgemm sgemm CUDA1 1.068005 158422 40
CPU16 44.636668 158383 sgemm sgemm CUDA0 1.066397 158423 40
CPU10 45.133912 158384 sgemm sgemm CUDA3 1.064338 158424 40
CPU0 45.376235 158385 sgemm sgemm CUDA0 1.204978 158425 40
CPU3 44.963273 158386 sgemm sgemm CUDA0 1.082225 158426 40
CPU6 44.435861 158387 sgemm sgemm CUDA1 1.064542 158427 40
CPU5 44.586918 158388 sgemm sgemm CUDA0 1.010224 158428 40
CPU8 45.028962 158389 sgemm sgemm CUDA3 1.004753 158429 40
CPU13 44.850763 158390 sgemm sgemm CUDA3 1.068149 158430 40
CPU13 45.124447 158391 sgemm sgemm CUDA1 1.074767 158431 40
CPU10 45.034708 158392 sgemm sgemm CUDA0 1.357983 158432 40
CPU0 45.230538 158393 sgemm sgemm CUDA1 12.248624 158433 40
CPU0 24.896302 158394 ssyrk ssyrk CUDA3 0.677521 158434 40
CPU9 44.714516 158395 sgemm sgemm CUDA0 0.681216 158435 40
CPU5 44.615028 158396 sgemm sgemm CUDA2 1.205028 158436 40
CPU1 44.607387 158397 sgemm sgemm CUDA0 1.067402 158437 40
CPU19 44.944151 158398 sgemm sgemm CUDA3 12.047929 158438 40
CPU16 44.935269 158399 sgemm sgemm CUDA2 1.067877 158439 40
CPU17 45.084376 158400 sgemm sgemm CUDA3 1.066135 158440 40
CPU17 45.147613 158401 sgemm sgemm CUDA3 1.078683 158441 40
CPU6 44.639161 158402 sgemm sgemm CUDA3 12.693663 158442 40
CPU18 44.575309 158403 sgemm sgemm CUDA3 1.369330 158443 40
CPU16 44.873907 158404 sgemm sgemm CUDA2 1.203813 158444 40
CPU19 44.922037 158405 sgemm sgemm CUDA2 1.068535 158445 40
CPU17 45.166900 158406 sgemm sgemm CUDA2 1.209336 158446 40
CPU12 45.325575 158407 sgemm sgemm CUDA3 1.207840 158447 40
CPU5 44.535527 158408 sgemm sgemm CUDA2 1.006587 158448 40
CPU9 45.111724 158409 sgemm sgemm CUDA0 14.399657 158449 40
CPU13 44.882962 158410 sgemm sgemm CUDA2 0.047402 158450 40
CPU10 44.965382 158411 sgemm sgemm CUDA3 1.191324 158451 40
CPU11 44.672920 158412 sgemm sgemm CUDA3 1.190898 158452 40
CPU1 44.595728 158413 sgemm sgemm CUDA0 1.062016 158453 40
CPU8 24.588675 158414 ssyrk ssyrk CUDA1 0.919324 158454 40
CPU11 44.741246 158415 sgemm sgemm CUDA1 1.080829 158455 40
CPU1 44.950758 158416 sgemm sgemm CUDA1 1.200092 158456 40
CPU12 44.826750 158417 sgemm sgemm CUDA0 1.210158 158457 40
CPU11 44.955429 158418 sgemm sgemm CUDA2 12.210795 158458 40
CPU0 45.269951 158419 sgemm sgemm CUDA2 1.067616 158459 40
CPU17 45.152236 158420 sgemm sgemm CUDA2 1.331385 158460 40
CPU4 44.718286 158421 sgemm sgemm CUDA3 1.081110 158461 40
CPU11 44.462867 158422 sgemm sgemm CUDA0 1.064749 158462 40
CPU15 44.820103 158423 sgemm sgemm CUDA2 1.196848 158463 40
CPU19 44.842990 158424 sgemm sgemm CUDA0 1.064254 158464 40
CPU4 44.669449 158425 sgemm sgemm CUDA2 12.130064 158465 40
CPU4 44.823471 158426 sgemm sgemm CUDA2 1.066192 158466 40
CPU5 44.663841 158427 sgemm sgemm CUDA2 0.999631 158467 40
CPU0 45.477917 158428 sgemm sgemm CUDA2 1.066440 158468 40
CPU12 45.024718 158429 sgemm sgemm CUDA0 0.047194 158469 40
CPU15 44.765691 158430 sgemm sgemm CUDA2 1.199009 158470 40
CPU15 44.811880 158431 sgemm sgemm CUDA3 1.194098 158471 40
CPU15 44.676523 158432 sgemm sgemm CUDA1 0.046806 158472 40
CPU17 25.007948 158433 ssyrk ssyrk CPU -1 158473 40
CPU5 44.747730 158434 sgemm sgemm CUDA1 1.207334 158474 40
CPU19 44.824371 158435 sgemm sgemm CUDA1 25.401248 158475 40
CPU12 45.071649 158436 sgemm sgemm CUDA2 1.198926 158476 40
CPU8 44.836678 158437 sgemm sgemm CUDA1 1.209357 158477 40
CPU17 45.054918 158438 sgemm sgemm CUDA1 1.064416 158478 40
CPU7 44.786594 158439 sgemm sgemm CUDA2 1.066570 158479 40
CPU10 44.649035 158440 sgemm sgemm CUDA3 1.079668 158480 40
CPU16 44.876074 158441 sgemm sgemm CUDA2 1.068126 158481 40
CPU12 44.779389 158442 sgemm sgemm CUDA1 12.046176 158482 40
CPU4 44.933395 158443 sgemm sgemm CUDA2 1.083116 158483 40
CPU8 44.705346 158444 sgemm sgemm CUDA1 1.206243 158484 40
CPU2 44.940213 158445 sgemm sgemm CUDA2 1.023561 158485 40
CPU0 45.741443 158446 sgemm sgemm CUDA2 1.196550 158486 40
CPU17 44.844979 158447 sgemm sgemm CUDA1 1.066061 158487 40
CPU16 44.735178 158448 sgemm sgemm CUDA2 1.194519 158488 40
CPU18 44.546156 158449 sgemm sgemm CUDA1 1.195589 158489 40
CPU18 44.260230 158450 sgemm sgemm CUDA1 0.044056 158490 40
CPU4 25.024276 158451 ssyrk ssyrk CUDA1 0.674736 158491 40
CPU19 44.825481 158452 sgemm sgemm CUDA0 12.058574 158492 40
CPU2 44.663341 158453 sgemm sgemm CUDA1 1.202322 158493 40
CPU17 45.082149 158454 sgemm sgemm CUDA1 1.076564 158494 40
CPU17 45.065040 158455 sgemm sgemm CUDA2 1.207591 158495 40
CPU1 44.377449 158456 sgemm sgemm CUDA2 1.067904 158496 40
CPU12 44.500808 158457 sgemm sgemm CUDA2 1.198141 158497 40
CPU14 44.670431 158458 sgemm sgemm CUDA1 1.078066 158498 40
CPU19 44.799230 158459 sgemm sgemm CUDA1 1.207309 158499 40
CPU5 44.809678 158460 sgemm sgemm CUDA2 1.302344 158500 40
CPU3 44.612605 158461 sgemm sgemm CUDA2 1.195442 158501 40
CPU1 44.861871 158462 sgemm sgemm CUDA2 13.148334 158502 40
CPU8 45.183806 158463 sgemm sgemm CUDA2 1.080051 158503 40
CPU13 44.779207 158464 sgemm sgemm CUDA1 1.207499 158504 40
CPU1 44.905843 158465 sgemm sgemm CUDA1 12.178111 158505 40
CPU8 45.088091 158466 sgemm sgemm CUDA1 13.043424 158506 40
CPU9 45.436588 158467 sgemm sgemm CUDA1 1.317378 158507 40
CPU19 25.130354 158468 ssyrk ssyrk CPU -1 158508 40
CPU19 45.132445 158469 sgemm sgemm CUDA3 1.299099 158509 40
CPU19 44.846048 158470 sgemm sgemm CUDA0 1.357089 158510 40
CPU17 45.340970 158471 sgemm sgemm CUDA2 1.079364 158511 40
CPU1 44.505643 158472 sgemm sgemm CUDA3 1.082619 158512 40
CPU16 44.591890 158473 sgemm sgemm CUDA2 1.064419 158513 40
CPU16 44.866339 158474 sgemm sgemm CUDA2 1.191720 158514 40
CPU19 44.817068 158475 sgemm sgemm CUDA3 1.065465 158515 40
CPU7 44.592595 158476 sgemm sgemm CUDA0 1.068269 158516 40
CPU5 44.584385 158477 sgemm sgemm CUDA2 1.214166 158517 40
CPU8 44.418952 158478 sgemm sgemm CUDA1 1.010109 158518 40
CPU9 45.514742 158479 sgemm sgemm CUDA0 0.132149 158519 40
CPU13 44.746369 158480 sgemm sgemm CUDA2 12.064248 158520 40
CPU3 45.019080 158481 sgemm sgemm CUDA2 0.035575 158521 40
CPU8 45.008241 158482 sgemm sgemm CUDA0 1.197644 158522 40
CPU11 44.692952 158483 sgemm sgemm CUDA0 1.193770 158523 40
CPU6 24.834487 158484 ssyrk ssyrk CUDA3 0.667577 158524 40
CPU3 44.933367 158485 sgemm sgemm CUDA2 1.066502 158525 40
CPU17 45.062696 158486 sgemm sgemm CUDA0 1.201765 158526 40
CPU5 44.004801 158487 sgemm sgemm CUDA1 12.053935 158527 40
CPU18 44.691466 158488 sgemm sgemm CUDA2 1.067534 158528 40
CPU11 44.856735 158489 sgemm sgemm CUDA0 1.066116 158529 40
CPU1 44.868267 158490 sgemm sgemm CUDA0 12.683264 158530 40
CPU10 45.181241 158491 sgemm sgemm CUDA0 1.077120 158531 40
CPU18 45.057693 158492 sgemm sgemm CUDA0 1.297404 158532 40
CPU18 44.912334 158493 sgemm sgemm CUDA2 0.056253 158533 40
CPU17 44.841767 158494 sgemm sgemm CUDA3 1.021892 158534 40
CPU13 44.978361 158495 sgemm sgemm CUDA2 1.191017 158535 40
CPU11 44.631197 158496 sgemm sgemm CUDA0 1.198786 158536 40
CPU15 45.227981 158497 sgemm sgemm CUDA2 1.076404 158537 40
CPU10 44.990512 158498 sgemm sgemm CUDA0 1.066382 158538 40
CPU7 25.154940 158499 ssyrk ssyrk CPU -1 158539 40
CPU17 45.037982 158500 sgemm sgemm CUDA2 1.193289 158540 40
CPU6 44.911891 158501 sgemm sgemm CUDA3 1.206946 158541 40
CPU14 44.439498 158502 sgemm sgemm CUDA2 1.327016 158542 40
CPU11 44.607393 158503 sgemm sgemm CUDA3 1.077227 158543 40
CPU11 44.447928 158504 sgemm sgemm CUDA2 1.067179 158544 40
CPU18 44.774131 158505 sgemm sgemm CUDA0 1.206760 158545 40
CPU10 44.882846 158506 sgemm sgemm CUDA0 1.065616 158546 40
CPU17 45.045423 158507 sgemm sgemm CUDA1 1.010074 158547 40
CPU17 45.073777 158508 sgemm sgemm CUDA1 1.207819 158548 40
CPU8 45.358214 158509 sgemm sgemm CUDA1 1.065328 158549 40
CPU4 45.389331 158510 sgemm sgemm CUDA1 0.039140 158550 40
CPU6 45.410463 158511 sgemm sgemm CUDA1 0.045282 158551 40
CPU13 44.603068 158512 sgemm sgemm CUDA1 1.212448 158552 40
CPU17 25.193407 158513 ssyrk ssyrk CUDA2 12.045971 158553 40
CPU17 45.247247 158514 sgemm sgemm CUDA0 0.052198 158554 40
CPU11 44.322365 158515 sgemm sgemm CUDA2 1.191936 158555 40
CPU6 44.934909 158516 sgemm sgemm CUDA0 1.204118 158556 40
CPU17 45.108040 158517 sgemm sgemm CUDA0 1.065171 158557 40
CPU17 45.302565 158518 sgemm sgemm CUDA3 0.045989 158558 40
CPU6 44.139375 158519 sgemm sgemm CUDA0 1.069514 158559 40
CPU7 44.514002 158520 sgemm sgemm CUDA0 1.207311 158560 40
CPU0 45.211823 158521 sgemm sgemm CUDA0 1.393664 158561 40
CPU7 44.935244 158522 sgemm sgemm CUDA0 1.313141 158562 40
CPU12 44.701984 158523 sgemm sgemm CUDA2 1.061532 158563 40
CPU17 44.746101 158524 sgemm sgemm CUDA3 1.193325 158564 40
CPU7 44.855305 158525 sgemm sgemm CUDA3 0.047770 158565 40
CPU5 24.567947 158526 ssyrk ssyrk CUDA1 0.044009 158566 40
CPU7 44.865031 158527 sgemm sgemm CUDA0 1.315327 158567 40
CPU5 44.667092 158528 sgemm sgemm CUDA1 1.370298 158568 40
CPU0 45.078271 158529 sgemm sgemm CUDA0 1.193578 158569 40
CPU0 44.491764 158530 sgemm sgemm CUDA2 1.065127 158570 40
CPU9 44.435195 158531 sgemm sgemm CUDA0 1.084827 158571 40
CPU13 45.405793 158532 sgemm sgemm CUDA2 1.280141 158572 40
CPU0 45.120459 158533 sgemm sgemm CUDA2 14.572173 158573 40
CPU0 45.277815 158534 sgemm sgemm CUDA3 1.082056 158574 40
CPU13 44.833994 158535 sgemm sgemm CUDA1 1.368861 158575 40
CPU12 44.872236 158536 sgemm sgemm CUDA3 1.069723 158576 40
CPU12 44.789468 158537 sgemm sgemm CUDA0 1.082228 158577 40
CPU10 24.798393 158538 ssyrk ssyrk CUDA0 0.694152 158578 40
CPU12 44.836208 158539 sgemm sgemm CUDA1 0.050214 158579 40
CPU11 44.521046 158540 sgemm sgemm CUDA0 1.063484 158580 40
CPU10 45.191381 158541 sgemm sgemm CUDA3 1.296354 158581 40
CPU5 44.772809 158542 sgemm sgemm CUDA3 1.078931 158582 40
CPU4 45.047879 158543 sgemm sgemm CUDA2 1.010726 158583 40
CPU19 44.623548 158544 sgemm sgemm CUDA2 0.051228 158584 40
CPU7 45.030606 158545 sgemm sgemm CUDA1 1.203901 158585 40
CPU15 44.704646 158546 sgemm sgemm CUDA1 1.083761 158586 40
CPU17 45.022821 158547 sgemm sgemm CUDA3 1.188258 158587 40
CPU17 44.995514 158548 sgemm sgemm CUDA3 1.064680 158588 40
CPU3 24.935445 158549 ssyrk ssyrk CUDA2 0.671462 158589 40
CPU15 44.813526 158550 sgemm sgemm CUDA2 1.064044 158590 40
CPU17 45.098798 158551 sgemm sgemm CUDA3 1.208648 158591 40
CPU2 44.516608 158552 sgemm sgemm CUDA2 1.203705 158592 40
CPU2 44.537204 158553 sgemm sgemm CUDA2 1.152869 158593 40
CPU2 44.810491 158554 sgemm sgemm CUDA0 1.204347 158594 40
CPU2 44.706612 158555 sgemm sgemm CUDA2 1.202475 158595 40
CPU2 44.752414 158556 sgemm sgemm CUDA3 1.308694 158596 40
CPU2 46.131682 158557 sgemm sgemm CUDA3 24.091283 158597 40
CPU2 44.951447 158558 sgemm sgemm CUDA1 1.062867 158598 40
CPU14 24.932670 158559 ssyrk ssyrk CUDA0 0.680324 158599 40
CPU19 44.965248 158560 sgemm sgemm CUDA0 1.201046 158600 40
CPU12 44.754086 158561 sgemm sgemm CUDA0 1.210097 158601 40
CPU12 44.833501 158562 sgemm sgemm CUDA2 1.151556 158602 40
CPU16 44.635521 158563 sgemm sgemm CUDA1 1.212257 158603 40
CPU17 44.989103 158564 sgemm sgemm CUDA3 1.190654 158604 40
CPU19 44.845461 158565 sgemm sgemm CUDA0 1.203504 158605 40
CPU19 44.885085 158566 sgemm sgemm CUDA0 1.066545 158606 40
CPU19 44.649490 158567 sgemm sgemm CUDA1 1.209222 158607 40
CPU7 24.883892 158568 ssyrk ssyrk CPU -1 158608 40
CPU8 44.634802 158569 sgemm sgemm CUDA0 1.208514 158609 40
CPU7 44.593261 158570 sgemm sgemm CUDA2 1.152821 158610 40
CPU18 44.807374 158571 sgemm sgemm CUDA2 1.402139 158611 40
CPU6 45.207257 158572 sgemm sgemm CUDA3 12.328248 158612 40
CPU2 44.443674 158573 sgemm sgemm CUDA3 1.063164 158613 40
CPU11 44.584296 158574 sgemm sgemm CUDA2 1.210858 158614 40
CPU13 44.880915 158575 sgemm sgemm CUDA0 1.064941 158615 40
CPU9 24.629172 158576 ssyrk ssyrk CPU -1 158616 40
CPU5 44.369522 158577 sgemm sgemm CUDA2 1.011109 158617 40
CPU8 44.790666 158578 sgemm sgemm CUDA0 1.065239 158618 40
CPU4 45.225282 158579 sgemm sgemm CUDA3 0.049131 158619 40
CPU5 44.812712 158580 sgemm sgemm CUDA1 1.071426 158620 40
CPU8 45.132773 158581 sgemm sgemm CUDA0 1.202516 158621 40
CPU8 45.012509 158582 sgemm sgemm CUDA0 1.210381 158622 40
CPU1 24.444473 158583 ssyrk ssyrk CUDA1 0.634803 158623 40
CPU1 45.254546 158584 sgemm sgemm CUDA1 1.076637 158624 40
CPU6 44.986471 158585 sgemm sgemm CUDA2 1.140350 158625 40
CPU9 45.022933 158586 sgemm sgemm CUDA2 1.019710 158626 40
CPU6 44.999274 158587 sgemm sgemm CUDA2 1.138737 158627 40
CPU1 45.154642 158588 sgemm sgemm CUDA0 1.138833 158628 40
CPU8 24.999588 158589 ssyrk ssyrk CUDA1 0.696345 158629 40
CPU14 44.918381 158590 sgemm sgemm CUDA3 1.066777 158630 40
CPU15 44.760543 158591 sgemm sgemm CUDA3 1.081860 158631 40
CPU3 45.230601 158592 sgemm sgemm CUDA2 1.072370 158632 40
CPU2 45.288989 158593 sgemm sgemm CUDA0 1.208098 158633 40
CPU16 24.523700 158594 ssyrk ssyrk CPU -1 158634 40
CPU2 45.032565 158595 sgemm sgemm CUDA0 1.060543 158635 40
CPU5 45.098410 158596 sgemm sgemm CUDA3 1.209744 158636 40
CPU0 45.133112 158597 sgemm sgemm CUDA0 1.074147 158637 40
CPU5 24.497084 158598 ssyrk ssyrk CPU -1 158638 40
CPU1 45.070689 158599 sgemm sgemm CUDA0 1.197872 158639 40
CPU1 45.001433 158600 sgemm sgemm CUDA3 1.082635 158640 40
CPU11 24.434885 158601 ssyrk ssyrk CPU -1 158641 40
CPU19 44.847684 158602 sgemm sgemm CUDA1 1.081506 158642 40
CPU19 24.984283 158603 ssyrk ssyrk CPU -1 158643 40
CPU19 31.192481 158606 strmm strmm CUDA2 13.049082 158646 40
CPU13 30.592092 158610 strmm strmm CUDA1 4.296069 158650 40
CPU13 29.998372 158614 strmm strmm CUDA3 0.030881 158654 40
CPU5 29.984266 158618 strmm strmm CUDA0 4.230531 158658 40
CPU16 30.786673 158622 strmm strmm CUDA3 4.302541 158662 40
CPU11 29.972773 158626 strmm strmm CUDA3 4.290986 158666 40
CPU17 30.127888 158630 strmm strmm CUDA3 4.293219 158670 40
CPU18 30.558195 158634 strmm strmm CUDA1 4.549695 158674 40
CPU13 30.761320 158638 strmm strmm CUDA1 15.063351 158678 40
CPU13 30.555966 158642 strmm strmm CUDA2 0.029236 158682 40
CPU7 31.381351 158646 strmm strmm CUDA3 9.949981 158686 40
CPU13 30.134744 158650 strmm strmm CUDA0 0.029168 158690 40
CPU16 29.876288 158654 strmm strmm CUDA0 14.829094 158694 40
CPU13 31.082541 158658 strmm strmm CUDA0 4.527329 158698 40
CPU10 31.336599 158662 strmm strmm CUDA3 4.581720 158702 40
CPU15 30.358429 158666 strmm strmm CUDA1 15.323957 158706 40
CPU18 29.869373 158670 strmm strmm CUDA1 0.029156 158710 40
CPU13 30.365454 158674 strmm strmm CUDA1 4.596147 158714 40
CPU13 30.247001 158678 strmm strmm CUDA0 15.105579 158718 40
CPU11 30.775658 158682 strmm strmm CUDA3 0.029767 158722 40
CPU13 30.324649 158686 strmm strmm CUDA3 14.647828 158726 40
CPU7 29.860099 158690 strmm strmm CUDA2 4.529365 158730 40
CPU13 31.422850 158694 strmm strmm CUDA0 0.031313 158734 40
CPU17 30.919950 158698 strmm strmm CUDA2 4.293250 158738 40
CPU2 30.177469 158702 strmm strmm CUDA3 4.576788 158742 40
CPU19 30.497420 158706 strmm strmm CUDA2 15.089963 158746 40
CPU13 31.075850 158710 strmm strmm CUDA0 4.597700 158750 40
CPU8 29.513256 158714 strmm strmm CUDA2 0.030390 158754 40
CPU1 29.450207 158718 strmm strmm CUDA1 4.287006 158758 40
CPU2 31.112552 158722 strmm strmm CUDA1 0.029413 158762 40
CPU0 31.358994 158726 strmm strmm CUDA3 4.294280 158766 40
CPU2 30.518160 158730 strmm strmm CUDA3 15.029985 158770 40
CPU19 30.351480 158734 strmm strmm CUDA2 4.495255 158774 40
CPU13 30.120611 158738 strmm strmm CUDA0 4.281815 158778 40
CPU9 11.765718 158742 slauum slauum CPU -1 158782 40
CPU6 24.985384 158744 ssyrk ssyrk CUDA0 0.131113 158784 40
CPU3 45.064040 158745 sgemm sgemm CUDA0 1.260528 158785 40
CPU1 44.973509 158746 sgemm sgemm CUDA0 1.076294 158786 40
CPU6 45.137467 158747 sgemm sgemm CUDA1 1.215760 158787 40
CPU6 45.231484 158748 sgemm sgemm CUDA2 0.074234 158788 40
CPU4 44.636045 158749 sgemm sgemm CUDA2 1.071816 158789 40
CPU3 44.925452 158750 sgemm sgemm CUDA1 1.302478 158790 40
CPU8 44.925481 158751 sgemm sgemm CUDA3 1.231108 158791 40
CPU2 44.564297 158752 sgemm sgemm CUDA0 1.122182 158792 40
CPU6 45.270597 158753 sgemm sgemm CUDA3 1.193709 158793 40
CPU6 45.221011 158754 sgemm sgemm CUDA3 1.193440 158794 40
CPU1 45.014378 158755 sgemm sgemm CUDA0 3.650268 158795 40
CPU15 44.567607 158756 sgemm sgemm CUDA0 1.213286 158796 40
CPU12 45.033602 158757 sgemm sgemm CUDA1 1.077466 158797 40
CPU4 45.054051 158758 sgemm sgemm CUDA2 1.201616 158798 40
CPU6 45.158743 158759 sgemm sgemm CUDA0 1.217241 158799 40
CPU0 44.845933 158760 sgemm sgemm CUDA3 1.084327 158800 40
CPU6 45.280251 158761 sgemm sgemm CUDA2 1.066205 158801 40
CPU18 44.581669 158762 sgemm sgemm CUDA1 1.206226 158802 40
CPU16 44.467649 158763 sgemm sgemm CUDA1 0.109040 158803 40
CPU12 44.757306 158764 sgemm sgemm CUDA2 1.078404 158804 40
CPU18 44.717741 158765 sgemm sgemm CUDA2 1.208702 158805 40
CPU5 44.631695 158766 sgemm sgemm CUDA2 1.064110 158806 40
CPU13 44.673099 158767 sgemm sgemm CUDA2 0.038368 158807 40
CPU7 45.369615 158768 sgemm sgemm CUDA0 1.205369 158808 40
CPU6 45.014517 158769 sgemm sgemm CUDA0 1.194254 158809 40
CPU9 44.762406 158770 sgemm sgemm CUDA0 1.204015 158810 40
CPU7 45.144493 158771 sgemm sgemm CUDA3 1.078668 158811 40
CPU6 45.400477 158772 sgemm sgemm CUDA1 0.134117 158812 40
CPU5 45.366592 158773 sgemm sgemm CUDA3 1.207137 158813 40
CPU12 44.527781 158774 sgemm sgemm CUDA1 1.200797 158814 40
CPU13 44.787107 158775 sgemm sgemm CUDA0 12.217018 158815 40
CPU16 44.637135 158776 sgemm sgemm CUDA0 1.204148 158816 40
CPU19 45.207768 158777 sgemm sgemm CUDA3 1.079564 158817 40
CPU19 45.052673 158778 sgemm sgemm CUDA1 0.062150 158818 40
CPU7 25.217051 158779 ssyrk ssyrk CUDA3 0.293429 158819 40
CPU14 44.724964 158780 sgemm sgemm CUDA0 1.253141 158820 40
CPU2 45.056729 158781 sgemm sgemm CUDA1 12.749396 158821 40
CPU3 44.939841 158782 sgemm sgemm CUDA3 10.265705 158822 40
CPU18 44.600249 158783 sgemm sgemm CUDA3 1.367559 158823 40
CPU15 44.867239 158784 sgemm sgemm CUDA3 1.407267 158824 40
CPU18 44.490521 158785 sgemm sgemm CUDA3 1.229376 158825 40
CPU15 44.592924 158786 sgemm sgemm CUDA0 1.273097 158826 40
CPU6 45.269990 158787 sgemm sgemm CUDA3 1.080083 158827 40
CPU10 45.174932 158788 sgemm sgemm CUDA3 1.077831 158828 40
CPU9 44.645128 158789 sgemm sgemm CUDA0 11.917541 158829 40
CPU14 44.898043 158790 sgemm sgemm CUDA0 1.078535 158830 40
CPU18 44.790115 158791 sgemm sgemm CUDA1 1.240317 158831 40
CPU17 45.335418 158792 sgemm sgemm CUDA2 1.207435 158832 40
CPU2 44.735951 158793 sgemm sgemm CUDA1 9.955219 158833 40
CPU7 45.991443 158794 sgemm sgemm CUDA3 11.972738 158834 40
CPU6 44.937494 158795 sgemm sgemm CUDA2 0.039403 158835 40
CPU19 44.899326 158796 sgemm sgemm CUDA1 1.219776 158836 40
CPU2 44.865028 158797 sgemm sgemm CUDA1 1.321043 158837 40
CPU11 44.767338 158798 sgemm sgemm CUDA2 1.205164 158838 40
CPU18 44.757964 158799 sgemm sgemm CUDA2 0.049408 158839 40
CPU2 44.657261 158800 sgemm sgemm CUDA2 1.211108 158840 40
CPU13 44.996836 158801 sgemm sgemm CUDA2 1.313514 158841 40
CPU16 44.651380 158802 sgemm sgemm CUDA0 1.080628 158842 40
CPU8 44.816195 158803 sgemm sgemm CUDA0 1.063978 158843 40
CPU0 45.030818 158804 sgemm sgemm CUDA0 1.080088 158844 40
CPU7 44.724223 158805 sgemm sgemm CUDA3 1.066463 158845 40
CPU5 44.720288 158806 sgemm sgemm CUDA1 1.371957 158846 40
CPU0 45.182134 158807 sgemm sgemm CUDA3 1.196115 158847 40
CPU13 45.054126 158808 sgemm sgemm CUDA1 12.454943 158848 40
CPU7 44.724543 158809 sgemm sgemm CUDA0 0.051046 158849 40
CPU3 44.661127 158810 sgemm sgemm CUDA0 1.197538 158850 40
CPU13 45.050040 158811 sgemm sgemm CUDA3 1.080883 158851 40
CPU13 45.131208 158812 sgemm sgemm CUDA1 1.308527 158852 40
CPU14 24.813644 158813 ssyrk ssyrk CUDA0 0.647378 158853 40
CPU14 44.769155 158814 sgemm sgemm CUDA1 12.181981 158854 40
CPU14 44.751768 158815 sgemm sgemm CUDA2 1.334818 158855 40
CPU15 44.573746 158816 sgemm sgemm CUDA2 3.851694 158856 40
CPU14 44.750373 158817 sgemm sgemm CUDA2 1.087746 158857 40
CPU11 44.993512 158818 sgemm sgemm CUDA1 1.221550 158858 40
CPU15 44.610707 158819 sgemm sgemm CUDA0 12.485260 158859 40
CPU1 45.082986 158820 sgemm sgemm CUDA2 1.206147 158860 40
CPU2 45.243457 158821 sgemm sgemm CUDA1 1.208266 158861 40
CPU2 44.664238 158822 sgemm sgemm CUDA1 1.073586 158862 40
CPU15 44.578171 158823 sgemm sgemm CUDA0 1.094368 158863 40
CPU19 44.786268 158824 sgemm sgemm CUDA1 1.089559 158864 40
CPU2 44.610356 158825 sgemm sgemm CUDA2 1.061292 158865 40
CPU0 45.024947 158826 sgemm sgemm CUDA0 1.073461 158866 40
CPU1 45.197354 158827 sgemm sgemm CUDA2 1.198797 158867 40
CPU6 45.295764 158828 sgemm sgemm CUDA0 0.043885 158868 40
CPU19 44.860209 158829 sgemm sgemm CUDA1 1.224743 158869 40
CPU10 44.638720 158830 sgemm sgemm CUDA1 1.211244 158870 40
CPU18 44.877079 158831 sgemm sgemm CUDA2 12.596482 158871 40
CPU18 44.703010 158832 sgemm sgemm CUDA2 1.313363 158872 40
CPU8 44.756497 158833 sgemm sgemm CUDA2 1.211995 158873 40
CPU13 44.685423 158834 sgemm sgemm CUDA2 1.201989 158874 40
CPU16 44.463070 158835 sgemm sgemm CUDA0 1.066592 158875 40
CPU19 44.794264 158836 sgemm sgemm CUDA0 1.199364 158876 40
CPU16 44.917068 158837 sgemm sgemm CUDA2 1.372112 158877 40
CPU11 44.605375 158838 sgemm sgemm CUDA2 1.207618 158878 40
CPU5 45.010751 158839 sgemm sgemm CUDA0 1.078469 158879 40
CPU8 45.110779 158840 sgemm sgemm CUDA2 1.082241 158880 40
CPU10 44.646906 158841 sgemm sgemm CUDA1 0.046168 158881 40
CPU13 45.045392 158842 sgemm sgemm CUDA0 1.205355 158882 40
CPU16 44.758642 158843 sgemm sgemm CUDA0 1.076777 158883 40
CPU1 44.533225 158844 sgemm sgemm CUDA1 12.452793 158884 40
CPU13 44.931656 158845 sgemm sgemm CUDA1 1.201406 158885 40
CPU2 25.019197 158846 ssyrk ssyrk CUDA1 1.059684 158886 40
CPU5 44.777945 158847 sgemm sgemm CUDA2 11.914114 158887 40
CPU15 44.662898 158848 sgemm sgemm CUDA2 0.062917 158888 40
CPU15 44.572884 158849 sgemm sgemm CUDA2 1.320863 158889 40
CPU18 44.469926 158850 sgemm sgemm CUDA1 1.084785 158890 40
CPU16 44.726076 158851 sgemm sgemm CUDA0 0.111616 158891 40
CPU4 45.274265 158852 sgemm sgemm CUDA2 1.204071 158892 40
CPU2 45.051534 158853 sgemm sgemm CUDA1 1.209582 158893 40
CPU8 44.929976 158854 sgemm sgemm CUDA1 1.113024 158894 40
CPU15 44.598486 158855 sgemm sgemm CUDA0 1.279596 158895 40
CPU15 44.916810 158856 sgemm sgemm CUDA1 1.103124 158896 40
CPU11 44.737698 158857 sgemm sgemm CUDA2 1.077757 158897 40
CPU5 44.683599 158858 sgemm sgemm CUDA1 0.171660 158898 40
CPU5 45.102522 158859 sgemm sgemm CUDA2 1.205270 158899 40
CPU6 45.024779 158860 sgemm sgemm CUDA0 1.298431 158900 40
CPU19 44.980593 158861 sgemm sgemm CUDA1 3.465047 158901 40
CPU16 44.647844 158862 sgemm sgemm CUDA2 1.193356 158902 40
CPU17 45.444734 158863 sgemm sgemm CUDA2 1.320544 158903 40
CPU18 44.860562 158864 sgemm sgemm CUDA0 1.077216 158904 40
CPU5 44.752519 158865 sgemm sgemm CUDA2 12.197718 158905 40
CPU13 44.722193 158866 sgemm sgemm CUDA2 1.207069 158906 40
CPU11 44.718731 158867 sgemm sgemm CUDA0 1.085545 158907 40
CPU2 44.941490 158868 sgemm sgemm CUDA1 1.208290 158908 40
CPU3 44.836840 158869 sgemm sgemm CUDA2 1.067564 158909 40
CPU7 45.046666 158870 sgemm sgemm CUDA2 1.076389 158910 40
CPU5 45.124437 158871 sgemm sgemm CUDA0 1.080159 158911 40
CPU5 45.133575 158872 sgemm sgemm CUDA2 1.208396 158912 40
CPU15 44.456598 158873 sgemm sgemm CUDA1 1.248544 158913 40
CPU17 44.776646 158874 sgemm sgemm CUDA0 1.064932 158914 40
CPU18 44.776795 158875 sgemm sgemm CUDA0 1.191950 158915 40
CPU8 45.125851 158876 sgemm sgemm CUDA0 1.299780 158916 40
CPU5 44.473257 158877 sgemm sgemm CUDA0 1.067841 158917 40
CPU3 24.972216 158878 ssyrk ssyrk CUDA3 0.069212 158918 40
CPU15 44.817370 158879 sgemm sgemm CUDA3 9.307318 158919 40
CPU15 44.653094 158880 sgemm sgemm CUDA3 1.321961 158920 40
CPU18 44.486159 158881 sgemm sgemm CUDA1 1.097164 158921 40
CPU16 45.149959 158882 sgemm sgemm CUDA1 1.232708 158922 40
CPU2 44.954472 158883 sgemm sgemm CUDA3 1.210060 158923 40
CPU6 45.204097 158884 sgemm sgemm CUDA1 1.075944 158924 40
CPU0 44.949090 158885 sgemm sgemm CUDA1 1.224476 158925 40
CPU14 44.871399 158886 sgemm sgemm CUDA2 1.072638 158926 40
CPU6 46.139306 158887 sgemm sgemm CUDA1 1.214148 158927 40
CPU7 44.868075 158888 sgemm sgemm CUDA2 0.045503 158928 40
CPU1 44.676667 158889 sgemm sgemm CUDA1 1.299917 158929 40
CPU1 45.086370 158890 sgemm sgemm CUDA2 1.077800 158930 40
CPU6 45.102907 158891 sgemm sgemm CUDA1 13.172199 158931 40
CPU19 45.063290 158892 sgemm sgemm CUDA1 0.094618 158932 40
CPU4 45.073948 158893 sgemm sgemm CUDA2 1.068411 158933 40
CPU17 45.395692 158894 sgemm sgemm CUDA2 1.082857 158934 40
CPU18 44.678626 158895 sgemm sgemm CUDA3 1.191313 158935 40
CPU5 44.760879 158896 sgemm sgemm CUDA3 1.195789 158936 40
CPU13 44.950522 158897 sgemm sgemm CUDA3 1.203798 158937 40
CPU16 44.611601 158898 sgemm sgemm CUDA1 1.069583 158938 40
CPU10 44.714879 158899 sgemm sgemm CUDA1 12.699217 158939 40
CPU5 44.468744 158900 sgemm sgemm CUDA2 1.067107 158940 40
CPU9 44.579598 158901 sgemm sgemm CUDA3 1.066847 158941 40
CPU4 44.820019 158902 sgemm sgemm CUDA1 1.176548 158942 40
CPU6 44.965161 158903 sgemm sgemm CUDA3 1.206763 158943 40
CPU11 44.891400 158904 sgemm sgemm CUDA1 1.148746 158944 40
CPU10 45.296509 158905 sgemm sgemm CUDA1 1.071137 158945 40
CPU18 45.058266 158906 sgemm sgemm CUDA1 1.366453 158946 40
CPU17 45.020949 158907 sgemm sgemm CUDA1 0.048843 158947 40
CPU4 44.493683 158908 sgemm sgemm CUDA3 1.074892 158948 40
CPU15 24.588229 158909 ssyrk ssyrk CUDA2 0.063352 158949 40
CPU15 44.683789 158910 sgemm sgemm CUDA3 0.060517 158950 40
CPU14 44.847456 158911 sgemm sgemm CUDA1 1.214237 158951 40
CPU15 44.557318 158912 sgemm sgemm CUDA1 1.065846 158952 40
CPU15 44.459876 158913 sgemm sgemm CUDA3 1.063919 158953 40
CPU14 44.703497 158914 sgemm sgemm CUDA3 0.044100 158954 40
CPU1 44.805294 158915 sgemm sgemm CUDA1 1.066640 158955 40
CPU14 44.559092 158916 sgemm sgemm CUDA3 1.335606 158956 40
CPU2 45.213461 158917 sgemm sgemm CUDA1 1.080839 158957 40
CPU3 45.092267 158918 sgemm sgemm CUDA2 1.063541 158958 40
CPU6 44.865243 158919 sgemm sgemm CUDA1 1.252814 158959 40
CPU4 45.117076 158920 sgemm sgemm CUDA3 0.137766 158960 40
CPU6 45.272447 158921 sgemm sgemm CUDA1 0.046728 158961 40
CPU19 45.008764 158922 sgemm sgemm CUDA3 1.191694 158962 40
CPU9 45.121104 158923 sgemm sgemm CUDA2 1.081613 158963 40
CPU1 45.123244 158924 sgemm sgemm CUDA3 1.211080 158964 40
CPU18 44.695370 158925 sgemm sgemm CUDA2 1.204723 158965 40
CPU5 44.937646 158926 sgemm sgemm CUDA3 13.069509 158966 40
CPU13 44.775725 158927 sgemm sgemm CUDA3 1.206233 158967 40
CPU16 44.604754 158928 sgemm sgemm CUDA1 1.081727 158968 40
CPU19 44.770707 158929 sgemm sgemm CUDA1 0.040156 158969 40
CPU3 44.787698 158930 sgemm sgemm CUDA2 1.086498 158970 40
CPU7 44.960223 158931 sgemm sgemm CUDA2 1.192820 158971 40
CPU5 45.048440 158932 sgemm sgemm CUDA2 1.076901 158972 40
CPU0 45.466136 158933 sgemm sgemm CUDA3 1.075217 158973 40
CPU13 44.852433 158934 sgemm sgemm CUDA1 1.006915 158974 40
CPU19 44.944787 158935 sgemm sgemm CUDA1 1.065314 158975 40
CPU19 45.072877 158936 sgemm sgemm CUDA1 1.208963 158976 40
CPU9 44.893007 158937 sgemm sgemm CUDA3 1.195426 158977 40
CPU11 44.956107 158938 sgemm sgemm CUDA3 1.203449 158978 40
CPU15 24.523644 158939 ssyrk ssyrk CUDA1 0.132303 158979 40
CPU8 44.875517 158940 sgemm sgemm CUDA3 1.217270 158980 40
CPU17 44.893186 158941 sgemm sgemm CUDA0 0.067882 158981 40
CPU5 45.062576 158942 sgemm sgemm CUDA3 0.043084 158982 40
CPU5 45.059724 158943 sgemm sgemm CUDA3 1.368417 158983 40
CPU7 44.912846 158944 sgemm sgemm CUDA0 1.062300 158984 40
CPU15 44.481966 158945 sgemm sgemm CUDA2 1.212236 158985 40
CPU10 44.596651 158946 sgemm sgemm CUDA3 1.192687 158986 40
CPU9 44.808776 158947 sgemm sgemm CUDA2 1.191948 158987 40
CPU17 44.687703 158948 sgemm sgemm CUDA3 1.217597 158988 40
CPU0 44.867074 158949 sgemm sgemm CUDA3 1.374935 158989 40
CPU9 44.751389 158950 sgemm sgemm CUDA0 1.199298 158990 40
CPU19 45.203858 158951 sgemm sgemm CUDA3 1.210230 158991 40
CPU14 44.647524 158952 sgemm sgemm CUDA2 1.073086 158992 40
CPU7 45.381724 158953 sgemm sgemm CUDA0 1.201056 158993 40
CPU18 44.655826 158954 sgemm sgemm CUDA2 1.066241 158994 40
CPU7 45.271773 158955 sgemm sgemm CUDA3 0.040360 158995 40
CPU13 44.830697 158956 sgemm sgemm CUDA3 1.197733 158996 40
CPU16 44.614689 158957 sgemm sgemm CUDA3 1.084682 158997 40
CPU19 44.709457 158958 sgemm sgemm CUDA0 1.081337 158998 40
CPU5 44.857750 158959 sgemm sgemm CUDA2 1.207553 158999 40
CPU6 44.927014 158960 sgemm sgemm CUDA2 1.076020 159000 40
CPU4 45.026064 158961 sgemm sgemm CUDA0 1.074464 159001 40
CPU8 44.973798 158962 sgemm sgemm CUDA3 12.982808 159002 40
CPU19 44.730261 158963 sgemm sgemm CUDA2 1.091743 159003 40
CPU10 44.952426 158964 sgemm sgemm CUDA1 0.043825 159004 40
CPU13 44.910928 158965 sgemm sgemm CUDA1 1.198283 159005 40
CPU13 44.788752 158966 sgemm sgemm CUDA0 1.189197 159006 40
CPU17 45.069613 158967 sgemm sgemm CUDA3 1.212339 159007 40
CPU18 24.505035 158968 ssyrk ssyrk CUDA3 0.682716 159008 40
CPU17 44.838672 158969 sgemm sgemm CUDA0 0.064366 159009 40
CPU9 45.029796 158970 sgemm sgemm CUDA3 1.318734 159010 40
CPU6 45.268541 158971 sgemm sgemm CUDA0 1.197108 159011 40
CPU1 44.703146 158972 sgemm sgemm CUDA1 12.716218 159012 40
CPU14 45.058564 158973 sgemm sgemm CUDA3 1.068041 159013 40
CPU18 44.597450 158974 sgemm sgemm CUDA3 1.073524 159014 40
CPU0 45.011870 158975 sgemm sgemm CUDA0 1.319886 159015 40
CPU10 44.859039 158976 sgemm sgemm CUDA3 1.217846 159016 40
CPU6 45.050058 158977 sgemm sgemm CUDA3 1.071327 159017 40
CPU6 45.299712 158978 sgemm sgemm CUDA1 1.315834 159018 40
CPU19 45.031454 158979 sgemm sgemm CUDA3 1.193881 159019 40
CPU11 44.775968 158980 sgemm sgemm CUDA3 1.207496 159020 40
CPU12 45.016445 158981 sgemm sgemm CUDA0 0.040735 159021 40
CPU17 45.376224 158982 sgemm sgemm CUDA3 1.075479 159022 40
CPU5 44.967812 158983 sgemm sgemm CUDA3 1.301221 159023 40
CPU13 45.022182 158984 sgemm sgemm CUDA1 1.208431 159024 40
CPU2 45.122644 158985 sgemm sgemm CUDA3 1.069310 159025 40
CPU2 45.007779 158986 sgemm sgemm CUDA1 1.368510 159026 40
CPU12 45.080881 158987 sgemm sgemm CUDA3 1.065438 159027 40
CPU4 44.952038 158988 sgemm sgemm CUDA1 1.073767 159028 40
CPU3 44.843794 158989 sgemm sgemm CUDA0 1.073964 159029 40
CPU9 44.935609 158990 sgemm sgemm CUDA3 1.352933 159030 40
CPU13 44.960058 158991 sgemm sgemm CUDA3 1.066237 159031 40
CPU18 44.981888 158992 sgemm sgemm CUDA1 1.084563 159032 40
CPU3 44.821508 158993 sgemm sgemm CUDA1 1.209814 159033 40
CPU1 44.804975 158994 sgemm sgemm CUDA0 1.075473 159034 40
CPU8 44.591769 158995 sgemm sgemm CUDA1 1.066751 159035 40
CPU15 24.745707 158996 ssyrk ssyrk CUDA1 0.681237 159036 40
CPU15 44.493891 158997 sgemm sgemm CUDA3 1.061121 159037 40
CPU16 44.673547 158998 sgemm sgemm CUDA1 1.068126 159038 40
CPU9 45.065617 158999 sgemm sgemm CUDA1 1.207125 159039 40
CPU15 44.619457 159000 sgemm sgemm CUDA3 1.197115 159040 40
CPU19 44.888905 159001 sgemm sgemm CUDA0 1.292214 159041 40
CPU1 44.295625 159002 sgemm sgemm CUDA0 9.365577 159042 40
CPU10 44.955984 159003 sgemm sgemm CUDA0 1.210817 159043 40
CPU2 44.821532 159004 sgemm sgemm CUDA1 1.195038 159044 40
CPU4 45.024739 159005 sgemm sgemm CUDA1 1.193061 159045 40
CPU19 44.920006 159006 sgemm sgemm CUDA3 12.094478 159046 40
CPU1 44.950006 159007 sgemm sgemm CUDA1 1.195046 159047 40
CPU9 44.929068 159008 sgemm sgemm CUDA3 1.191480 159048 40
CPU18 45.269073 159009 sgemm sgemm CUDA0 1.079937 159049 40
CPU4 44.883487 159010 sgemm sgemm CUDA3 1.208201 159050 40
CPU13 44.917833 159011 sgemm sgemm CUDA3 0.041682 159051 40
CPU16 44.679093 159012 sgemm sgemm CUDA3 1.066305 159052 40
CPU19 44.683412 159013 sgemm sgemm CUDA0 1.206089 159053 40
CPU9 44.620472 159014 sgemm sgemm CUDA3 1.066201 159054 40
CPU4 45.095795 159015 sgemm sgemm CUDA1 1.206526 159055 40
CPU5 44.772720 159016 sgemm sgemm CUDA1 1.075044 159056 40
CPU19 44.996825 159017 sgemm sgemm CUDA3 1.077936 159057 40
CPU13 44.827253 159018 sgemm sgemm CUDA1 1.148335 159058 40
CPU10 45.643865 159019 sgemm sgemm CUDA0 1.084076 159059 40
CPU10 45.277377 159020 sgemm sgemm CUDA1 1.068319 159060 40
CPU13 45.197725 159021 sgemm sgemm CUDA0 1.193268 159061 40
CPU13 45.141753 159022 sgemm sgemm CUDA1 1.193040 159062 40
CPU6 25.112121 159023 ssyrk ssyrk CUDA3 0.673014 159063 40
CPU11 44.684835 159024 sgemm sgemm CUDA0 1.207433 159064 40
CPU8 44.556011 159025 sgemm sgemm CUDA2 1.064908 159065 40
CPU15 44.530060 159026 sgemm sgemm CUDA3 1.208803 159066 40
CPU3 45.067557 159027 sgemm sgemm CUDA3 1.062599 159067 40
CPU9 44.789302 159028 sgemm sgemm CUDA2 1.076544 159068 40
CPU7 44.681318 159029 sgemm sgemm CUDA3 1.203020 159069 40
CPU2 44.853083 159030 sgemm sgemm CUDA2 1.072153 159070 40
CPU5 44.752408 159031 sgemm sgemm CUDA0 1.207645 159071 40
CPU19 44.930946 159032 sgemm sgemm CUDA3 1.189640 159072 40
CPU9 44.990374 159033 sgemm sgemm CUDA2 1.200986 159073 40
CPU0 45.338116 159034 sgemm sgemm CUDA3 1.201176 159074 40
CPU17 45.285703 159035 sgemm sgemm CUDA0 1.211383 159075 40
CPU5 44.898325 159036 sgemm sgemm CUDA2 0.047553 159076 40
CPU13 44.991653 159037 sgemm sgemm CUDA3 1.206397 159077 40
CPU16 44.424049 159038 sgemm sgemm CUDA3 1.206058 159078 40
CPU19 44.808552 159039 sgemm sgemm CUDA0 1.071584 159079 40
CPU1 44.858724 159040 sgemm sgemm CUDA3 1.063499 159080 40
CPU0 45.274385 159041 sgemm sgemm CUDA2 1.198702 159081 40
CPU4 45.312171 159042 sgemm sgemm CUDA2 1.080627 159082 40
CPU0 45.502088 159043 sgemm sgemm CUDA2 1.208232 159083 40
CPU13 44.815173 159044 sgemm sgemm CUDA3 1.156176 159084 40
CPU13 45.281119 159045 sgemm sgemm CUDA0 1.073658 159085 40
CPU18 44.973452 159046 sgemm sgemm CUDA0 0.045297 159086 40
CPU7 44.765907 159047 sgemm sgemm CUDA0 1.189683 159087 40
CPU13 45.054059 159048 sgemm sgemm CUDA2 12.226907 159088 40
CPU3 24.906127 159049 ssyrk ssyrk CUDA0 12.100157 159089 40
CPU0 44.987250 159050 sgemm sgemm CUDA0 0.046961 159090 40
CPU14 44.863075 159051 sgemm sgemm CUDA1 1.210415 159091 40
CPU11 44.719568 159052 sgemm sgemm CUDA3 1.195216 159092 40
CPU8 44.599060 159053 sgemm sgemm CUDA0 1.371433 159093 40
CPU5 44.614690 159054 sgemm sgemm CUDA1 1.198001 159094 40
CPU12 44.832976 159055 sgemm sgemm CUDA1 1.197020 159095 40
CPU5 44.763209 159056 sgemm sgemm CUDA1 1.063555 159096 40
CPU19 44.901110 159057 sgemm sgemm CUDA3 1.197548 159097 40
CPU11 44.642251 159058 sgemm sgemm CUDA1 12.559445 159098 40
CPU10 44.761948 159059 sgemm sgemm CUDA1 0.044117 159099 40
CPU18 45.182164 159060 sgemm sgemm CUDA3 1.065295 159100 40
CPU5 44.906628 159061 sgemm sgemm CUDA3 1.066827 159101 40
CPU13 44.963117 159062 sgemm sgemm CUDA1 1.077284 159102 40
CPU18 44.672009 159063 sgemm sgemm CUDA2 1.067317 159103 40
CPU11 44.941066 159064 sgemm sgemm CUDA0 1.073425 159104 40
CPU9 44.673842 159065 sgemm sgemm CUDA3 1.078160 159105 40
CPU1 44.952008 159066 sgemm sgemm CUDA1 1.067035 159106 40
CPU0 45.610437 159067 sgemm sgemm CUDA1 1.508931 159107 40
CPU3 45.072592 159068 sgemm sgemm CUDA2 1.199764 159108 40
CPU0 45.315632 159069 sgemm sgemm CUDA3 1.009183 159109 40
CPU7 44.930132 159070 sgemm sgemm CUDA1 1.064005 159110 40
CPU7 45.084979 159071 sgemm sgemm CUDA1 1.299203 159111 40
CPU7 45.257775 159072 sgemm sgemm CUDA1 1.066275 159112 40
CPU7 44.926979 159073 sgemm sgemm CUDA3 0.043141 159113 40
CPU1 24.654771 159074 ssyrk ssyrk CUDA1 0.679817 159114 40
CPU7 45.093165 159075 sgemm sgemm CUDA1 1.207835 159115 40
CPU1 45.047196 159076 sgemm sgemm CUDA1 1.080301 159116 40
CPU11 44.504112 159077 sgemm sgemm CUDA0 1.209886 159117 40
CPU2 44.631039 159078 sgemm sgemm CUDA0 1.066203 159118 40
CPU1 44.971773 159079 sgemm sgemm CUDA2 1.215403 159119 40
CPU1 44.952890 159080 sgemm sgemm CUDA0 1.197264 159120 40
CPU7 45.096610 159081 sgemm sgemm CUDA0 1.064153 159121 40
CPU10 44.794502 159082 sgemm sgemm CUDA2 1.082493 159122 40
CPU1 45.094404 159083 sgemm sgemm CUDA0 1.068441 159123 40
CPU17 45.065013 159084 sgemm sgemm CUDA0 1.312957 159124 40
CPU5 45.031911 159085 sgemm sgemm CUDA1 0.043088 159125 40
CPU13 44.762677 159086 sgemm sgemm CUDA1 1.060081 159126 40
CPU12 44.773251 159087 sgemm sgemm CUDA0 1.080851 159127 40
CPU11 44.703513 159088 sgemm sgemm CUDA1 1.206730 159128 40
CPU4 44.794595 159089 sgemm sgemm CUDA0 1.210292 159129 40
CPU1 44.984837 159090 sgemm sgemm CUDA1 1.061081 159130 40
CPU3 45.040720 159091 sgemm sgemm CUDA0 1.080807 159131 40
CPU9 45.206229 159092 sgemm sgemm CUDA0 7.343763 159132 40
CPU18 44.833972 159093 sgemm sgemm CUDA1 1.149653 159133 40
CPU6 44.957675 159094 sgemm sgemm CUDA1 1.194279 159134 40
CPU2 44.916562 159095 sgemm sgemm CUDA0 1.316515 159135 40
CPU9 44.427153 159096 sgemm sgemm CUDA1 1.211744 159136 40
CPU13 45.108212 159097 sgemm sgemm CUDA0 1.066595 159137 40
CPU14 24.985103 159098 ssyrk ssyrk CUDA1 0.679122 159138 40
CPU15 44.505502 159099 sgemm sgemm CUDA3 1.219577 159139 40
CPU14 44.746228 159100 sgemm sgemm CUDA0 1.194192 159140 40
CPU10 44.912395 159101 sgemm sgemm CUDA0 1.227724 159141 40
CPU14 44.900377 159102 sgemm sgemm CUDA2 1.189017 159142 40
CPU7 45.165227 159103 sgemm sgemm CUDA1 1.193355 159143 40
CPU19 44.719451 159104 sgemm sgemm CUDA3 1.081736 159144 40
CPU8 45.133189 159105 sgemm sgemm CUDA2 1.076125 159145 40
CPU17 45.052114 159106 sgemm sgemm CUDA2 1.189478 159146 40
CPU18 44.912163 159107 sgemm sgemm CUDA3 1.067065 159147 40
CPU0 45.364566 159108 sgemm sgemm CUDA2 0.039845 159148 40
CPU13 44.655964 159109 sgemm sgemm CUDA1 1.196199 159149 40
CPU16 44.531938 159110 sgemm sgemm CUDA0 1.063440 159150 40
CPU19 44.606621 159111 sgemm sgemm CUDA1 1.203958 159151 40
CPU9 44.793962 159112 sgemm sgemm CUDA3 1.208949 159152 40
CPU12 44.918645 159113 sgemm sgemm CUDA1 12.604120 159153 40
CPU5 45.007157 159114 sgemm sgemm CUDA2 1.067919 159154 40
CPU18 44.340017 159115 sgemm sgemm CUDA0 1.374175 159155 40
CPU17 44.892311 159116 sgemm sgemm CUDA0 0.065321 159156 40
CPU17 45.027706 159117 sgemm sgemm CUDA0 1.193882 159157 40
CPU17 44.787477 159118 sgemm sgemm CUDA0 1.065087 159158 40
CPU16 44.815984 159119 sgemm sgemm CUDA1 1.209715 159159 40
CPU16 44.813830 159120 sgemm sgemm CUDA0 1.206100 159160 40
CPU0 24.951289 159121 ssyrk ssyrk CUDA0 0.869027 159161 40
CPU6 44.820165 159122 sgemm sgemm CUDA0 1.199937 159162 40
CPU11 44.658420 159123 sgemm sgemm CUDA0 1.093721 159163 40
CPU6 45.184647 159124 sgemm sgemm CUDA0 1.233312 159164 40
CPU6 45.237409 159125 sgemm sgemm CUDA0 1.197412 159165 40
CPU19 45.568244 159126 sgemm sgemm CUDA3 1.065465 159166 40
CPU16 44.707911 159127 sgemm sgemm CUDA1 1.074125 159167 40
CPU11 44.570565 159128 sgemm sgemm CUDA3 1.077400 159168 40
CPU17 44.987727 159129 sgemm sgemm CUDA0 1.077147 159169 40
CPU5 45.047392 159130 sgemm sgemm CUDA1 1.063593 159170 40
CPU13 44.679655 159131 sgemm sgemm CUDA0 0.039158 159171 40
CPU10 45.041694 159132 sgemm sgemm CUDA3 12.362839 159172 40
CPU0 45.477476 159133 sgemm sgemm CUDA0 1.208507 159173 40
CPU3 45.369221 159134 sgemm sgemm CUDA3 1.190082 159174 40
CPU3 44.487842 159135 sgemm sgemm CUDA1 1.297290 159175 40
CPU4 45.056560 159136 sgemm sgemm CUDA0 1.198833 159176 40
CPU8 45.089283 159137 sgemm sgemm CUDA3 1.209039 159177 40
CPU13 44.569521 159138 sgemm sgemm CUDA3 1.068058 159178 40
CPU13 45.085898 159139 sgemm sgemm CUDA1 1.065615 159179 40
CPU10 44.946032 159140 sgemm sgemm CUDA0 1.082565 159180 40
CPU0 45.159938 159141 sgemm sgemm CUDA1 1.081799 159181 40
CPU12 44.926120 159142 sgemm sgemm CUDA0 1.205868 159182 40
CPU0 24.943634 159143 ssyrk ssyrk CUDA3 0.705352 159183 40
CPU9 44.782441 159144 sgemm sgemm CUDA0 1.082878 159184 40
CPU5 44.930355 159145 sgemm sgemm CUDA2 1.199074 159185 40
CPU1 44.926773 159146 sgemm sgemm CUDA0 1.189802 159186 40
CPU19 44.759653 159147 sgemm sgemm CUDA3 1.205226 159187 40
CPU16 44.670387 159148 sgemm sgemm CUDA2 1.082445 159188 40
CPU17 45.064143 159149 sgemm sgemm CUDA3 12.349597 159189 40
CPU18 44.943947 159150 sgemm sgemm CUDA3 1.189270 159190 40
CPU3 44.934489 159151 sgemm sgemm CUDA3 1.081026 159191 40
CPU13 44.717956 159152 sgemm sgemm CUDA0 1.063243 159192 40
CPU16 44.552467 159153 sgemm sgemm CUDA2 1.139001 159193 40
CPU19 44.724409 159154 sgemm sgemm CUDA2 1.078835 159194 40
CPU17 45.039257 159155 sgemm sgemm CUDA3 1.199020 159195 40
CPU12 45.157548 159156 sgemm sgemm CUDA3 1.081028 159196 40
CPU2 44.866745 159157 sgemm sgemm CUDA2 1.210917 159197 40
CPU9 44.699628 159158 sgemm sgemm CUDA0 10.151260 159198 40
CPU13 44.768576 159159 sgemm sgemm CUDA0 1.217687 159199 40
CPU18 44.921647 159160 sgemm sgemm CUDA3 1.193532 159200 40
CPU11 44.671615 159161 sgemm sgemm CUDA3 1.208405 159201 40
CPU9 44.719463 159162 sgemm sgemm CUDA0 13.162932 159202 40
CPU6 44.866379 159163 sgemm sgemm CUDA3 1.297803 159203 40
CPU3 24.757612 159164 ssyrk ssyrk CUDA1 9.401197 159204 40
CPU11 44.639487 159165 sgemm sgemm CUDA0 1.229339 159205 40
CPU1 45.067652 159166 sgemm sgemm CUDA1 1.207321 159206 40
CPU12 44.706357 159167 sgemm sgemm CUDA0 1.072373 159207 40
CPU11 44.750147 159168 sgemm sgemm CUDA1 1.209955 159208 40
CPU0 45.341776 159169 sgemm sgemm CUDA3 1.065082 159209 40
CPU17 44.998678 159170 sgemm sgemm CUDA0 1.205875 159210 40
CPU5 44.916219 159171 sgemm sgemm CUDA3 1.066849 159211 40
CPU13 44.989408 159172 sgemm sgemm CUDA0 1.203150 159212 40
CPU16 44.720739 159173 sgemm sgemm CUDA2 1.011035 159213 40
CPU19 44.774013 159174 sgemm sgemm CUDA1 1.082062 159214 40
CPU4 44.720504 159175 sgemm sgemm CUDA2 1.206716 159215 40
CPU5 44.837072 159176 sgemm sgemm CUDA2 1.210061 159216 40
CPU3 44.823797 159177 sgemm sgemm CUDA1 1.109892 159217 40
CPU7 45.022947 159178 sgemm sgemm CUDA2 1.208468 159218 40
CPU12 44.912818 159179 sgemm sgemm CUDA0 11.572708 159219 40
CPU15 44.841011 159180 sgemm sgemm CUDA3 1.072389 159220 40
CPU14 44.829432 159181 sgemm sgemm CUDA3 0.048778 159221 40
CPU15 44.972430 159182 sgemm sgemm CUDA1 0.045618 159222 40
CPU15 44.861299 159183 sgemm sgemm CUDA1 1.195868 159223 40
CPU17 24.969872 159184 ssyrk ssyrk CUDA2 0.678739 159224 40
CPU5 44.753064 159185 sgemm sgemm CUDA1 1.076463 159225 40
CPU19 44.816467 159186 sgemm sgemm CUDA0 1.205162 159226 40
CPU12 44.826087 159187 sgemm sgemm CUDA2 1.076558 159227 40
CPU8 44.981243 159188 sgemm sgemm CUDA1 1.206997 159228 40
CPU17 44.859590 159189 sgemm sgemm CUDA1 1.192441 159229 40
CPU1 44.789066 159190 sgemm sgemm CUDA2 1.319093 159230 40
CPU13 44.620591 159191 sgemm sgemm CUDA1 1.196795 159231 40
CPU16 44.534388 159192 sgemm sgemm CUDA2 1.149454 159232 40
CPU12 44.779115 159193 sgemm sgemm CUDA1 1.213284 159233 40
CPU4 44.984824 159194 sgemm sgemm CUDA3 1.194118 159234 40
CPU7 45.082829 159195 sgemm sgemm CUDA1 1.072156 159235 40
CPU2 45.199550 159196 sgemm sgemm CUDA2 1.079392 159236 40
CPU0 45.547545 159197 sgemm sgemm CUDA2 13.100740 159237 40
CPU17 44.822639 159198 sgemm sgemm CUDA1 1.138740 159238 40
CPU16 44.943540 159199 sgemm sgemm CUDA0 12.387537 159239 40
CPU15 44.589981 159200 sgemm sgemm CUDA1 1.075592 159240 40
CPU18 44.876767 159201 sgemm sgemm CUDA1 1.203479 159241 40
CPU18 45.026500 159202 sgemm sgemm CUDA2 0.034836 159242 40
CPU4 24.943771 159203 ssyrk ssyrk CPU -1 159243 40
CPU19 44.925187 159204 sgemm sgemm CUDA0 12.989655 159244 40
CPU16 44.809934 159205 sgemm sgemm CUDA1 1.083860 159245 40
CPU17 44.907121 159206 sgemm sgemm CUDA1 1.076926 159246 40
CPU17 44.665316 159207 sgemm sgemm CUDA2 1.068604 159247 40
CPU5 44.791660 159208 sgemm sgemm CUDA2 1.209687 159248 40
CPU13 44.786088 159209 sgemm sgemm CUDA2 1.202881 159249 40
CPU16 44.538637 159210 sgemm sgemm CUDA1 1.082641 159250 40
CPU19 44.622668 159211 sgemm sgemm CUDA1 1.198449 159251 40
CPU5 44.624686 159212 sgemm sgemm CUDA2 12.101809 159252 40
CPU7 45.064996 159213 sgemm sgemm CUDA1 1.065659 159253 40
CPU1 45.048276 159214 sgemm sgemm CUDA1 12.287934 159254 40
CPU8 45.258618 159215 sgemm sgemm CUDA2 1.342399 159255 40
CPU13 44.781878 159216 sgemm sgemm CUDA1 1.066918 159256 40
CPU1 44.789965 159217 sgemm sgemm CUDA1 0.044175 159257 40
CPU8 44.839727 159218 sgemm sgemm CUDA1 1.300210 159258 40
CPU4 44.600616 159219 sgemm sgemm CUDA1 1.063677 159259 40
CPU13 45.161246 159220 sgemm sgemm CUDA1 1.078739 159260 40
CPU19 25.122452 159221 ssyrk ssyrk CUDA0 0.687196 159261 40
CPU19 44.909831 159222 sgemm sgemm CUDA3 1.196626 159262 40
CPU19 44.724487 159223 sgemm sgemm CUDA0 1.067428 159263 40
CPU17 44.697943 159224 sgemm sgemm CUDA2 1.205145 159264 40
CPU4 44.883462 159225 sgemm sgemm CUDA3 1.080404 159265 40
CPU16 44.644844 159226 sgemm sgemm CUDA2 1.065890 159266 40
CPU16 44.485564 159227 sgemm sgemm CUDA2 1.145607 159267 40
CPU19 44.557489 159228 sgemm sgemm CUDA3 1.204649 159268 40
CPU7 44.779333 159229 sgemm sgemm CUDA3 12.206466 159269 40
CPU6 45.121646 159230 sgemm sgemm CUDA2 1.212203 159270 40
CPU8 44.853780 159231 sgemm sgemm CUDA1 11.813026 159271 40
CPU9 45.296824 159232 sgemm sgemm CUDA0 0.041634 159272 40
CPU13 44.677892 159233 sgemm sgemm CUDA3 1.026293 159273 40
CPU12 45.063919 159234 sgemm sgemm CUDA1 1.064777 159274 40
CPU8 44.772839 159235 sgemm sgemm CUDA0 1.076013 159275 40
CPU11 44.688395 159236 sgemm sgemm CUDA0 1.192084 159276 40
CPU13 45.168447 159237 sgemm sgemm CUDA0 1.214530 159277 40
CPU6 24.860223 159238 ssyrk ssyrk CUDA3 0.692409 159278 40
CPU3 44.976176 159239 sgemm sgemm CUDA2 12.133313 159279 40
CPU17 44.532118 159240 sgemm sgemm CUDA0 1.064193 159280 40
CPU5 44.750760 159241 sgemm sgemm CUDA1 12.098041 159281 40
CPU17 44.777923 159242 sgemm sgemm CUDA2 0.039240 159282 40
CPU11 44.491638 159243 sgemm sgemm CUDA0 1.209975 159283 40
CPU1 44.937814 159244 sgemm sgemm CUDA3 1.063934 159284 40
CPU10 45.057143 159245 sgemm sgemm CUDA3 0.046509 159285 40
CPU18 44.906243 159246 sgemm sgemm CUDA3 1.064125 159286 40
CPU18 44.594825 159247 sgemm sgemm CUDA2 1.079717 159287 40
CPU17 44.793925 159248 sgemm sgemm CUDA3 1.209762 159288 40
CPU13 44.584210 159249 sgemm sgemm CUDA0 0.039416 159289 40
CPU0 45.292538 159250 sgemm sgemm CUDA0 0.041372 159290 40
CPU15 45.213447 159251 sgemm sgemm CUDA2 1.195825 159291 40
CPU10 44.927110 159252 sgemm sgemm CUDA0 1.062753 159292 40
CPU11 44.944402 159253 sgemm sgemm CUDA3 1.188685 159293 40
CPU7 25.415641 159254 ssyrk ssyrk CUDA1 0.678266 159294 40
CPU17 44.666170 159255 sgemm sgemm CUDA2 0.034993 159295 40
CPU2 44.776747 159256 sgemm sgemm CUDA3 1.198008 159296 40
CPU13 44.846498 159257 sgemm sgemm CUDA1 1.064524 159297 40
CPU11 44.415687 159258 sgemm sgemm CUDA3 0.039519 159298 40
CPU11 44.505499 159259 sgemm sgemm CUDA2 1.193620 159299 40
CPU18 44.744486 159260 sgemm sgemm CUDA3 1.370808 159300 40
CPU10 44.884406 159261 sgemm sgemm CUDA3 1.208484 159301 40
CPU17 44.635243 159262 sgemm sgemm CUDA1 1.208508 159302 40
CPU15 44.615365 159263 sgemm sgemm CUDA1 0.041382 159303 40
CPU8 45.292656 159264 sgemm sgemm CUDA1 1.064262 159304 40
CPU4 45.054754 159265 sgemm sgemm CUDA1 1.191805 159305 40
CPU6 45.159442 159266 sgemm sgemm CUDA1 1.065025 159306 40
CPU13 45.141224 159267 sgemm sgemm CUDA3 1.074985 159307 40
CPU13 44.952422 159268 sgemm sgemm CUDA3 1.196779 159308 40
CPU17 24.987899 159269 ssyrk ssyrk CUDA2 0.983224 159309 40
CPU17 45.236271 159270 sgemm sgemm CUDA2 1.065083 159310 40
CPU13 44.810281 159271 sgemm sgemm CUDA1 4.409274 159311 40
CPU6 45.222297 159272 sgemm sgemm CUDA0 1.077770 159312 40
CPU17 45.138184 159273 sgemm sgemm CUDA3 1.195291 159313 40
CPU17 45.276314 159274 sgemm sgemm CUDA3 1.068191 159314 40
CPU3 44.882733 159275 sgemm sgemm CUDA3 1.208972 159315 40
CPU7 44.976732 159276 sgemm sgemm CUDA0 1.066518 159316 40
CPU0 45.424002 159277 sgemm sgemm CUDA0 1.191549 159317 40
CPU7 45.191190 159278 sgemm sgemm CUDA0 1.243530 159318 40
CPU19 44.961280 159279 sgemm sgemm CUDA2 1.207472 159319 40
CPU17 44.818868 159280 sgemm sgemm CUDA2 1.204101 159320 40
CPU7 45.010025 159281 sgemm sgemm CUDA3 12.293098 159321 40
CPU4 44.899947 159282 sgemm sgemm CUDA2 1.207639 159322 40
CPU5 24.901384 159283 ssyrk ssyrk CPU -1 159323 40
CPU10 44.585070 159284 sgemm sgemm CUDA0 1.375127 159324 40
CPU16 44.614371 159285 sgemm sgemm CUDA1 1.209305 159325 40
CPU5 44.980897 159286 sgemm sgemm CUDA3 1.208321 159326 40
CPU5 44.667838 159287 sgemm sgemm CUDA2 1.190052 159327 40
CPU9 44.445970 159288 sgemm sgemm CUDA2 1.085007 159328 40
CPU13 44.896437 159289 sgemm sgemm CUDA2 1.192440 159329 40
CPU8 44.562544 159290 sgemm sgemm CUDA2 1.302601 159330 40
CPU0 45.671687 159291 sgemm sgemm CUDA3 12.301450 159331 40
CPU13 45.101246 159292 sgemm sgemm CUDA2 1.206141 159332 40
CPU12 44.917556 159293 sgemm sgemm CUDA2 1.204897 159333 40
CPU11 44.614179 159294 sgemm sgemm CUDA0 1.208865 159334 40
CPU13 45.255006 159295 sgemm sgemm CUDA0 1.194796 159335 40
CPU13 24.961815 159296 ssyrk ssyrk CPU -1 159336 40
CPU19 44.641458 159297 sgemm sgemm CUDA1 1.076768 159337 40
CPU11 44.552813 159298 sgemm sgemm CUDA0 1.065770 159338 40
CPU10 44.990449 159299 sgemm sgemm CUDA3 1.207377 159339 40
CPU5 45.032415 159300 sgemm sgemm CUDA3 13.056928 159340 40
CPU4 45.258323 159301 sgemm sgemm CUDA2 1.213717 159341 40
CPU19 44.575526 159302 sgemm sgemm CUDA2 1.063025 159342 40
CPU7 45.058869 159303 sgemm sgemm CUDA1 1.149941 159343 40
CPU15 44.868650 159304 sgemm sgemm CUDA1 1.065840 159344 40
CPU15 45.133309 159305 sgemm sgemm CUDA3 0.046333 159345 40
CPU17 45.224996 159306 sgemm sgemm CUDA3 1.300518 159346 40
CPU17 45.135247 159307 sgemm sgemm CUDA2 1.209884 159347 40
CPU3 25.129011 159308 ssyrk ssyrk CPU -1 159348 40
CPU15 44.593135 159309 sgemm sgemm CUDA3 1.299634 159349 40
CPU17 45.010785 159310 sgemm sgemm CUDA3 1.193535 159350 40
CPU2 44.862538 159311 sgemm sgemm CUDA2 1.006918 159351 40
CPU2 45.166089 159312 sgemm sgemm CUDA2 1.194579 159352 40
CPU2 44.889025 159313 sgemm sgemm CUDA0 10.727359 159353 40
CPU2 45.005362 159314 sgemm sgemm CUDA0 1.147081 159354 40
CPU2 44.959929 159315 sgemm sgemm CUDA3 1.191340 159355 40
CPU2 44.894486 159316 sgemm sgemm CUDA3 1.080192 159356 40
CPU2 45.109613 159317 sgemm sgemm CUDA1 1.064830 159357 40
CPU2 44.623131 159318 sgemm sgemm CUDA3 1.208997 159358 40
CPU14 24.742688 159319 ssyrk ssyrk CPU -1 159359 40
CPU19 44.886379 159320 sgemm sgemm CUDA0 0.039364 159360 40
CPU12 44.755921 159321 sgemm sgemm CUDA1 1.211448 159361 40
CPU12 44.663067 159322 sgemm sgemm CUDA2 1.194441 159362 40
CPU16 44.693601 159323 sgemm sgemm CUDA1 1.189730 159363 40
CPU17 44.896636 159324 sgemm sgemm CUDA3 0.046288 159364 40
CPU18 44.829992 159325 sgemm sgemm CUDA3 1.197716 159365 40
CPU14 44.850712 159326 sgemm sgemm CUDA0 12.952198 159366 40
CPU19 44.957126 159327 sgemm sgemm CUDA1 1.066307 159367 40
CPU6 45.237651 159328 sgemm sgemm CUDA2 12.184543 159368 40
CPU7 24.912841 159329 ssyrk ssyrk CPU -1 159369 40
CPU8 44.649730 159330 sgemm sgemm CUDA3 1.190125 159370 40
CPU7 44.845937 159331 sgemm sgemm CUDA2 0.056213 159371 40
CPU18 44.751085 159332 sgemm sgemm CUDA3 1.066026 159372 40
CPU6 45.198301 159333 sgemm sgemm CUDA3 1.263886 159373 40
CPU2 44.407358 159334 sgemm sgemm CUDA3 1.075033 159374 40
CPU16 44.761432 159335 sgemm sgemm CUDA2 1.143116 159375 40
CPU10 45.013583 159336 sgemm sgemm CUDA0 1.317926 159376 40
CPU13 45.328278 159337 sgemm sgemm CUDA0 1.059164 159377 40
CPU9 24.463562 159338 ssyrk ssyrk CPU -1 159378 40
CPU5 44.751047 159339 sgemm sgemm CUDA2 1.208579 159379 40
CPU8 45.058148 159340 sgemm sgemm CUDA1 1.264522 159380 40
CPU4 45.363495 159341 sgemm sgemm CUDA3 1.151359 159381 40
CPU5 44.747121 159342 sgemm sgemm CUDA1 1.067656 159382 40
CPU6 44.894893 159343 sgemm sgemm CUDA2 1.068134 159383 40
CPU8 44.976238 159344 sgemm sgemm CUDA3 1.308725 159384 40
CPU5 44.169524 159345 sgemm sgemm CUDA2 1.202862 159385 40
CPU9 24.674211 159346 ssyrk ssyrk CUDA1 0.639038 159386 40
CPU9 44.979605 159347 sgemm sgemm CUDA1 1.082278 159387 40
CPU6 45.204896 159348 sgemm sgemm CUDA0 1.204524 159388 40
CPU9 44.957217 159349 sgemm sgemm CUDA2 1.078329 159389 40
CPU6 44.861546 159350 sgemm sgemm CUDA2 1.076392 159390 40
CPU1 45.154579 159351 sgemm sgemm CUDA0 1.206267 159391 40
CPU9 44.151719 159352 sgemm sgemm CUDA1 1.191580 159392 40
CPU8 24.844935 159353 ssyrk ssyrk CPU -1 159393 40
CPU14 44.948436 159354 sgemm sgemm CUDA3 1.139121 159394 40
CPU15 44.877907 159355 sgemm sgemm CUDA1 1.208299 159395 40
CPU3 44.965958 159356 sgemm sgemm CUDA2 1.066028 159396 40
CPU1 45.226343 159357 sgemm sgemm CUDA0 1.085716 159397 40
CPU2 44.749239 159358 sgemm sgemm CUDA1 1.061841 159398 40
CPU16 24.421481 159359 ssyrk ssyrk CPU10 85.200806 159399 40
CPU2 44.772010 159360 sgemm sgemm CUDA0 1.083786 159400 40
CPU5 44.858264 159361 sgemm sgemm CUDA3 1.149714 159401 40
CPU0 45.383165 159362 sgemm sgemm CUDA0 1.007015 159402 40
CPU0 45.172018 159363 sgemm sgemm CUDA3 1.021775 159403 40
CPU5 24.324731 159364 ssyrk ssyrk CPU -1 159404 40
CPU1 44.550887 159365 sgemm sgemm CUDA2 12.173537 159405 40
CPU1 44.606065 159366 sgemm sgemm CUDA3 1.192645 159406 40
CPU2 44.563121 159367 sgemm sgemm CUDA3 1.069932 159407 40
CPU11 24.702461 159368 ssyrk ssyrk CPU -1 159408 40
CPU17 45.068270 159369 sgemm sgemm CUDA1 1.207055 159409 40
CPU19 45.003650 159370 sgemm sgemm CUDA2 1.206398 159410 40
CPU19 24.902575 159371 ssyrk ssyrk CPU -1 159411 40
CPU13 44.949759 159372 sgemm sgemm CUDA0 1.066925 159412 40
CPU9 24.564168 159373 ssyrk ssyrk CUDA2 0.981735 159413 40
CPU12 30.327278 159376 strmm strmm CUDA0 4.235924 159416 40
CPU13 31.051323 159380 strmm strmm CUDA2 0.032164 159420 40
CPU3 31.758486 159384 strmm strmm CUDA2 4.556910 159424 40
CPU5 31.154810 159388 strmm strmm CUDA1 13.149293 159428 40
CPU13 31.098958 159392 strmm strmm CUDA1 0.029656 159432 40
CPU13 30.786408 159396 strmm strmm CUDA1 4.530448 159436 40
CPU13 29.840040 159400 strmm strmm CUDA2 4.380984 159440 40
CPU13 30.517318 159404 strmm strmm CUDA3 13.481376 159444 40
CPU13 30.738260 159408 strmm strmm CUDA3 4.228695 159448 40
CPU11 30.754672 159412 strmm strmm CUDA3 0.032362 159452 40
CPU0 31.364229 159416 strmm strmm CUDA2 14.976682 159456 40
CPU9 30.894821 159420 strmm strmm CUDA0 0.034889 159460 40
CPU13 30.352497 159424 strmm strmm CUDA0 14.516786 159464 40
CPU12 30.059428 159428 strmm strmm CUDA1 15.091234 159468 40
CPU13 30.749292 159432 strmm strmm CUDA2 0.029383 159472 40
CPU13 30.729307 159436 strmm strmm CUDA0 15.069270 159476 40
CPU18 30.376827 159440 strmm strmm CUDA0 0.028926 159480 40
CPU19 30.453283 159444 strmm strmm CUDA0 4.544279 159484 40
CPU13 30.079912 159448 strmm strmm CUDA2 4.486030 159488 40
CPU11 29.705482 159452 strmm strmm CUDA1 0.030886 159492 40
CPU12 30.226409 159456 strmm strmm CUDA1 4.291187 159496 40
CPU13 30.511238 159460 strmm strmm CUDA2 4.288749 159500 40
CPU13 30.375235 159464 strmm strmm CUDA2 4.299143 159504 40
CPU17 30.396520 159468 strmm strmm CUDA3 4.575176 159508 40
CPU9 31.252887 159472 strmm strmm CUDA0 4.509007 159512 40
CPU6 32.034417 159476 strmm strmm CUDA1 4.291467 159516 40
CPU19 31.222081 159480 strmm strmm CUDA3 15.038153 159520 40
CPU5 30.291322 159484 strmm strmm CUDA1 15.026101 159524 40
CPU9 31.172193 159488 strmm strmm CUDA1 4.580110 159528 40
CPU5 31.472089 159492 strmm strmm CUDA3 0.029164 159532 40
CPU0 31.715071 159496 strmm strmm CUDA3 4.548128 159536 40
CPU12 31.755245 159500 strmm strmm CUDA0 4.283322 159540 40
CPU19 30.976026 159504 strmm strmm CUDA1 0.175597 159544 40
CPU13 30.849400 159508 strmm strmm CUDA3 4.286185 159548 40
CPU13 31.507242 159512 strmm strmm CUDA0 4.284017 159552 40
CPU19 12.513477 159516 slauum slauum CPU -1 159556 40
CPU5 24.536860 159518 ssyrk ssyrk CUDA2 0.339132 159558 40
CPU3 44.672979 159519 sgemm sgemm CUDA3 1.201922 159559 40
CPU1 44.788779 159520 sgemm sgemm CUDA2 1.198780 159560 40
CPU6 45.055781 159521 sgemm sgemm CUDA2 0.047792 159561 40
CPU5 44.855568 159522 sgemm sgemm CUDA2 1.306886 159562 40
CPU4 44.608765 159523 sgemm sgemm CUDA3 1.079544 159563 40
CPU3 44.702679 159524 sgemm sgemm CUDA2 1.062847 159564 40
CPU8 44.702616 159525 sgemm sgemm CUDA3 1.069798 159565 40
CPU2 44.493642 159526 sgemm sgemm CUDA3 1.070142 159566 40
CPU6 45.169651 159527 sgemm sgemm CUDA3 12.335935 159567 40
CPU6 44.986081 159528 sgemm sgemm CUDA3 1.068378 159568 40
CPU5 44.888064 159529 sgemm sgemm CUDA3 1.287380 159569 40
CPU15 44.816603 159530 sgemm sgemm CUDA0 1.208600 159570 40
CPU12 45.116781 159531 sgemm sgemm CUDA3 1.203099 159571 40
CPU5 44.573692 159532 sgemm sgemm CUDA2 1.085330 159572 40
CPU8 44.640024 159533 sgemm sgemm CUDA2 1.065400 159573 40
CPU0 44.687472 159534 sgemm sgemm CUDA3 1.079379 159574 40
CPU1 44.772147 159535 sgemm sgemm CUDA3 1.065899 159575 40
CPU17 44.833420 159536 sgemm sgemm CUDA3 1.300823 159576 40
CPU16 44.791793 159537 sgemm sgemm CUDA3 1.064274 159577 40
CPU12 45.019730 159538 sgemm sgemm CUDA2 1.079261 159578 40
CPU17 45.099483 159539 sgemm sgemm CUDA3 0.042918 159579 40
CPU4 44.973542 159540 sgemm sgemm CUDA2 1.067605 159580 40
CPU13 45.005983 159541 sgemm sgemm CUDA2 1.455171 159581 40
CPU7 45.121147 159542 sgemm sgemm CUDA0 0.043406 159582 40
CPU6 44.965636 159543 sgemm sgemm CUDA0 1.192668 159583 40
CPU9 44.526167 159544 sgemm sgemm CUDA3 1.064773 159584 40
CPU1 44.546361 159545 sgemm sgemm CUDA3 1.067402 159585 40
CPU12 44.950054 159546 sgemm sgemm CUDA2 1.095919 159586 40
CPU1 44.935280 159547 sgemm sgemm CUDA3 1.318452 159587 40
CPU12 44.679364 159548 sgemm sgemm CUDA1 1.065804 159588 40
CPU13 44.958724 159549 sgemm sgemm CUDA0 1.194936 159589 40
CPU16 44.684808 159550 sgemm sgemm CUDA2 12.273762 159590 40
CPU19 44.887881 159551 sgemm sgemm CUDA0 1.300938 159591 40
CPU19 45.157106 159552 sgemm sgemm CUDA1 1.207800 159592 40
CPU12 44.945357 159553 sgemm sgemm CUDA0 1.200929 159593 40
CPU3 24.734146 159554 ssyrk ssyrk CUDA0 0.549863 159594 40
CPU14 44.951737 159555 sgemm sgemm CUDA0 1.207218 159595 40
CPU1 44.830603 159556 sgemm sgemm CUDA2 1.068154 159596 40
CPU4 45.015183 159557 sgemm sgemm CUDA0 1.337616 159597 40
CPU18 44.728541 159558 sgemm sgemm CUDA3 1.206554 159598 40
CPU15 45.168656 159559 sgemm sgemm CUDA2 1.210796 159599 40
CPU16 44.986017 159560 sgemm sgemm CUDA3 1.087048 159600 40
CPU15 44.653347 159561 sgemm sgemm CUDA3 1.317110 159601 40
CPU7 45.176031 159562 sgemm sgemm CUDA3 0.047565 159602 40
CPU10 45.337494 159563 sgemm sgemm CUDA3 1.069945 159603 40
CPU9 44.669985 159564 sgemm sgemm CUDA0 1.116995 159604 40
CPU14 45.045333 159565 sgemm sgemm CUDA0 1.066162 159605 40
CPU18 44.889562 159566 sgemm sgemm CUDA3 1.207441 159606 40
CPU17 45.269839 159567 sgemm sgemm CUDA2 1.064799 159607 40
CPU2 44.601685 159568 sgemm sgemm CUDA1 1.068284 159608 40
CPU7 45.053318 159569 sgemm sgemm CUDA3 1.189889 159609 40
CPU6 44.937145 159570 sgemm sgemm CUDA3 1.197611 159610 40
CPU19 44.847647 159571 sgemm sgemm CUDA1 1.066895 159611 40
CPU16 44.743484 159572 sgemm sgemm CUDA1 1.258436 159612 40
CPU11 44.949815 159573 sgemm sgemm CUDA2 0.051375 159613 40
CPU17 45.057190 159574 sgemm sgemm CUDA2 1.081214 159614 40
CPU2 44.752296 159575 sgemm sgemm CUDA2 1.207000 159615 40
CPU13 45.039890 159576 sgemm sgemm CUDA2 1.199334 159616 40
CPU16 44.778376 159577 sgemm sgemm CUDA0 1.298303 159617 40
CPU0 45.057621 159578 sgemm sgemm CUDA0 1.190940 159618 40
CPU0 45.075681 159579 sgemm sgemm CUDA3 1.301860 159619 40
CPU0 44.786926 159580 sgemm sgemm CUDA3 1.073870 159620 40
CPU19 45.000909 159581 sgemm sgemm CUDA1 1.215922 159621 40
CPU6 44.981187 159582 sgemm sgemm CUDA3 1.206891 159622 40
CPU13 45.241526 159583 sgemm sgemm CUDA1 1.067702 159623 40
CPU8 44.878277 159584 sgemm sgemm CUDA0 1.210807 159624 40
CPU3 44.663119 159585 sgemm sgemm CUDA2 0.039947 159625 40
CPU18 44.797313 159586 sgemm sgemm CUDA0 1.210515 159626 40
CPU13 45.220575 159587 sgemm sgemm CUDA1 1.016332 159627 40
CPU13 44.874374 159588 sgemm sgemm CUDA2 1.210090 159628 40
CPU14 24.878217 159589 ssyrk ssyrk CUDA0 0.669283 159629 40
CPU14 44.704734 159590 sgemm sgemm CUDA2 1.064338 159630 40
CPU14 44.702298 159591 sgemm sgemm CUDA2 1.066126 159631 40
CPU15 44.672076 159592 sgemm sgemm CUDA2 1.067396 159632 40
CPU14 44.970609 159593 sgemm sgemm CUDA2 1.068993 159633 40
CPU14 45.157065 159594 sgemm sgemm CUDA0 0.046252 159634 40
CPU15 44.706305 159595 sgemm sgemm CUDA0 0.068938 159635 40
CPU14 44.853314 159596 sgemm sgemm CUDA2 0.045293 159636 40
CPU8 44.827812 159597 sgemm sgemm CUDA1 1.065415 159637 40
CPU2 44.703402 159598 sgemm sgemm CUDA1 1.245088 159638 40
CPU14 44.780649 159599 sgemm sgemm CUDA0 1.065552 159639 40
CPU19 44.661009 159600 sgemm sgemm CUDA1 1.123744 159640 40
CPU2 44.680342 159601 sgemm sgemm CUDA2 1.078450 159641 40
CPU0 45.029942 159602 sgemm sgemm CUDA0 1.196010 159642 40
CPU1 45.017150 159603 sgemm sgemm CUDA2 1.260495 159643 40
CPU6 45.220233 159604 sgemm sgemm CUDA0 5.812968 159644 40
CPU19 44.740521 159605 sgemm sgemm CUDA1 14.537776 159645 40
CPU16 44.534933 159606 sgemm sgemm CUDA1 1.198592 159646 40
CPU18 44.646833 159607 sgemm sgemm CUDA2 1.203158 159647 40
CPU17 44.892009 159608 sgemm sgemm CUDA2 1.068558 159648 40
CPU8 44.729604 159609 sgemm sgemm CUDA2 1.065813 159649 40
CPU13 44.725193 159610 sgemm sgemm CUDA2 1.064362 159650 40
CPU15 44.280790 159611 sgemm sgemm CUDA0 1.205924 159651 40
CPU19 44.564736 159612 sgemm sgemm CUDA0 1.063371 159652 40
CPU16 44.833111 159613 sgemm sgemm CUDA2 1.083237 159653 40
CPU11 44.750010 159614 sgemm sgemm CUDA1 1.070068 159654 40
CPU12 44.731255 159615 sgemm sgemm CUDA0 0.064894 159655 40
CPU8 44.769413 159616 sgemm sgemm CUDA2 1.065479 159656 40
CPU10 44.945481 159617 sgemm sgemm CUDA1 1.191728 159657 40
CPU12 44.728966 159618 sgemm sgemm CUDA0 1.064315 159658 40
CPU16 44.693928 159619 sgemm sgemm CUDA2 1.369416 159659 40
CPU0 44.942144 159620 sgemm sgemm CUDA0 1.211907 159660 40
CPU0 45.386549 159621 sgemm sgemm CUDA1 1.144374 159661 40
CPU3 45.347592 159622 sgemm sgemm CUDA2 1.198973 159662 40
CPU0 25.240859 159623 ssyrk ssyrk CUDA2 0.681107 159663 40
CPU2 45.134709 159624 sgemm sgemm CUDA2 0.045830 159664 40
CPU15 44.622950 159625 sgemm sgemm CUDA2 1.205131 159665 40
CPU15 44.770588 159626 sgemm sgemm CUDA2 1.204208 159666 40
CPU18 44.754790 159627 sgemm sgemm CUDA3 12.466626 159667 40
CPU16 44.652027 159628 sgemm sgemm CUDA0 1.067648 159668 40
CPU4 45.237198 159629 sgemm sgemm CUDA2 1.369874 159669 40
CPU7 45.133129 159630 sgemm sgemm CUDA1 1.208318 159670 40
CPU8 44.874843 159631 sgemm sgemm CUDA1 1.064485 159671 40
CPU15 44.715195 159632 sgemm sgemm CUDA0 15.555968 159672 40
CPU15 44.691234 159633 sgemm sgemm CUDA1 1.216549 159673 40
CPU11 44.876564 159634 sgemm sgemm CUDA2 1.079774 159674 40
CPU5 44.500600 159635 sgemm sgemm CUDA1 1.067060 159675 40
CPU5 44.946868 159636 sgemm sgemm CUDA2 1.062932 159676 40
CPU6 45.859163 159637 sgemm sgemm CUDA0 1.064760 159677 40
CPU19 44.783015 159638 sgemm sgemm CUDA1 1.196956 159678 40
CPU16 44.699053 159639 sgemm sgemm CUDA2 1.062853 159679 40
CPU17 44.951905 159640 sgemm sgemm CUDA0 1.197179 159680 40
CPU17 44.935160 159641 sgemm sgemm CUDA3 1.067745 159681 40
CPU9 44.762749 159642 sgemm sgemm CUDA2 1.071642 159682 40
CPU13 45.135298 159643 sgemm sgemm CUDA2 1.066036 159683 40
CPU11 44.680709 159644 sgemm sgemm CUDA0 1.077223 159684 40
CPU1 44.720952 159645 sgemm sgemm CUDA1 5.692666 159685 40
CPU3 44.993788 159646 sgemm sgemm CUDA2 1.207966 159686 40
CPU4 44.867684 159647 sgemm sgemm CUDA2 1.201281 159687 40
CPU19 44.891571 159648 sgemm sgemm CUDA0 1.209842 159688 40
CPU5 44.999553 159649 sgemm sgemm CUDA2 1.211248 159689 40
CPU15 44.625286 159650 sgemm sgemm CUDA1 12.311535 159690 40
CPU17 44.936368 159651 sgemm sgemm CUDA0 1.075422 159691 40
CPU18 44.936465 159652 sgemm sgemm CUDA3 1.066960 159692 40
CPU8 45.077338 159653 sgemm sgemm CUDA0 1.085330 159693 40
CPU5 44.491268 159654 sgemm sgemm CUDA0 12.807682 159694 40
CPU9 45.023352 159655 sgemm sgemm CUDA1 1.196920 159695 40
CPU4 25.176870 159656 ssyrk ssyrk CUDA0 0.726687 159696 40
CPU15 44.650472 159657 sgemm sgemm CUDA3 1.206093 159697 40
CPU15 44.722443 159658 sgemm sgemm CUDA3 1.193834 159698 40
CPU18 44.751229 159659 sgemm sgemm CUDA0 0.143080 159699 40
CPU16 45.048923 159660 sgemm sgemm CUDA1 1.208107 159700 40
CPU2 45.178763 159661 sgemm sgemm CUDA3 1.198024 159701 40
CPU6 45.142612 159662 sgemm sgemm CUDA1 1.194042 159702 40
CPU0 44.969332 159663 sgemm sgemm CUDA1 0.269168 159703 40
CPU15 44.877439 159664 sgemm sgemm CUDA2 1.066075 159704 40
CPU6 45.974475 159665 sgemm sgemm CUDA1 1.259421 159705 40
CPU7 44.790237 159666 sgemm sgemm CUDA2 1.200936 159706 40
CPU1 44.663006 159667 sgemm sgemm CUDA1 1.203089 159707 40
CPU1 44.983132 159668 sgemm sgemm CUDA2 1.194661 159708 40
CPU6 44.947010 159669 sgemm sgemm CUDA1 1.078357 159709 40
CPU19 44.790521 159670 sgemm sgemm CUDA1 1.315225 159710 40
CPU4 44.900710 159671 sgemm sgemm CUDA1 1.067595 159711 40
CPU17 45.092254 159672 sgemm sgemm CUDA2 1.323506 159712 40
CPU17 44.987154 159673 sgemm sgemm CUDA3 1.192735 159713 40
CPU5 44.847498 159674 sgemm sgemm CUDA2 1.204732 159714 40
CPU13 45.099996 159675 sgemm sgemm CUDA3 1.212961 159715 40
CPU16 44.664772 159676 sgemm sgemm CUDA1 1.205432 159716 40
CPU10 44.750877 159677 sgemm sgemm CUDA1 0.045732 159717 40
CPU5 44.540943 159678 sgemm sgemm CUDA2 1.199540 159718 40
CPU9 44.459593 159679 sgemm sgemm CUDA3 0.041601 159719 40
CPU12 45.110561 159680 sgemm sgemm CUDA1 1.079163 159720 40
CPU6 44.789165 159681 sgemm sgemm CUDA3 1.078934 159721 40
CPU11 44.953644 159682 sgemm sgemm CUDA1 0.039564 159722 40
CPU10 44.944908 159683 sgemm sgemm CUDA1 1.208938 159723 40
CPU18 45.100118 159684 sgemm sgemm CUDA3 0.040465 159724 40
CPU17 44.882800 159685 sgemm sgemm CUDA3 1.194236 159725 40
CPU8 44.574592 159686 sgemm sgemm CUDA1 1.144813 159726 40
CPU16 45.666581 159687 sgemm sgemm CUDA1 1.063121 159727 40
CPU14 24.847926 159688 ssyrk ssyrk CPU -1 159728 40
CPU15 44.839647 159689 sgemm sgemm CUDA3 1.208469 159729 40
CPU14 44.971542 159690 sgemm sgemm CUDA3 1.065849 159730 40
CPU15 44.824314 159691 sgemm sgemm CUDA1 1.206659 159731 40
CPU14 44.680859 159692 sgemm sgemm CUDA3 1.197308 159732 40
CPU14 44.784696 159693 sgemm sgemm CUDA3 1.068921 159733 40
CPU9 45.005530 159694 sgemm sgemm CUDA1 1.062294 159734 40
CPU14 44.783662 159695 sgemm sgemm CUDA3 0.039776 159735 40
CPU2 44.995985 159696 sgemm sgemm CUDA1 1.074172 159736 40
CPU3 45.012715 159697 sgemm sgemm CUDA2 1.300154 159737 40
CPU6 44.770633 159698 sgemm sgemm CUDA1 12.370569 159738 40
CPU4 44.891331 159699 sgemm sgemm CUDA3 1.208759 159739 40
CPU4 45.099264 159700 sgemm sgemm CUDA1 0.040436 159740 40
CPU19 44.858494 159701 sgemm sgemm CUDA3 1.065989 159741 40
CPU9 44.940187 159702 sgemm sgemm CUDA2 1.068140 159742 40
CPU1 44.719500 159703 sgemm sgemm CUDA3 1.209766 159743 40
CPU17 45.024058 159704 sgemm sgemm CUDA2 1.206813 159744 40
CPU5 45.152315 159705 sgemm sgemm CUDA3 1.064434 159745 40
CPU13 45.045213 159706 sgemm sgemm CUDA3 1.203133 159746 40
CPU16 44.502393 159707 sgemm sgemm CUDA1 1.066661 159747 40
CPU19 44.600221 159708 sgemm sgemm CUDA1 1.200231 159748 40
CPU3 44.809849 159709 sgemm sgemm CUDA2 1.201272 159749 40
CPU7 44.698317 159710 sgemm sgemm CUDA2 1.203489 159750 40
CPU19 44.746572 159711 sgemm sgemm CUDA2 12.301579 159751 40
CPU0 45.484523 159712 sgemm sgemm CUDA3 1.065340 159752 40
CPU12 45.111070 159713 sgemm sgemm CUDA1 1.203424 159753 40
CPU8 44.967123 159714 sgemm sgemm CUDA1 1.204007 159754 40
CPU19 45.047914 159715 sgemm sgemm CUDA1 12.155037 159755 40
CPU4 45.027848 159716 sgemm sgemm CUDA3 1.067458 159756 40
CPU11 44.722576 159717 sgemm sgemm CUDA1 1.150314 159757 40
CPU1 44.784051 159718 sgemm sgemm CUDA1 1.209862 159758 40
CPU15 24.640753 159719 ssyrk ssyrk CPU -1 159759 40
CPU8 44.702198 159720 sgemm sgemm CUDA3 1.068375 159760 40
CPU17 44.963293 159721 sgemm sgemm CUDA0 1.083155 159761 40
CPU5 45.121577 159722 sgemm sgemm CUDA3 1.065712 159762 40
CPU7 45.151369 159723 sgemm sgemm CUDA3 1.208824 159763 40
CPU7 44.800081 159724 sgemm sgemm CUDA0 12.423200 159764 40
CPU15 44.733754 159725 sgemm sgemm CUDA2 1.080810 159765 40
CPU10 44.582108 159726 sgemm sgemm CUDA3 1.193983 159766 40
CPU0 44.858297 159727 sgemm sgemm CUDA2 1.061741 159767 40
CPU17 44.714901 159728 sgemm sgemm CUDA0 0.040418 159768 40
CPU0 44.675143 159729 sgemm sgemm CUDA0 1.195918 159769 40
CPU9 44.585694 159730 sgemm sgemm CUDA0 1.208206 159770 40
CPU19 44.931097 159731 sgemm sgemm CUDA3 1.066817 159771 40
CPU14 44.923640 159732 sgemm sgemm CUDA2 1.209102 159772 40
CPU7 44.888340 159733 sgemm sgemm CUDA0 1.063841 159773 40
CPU17 44.937769 159734 sgemm sgemm CUDA2 1.064730 159774 40
CPU7 45.238937 159735 sgemm sgemm CUDA3 1.079225 159775 40
CPU13 44.965882 159736 sgemm sgemm CUDA3 12.313914 159776 40
CPU16 44.920017 159737 sgemm sgemm CUDA0 1.065839 159777 40
CPU19 44.632962 159738 sgemm sgemm CUDA0 1.069395 159778 40
CPU5 44.662293 159739 sgemm sgemm CUDA2 1.063561 159779 40
CPU6 44.862773 159740 sgemm sgemm CUDA2 1.205414 159780 40
CPU16 44.768216 159741 sgemm sgemm CUDA0 1.066803 159781 40
CPU1 44.932829 159742 sgemm sgemm CUDA3 0.044631 159782 40
CPU19 44.783713 159743 sgemm sgemm CUDA2 12.289116 159783 40
CPU10 44.871717 159744 sgemm sgemm CUDA1 1.201037 159784 40
CPU13 44.705926 159745 sgemm sgemm CUDA1 1.076092 159785 40
CPU13 44.987218 159746 sgemm sgemm CUDA0 1.063488 159786 40
CPU17 45.041112 159747 sgemm sgemm CUDA0 0.061854 159787 40
CPU13 44.818901 159748 sgemm sgemm CUDA2 1.210031 159788 40
CPU16 24.716915 159749 ssyrk ssyrk CUDA3 5.780034 159789 40
CPU17 44.796742 159750 sgemm sgemm CUDA3 0.063216 159790 40
CPU9 44.790340 159751 sgemm sgemm CUDA3 1.066086 159791 40
CPU9 44.788547 159752 sgemm sgemm CUDA0 1.309759 159792 40
CPU1 44.365146 159753 sgemm sgemm CUDA3 0.049237 159793 40
CPU15 44.722897 159754 sgemm sgemm CUDA3 1.195165 159794 40
CPU18 44.542700 159755 sgemm sgemm CUDA3 1.196138 159795 40
CPU0 44.806555 159756 sgemm sgemm CUDA0 1.069543 159796 40
CPU10 44.891718 159757 sgemm sgemm CUDA3 1.300358 159797 40
CPU6 44.857327 159758 sgemm sgemm CUDA3 1.068005 159798 40
CPU6 44.991788 159759 sgemm sgemm CUDA3 1.082873 159799 40
CPU19 44.905631 159760 sgemm sgemm CUDA3 1.209347 159800 40
CPU11 44.837073 159761 sgemm sgemm CUDA3 1.196534 159801 40
CPU12 45.222687 159762 sgemm sgemm CUDA0 1.057651 159802 40
CPU17 45.120709 159763 sgemm sgemm CUDA3 1.196880 159803 40
CPU5 44.843886 159764 sgemm sgemm CUDA3 1.207960 159804 40
CPU13 44.985099 159765 sgemm sgemm CUDA1 1.295719 159805 40
CPU2 44.942683 159766 sgemm sgemm CUDA0 3.817584 159806 40
CPU2 44.790810 159767 sgemm sgemm CUDA1 1.259281 159807 40
CPU12 45.082726 159768 sgemm sgemm CUDA3 1.206630 159808 40
CPU4 44.685983 159769 sgemm sgemm CUDA3 1.194596 159809 40
CPU17 44.674563 159770 sgemm sgemm CUDA0 1.211166 159810 40
CPU1 44.835261 159771 sgemm sgemm CUDA3 1.067187 159811 40
CPU13 45.258317 159772 sgemm sgemm CUDA1 1.395099 159812 40
CPU8 44.728425 159773 sgemm sgemm CUDA1 1.062891 159813 40
CPU3 44.776876 159774 sgemm sgemm CUDA3 1.083083 159814 40
CPU1 44.761537 159775 sgemm sgemm CUDA0 1.198596 159815 40
CPU8 44.478166 159776 sgemm sgemm CUDA1 1.133307 159816 40
CPU13 44.904077 159777 sgemm sgemm CUDA1 13.055528 159817 40
CPU15 24.570259 159778 ssyrk ssyrk CUDA1 0.684867 159818 40
CPU15 44.458722 159779 sgemm sgemm CUDA3 1.065971 159819 40
CPU16 44.759941 159780 sgemm sgemm CUDA1 1.064425 159820 40
CPU9 44.961481 159781 sgemm sgemm CUDA1 1.074340 159821 40
CPU14 44.885395 159782 sgemm sgemm CUDA3 1.064768 159822 40
CPU19 44.857863 159783 sgemm sgemm CUDA1 12.987975 159823 40
CPU5 44.566793 159784 sgemm sgemm CUDA0 2.784997 159824 40
CPU10 44.994945 159785 sgemm sgemm CUDA1 1.082769 159825 40
CPU2 44.692655 159786 sgemm sgemm CUDA3 1.207078 159826 40
CPU4 44.959164 159787 sgemm sgemm CUDA1 1.192368 159827 40
CPU19 44.835310 159788 sgemm sgemm CUDA3 1.067123 159828 40
CPU16 44.638961 159789 sgemm sgemm CUDA1 1.084819 159829 40
CPU9 44.810671 159790 sgemm sgemm CUDA1 1.269749 159830 40
CPU17 45.014241 159791 sgemm sgemm CUDA0 1.065721 159831 40
CPU4 44.880369 159792 sgemm sgemm CUDA3 1.068253 159832 40
CPU13 44.887893 159793 sgemm sgemm CUDA3 1.205887 159833 40
CPU16 44.576694 159794 sgemm sgemm CUDA0 0.043010 159834 40
CPU19 44.798491 159795 sgemm sgemm CUDA0 1.203109 159835 40
CPU9 44.792656 159796 sgemm sgemm CUDA3 1.064885 159836 40
CPU4 44.911234 159797 sgemm sgemm CUDA1 1.220155 159837 40
CPU12 44.846320 159798 sgemm sgemm CUDA1 1.089717 159838 40
CPU19 44.867105 159799 sgemm sgemm CUDA3 1.204217 159839 40
CPU11 44.716599 159800 sgemm sgemm CUDA1 1.197295 159840 40
CPU8 44.829511 159801 sgemm sgemm CUDA0 0.043740 159841 40
CPU10 44.963462 159802 sgemm sgemm CUDA1 1.078076 159842 40
CPU13 45.010956 159803 sgemm sgemm CUDA0 1.197563 159843 40
CPU19 45.176049 159804 sgemm sgemm CUDA1 12.934597 159844 40
CPU13 44.744656 159805 sgemm sgemm CUDA1 0.043962 159845 40
CPU6 25.296919 159806 ssyrk ssyrk CPU -1 159846 40
CPU11 44.935550 159807 sgemm sgemm CUDA3 12.298203 159847 40
CPU8 44.874793 159808 sgemm sgemm CUDA2 1.374489 159848 40
CPU15 44.611662 159809 sgemm sgemm CUDA3 0.041865 159849 40
CPU3 45.087638 159810 sgemm sgemm CUDA3 1.259346 159850 40
CPU9 44.639794 159811 sgemm sgemm CUDA2 1.080784 159851 40
CPU7 44.559055 159812 sgemm sgemm CUDA3 1.137409 159852 40
CPU2 44.710894 159813 sgemm sgemm CUDA2 12.828234 159853 40
CPU4 45.213847 159814 sgemm sgemm CUDA3 1.010805 159854 40
CPU19 44.798263 159815 sgemm sgemm CUDA3 1.011353 159855 40
CPU16 44.713816 159816 sgemm sgemm CUDA2 0.040725 159856 40
CPU0 45.201702 159817 sgemm sgemm CUDA3 1.076788 159857 40
CPU17 45.031118 159818 sgemm sgemm CUDA0 1.299342 159858 40
CPU0 45.248814 159819 sgemm sgemm CUDA2 1.320267 159859 40
CPU12 44.948722 159820 sgemm sgemm CUDA3 1.140916 159860 40
CPU16 44.703160 159821 sgemm sgemm CUDA0 1.196403 159861 40
CPU19 44.991821 159822 sgemm sgemm CUDA0 1.192225 159862 40
CPU1 44.930928 159823 sgemm sgemm CUDA3 1.130855 159863 40
CPU1 44.919763 159824 sgemm sgemm CUDA2 1.205553 159864 40
CPU19 44.831137 159825 sgemm sgemm CUDA2 1.067150 159865 40
CPU0 45.554913 159826 sgemm sgemm CUDA2 1.068964 159866 40
CPU13 44.991856 159827 sgemm sgemm CUDA3 1.152689 159867 40
CPU11 44.858718 159828 sgemm sgemm CUDA0 1.066479 159868 40
CPU18 44.869860 159829 sgemm sgemm CUDA0 1.065523 159869 40
CPU7 44.864493 159830 sgemm sgemm CUDA0 1.198318 159870 40
CPU2 44.754102 159831 sgemm sgemm CUDA2 1.199453 159871 40
CPU18 44.844899 159832 sgemm sgemm CUDA3 12.113639 159872 40
CPU8 24.864636 159833 ssyrk ssyrk CPU -1 159873 40
CPU0 45.210238 159834 sgemm sgemm CUDA1 1.066442 159874 40
CPU14 44.739075 159835 sgemm sgemm CUDA1 1.209859 159875 40
CPU11 44.593435 159836 sgemm sgemm CUDA3 0.043890 159876 40
CPU8 44.545860 159837 sgemm sgemm CUDA0 1.081209 159877 40
CPU5 44.616240 159838 sgemm sgemm CUDA1 1.203342 159878 40
CPU12 45.465635 159839 sgemm sgemm CUDA1 12.046972 159879 40
CPU5 44.588898 159840 sgemm sgemm CUDA1 1.451322 159880 40
CPU19 44.743608 159841 sgemm sgemm CUDA3 1.368694 159881 40
CPU11 44.681150 159842 sgemm sgemm CUDA1 1.063036 159882 40
CPU10 44.941804 159843 sgemm sgemm CUDA1 1.065799 159883 40
CPU17 45.001349 159844 sgemm sgemm CUDA3 1.192191 159884 40
CPU5 45.029618 159845 sgemm sgemm CUDA3 1.083358 159885 40
CPU13 44.819419 159846 sgemm sgemm CUDA1 1.067410 159886 40
CPU18 44.605658 159847 sgemm sgemm CUDA2 1.198192 159887 40
CPU11 44.940497 159848 sgemm sgemm CUDA0 1.206168 159888 40
CPU9 44.613989 159849 sgemm sgemm CUDA3 1.067558 159889 40
CPU1 44.865459 159850 sgemm sgemm CUDA1 1.065753 159890 40
CPU0 45.477671 159851 sgemm sgemm CUDA1 1.191534 159891 40
CPU3 45.077531 159852 sgemm sgemm CUDA2 1.067072 159892 40
CPU0 45.395423 159853 sgemm sgemm CUDA2 1.211600 159893 40
CPU7 45.115837 159854 sgemm sgemm CUDA2 1.060597 159894 40
CPU6 45.420600 159855 sgemm sgemm CUDA2 1.210485 159895 40
CPU5 45.094520 159856 sgemm sgemm CUDA3 1.453174 159896 40
CPU7 44.952432 159857 sgemm sgemm CUDA2 1.077932 159897 40
CPU0 45.324837 159858 sgemm sgemm CUDA2 1.203450 159898 40
CPU8 24.727177 159859 ssyrk ssyrk CUDA1 1.031162 159899 40
CPU7 45.199418 159860 sgemm sgemm CUDA1 1.194683 159900 40
CPU4 45.100846 159861 sgemm sgemm CUDA1 12.351172 159901 40
CPU11 44.569427 159862 sgemm sgemm CUDA0 11.924226 159902 40
CPU2 44.633603 159863 sgemm sgemm CUDA1 1.080568 159903 40
CPU0 45.146450 159864 sgemm sgemm CUDA2 1.300405 159904 40
CPU7 44.972543 159865 sgemm sgemm CUDA0 11.893350 159905 40
CPU17 44.761796 159866 sgemm sgemm CUDA0 1.195939 159906 40
CPU10 44.755530 159867 sgemm sgemm CUDA1 1.217252 159907 40
CPU1 44.769292 159868 sgemm sgemm CUDA0 1.206708 159908 40
CPU17 45.009024 159869 sgemm sgemm CUDA0 0.056724 159909 40
CPU3 45.142005 159870 sgemm sgemm CUDA1 0.041509 159910 40
CPU11 44.658193 159871 sgemm sgemm CUDA1 1.210785 159911 40
CPU12 44.776474 159872 sgemm sgemm CUDA0 1.272854 159912 40
CPU11 44.639030 159873 sgemm sgemm CUDA1 0.042943 159913 40
CPU4 44.855249 159874 sgemm sgemm CUDA0 1.081771 159914 40
CPU1 44.961067 159875 sgemm sgemm CUDA1 0.052553 159915 40
CPU16 44.586589 159876 sgemm sgemm CUDA0 1.315003 159916 40
CPU9 45.102453 159877 sgemm sgemm CUDA1 1.205544 159917 40
CPU18 44.596654 159878 sgemm sgemm CUDA1 1.210819 159918 40
CPU8 44.917072 159879 sgemm sgemm CUDA1 1.193377 159919 40
CPU2 45.050725 159880 sgemm sgemm CUDA1 12.084296 159920 40
CPU9 44.744885 159881 sgemm sgemm CUDA3 1.075176 159921 40
CPU7 44.986595 159882 sgemm sgemm CUDA0 1.331136 159922 40
CPU9 45.215445 159883 sgemm sgemm CUDA0 1.206088 159923 40
CPU14 25.101796 159884 ssyrk ssyrk CPU -1 159924 40
CPU15 44.621309 159885 sgemm sgemm CUDA0 1.204015 159925 40
CPU14 44.892652 159886 sgemm sgemm CUDA0 1.201079 159926 40
CPU3 44.315710 159887 sgemm sgemm CUDA0 1.194236 159927 40
CPU15 44.701287 159888 sgemm sgemm CUDA2 1.208565 159928 40
CPU7 44.938808 159889 sgemm sgemm CUDA1 1.192108 159929 40
CPU19 44.865565 159890 sgemm sgemm CUDA3 12.220724 159930 40
CPU8 45.074179 159891 sgemm sgemm CUDA2 12.160549 159931 40
CPU17 44.762703 159892 sgemm sgemm CUDA2 0.047196 159932 40
CPU17 45.095384 159893 sgemm sgemm CUDA3 1.303587 159933 40
CPU0 45.311958 159894 sgemm sgemm CUDA2 1.068789 159934 40
CPU13 44.925050 159895 sgemm sgemm CUDA1 1.303081 159935 40
CPU16 44.455133 159896 sgemm sgemm CUDA0 1.082853 159936 40
CPU19 44.836441 159897 sgemm sgemm CUDA1 1.065558 159937 40
CPU9 44.760027 159898 sgemm sgemm CUDA3 1.066291 159938 40
CPU12 45.090763 159899 sgemm sgemm CUDA1 1.207714 159939 40
CPU17 44.531582 159900 sgemm sgemm CUDA0 1.068737 159940 40
CPU18 44.430154 159901 sgemm sgemm CUDA0 1.068295 159941 40
CPU17 44.807828 159902 sgemm sgemm CUDA0 1.078351 159942 40
CPU8 44.961631 159903 sgemm sgemm CUDA0 12.310477 159943 40
CPU17 44.829409 159904 sgemm sgemm CUDA0 0.042485 159944 40
CPU16 44.599068 159905 sgemm sgemm CUDA1 0.040913 159945 40
CPU16 44.914305 159906 sgemm sgemm CUDA0 1.143532 159946 40
CPU19 44.475305 159907 sgemm sgemm CUDA0 1.060419 159947 40
CPU0 25.174500 159908 ssyrk ssyrk CUDA0 0.668681 159948 40
CPU1 44.884020 159909 sgemm sgemm CUDA0 1.199167 159949 40
CPU11 44.707833 159910 sgemm sgemm CUDA0 1.203839 159950 40
CPU6 45.048522 159911 sgemm sgemm CUDA0 1.205051 159951 40
CPU6 44.928340 159912 sgemm sgemm CUDA0 0.062234 159952 40
CPU19 45.423393 159913 sgemm sgemm CUDA3 1.067448 159953 40
CPU16 45.534525 159914 sgemm sgemm CUDA1 1.324215 159954 40
CPU11 44.662145 159915 sgemm sgemm CUDA3 1.078801 159955 40
CPU17 45.120414 159916 sgemm sgemm CUDA0 1.309486 159956 40
CPU5 45.004397 159917 sgemm sgemm CUDA1 1.308460 159957 40
CPU13 44.768108 159918 sgemm sgemm CUDA0 1.062752 159958 40
CPU10 44.936218 159919 sgemm sgemm CUDA0 1.211573 159959 40
CPU0 45.569462 159920 sgemm sgemm CUDA0 1.079831 159960 40
CPU3 45.279444 159921 sgemm sgemm CUDA3 1.196456 159961 40
CPU3 44.573544 159922 sgemm sgemm CUDA3 1.077764 159962 40
CPU12 44.782927 159923 sgemm sgemm CUDA0 1.338698 159963 40
CPU1 45.030665 159924 sgemm sgemm CUDA3 24.054131 159964 40
CPU13 45.020112 159925 sgemm sgemm CUDA0 1.212247 159965 40
CPU13 44.726773 159926 sgemm sgemm CUDA1 1.205459 159966 40
CPU10 44.883574 159927 sgemm sgemm CUDA3 1.076871 159967 40
CPU0 45.473500 159928 sgemm sgemm CUDA1 1.503557 159968 40
CPU12 45.094415 159929 sgemm sgemm CUDA0 1.068850 159969 40
CPU12 44.546420 159930 sgemm sgemm CUDA1 1.298418 159970 40
CPU0 24.957965 159931 ssyrk ssyrk CUDA3 0.676125 159971 40
CPU9 44.739899 159932 sgemm sgemm CUDA3 1.082286 159972 40
CPU5 44.587489 159933 sgemm sgemm CUDA2 1.189938 159973 40
CPU1 44.653055 159934 sgemm sgemm CUDA0 1.323331 159974 40
CPU19 44.805410 159935 sgemm sgemm CUDA3 1.074009 159975 40
CPU16 44.710657 159936 sgemm sgemm CUDA2 1.069321 159976 40
CPU17 45.034556 159937 sgemm sgemm CUDA3 1.196655 159977 40
CPU17 45.246993 159938 sgemm sgemm CUDA3 1.302573 159978 40
CPU3 45.042393 159939 sgemm sgemm CUDA3 1.078601 159979 40
CPU13 44.857885 159940 sgemm sgemm CUDA0 1.066941 159980 40
CPU16 44.682766 159941 sgemm sgemm CUDA2 1.080868 159981 40
CPU19 45.003457 159942 sgemm sgemm CUDA0 13.004514 159982 40
CPU17 45.195236 159943 sgemm sgemm CUDA3 1.195713 159983 40
CPU12 45.119088 159944 sgemm sgemm CUDA3 1.076441 159984 40
CPU19 44.931984 159945 sgemm sgemm CUDA2 1.062224 159985 40
CPU1 44.989045 159946 sgemm sgemm CUDA2 1.067216 159986 40
CPU13 45.683242 159947 sgemm sgemm CUDA0 1.206875 159987 40
CPU18 44.859678 159948 sgemm sgemm CUDA3 12.736685 159988 40
CPU11 44.674068 159949 sgemm sgemm CUDA3 1.213289 159989 40
CPU9 44.856581 159950 sgemm sgemm CUDA0 1.192326 159990 40
CPU6 44.655357 159951 sgemm sgemm CUDA2 1.068279 159991 40
CPU15 44.790243 159952 sgemm sgemm CUDA2 5.201997 159992 40
CPU3 24.307172 159953 ssyrk ssyrk CUDA1 0.723922 159993 40
CPU11 44.696166 159954 sgemm sgemm CUDA0 1.063511 159994 40
CPU1 44.977031 159955 sgemm sgemm CUDA1 1.078790 159995 40
CPU12 44.753686 159956 sgemm sgemm CUDA0 1.066098 159996 40
CPU11 44.753980 159957 sgemm sgemm CUDA1 1.212977 159997 40
CPU0 45.165526 159958 sgemm sgemm CUDA3 1.188064 159998 40
CPU17 45.335396 159959 sgemm sgemm CUDA0 1.066884 159999 40
CPU5 44.815716 159960 sgemm sgemm CUDA1 1.077950 160000 40
CPU13 44.863425 159961 sgemm sgemm CUDA0 0.039457 160001 40
CPU16 44.608669 159962 sgemm sgemm CUDA2 1.065730 160002 40
CPU19 44.940645 159963 sgemm sgemm CUDA1 1.062149 160003 40
CPU4 44.600526 159964 sgemm sgemm CUDA2 1.061400 160004 40
CPU5 44.616145 159965 sgemm sgemm CUDA2 1.206922 160005 40
CPU15 44.514152 159966 sgemm sgemm CUDA1 1.138744 160006 40
CPU7 44.933129 159967 sgemm sgemm CUDA2 1.205069 160007 40
CPU12 44.787031 159968 sgemm sgemm CUDA0 1.081510 160008 40
CPU15 44.648176 159969 sgemm sgemm CUDA3 1.191869 160009 40
CPU14 44.861682 159970 sgemm sgemm CUDA3 1.064480 160010 40
CPU15 44.610445 159971 sgemm sgemm CUDA1 1.064973 160011 40
CPU15 44.868832 159972 sgemm sgemm CUDA1 0.043199 160012 40
CPU4 45.928342 159973 sgemm sgemm CUDA0 1.208796 160013 40
CPU17 24.882372 159974 ssyrk ssyrk CUDA2 0.697067 160014 40
CPU5 44.737105 159975 sgemm sgemm CUDA1 1.082693 160015 40
CPU19 45.466965 159976 sgemm sgemm CUDA0 1.210768 160016 40
CPU12 44.899597 159977 sgemm sgemm CUDA2 1.064097 160017 40
CPU8 44.665581 159978 sgemm sgemm CUDA0 1.063712 160018 40
CPU17 45.102921 159979 sgemm sgemm CUDA2 12.291488 160019 40
CPU1 44.968370 159980 sgemm sgemm CUDA2 1.070800 160020 40
CPU13 44.791513 159981 sgemm sgemm CUDA1 1.065189 160021 40
CPU14 44.869673 159982 sgemm sgemm CUDA2 1.066205 160022 40
CPU12 44.912373 159983 sgemm sgemm CUDA1 1.068371 160023 40
CPU4 44.956560 159984 sgemm sgemm CUDA3 12.176587 160024 40
CPU5 44.689359 159985 sgemm sgemm CUDA1 1.192126 160025 40
CPU18 44.474445 159986 sgemm sgemm CUDA2 1.066846 160026 40
CPU9 45.055927 159987 sgemm sgemm CUDA2 0.045613 160027 40
CPU17 44.668674 159988 sgemm sgemm CUDA1 1.067904 160028 40
CPU16 44.703095 159989 sgemm sgemm CUDA0 1.302230 160029 40
CPU15 44.721858 159990 sgemm sgemm CUDA1 1.064859 160030 40
CPU18 44.858524 159991 sgemm sgemm CUDA1 1.206143 160031 40
CPU18 45.003930 159992 sgemm sgemm CUDA2 1.009369 160032 40
CPU14 44.562949 159993 sgemm sgemm CUDA1 1.209757 160033 40
CPU4 25.018127 159994 ssyrk ssyrk CUDA3 0.695827 160034 40
CPU19 45.566895 159995 sgemm sgemm CUDA0 1.204476 160035 40
CPU16 44.811861 159996 sgemm sgemm CUDA1 1.099438 160036 40
CPU17 44.951695 159997 sgemm sgemm CUDA1 11.043350 160037 40
CPU17 45.117746 159998 sgemm sgemm CUDA2 1.317408 160038 40
CPU1 44.991711 159999 sgemm sgemm CUDA2 1.195330 160039 40
CPU13 44.943455 160000 sgemm sgemm CUDA2 1.084802 160040 40
CPU16 44.444384 160001 sgemm sgemm CUDA1 1.079832 160041 40
CPU19 44.986844 160002 sgemm sgemm CUDA1 1.192982 160042 40
CPU5 44.566927 160003 sgemm sgemm CUDA2 1.081045 160043 40
CPU7 44.921725 160004 sgemm sgemm CUDA1 1.062818 160044 40
CPU16 44.298351 160005 sgemm sgemm CUDA1 1.542825 160045 40
CPU8 44.966472 160006 sgemm sgemm CUDA2 1.063992 160046 40
CPU13 45.026400 160007 sgemm sgemm CUDA1 1.211191 160047 40
CPU6 45.187691 160008 sgemm sgemm CUDA1 1.077830 160048 40
CPU8 45.100985 160009 sgemm sgemm CUDA1 1.192715 160049 40
CPU7 45.117044 160010 sgemm sgemm CUDA1 1.066592 160050 40
CPU16 44.882829 160011 sgemm sgemm CUDA1 1.299874 160051 40
CPU19 44.746519 160012 sgemm sgemm CUDA0 1.201632 160052 40
CPU19 25.110736 160013 ssyrk ssyrk CUDA0 0.683718 160053 40
CPU19 45.058560 160014 sgemm sgemm CUDA3 12.425903 160054 40
CPU19 45.057195 160015 sgemm sgemm CUDA0 1.209515 160055 40
CPU17 45.061946 160016 sgemm sgemm CUDA2 1.207880 160056 40
CPU4 44.979285 160017 sgemm sgemm CUDA3 1.210930 160057 40
CPU13 44.845592 160018 sgemm sgemm CUDA2 1.201329 160058 40
CPU16 44.530229 160019 sgemm sgemm CUDA0 1.204054 160059 40
CPU19 44.874229 160020 sgemm sgemm CUDA0 7.329883 160060 40
CPU7 44.750246 160021 sgemm sgemm CUDA3 0.047459 160061 40
CPU6 44.955723 160022 sgemm sgemm CUDA2 0.041344 160062 40
CPU17 44.582066 160023 sgemm sgemm CUDA1 1.205414 160063 40
CPU9 45.258040 160024 sgemm sgemm CUDA3 1.066829 160064 40
CPU18 44.808697 160025 sgemm sgemm CUDA0 1.065607 160065 40
CPU3 44.934539 160026 sgemm sgemm CUDA1 0.040572 160066 40
CPU8 44.911888 160027 sgemm sgemm CUDA0 1.084150 160067 40
CPU9 45.095133 160028 sgemm sgemm CUDA0 1.063532 160068 40
CPU13 45.177324 160029 sgemm sgemm CUDA0 1.213353 160069 40
CPU18 44.558269 160030 sgemm sgemm CUDA2 0.040938 160070 40
CPU6 24.924602 160031 ssyrk ssyrk CUDA3 0.074394 160071 40
CPU3 44.819612 160032 sgemm sgemm CUDA2 6.106682 160072 40
CPU17 44.890322 160033 sgemm sgemm CUDA3 1.208603 160073 40
CPU5 44.718284 160034 sgemm sgemm CUDA1 1.200878 160074 40
CPU13 45.072219 160035 sgemm sgemm CUDA2 1.210410 160075 40
CPU11 44.773604 160036 sgemm sgemm CUDA0 1.204753 160076 40
CPU1 44.899416 160037 sgemm sgemm CUDA1 1.066104 160077 40
CPU10 45.056400 160038 sgemm sgemm CUDA3 1.310688 160078 40
CPU18 44.936409 160039 sgemm sgemm CUDA3 1.209616 160079 40
CPU12 44.803082 160040 sgemm sgemm CUDA2 1.072392 160080 40
CPU1 45.170735 160041 sgemm sgemm CUDA3 1.202536 160081 40
CPU13 45.380270 160042 sgemm sgemm CUDA0 12.283474 160082 40
CPU1 45.098211 160043 sgemm sgemm CUDA0 1.067557 160083 40
CPU15 45.172878 160044 sgemm sgemm CUDA2 1.080844 160084 40
CPU2 44.561883 160045 sgemm sgemm CUDA0 1.194449 160085 40
CPU11 45.100639 160046 sgemm sgemm CUDA3 0.042285 160086 40
CPU11 44.719988 160047 sgemm sgemm CUDA1 1.065230 160087 40
CPU7 24.877000 160048 ssyrk ssyrk CUDA1 0.683173 160088 40
CPU17 44.908469 160049 sgemm sgemm CUDA2 1.075394 160089 40
CPU2 44.663602 160050 sgemm sgemm CUDA3 1.194364 160090 40
CPU9 44.607830 160051 sgemm sgemm CUDA1 1.204153 160091 40
CPU11 44.543752 160052 sgemm sgemm CUDA0 1.066397 160092 40
CPU11 44.583252 160053 sgemm sgemm CUDA2 1.067865 160093 40
CPU18 44.835841 160054 sgemm sgemm CUDA0 1.208236 160094 40
CPU10 44.977399 160055 sgemm sgemm CUDA3 1.068691 160095 40
CPU19 44.855627 160056 sgemm sgemm CUDA1 1.220344 160096 40
CPU15 44.634586 160057 sgemm sgemm CUDA1 1.066355 160097 40
CPU8 45.038754 160058 sgemm sgemm CUDA1 1.064816 160098 40
CPU4 45.057249 160059 sgemm sgemm CUDA1 1.318400 160099 40
CPU6 45.117437 160060 sgemm sgemm CUDA1 1.202931 160100 40
CPU13 44.760417 160061 sgemm sgemm CUDA3 1.065164 160101 40
CPU13 45.097087 160062 sgemm sgemm CUDA2 1.009080 160102 40
CPU12 44.986585 160063 sgemm sgemm CUDA1 1.067345 160103 40
CPU17 25.125988 160064 ssyrk ssyrk CUDA0 0.874956 160104 40
CPU17 44.857342 160065 sgemm sgemm CUDA2 12.421833 160105 40
CPU13 45.011990 160066 sgemm sgemm CUDA0 1.205782 160106 40
CPU6 45.089601 160067 sgemm sgemm CUDA0 1.194343 160107 40
CPU17 44.832916 160068 sgemm sgemm CUDA0 1.064708 160108 40
CPU17 45.139699 160069 sgemm sgemm CUDA0 1.194133 160109 40
CPU3 44.591599 160070 sgemm sgemm CUDA3 1.205414 160110 40
CPU15 44.541254 160071 sgemm sgemm CUDA0 1.074323 160111 40
CPU7 44.970041 160072 sgemm sgemm CUDA3 1.061879 160112 40
CPU2 44.997570 160073 sgemm sgemm CUDA0 0.047772 160113 40
CPU5 44.417709 160074 sgemm sgemm CUDA2 1.081099 160114 40
CPU17 44.841588 160075 sgemm sgemm CUDA2 1.206764 160115 40
CPU7 44.918022 160076 sgemm sgemm CUDA3 1.196839 160116 40
CPU4 44.597125 160077 sgemm sgemm CUDA2 1.204757 160117 40
CPU10 45.243360 160078 sgemm sgemm CUDA2 1.212236 160118 40
CPU4 25.219025 160079 ssyrk ssyrk CPU -1 160119 40
CPU13 44.873948 160080 sgemm sgemm CUDA1 1.065941 160120 40
CPU16 44.401411 160081 sgemm sgemm CUDA1 1.200640 160121 40
CPU5 45.074275 160082 sgemm sgemm CUDA1 1.063404 160122 40
CPU5 44.766169 160083 sgemm sgemm CUDA2 0.047867 160123 40
CPU0 44.581017 160084 sgemm sgemm CUDA2 1.290224 160124 40
CPU13 44.883293 160085 sgemm sgemm CUDA2 1.065319 160125 40
CPU8 44.537934 160086 sgemm sgemm CUDA1 1.197387 160126 40
CPU0 45.579915 160087 sgemm sgemm CUDA3 12.156259 160127 40
CPU13 44.566596 160088 sgemm sgemm CUDA2 1.205646 160128 40
CPU12 44.756325 160089 sgemm sgemm CUDA1 1.195090 160129 40
CPU11 45.018405 160090 sgemm sgemm CUDA2 1.189962 160130 40
CPU13 45.413539 160091 sgemm sgemm CUDA2 12.408663 160131 40
CPU13 44.838773 160092 sgemm sgemm CUDA2 1.065612 160132 40
CPU4 25.176500 160093 ssyrk ssyrk CUDA0 0.673080 160133 40
CPU19 44.693357 160094 sgemm sgemm CUDA1 1.078450 160134 40
CPU1 44.985916 160095 sgemm sgemm CUDA0 1.209023 160135 40
CPU10 44.957366 160096 sgemm sgemm CUDA3 1.063183 160136 40
CPU13 45.109734 160097 sgemm sgemm CUDA3 1.201770 160137 40
CPU18 44.491630 160098 sgemm sgemm CUDA0 1.074790 160138 40
CPU19 44.708341 160099 sgemm sgemm CUDA2 1.069275 160139 40
CPU7 44.913074 160100 sgemm sgemm CUDA1 1.195023 160140 40
CPU15 44.813175 160101 sgemm sgemm CUDA1 1.067613 160141 40
CPU15 44.958215 160102 sgemm sgemm CUDA3 1.201574 160142 40
CPU16 44.853079 160103 sgemm sgemm CUDA2 1.065781 160143 40
CPU17 45.293094 160104 sgemm sgemm CUDA2 0.043491 160144 40
CPU17 44.977779 160105 sgemm sgemm CUDA1 1.074255 160145 40
CPU3 25.161028 160106 ssyrk ssyrk CPU -1 160146 40
CPU15 44.775229 160107 sgemm sgemm CUDA1 1.074285 160147 40
CPU17 44.949906 160108 sgemm sgemm CUDA1 1.081046 160148 40
CPU2 44.701487 160109 sgemm sgemm CUDA2 1.064121 160149 40
CPU16 44.222816 160110 sgemm sgemm CUDA2 1.204085 160150 40
CPU2 45.010595 160111 sgemm sgemm CUDA0 1.196958 160151 40
CPU2 44.926870 160112 sgemm sgemm CUDA0 1.064832 160152 40
CPU2 44.879896 160113 sgemm sgemm CUDA1 1.065278 160153 40
CPU2 45.131136 160114 sgemm sgemm CUDA1 24.555276 160154 40
CPU2 45.116829 160115 sgemm sgemm CUDA1 1.419816 160155 40
CPU2 44.732148 160116 sgemm sgemm CUDA0 1.080738 160156 40
CPU9 45.287089 160117 sgemm sgemm CUDA0 1.071354 160157 40
CPU14 25.006146 160118 ssyrk ssyrk CUDA1 0.681726 160158 40
CPU19 44.972903 160119 sgemm sgemm CUDA0 1.080241 160159 40
CPU12 44.816276 160120 sgemm sgemm CUDA1 1.064232 160160 40
CPU17 44.382284 160121 sgemm sgemm CUDA2 1.196887 160161 40
CPU16 44.714618 160122 sgemm sgemm CUDA1 1.083239 160162 40
CPU17 44.870628 160123 sgemm sgemm CUDA2 0.047136 160163 40
CPU8 44.823994 160124 sgemm sgemm CUDA0 1.192860 160164 40
CPU14 44.844491 160125 sgemm sgemm CUDA0 1.070100 160165 40
CPU19 44.802265 160126 sgemm sgemm CUDA1 1.204719 160166 40
CPU6 45.174801 160127 sgemm sgemm CUDA2 1.353364 160167 40
CPU6 45.282807 160128 sgemm sgemm CUDA1 1.079473 160168 40
CPU7 24.916360 160129 ssyrk ssyrk CPU -1 160169 40
CPU8 44.449710 160130 sgemm sgemm CUDA1 1.068097 160170 40
CPU12 45.048407 160131 sgemm sgemm CUDA1 1.067445 160171 40
CPU18 44.559031 160132 sgemm sgemm CUDA1 12.299981 160172 40
CPU6 45.075908 160133 sgemm sgemm CUDA0 1.298398 160173 40
CPU2 44.457010 160134 sgemm sgemm CUDA1 0.041358 160174 40
CPU16 44.861622 160135 sgemm sgemm CUDA1 1.316652 160175 40
CPU10 44.777780 160136 sgemm sgemm CUDA0 12.045548 160176 40
CPU13 45.314104 160137 sgemm sgemm CUDA0 1.021013 160177 40
CPU19 45.074250 160138 sgemm sgemm CUDA1 1.194963 160178 40
CPU9 24.347222 160139 ssyrk ssyrk CUDA2 0.673694 160179 40
CPU19 45.127831 160140 sgemm sgemm CUDA2 12.136544 160180 40
CPU8 45.008086 160141 sgemm sgemm CUDA1 1.193301 160181 40
CPU4 45.658498 160142 sgemm sgemm CUDA2 1.315866 160182 40
CPU5 44.792325 160143 sgemm sgemm CUDA1 1.213423 160183 40
CPU6 44.942544 160144 sgemm sgemm CUDA2 12.190516 160184 40
CPU8 44.943583 160145 sgemm sgemm CUDA2 1.065202 160185 40
CPU5 44.440357 160146 sgemm sgemm CUDA2 1.134141 160186 40
CPU5 44.805442 160147 sgemm sgemm CUDA1 0.044960 160187 40
CPU9 24.597568 160148 ssyrk ssyrk CUDA2 0.679425 160188 40
CPU9 45.043835 160149 sgemm sgemm CUDA1 1.197386 160189 40
CPU6 45.051717 160150 sgemm sgemm CUDA0 1.079466 160190 40
CPU9 44.940336 160151 sgemm sgemm CUDA2 1.211051 160191 40
CPU6 44.951328 160152 sgemm sgemm CUDA2 0.039803 160192 40
CPU1 45.279331 160153 sgemm sgemm CUDA0 0.753602 160193 40
CPU5 44.528677 160154 sgemm sgemm CUDA1 1.069503 160194 40
CPU9 45.187922 160155 sgemm sgemm CUDA1 1.065823 160195 40
CPU8 25.126102 160156 ssyrk ssyrk CUDA3 0.675508 160196 40
CPU14 44.758639 160157 sgemm sgemm CUDA3 1.298057 160197 40
CPU15 44.743970 160158 sgemm sgemm CUDA1 1.194667 160198 40
CPU3 45.010137 160159 sgemm sgemm CUDA2 1.322151 160199 40
CPU1 45.502359 160160 sgemm sgemm CUDA2 1.068547 160200 40
CPU2 44.886689 160161 sgemm sgemm CUDA1 1.023201 160201 40
CPU4 45.204896 160162 sgemm sgemm CUDA0 16.788560 160202 40
CPU16 24.552407 160163 ssyrk ssyrk CPU -1 160203 40
CPU2 45.006889 160164 sgemm sgemm CUDA1 13.195282 160204 40
CPU5 44.916927 160165 sgemm sgemm CUDA3 1.209077 160205 40
CPU4 45.311912 160166 sgemm sgemm CUDA0 1.064568 160206 40
CPU0 45.301477 160167 sgemm sgemm CUDA3 1.247917 160207 40
CPU0 45.501964 160168 sgemm sgemm CUDA3 1.007822 160208 40
CPU5 24.903955 160169 ssyrk ssyrk CPU -1 160209 40
CPU1 44.692713 160170 sgemm sgemm CUDA1 1.063694 160210 40
CPU1 44.813942 160171 sgemm sgemm CUDA3 1.023283 160211 40
CPU2 44.546350 160172 sgemm sgemm CUDA3 1.137206 160212 40
CPU12 44.994725 160173 sgemm sgemm CUDA0 0.041752 160213 40
CPU11 24.471539 160174 ssyrk ssyrk CPU -1 160214 40
CPU17 45.007993 160175 sgemm sgemm CUDA1 1.204195 160215 40
CPU19 45.011261 160176 sgemm sgemm CUDA2 1.150562 160216 40
CPU15 44.876165 160177 sgemm sgemm CUDA1 1.206351 160217 40
CPU19 24.755529 160178 ssyrk ssyrk CPU -1 160218 40
CPU13 45.058143 160179 sgemm sgemm CUDA0 1.195762 160219 40
CPU11 44.507193 160180 sgemm sgemm CUDA3 1.154130 160220 40
CPU9 24.328884 160181 ssyrk ssyrk CPU -1 160221 40
CPU5 44.574386 160182 sgemm sgemm CUDA0 1.078307 160222 40
CPU19 24.970433 160183 ssyrk ssyrk CPU -1 160223 40
CPU12 30.969981 160186 strmm strmm CUDA2 0.032346 160226 40
CPU13 31.222262 160190 strmm strmm CUDA2 4.553144 160230 40
CPU3 31.065823 160194 strmm strmm CUDA1 4.233760 160234 40
CPU9 30.103652 160198 strmm strmm CUDA1 4.541014 160238 40
CPU16 31.049251 160202 strmm strmm CUDA1 16.049623 160242 40
CPU1 30.261006 160206 strmm strmm CUDA3 4.178589 160246 40
CPU17 30.805405 160210 strmm strmm CUDA0 0.032201 160250 40
CPU14 31.342234 160214 strmm strmm CUDA3 4.291278 160254 40
CPU13 30.535480 160218 strmm strmm CUDA0 0.031869 160258 40
CPU18 30.008385 160222 strmm strmm CUDA2 4.287021 160262 40
CPU13 30.273812 160226 strmm strmm CUDA0 15.137787 160266 40
CPU9 31.416927 160230 strmm strmm CUDA2 4.294788 160270 40
CPU19 30.251136 160234 strmm strmm CUDA2 0.029470 160274 40
CPU12 29.872504 160238 strmm strmm CUDA1 4.285472 160278 40
CPU15 30.534390 160242 strmm strmm CUDA2 4.237914 160282 40
CPU4 31.086551 160246 strmm strmm CUDA3 0.029946 160286 40
CPU12 30.145894 160250 strmm strmm CUDA2 15.735250 160290 40
CPU19 30.150302 160254 strmm strmm CUDA1 15.088021 160294 40
CPU18 29.922128 160258 strmm strmm CUDA0 4.551130 160298 40
CPU13 30.299386 160262 strmm strmm CUDA2 15.037659 160302 40
CPU12 31.146718 160266 strmm strmm CUDA1 0.028913 160306 40
CPU10 31.369359 160270 strmm strmm CUDA0 14.399635 160310 40
CPU13 30.239338 160274 strmm strmm CUDA1 0.028875 160314 40
CPU17 31.113258 160278 strmm strmm CUDA3 4.290760 160318 40
CPU9 31.320772 160282 strmm strmm CUDA2 15.056983 160322 40
CPU1 31.499952 160286 strmm strmm CUDA0 4.479236 160326 40
CPU19 31.231507 160290 strmm strmm CUDA3 15.016769 160330 40
CPU15 30.525811 160294 strmm strmm CUDA3 12.676288 160334 40
CPU16 30.125959 160298 strmm strmm CUDA2 4.581287 160338 40
CPU4 31.744468 160302 strmm strmm CUDA3 4.602045 160342 40
CPU2 31.065781 160306 strmm strmm CUDA0 15.065455 160346 40
CPU11 30.494282 160310 strmm strmm CUDA2 0.177478 160350 40
CPU13 30.782812 160314 strmm strmm CUDA0 4.288620 160354 40
CPU11 29.766675 160318 strmm strmm CUDA1 4.597655 160358 40
CPU5 30.015182 160322 strmm strmm CUDA0 0.044049 160362 40
CPU5 31.562489 160326 strmm strmm CUDA0 4.287457 160366 40
CPU5 12.710690 160330 slauum slauum CPU -1 160370 40
CPU5 24.603849 160332 ssyrk ssyrk CUDA1 5.300831 160372 40
CPU5 44.919747 160333 sgemm sgemm CUDA3 11.655441 160373 40
CPU2 44.677042 160334 sgemm sgemm CUDA2 1.086298 160374 40
CPU2 44.825956 160335 sgemm sgemm CUDA2 1.062782 160375 40
CPU5 45.161656 160336 sgemm sgemm CUDA3 8.631453 160376 40
CPU4 45.169882 160337 sgemm sgemm CUDA3 1.206959 160377 40
CPU3 45.005844 160338 sgemm sgemm CUDA2 1.201798 160378 40
CPU8 45.005969 160339 sgemm sgemm CUDA3 1.300803 160379 40
CPU2 44.653098 160340 sgemm sgemm CUDA3 1.205075 160380 40
CPU6 45.074584 160341 sgemm sgemm CUDA3 1.068181 160381 40
CPU6 44.945082 160342 sgemm sgemm CUDA2 1.081721 160382 40
CPU5 44.868707 160343 sgemm sgemm CUDA0 11.797083 160383 40
CPU14 44.708894 160344 sgemm sgemm CUDA0 1.417096 160384 40
CPU12 45.118581 160345 sgemm sgemm CUDA3 1.082153 160385 40
CPU6 44.639164 160346 sgemm sgemm CUDA2 1.194952 160386 40
CPU2 44.553857 160347 sgemm sgemm CUDA1 1.198258 160387 40
CPU0 44.834306 160348 sgemm sgemm CUDA0 0.525234 160388 40
CPU2 44.888583 160349 sgemm sgemm CUDA1 0.178325 160389 40
CPU18 44.704561 160350 sgemm sgemm CUDA0 1.434678 160390 40
CPU16 44.753211 160351 sgemm sgemm CUDA3 1.063950 160391 40
CPU12 44.902988 160352 sgemm sgemm CUDA0 0.117676 160392 40
CPU18 44.800439 160353 sgemm sgemm CUDA2 1.302736 160393 40
CPU4 44.849628 160354 sgemm sgemm CUDA2 0.044643 160394 40
CPU15 44.587520 160355 sgemm sgemm CUDA2 1.200440 160395 40
CPU7 45.258119 160356 sgemm sgemm CUDA2 1.207632 160396 40
CPU6 45.109765 160357 sgemm sgemm CUDA0 10.393864 160397 40
CPU9 44.767198 160358 sgemm sgemm CUDA3 0.546510 160398 40
CPU1 45.002029 160359 sgemm sgemm CUDA3 1.210195 160399 40
CPU13 44.944341 160360 sgemm sgemm CUDA1 1.209204 160400 40
CPU4 45.197544 160361 sgemm sgemm CUDA3 1.063640 160401 40
CPU12 44.624697 160362 sgemm sgemm CUDA3 1.194916 160402 40
CPU13 44.723919 160363 sgemm sgemm CUDA2 0.185134 160403 40
CPU16 44.651389 160364 sgemm sgemm CUDA2 1.332937 160404 40
CPU19 44.770231 160365 sgemm sgemm CUDA0 1.066715 160405 40
CPU19 45.007888 160366 sgemm sgemm CUDA1 1.207390 160406 40
CPU12 44.860172 160367 sgemm sgemm CUDA0 1.064457 160407 40
CPU12 44.811144 160368 sgemm sgemm CUDA3 1.067916 160408 40
CPU4 24.970535 160369 ssyrk ssyrk CUDA3 0.077920 160409 40
CPU14 45.927988 160370 sgemm sgemm CUDA2 1.094752 160410 40
CPU3 45.036006 160371 sgemm sgemm CUDA2 1.059570 160411 40
CPU8 45.049073 160372 sgemm sgemm CUDA3 0.041980 160412 40
CPU18 44.482343 160373 sgemm sgemm CUDA3 1.085527 160413 40
CPU15 44.800100 160374 sgemm sgemm CUDA2 1.060486 160414 40
CPU16 44.511128 160375 sgemm sgemm CUDA3 1.189850 160415 40
CPU16 44.652483 160376 sgemm sgemm CUDA3 1.082991 160416 40
CPU6 44.747364 160377 sgemm sgemm CUDA3 1.205077 160417 40
CPU10 45.255607 160378 sgemm sgemm CUDA2 1.194991 160418 40
CPU2 44.749281 160379 sgemm sgemm CUDA1 1.196364 160419 40
CPU14 45.150330 160380 sgemm sgemm CUDA1 6.805488 160420 40
CPU18 44.826365 160381 sgemm sgemm CUDA3 2.397372 160421 40
CPU17 45.197412 160382 sgemm sgemm CUDA2 1.080831 160422 40
CPU2 44.519407 160383 sgemm sgemm CUDA1 1.196084 160423 40
CPU7 45.001337 160384 sgemm sgemm CUDA3 1.217779 160424 40
CPU6 44.824016 160385 sgemm sgemm CUDA3 1.080608 160425 40
CPU15 44.954749 160386 sgemm sgemm CUDA3 1.074570 160426 40
CPU16 44.891963 160387 sgemm sgemm CUDA1 1.066801 160427 40
CPU11 44.750248 160388 sgemm sgemm CUDA2 9.438824 160428 40
CPU18 44.814716 160389 sgemm sgemm CUDA2 1.068018 160429 40
CPU2 44.692329 160390 sgemm sgemm CUDA2 1.294586 160430 40
CPU18 45.014021 160391 sgemm sgemm CUDA2 1.065270 160431 40
CPU16 44.772893 160392 sgemm sgemm CUDA2 1.207393 160432 40
CPU6 45.150898 160393 sgemm sgemm CUDA0 0.052770 160433 40
CPU0 45.031973 160394 sgemm sgemm CUDA3 1.211551 160434 40
CPU1 44.849344 160395 sgemm sgemm CUDA3 1.075040 160435 40
CPU6 44.632705 160396 sgemm sgemm CUDA1 12.463501 160436 40
CPU6 45.189537 160397 sgemm sgemm CUDA3 1.194102 160437 40
CPU18 44.787920 160398 sgemm sgemm CUDA3 1.194250 160438 40
CPU11 44.825113 160399 sgemm sgemm CUDA2 1.367813 160439 40
CPU3 45.109156 160400 sgemm sgemm CUDA2 1.074358 160440 40
CPU18 44.584825 160401 sgemm sgemm CUDA0 1.010340 160441 40
CPU13 44.938599 160402 sgemm sgemm CUDA1 1.067497 160442 40
CPU13 45.081024 160403 sgemm sgemm CUDA0 1.074829 160443 40
CPU13 45.120322 160404 sgemm sgemm CUDA3 1.081590 160444 40
CPU14 25.003483 160405 ssyrk ssyrk CUDA2 0.063501 160445 40
CPU14 44.724640 160406 sgemm sgemm CUDA2 1.067983 160446 40
CPU14 44.715686 160407 sgemm sgemm CUDA3 1.261361 160447 40
CPU15 44.701783 160408 sgemm sgemm CUDA2 1.195333 160448 40
CPU14 44.693831 160409 sgemm sgemm CUDA2 1.064056 160449 40
CPU14 44.690894 160410 sgemm sgemm CUDA1 12.296099 160450 40
CPU16 44.707478 160411 sgemm sgemm CUDA3 1.208052 160451 40
CPU14 44.767965 160412 sgemm sgemm CUDA2 1.203677 160452 40
CPU14 44.943419 160413 sgemm sgemm CUDA2 1.196035 160453 40
CPU2 44.733556 160414 sgemm sgemm CUDA1 11.867284 160454 40
CPU14 44.986482 160415 sgemm sgemm CUDA1 1.324844 160455 40
CPU19 44.701874 160416 sgemm sgemm CUDA1 1.083017 160456 40
CPU2 44.451659 160417 sgemm sgemm CUDA2 1.198407 160457 40
CPU0 44.879084 160418 sgemm sgemm CUDA1 1.211920 160458 40
CPU1 44.832645 160419 sgemm sgemm CUDA2 1.296968 160459 40
CPU5 44.729163 160420 sgemm sgemm CUDA2 0.077461 160460 40
CPU19 45.004493 160421 sgemm sgemm CUDA1 1.076868 160461 40
CPU16 44.801471 160422 sgemm sgemm CUDA1 1.199047 160462 40
CPU18 44.862204 160423 sgemm sgemm CUDA2 11.894430 160463 40
CPU18 44.678196 160424 sgemm sgemm CUDA2 1.194282 160464 40
CPU6 44.602246 160425 sgemm sgemm CUDA2 1.081299 160465 40
CPU11 44.364529 160426 sgemm sgemm CUDA2 1.196001 160466 40
CPU15 44.442803 160427 sgemm sgemm CUDA2 1.193521 160467 40
CPU19 44.791120 160428 sgemm sgemm CUDA1 1.064660 160468 40
CPU16 44.851949 160429 sgemm sgemm CUDA3 1.082917 160469 40
CPU11 44.760521 160430 sgemm sgemm CUDA3 1.062681 160470 40
CPU13 44.993959 160431 sgemm sgemm CUDA1 0.044809 160471 40
CPU8 45.039869 160432 sgemm sgemm CUDA2 1.208285 160472 40
CPU10 44.705125 160433 sgemm sgemm CUDA3 1.074928 160473 40
CPU11 44.698847 160434 sgemm sgemm CUDA2 0.072658 160474 40
CPU16 44.594463 160435 sgemm sgemm CUDA2 1.078257 160475 40
CPU0 45.353157 160436 sgemm sgemm CUDA3 1.198670 160476 40
CPU0 45.135115 160437 sgemm sgemm CUDA1 1.206890 160477 40
CPU1 45.123540 160438 sgemm sgemm CUDA2 1.085960 160478 40
CPU3 45.145085 160439 sgemm sgemm CUDA1 1.213220 160479 40
CPU2 25.299178 160440 ssyrk ssyrk CUDA2 0.693348 160480 40
CPU8 45.113273 160441 sgemm sgemm CUDA3 1.062364 160481 40
CPU15 44.812949 160442 sgemm sgemm CUDA2 1.206596 160482 40
CPU15 44.582098 160443 sgemm sgemm CUDA2 0.041962 160483 40
CPU18 44.735322 160444 sgemm sgemm CUDA3 1.065990 160484 40
CPU16 44.739595 160445 sgemm sgemm CUDA0 1.066191 160485 40
CPU4 44.987068 160446 sgemm sgemm CUDA2 1.205911 160486 40
CPU0 44.995608 160447 sgemm sgemm CUDA2 1.069427 160487 40
CPU2 44.497572 160448 sgemm sgemm CUDA2 1.078734 160488 40
CPU15 44.983170 160449 sgemm sgemm CUDA0 1.063638 160489 40
CPU15 44.764604 160450 sgemm sgemm CUDA1 1.064041 160490 40
CPU11 44.884523 160451 sgemm sgemm CUDA2 1.065587 160491 40
CPU9 44.457246 160452 sgemm sgemm CUDA1 1.068136 160492 40
CPU5 44.820057 160453 sgemm sgemm CUDA2 1.067937 160493 40
CPU6 45.069889 160454 sgemm sgemm CUDA1 1.059339 160494 40
CPU19 45.098282 160455 sgemm sgemm CUDA1 1.083890 160495 40
CPU16 44.893879 160456 sgemm sgemm CUDA2 1.317829 160496 40
CPU17 44.901266 160457 sgemm sgemm CUDA0 1.197978 160497 40
CPU18 44.820719 160458 sgemm sgemm CUDA2 1.207817 160498 40
CPU9 44.549996 160459 sgemm sgemm CUDA2 1.210908 160499 40
CPU3 44.649637 160460 sgemm sgemm CUDA2 1.081965 160500 40
CPU11 44.837934 160461 sgemm sgemm CUDA0 1.069739 160501 40
CPU7 44.951891 160462 sgemm sgemm CUDA1 1.200863 160502 40
CPU3 44.649042 160463 sgemm sgemm CUDA2 0.045080 160503 40
CPU0 44.960601 160464 sgemm sgemm CUDA3 1.196632 160504 40
CPU5 44.461337 160465 sgemm sgemm CUDA0 13.139747 160505 40
CPU5 44.758104 160466 sgemm sgemm CUDA2 1.067058 160506 40
CPU15 44.715885 160467 sgemm sgemm CUDA3 1.079050 160507 40
CPU11 44.779934 160468 sgemm sgemm CUDA0 0.057977 160508 40
CPU17 45.185155 160469 sgemm sgemm CUDA3 1.079163 160509 40
CPU8 44.907910 160470 sgemm sgemm CUDA0 1.010214 160510 40
CPU5 44.326044 160471 sgemm sgemm CUDA0 1.209171 160511 40
CPU6 45.334691 160472 sgemm sgemm CUDA1 13.199720 160512 40
CPU9 44.850988 160473 sgemm sgemm CUDA1 1.204280 160513 40
CPU8 25.001627 160474 ssyrk ssyrk CUDA0 12.647284 160514 40
CPU15 44.695286 160475 sgemm sgemm CUDA3 1.206680 160515 40
CPU15 44.558281 160476 sgemm sgemm CUDA3 1.200321 160516 40
CPU18 44.711089 160477 sgemm sgemm CUDA0 1.065526 160517 40
CPU15 44.240745 160478 sgemm sgemm CUDA1 1.194092 160518 40
CPU2 44.759251 160479 sgemm sgemm CUDA3 1.194649 160519 40
CPU6 44.996647 160480 sgemm sgemm CUDA2 12.234996 160520 40
CPU2 44.761321 160481 sgemm sgemm CUDA1 1.314916 160521 40
CPU14 45.119299 160482 sgemm sgemm CUDA0 0.046118 160522 40
CPU6 45.523155 160483 sgemm sgemm CUDA1 1.205688 160523 40
CPU7 44.764406 160484 sgemm sgemm CUDA2 1.079014 160524 40
CPU1 44.469724 160485 sgemm sgemm CUDA1 1.082649 160525 40
CPU1 44.873130 160486 sgemm sgemm CUDA2 1.193807 160526 40
CPU2 44.281484 160487 sgemm sgemm CUDA1 1.064748 160527 40
CPU18 44.942299 160488 sgemm sgemm CUDA1 1.065609 160528 40
CPU4 44.707835 160489 sgemm sgemm CUDA1 1.190416 160529 40
CPU17 44.808105 160490 sgemm sgemm CUDA2 1.211263 160530 40
CPU18 44.782617 160491 sgemm sgemm CUDA3 1.084748 160531 40
CPU2 44.524310 160492 sgemm sgemm CUDA2 1.204083 160532 40
CPU14 45.394009 160493 sgemm sgemm CUDA2 12.139145 160533 40
CPU16 45.002947 160494 sgemm sgemm CUDA0 1.081999 160534 40
CPU10 44.649762 160495 sgemm sgemm CUDA1 1.067513 160535 40
CPU5 44.484127 160496 sgemm sgemm CUDA2 12.271551 160536 40
CPU9 44.369558 160497 sgemm sgemm CUDA3 1.206139 160537 40
CPU6 44.426822 160498 sgemm sgemm CUDA1 1.296918 160538 40
CPU6 44.825696 160499 sgemm sgemm CUDA3 12.104421 160539 40
CPU11 44.915204 160500 sgemm sgemm CUDA3 1.077549 160540 40
CPU11 44.988981 160501 sgemm sgemm CUDA0 1.405025 160541 40
CPU18 44.900325 160502 sgemm sgemm CUDA3 1.065619 160542 40
CPU17 45.055929 160503 sgemm sgemm CUDA3 1.027259 160543 40
CPU9 44.427304 160504 sgemm sgemm CUDA1 1.065303 160544 40
CPU16 44.995841 160505 sgemm sgemm CUDA0 1.062544 160545 40
CPU16 44.903876 160506 sgemm sgemm CUDA1 12.993136 160546 40
CPU14 24.732163 160507 ssyrk ssyrk CUDA3 0.677162 160547 40
CPU15 44.637667 160508 sgemm sgemm CUDA3 1.210194 160548 40
CPU14 44.638565 160509 sgemm sgemm CUDA3 1.210035 160549 40
CPU14 44.528775 160510 sgemm sgemm CUDA1 1.207853 160550 40
CPU14 44.740118 160511 sgemm sgemm CUDA3 1.072000 160551 40
CPU14 44.917894 160512 sgemm sgemm CUDA0 1.075982 160552 40
CPU9 44.682095 160513 sgemm sgemm CUDA2 12.619066 160553 40
CPU14 44.962985 160514 sgemm sgemm CUDA3 1.193107 160554 40
CPU2 44.905272 160515 sgemm sgemm CUDA3 1.196023 160555 40
CPU3 44.836183 160516 sgemm sgemm CUDA2 0.044083 160556 40
CPU2 44.650564 160517 sgemm sgemm CUDA0 0.042417 160557 40
CPU4 44.775565 160518 sgemm sgemm CUDA3 1.067507 160558 40
CPU4 44.822284 160519 sgemm sgemm CUDA3 1.192486 160559 40
CPU17 45.086060 160520 sgemm sgemm CUDA3 1.205432 160560 40
CPU9 44.842242 160521 sgemm sgemm CUDA2 1.295746 160561 40
CPU1 45.119964 160522 sgemm sgemm CUDA3 12.956091 160562 40
CPU18 44.683641 160523 sgemm sgemm CUDA2 1.208219 160563 40
CPU5 44.746422 160524 sgemm sgemm CUDA3 1.195635 160564 40
CPU13 44.886960 160525 sgemm sgemm CUDA3 1.066251 160565 40
CPU16 44.392536 160526 sgemm sgemm CUDA2 1.079929 160566 40
CPU19 44.641111 160527 sgemm sgemm CUDA0 1.300436 160567 40
CPU3 44.918270 160528 sgemm sgemm CUDA2 1.060648 160568 40
CPU7 44.743845 160529 sgemm sgemm CUDA2 0.046706 160569 40
CPU4 45.021902 160530 sgemm sgemm CUDA0 0.044030 160570 40
CPU0 45.383236 160531 sgemm sgemm CUDA3 0.040927 160571 40
CPU12 44.856163 160532 sgemm sgemm CUDA3 1.208995 160572 40
CPU11 44.752956 160533 sgemm sgemm CUDA0 1.204408 160573 40
CPU19 45.005062 160534 sgemm sgemm CUDA0 1.077341 160574 40
CPU7 45.192215 160535 sgemm sgemm CUDA3 1.013422 160575 40
CPU11 44.716075 160536 sgemm sgemm CUDA3 0.040826 160576 40
CPU1 45.135073 160537 sgemm sgemm CUDA2 1.084311 160577 40
CPU1 44.941798 160538 sgemm sgemm CUDA3 12.553184 160578 40
CPU15 24.555149 160539 ssyrk ssyrk CPU -1 160579 40
CPU8 45.131490 160540 sgemm sgemm CUDA3 1.068819 160580 40
CPU17 44.998343 160541 sgemm sgemm CUDA0 1.065796 160581 40
CPU5 44.893675 160542 sgemm sgemm CUDA3 1.067243 160582 40
CPU0 44.948839 160543 sgemm sgemm CUDA0 8.577123 160583 40
CPU2 44.721040 160544 sgemm sgemm CUDA0 0.047136 160584 40
CPU15 44.865272 160545 sgemm sgemm CUDA2 1.371243 160585 40
CPU10 44.606710 160546 sgemm sgemm CUDA3 1.069708 160586 40
CPU0 44.733903 160547 sgemm sgemm CUDA2 1.064479 160587 40
CPU17 44.838055 160548 sgemm sgemm CUDA0 1.190574 160588 40
CPU7 44.914031 160549 sgemm sgemm CUDA0 1.206644 160589 40
CPU9 44.398087 160550 sgemm sgemm CUDA0 1.065999 160590 40
CPU19 45.151544 160551 sgemm sgemm CUDA3 12.071127 160591 40
CPU14 44.902292 160552 sgemm sgemm CUDA2 1.080066 160592 40
CPU7 45.143036 160553 sgemm sgemm CUDA0 1.072118 160593 40
CPU18 44.729991 160554 sgemm sgemm CUDA2 1.207435 160594 40
CPU7 45.002597 160555 sgemm sgemm CUDA3 0.039240 160595 40
CPU13 44.823923 160556 sgemm sgemm CUDA3 1.191153 160596 40
CPU16 45.065716 160557 sgemm sgemm CUDA0 0.047285 160597 40
CPU19 44.698227 160558 sgemm sgemm CUDA0 1.197222 160598 40
CPU5 44.430747 160559 sgemm sgemm CUDA2 1.195738 160599 40
CPU1 45.122371 160560 sgemm sgemm CUDA2 1.194461 160600 40
CPU13 45.108704 160561 sgemm sgemm CUDA0 1.192559 160601 40
CPU1 45.310771 160562 sgemm sgemm CUDA2 1.067563 160602 40
CPU19 44.838782 160563 sgemm sgemm CUDA3 12.259093 160603 40
CPU11 44.726266 160564 sgemm sgemm CUDA1 1.207536 160604 40
CPU13 44.803359 160565 sgemm sgemm CUDA1 1.188673 160605 40
CPU13 44.744113 160566 sgemm sgemm CUDA0 1.007559 160606 40
CPU17 44.966847 160567 sgemm sgemm CUDA0 13.047710 160607 40
CPU13 45.251641 160568 sgemm sgemm CUDA2 1.198136 160608 40
CPU17 45.084849 160569 sgemm sgemm CUDA0 1.066174 160609 40
CPU16 24.546180 160570 ssyrk ssyrk CUDA0 0.683339 160610 40
CPU16 44.664584 160571 sgemm sgemm CUDA3 1.370970 160611 40
CPU6 44.929118 160572 sgemm sgemm CUDA3 12.201044 160612 40
CPU4 44.708665 160573 sgemm sgemm CUDA0 0.040919 160613 40
CPU1 44.582552 160574 sgemm sgemm CUDA0 12.240689 160614 40
CPU15 44.771495 160575 sgemm sgemm CUDA1 0.044570 160615 40
CPU18 44.627296 160576 sgemm sgemm CUDA3 1.195160 160616 40
CPU0 44.937224 160577 sgemm sgemm CUDA0 1.533412 160617 40
CPU10 44.942684 160578 sgemm sgemm CUDA1 1.367090 160618 40
CPU6 44.959767 160579 sgemm sgemm CUDA1 1.205736 160619 40
CPU6 44.938821 160580 sgemm sgemm CUDA3 1.198183 160620 40
CPU19 45.075483 160581 sgemm sgemm CUDA1 1.195079 160621 40
CPU11 44.918267 160582 sgemm sgemm CUDA1 1.208804 160622 40
CPU12 45.023755 160583 sgemm sgemm CUDA0 1.196158 160623 40
CPU18 44.743061 160584 sgemm sgemm CUDA3 1.198828 160624 40
CPU5 45.000195 160585 sgemm sgemm CUDA3 1.317336 160625 40
CPU10 44.974140 160586 sgemm sgemm CUDA1 1.318041 160626 40
CPU2 45.116870 160587 sgemm sgemm CUDA0 1.292901 160627 40
CPU2 45.049595 160588 sgemm sgemm CUDA1 1.204511 160628 40
CPU12 45.125239 160589 sgemm sgemm CUDA1 1.065509 160629 40
CPU4 44.768101 160590 sgemm sgemm CUDA3 1.084785 160630 40
CPU17 44.966221 160591 sgemm sgemm CUDA0 1.067058 160631 40
CPU1 44.837875 160592 sgemm sgemm CUDA3 1.301908 160632 40
CPU2 45.157893 160593 sgemm sgemm CUDA3 0.039418 160633 40
CPU15 44.748825 160594 sgemm sgemm CUDA1 1.192414 160634 40
CPU3 45.043393 160595 sgemm sgemm CUDA3 1.203481 160635 40
CPU9 45.157228 160596 sgemm sgemm CUDA0 12.621972 160636 40
CPU8 44.610270 160597 sgemm sgemm CUDA1 12.935553 160637 40
CPU13 44.799279 160598 sgemm sgemm CUDA1 0.042023 160638 40
CPU14 44.591126 160599 sgemm sgemm CUDA3 0.040466 160639 40
CPU16 24.851919 160600 ssyrk ssyrk CPU -1 160640 40
CPU15 44.891838 160601 sgemm sgemm CUDA3 0.039877 160641 40
CPU16 44.906289 160602 sgemm sgemm CUDA1 1.067814 160642 40
CPU9 44.834450 160603 sgemm sgemm CUDA1 1.067336 160643 40
CPU14 45.083144 160604 sgemm sgemm CUDA1 12.789080 160644 40
CPU19 44.917395 160605 sgemm sgemm CUDA1 0.041922 160645 40
CPU5 44.489899 160606 sgemm sgemm CUDA0 1.206238 160646 40
CPU10 44.983325 160607 sgemm sgemm CUDA1 1.300368 160647 40
CPU7 44.797339 160608 sgemm sgemm CUDA3 1.064763 160648 40
CPU2 44.847214 160609 sgemm sgemm CUDA1 1.188052 160649 40
CPU19 45.089194 160610 sgemm sgemm CUDA3 1.207957 160650 40
CPU16 44.765287 160611 sgemm sgemm CUDA1 1.066221 160651 40
CPU9 44.845564 160612 sgemm sgemm CUDA1 1.200679 160652 40
CPU18 44.699170 160613 sgemm sgemm CUDA0 1.063989 160653 40
CPU4 44.737154 160614 sgemm sgemm CUDA3 1.208559 160654 40
CPU13 44.895767 160615 sgemm sgemm CUDA3 1.080290 160655 40
CPU16 44.489140 160616 sgemm sgemm CUDA0 1.206308 160656 40
CPU19 44.735962 160617 sgemm sgemm CUDA1 1.064388 160657 40
CPU9 44.431700 160618 sgemm sgemm CUDA3 1.066443 160658 40
CPU1 44.841238 160619 sgemm sgemm CUDA1 1.064458 160659 40
CPU5 44.547191 160620 sgemm sgemm CUDA1 16.943880 160660 40
CPU19 44.936925 160621 sgemm sgemm CUDA3 1.194598 160661 40
CPU11 44.811096 160622 sgemm sgemm CUDA1 0.038314 160662 40
CPU18 44.838420 160623 sgemm sgemm CUDA0 1.192632 160663 40
CPU10 44.812476 160624 sgemm sgemm CUDA1 1.320839 160664 40
CPU13 44.832497 160625 sgemm sgemm CUDA0 0.059815 160665 40
CPU19 45.230544 160626 sgemm sgemm CUDA1 1.200810 160666 40
CPU13 44.981500 160627 sgemm sgemm CUDA1 1.080360 160667 40
CPU10 45.518507 160628 sgemm sgemm CUDA0 1.065792 160668 40
CPU0 24.961351 160629 ssyrk ssyrk CPU -1 160669 40
CPU11 45.170347 160630 sgemm sgemm CUDA2 1.193569 160670 40
CPU8 44.317209 160631 sgemm sgemm CUDA2 1.078693 160671 40
CPU14 45.001317 160632 sgemm sgemm CUDA3 0.757367 160672 40
CPU3 44.838849 160633 sgemm sgemm CUDA3 1.064914 160673 40
CPU9 44.401136 160634 sgemm sgemm CUDA2 1.192298 160674 40
CPU9 44.618698 160635 sgemm sgemm CUDA3 1.195749 160675 40
CPU2 44.650083 160636 sgemm sgemm CUDA2 1.206574 160676 40
CPU4 44.752414 160637 sgemm sgemm CUDA3 1.210924 160677 40
CPU19 45.179496 160638 sgemm sgemm CUDA2 1.203961 160678 40
CPU16 45.016520 160639 sgemm sgemm CUDA2 12.049070 160679 40
CPU0 45.132496 160640 sgemm sgemm CUDA3 1.202798 160680 40
CPU18 44.851858 160641 sgemm sgemm CUDA0 12.504054 160681 40
CPU0 45.025834 160642 sgemm sgemm CUDA2 0.052763 160682 40
CPU12 45.063697 160643 sgemm sgemm CUDA3 1.207332 160683 40
CPU15 44.689874 160644 sgemm sgemm CUDA0 1.321004 160684 40
CPU19 44.949853 160645 sgemm sgemm CUDA0 1.064968 160685 40
CPU1 44.742417 160646 sgemm sgemm CUDA3 1.203678 160686 40
CPU0 44.768181 160647 sgemm sgemm CUDA2 1.066130 160687 40
CPU6 44.850479 160648 sgemm sgemm CUDA2 1.082446 160688 40
CPU0 45.073147 160649 sgemm sgemm CUDA2 1.082852 160689 40
CPU14 44.416045 160650 sgemm sgemm CUDA3 1.135185 160690 40
CPU11 44.635746 160651 sgemm sgemm CUDA0 1.206647 160691 40
CPU18 44.968903 160652 sgemm sgemm CUDA0 1.060468 160692 40
CPU8 44.809367 160653 sgemm sgemm CUDA0 1.281481 160693 40
CPU2 44.467014 160654 sgemm sgemm CUDA2 1.195473 160694 40
CPU17 44.883868 160655 sgemm sgemm CUDA3 1.023166 160695 40
CPU18 44.741986 160656 sgemm sgemm CUDA2 1.017034 160696 40
CPU6 25.032286 160657 ssyrk ssyrk CPU -1 160697 40
CPU0 44.895376 160658 sgemm sgemm CUDA1 1.084017 160698 40
CPU14 45.238291 160659 sgemm sgemm CUDA1 1.198919 160699 40
CPU11 44.862893 160660 sgemm sgemm CUDA0 1.261346 160700 40
CPU8 44.270736 160661 sgemm sgemm CUDA0 1.197806 160701 40
CPU5 44.415371 160662 sgemm sgemm CUDA1 0.039019 160702 40
CPU12 45.396147 160663 sgemm sgemm CUDA1 1.192958 160703 40
CPU1 44.387319 160664 sgemm sgemm CUDA1 1.067928 160704 40
CPU19 45.221813 160665 sgemm sgemm CUDA0 0.040688 160705 40
CPU11 44.898956 160666 sgemm sgemm CUDA1 1.065888 160706 40
CPU10 44.866571 160667 sgemm sgemm CUDA0 1.201994 160707 40
CPU18 44.842971 160668 sgemm sgemm CUDA0 1.206504 160708 40
CPU9 44.627649 160669 sgemm sgemm CUDA0 1.065341 160709 40
CPU13 45.102742 160670 sgemm sgemm CUDA1 1.189463 160710 40
CPU18 44.652787 160671 sgemm sgemm CUDA2 1.362199 160711 40
CPU11 44.992342 160672 sgemm sgemm CUDA0 1.067490 160712 40
CPU9 44.613517 160673 sgemm sgemm CUDA2 1.202579 160713 40
CPU1 44.723444 160674 sgemm sgemm CUDA1 1.079895 160714 40
CPU13 45.115041 160675 sgemm sgemm CUDA1 1.208872 160715 40
CPU3 45.120833 160676 sgemm sgemm CUDA2 1.075406 160716 40
CPU0 45.335544 160677 sgemm sgemm CUDA2 1.066841 160717 40
CPU18 44.805025 160678 sgemm sgemm CUDA1 12.199471 160718 40
CPU6 45.324212 160679 sgemm sgemm CUDA2 1.066023 160719 40
CPU5 44.975516 160680 sgemm sgemm CUDA3 1.154206 160720 40
CPU7 44.795513 160681 sgemm sgemm CUDA1 0.046263 160721 40
CPU0 45.321923 160682 sgemm sgemm CUDA1 1.357022 160722 40
CPU13 44.707378 160683 sgemm sgemm CUDA0 1.081393 160723 40
CPU8 24.606369 160684 ssyrk ssyrk CUDA1 0.941836 160724 40
CPU7 44.731606 160685 sgemm sgemm CUDA1 1.209606 160725 40
CPU4 44.887304 160686 sgemm sgemm CUDA1 1.073461 160726 40
CPU11 44.742210 160687 sgemm sgemm CUDA0 1.348229 160727 40
CPU2 44.429349 160688 sgemm sgemm CUDA1 1.193178 160728 40
CPU0 45.041298 160689 sgemm sgemm CUDA2 0.237065 160729 40
CPU7 44.630743 160690 sgemm sgemm CUDA1 0.058608 160730 40
CPU18 44.773993 160691 sgemm sgemm CUDA0 0.353553 160731 40
CPU10 44.853162 160692 sgemm sgemm CUDA1 1.080592 160732 40
CPU6 45.057913 160693 sgemm sgemm CUDA0 1.409181 160733 40
CPU17 45.094907 160694 sgemm sgemm CUDA0 1.065228 160734 40
CPU3 44.784947 160695 sgemm sgemm CUDA1 1.206065 160735 40
CPU11 44.826532 160696 sgemm sgemm CUDA1 1.193648 160736 40
CPU12 44.857992 160697 sgemm sgemm CUDA0 1.066666 160737 40
CPU11 44.685200 160698 sgemm sgemm CUDA1 10.080831 160738 40
CPU4 44.793398 160699 sgemm sgemm CUDA2 1.207663 160739 40
CPU1 44.629510 160700 sgemm sgemm CUDA2 1.316945 160740 40
CPU17 44.796757 160701 sgemm sgemm CUDA0 1.301056 160741 40
CPU9 45.093959 160702 sgemm sgemm CUDA1 1.066178 160742 40
CPU18 44.655508 160703 sgemm sgemm CUDA1 1.194478 160743 40
CPU11 44.178522 160704 sgemm sgemm CUDA2 1.074112 160744 40
CPU2 44.961031 160705 sgemm sgemm CUDA1 1.202679 160745 40
CPU0 45.236505 160706 sgemm sgemm CUDA3 1.022400 160746 40
CPU7 44.785135 160707 sgemm sgemm CUDA0 1.196078 160747 40
CPU9 45.465044 160708 sgemm sgemm CUDA0 1.071314 160748 40
CPU9 45.404306 160709 sgemm sgemm CUDA0 1.204696 160749 40
CPU14 25.051309 160710 ssyrk ssyrk CUDA0 0.182235 160750 40
CPU15 44.812333 160711 sgemm sgemm CUDA0 1.089155 160751 40
CPU14 45.156345 160712 sgemm sgemm CUDA0 1.066491 160752 40
CPU3 44.406967 160713 sgemm sgemm CUDA0 1.200982 160753 40
CPU15 44.908128 160714 sgemm sgemm CUDA0 11.598633 160754 40
CPU7 44.549851 160715 sgemm sgemm CUDA1 1.415592 160755 40
CPU16 44.894010 160716 sgemm sgemm CUDA0 1.168410 160756 40
CPU8 44.560280 160717 sgemm sgemm CUDA2 1.066354 160757 40
CPU17 44.999726 160718 sgemm sgemm CUDA0 7.534676 160758 40
CPU17 45.026448 160719 sgemm sgemm CUDA3 12.151841 160759 40
CPU0 44.948915 160720 sgemm sgemm CUDA3 1.077272 160760 40
CPU13 44.953740 160721 sgemm sgemm CUDA1 1.208211 160761 40
CPU16 44.560864 160722 sgemm sgemm CUDA0 1.199577 160762 40
CPU19 44.850812 160723 sgemm sgemm CUDA0 0.097115 160763 40
CPU9 44.572827 160724 sgemm sgemm CUDA2 1.063923 160764 40
CPU12 45.252398 160725 sgemm sgemm CUDA3 1.081259 160765 40
CPU4 44.740677 160726 sgemm sgemm CUDA0 1.065953 160766 40
CPU18 44.613564 160727 sgemm sgemm CUDA2 1.084322 160767 40
CPU17 44.795723 160728 sgemm sgemm CUDA3 1.304196 160768 40
CPU16 44.858104 160729 sgemm sgemm CUDA0 11.886705 160769 40
CPU14 44.844127 160730 sgemm sgemm CUDA1 1.066277 160770 40
CPU16 44.694009 160731 sgemm sgemm CUDA1 1.192724 160771 40
CPU6 44.766258 160732 sgemm sgemm CUDA0 1.195345 160772 40
CPU19 44.589969 160733 sgemm sgemm CUDA0 1.209868 160773 40
CPU19 44.904043 160734 sgemm sgemm CUDA0 1.209022 160774 40
CPU0 24.916610 160735 ssyrk ssyrk CUDA3 0.055476 160775 40
CPU1 44.623998 160736 sgemm sgemm CUDA0 1.079290 160776 40
CPU11 44.832497 160737 sgemm sgemm CUDA0 1.207758 160777 40
CPU6 44.634036 160738 sgemm sgemm CUDA0 1.205215 160778 40
CPU6 44.675613 160739 sgemm sgemm CUDA3 11.912950 160779 40
CPU19 45.969472 160740 sgemm sgemm CUDA3 0.062364 160780 40
CPU16 45.162170 160741 sgemm sgemm CUDA3 1.200301 160781 40
CPU11 44.640677 160742 sgemm sgemm CUDA3 1.530323 160782 40
CPU17 44.987386 160743 sgemm sgemm CUDA0 1.209780 160783 40
CPU5 44.789563 160744 sgemm sgemm CUDA1 1.191422 160784 40
CPU13 44.901568 160745 sgemm sgemm CUDA0 0.046732 160785 40
CPU10 44.899943 160746 sgemm sgemm CUDA0 1.083193 160786 40
CPU0 45.405851 160747 sgemm sgemm CUDA0 1.086206 160787 40
CPU3 44.762174 160748 sgemm sgemm CUDA3 1.084364 160788 40
CPU1 44.515197 160749 sgemm sgemm CUDA3 12.339206 160789 40
CPU5 44.376352 160750 sgemm sgemm CUDA0 1.074084 160790 40
CPU1 45.065330 160751 sgemm sgemm CUDA3 1.069634 160791 40
CPU13 44.758024 160752 sgemm sgemm CUDA0 12.541791 160792 40
CPU11 44.618647 160753 sgemm sgemm CUDA1 1.300855 160793 40
CPU10 45.691023 160754 sgemm sgemm CUDA3 1.200940 160794 40
CPU9 44.764926 160755 sgemm sgemm CUDA1 1.153126 160795 40
CPU12 45.055436 160756 sgemm sgemm CUDA0 1.083946 160796 40
CPU12 44.824083 160757 sgemm sgemm CUDA1 0.041017 160797 40
CPU12 44.647595 160758 sgemm sgemm CUDA1 0.041282 160798 40
CPU4 25.028089 160759 ssyrk ssyrk CUDA3 0.673630 160799 40
CPU9 44.444827 160760 sgemm sgemm CUDA3 1.211794 160800 40
CPU5 44.420515 160761 sgemm sgemm CUDA3 1.074400 160801 40
CPU1 44.469946 160762 sgemm sgemm CUDA3 1.073428 160802 40
CPU19 44.782870 160763 sgemm sgemm CUDA3 1.202317 160803 40
CPU16 45.112292 160764 sgemm sgemm CUDA2 1.208640 160804 40
CPU17 44.967976 160765 sgemm sgemm CUDA3 1.080445 160805 40
CPU17 45.052341 160766 sgemm sgemm CUDA3 0.039947 160806 40
CPU3 44.748223 160767 sgemm sgemm CUDA3 1.193111 160807 40
CPU13 44.927209 160768 sgemm sgemm CUDA0 1.301364 160808 40
CPU16 44.840298 160769 sgemm sgemm CUDA2 0.048259 160809 40
CPU19 44.851911 160770 sgemm sgemm CUDA0 1.205851 160810 40
CPU17 45.191390 160771 sgemm sgemm CUDA3 1.074002 160811 40
CPU12 45.104294 160772 sgemm sgemm CUDA3 0.038801 160812 40
CPU12 45.061076 160773 sgemm sgemm CUDA2 1.073436 160813 40
CPU1 44.972036 160774 sgemm sgemm CUDA2 0.042020 160814 40
CPU13 44.945145 160775 sgemm sgemm CUDA0 0.045296 160815 40
CPU18 44.614982 160776 sgemm sgemm CUDA0 1.202484 160816 40
CPU11 44.753476 160777 sgemm sgemm CUDA3 1.203849 160817 40
CPU7 44.750440 160778 sgemm sgemm CUDA0 1.191611 160818 40
CPU9 44.381851 160779 sgemm sgemm CUDA2 1.083399 160819 40
CPU15 44.950063 160780 sgemm sgemm CUDA2 1.065752 160820 40
CPU15 44.878016 160781 sgemm sgemm CUDA2 1.205276 160821 40
CPU2 24.548395 160782 ssyrk ssyrk CUDA1 0.681424 160822 40
CPU11 44.722841 160783 sgemm sgemm CUDA0 1.076429 160823 40
CPU1 44.937323 160784 sgemm sgemm CUDA1 1.074176 160824 40
CPU12 44.709281 160785 sgemm sgemm CUDA0 1.081456 160825 40
CPU11 44.966361 160786 sgemm sgemm CUDA1 1.080462 160826 40
CPU0 44.922301 160787 sgemm sgemm CUDA3 1.080650 160827 40
CPU17 45.096131 160788 sgemm sgemm CUDA0 1.066774 160828 40
CPU5 44.628671 160789 sgemm sgemm CUDA1 1.082840 160829 40
CPU13 45.074856 160790 sgemm sgemm CUDA0 1.067810 160830 40
CPU16 44.740054 160791 sgemm sgemm CUDA2 1.345538 160831 40
CPU19 44.782609 160792 sgemm sgemm CUDA1 1.191942 160832 40
CPU9 44.629342 160793 sgemm sgemm CUDA2 1.211058 160833 40
CPU3 44.312485 160794 sgemm sgemm CUDA2 1.190544 160834 40
CPU6 44.513350 160795 sgemm sgemm CUDA1 1.069335 160835 40
CPU7 44.834009 160796 sgemm sgemm CUDA2 1.297464 160836 40
CPU12 44.855465 160797 sgemm sgemm CUDA0 1.351199 160837 40
CPU17 44.233984 160798 sgemm sgemm CUDA3 1.067243 160838 40
CPU14 44.803455 160799 sgemm sgemm CUDA3 1.065439 160839 40
CPU15 44.727528 160800 sgemm sgemm CUDA1 1.150174 160840 40
CPU7 44.677305 160801 sgemm sgemm CUDA1 1.082589 160841 40
CPU7 45.154105 160802 sgemm sgemm CUDA0 1.201212 160842 40
CPU4 45.232679 160803 sgemm sgemm CUDA2 1.084213 160843 40
CPU17 24.995332 160804 ssyrk ssyrk CUDA2 11.978861 160844 40
CPU5 44.453379 160805 sgemm sgemm CUDA2 0.232016 160845 40
CPU19 45.193442 160806 sgemm sgemm CUDA0 1.282582 160846 40
CPU12 45.059038 160807 sgemm sgemm CUDA2 1.068169 160847 40
CPU8 44.753294 160808 sgemm sgemm CUDA0 0.159745 160848 40
CPU17 44.930496 160809 sgemm sgemm CUDA2 1.083733 160849 40
CPU1 44.802600 160810 sgemm sgemm CUDA2 1.214069 160850 40
CPU17 44.918784 160811 sgemm sgemm CUDA1 1.207656 160851 40
CPU14 44.729869 160812 sgemm sgemm CUDA2 1.205687 160852 40
CPU12 44.696200 160813 sgemm sgemm CUDA0 1.424587 160853 40
CPU4 44.982048 160814 sgemm sgemm CUDA3 1.074164 160854 40
CPU1 44.695276 160815 sgemm sgemm CUDA0 1.064440 160855 40
CPU13 45.174114 160816 sgemm sgemm CUDA2 1.193927 160856 40
CPU9 45.025328 160817 sgemm sgemm CUDA2 1.081319 160857 40
CPU17 44.630528 160818 sgemm sgemm CUDA1 1.207751 160858 40
CPU16 44.652494 160819 sgemm sgemm CUDA0 0.076854 160859 40
CPU15 44.656602 160820 sgemm sgemm CUDA1 1.198913 160860 40
CPU18 44.639221 160821 sgemm sgemm CUDA1 1.153225 160861 40
CPU18 44.737372 160822 sgemm sgemm CUDA2 1.205302 160862 40
CPU14 44.609344 160823 sgemm sgemm CUDA1 1.303536 160863 40
CPU12 44.688563 160824 sgemm sgemm CUDA2 1.068607 160864 40
CPU4 24.805219 160825 ssyrk ssyrk CUDA3 0.951859 160865 40
CPU19 45.812727 160826 sgemm sgemm CUDA3 1.215685 160866 40
CPU16 45.238822 160827 sgemm sgemm CUDA3 1.200651 160867 40
CPU17 44.952425 160828 sgemm sgemm CUDA1 1.287716 160868 40
CPU17 44.880229 160829 sgemm sgemm CUDA2 1.074395 160869 40
CPU1 44.681581 160830 sgemm sgemm CUDA3 1.209282 160870 40
CPU13 44.947241 160831 sgemm sgemm CUDA2 0.042888 160871 40
CPU16 44.557622 160832 sgemm sgemm CUDA1 1.067524 160872 40
CPU19 44.723130 160833 sgemm sgemm CUDA1 0.075495 160873 40
CPU5 44.491860 160834 sgemm sgemm CUDA2 1.190520 160874 40
CPU7 44.787012 160835 sgemm sgemm CUDA0 1.204046 160875 40
CPU13 45.171444 160836 sgemm sgemm CUDA1 1.202048 160876 40
CPU4 45.373716 160837 sgemm sgemm CUDA1 1.067224 160877 40
CPU10 45.226384 160838 sgemm sgemm CUDA1 1.065562 160878 40
CPU19 44.721722 160839 sgemm sgemm CUDA2 7.024597 160879 40
CPU8 45.355304 160840 sgemm sgemm CUDA1 1.200766 160880 40
CPU7 45.223630 160841 sgemm sgemm CUDA1 1.027372 160881 40
CPU16 44.804715 160842 sgemm sgemm CUDA1 12.048893 160882 40
CPU19 44.751888 160843 sgemm sgemm CUDA3 1.302561 160883 40
CPU19 44.585712 160844 sgemm sgemm CUDA0 1.204206 160884 40
CPU19 25.307874 160845 ssyrk ssyrk CUDA0 0.754911 160885 40
CPU19 45.674899 160846 sgemm sgemm CUDA3 1.067308 160886 40
CPU15 44.683571 160847 sgemm sgemm CUDA0 11.580073 160887 40
CPU17 44.959932 160848 sgemm sgemm CUDA2 1.069451 160888 40
CPU4 44.837143 160849 sgemm sgemm CUDA3 12.812479 160889 40
CPU13 44.792967 160850 sgemm sgemm CUDA2 1.315503 160890 40
CPU16 44.644360 160851 sgemm sgemm CUDA0 1.194706 160891 40
CPU19 44.738540 160852 sgemm sgemm CUDA0 1.154396 160892 40
CPU7 44.485405 160853 sgemm sgemm CUDA3 12.567767 160893 40
CPU6 44.898282 160854 sgemm sgemm CUDA0 1.206908 160894 40
CPU17 45.131103 160855 sgemm sgemm CUDA1 1.066154 160895 40
CPU9 45.221627 160856 sgemm sgemm CUDA3 1.205206 160896 40
CPU18 44.829837 160857 sgemm sgemm CUDA0 1.083964 160897 40
CPU11 44.534241 160858 sgemm sgemm CUDA0 1.320600 160898 40
CPU8 45.105551 160859 sgemm sgemm CUDA0 1.060892 160899 40
CPU9 45.211596 160860 sgemm sgemm CUDA0 1.141174 160900 40
CPU13 44.975500 160861 sgemm sgemm CUDA0 1.068861 160901 40
CPU18 44.735361 160862 sgemm sgemm CUDA2 1.206029 160902 40
CPU18 44.647023 160863 sgemm sgemm CUDA0 12.290114 160903 40
CPU6 24.787806 160864 ssyrk ssyrk CUDA3 0.680180 160904 40
CPU3 44.807418 160865 sgemm sgemm CUDA2 1.084990 160905 40
CPU17 44.985446 160866 sgemm sgemm CUDA3 1.205065 160906 40
CPU5 44.276707 160867 sgemm sgemm CUDA1 1.209466 160907 40
CPU12 45.011729 160868 sgemm sgemm CUDA2 1.067393 160908 40
CPU11 44.896402 160869 sgemm sgemm CUDA1 1.196115 160909 40
CPU1 44.814551 160870 sgemm sgemm CUDA1 1.067267 160910 40
CPU10 45.104217 160871 sgemm sgemm CUDA3 0.046194 160911 40
CPU18 44.977108 160872 sgemm sgemm CUDA3 1.324872 160912 40
CPU4 44.677482 160873 sgemm sgemm CUDA2 1.208596 160913 40
CPU8 44.970325 160874 sgemm sgemm CUDA3 1.197038 160914 40
CPU8 44.957910 160875 sgemm sgemm CUDA3 1.205921 160915 40
CPU18 44.529283 160876 sgemm sgemm CUDA2 1.059799 160916 40
CPU15 45.052443 160877 sgemm sgemm CUDA2 1.204861 160917 40
CPU2 44.127238 160878 sgemm sgemm CUDA1 1.011719 160918 40
CPU10 45.269006 160879 sgemm sgemm CUDA3 1.375487 160919 40
CPU11 44.671993 160880 sgemm sgemm CUDA1 1.198003 160920 40
CPU12 44.855246 160881 sgemm sgemm CUDA2 12.268699 160921 40
CPU7 25.105564 160882 ssyrk ssyrk CUDA1 0.176131 160922 40
CPU17 44.870805 160883 sgemm sgemm CUDA2 12.166128 160923 40
CPU2 44.595594 160884 sgemm sgemm CUDA3 0.039769 160924 40
CPU9 44.750691 160885 sgemm sgemm CUDA1 1.196417 160925 40
CPU11 44.689680 160886 sgemm sgemm CUDA1 1.209170 160926 40
CPU11 44.687427 160887 sgemm sgemm CUDA1 10.448679 160927 40
CPU18 44.794176 160888 sgemm sgemm CUDA0 1.066208 160928 40
CPU10 44.924810 160889 sgemm sgemm CUDA0 1.080583 160929 40
CPU5 44.618885 160890 sgemm sgemm CUDA1 1.066449 160930 40
CPU15 44.630031 160891 sgemm sgemm CUDA1 1.210548 160931 40
CPU8 45.150273 160892 sgemm sgemm CUDA1 1.081234 160932 40
CPU4 44.818661 160893 sgemm sgemm CUDA1 0.106983 160933 40
CPU6 45.238748 160894 sgemm sgemm CUDA1 1.066126 160934 40
CPU18 44.649928 160895 sgemm sgemm CUDA3 1.151478 160935 40
CPU4 44.860421 160896 sgemm sgemm CUDA2 1.064576 160936 40
CPU12 45.061132 160897 sgemm sgemm CUDA1 1.191558 160937 40
CPU3 44.988214 160898 sgemm sgemm CUDA1 1.349338 160938 40
CPU14 25.075167 160899 ssyrk ssyrk CPU -1 160939 40
CPU17 45.013354 160900 sgemm sgemm CUDA2 0.048031 160940 40
CPU13 44.901088 160901 sgemm sgemm CUDA0 12.510575 160941 40
CPU6 45.069160 160902 sgemm sgemm CUDA0 0.047486 160942 40
CPU14 44.915793 160903 sgemm sgemm CUDA0 1.312198 160943 40
CPU17 45.136986 160904 sgemm sgemm CUDA0 1.065946 160944 40
CPU3 44.523038 160905 sgemm sgemm CUDA3 1.206593 160945 40
CPU12 45.463566 160906 sgemm sgemm CUDA0 1.064348 160946 40
CPU7 44.829885 160907 sgemm sgemm CUDA3 11.938918 160947 40
CPU3 44.785230 160908 sgemm sgemm CUDA0 1.063732 160948 40
CPU17 44.327357 160909 sgemm sgemm CUDA2 11.917568 160949 40
CPU17 44.693693 160910 sgemm sgemm CUDA2 0.039930 160950 40
CPU8 44.723517 160911 sgemm sgemm CUDA3 1.151365 160951 40
CPU9 44.266073 160912 sgemm sgemm CUDA2 1.372381 160952 40
CPU9 44.852072 160913 sgemm sgemm CUDA2 1.193299 160953 40
CPU10 45.132612 160914 sgemm sgemm CUDA0 1.066420 160954 40
CPU4 25.113019 160915 ssyrk ssyrk CUDA0 0.682198 160955 40
CPU13 44.955142 160916 sgemm sgemm CUDA1 1.065156 160956 40
CPU16 44.825935 160917 sgemm sgemm CUDA1 1.064972 160957 40
CPU4 45.075701 160918 sgemm sgemm CUDA0 1.077055 160958 40
CPU5 44.398751 160919 sgemm sgemm CUDA0 1.207923 160959 40
CPU0 44.802458 160920 sgemm sgemm CUDA0 1.064719 160960 40
CPU13 44.967000 160921 sgemm sgemm CUDA0 1.205156 160961 40
CPU8 44.680330 160922 sgemm sgemm CUDA1 1.079341 160962 40
CPU0 45.481286 160923 sgemm sgemm CUDA3 1.206035 160963 40
CPU12 44.932421 160924 sgemm sgemm CUDA2 1.208165 160964 40
CPU12 45.301688 160925 sgemm sgemm CUDA1 1.076460 160965 40
CPU11 44.891265 160926 sgemm sgemm CUDA2 1.014492 160966 40
CPU13 45.247781 160927 sgemm sgemm CUDA0 1.066486 160967 40
CPU19 44.853707 160928 sgemm sgemm CUDA2 1.207123 160968 40
CPU11 44.616619 160929 sgemm sgemm CUDA1 1.207201 160969 40
CPU4 25.274640 160930 ssyrk ssyrk CPU -1 160970 40
CPU19 44.651760 160931 sgemm sgemm CUDA1 1.066437 160971 40
CPU1 45.311781 160932 sgemm sgemm CUDA0 1.207234 160972 40
CPU10 45.008964 160933 sgemm sgemm CUDA3 1.066427 160973 40
CPU11 44.869472 160934 sgemm sgemm CUDA3 1.070549 160974 40
CPU6 44.958096 160935 sgemm sgemm CUDA0 1.063710 160975 40
CPU19 44.757669 160936 sgemm sgemm CUDA2 1.062694 160976 40
CPU7 45.023659 160937 sgemm sgemm CUDA1 1.207445 160977 40
CPU16 44.835829 160938 sgemm sgemm CUDA1 1.187673 160978 40
CPU15 45.256839 160939 sgemm sgemm CUDA3 1.076591 160979 40
CPU16 45.006175 160940 sgemm sgemm CUDA2 1.011844 160980 40
CPU17 45.119970 160941 sgemm sgemm CUDA2 1.066030 160981 40
CPU17 45.038219 160942 sgemm sgemm CUDA1 0.049524 160982 40
CPU14 44.969779 160943 sgemm sgemm CUDA3 1.350940 160983 40
CPU3 25.028658 160944 ssyrk ssyrk CPU -1 160984 40
CPU15 44.784867 160945 sgemm sgemm CUDA1 1.066334 160985 40
CPU17 45.007663 160946 sgemm sgemm CUDA1 1.063976 160986 40
CPU2 44.620398 160947 sgemm sgemm CUDA2 1.082747 160987 40
CPU3 44.754769 160948 sgemm sgemm CUDA2 1.193286 160988 40
CPU2 44.973071 160949 sgemm sgemm CUDA0 1.081981 160989 40
CPU2 44.931772 160950 sgemm sgemm CUDA0 1.081047 160990 40
CPU19 44.813701 160951 sgemm sgemm CUDA1 1.068769 160991 40
CPU0 45.407628 160952 sgemm sgemm CUDA1 1.195571 160992 40
CPU2 45.181675 160953 sgemm sgemm CUDA1 1.011329 160993 40
CPU2 44.657871 160954 sgemm sgemm CUDA0 1.083812 160994 40
CPU9 45.289602 160955 sgemm sgemm CUDA0 1.080681 160995 40
CPU9 45.026674 160956 sgemm sgemm CUDA2 1.065874 160996 40
CPU14 24.830134 160957 ssyrk ssyrk CUDA1 0.173238 160997 40
CPU19 44.884904 160958 sgemm sgemm CUDA0 1.200672 160998 40
CPU12 44.824735 160959 sgemm sgemm CUDA0 1.195533 160999 40
CPU0 44.781478 160960 sgemm sgemm CUDA2 1.078072 161000 40
CPU16 44.661829 160961 sgemm sgemm CUDA1 12.397529 161001 40
CPU17 44.957078 160962 sgemm sgemm CUDA2 1.205895 161002 40
CPU10 44.380102 160963 sgemm sgemm CUDA0 1.062939 161003 40
CPU14 44.737916 160964 sgemm sgemm CUDA0 1.066025 161004 40
CPU19 44.742839 160965 sgemm sgemm CUDA1 1.025801 161005 40
CPU8 44.804048 160966 sgemm sgemm CUDA0 1.076731 161006 40
CPU11 44.391873 160967 sgemm sgemm CUDA1 1.191846 161007 40
CPU1 45.377392 160968 sgemm sgemm CUDA0 1.069321 161008 40
CPU7 24.732082 160969 ssyrk ssyrk CUDA0 0.693780 161009 40
CPU8 44.380678 160970 sgemm sgemm CUDA0 1.208963 161010 40
CPU13 45.199248 160971 sgemm sgemm CUDA3 1.066913 161011 40
CPU18 44.651016 160972 sgemm sgemm CUDA1 1.302115 161012 40
CPU6 45.235036 160973 sgemm sgemm CUDA2 1.208783 161013 40
CPU15 44.729071 160974 sgemm sgemm CUDA1 1.195144 161014 40
CPU16 44.820481 160975 sgemm sgemm CUDA1 1.196503 161015 40
CPU10 44.881341 160976 sgemm sgemm CUDA0 1.131835 161016 40
CPU13 45.622723 160977 sgemm sgemm CUDA0 1.197571 161017 40
CPU19 45.114232 160978 sgemm sgemm CUDA1 1.078805 161018 40
CPU19 44.977905 160979 sgemm sgemm CUDA3 1.062124 161019 40
CPU9 24.560520 160980 ssyrk ssyrk CUDA2 0.674376 161020 40
CPU17 45.094957 160981 sgemm sgemm CUDA2 1.203559 161021 40
CPU8 44.856803 160982 sgemm sgemm CUDA1 1.065250 161022 40
CPU4 45.401514 160983 sgemm sgemm CUDA2 13.051484 161023 40
CPU0 45.511786 160984 sgemm sgemm CUDA0 1.204902 161024 40
CPU6 45.139252 160985 sgemm sgemm CUDA2 1.196047 161025 40
CPU8 44.553817 160986 sgemm sgemm CUDA2 1.010886 161026 40
CPU5 44.309569 160987 sgemm sgemm CUDA2 1.075546 161027 40
CPU5 44.757694 160988 sgemm sgemm CUDA1 1.082350 161028 40
CPU15 45.046843 160989 sgemm sgemm CUDA3 1.205765 161029 40
CPU4 24.805514 160990 ssyrk ssyrk CUDA3 0.678649 161030 40
CPU5 44.750007 160991 sgemm sgemm CUDA0 6.964964 161031 40
CPU11 44.980674 160992 sgemm sgemm CUDA0 1.061064 161032 40
CPU11 45.403155 160993 sgemm sgemm CUDA2 12.545150 161033 40
CPU18 44.709034 160994 sgemm sgemm CUDA3 1.067923 161034 40
CPU2 44.949778 160995 sgemm sgemm CUDA0 1.064596 161035 40
CPU14 45.086600 160996 sgemm sgemm CUDA3 1.076806 161036 40
CPU4 45.215004 160997 sgemm sgemm CUDA3 1.065524 161037 40
CPU16 44.773274 160998 sgemm sgemm CUDA2 1.206214 161038 40
CPU8 24.892392 160999 ssyrk ssyrk CPU -1 161039 40
CPU14 44.693722 161000 sgemm sgemm CUDA0 1.258474 161040 40
CPU18 44.750635 161001 sgemm sgemm CUDA1 1.206135 161041 40
CPU3 45.117678 161002 sgemm sgemm CUDA2 11.980004 161042 40
CPU1 45.346853 161003 sgemm sgemm CUDA2 1.014656 161043 40
CPU2 44.727935 161004 sgemm sgemm CUDA1 1.199242 161044 40
CPU4 45.425592 161005 sgemm sgemm CUDA0 0.040608 161045 40
CPU4 45.251364 161006 sgemm sgemm CUDA3 1.196413 161046 40
CPU16 24.408038 161007 ssyrk ssyrk CPU -1 161047 40
CPU2 44.754394 161008 sgemm sgemm CUDA1 1.070525 161048 40
CPU5 45.042139 161009 sgemm sgemm CUDA3 1.064116 161049 40
CPU4 45.557792 161010 sgemm sgemm CUDA0 1.009662 161050 40
CPU0 45.153709 161011 sgemm sgemm CUDA3 1.064296 161051 40
CPU0 45.580640 161012 sgemm sgemm CUDA2 0.044107 161052 40
CPU2 45.384087 161013 sgemm sgemm CUDA2 1.191732 161053 40
CPU5 24.418373 161014 ssyrk ssyrk CUDA2 10.363124 161054 40
CPU1 44.713491 161015 sgemm sgemm CUDA1 0.046901 161055 40
CPU1 44.637468 161016 sgemm sgemm CUDA3 1.028578 161056 40
CPU2 44.393699 161017 sgemm sgemm CUDA3 1.196244 161057 40
CPU12 45.010727 161018 sgemm sgemm CUDA0 14.975375 161058 40
CPU11 44.766393 161019 sgemm sgemm CUDA2 1.212881 161059 40
CPU11 24.752849 161020 ssyrk ssyrk CUDA2 0.679991 161060 40
CPU17 44.845856 161021 sgemm sgemm CUDA1 1.025753 161061 40
CPU19 44.925557 161022 sgemm sgemm CUDA2 1.206639 161062 40
CPU15 44.665689 161023 sgemm sgemm CUDA1 1.193350 161063 40
CPU13 44.666709 161024 sgemm sgemm CUDA0 1.063373 161064 40
CPU19 24.780161 161025 ssyrk ssyrk CPU11 100.316966 161065 40
CPU13 45.262619 161026 sgemm sgemm CUDA0 1.070841 161066 40
CPU0 45.333197 161027 sgemm sgemm CUDA3 1.155689 161067 40
CPU11 44.575515 161028 sgemm sgemm CUDA1 12.139449 161068 40
CPU9 24.352805 161029 ssyrk ssyrk CUDA3 0.678248 161069 40
CPU5 44.879004 161030 sgemm sgemm CUDA0 1.079689 161070 40
CPU5 44.705520 161031 sgemm sgemm CUDA0 1.081917 161071 40
CPU19 24.997483 161032 ssyrk ssyrk CUDA3 0.677610 161072 40
CPU5 45.154439 161033 sgemm sgemm CUDA3 1.064365 161073 40
CPU1 25.049826 161034 ssyrk ssyrk CPU -1 161074 40
CPU13 30.593965 161037 strmm strmm CUDA2 4.253962 161077 40
CPU13 30.808527 161041 strmm strmm CUDA2 15.810683 161081 40
CPU3 31.015750 161045 strmm strmm CUDA1 4.292739 161085 40
CPU5 29.418097 161049 strmm strmm CUDA1 0.031160 161089 40
CPU6 29.852156 161053 strmm strmm CUDA2 0.030624 161093 40
CPU4 31.320368 161057 strmm strmm CUDA2 4.582218 161097 40
CPU17 30.504963 161061 strmm strmm CUDA1 4.539310 161101 40
CPU14 30.243275 161065 strmm strmm CUDA0 15.609188 161105 40
CPU10 30.764087 161069 strmm strmm CUDA0 0.029083 161109 40
CPU18 30.859040 161073 strmm strmm CUDA0 0.030821 161113 40
CPU13 30.836337 161077 strmm strmm CUDA2 4.292422 161117 40
CPU17 30.782038 161081 strmm strmm CUDA1 15.067311 161121 40
CPU4 30.051613 161085 strmm strmm CUDA1 4.286039 161125 40
CPU5 30.284069 161089 strmm strmm CUDA3 0.031483 161129 40
CPU12 31.571597 161093 strmm strmm CUDA3 13.968882 161133 40
CPU6 30.056197 161097 strmm strmm CUDA2 0.031485 161137 40
CPU13 30.087359 161101 strmm strmm CUDA1 14.968206 161141 40
CPU13 30.082607 161105 strmm strmm CUDA0 4.291474 161145 40
CPU18 29.790335 161109 strmm strmm CUDA3 4.522703 161149 40
CPU12 31.353921 161113 strmm strmm CUDA2 4.555802 161153 40
CPU4 30.867066 161117 strmm strmm CUDA3 4.286758 161157 40
CPU12 31.404983 161121 strmm strmm CUDA0 4.278932 161161 40
CPU11 30.437820 161125 strmm strmm CUDA2 15.059820 161165 40
CPU6 31.317471 161129 strmm strmm CUDA3 0.029316 161169 40
CPU3 31.734218 161133 strmm strmm CUDA1 0.028758 161173 40
CPU0 31.769243 161137 strmm strmm CUDA2 4.288804 161177 40
CPU10 31.614414 161141 strmm strmm CUDA0 11.362135 161181 40
CPU17 31.342417 161145 strmm strmm CUDA0 4.574786 161185 40
CPU13 31.719388 161149 strmm strmm CUDA0 4.483362 161189 40
CPU5 31.086598 161153 strmm strmm CUDA3 4.763517 161193 40
CPU18 30.763030 161157 strmm strmm CUDA3 4.292891 161197 40
CPU11 30.981243 161161 strmm strmm CUDA2 27.034873 161201 40
CPU12 30.402702 161165 strmm strmm CUDA1 4.548446 161205 40
CPU11 30.183887 161169 strmm strmm CUDA3 12.536710 161209 40
CPU5 29.497196 161173 strmm strmm CUDA3 15.087389 161213 40
CPU5 30.882802 161177 strmm strmm CUDA3 14.861001 161217 40
CPU1 31.406863 161181 strmm strmm CUDA0 4.293131 161221 40
CPU10 12.719154 161185 slauum slauum CPU -1 161225 40
CPU1 24.544816 161187 ssyrk ssyrk CUDA2 0.675474 161227 40
CPU0 44.978877 161188 sgemm sgemm CUDA3 1.070555 161228 40
CPU2 44.466494 161189 sgemm sgemm CUDA0 0.050068 161229 40
CPU2 44.789395 161190 sgemm sgemm CUDA2 1.196040 161230 40
CPU5 45.039646 161191 sgemm sgemm CUDA3 1.318554 161231 40
CPU4 44.986136 161192 sgemm sgemm CUDA3 1.064202 161232 40
CPU3 45.255311 161193 sgemm sgemm CUDA3 1.259664 161233 40
CPU8 45.149949 161194 sgemm sgemm CUDA3 0.049844 161234 40
CPU1 44.564723 161195 sgemm sgemm CUDA1 12.663522 161235 40
CPU4 44.933522 161196 sgemm sgemm CUDA3 1.372948 161236 40
CPU6 45.049600 161197 sgemm sgemm CUDA2 0.043059 161237 40
CPU4 45.030493 161198 sgemm sgemm CUDA3 1.206141 161238 40
CPU14 44.593134 161199 sgemm sgemm CUDA0 13.223482 161239 40
CPU12 44.972163 161200 sgemm sgemm CUDA0 1.295828 161240 40
CPU2 44.830880 161201 sgemm sgemm CUDA2 1.204970 161241 40
CPU4 44.981691 161202 sgemm sgemm CUDA1 1.363774 161242 40
CPU7 45.332439 161203 sgemm sgemm CUDA0 1.347720 161243 40
CPU8 44.841779 161204 sgemm sgemm CUDA0 1.062633 161244 40
CPU17 44.730032 161205 sgemm sgemm CUDA0 1.208205 161245 40
CPU16 44.847015 161206 sgemm sgemm CUDA2 1.205890 161246 40
CPU12 44.873682 161207 sgemm sgemm CUDA0 1.215411 161247 40
CPU15 44.497881 161208 sgemm sgemm CUDA3 1.081616 161248 40
CPU3 44.651246 161209 sgemm sgemm CUDA3 1.192208 161249 40
CPU15 44.942910 161210 sgemm sgemm CUDA2 1.210479 161250 40
CPU7 45.197802 161211 sgemm sgemm CUDA2 1.066949 161251 40
CPU6 44.827105 161212 sgemm sgemm CUDA0 1.075058 161252 40
CPU9 44.792700 161213 sgemm sgemm CUDA2 1.067785 161253 40
CPU6 45.324749 161214 sgemm sgemm CUDA3 1.208957 161254 40
CPU13 45.137781 161215 sgemm sgemm CUDA1 1.076995 161255 40
CPU4 45.165476 161216 sgemm sgemm CUDA3 0.040314 161256 40
CPU12 44.738711 161217 sgemm sgemm CUDA2 1.192089 161257 40
CPU13 44.829648 161218 sgemm sgemm CUDA3 1.208935 161258 40
CPU16 45.135617 161219 sgemm sgemm CUDA2 1.066689 161259 40
CPU19 44.753721 161220 sgemm sgemm CUDA0 0.041060 161260 40
CPU19 44.886881 161221 sgemm sgemm CUDA1 12.273961 161261 40
CPU12 44.667280 161222 sgemm sgemm CUDA0 0.049673 161262 40
CPU12 44.881682 161223 sgemm sgemm CUDA3 1.071112 161263 40
CPU13 44.919086 161224 sgemm sgemm CUDA2 1.065799 161264 40
CPU5 24.690582 161225 ssyrk ssyrk CUDA3 0.891499 161265 40
CPU14 44.796666 161226 sgemm sgemm CUDA0 1.068948 161266 40
CPU3 45.028666 161227 sgemm sgemm CUDA2 1.199270 161267 40
CPU1 45.179646 161228 sgemm sgemm CUDA3 1.211359 161268 40
CPU18 44.470508 161229 sgemm sgemm CUDA3 1.197602 161269 40
CPU15 44.773910 161230 sgemm sgemm CUDA3 1.209938 161270 40
CPU18 44.582657 161231 sgemm sgemm CUDA3 1.073706 161271 40
CPU16 44.539621 161232 sgemm sgemm CUDA3 1.066931 161272 40
CPU6 44.661094 161233 sgemm sgemm CUDA3 1.201361 161273 40
CPU10 45.099436 161234 sgemm sgemm CUDA2 1.327941 161274 40
CPU4 44.999714 161235 sgemm sgemm CUDA1 12.109232 161275 40
CPU15 44.645387 161236 sgemm sgemm CUDA1 1.069278 161276 40
CPU18 44.829946 161237 sgemm sgemm CUDA0 1.063809 161277 40
CPU17 44.967688 161238 sgemm sgemm CUDA2 1.082136 161278 40
CPU4 44.946052 161239 sgemm sgemm CUDA1 1.065326 161279 40
CPU7 45.226572 161240 sgemm sgemm CUDA3 1.209485 161280 40
CPU1 44.873700 161241 sgemm sgemm CUDA0 1.084076 161281 40
CPU15 44.756978 161242 sgemm sgemm CUDA3 1.065724 161282 40
CPU16 45.071611 161243 sgemm sgemm CUDA1 1.086728 161283 40
CPU11 44.714581 161244 sgemm sgemm CUDA2 1.066719 161284 40
CPU18 44.462131 161245 sgemm sgemm CUDA3 1.206592 161285 40
CPU3 44.699478 161246 sgemm sgemm CUDA2 1.205805 161286 40
CPU18 44.706465 161247 sgemm sgemm CUDA2 1.202545 161287 40
CPU16 44.726805 161248 sgemm sgemm CUDA2 1.067159 161288 40
CPU2 44.464619 161249 sgemm sgemm CUDA1 1.076007 161289 40
CPU8 45.038083 161250 sgemm sgemm CUDA2 1.204289 161290 40
CPU8 44.811111 161251 sgemm sgemm CUDA3 1.207324 161291 40
CPU13 45.073071 161252 sgemm sgemm CUDA1 1.073803 161292 40
CPU6 45.162166 161253 sgemm sgemm CUDA3 1.203523 161293 40
CPU18 44.894255 161254 sgemm sgemm CUDA2 1.207636 161294 40
CPU6 45.124339 161255 sgemm sgemm CUDA3 1.079428 161295 40
CPU3 45.062116 161256 sgemm sgemm CUDA2 1.209735 161296 40
CPU18 44.673611 161257 sgemm sgemm CUDA0 1.181441 161297 40
CPU13 45.224617 161258 sgemm sgemm CUDA1 0.039735 161298 40
CPU13 45.089536 161259 sgemm sgemm CUDA0 1.313598 161299 40
CPU13 45.141866 161260 sgemm sgemm CUDA3 12.063743 161300 40
CPU13 44.984084 161261 sgemm sgemm CUDA2 1.196919 161301 40
CPU14 24.699076 161262 ssyrk ssyrk CUDA0 0.670786 161302 40
CPU14 44.635117 161263 sgemm sgemm CUDA2 1.069509 161303 40
CPU14 44.604843 161264 sgemm sgemm CUDA3 1.067582 161304 40
CPU15 44.498334 161265 sgemm sgemm CUDA2 24.469870 161305 40
CPU14 44.541720 161266 sgemm sgemm CUDA0 1.202054 161306 40
CPU14 44.470750 161267 sgemm sgemm CUDA1 1.212828 161307 40
CPU15 44.507109 161268 sgemm sgemm CUDA3 1.210976 161308 40
CPU14 44.560622 161269 sgemm sgemm CUDA2 1.207125 161309 40
CPU14 44.769863 161270 sgemm sgemm CUDA2 1.197202 161310 40
CPU2 44.881492 161271 sgemm sgemm CUDA1 1.081644 161311 40
CPU15 44.412928 161272 sgemm sgemm CUDA1 1.088411 161312 40
CPU19 44.681113 161273 sgemm sgemm CUDA1 4.792159 161313 40
CPU1 44.875194 161274 sgemm sgemm CUDA2 0.043423 161314 40
CPU0 45.298594 161275 sgemm sgemm CUDA1 1.208133 161315 40
CPU7 45.327415 161276 sgemm sgemm CUDA2 1.304265 161316 40
CPU5 44.931223 161277 sgemm sgemm CUDA2 1.206651 161317 40
CPU19 44.560785 161278 sgemm sgemm CUDA1 0.066598 161318 40
CPU16 44.825120 161279 sgemm sgemm CUDA1 1.290168 161319 40
CPU18 44.693892 161280 sgemm sgemm CUDA2 1.064938 161320 40
CPU15 44.275829 161281 sgemm sgemm CUDA3 1.193433 161321 40
CPU3 44.747071 161282 sgemm sgemm CUDA2 1.080647 161322 40
CPU11 44.694448 161283 sgemm sgemm CUDA2 1.065965 161323 40
CPU15 44.520572 161284 sgemm sgemm CUDA2 1.068143 161324 40
CPU19 45.039657 161285 sgemm sgemm CUDA1 10.568641 161325 40
CPU16 44.782875 161286 sgemm sgemm CUDA2 0.041831 161326 40
CPU11 44.562061 161287 sgemm sgemm CUDA3 1.204798 161327 40
CPU13 44.955772 161288 sgemm sgemm CUDA1 1.188524 161328 40
CPU8 44.955803 161289 sgemm sgemm CUDA2 1.062506 161329 40
CPU10 44.799397 161290 sgemm sgemm CUDA2 1.202713 161330 40
CPU19 44.756679 161291 sgemm sgemm CUDA2 1.081988 161331 40
CPU16 44.860452 161292 sgemm sgemm CUDA2 1.076136 161332 40
CPU7 45.740975 161293 sgemm sgemm CUDA3 1.013028 161333 40
CPU0 45.382674 161294 sgemm sgemm CUDA1 1.314550 161334 40
CPU1 44.999977 161295 sgemm sgemm CUDA2 1.196695 161335 40
CPU3 45.255799 161296 sgemm sgemm CUDA1 1.206264 161336 40
CPU8 44.885880 161297 sgemm sgemm CUDA1 0.059360 161337 40
CPU1 24.911087 161298 ssyrk ssyrk CUDA2 12.174433 161338 40
CPU8 45.485462 161299 sgemm sgemm CUDA3 1.062524 161339 40
CPU15 44.603583 161300 sgemm sgemm CUDA2 0.040823 161340 40
CPU15 44.503335 161301 sgemm sgemm CUDA2 1.305460 161341 40
CPU18 44.439919 161302 sgemm sgemm CUDA3 1.192098 161342 40
CPU17 44.979047 161303 sgemm sgemm CUDA1 0.053108 161343 40
CPU4 45.074414 161304 sgemm sgemm CUDA2 1.066408 161344 40
CPU9 44.684454 161305 sgemm sgemm CUDA2 1.077624 161345 40
CPU2 44.504552 161306 sgemm sgemm CUDA2 1.079017 161346 40
CPU15 44.661682 161307 sgemm sgemm CUDA0 1.295750 161347 40
CPU14 44.887930 161308 sgemm sgemm CUDA0 1.081364 161348 40
CPU11 44.689209 161309 sgemm sgemm CUDA3 1.084057 161349 40
CPU3 44.688402 161310 sgemm sgemm CUDA0 1.201847 161350 40
CPU5 45.038830 161311 sgemm sgemm CUDA2 1.195084 161351 40
CPU6 45.741045 161312 sgemm sgemm CUDA3 1.065756 161352 40
CPU19 44.651345 161313 sgemm sgemm CUDA1 1.077940 161353 40
CPU16 44.916798 161314 sgemm sgemm CUDA2 1.066985 161354 40
CPU17 44.957847 161315 sgemm sgemm CUDA0 1.199119 161355 40
CPU16 44.954701 161316 sgemm sgemm CUDA3 1.196319 161356 40
CPU9 44.504571 161317 sgemm sgemm CUDA2 1.211582 161357 40
CPU3 44.621054 161318 sgemm sgemm CUDA2 1.065848 161358 40
CPU11 44.724893 161319 sgemm sgemm CUDA0 1.065648 161359 40
CPU7 44.503399 161320 sgemm sgemm CUDA1 1.200162 161360 40
CPU3 44.920317 161321 sgemm sgemm CUDA2 1.068509 161361 40
CPU0 45.504233 161322 sgemm sgemm CUDA3 1.080394 161362 40
CPU13 45.045988 161323 sgemm sgemm CUDA3 1.193027 161363 40
CPU5 44.773248 161324 sgemm sgemm CUDA2 1.079046 161364 40
CPU15 44.680444 161325 sgemm sgemm CUDA3 1.068925 161365 40
CPU4 44.952079 161326 sgemm sgemm CUDA0 1.079988 161366 40
CPU17 44.852341 161327 sgemm sgemm CUDA3 1.208821 161367 40
CPU8 44.931524 161328 sgemm sgemm CUDA0 1.006490 161368 40
CPU5 44.964372 161329 sgemm sgemm CUDA0 1.067074 161369 40
CPU6 45.399011 161330 sgemm sgemm CUDA1 1.067168 161370 40
CPU5 44.738226 161331 sgemm sgemm CUDA1 1.197094 161371 40
CPU11 45.072089 161332 sgemm sgemm CUDA1 1.207442 161372 40
CPU5 24.978375 161333 ssyrk ssyrk CUDA0 0.662003 161373 40
CPU15 44.470110 161334 sgemm sgemm CUDA3 1.083840 161374 40
CPU15 44.511452 161335 sgemm sgemm CUDA0 1.208440 161375 40
CPU18 44.472559 161336 sgemm sgemm CUDA0 1.207438 161376 40
CPU17 44.764115 161337 sgemm sgemm CUDA1 1.371304 161377 40
CPU7 45.240953 161338 sgemm sgemm CUDA3 1.199116 161378 40
CPU6 45.243235 161339 sgemm sgemm CUDA1 1.075059 161379 40
CPU2 44.499111 161340 sgemm sgemm CUDA1 1.073737 161380 40
CPU14 44.782701 161341 sgemm sgemm CUDA0 0.040493 161381 40
CPU6 45.957718 161342 sgemm sgemm CUDA1 1.086356 161382 40
CPU9 44.828073 161343 sgemm sgemm CUDA3 1.060252 161383 40
CPU1 44.648953 161344 sgemm sgemm CUDA1 1.210343 161384 40
CPU1 45.027942 161345 sgemm sgemm CUDA2 1.063845 161385 40
CPU2 44.718081 161346 sgemm sgemm CUDA1 13.122662 161386 40
CPU18 44.763802 161347 sgemm sgemm CUDA1 0.040462 161387 40
CPU4 44.800923 161348 sgemm sgemm CUDA1 1.322876 161388 40
CPU17 44.789383 161349 sgemm sgemm CUDA2 1.065749 161389 40
CPU18 44.495855 161350 sgemm sgemm CUDA3 1.064885 161390 40
CPU2 44.416958 161351 sgemm sgemm CUDA2 1.061595 161391 40
CPU14 45.279604 161352 sgemm sgemm CUDA2 12.536607 161392 40
CPU16 44.852672 161353 sgemm sgemm CUDA0 1.209027 161393 40
CPU10 44.829781 161354 sgemm sgemm CUDA1 1.064675 161394 40
CPU5 44.493722 161355 sgemm sgemm CUDA2 1.513941 161395 40
CPU9 44.745299 161356 sgemm sgemm CUDA3 1.066710 161396 40
CPU18 44.932067 161357 sgemm sgemm CUDA3 1.193061 161397 40
CPU6 44.822437 161358 sgemm sgemm CUDA3 1.205401 161398 40
CPU11 45.010089 161359 sgemm sgemm CUDA3 1.031941 161399 40
CPU15 44.864279 161360 sgemm sgemm CUDA0 1.065562 161400 40
CPU18 44.930269 161361 sgemm sgemm CUDA3 1.073860 161401 40
CPU17 44.976828 161362 sgemm sgemm CUDA3 1.133081 161402 40
CPU3 44.593589 161363 sgemm sgemm CUDA1 1.207506 161403 40
CPU16 44.757409 161364 sgemm sgemm CUDA0 1.064558 161404 40
CPU4 44.618642 161365 sgemm sgemm CUDA1 1.079994 161405 40
CPU11 45.067879 161366 sgemm sgemm CUDA2 0.635172 161406 40
CPU14 24.961079 161367 ssyrk ssyrk CUDA3 0.677676 161407 40
CPU15 44.354162 161368 sgemm sgemm CUDA3 1.075089 161408 40
CPU14 44.660313 161369 sgemm sgemm CUDA3 1.078636 161409 40
CPU14 44.484446 161370 sgemm sgemm CUDA1 1.293705 161410 40
CPU14 44.715418 161371 sgemm sgemm CUDA3 0.055122 161411 40
CPU14 44.880919 161372 sgemm sgemm CUDA0 1.064487 161412 40
CPU9 44.807180 161373 sgemm sgemm CUDA2 1.082876 161413 40
CPU14 44.590256 161374 sgemm sgemm CUDA0 1.063659 161414 40
CPU2 45.028833 161375 sgemm sgemm CUDA3 1.207505 161415 40
CPU3 45.044014 161376 sgemm sgemm CUDA2 1.195452 161416 40
CPU4 45.058547 161377 sgemm sgemm CUDA0 1.065195 161417 40
CPU7 45.254144 161378 sgemm sgemm CUDA0 1.200214 161418 40
CPU4 45.111215 161379 sgemm sgemm CUDA3 1.204610 161419 40
CPU17 44.786971 161380 sgemm sgemm CUDA3 1.210912 161420 40
CPU9 45.016706 161381 sgemm sgemm CUDA2 1.194475 161421 40
CPU1 45.077697 161382 sgemm sgemm CUDA3 1.064217 161422 40
CPU15 44.316454 161383 sgemm sgemm CUDA1 1.077526 161423 40
CPU0 45.129257 161384 sgemm sgemm CUDA3 1.188502 161424 40
CPU13 44.866396 161385 sgemm sgemm CUDA1 1.083145 161425 40
CPU16 44.494347 161386 sgemm sgemm CUDA1 12.570365 161426 40
CPU19 44.900354 161387 sgemm sgemm CUDA0 1.078233 161427 40
CPU3 44.824904 161388 sgemm sgemm CUDA2 1.062319 161428 40
CPU7 45.087701 161389 sgemm sgemm CUDA2 0.047198 161429 40
CPU13 44.914883 161390 sgemm sgemm CUDA3 0.042223 161430 40
CPU6 45.216950 161391 sgemm sgemm CUDA3 1.202968 161431 40
CPU12 44.851946 161392 sgemm sgemm CUDA3 1.175560 161432 40
CPU14 44.500554 161393 sgemm sgemm CUDA0 1.193767 161433 40
CPU19 44.766275 161394 sgemm sgemm CUDA0 1.077802 161434 40
CPU7 45.463654 161395 sgemm sgemm CUDA3 1.135385 161435 40
CPU11 44.736875 161396 sgemm sgemm CUDA1 1.190616 161436 40
CPU1 45.057395 161397 sgemm sgemm CUDA2 1.066606 161437 40
CPU5 44.916326 161398 sgemm sgemm CUDA3 0.040472 161438 40
CPU11 44.770125 161399 sgemm sgemm CUDA2 1.082660 161439 40
CPU15 24.478984 161400 ssyrk ssyrk CUDA0 0.567941 161440 40
CPU8 45.139182 161401 sgemm sgemm CUDA3 0.155175 161441 40
CPU16 44.513545 161402 sgemm sgemm CUDA0 0.036018 161442 40
CPU5 44.988491 161403 sgemm sgemm CUDA3 1.359680 161443 40
CPU0 45.217304 161404 sgemm sgemm CUDA0 0.054530 161444 40
CPU8 44.563115 161405 sgemm sgemm CUDA3 1.078096 161445 40
CPU15 44.468046 161406 sgemm sgemm CUDA0 11.900685 161446 40
CPU14 44.906889 161407 sgemm sgemm CUDA0 1.204921 161447 40
CPU8 45.003130 161408 sgemm sgemm CUDA2 1.208814 161448 40
CPU17 44.623018 161409 sgemm sgemm CUDA0 1.064768 161449 40
CPU5 45.089444 161410 sgemm sgemm CUDA0 0.093008 161450 40
CPU9 44.766463 161411 sgemm sgemm CUDA0 1.204917 161451 40
CPU18 44.753373 161412 sgemm sgemm CUDA3 1.194044 161452 40
CPU14 44.874016 161413 sgemm sgemm CUDA2 1.061312 161453 40
CPU7 45.206245 161414 sgemm sgemm CUDA0 1.345163 161454 40
CPU16 45.315461 161415 sgemm sgemm CUDA2 1.067184 161455 40
CPU7 44.815125 161416 sgemm sgemm CUDA3 1.069974 161456 40
CPU12 44.827937 161417 sgemm sgemm CUDA3 12.047016 161457 40
CPU16 44.872131 161418 sgemm sgemm CUDA0 1.065405 161458 40
CPU19 44.946349 161419 sgemm sgemm CUDA0 1.333984 161459 40
CPU5 44.670132 161420 sgemm sgemm CUDA2 1.080151 161460 40
CPU4 44.825285 161421 sgemm sgemm CUDA2 1.321403 161461 40
CPU19 44.840038 161422 sgemm sgemm CUDA3 1.350669 161462 40
CPU1 45.148195 161423 sgemm sgemm CUDA2 1.085899 161463 40
CPU19 44.822300 161424 sgemm sgemm CUDA3 1.206126 161464 40
CPU10 44.631076 161425 sgemm sgemm CUDA3 1.065967 161465 40
CPU13 44.723409 161426 sgemm sgemm CUDA3 1.066298 161466 40
CPU11 44.753008 161427 sgemm sgemm CUDA0 12.151545 161467 40
CPU17 44.709537 161428 sgemm sgemm CUDA0 1.065715 161468 40
CPU13 44.611122 161429 sgemm sgemm CUDA2 1.199430 161469 40
CPU17 44.949540 161430 sgemm sgemm CUDA3 1.312022 161470 40
CPU17 44.855444 161431 sgemm sgemm CUDA0 0.068897 161471 40
CPU18 24.738893 161432 ssyrk ssyrk CUDA2 0.053874 161472 40
CPU16 44.481174 161433 sgemm sgemm CUDA3 1.065869 161473 40
CPU7 45.152388 161434 sgemm sgemm CUDA2 1.322844 161474 40
CPU4 45.045484 161435 sgemm sgemm CUDA2 1.069663 161475 40
CPU1 44.599844 161436 sgemm sgemm CUDA3 0.046571 161476 40
CPU15 44.609390 161437 sgemm sgemm CUDA1 0.298459 161477 40
CPU14 44.868517 161438 sgemm sgemm CUDA1 1.062982 161478 40
CPU0 45.288955 161439 sgemm sgemm CUDA2 1.207655 161479 40
CPU10 44.716809 161440 sgemm sgemm CUDA1 1.205248 161480 40
CPU6 45.219639 161441 sgemm sgemm CUDA2 1.222363 161481 40
CPU7 45.153642 161442 sgemm sgemm CUDA3 1.206244 161482 40
CPU19 44.807070 161443 sgemm sgemm CUDA1 1.213605 161483 40
CPU11 44.757402 161444 sgemm sgemm CUDA1 1.222147 161484 40
CPU12 44.950357 161445 sgemm sgemm CUDA1 1.386538 161485 40
CPU14 45.748434 161446 sgemm sgemm CUDA3 1.194770 161486 40
CPU5 44.673592 161447 sgemm sgemm CUDA3 1.079001 161487 40
CPU10 45.175629 161448 sgemm sgemm CUDA1 12.400747 161488 40
CPU2 44.959041 161449 sgemm sgemm CUDA0 1.192193 161489 40
CPU2 44.724964 161450 sgemm sgemm CUDA1 1.226058 161490 40
CPU12 45.057070 161451 sgemm sgemm CUDA1 1.066222 161491 40
CPU4 45.060192 161452 sgemm sgemm CUDA3 1.079473 161492 40
CPU15 44.904268 161453 sgemm sgemm CUDA3 1.202972 161493 40
CPU1 44.681607 161454 sgemm sgemm CUDA3 1.066619 161494 40
CPU2 45.197564 161455 sgemm sgemm CUDA3 1.021625 161495 40
CPU11 44.833313 161456 sgemm sgemm CUDA1 0.040331 161496 40
CPU3 45.076199 161457 sgemm sgemm CUDA3 12.428199 161497 40
CPU7 45.342838 161458 sgemm sgemm CUDA0 0.059599 161498 40
CPU8 44.923650 161459 sgemm sgemm CUDA1 1.075484 161499 40
CPU5 44.975854 161460 sgemm sgemm CUDA1 1.080527 161500 40
CPU14 44.974634 161461 sgemm sgemm CUDA3 1.204742 161501 40
CPU14 44.769253 161462 sgemm sgemm CUDA2 1.067412 161502 40
CPU16 24.636762 161463 ssyrk ssyrk CUDA0 0.916250 161503 40
CPU15 44.655169 161464 sgemm sgemm CUDA3 1.208130 161504 40
CPU17 44.995776 161465 sgemm sgemm CUDA1 1.064846 161505 40
CPU9 44.905225 161466 sgemm sgemm CUDA1 1.208977 161506 40
CPU15 44.552647 161467 sgemm sgemm CUDA1 1.066348 161507 40
CPU14 44.708362 161468 sgemm sgemm CUDA1 1.063262 161508 40
CPU5 44.847007 161469 sgemm sgemm CUDA0 1.068786 161509 40
CPU10 44.958728 161470 sgemm sgemm CUDA1 1.064740 161510 40
CPU7 44.978654 161471 sgemm sgemm CUDA3 12.652283 161511 40
CPU2 44.841903 161472 sgemm sgemm CUDA0 9.910151 161512 40
CPU17 44.808152 161473 sgemm sgemm CUDA3 0.040928 161513 40
CPU16 44.823757 161474 sgemm sgemm CUDA1 1.194716 161514 40
CPU9 44.874149 161475 sgemm sgemm CUDA1 1.065002 161515 40
CPU17 45.353878 161476 sgemm sgemm CUDA1 1.061350 161516 40
CPU4 44.673678 161477 sgemm sgemm CUDA3 1.195829 161517 40
CPU13 44.887184 161478 sgemm sgemm CUDA3 0.617414 161518 40
CPU16 44.576685 161479 sgemm sgemm CUDA0 1.205491 161519 40
CPU19 44.962066 161480 sgemm sgemm CUDA0 0.039958 161520 40
CPU3 44.947249 161481 sgemm sgemm CUDA1 0.042492 161521 40
CPU6 44.805838 161482 sgemm sgemm CUDA1 1.204493 161522 40
CPU10 45.734714 161483 sgemm sgemm CUDA1 1.083722 161523 40
CPU19 44.780583 161484 sgemm sgemm CUDA1 1.199688 161524 40
CPU11 44.690153 161485 sgemm sgemm CUDA1 12.201444 161525 40
CPU13 44.650907 161486 sgemm sgemm CUDA0 1.203694 161526 40
CPU10 44.868873 161487 sgemm sgemm CUDA0 1.211484 161527 40
CPU13 44.738687 161488 sgemm sgemm CUDA0 1.317049 161528 40
CPU19 44.994728 161489 sgemm sgemm CUDA1 1.197267 161529 40
CPU13 44.854094 161490 sgemm sgemm CUDA1 1.063421 161530 40
CPU10 44.976339 161491 sgemm sgemm CUDA3 1.065920 161531 40
CPU18 44.629011 161492 sgemm sgemm CUDA0 1.436584 161532 40
CPU6 24.909096 161493 ssyrk ssyrk CUDA0 0.680243 161533 40
CPU11 44.974599 161494 sgemm sgemm CUDA2 1.083184 161534 40
CPU8 44.111557 161495 sgemm sgemm CUDA3 1.202683 161535 40
CPU14 44.674681 161496 sgemm sgemm CUDA0 1.214143 161536 40
CPU3 45.003961 161497 sgemm sgemm CUDA0 1.065147 161537 40
CPU9 44.731357 161498 sgemm sgemm CUDA2 1.194644 161538 40
CPU8 44.789455 161499 sgemm sgemm CUDA0 1.081943 161539 40
CPU7 45.098722 161500 sgemm sgemm CUDA2 11.329815 161540 40
CPU4 44.984207 161501 sgemm sgemm CUDA3 1.192225 161541 40
CPU19 44.713546 161502 sgemm sgemm CUDA2 1.208531 161542 40
CPU16 44.971398 161503 sgemm sgemm CUDA2 1.065456 161543 40
CPU0 45.221123 161504 sgemm sgemm CUDA3 0.107669 161544 40
CPU18 44.773413 161505 sgemm sgemm CUDA0 1.209846 161545 40
CPU0 44.939608 161506 sgemm sgemm CUDA2 1.065958 161546 40
CPU12 45.081428 161507 sgemm sgemm CUDA3 1.066475 161547 40
CPU15 44.698835 161508 sgemm sgemm CUDA0 12.452137 161548 40
CPU19 45.093008 161509 sgemm sgemm CUDA0 1.070137 161549 40
CPU8 45.054576 161510 sgemm sgemm CUDA0 1.080558 161550 40
CPU0 45.402240 161511 sgemm sgemm CUDA2 1.066079 161551 40
CPU13 45.018076 161512 sgemm sgemm CUDA3 1.192539 161552 40
CPU0 45.108166 161513 sgemm sgemm CUDA2 1.067188 161553 40
CPU14 44.476122 161514 sgemm sgemm CUDA3 12.068597 161554 40
CPU2 44.570806 161515 sgemm sgemm CUDA0 1.194837 161555 40
CPU18 45.006046 161516 sgemm sgemm CUDA0 12.139503 161556 40
CPU7 45.117604 161517 sgemm sgemm CUDA0 1.147835 161557 40
CPU2 44.791003 161518 sgemm sgemm CUDA2 1.082690 161558 40
CPU17 44.891770 161519 sgemm sgemm CUDA0 1.205340 161559 40
CPU18 44.845363 161520 sgemm sgemm CUDA2 1.063122 161560 40
CPU18 44.865203 161521 sgemm sgemm CUDA2 1.067438 161561 40
CPU6 25.015293 161522 ssyrk ssyrk CUDA2 12.538695 161562 40
CPU0 45.035474 161523 sgemm sgemm CUDA1 1.285680 161563 40
CPU14 44.849895 161524 sgemm sgemm CUDA1 1.218522 161564 40
CPU14 44.866181 161525 sgemm sgemm CUDA0 1.067827 161565 40
CPU1 44.938445 161526 sgemm sgemm CUDA2 1.194425 161566 40
CPU5 44.669231 161527 sgemm sgemm CUDA1 1.065260 161567 40
CPU12 44.662356 161528 sgemm sgemm CUDA2 0.081317 161568 40
CPU1 44.748097 161529 sgemm sgemm CUDA2 12.419116 161569 40
CPU19 44.564868 161530 sgemm sgemm CUDA0 1.208174 161570 40
CPU11 44.706798 161531 sgemm sgemm CUDA1 11.936088 161571 40
CPU10 44.886585 161532 sgemm sgemm CUDA1 1.197274 161572 40
CPU15 44.496531 161533 sgemm sgemm CUDA0 1.060723 161573 40
CPU9 44.635542 161534 sgemm sgemm CUDA0 1.064492 161574 40
CPU13 44.907653 161535 sgemm sgemm CUDA1 0.039835 161575 40
CPU18 44.628646 161536 sgemm sgemm CUDA2 1.470434 161576 40
CPU11 44.883927 161537 sgemm sgemm CUDA0 1.208354 161577 40
CPU9 44.846435 161538 sgemm sgemm CUDA2 1.198437 161578 40
CPU1 45.120467 161539 sgemm sgemm CUDA1 1.204816 161579 40
CPU18 44.743806 161540 sgemm sgemm CUDA1 1.204351 161580 40
CPU3 45.133876 161541 sgemm sgemm CUDA1 1.064724 161581 40
CPU0 45.497818 161542 sgemm sgemm CUDA2 1.063449 161582 40
CPU3 44.656596 161543 sgemm sgemm CUDA1 1.301510 161583 40
CPU6 45.423217 161544 sgemm sgemm CUDA2 1.196909 161584 40
CPU5 45.086323 161545 sgemm sgemm CUDA2 1.196394 161585 40
CPU7 45.168137 161546 sgemm sgemm CUDA1 1.200060 161586 40
CPU0 45.332111 161547 sgemm sgemm CUDA1 12.313008 161587 40
CPU13 44.803526 161548 sgemm sgemm CUDA2 1.082446 161588 40
CPU18 44.730086 161549 sgemm sgemm CUDA2 1.208282 161589 40
CPU8 24.567964 161550 ssyrk ssyrk CUDA1 10.368412 161590 40
CPU7 45.238079 161551 sgemm sgemm CUDA1 1.331907 161591 40
CPU4 45.020798 161552 sgemm sgemm CUDA1 1.217125 161592 40
CPU11 44.628954 161553 sgemm sgemm CUDA1 1.080455 161593 40
CPU2 44.684534 161554 sgemm sgemm CUDA1 1.202619 161594 40
CPU0 45.099420 161555 sgemm sgemm CUDA2 1.367626 161595 40
CPU7 44.750648 161556 sgemm sgemm CUDA2 1.298770 161596 40
CPU17 44.798434 161557 sgemm sgemm CUDA0 5.379220 161597 40
CPU10 44.798288 161558 sgemm sgemm CUDA1 12.020091 161598 40
CPU6 45.008979 161559 sgemm sgemm CUDA0 0.066486 161599 40
CPU16 45.088961 161560 sgemm sgemm CUDA0 7.637852 161600 40
CPU3 44.619112 161561 sgemm sgemm CUDA1 0.045240 161601 40
CPU11 44.883701 161562 sgemm sgemm CUDA1 1.204711 161602 40
CPU12 44.962538 161563 sgemm sgemm CUDA0 1.302323 161603 40
CPU11 44.904047 161564 sgemm sgemm CUDA1 1.073951 161604 40
CPU4 44.884865 161565 sgemm sgemm CUDA2 12.456253 161605 40
CPU1 44.829128 161566 sgemm sgemm CUDA2 1.205751 161606 40
CPU13 44.925307 161567 sgemm sgemm CUDA0 1.078518 161607 40
CPU9 44.983502 161568 sgemm sgemm CUDA1 1.195193 161608 40
CPU18 44.562935 161569 sgemm sgemm CUDA1 0.039788 161609 40
CPU12 44.923338 161570 sgemm sgemm CUDA2 1.067014 161610 40
CPU2 45.151052 161571 sgemm sgemm CUDA3 0.044614 161611 40
CPU7 45.055218 161572 sgemm sgemm CUDA2 1.139757 161612 40
CPU7 45.072239 161573 sgemm sgemm CUDA0 1.065305 161613 40
CPU9 45.171886 161574 sgemm sgemm CUDA0 1.066677 161614 40
CPU4 44.741721 161575 sgemm sgemm CUDA3 1.192953 161615 40
CPU11 44.864306 161576 sgemm sgemm CUDA1 1.215575 161616 40
CPU15 24.585492 161577 ssyrk ssyrk CUDA0 0.087769 161617 40
CPU15 44.640114 161578 sgemm sgemm CUDA0 1.080227 161618 40
CPU14 44.874837 161579 sgemm sgemm CUDA1 1.193320 161619 40
CPU4 45.042710 161580 sgemm sgemm CUDA0 12.717971 161620 40
CPU15 44.655131 161581 sgemm sgemm CUDA0 1.391219 161621 40
CPU15 44.713653 161582 sgemm sgemm CUDA2 1.199285 161622 40
CPU16 45.072030 161583 sgemm sgemm CUDA0 0.055603 161623 40
CPU8 44.918433 161584 sgemm sgemm CUDA2 1.065299 161624 40
CPU17 44.716400 161585 sgemm sgemm CUDA0 1.070484 161625 40
CPU14 45.357271 161586 sgemm sgemm CUDA1 1.080777 161626 40
CPU0 44.981949 161587 sgemm sgemm CUDA1 1.373367 161627 40
CPU13 44.796538 161588 sgemm sgemm CUDA1 1.078673 161628 40
CPU14 44.717150 161589 sgemm sgemm CUDA0 1.062560 161629 40
CPU19 44.909046 161590 sgemm sgemm CUDA0 1.069228 161630 40
CPU9 44.807482 161591 sgemm sgemm CUDA2 0.043902 161631 40
CPU12 44.991525 161592 sgemm sgemm CUDA0 1.085207 161632 40
CPU19 44.943085 161593 sgemm sgemm CUDA0 1.209744 161633 40
CPU18 44.445549 161594 sgemm sgemm CUDA2 1.199856 161634 40
CPU17 44.833759 161595 sgemm sgemm CUDA2 1.206295 161635 40
CPU5 45.088194 161596 sgemm sgemm CUDA0 1.200632 161636 40
CPU14 44.987561 161597 sgemm sgemm CUDA0 0.043890 161637 40
CPU16 44.470894 161598 sgemm sgemm CUDA2 1.140956 161638 40
CPU6 45.146762 161599 sgemm sgemm CUDA0 1.065303 161639 40
CPU19 44.730234 161600 sgemm sgemm CUDA0 1.078750 161640 40
CPU9 45.226401 161601 sgemm sgemm CUDA0 12.184584 161641 40
CPU10 45.690384 161602 sgemm sgemm CUDA1 0.379563 161642 40
CPU0 25.083421 161603 ssyrk ssyrk CUDA3 0.698468 161643 40
CPU1 44.894331 161604 sgemm sgemm CUDA3 1.195796 161644 40
CPU11 44.666961 161605 sgemm sgemm CUDA0 0.054056 161645 40
CPU6 45.040581 161606 sgemm sgemm CUDA0 1.083316 161646 40
CPU3 44.722929 161607 sgemm sgemm CUDA3 1.204717 161647 40
CPU19 44.584366 161608 sgemm sgemm CUDA3 1.194768 161648 40
CPU16 44.873403 161609 sgemm sgemm CUDA3 1.079433 161649 40
CPU11 44.644737 161610 sgemm sgemm CUDA3 12.112368 161650 40
CPU18 44.888669 161611 sgemm sgemm CUDA0 0.041419 161651 40
CPU5 44.665067 161612 sgemm sgemm CUDA1 1.204226 161652 40
CPU13 45.001096 161613 sgemm sgemm CUDA1 1.067527 161653 40
CPU10 44.838561 161614 sgemm sgemm CUDA0 1.198643 161654 40
CPU0 45.287647 161615 sgemm sgemm CUDA0 1.076382 161655 40
CPU3 44.822581 161616 sgemm sgemm CUDA1 1.205676 161656 40
CPU1 44.754084 161617 sgemm sgemm CUDA0 1.064532 161657 40
CPU15 44.919355 161618 sgemm sgemm CUDA0 1.078676 161658 40
CPU6 45.268797 161619 sgemm sgemm CUDA1 1.067147 161659 40
CPU11 44.613508 161620 sgemm sgemm CUDA0 1.068294 161660 40
CPU13 44.706915 161621 sgemm sgemm CUDA1 1.063691 161661 40
CPU10 44.892353 161622 sgemm sgemm CUDA3 1.261503 161662 40
CPU6 44.944961 161623 sgemm sgemm CUDA1 1.208129 161663 40
CPU12 44.838112 161624 sgemm sgemm CUDA0 1.065217 161664 40
CPU12 44.644117 161625 sgemm sgemm CUDA1 1.322643 161665 40
CPU5 45.056546 161626 sgemm sgemm CUDA1 1.207032 161666 40
CPU11 44.777947 161627 sgemm sgemm CUDA3 1.313258 161667 40
CPU9 24.667476 161628 ssyrk ssyrk CUDA3 0.678900 161668 40
CPU4 45.217201 161629 sgemm sgemm CUDA1 1.210200 161669 40
CPU6 45.188944 161630 sgemm sgemm CUDA3 1.197536 161670 40
CPU1 44.910057 161631 sgemm sgemm CUDA3 1.069745 161671 40
CPU19 44.511081 161632 sgemm sgemm CUDA3 1.065197 161672 40
CPU16 44.922650 161633 sgemm sgemm CUDA2 1.194621 161673 40
CPU17 44.832769 161634 sgemm sgemm CUDA3 1.197921 161674 40
CPU17 44.939052 161635 sgemm sgemm CUDA3 1.210730 161675 40
CPU3 44.800568 161636 sgemm sgemm CUDA3 24.074550 161676 40
CPU4 44.904059 161637 sgemm sgemm CUDA2 1.319425 161677 40
CPU16 44.789216 161638 sgemm sgemm CUDA2 1.080523 161678 40
CPU19 45.175572 161639 sgemm sgemm CUDA1 1.205679 161679 40
CPU17 45.159267 161640 sgemm sgemm CUDA3 1.301905 161680 40
CPU12 45.085509 161641 sgemm sgemm CUDA0 1.191829 161681 40
CPU10 44.981940 161642 sgemm sgemm CUDA3 1.082020 161682 40
CPU9 45.125374 161643 sgemm sgemm CUDA2 1.079608 161683 40
CPU13 44.741287 161644 sgemm sgemm CUDA0 1.068892 161684 40
CPU8 45.175246 161645 sgemm sgemm CUDA3 1.206137 161685 40
CPU11 44.779914 161646 sgemm sgemm CUDA3 1.192799 161686 40
CPU7 45.052560 161647 sgemm sgemm CUDA2 1.148583 161687 40
CPU6 45.045046 161648 sgemm sgemm CUDA2 1.191406 161688 40
CPU15 44.749551 161649 sgemm sgemm CUDA2 0.040888 161689 40
CPU5 44.797869 161650 sgemm sgemm CUDA2 1.065880 161690 40
CPU10 44.857497 161651 sgemm sgemm CUDA3 1.067101 161691 40
CPU4 25.263019 161652 ssyrk ssyrk CUDA1 0.682837 161692 40
CPU2 44.877650 161653 sgemm sgemm CUDA0 1.208620 161693 40
CPU1 45.026231 161654 sgemm sgemm CUDA0 1.193501 161694 40
CPU12 44.839765 161655 sgemm sgemm CUDA0 1.066541 161695 40
CPU11 45.146450 161656 sgemm sgemm CUDA1 1.193378 161696 40
CPU1 44.770905 161657 sgemm sgemm CUDA3 1.204569 161697 40
CPU15 44.304721 161658 sgemm sgemm CUDA0 1.375399 161698 40
CPU5 44.518368 161659 sgemm sgemm CUDA1 1.204107 161699 40
CPU13 44.995338 161660 sgemm sgemm CUDA3 1.066937 161700 40
CPU16 44.570064 161661 sgemm sgemm CUDA2 1.067291 161701 40
CPU19 45.085572 161662 sgemm sgemm CUDA1 1.194903 161702 40
CPU4 45.017700 161663 sgemm sgemm CUDA3 1.081574 161703 40
CPU3 44.668730 161664 sgemm sgemm CUDA0 1.074280 161704 40
CPU11 44.677269 161665 sgemm sgemm CUDA1 1.074608 161705 40
CPU7 44.983694 161666 sgemm sgemm CUDA1 1.203437 161706 40
CPU12 44.784645 161667 sgemm sgemm CUDA0 1.075858 161707 40
CPU9 45.039097 161668 sgemm sgemm CUDA3 1.204778 161708 40
CPU14 44.655063 161669 sgemm sgemm CUDA3 1.195950 161709 40
CPU15 44.646385 161670 sgemm sgemm CUDA1 1.003958 161710 40
CPU7 45.145724 161671 sgemm sgemm CUDA1 1.068087 161711 40
CPU7 45.019781 161672 sgemm sgemm CUDA0 1.082211 161712 40
CPU4 44.779931 161673 sgemm sgemm CUDA2 1.065390 161713 40
CPU15 44.875231 161674 sgemm sgemm CUDA0 1.067598 161714 40
CPU17 24.938893 161675 ssyrk ssyrk CUDA2 0.727413 161715 40
CPU5 44.949256 161676 sgemm sgemm CUDA2 1.206952 161716 40
CPU16 44.621761 161677 sgemm sgemm CUDA2 1.194290 161717 40
CPU12 44.908230 161678 sgemm sgemm CUDA2 1.068331 161718 40
CPU8 44.770287 161679 sgemm sgemm CUDA0 1.202968 161719 40
CPU16 44.810002 161680 sgemm sgemm CUDA2 1.065459 161720 40
CPU1 44.669341 161681 sgemm sgemm CUDA2 1.063773 161721 40
CPU17 45.049337 161682 sgemm sgemm CUDA3 1.077573 161722 40
CPU14 44.683513 161683 sgemm sgemm CUDA2 1.066479 161723 40
CPU12 45.025223 161684 sgemm sgemm CUDA0 1.071748 161724 40
CPU4 44.894444 161685 sgemm sgemm CUDA3 1.082849 161725 40
CPU0 45.086012 161686 sgemm sgemm CUDA0 1.205008 161726 40
CPU13 44.831146 161687 sgemm sgemm CUDA3 1.065033 161727 40
CPU9 45.113830 161688 sgemm sgemm CUDA2 12.380343 161728 40
CPU17 44.718247 161689 sgemm sgemm CUDA0 1.204095 161729 40
CPU13 45.026351 161690 sgemm sgemm CUDA2 1.074359 161730 40
CPU15 45.105606 161691 sgemm sgemm CUDA2 1.196171 161731 40
CPU18 44.515788 161692 sgemm sgemm CUDA2 1.132430 161732 40
CPU18 44.613962 161693 sgemm sgemm CUDA2 1.210038 161733 40
CPU14 44.542165 161694 sgemm sgemm CUDA0 1.077672 161734 40
CPU9 45.107567 161695 sgemm sgemm CUDA3 1.196229 161735 40
CPU13 44.656535 161696 sgemm sgemm CUDA2 0.044685 161736 40
CPU4 24.980988 161697 ssyrk ssyrk CUDA3 0.683353 161737 40
CPU19 44.566506 161698 sgemm sgemm CUDA3 12.683362 161738 40
CPU16 45.043341 161699 sgemm sgemm CUDA3 0.039993 161739 40
CPU17 44.806720 161700 sgemm sgemm CUDA1 1.211360 161740 40
CPU14 45.336206 161701 sgemm sgemm CUDA2 1.067199 161741 40
CPU1 44.548847 161702 sgemm sgemm CUDA3 0.039397 161742 40
CPU13 45.075859 161703 sgemm sgemm CUDA2 1.064651 161743 40
CPU16 44.605679 161704 sgemm sgemm CUDA1 1.063423 161744 40
CPU19 45.051584 161705 sgemm sgemm CUDA1 1.208127 161745 40
CPU5 44.472922 161706 sgemm sgemm CUDA2 1.206398 161746 40
CPU7 44.769402 161707 sgemm sgemm CUDA0 1.210851 161747 40
CPU18 44.637737 161708 sgemm sgemm CUDA1 1.206593 161748 40
CPU2 45.129781 161709 sgemm sgemm CUDA1 0.038476 161749 40
CPU10 45.109956 161710 sgemm sgemm CUDA1 1.320559 161750 40
CPU13 45.389140 161711 sgemm sgemm CUDA2 1.198463 161751 40
CPU8 45.252937 161712 sgemm sgemm CUDA1 1.197168 161752 40
CPU5 45.128768 161713 sgemm sgemm CUDA1 1.007916 161753 40
CPU16 44.649243 161714 sgemm sgemm CUDA1 1.065890 161754 40
CPU19 44.664605 161715 sgemm sgemm CUDA1 1.192245 161755 40
CPU5 44.989856 161716 sgemm sgemm CUDA0 0.040185 161756 40
CPU13 44.634580 161717 sgemm sgemm CUDA0 1.208470 161757 40
CPU19 25.324686 161718 ssyrk ssyrk CUDA0 0.903319 161758 40
CPU19 44.880236 161719 sgemm sgemm CUDA3 1.066768 161759 40
CPU15 44.728201 161720 sgemm sgemm CUDA1 1.221800 161760 40
CPU18 44.726180 161721 sgemm sgemm CUDA1 1.203828 161761 40
CPU4 44.760572 161722 sgemm sgemm CUDA3 1.320980 161762 40
CPU13 44.975304 161723 sgemm sgemm CUDA2 1.065298 161763 40
CPU16 44.671216 161724 sgemm sgemm CUDA0 1.064411 161764 40
CPU19 44.960009 161725 sgemm sgemm CUDA0 1.063924 161765 40
CPU2 44.617588 161726 sgemm sgemm CUDA3 1.065093 161766 40
CPU8 45.175252 161727 sgemm sgemm CUDA0 1.207282 161767 40
CPU13 45.012191 161728 sgemm sgemm CUDA1 1.188752 161768 40
CPU9 45.226234 161729 sgemm sgemm CUDA3 1.065835 161769 40
CPU18 44.857702 161730 sgemm sgemm CUDA0 1.080091 161770 40
CPU17 44.739865 161731 sgemm sgemm CUDA0 1.206366 161771 40
CPU8 45.091231 161732 sgemm sgemm CUDA0 1.300824 161772 40
CPU4 45.213888 161733 sgemm sgemm CUDA0 1.075181 161773 40
CPU0 45.536710 161734 sgemm sgemm CUDA0 1.208500 161774 40
CPU18 44.521980 161735 sgemm sgemm CUDA2 1.301719 161775 40
CPU18 44.602632 161736 sgemm sgemm CUDA0 1.371491 161776 40
CPU18 44.631666 161737 sgemm sgemm CUDA3 1.196720 161777 40
CPU16 25.015964 161738 ssyrk ssyrk CUDA3 0.679676 161778 40
CPU16 44.925267 161739 sgemm sgemm CUDA2 1.073071 161779 40
CPU15 44.522253 161740 sgemm sgemm CUDA3 1.068036 161780 40
CPU3 44.672444 161741 sgemm sgemm CUDA1 1.202860 161781 40
CPU12 45.209326 161742 sgemm sgemm CUDA2 8.422348 161782 40
CPU11 44.653395 161743 sgemm sgemm CUDA1 1.205634 161783 40
CPU1 44.719829 161744 sgemm sgemm CUDA1 1.322150 161784 40
CPU10 45.145488 161745 sgemm sgemm CUDA3 1.206492 161785 40
CPU18 44.864085 161746 sgemm sgemm CUDA3 13.150797 161786 40
CPU19 45.093766 161747 sgemm sgemm CUDA2 1.211593 161787 40
CPU8 45.010051 161748 sgemm sgemm CUDA3 1.195250 161788 40
CPU8 45.148719 161749 sgemm sgemm CUDA3 0.041862 161789 40
CPU13 44.907894 161750 sgemm sgemm CUDA2 12.873740 161790 40
CPU15 44.781998 161751 sgemm sgemm CUDA2 1.208685 161791 40
CPU7 44.843700 161752 sgemm sgemm CUDA1 1.009132 161792 40
CPU10 44.961342 161753 sgemm sgemm CUDA3 1.354074 161793 40
CPU11 44.552809 161754 sgemm sgemm CUDA1 1.063940 161794 40
CPU12 44.887264 161755 sgemm sgemm CUDA1 1.210400 161795 40
CPU12 45.123140 161756 sgemm sgemm CUDA2 1.068520 161796 40
CPU7 25.247761 161757 ssyrk ssyrk CUDA1 0.681363 161797 40
CPU16 44.440212 161758 sgemm sgemm CUDA1 1.065977 161798 40
CPU2 44.464089 161759 sgemm sgemm CUDA3 1.199604 161799 40
CPU9 44.604385 161760 sgemm sgemm CUDA1 1.189152 161800 40
CPU11 44.719366 161761 sgemm sgemm CUDA1 1.203805 161801 40
CPU11 44.842722 161762 sgemm sgemm CUDA1 1.217966 161802 40
CPU18 44.855635 161763 sgemm sgemm CUDA0 1.208183 161803 40
CPU10 44.819847 161764 sgemm sgemm CUDA0 12.307288 161804 40
CPU15 44.827391 161765 sgemm sgemm CUDA1 1.210596 161805 40
CPU15 44.612819 161766 sgemm sgemm CUDA1 1.197959 161806 40
CPU8 45.116788 161767 sgemm sgemm CUDA1 1.078018 161807 40
CPU13 44.864414 161768 sgemm sgemm CUDA1 1.080605 161808 40
CPU6 45.377088 161769 sgemm sgemm CUDA1 1.063457 161809 40
CPU18 44.629533 161770 sgemm sgemm CUDA3 1.025956 161810 40
CPU6 45.261896 161771 sgemm sgemm CUDA2 1.201264 161811 40
CPU12 44.801942 161772 sgemm sgemm CUDA1 1.196036 161812 40
CPU3 44.957036 161773 sgemm sgemm CUDA1 12.262475 161813 40
CPU4 45.017089 161774 sgemm sgemm CUDA3 1.068968 161814 40
CPU14 25.084786 161775 ssyrk ssyrk CPU -1 161815 40
CPU17 44.885244 161776 sgemm sgemm CUDA1 1.197631 161816 40
CPU10 44.853315 161777 sgemm sgemm CUDA0 1.066980 161817 40
CPU6 45.257734 161778 sgemm sgemm CUDA0 1.062308 161818 40
CPU14 44.956285 161779 sgemm sgemm CUDA0 1.080134 161819 40
CPU15 44.883462 161780 sgemm sgemm CUDA0 13.073919 161820 40
CPU3 44.711409 161781 sgemm sgemm CUDA3 0.047686 161821 40
CPU10 45.011193 161782 sgemm sgemm CUDA0 0.039855 161822 40
CPU7 45.048458 161783 sgemm sgemm CUDA3 1.075916 161823 40
CPU16 44.568552 161784 sgemm sgemm CUDA0 1.191239 161824 40
CPU13 44.880533 161785 sgemm sgemm CUDA2 0.043414 161825 40
CPU17 44.669674 161786 sgemm sgemm CUDA1 1.350530 161826 40
CPU2 44.935932 161787 sgemm sgemm CUDA2 1.010567 161827 40
CPU9 44.338383 161788 sgemm sgemm CUDA2 1.206225 161828 40
CPU9 45.011661 161789 sgemm sgemm CUDA2 1.064848 161829 40
CPU8 44.977338 161790 sgemm sgemm CUDA0 1.299350 161830 40
CPU11 44.835757 161791 sgemm sgemm CUDA0 1.064719 161831 40
CPU4 25.066681 161792 ssyrk ssyrk CPU -1 161832 40
CPU13 45.129666 161793 sgemm sgemm CUDA1 1.067057 161833 40
CPU16 44.743933 161794 sgemm sgemm CUDA1 1.069340 161834 40
CPU4 44.759195 161795 sgemm sgemm CUDA0 1.079674 161835 40
CPU5 45.190578 161796 sgemm sgemm CUDA0 1.190375 161836 40
CPU3 44.497425 161797 sgemm sgemm CUDA0 0.042595 161837 40
CPU13 45.455506 161798 sgemm sgemm CUDA0 1.080913 161838 40
CPU8 44.853013 161799 sgemm sgemm CUDA1 1.077971 161839 40
CPU0 45.342437 161800 sgemm sgemm CUDA3 1.247464 161840 40
CPU12 44.695863 161801 sgemm sgemm CUDA1 1.320169 161841 40
CPU12 44.947219 161802 sgemm sgemm CUDA1 1.062863 161842 40
CPU11 44.808153 161803 sgemm sgemm CUDA2 13.117417 161843 40
CPU13 45.363763 161804 sgemm sgemm CUDA3 1.201895 161844 40
CPU19 44.791328 161805 sgemm sgemm CUDA2 1.203316 161845 40
CPU11 44.853102 161806 sgemm sgemm CUDA1 1.209182 161846 40
CPU11 44.920164 161807 sgemm sgemm CUDA2 1.082370 161847 40
CPU4 25.025135 161808 ssyrk ssyrk CPU -1 161848 40
CPU14 44.777254 161809 sgemm sgemm CUDA1 1.192473 161849 40
CPU0 44.928027 161810 sgemm sgemm CUDA1 0.047528 161850 40
CPU10 45.706993 161811 sgemm sgemm CUDA3 1.206614 161851 40
CPU11 44.840083 161812 sgemm sgemm CUDA3 1.203931 161852 40
CPU11 44.531358 161813 sgemm sgemm CUDA0 1.214156 161853 40
CPU19 44.890758 161814 sgemm sgemm CUDA2 1.067792 161854 40
CPU7 45.133953 161815 sgemm sgemm CUDA1 1.066923 161855 40
CPU13 44.810740 161816 sgemm sgemm CUDA1 1.207314 161856 40
CPU15 44.976174 161817 sgemm sgemm CUDA3 13.206786 161857 40
CPU16 45.203664 161818 sgemm sgemm CUDA2 0.039391 161858 40
CPU17 44.901318 161819 sgemm sgemm CUDA2 1.350798 161859 40
CPU17 44.834261 161820 sgemm sgemm CUDA0 1.081911 161860 40
CPU3 44.753792 161821 sgemm sgemm CUDA3 1.320709 161861 40
CPU10 44.774186 161822 sgemm sgemm CUDA3 1.065950 161862 40
CPU3 25.070207 161823 ssyrk ssyrk CPU -1 161863 40
CPU15 44.694249 161824 sgemm sgemm CUDA1 1.205936 161864 40
CPU17 44.903790 161825 sgemm sgemm CUDA1 1.193491 161865 40
CPU2 45.050802 161826 sgemm sgemm CUDA1 1.065445 161866 40
CPU13 44.787765 161827 sgemm sgemm CUDA2 1.189224 161867 40
CPU2 44.964231 161828 sgemm sgemm CUDA0 1.066801 161868 40
CPU2 45.197310 161829 sgemm sgemm CUDA0 1.193883 161869 40
CPU13 44.720765 161830 sgemm sgemm CUDA1 1.084343 161870 40
CPU0 45.371043 161831 sgemm sgemm CUDA1 12.047849 161871 40
CPU2 45.230655 161832 sgemm sgemm CUDA1 1.200589 161872 40
CPU2 45.125147 161833 sgemm sgemm CUDA0 1.205573 161873 40
CPU9 45.175530 161834 sgemm sgemm CUDA0 9.734997 161874 40
CPU5 44.894687 161835 sgemm sgemm CUDA2 12.541655 161875 40
CPU15 44.498044 161836 sgemm sgemm CUDA1 1.189847 161876 40
CPU14 24.882609 161837 ssyrk ssyrk CUDA1 0.670736 161877 40
CPU19 45.022998 161838 sgemm sgemm CUDA0 1.076227 161878 40
CPU12 44.858247 161839 sgemm sgemm CUDA0 1.257486 161879 40
CPU18 44.680194 161840 sgemm sgemm CUDA2 1.072327 161880 40
CPU16 44.750240 161841 sgemm sgemm CUDA1 1.067386 161881 40
CPU17 44.954586 161842 sgemm sgemm CUDA2 12.067242 161882 40
CPU13 44.789957 161843 sgemm sgemm CUDA0 1.063335 161883 40
CPU14 44.809165 161844 sgemm sgemm CUDA0 1.066196 161884 40
CPU19 44.769274 161845 sgemm sgemm CUDA1 1.148898 161885 40
CPU8 44.956770 161846 sgemm sgemm CUDA0 1.077737 161886 40
CPU17 44.747384 161847 sgemm sgemm CUDA1 1.067802 161887 40
CPU5 44.879264 161848 sgemm sgemm CUDA0 1.203144 161888 40
CPU11 44.650216 161849 sgemm sgemm CUDA2 1.302526 161889 40
CPU7 24.883724 161850 ssyrk ssyrk CPU -1 161890 40
CPU8 44.605389 161851 sgemm sgemm CUDA1 1.066322 161891 40
CPU2 44.364169 161852 sgemm sgemm CUDA1 1.192794 161892 40
CPU18 44.603092 161853 sgemm sgemm CUDA0 1.075829 161893 40
CPU6 45.431282 161854 sgemm sgemm CUDA2 0.045008 161894 40
CPU13 44.856946 161855 sgemm sgemm CUDA1 1.203442 161895 40
CPU16 44.874839 161856 sgemm sgemm CUDA1 13.027800 161896 40
CPU10 44.895233 161857 sgemm sgemm CUDA0 1.011568 161897 40
CPU11 45.181157 161858 sgemm sgemm CUDA3 1.066314 161898 40
CPU19 45.040459 161859 sgemm sgemm CUDA1 1.194842 161899 40
CPU19 44.974159 161860 sgemm sgemm CUDA1 0.040287 161900 40
CPU10 45.292447 161861 sgemm sgemm CUDA0 1.077714 161901 40
CPU9 24.567459 161862 ssyrk ssyrk CPU -1 161902 40
CPU3 44.218984 161863 sgemm sgemm CUDA1 12.048334 161903 40
CPU8 44.934751 161864 sgemm sgemm CUDA3 1.200746 161904 40
CPU4 45.311889 161865 sgemm sgemm CUDA2 1.349624 161905 40
CPU13 44.676771 161866 sgemm sgemm CUDA1 1.299631 161906 40
CPU6 45.241107 161867 sgemm sgemm CUDA2 13.097997 161907 40
CPU8 45.077176 161868 sgemm sgemm CUDA2 1.268445 161908 40
CPU5 44.737119 161869 sgemm sgemm CUDA2 0.049264 161909 40
CPU5 44.955043 161870 sgemm sgemm CUDA1 1.196227 161910 40
CPU4 44.575286 161871 sgemm sgemm CUDA3 1.199905 161911 40
CPU10 44.775575 161872 sgemm sgemm CUDA0 12.468918 161912 40
CPU14 24.771462 161873 ssyrk ssyrk CUDA3 0.681516 161913 40
CPU0 45.183163 161874 sgemm sgemm CUDA0 0.039687 161914 40
CPU5 44.718688 161875 sgemm sgemm CUDA0 1.207391 161915 40
CPU18 44.611845 161876 sgemm sgemm CUDA2 0.041062 161916 40
CPU13 44.619381 161877 sgemm sgemm CUDA3 1.208974 161917 40
CPU8 44.990732 161878 sgemm sgemm CUDA0 1.137620 161918 40
CPU14 45.340956 161879 sgemm sgemm CUDA3 1.082166 161919 40
CPU4 45.077428 161880 sgemm sgemm CUDA3 0.039667 161920 40
CPU16 44.771186 161881 sgemm sgemm CUDA2 0.039655 161921 40
CPU5 44.502052 161882 sgemm sgemm CUDA0 12.253931 161922 40
CPU8 24.890402 161883 ssyrk ssyrk CPU -1 161923 40
CPU14 44.570533 161884 sgemm sgemm CUDA0 10.320754 161924 40
CPU10 44.730063 161885 sgemm sgemm CUDA3 12.172890 161925 40
CPU3 45.395786 161886 sgemm sgemm CUDA2 1.195054 161926 40
CPU1 45.420627 161887 sgemm sgemm CUDA2 1.024566 161927 40
CPU2 45.123022 161888 sgemm sgemm CUDA0 1.262937 161928 40
CPU4 45.208713 161889 sgemm sgemm CUDA0 1.209309 161929 40
CPU9 44.951475 161890 sgemm sgemm CUDA3 1.191871 161930 40
CPU18 44.531700 161891 sgemm sgemm CUDA3 1.206872 161931 40
CPU16 24.484382 161892 ssyrk ssyrk CPU -1 161932 40
CPU11 44.476294 161893 sgemm sgemm CUDA1 1.078872 161933 40
CPU5 45.201543 161894 sgemm sgemm CUDA3 1.145585 161934 40
CPU4 45.316910 161895 sgemm sgemm CUDA0 1.144243 161935 40
CPU3 45.121375 161896 sgemm sgemm CUDA3 1.154072 161936 40
CPU0 45.098838 161897 sgemm sgemm CUDA2 1.064069 161937 40
CPU5 45.092408 161898 sgemm sgemm CUDA2 1.080148 161938 40
CPU11 44.605809 161899 sgemm sgemm CUDA3 1.154110 161939 40
CPU19 25.068699 161900 ssyrk ssyrk CPU -1 161940 40
CPU4 45.170800 161901 sgemm sgemm CUDA1 1.065986 161941 40
CPU13 44.688581 161902 sgemm sgemm CUDA3 1.013868 161942 40
CPU3 44.889821 161903 sgemm sgemm CUDA3 1.195527 161943 40
CPU12 44.973771 161904 sgemm sgemm CUDA0 1.063099 161944 40
CPU11 44.583493 161905 sgemm sgemm CUDA2 1.349239 161945 40
CPU11 44.670823 161906 sgemm sgemm CUDA2 1.314517 161946 40
CPU11 24.513882 161907 ssyrk ssyrk CPU -1 161947 40
CPU17 44.916734 161908 sgemm sgemm CUDA1 12.459253 161948 40
CPU19 44.753451 161909 sgemm sgemm CUDA2 1.193889 161949 40
CPU15 44.888887 161910 sgemm sgemm CUDA3 1.353246 161950 40
CPU13 44.725249 161911 sgemm sgemm CUDA1 1.208375 161951 40
CPU12 44.965584 161912 sgemm sgemm CUDA1 1.084888 161952 40
CPU19 24.831222 161913 ssyrk ssyrk CPU10 97.884548 161953 40
CPU13 45.088066 161914 sgemm sgemm CUDA0 1.212202 161954 40
CPU0 45.387062 161915 sgemm sgemm CUDA3 13.152307 161955 40
CPU11 44.552546 161916 sgemm sgemm CUDA1 0.054171 161956 40
CPU11 44.853768 161917 sgemm sgemm CUDA3 0.032706 161957 40
CPU9 24.622045 161918 ssyrk ssyrk CPU -1 161958 40
CPU5 44.825723 161919 sgemm sgemm CUDA0 1.065629 161959 40
CPU5 44.894347 161920 sgemm sgemm CUDA1 1.207497 161960 40
CPU5 44.630605 161921 sgemm sgemm CUDA3 1.065510 161961 40
CPU19 25.015889 161922 ssyrk ssyrk CPU -1 161962 40
CPU5 44.978950 161923 sgemm sgemm CUDA3 1.197247 161963 40
CPU5 44.934147 161924 sgemm sgemm CUDA3 1.069432 161964 40
CPU1 25.003361 161925 ssyrk ssyrk CPU -1 161965 40
CPU1 45.123329 161926 sgemm sgemm CUDA0 1.082231 161966 40
CPU19 25.272598 161927 ssyrk ssyrk CUDA2 0.700338 161967 40
CPU3 29.925889 161930 strmm strmm CUDA2 4.243399 161970 40
CPU12 30.999644 161934 strmm strmm CUDA2 4.286562 161974 40
CPU19 30.571793 161938 strmm strmm CUDA3 4.291701 161978 40
CPU4 29.700547 161942 strmm strmm CUDA0 4.286688 161982 40
CPU15 30.990588 161946 strmm strmm CUDA2 0.031355 161986 40
CPU14 29.801853 161950 strmm strmm CUDA2 4.587429 161990 40
CPU7 31.287763 161954 strmm strmm CUDA2 4.293772 161994 40
CPU5 31.226226 161958 strmm strmm CUDA1 4.546399 161998 40
CPU18 29.867715 161962 strmm strmm CUDA0 0.031480 162002 40
CPU2 30.184865 161966 strmm strmm CUDA1 27.050455 162006 40
CPU18 30.244866 161970 strmm strmm CUDA2 0.029994 162010 40
CPU12 30.735348 161974 strmm strmm CUDA3 4.289515 162014 40
CPU5 30.773877 161978 strmm strmm CUDA2 4.595691 162018 40
CPU13 30.454549 161982 strmm strmm CUDA1 4.581707 162022 40
CPU8 31.383298 161986 strmm strmm CUDA0 15.015289 162026 40
CPU9 30.624526 161990 strmm strmm CUDA1 4.286701 162030 40
CPU13 30.428075 161994 strmm strmm CUDA3 15.024841 162034 40
CPU13 30.354766 161998 strmm strmm CUDA1 14.912557 162038 40
CPU0 31.816198 162002 strmm strmm CUDA2 10.213998 162042 40
CPU10 30.690560 162006 strmm strmm CUDA0 0.028527 162046 40
CPU4 30.915774 162010 strmm strmm CUDA0 0.060928 162050 40
CPU17 30.443539 162014 strmm strmm CUDA2 4.290862 162054 40
CPU10 31.426172 162018 strmm strmm CUDA0 4.292440 162058 40
CPU13 31.577660 162022 strmm strmm CUDA1 4.288239 162062 40
CPU6 31.564577 162026 strmm strmm CUDA0 15.510246 162066 40
CPU7 30.252434 162030 strmm strmm CUDA1 0.055853 162070 40
CPU10 31.522427 162034 strmm strmm CUDA0 4.597065 162074 40
CPU2 30.327531 162038 strmm strmm CUDA0 4.488838 162078 40
CPU5 29.581461 162042 strmm strmm CUDA3 4.424926 162082 40
CPU10 30.611045 162046 strmm strmm CUDA1 0.029270 162086 40
CPU11 30.091979 162050 strmm strmm CUDA0 15.129290 162090 40
CPU11 30.228685 162054 strmm strmm CUDA3 15.012365 162094 40
CPU13 30.274197 162058 strmm strmm CUDA2 13.378558 162098 40
CPU13 30.427683 162062 strmm strmm CUDA1 4.283249 162102 40
CPU13 31.013823 162066 strmm strmm CUDA3 4.596458 162106 40
CPU3 31.167361 162070 strmm strmm CUDA1 4.704210 162110 40
CPU1 30.932675 162074 strmm strmm CUDA3 0.031460 162114 40
CPU10 31.135611 162078 strmm strmm CUDA2 4.296135 162118 40
CPU13 12.633586 162082 slauum slauum CPU -1 162122 40
CPU9 24.754755 162084 ssyrk ssyrk CPU10 96.116178 162124 40
CPU0 45.213164 162085 sgemm sgemm CUDA3 7.201960 162125 40
CPU9 44.728253 162086 sgemm sgemm CUDA2 0.988358 162126 40
CPU2 44.921578 162087 sgemm sgemm CUDA2 1.002639 162127 40
CPU5 45.101995 162088 sgemm sgemm CUDA3 0.080252 162128 40
CPU4 45.143895 162089 sgemm sgemm CUDA3 1.000322 162129 40
CPU3 45.057196 162090 sgemm sgemm CUDA3 16.208144 162130 40
CPU8 45.145074 162091 sgemm sgemm CUDA3 0.109714 162131 40
CPU0 45.226759 162092 sgemm sgemm CUDA1 1.066643 162132 40
CPU4 45.171625 162093 sgemm sgemm CUDA3 1.266281 162133 40
CPU6 45.255624 162094 sgemm sgemm CUDA2 1.116996 162134 40
CPU3 44.880115 162095 sgemm sgemm CUDA3 1.136224 162135 40
CPU14 44.789848 162096 sgemm sgemm CUDA2 1.110199 162136 40
CPU12 44.795732 162097 sgemm sgemm CUDA1 4.201016 162137 40
CPU5 44.918134 162098 sgemm sgemm CUDA2 1.693262 162138 40
CPU8 45.070899 162099 sgemm sgemm CUDA1 1.149373 162139 40
CPU4 45.333291 162100 sgemm sgemm CUDA0 1.074173 162140 40
CPU8 44.785927 162101 sgemm sgemm CUDA0 23.760093 162141 40
CPU18 44.429345 162102 sgemm sgemm CUDA0 16.334348 162142 40
CPU16 44.355133 162103 sgemm sgemm CUDA1 1.207881 162143 40
CPU12 45.090301 162104 sgemm sgemm CUDA0 1.068064 162144 40
CPU17 44.735647 162105 sgemm sgemm CUDA3 1.013025 162145 40
CPU0 45.288892 162106 sgemm sgemm CUDA3 1.011784 162146 40
CPU15 44.527458 162107 sgemm sgemm CUDA2 1.065755 162147 40
CPU7 45.515814 162108 sgemm sgemm CUDA2 0.319149 162148 40
CPU6 44.934348 162109 sgemm sgemm CUDA0 1.184434 162149 40
CPU9 44.876932 162110 sgemm sgemm CUDA2 1.008375 162150 40
CPU6 45.462934 162111 sgemm sgemm CUDA3 0.059191 162151 40
CPU13 44.580209 162112 sgemm sgemm CUDA3 1.025587 162152 40
CPU3 45.171262 162113 sgemm sgemm CUDA3 1.011566 162153 40
CPU12 44.836965 162114 sgemm sgemm CUDA3 1.019802 162154 40
CPU13 44.880686 162115 sgemm sgemm CUDA3 1.029174 162155 40
CPU16 44.969442 162116 sgemm sgemm CUDA2 1.009485 162156 40
CPU19 44.712386 162117 sgemm sgemm CUDA0 1.139917 162157 40
CPU19 44.919869 162118 sgemm sgemm CUDA1 1.287635 162158 40
CPU10 44.680282 162119 sgemm sgemm CUDA0 1.162105 162159 40
CPU12 44.821070 162120 sgemm sgemm CUDA3 0.133230 162160 40
CPU9 44.855711 162121 sgemm sgemm CUDA2 1.008858 162161 40
CPU3 44.711156 162122 sgemm sgemm CUDA2 1.154917 162162 40
CPU6 25.163804 162123 ssyrk ssyrk CPU -1 162163 40
CPU14 44.892743 162124 sgemm sgemm CUDA1 5.330674 162164 40
CPU0 45.289759 162125 sgemm sgemm CUDA2 1.141374 162165 40
CPU6 45.435059 162126 sgemm sgemm CUDA0 1.283015 162166 40
CPU16 44.558445 162127 sgemm sgemm CUDA3 7.214512 162167 40
CPU15 44.789327 162128 sgemm sgemm CUDA1 45.775230 162168 40
CPU17 44.704735 162129 sgemm sgemm CUDA1 5.507676 162169 40
CPU16 44.593720 162130 sgemm sgemm CUDA1 0.171799 162170 40
CPU3 44.895933 162131 sgemm sgemm CUDA0 1.218809 162171 40
CPU10 44.991426 162132 sgemm sgemm CUDA2 10.436360 162172 40
CPU4 45.072090 162133 sgemm sgemm CUDA1 1.066230 162173 40
CPU14 44.984853 162134 sgemm sgemm CUDA1 1.987088 162174 40
CPU18 44.708961 162135 sgemm sgemm CUDA0 7.563627 162175 40
CPU17 45.009766 162136 sgemm sgemm CUDA2 0.194371 162176 40
CPU4 45.070627 162137 sgemm sgemm CUDA1 1.006725 162177 40
CPU1 45.174327 162138 sgemm sgemm CUDA0 0.058680 162178 40
CPU1 44.788343 162139 sgemm sgemm CUDA0 11.683080 162179 40
CPU15 44.733644 162140 sgemm sgemm CUDA0 0.054759 162180 40
CPU14 44.534430 162141 sgemm sgemm CUDA1 1.150598 162181 40
CPU11 44.708696 162142 sgemm sgemm CUDA0 7.796241 162182 40
CPU17 44.589841 162143 sgemm sgemm CUDA2 1.138291 162183 40
CPU0 45.270859 162144 sgemm sgemm CUDA3 34.854207 162184 40
CPU18 44.661793 162145 sgemm sgemm CUDA2 1.144508 162185 40
CPU14 44.975319 162146 sgemm sgemm CUDA3 1.019463 162186 40
CPU1 44.800431 162147 sgemm sgemm CUDA1 0.498569 162187 40
CPU7 45.325918 162148 sgemm sgemm CUDA2 1.143612 162188 40
CPU8 45.059405 162149 sgemm sgemm CUDA3 1.183730 162189 40
CPU13 44.826640 162150 sgemm sgemm CUDA3 1.210182 162190 40
CPU6 45.230401 162151 sgemm sgemm CUDA0 1.314611 162191 40
CPU18 45.128080 162152 sgemm sgemm CUDA3 1.154666 162192 40
CPU6 45.392432 162153 sgemm sgemm CUDA3 1.077999 162193 40
CPU3 45.061841 162154 sgemm sgemm CUDA2 12.432198 162194 40
CPU18 44.583737 162155 sgemm sgemm CUDA0 11.731521 162195 40
CPU7 45.390927 162156 sgemm sgemm CUDA1 3.460183 162196 40
CPU5 44.806567 162157 sgemm sgemm CUDA0 0.055517 162197 40
CPU10 44.954586 162158 sgemm sgemm CUDA3 1.227127 162198 40
CPU13 45.134431 162159 sgemm sgemm CUDA2 1.130460 162199 40
CPU12 45.173049 162160 sgemm sgemm CUDA2 17.453315 162200 40
CPU14 24.841891 162161 ssyrk ssyrk CUDA0 21.575409 162201 40
CPU14 44.763963 162162 sgemm sgemm CUDA2 8.677715 162202 40
CPU14 44.743712 162163 sgemm sgemm CUDA0 1.714063 162203 40
CPU14 44.567435 162164 sgemm sgemm CUDA2 1.149918 162204 40
CPU14 44.745009 162165 sgemm sgemm CUDA0 0.087156 162205 40
CPU14 44.634842 162166 sgemm sgemm CUDA1 0.154407 162206 40
CPU15 44.625927 162167 sgemm sgemm CUDA3 2.055707 162207 40
CPU14 44.851159 162168 sgemm sgemm CUDA0 2.435329 162208 40
CPU14 44.920798 162169 sgemm sgemm CUDA2 0.073785 162209 40
CPU2 44.697563 162170 sgemm sgemm CUDA1 5.667139 162210 40
CPU14 44.720711 162171 sgemm sgemm CUDA1 11.488117 162211 40
CPU19 44.630752 162172 sgemm sgemm CUDA3 1.507763 162212 40
CPU4 45.083323 162173 sgemm sgemm CUDA3 0.464963 162213 40
CPU0 45.283048 162174 sgemm sgemm CUDA1 1.153864 162214 40
CPU7 45.265410 162175 sgemm sgemm CUDA0 9.953665 162215 40
CPU5 44.835604 162176 sgemm sgemm CUDA2 11.724924 162216 40
CPU19 44.666361 162177 sgemm sgemm CUDA1 0.065755 162217 40
CPU16 44.522494 162178 sgemm sgemm CUDA1 1.008179 162218 40
CPU18 44.507570 162179 sgemm sgemm CUDA0 0.172398 162219 40
CPU17 45.373764 162180 sgemm sgemm CUDA3 5.981125 162220 40
CPU3 44.887410 162181 sgemm sgemm CUDA3 0.130836 162221 40
CPU11 44.659803 162182 sgemm sgemm CUDA2 1.010314 162222 40
CPU15 44.675820 162183 sgemm sgemm CUDA3 0.105280 162223 40
CPU19 45.014177 162184 sgemm sgemm CUDA3 0.164670 162224 40
CPU16 44.859478 162185 sgemm sgemm CUDA2 1.011520 162225 40
CPU11 44.665790 162186 sgemm sgemm CUDA3 0.043129 162226 40
CPU13 44.849947 162187 sgemm sgemm CUDA1 1.133931 162227 40
CPU3 45.208540 162188 sgemm sgemm CUDA1 11.807801 162228 40
CPU10 44.838881 162189 sgemm sgemm CUDA3 1.139418 162229 40
CPU18 44.829887 162190 sgemm sgemm CUDA2 1.208469 162230 40
CPU16 44.868205 162191 sgemm sgemm CUDA3 0.081823 162231 40
CPU1 45.051107 162192 sgemm sgemm CUDA2 0.088409 162232 40
CPU0 45.465307 162193 sgemm sgemm CUDA3 0.271475 162233 40
CPU1 45.090766 162194 sgemm sgemm CUDA2 1.151750 162234 40
CPU3 45.125875 162195 sgemm sgemm CUDA1 0.099070 162235 40
CPU1 45.112074 162196 sgemm sgemm CUDA1 1.003377 162236 40
CPU19 45.146348 162197 sgemm sgemm CUDA3 0.055069 162237 40
CPU0 25.374853 162198 ssyrk ssyrk CPU11 96.000998 162238 40
CPU4 45.339884 162199 sgemm sgemm CUDA2 0.045035 162239 40
CPU15 44.313436 162200 sgemm sgemm CUDA2 1.151529 162240 40
CPU15 44.546784 162201 sgemm sgemm CUDA2 1.405668 162241 40
CPU18 44.540081 162202 sgemm sgemm CUDA3 0.220324 162242 40
CPU17 44.785057 162203 sgemm sgemm CUDA1 1.204073 162243 40
CPU4 44.590967 162204 sgemm sgemm CUDA2 1.202478 162244 40
CPU2 44.838906 162205 sgemm sgemm CUDA2 1.010483 162245 40
CPU5 44.579447 162206 sgemm sgemm CUDA2 1.156191 162246 40
CPU15 44.751300 162207 sgemm sgemm CUDA1 11.849753 162247 40
CPU14 44.620148 162208 sgemm sgemm CUDA3 1.293501 162248 40
CPU11 44.571793 162209 sgemm sgemm CUDA3 0.995934 162249 40
CPU3 44.743028 162210 sgemm sgemm CUDA0 0.071567 162250 40
CPU5 45.236330 162211 sgemm sgemm CUDA2 1.010423 162251 40
CPU6 45.691862 162212 sgemm sgemm CUDA3 4.190001 162252 40
CPU19 44.917451 162213 sgemm sgemm CUDA1 1.082273 162253 40
CPU14 44.649253 162214 sgemm sgemm CUDA1 1.148264 162254 40
CPU17 44.776296 162215 sgemm sgemm CUDA0 1.007921 162255 40
CPU17 44.891658 162216 sgemm sgemm CUDA3 23.436217 162256 40
CPU9 44.750351 162217 sgemm sgemm CUDA2 1.149907 162257 40
CPU3 44.736654 162218 sgemm sgemm CUDA2 1.003253 162258 40
CPU11 44.710359 162219 sgemm sgemm CUDA0 1.167753 162259 40
CPU1 44.637013 162220 sgemm sgemm CUDA1 0.048309 162260 40
CPU3 44.922494 162221 sgemm sgemm CUDA2 1.133207 162261 40
CPU4 45.264057 162222 sgemm sgemm CUDA3 1.169362 162262 40
CPU13 45.033402 162223 sgemm sgemm CUDA3 1.126669 162263 40
CPU3 44.887283 162224 sgemm sgemm CUDA2 1.149131 162264 40
CPU15 44.641214 162225 sgemm sgemm CUDA3 1.021482 162265 40
CPU0 45.062869 162226 sgemm sgemm CUDA0 1.008280 162266 40
CPU17 44.838828 162227 sgemm sgemm CUDA3 1.000352 162267 40
CPU8 44.800256 162228 sgemm sgemm CUDA2 1.017246 162268 40
CPU5 44.980814 162229 sgemm sgemm CUDA0 1.031007 162269 40
CPU6 45.175803 162230 sgemm sgemm CUDA1 1.004100 162270 40
CPU7 44.320715 162231 sgemm sgemm CUDA2 1.009075 162271 40
CPU7 44.313443 162232 sgemm sgemm CUDA1 1.145627 162272 40
CPU4 44.624190 162233 sgemm sgemm CUDA2 1.151368 162273 40
CPU6 25.167144 162234 ssyrk ssyrk CPU -1 162274 40
CPU15 44.353229 162235 sgemm sgemm CUDA3 1.014615 162275 40
CPU15 44.554089 162236 sgemm sgemm CUDA0 1.778959 162276 40
CPU18 44.514616 162237 sgemm sgemm CUDA0 1.345289 162277 40
CPU17 44.676565 162238 sgemm sgemm CUDA0 1.134971 162278 40
CPU3 45.135110 162239 sgemm sgemm CUDA0 1.025222 162279 40
CPU6 45.468641 162240 sgemm sgemm CUDA0 1.239619 162280 40
CPU2 44.829450 162241 sgemm sgemm CUDA3 0.134404 162281 40
CPU14 44.836156 162242 sgemm sgemm CUDA0 1.155585 162282 40
CPU6 45.967782 162243 sgemm sgemm CUDA3 0.720718 162283 40
CPU4 45.053060 162244 sgemm sgemm CUDA3 1.144518 162284 40
CPU1 44.916796 162245 sgemm sgemm CUDA0 1.270236 162285 40
CPU1 45.160914 162246 sgemm sgemm CUDA2 1.009601 162286 40
CPU2 44.677009 162247 sgemm sgemm CUDA1 1.258869 162287 40
CPU18 44.602861 162248 sgemm sgemm CUDA1 1.139268 162288 40
CPU4 44.994523 162249 sgemm sgemm CUDA1 1.137658 162289 40
CPU17 44.874003 162250 sgemm sgemm CUDA0 23.977396 162290 40
CPU15 44.415265 162251 sgemm sgemm CUDA3 1.142909 162291 40
CPU2 44.639089 162252 sgemm sgemm CUDA2 1.026268 162292 40
CPU14 45.059945 162253 sgemm sgemm CUDA2 1.153046 162293 40
CPU16 44.709927 162254 sgemm sgemm CUDA0 1.146686 162294 40
CPU10 44.941451 162255 sgemm sgemm CUDA3 1.159273 162295 40
CPU5 44.478829 162256 sgemm sgemm CUDA2 1.010494 162296 40
CPU9 44.904523 162257 sgemm sgemm CUDA3 1.081794 162297 40
CPU18 44.676884 162258 sgemm sgemm CUDA3 1.076241 162298 40
CPU2 44.810450 162259 sgemm sgemm CUDA3 8.453162 162299 40
CPU11 45.071102 162260 sgemm sgemm CUDA3 1.154932 162300 40
CPU15 45.009646 162261 sgemm sgemm CUDA0 1.151861 162301 40
CPU18 44.920862 162262 sgemm sgemm CUDA3 1.027738 162302 40
CPU17 44.981104 162263 sgemm sgemm CUDA3 1.007092 162303 40
CPU6 44.897545 162264 sgemm sgemm CUDA1 1.153586 162304 40
CPU16 44.866370 162265 sgemm sgemm CUDA0 1.158777 162305 40
CPU7 44.804309 162266 sgemm sgemm CUDA1 0.052031 162306 40
CPU5 44.209846 162267 sgemm sgemm CUDA2 0.055767 162307 40
CPU15 44.939312 162268 sgemm sgemm CUDA2 12.232738 162308 40
CPU14 24.796870 162269 ssyrk ssyrk CPU19 459.653155 162309 40
CPU14 44.663114 162270 sgemm sgemm CUDA3 1.132729 162310 40
CPU14 44.569470 162271 sgemm sgemm CUDA3 1.004383 162311 40
CPU14 44.483349 162272 sgemm sgemm CUDA1 1.000730 162312 40
CPU14 44.570241 162273 sgemm sgemm CUDA3 1.150740 162313 40
CPU16 44.724026 162274 sgemm sgemm CUDA0 1.204891 162314 40
CPU9 44.839906 162275 sgemm sgemm CUDA2 11.708719 162315 40
CPU14 44.760462 162276 sgemm sgemm CUDA0 2.207863 162316 40
CPU2 44.956364 162277 sgemm sgemm CUDA3 1.152264 162317 40
CPU3 45.218722 162278 sgemm sgemm CUDA2 0.047551 162318 40
CPU6 44.968804 162279 sgemm sgemm CUDA0 0.046486 162319 40
CPU7 45.201772 162280 sgemm sgemm CUDA0 0.995208 162320 40
CPU4 45.110052 162281 sgemm sgemm CUDA3 1.137039 162321 40
CPU17 44.693731 162282 sgemm sgemm CUDA3 1.007588 162322 40
CPU9 45.169615 162283 sgemm sgemm CUDA2 1.190987 162323 40
CPU1 45.168464 162284 sgemm sgemm CUDA3 1.149590 162324 40
CPU17 44.748487 162285 sgemm sgemm CUDA1 9.059056 162325 40
CPU0 45.389768 162286 sgemm sgemm CUDA3 1.007060 162326 40
CPU10 44.718505 162287 sgemm sgemm CUDA0 1.283393 162327 40
CPU16 44.797528 162288 sgemm sgemm CUDA1 0.110887 162328 40
CPU19 45.033274 162289 sgemm sgemm CUDA0 1.005973 162329 40
CPU3 44.779379 162290 sgemm sgemm CUDA2 1.255531 162330 40
CPU7 45.417290 162291 sgemm sgemm CUDA1 0.046573 162331 40
CPU13 44.753731 162292 sgemm sgemm CUDA3 1.020706 162332 40
CPU6 45.141220 162293 sgemm sgemm CUDA1 23.749401 162333 40
CPU12 44.838391 162294 sgemm sgemm CUDA3 1.144802 162334 40
CPU14 44.756149 162295 sgemm sgemm CUDA0 5.113676 162335 40
CPU19 44.809058 162296 sgemm sgemm CUDA1 0.054449 162336 40
CPU3 44.943400 162297 sgemm sgemm CUDA2 1.146120 162337 40
CPU11 44.599945 162298 sgemm sgemm CUDA1 1.235425 162338 40
CPU1 45.011643 162299 sgemm sgemm CUDA2 1.005697 162339 40
CPU8 44.969379 162300 sgemm sgemm CUDA3 1.149172 162340 40
CPU7 45.363500 162301 sgemm sgemm CUDA2 1.008287 162341 40
CPU14 45.098642 162302 sgemm sgemm CUDA2 1.131644 162342 40
CPU15 24.547093 162303 ssyrk ssyrk CUDA0 7.617428 162343 40
CPU8 45.069487 162304 sgemm sgemm CUDA2 11.773424 162344 40
CPU16 44.517128 162305 sgemm sgemm CUDA0 0.186580 162345 40
CPU5 45.064534 162306 sgemm sgemm CUDA0 5.571175 162346 40
CPU0 45.365831 162307 sgemm sgemm CUDA2 4.309471 162347 40
CPU8 44.630413 162308 sgemm sgemm CUDA0 20.103855 162348 40
CPU14 44.336692 162309 sgemm sgemm CUDA0 12.062761 162349 40
CPU14 44.633870 162310 sgemm sgemm CUDA3 11.802660 162350 40
CPU8 44.926269 162311 sgemm sgemm CUDA3 21.088810 162351 40
CPU17 44.491299 162312 sgemm sgemm CUDA0 1.346661 162352 40
CPU5 44.953977 162313 sgemm sgemm CUDA0 13.109503 162353 40
CPU9 44.734889 162314 sgemm sgemm CUDA0 0.171912 162354 40
CPU18 44.648533 162315 sgemm sgemm CUDA0 0.079518 162355 40
CPU14 44.908518 162316 sgemm sgemm CUDA2 0.045660 162356 40
CPU7 45.212893 162317 sgemm sgemm CUDA0 1.295891 162357 40
CPU16 44.509839 162318 sgemm sgemm CUDA2 0.086228 162358 40
CPU7 44.989768 162319 sgemm sgemm CUDA3 0.230482 162359 40
CPU12 44.728544 162320 sgemm sgemm CUDA0 0.999106 162360 40
CPU16 44.741694 162321 sgemm sgemm CUDA0 0.070120 162361 40
CPU19 45.220466 162322 sgemm sgemm CUDA0 18.746897 162362 40
CPU5 44.793253 162323 sgemm sgemm CUDA2 1.011088 162363 40
CPU4 44.949219 162324 sgemm sgemm CUDA1 1.252269 162364 40
CPU19 44.619756 162325 sgemm sgemm CUDA3 8.346041 162365 40
CPU7 45.289250 162326 sgemm sgemm CUDA3 0.090197 162366 40
CPU19 44.885201 162327 sgemm sgemm CUDA3 1.013826 162367 40
CPU10 44.750529 162328 sgemm sgemm CUDA3 0.123416 162368 40
CPU13 44.610811 162329 sgemm sgemm CUDA3 0.271278 162369 40
CPU11 44.635407 162330 sgemm sgemm CUDA2 10.287138 162370 40
CPU17 44.686954 162331 sgemm sgemm CUDA0 11.784324 162371 40
CPU13 44.799358 162332 sgemm sgemm CUDA2 1.145932 162372 40
CPU17 44.736943 162333 sgemm sgemm CUDA3 1.074906 162373 40
CPU17 44.820621 162334 sgemm sgemm CUDA0 1.008128 162374 40
CPU7 45.285173 162335 sgemm sgemm CUDA2 16.299968 162375 40
CPU18 24.468331 162336 ssyrk ssyrk CUDA1 0.184030 162376 40
CPU16 44.524628 162337 sgemm sgemm CUDA1 1.649269 162377 40
CPU7 45.237174 162338 sgemm sgemm CUDA2 0.076673 162378 40
CPU4 45.156840 162339 sgemm sgemm CUDA2 0.362820 162379 40
CPU1 44.792925 162340 sgemm sgemm CUDA3 1.018887 162380 40
CPU15 44.522368 162341 sgemm sgemm CUDA1 9.234742 162381 40
CPU14 44.669836 162342 sgemm sgemm CUDA1 1.014494 162382 40
CPU0 45.549096 162343 sgemm sgemm CUDA3 0.534457 162383 40
CPU10 44.658517 162344 sgemm sgemm CUDA0 0.683263 162384 40
CPU6 45.345867 162345 sgemm sgemm CUDA2 1.110777 162385 40
CPU7 45.024293 162346 sgemm sgemm CUDA3 19.646675 162386 40
CPU19 44.836563 162347 sgemm sgemm CUDA1 1.133105 162387 40
CPU11 44.698715 162348 sgemm sgemm CUDA1 1.146908 162388 40
CPU12 44.905821 162349 sgemm sgemm CUDA1 1.130330 162389 40
CPU17 44.735431 162350 sgemm sgemm CUDA3 13.172064 162390 40
CPU5 44.877899 162351 sgemm sgemm CUDA3 1.937452 162391 40
CPU10 44.826921 162352 sgemm sgemm CUDA0 5.010503 162392 40
CPU2 44.968111 162353 sgemm sgemm CUDA0 1.451445 162393 40
CPU2 44.678888 162354 sgemm sgemm CUDA3 0.064734 162394 40
CPU12 45.072114 162355 sgemm sgemm CUDA2 1.018564 162395 40
CPU4 45.173081 162356 sgemm sgemm CUDA3 1.102589 162396 40
CPU15 44.952325 162357 sgemm sgemm CUDA3 0.051607 162397 40
CPU1 45.049399 162358 sgemm sgemm CUDA3 11.908430 162398 40
CPU2 45.165415 162359 sgemm sgemm CUDA3 1.149024 162399 40
CPU11 44.911594 162360 sgemm sgemm CUDA3 2.189894 162400 40
CPU3 44.974843 162361 sgemm sgemm CUDA3 0.090555 162401 40
CPU7 44.728374 162362 sgemm sgemm CUDA2 24.242525 162402 40
CPU6 45.082982 162363 sgemm sgemm CUDA1 3.580556 162403 40
CPU5 45.182923 162364 sgemm sgemm CUDA2 1.494604 162404 40
CPU14 44.927046 162365 sgemm sgemm CUDA3 1.007717 162405 40
CPU7 45.121753 162366 sgemm sgemm CUDA2 1.262614 162406 40
CPU5 44.791005 162367 sgemm sgemm CUDA1 1.222454 162407 40
CPU16 24.465272 162368 ssyrk ssyrk CUDA0 2.371702 162408 40
CPU15 44.715736 162369 sgemm sgemm CUDA0 2.261964 162409 40
CPU17 44.718697 162370 sgemm sgemm CUDA1 1.259891 162410 40
CPU9 45.182742 162371 sgemm sgemm CUDA1 17.864364 162411 40
CPU14 44.816898 162372 sgemm sgemm CUDA1 4.401243 162412 40
CPU14 44.672937 162373 sgemm sgemm CUDA1 12.918572 162413 40
CPU5 44.947018 162374 sgemm sgemm CUDA0 1.147964 162414 40
CPU10 44.874639 162375 sgemm sgemm CUDA0 1.143650 162415 40
CPU7 44.982677 162376 sgemm sgemm CUDA0 0.147597 162416 40
CPU7 44.981299 162377 sgemm sgemm CUDA0 0.059921 162417 40
CPU17 44.804002 162378 sgemm sgemm CUDA3 0.067162 162418 40
CPU15 44.381731 162379 sgemm sgemm CUDA1 1.150392 162419 40
CPU9 45.058863 162380 sgemm sgemm CUDA1 1.143994 162420 40
CPU15 44.606157 162381 sgemm sgemm CUDA3 21.545609 162421 40
CPU4 45.082452 162382 sgemm sgemm CUDA3 0.851433 162422 40
CPU11 44.207959 162383 sgemm sgemm CUDA0 0.049909 162423 40
CPU15 44.694734 162384 sgemm sgemm CUDA0 1.153747 162424 40
CPU19 45.005910 162385 sgemm sgemm CUDA3 5.665722 162425 40
CPU1 44.954940 162386 sgemm sgemm CUDA1 0.242840 162426 40
CPU6 44.932566 162387 sgemm sgemm CUDA1 1.004721 162427 40
CPU10 44.772042 162388 sgemm sgemm CUDA1 1.209011 162428 40
CPU19 44.719985 162389 sgemm sgemm CUDA1 0.058945 162429 40
CPU11 44.749283 162390 sgemm sgemm CUDA3 1.145227 162430 40
CPU13 44.654402 162391 sgemm sgemm CUDA0 0.113522 162431 40
CPU10 44.932484 162392 sgemm sgemm CUDA3 2.412999 162432 40
CPU13 45.097008 162393 sgemm sgemm CUDA0 21.139627 162433 40
CPU19 44.841748 162394 sgemm sgemm CUDA1 0.053589 162434 40
CPU16 44.500264 162395 sgemm sgemm CUDA1 1.021356 162435 40
CPU10 44.738837 162396 sgemm sgemm CUDA3 1.153289 162436 40
CPU18 44.859241 162397 sgemm sgemm CUDA0 1.148279 162437 40
CPU16 44.830258 162398 sgemm sgemm CUDA3 5.327362 162438 40
CPU3 25.104191 162399 ssyrk ssyrk CUDA0 0.071545 162439 40
CPU11 44.672434 162400 sgemm sgemm CUDA2 18.811687 162440 40
CPU8 44.423403 162401 sgemm sgemm CUDA3 1.011820 162441 40
CPU14 44.734745 162402 sgemm sgemm CUDA0 0.070600 162442 40
CPU3 45.047506 162403 sgemm sgemm CUDA3 0.061124 162443 40
CPU9 44.847774 162404 sgemm sgemm CUDA2 1.188065 162444 40
CPU8 44.807244 162405 sgemm sgemm CUDA0 1.026248 162445 40
CPU4 45.055829 162406 sgemm sgemm CUDA2 2.255301 162446 40
CPU4 44.970399 162407 sgemm sgemm CUDA3 0.078416 162447 40
CPU19 44.868741 162408 sgemm sgemm CUDA0 11.812904 162448 40
CPU16 44.881984 162409 sgemm sgemm CUDA2 0.051164 162449 40
CPU0 45.348578 162410 sgemm sgemm CUDA1 1.719693 162450 40
CPU17 44.950114 162411 sgemm sgemm CUDA2 19.751105 162451 40
CPU0 45.349754 162412 sgemm sgemm CUDA2 1.295067 162452 40
CPU12 44.889140 162413 sgemm sgemm CUDA3 1.231916 162453 40
CPU15 44.769563 162414 sgemm sgemm CUDA0 1.140565 162454 40
CPU19 45.336770 162415 sgemm sgemm CUDA0 0.132396 162455 40
CPU8 44.870052 162416 sgemm sgemm CUDA0 0.412555 162456 40
CPU0 45.655567 162417 sgemm sgemm CPU14 448.157140 162457 40
CPU13 44.721440 162418 sgemm sgemm CUDA3 1.310238 162458 40
CPU0 45.400115 162419 sgemm sgemm CUDA3 0.106256 162459 40
CPU14 44.962182 162420 sgemm sgemm CUDA3 1.138924 162460 40
CPU7 45.397787 162421 sgemm sgemm CUDA0 11.371594 162461 40
CPU18 44.843311 162422 sgemm sgemm CUDA2 0.087383 162462 40
CPU7 45.077474 162423 sgemm sgemm CUDA0 0.100053 162463 40
CPU2 45.122660 162424 sgemm sgemm CUDA2 13.396889 162464 40
CPU17 44.804024 162425 sgemm sgemm CUDA0 2.399948 162465 40
CPU18 44.443725 162426 sgemm sgemm CUDA2 1.026114 162466 40
CPU5 44.593510 162427 sgemm sgemm CUDA2 1.069323 162467 40
CPU2 44.899027 162428 sgemm sgemm CUDA1 1.137673 162468 40
CPU6 25.209398 162429 ssyrk ssyrk CUDA2 0.154012 162469 40
CPU0 45.230031 162430 sgemm sgemm CUDA1 0.067301 162470 40
CPU14 44.816175 162431 sgemm sgemm CUDA1 0.062468 162471 40
CPU14 44.646099 162432 sgemm sgemm CUDA1 0.070691 162472 40
CPU1 44.870639 162433 sgemm sgemm CUDA2 0.974035 162473 40
CPU5 44.743987 162434 sgemm sgemm CUDA1 12.057187 162474 40
CPU12 44.745546 162435 sgemm sgemm CUDA2 15.586038 162475 40
CPU1 44.831204 162436 sgemm sgemm CUDA2 0.080413 162476 40
CPU15 44.331696 162437 sgemm sgemm CUDA0 3.835974 162477 40
CPU11 44.642943 162438 sgemm sgemm CUDA1 1.152775 162478 40
CPU10 45.047674 162439 sgemm sgemm CUDA1 5.094124 162479 40
CPU14 44.958089 162440 sgemm sgemm CUDA2 1.313369 162480 40
CPU9 44.775188 162441 sgemm sgemm CUDA0 1.137394 162481 40
CPU1 44.949266 162442 sgemm sgemm CUDA0 1.215719 162482 40
CPU18 44.554098 162443 sgemm sgemm CUDA2 1.015970 162483 40
CPU11 44.870377 162444 sgemm sgemm CUDA0 1.375243 162484 40
CPU9 44.746718 162445 sgemm sgemm CUDA2 1.015507 162485 40
CPU7 45.334287 162446 sgemm sgemm CPU35 384.562296 162486 40
CPU18 44.325000 162447 sgemm sgemm CUDA1 1.208250 162487 40
CPU3 45.247943 162448 sgemm sgemm CUDA1 1.300557 162488 40
CPU0 45.564959 162449 sgemm sgemm CUDA2 1.254196 162489 40
CPU3 44.855673 162450 sgemm sgemm CUDA1 1.208401 162490 40
CPU6 45.387254 162451 sgemm sgemm CUDA2 1.243197 162491 40
CPU5 45.013879 162452 sgemm sgemm CUDA2 1.197084 162492 40
CPU7 45.252359 162453 sgemm sgemm CUDA1 1.261784 162493 40
CPU0 45.335987 162454 sgemm sgemm CUDA1 1.002930 162494 40
CPU13 44.754457 162455 sgemm sgemm CUDA2 1.158284 162495 40
CPU18 44.864306 162456 sgemm sgemm CUDA2 1.019404 162496 40
CPU18 44.774189 162457 sgemm sgemm CUDA2 0.103804 162497 40
CPU8 24.828654 162458 ssyrk ssyrk CPU -1 162498 40
CPU7 45.205057 162459 sgemm sgemm CUDA1 0.109910 162499 40
CPU4 45.110691 162460 sgemm sgemm CUDA1 9.550872 162500 40
CPU11 44.476409 162461 sgemm sgemm CUDA1 0.125256 162501 40
CPU2 44.754539 162462 sgemm sgemm CUDA2 4.800435 162502 40
CPU0 45.284478 162463 sgemm sgemm CUDA2 1.142640 162503 40
CPU7 44.913911 162464 sgemm sgemm CUDA2 0.073550 162504 40
CPU18 44.395155 162465 sgemm sgemm CUDA0 1.027700 162505 40
CPU10 44.586857 162466 sgemm sgemm CUDA1 11.644338 162506 40
CPU6 45.214857 162467 sgemm sgemm CUDA0 4.167306 162507 40
CPU16 44.474015 162468 sgemm sgemm CUDA2 1.006738 162508 40
CPU3 44.995341 162469 sgemm sgemm CUDA1 0.063969 162509 40
CPU11 44.541776 162470 sgemm sgemm CUDA3 1.006858 162510 40
CPU12 44.957681 162471 sgemm sgemm CUDA2 0.080165 162511 40
CPU11 44.996368 162472 sgemm sgemm CUDA1 1.138097 162512 40
CPU4 44.964406 162473 sgemm sgemm CUDA2 1.010374 162513 40
CPU1 45.055332 162474 sgemm sgemm CUDA0 15.385011 162514 40
CPU13 44.854990 162475 sgemm sgemm CUDA1 1.081049 162515 40
CPU3 45.156788 162476 sgemm sgemm CUDA1 1.141698 162516 40
CPU18 44.412845 162477 sgemm sgemm CUDA0 0.045928 162517 40
CPU16 44.646407 162478 sgemm sgemm CUDA2 1.028958 162518 40
CPU2 45.079175 162479 sgemm sgemm CUDA3 1.013086 162519 40
CPU7 45.145704 162480 sgemm sgemm CUDA2 1.005905 162520 40
CPU7 45.329687 162481 sgemm sgemm CUDA0 1.157017 162521 40
CPU9 45.239892 162482 sgemm sgemm CUDA0 11.734696 162522 40
CPU4 45.111586 162483 sgemm sgemm CUDA3 1.012072 162523 40
CPU7 45.007817 162484 sgemm sgemm CUDA1 1.016867 162524 40
CPU12 44.848828 162485 sgemm sgemm CUDA3 1.140270 162525 40
CPU14 24.940486 162486 ssyrk ssyrk CUDA0 0.917173 162526 40
CPU15 44.652160 162487 sgemm sgemm CUDA0 12.255852 162527 40
CPU14 44.598782 162488 sgemm sgemm CUDA1 2.013503 162528 40
CPU3 44.786068 162489 sgemm sgemm CUDA0 1.010270 162529 40
CPU15 44.590180 162490 sgemm sgemm CUDA0 0.075413 162530 40
CPU14 44.799353 162491 sgemm sgemm CUDA0 1.234031 162531 40
CPU16 44.748762 162492 sgemm sgemm CUDA0 3.864190 162532 40
CPU8 45.019756 162493 sgemm sgemm CUDA2 1.238359 162533 40
CPU17 44.581228 162494 sgemm sgemm CUDA0 0.054603 162534 40
CPU17 44.861129 162495 sgemm sgemm CUDA1 0.937440 162535 40
CPU0 45.335312 162496 sgemm sgemm CUDA0 12.144825 162536 40
CPU13 44.651653 162497 sgemm sgemm CUDA0 1.006241 162537 40
CPU14 45.028249 162498 sgemm sgemm CUDA2 23.542978 162538 40
CPU19 45.156324 162499 sgemm sgemm CUDA0 0.917809 162539 40
CPU9 44.835752 162500 sgemm sgemm CUDA2 1.155927 162540 40
CPU12 44.823870 162501 sgemm sgemm CUDA0 11.974532 162541 40
CPU19 44.802128 162502 sgemm sgemm CUDA0 1.009119 162542 40
CPU18 44.408768 162503 sgemm sgemm CUDA1 1.134213 162543 40
CPU17 44.878050 162504 sgemm sgemm CUDA2 1.142968 162544 40
CPU1 45.727956 162505 sgemm sgemm CUDA0 0.063994 162545 40
CPU14 44.601750 162506 sgemm sgemm CUDA1 0.090418 162546 40
CPU16 44.550447 162507 sgemm sgemm CUDA2 1.149584 162547 40
CPU6 45.228425 162508 sgemm sgemm CUDA0 10.631996 162548 40
CPU19 44.850277 162509 sgemm sgemm CUDA0 7.679725 162549 40
CPU9 45.074209 162510 sgemm sgemm CUDA2 1.144866 162550 40
CPU7 44.891560 162511 sgemm sgemm CUDA1 1.129340 162551 40
CPU5 45.500664 162512 sgemm sgemm CUDA2 8.160183 162552 40
CPU0 25.073926 162513 ssyrk ssyrk CUDA3 0.101002 162553 40
CPU14 44.658559 162514 sgemm sgemm CUDA3 1.351003 162554 40
CPU11 44.556004 162515 sgemm sgemm CUDA0 3.376656 162555 40
CPU6 45.166144 162516 sgemm sgemm CUDA0 0.083958 162556 40
CPU3 44.665585 162517 sgemm sgemm CUDA3 11.715158 162557 40
CPU19 44.916518 162518 sgemm sgemm CUDA3 0.125339 162558 40
CPU14 44.553344 162519 sgemm sgemm CUDA3 1.023505 162559 40
CPU11 44.639147 162520 sgemm sgemm CUDA1 11.760423 162560 40
CPU17 44.609900 162521 sgemm sgemm CUDA1 0.905537 162561 40
CPU1 45.047775 162522 sgemm sgemm CUDA0 2.372630 162562 40
CPU2 45.004506 162523 sgemm sgemm CUDA3 0.084953 162563 40
CPU10 44.723727 162524 sgemm sgemm CUDA0 1.140930 162564 40
CPU0 45.275805 162525 sgemm sgemm CUDA0 0.600867 162565 40
CPU3 44.885136 162526 sgemm sgemm CUDA1 14.932303 162566 40
CPU1 44.816595 162527 sgemm sgemm CUDA0 11.861438 162567 40
CPU15 44.864698 162528 sgemm sgemm CUDA0 1.192699 162568 40
CPU6 45.356724 162529 sgemm sgemm CUDA1 1.025037 162569 40
CPU11 44.636611 162530 sgemm sgemm CUDA0 1.203007 162570 40
CPU4 45.223731 162531 sgemm sgemm CUDA1 0.906474 162571 40
CPU10 44.911209 162532 sgemm sgemm CUDA3 22.329785 162572 40
CPU6 45.144110 162533 sgemm sgemm CUDA1 2.814842 162573 40
CPU12 44.835503 162534 sgemm sgemm CUDA0 1.011054 162574 40
CPU12 44.729974 162535 sgemm sgemm CUDA1 10.462562 162575 40
CPU3 45.115098 162536 sgemm sgemm CUDA1 1.155840 162576 40
CPU8 44.688533 162537 sgemm sgemm CUDA3 2.719981 162577 40
CPU13 44.822518 162538 sgemm sgemm CUDA1 1.006942 162578 40
CPU9 24.722802 162539 ssyrk ssyrk CUDA3 0.679338 162579 40
CPU8 44.752271 162540 sgemm sgemm CUDA2 0.049703 162580 40
CPU6 45.205801 162541 sgemm sgemm CUDA3 1.199198 162581 40
CPU1 44.880465 162542 sgemm sgemm CUDA3 1.063430 162582 40
CPU18 44.557961 162543 sgemm sgemm CUDA3 1.067708 162583 40
CPU15 44.434004 162544 sgemm sgemm CUDA3 1.005097 162584 40
CPU17 44.740542 162545 sgemm sgemm CUDA1 3.736010 162585 40
CPU15 44.580488 162546 sgemm sgemm CUDA3 1.206594 162586 40
CPU3 45.113328 162547 sgemm sgemm CUDA3 1.153375 162587 40
CPU4 45.151305 162548 sgemm sgemm CUDA2 1.009387 162588 40
CPU16 44.480497 162549 sgemm sgemm CUDA2 0.066597 162589 40
CPU19 45.182085 162550 sgemm sgemm CUDA1 5.141157 162590 40
CPU17 45.092132 162551 sgemm sgemm CUDA0 1.002057 162591 40
CPU12 45.099577 162552 sgemm sgemm CUDA0 0.050682 162592 40
CPU10 44.793349 162553 sgemm sgemm CUDA3 1.202276 162593 40
CPU9 45.268610 162554 sgemm sgemm CUDA2 1.155788 162594 40
CPU7 45.514519 162555 sgemm sgemm CUDA0 1.007599 162595 40
CPU8 46.040865 162556 sgemm sgemm CUDA3 2.929962 162596 40
CPU11 44.723005 162557 sgemm sgemm CUDA3 0.481265 162597 40
CPU9 45.135091 162558 sgemm sgemm CUDA2 0.150054 162598 40
CPU6 45.211456 162559 sgemm sgemm CUDA2 0.996825 162599 40
CPU15 44.832170 162560 sgemm sgemm CUDA2 1.139551 162600 40
CPU5 44.813308 162561 sgemm sgemm CUDA2 1.151584 162601 40
CPU6 44.863475 162562 sgemm sgemm CUDA3 0.063910 162602 40
CPU8 45.450710 162563 sgemm sgemm CUDA1 16.385953 162603 40
CPU4 25.203348 162564 ssyrk ssyrk CPU15 330.860188 162604 40
CPU2 44.991893 162565 sgemm sgemm CUDA0 1.029189 162605 40
CPU1 45.042571 162566 sgemm sgemm CUDA0 1.151951 162606 40
CPU12 44.706281 162567 sgemm sgemm CUDA0 1.153055 162607 40
CPU11 44.519995 162568 sgemm sgemm CUDA3 1.148121 162608 40
CPU1 44.926207 162569 sgemm sgemm CUDA1 1.223640 162609 40
CPU17 44.814861 162570 sgemm sgemm CUDA0 1.138370 162610 40
CPU5 44.975705 162571 sgemm sgemm CUDA1 1.146165 162611 40
CPU4 44.513251 162572 sgemm sgemm CUDA3 0.065230 162612 40
CPU16 44.913969 162573 sgemm sgemm CUDA2 14.764219 162613 40
CPU19 45.431483 162574 sgemm sgemm CUDA1 1.008894 162614 40
CPU7 45.211366 162575 sgemm sgemm CUDA3 1.076929 162615 40
CPU3 44.870649 162576 sgemm sgemm CUDA0 1.311648 162616 40
CPU11 44.363613 162577 sgemm sgemm CUDA3 10.582935 162617 40
CPU2 45.077839 162578 sgemm sgemm CUDA1 1.023152 162618 40
CPU12 44.898926 162579 sgemm sgemm CUDA0 1.008937 162619 40
CPU9 45.149518 162580 sgemm sgemm CUDA3 11.743156 162620 40
CPU14 44.745628 162581 sgemm sgemm CUDA3 1.281934 162621 40
CPU15 44.531538 162582 sgemm sgemm CUDA1 12.241636 162622 40
CPU6 45.249091 162583 sgemm sgemm CUDA1 0.052337 162623 40
CPU7 45.149761 162584 sgemm sgemm CUDA0 1.146063 162624 40
CPU4 45.009799 162585 sgemm sgemm CUDA2 0.136787 162625 40
CPU5 44.741763 162586 sgemm sgemm CUDA0 1.026268 162626 40
CPU9 44.868376 162587 sgemm sgemm CUDA1 1.283305 162627 40
CPU17 24.863317 162588 ssyrk ssyrk CUDA2 0.083179 162628 40
CPU5 44.734512 162589 sgemm sgemm CUDA2 0.163477 162629 40
CPU16 44.861917 162590 sgemm sgemm CUDA0 0.077366 162630 40
CPU12 44.904821 162591 sgemm sgemm CUDA3 1.017323 162631 40
CPU8 44.856927 162592 sgemm sgemm CUDA0 1.307546 162632 40
CPU14 44.623379 162593 sgemm sgemm CUDA2 21.292933 162633 40
CPU1 44.890838 162594 sgemm sgemm CUDA2 1.155746 162634 40
CPU17 44.828871 162595 sgemm sgemm CUDA3 1.215501 162635 40
CPU14 44.863461 162596 sgemm sgemm CUDA2 1.231437 162636 40
CPU12 44.802938 162597 sgemm sgemm CUDA0 1.091336 162637 40
CPU4 45.023463 162598 sgemm sgemm CUDA0 0.195300 162638 40
CPU0 45.409955 162599 sgemm sgemm CUDA0 1.022759 162639 40
CPU13 44.784848 162600 sgemm sgemm CUDA3 23.989086 162640 40
CPU9 45.027890 162601 sgemm sgemm CUDA3 11.605581 162641 40
CPU17 44.797517 162602 sgemm sgemm CUDA0 7.410829 162642 40
CPU13 44.862019 162603 sgemm sgemm CUDA2 1.142529 162643 40
CPU15 45.090289 162604 sgemm sgemm CUDA2 0.135375 162644 40
CPU18 44.760877 162605 sgemm sgemm CUDA2 0.116408 162645 40
CPU18 44.456358 162606 sgemm sgemm CUDA2 2.067055 162646 40
CPU14 44.602970 162607 sgemm sgemm CUDA0 0.102284 162647 40
CPU9 44.764536 162608 sgemm sgemm CUDA3 1.012476 162648 40
CPU7 45.212756 162609 sgemm sgemm CUDA2 1.151224 162649 40
CPU19 45.003270 162610 sgemm sgemm CUDA3 0.775849 162650 40
CPU7 25.087335 162611 ssyrk ssyrk CUDA3 3.822656 162651 40
CPU17 44.521944 162612 sgemm sgemm CUDA3 0.075851 162652 40
CPU16 44.882375 162613 sgemm sgemm CUDA3 16.032627 162653 40
CPU17 44.837815 162614 sgemm sgemm CUDA1 1.194983 162654 40
CPU14 45.042696 162615 sgemm sgemm CUDA2 0.198720 162655 40
CPU1 44.801216 162616 sgemm sgemm CUDA3 7.911576 162656 40
CPU13 44.809578 162617 sgemm sgemm CPU25 453.530977 162657 40
CPU16 44.719589 162618 sgemm sgemm CUDA1 1.144761 162658 40
CPU19 45.313874 162619 sgemm sgemm CUDA1 1.207764 162659 40
CPU5 44.473595 162620 sgemm sgemm CUDA2 1.001569 162660 40
CPU7 44.884462 162621 sgemm sgemm CUDA0 1.150802 162661 40
CPU18 44.306364 162622 sgemm sgemm CUDA1 1.066067 162662 40
CPU3 44.364056 162623 sgemm sgemm CUDA1 1.125302 162663 40
CPU10 45.138424 162624 sgemm sgemm CUDA2 1.007059 162664 40
CPU9 45.038032 162625 sgemm sgemm CUDA2 3.244991 162665 40
CPU8 45.218331 162626 sgemm sgemm CUDA1 1.194430 162666 40
CPU5 45.007239 162627 sgemm sgemm CUDA1 1.035574 162667 40
CPU16 44.617608 162628 sgemm sgemm CUDA1 1.069221 162668 40
CPU19 44.684230 162629 sgemm sgemm CUDA1 0.244230 162669 40
CPU5 45.063748 162630 sgemm sgemm CUDA0 1.033321 162670 40
CPU13 45.051539 162631 sgemm sgemm CUDA0 1.019742 162671 40
CPU1 45.090585 162632 sgemm sgemm CUDA1 0.138682 162672 40
CPU19 24.928652 162633 ssyrk ssyrk CUDA3 7.419084 162673 40
CPU19 44.593052 162634 sgemm sgemm CUDA3 0.050076 162674 40
CPU15 44.660298 162635 sgemm sgemm CUDA1 1.007761 162675 40
CPU18 44.834339 162636 sgemm sgemm CUDA1 1.331879 162676 40
CPU4 44.937567 162637 sgemm sgemm CUDA0 0.126540 162677 40
CPU3 44.884993 162638 sgemm sgemm CPU26 281.096760 162678 40
CPU16 44.509813 162639 sgemm sgemm CUDA0 1.011359 162679 40
CPU19 45.216693 162640 sgemm sgemm CUDA3 0.084089 162680 40
CPU2 44.921228 162641 sgemm sgemm CUDA3 1.238844 162681 40
CPU4 45.718381 162642 sgemm sgemm CUDA0 1.010282 162682 40
CPU13 45.056286 162643 sgemm sgemm CUDA1 1.066319 162683 40
CPU2 44.817755 162644 sgemm sgemm CUDA3 0.087932 162684 40
CPU18 44.693235 162645 sgemm sgemm CUDA0 1.308540 162685 40
CPU17 44.637324 162646 sgemm sgemm CUDA3 2.308670 162686 40
CPU8 45.026889 162647 sgemm sgemm CUDA1 1.019488 162687 40
CPU4 45.123032 162648 sgemm sgemm CUDA0 22.374949 162688 40
CPU0 45.557999 162649 sgemm sgemm CUDA0 0.078767 162689 40
CPU16 44.633432 162650 sgemm sgemm CUDA2 0.090964 162690 40
CPU17 44.696237 162651 sgemm sgemm CUDA0 8.747641 162691 40
CPU7 45.130007 162652 sgemm sgemm CUDA3 4.693656 162692 40
CPU0 45.185562 162653 sgemm sgemm CUDA2 0.053101 162693 40
CPU14 25.086097 162654 ssyrk ssyrk CPU -1 162694 40
CPU15 44.547936 162655 sgemm sgemm CUDA2 0.061633 162695 40
CPU16 44.336929 162656 sgemm sgemm CUDA3 0.048452 162696 40
CPU3 44.986067 162657 sgemm sgemm CUDA0 1.277534 162697 40
CPU12 45.043969 162658 sgemm sgemm CPU -1 162698 40
CPU11 44.669502 162659 sgemm sgemm CUDA0 5.829880 162699 40
CPU1 44.681682 162660 sgemm sgemm CUDA0 0.065212 162700 40
CPU10 45.087061 162661 sgemm sgemm CUDA0 1.021551 162701 40
CPU18 44.676605 162662 sgemm sgemm CUDA3 0.979926 162702 40
CPU19 44.605405 162663 sgemm sgemm CPU26 224.239421 162703 40
CPU8 45.049273 162664 sgemm sgemm CUDA3 0.958887 162704 40
CPU8 45.209366 162665 sgemm sgemm CUDA3 1.137100 162705 40
CPU0 45.339972 162666 sgemm sgemm CPU -1 162706 40
CPU15 44.651700 162667 sgemm sgemm CPU27 170.388166 162707 40
CPU7 45.240924 162668 sgemm sgemm CUDA1 0.105267 162708 40
CPU10 44.866328 162669 sgemm sgemm CUDA3 1.025652 162709 40
CPU11 44.486925 162670 sgemm sgemm CPU28 276.232462 162710 40
CPU12 44.895574 162671 sgemm sgemm CUDA0 1.269423 162711 40
CPU0 44.653944 162672 sgemm sgemm CUDA3 1.137117 162712 40
CPU10 45.109097 162673 sgemm sgemm CUDA3 1.088905 162713 40
CPU7 25.167277 162674 ssyrk ssyrk CPU13 120.466760 162714 40
CPU17 44.771790 162675 sgemm sgemm CUDA1 1.146015 162715 40
CPU2 44.850979 162676 sgemm sgemm CUDA3 1.008686 162716 40
CPU9 44.972759 162677 sgemm sgemm CPU -1 162717 40
CPU11 44.686940 162678 sgemm sgemm CUDA1 1.023786 162718 40
CPU10 44.849829 162679 sgemm sgemm CUDA1 1.016295 162719 40
CPU18 44.740126 162680 sgemm sgemm CUDA0 1.026163 162720 40
CPU10 44.991911 162681 sgemm sgemm CUDA0 1.145146 162721 40
CPU15 44.527715 162682 sgemm sgemm CUDA1 1.154424 162722 40
CPU15 44.548210 162683 sgemm sgemm CUDA1 1.063993 162723 40
CPU8 45.241579 162684 sgemm sgemm CUDA3 1.137287 162724 40
CPU13 44.693084 162685 sgemm sgemm CUDA0 1.160782 162725 40
CPU6 45.264279 162686 sgemm sgemm CUDA1 1.136810 162726 40
CPU18 44.748011 162687 sgemm sgemm CUDA3 13.381502 162727 40
CPU6 45.339716 162688 sgemm sgemm CUDA2 12.707692 162728 40
CPU12 44.695304 162689 sgemm sgemm CUDA2 12.063836 162729 40
CPU3 45.043209 162690 sgemm sgemm CUDA1 1.147313 162730 40
CPU4 45.153652 162691 sgemm sgemm CUDA3 0.093114 162731 40
CPU4 44.959602 162692 sgemm sgemm CUDA3 3.861640 162732 40
CPU17 25.091921 162693 ssyrk ssyrk CUDA1 0.678268 162733 40
CPU15 44.721921 162694 sgemm sgemm CUDA1 1.253691 162734 40
CPU10 44.694054 162695 sgemm sgemm CUDA0 2.750921 162735 40
CPU6 45.345205 162696 sgemm sgemm CUDA1 15.602461 162736 40
CPU17 44.890316 162697 sgemm sgemm CUDA3 0.298163 162737 40
CPU14 45.011959 162698 sgemm sgemm CUDA3 1.467587 162738 40
CPU17 44.767419 162699 sgemm sgemm CUDA3 0.947887 162739 40
CPU10 44.734580 162700 sgemm sgemm CUDA0 1.065682 162740 40
CPU7 45.113266 162701 sgemm sgemm CUDA3 4.375794 162741 40
CPU14 44.498082 162702 sgemm sgemm CUDA0 1.020357 162742 40
CPU13 45.143206 162703 sgemm sgemm CUDA2 13.016006 162743 40
CPU17 44.540776 162704 sgemm sgemm CUDA1 12.750842 162744 40
CPU2 44.888663 162705 sgemm sgemm CUDA2 1.313459 162745 40
CPU5 44.878097 162706 sgemm sgemm CUDA2 1.019015 162746 40
CPU9 45.149546 162707 sgemm sgemm CUDA2 1.263366 162747 40
CPU8 44.953922 162708 sgemm sgemm CUDA0 0.059392 162748 40
CPU9 44.745563 162709 sgemm sgemm CUDA0 1.136197 162749 40
CPU17 44.928576 162710 sgemm sgemm CUDA2 1.216284 162750 40
CPU4 25.156774 162711 ssyrk ssyrk CPU -1 162751 40
CPU6 44.892470 162712 sgemm sgemm CPU27 479.935691 162752 40
CPU16 44.687505 162713 sgemm sgemm CUDA1 0.192676 162753 40
CPU4 45.388684 162714 sgemm sgemm CUDA0 11.048426 162754 40
CPU5 44.911882 162715 sgemm sgemm CUDA0 1.008926 162755 40
CPU3 44.739772 162716 sgemm sgemm CUDA0 1.140995 162756 40
CPU18 44.786812 162717 sgemm sgemm CUDA0 1.203794 162757 40
CPU8 44.979081 162718 sgemm sgemm CUDA1 8.744978 162758 40
CPU0 45.632547 162719 sgemm sgemm CUDA3 1.021417 162759 40
CPU12 44.676814 162720 sgemm sgemm CUDA2 22.806819 162760 40
CPU12 44.851759 162721 sgemm sgemm CUDA3 2.370519 162761 40
CPU11 44.836775 162722 sgemm sgemm CUDA2 1.321569 162762 40
CPU13 44.779922 162723 sgemm sgemm CUDA3 1.144036 162763 40
CPU19 44.800109 162724 sgemm sgemm CUDA2 1.009039 162764 40
CPU11 44.517322 162725 sgemm sgemm CUDA2 0.102226 162765 40
CPU11 44.704209 162726 sgemm sgemm CUDA2 1.149277 162766 40
CPU10 45.212556 162727 sgemm sgemm CUDA3 1.025264 162767 40
CPU4 25.403800 162728 ssyrk ssyrk CPU28 227.358149 162768 40
CPU14 44.698027 162729 sgemm sgemm CUDA0 0.043702 162769 40
CPU0 45.063891 162730 sgemm sgemm CUDA0 1.136170 162770 40
CPU10 45.090862 162731 sgemm sgemm CUDA3 1.145101 162771 40
CPU11 45.120663 162732 sgemm sgemm CUDA3 1.090792 162772 40
CPU11 44.209883 162733 sgemm sgemm CUDA0 1.149696 162773 40
CPU19 44.949243 162734 sgemm sgemm CPU -1 162774 40
CPU7 45.348166 162735 sgemm sgemm CPU -1 162775 40
CPU3 45.120637 162736 sgemm sgemm CPU29 292.400293 162776 40
CPU15 44.891422 162737 sgemm sgemm CUDA3 1.008889 162777 40
CPU16 45.369011 162738 sgemm sgemm CPU30 236.266267 162778 40
CPU14 44.889921 162739 sgemm sgemm CPU -1 162779 40
CPU17 44.939370 162740 sgemm sgemm CUDA0 1.203390 162780 40
CPU3 44.923392 162741 sgemm sgemm CUDA3 2.583848 162781 40
CPU7 45.026640 162742 sgemm sgemm CUDA3 1.202349 162782 40
CPU13 44.952631 162743 sgemm sgemm CPU31 336.570843 162783 40
CPU3 25.033001 162744 ssyrk ssyrk CPU10 239.822455 162784 40
CPU15 44.745645 162745 sgemm sgemm CUDA1 1.248287 162785 40
CPU17 45.022918 162746 sgemm sgemm CUDA1 0.099143 162786 40
CPU2 44.877724 162747 sgemm sgemm CUDA1 0.047185 162787 40
CPU4 45.584021 162748 sgemm sgemm CUDA2 0.344065 162788 40
CPU2 45.479356 162749 sgemm sgemm CUDA0 0.146983 162789 40
CPU2 44.959751 162750 sgemm sgemm CUDA0 8.981326 162790 40
CPU13 45.375817 162751 sgemm sgemm CUDA1 1.157862 162791 40
CPU0 45.487394 162752 sgemm sgemm CUDA1 14.375785 162792 40
CPU1 45.315770 162753 sgemm sgemm CUDA1 0.057672 162793 40
CPU2 45.119640 162754 sgemm sgemm CUDA0 1.145664 162794 40
CPU9 45.011050 162755 sgemm sgemm CUDA2 1.153179 162795 40
CPU4 44.912005 162756 sgemm sgemm CUDA2 0.052121 162796 40
CPU7 45.145943 162757 sgemm sgemm CUDA1 1.147800 162797 40
CPU6 45.147803 162758 sgemm sgemm CUDA2 1.009290 162798 40
CPU14 25.064728 162759 ssyrk ssyrk CUDA1 17.902867 162799 40
CPU19 45.112265 162760 sgemm sgemm CUDA0 1.023776 162800 40
CPU12 44.696923 162761 sgemm sgemm CUDA0 1.096484 162801 40
CPU18 44.614858 162762 sgemm sgemm CUDA2 3.544627 162802 40
CPU16 44.709084 162763 sgemm sgemm CUDA1 0.889591 162803 40
CPU17 45.059844 162764 sgemm sgemm CUDA2 1.006733 162804 40
CPU5 44.611498 162765 sgemm sgemm CUDA0 1.309750 162805 40
CPU14 44.898065 162766 sgemm sgemm CUDA3 11.904096 162806 40
CPU19 44.835830 162767 sgemm sgemm CUDA1 1.030400 162807 40
CPU6 45.228424 162768 sgemm sgemm CUDA0 1.339797 162808 40
CPU10 44.685892 162769 sgemm sgemm CUDA1 0.058301 162809 40
CPU8 44.886287 162770 sgemm sgemm CUDA0 23.489898 162810 40
CPU8 44.684227 162771 sgemm sgemm CUDA2 1.147931 162811 40
CPU7 44.847115 162772 sgemm sgemm CUDA1 1.303541 162812 40
CPU7 24.776091 162773 ssyrk ssyrk CPU -1 162813 40
CPU8 44.641585 162774 sgemm sgemm CUDA1 0.050923 162814 40
CPU2 44.444709 162775 sgemm sgemm CUDA1 1.081006 162815 40
CPU18 44.675792 162776 sgemm sgemm CUDA0 1.026526 162816 40
CPU6 45.399959 162777 sgemm sgemm CUDA2 1.021599 162817 40
CPU13 45.114208 162778 sgemm sgemm CUDA1 1.131176 162818 40
CPU16 44.864479 162779 sgemm sgemm CUDA1 1.009819 162819 40
CPU10 44.892090 162780 sgemm sgemm CUDA0 1.010429 162820 40
CPU11 45.163165 162781 sgemm sgemm CUDA3 1.012615 162821 40
CPU17 44.811485 162782 sgemm sgemm CUDA1 1.006782 162822 40
CPU19 45.010232 162783 sgemm sgemm CUDA3 0.051271 162823 40
CPU10 45.497910 162784 sgemm sgemm CUDA0 13.083891 162824 40
CPU16 45.280088 162785 sgemm sgemm CUDA3 1.187740 162825 40
CPU9 24.518599 162786 ssyrk ssyrk CPU12 296.618359 162826 40
CPU3 44.443250 162787 sgemm sgemm CUDA1 1.289164 162827 40
CPU8 45.084019 162788 sgemm sgemm CUDA3 1.101283 162828 40
CPU4 45.477564 162789 sgemm sgemm CUDA2 0.954190 162829 40
CPU18 44.451813 162790 sgemm sgemm CUDA1 0.053703 162830 40
CPU6 45.247123 162791 sgemm sgemm CUDA2 0.043006 162831 40
CPU8 45.045093 162792 sgemm sgemm CUDA2 11.838909 162832 40
CPU5 45.065607 162793 sgemm sgemm CUDA2 0.049366 162833 40
CPU5 45.102357 162794 sgemm sgemm CUDA1 1.232921 162834 40
CPU4 44.945536 162795 sgemm sgemm CUDA3 1.104837 162835 40
CPU6 44.917485 162796 sgemm sgemm CUDA0 0.046824 162836 40
CPU2 45.063600 162797 sgemm sgemm CUDA3 1.116654 162837 40
CPU14 24.690719 162798 ssyrk ssyrk CPU11 120.386686 162838 40
CPU0 45.307683 162799 sgemm sgemm CUDA0 1.211766 162839 40
CPU5 44.889283 162800 sgemm sgemm CUDA0 0.044727 162840 40
CPU18 44.443779 162801 sgemm sgemm CUDA2 1.144846 162841 40
CPU10 44.851904 162802 sgemm sgemm CUDA3 1.137475 162842 40
CPU8 45.253973 162803 sgemm sgemm CUDA0 0.077840 162843 40
CPU12 45.025179 162804 sgemm sgemm CUDA3 0.139761 162844 40
CPU12 44.693042 162805 sgemm sgemm CUDA3 15.825506 162845 40
CPU16 44.635726 162806 sgemm sgemm CUDA2 1.210948 162846 40
CPU5 44.682041 162807 sgemm sgemm CUDA0 0.059236 162847 40
CPU4 44.740463 162808 sgemm sgemm CUDA3 0.066580 162848 40
CPU8 24.996093 162809 ssyrk ssyrk CPU -1 162849 40
CPU14 44.726734 162810 sgemm sgemm CUDA0 1.341702 162850 40
CPU2 44.831365 162811 sgemm sgemm CUDA3 19.027759 162851 40
CPU3 45.249226 162812 sgemm sgemm CUDA3 0.113120 162852 40
CPU1 45.444034 162813 sgemm sgemm CUDA1 1.031522 162853 40
CPU2 45.375112 162814 sgemm sgemm CUDA0 1.248834 162854 40
CPU4 45.304868 162815 sgemm sgemm CUDA0 1.260398 162855 40
CPU9 45.075627 162816 sgemm sgemm CUDA3 1.306943 162856 40
CPU5 44.945528 162817 sgemm sgemm CUDA3 3.781441 162857 40
CPU10 45.017636 162818 sgemm sgemm CUDA1 1.014552 162858 40
CPU16 24.520469 162819 ssyrk ssyrk CPU15 127.028000 162859 40
CPU18 44.601302 162820 sgemm sgemm CUDA3 1.017243 162860 40
CPU5 44.971789 162821 sgemm sgemm CUDA3 1.136692 162861 40
CPU4 45.315657 162822 sgemm sgemm CUDA3 12.998528 162862 40
CPU3 45.307025 162823 sgemm sgemm CUDA3 11.912702 162863 40
CPU0 45.044132 162824 sgemm sgemm CUDA2 1.207451 162864 40
CPU3 45.179218 162825 sgemm sgemm CUDA2 1.149752 162865 40
CPU7 45.169764 162826 sgemm sgemm CUDA3 0.047858 162866 40
CPU11 44.706402 162827 sgemm sgemm CUDA2 1.140456 162867 40
CPU19 25.081494 162828 ssyrk ssyrk CUDA1 0.066490 162868 40
CPU4 44.985380 162829 sgemm sgemm CUDA1 23.645546 162869 40
CPU19 44.987888 162830 sgemm sgemm CUDA2 18.428142 162870 40
CPU3 44.920155 162831 sgemm sgemm CUDA3 11.748523 162871 40
CPU12 44.836362 162832 sgemm sgemm CUDA0 1.123724 162872 40
CPU11 44.489814 162833 sgemm sgemm CUDA2 1.361069 162873 40
CPU10 44.887755 162834 sgemm sgemm CUDA2 1.153493 162874 40
CPU11 44.721248 162835 sgemm sgemm CUDA3 1.151882 162875 40
CPU11 24.669603 162836 ssyrk ssyrk CUDA2 9.451723 162876 40
CPU17 44.869924 162837 sgemm sgemm CUDA1 0.993467 162877 40
CPU19 44.739749 162838 sgemm sgemm CUDA2 1.150909 162878 40
CPU15 44.723480 162839 sgemm sgemm CUDA3 61.940845 162879 40
CPU13 44.843740 162840 sgemm sgemm CUDA1 1.155659 162880 40
CPU12 44.734352 162841 sgemm sgemm CUDA1 1.021267 162881 40
CPU13 44.924753 162842 sgemm sgemm CUDA2 1.002763 162882 40
CPU19 24.881268 162843 ssyrk ssyrk CPU -1 162883 40
CPU13 44.865281 162844 sgemm sgemm CUDA0 0.078439 162884 40
CPU0 45.237135 162845 sgemm sgemm CUDA3 2.455110 162885 40
CPU11 44.560370 162846 sgemm sgemm CUDA1 1.014494 162886 40
CPU11 44.621794 162847 sgemm sgemm CUDA3 1.192263 162887 40
CPU13 44.968331 162848 sgemm sgemm CUDA1 1.015055 162888 40
CPU9 24.614006 162849 ssyrk ssyrk CUDA3 1.843086 162889 40
CPU5 44.792442 162850 sgemm sgemm CUDA3 1.238957 162890 40
CPU5 44.910725 162851 sgemm sgemm CUDA1 1.018108 162891 40
CPU2 44.661630 162852 sgemm sgemm CUDA3 1.151818 162892 40
CPU13 45.048597 162853 sgemm sgemm CUDA3 1.017580 162893 40
CPU19 24.777207 162854 ssyrk ssyrk CPU -1 162894 40
CPU0 45.423701 162855 sgemm sgemm CUDA3 1.005421 162895 40
CPU5 44.963234 162856 sgemm sgemm CUDA3 1.134808 162896 40
CPU3 45.286214 162857 sgemm sgemm CUDA1 1.007835 162897 40
CPU7 25.350834 162858 ssyrk ssyrk CPU14 108.178569 162898 40
CPU8 45.014142 162859 sgemm sgemm CUDA0 1.309190 162899 40
CPU1 45.129571 162860 sgemm sgemm CUDA3 1.025370 162900 40
CPU19 25.300873 162861 ssyrk ssyrk CPU18 352.969532 162901 40
CPU10 45.136443 162862 sgemm sgemm CUDA2 11.596780 162902 40
CPU13 25.270222 162863 ssyrk ssyrk CPU -1 162903 40
CPU3 30.897788 162866 strmm strmm CPU -1 162906 40
CPU12 30.472403 162870 strmm strmm CPU16 120.971168 162910 40
CPU13 30.318286 162874 strmm strmm CPU17 131.205957 162914 40
CPU13 31.411532 162878 strmm strmm CPU18 145.709817 162918 40
CPU5 29.157597 162882 strmm strmm CPU19 109.893626 162922 40
CPU13 30.190781 162886 strmm strmm CPU -1 162926 40
CPU7 31.305896 162890 strmm strmm CPU -1 162930 40
CPU5 30.512535 162894 strmm strmm CPU20 76.994899 162934 40
CPU16 29.931066 162898 strmm strmm CPU -1 162938 40
CPU13 30.051951 162902 strmm strmm CPU -1 162942 40
CPU18 29.927852 162906 strmm strmm CPU -1 162946 40
CPU13 30.135884 162910 strmm strmm CPU -1 162950 40
CPU6 31.538778 162914 strmm strmm CPU -1 162954 40
CPU13 30.259178 162918 strmm strmm CPU -1 162958 40
CPU7 31.859606 162922 strmm strmm CPU12 96.135681 162962 40
CPU4 31.312487 162926 strmm strmm CPU -1 162966 40
CPU19 30.493189 162930 strmm strmm CPU10 80.182082 162970 40
CPU1 30.885062 162934 strmm strmm CPU -1 162974 40
CPU13 30.073064 162938 strmm strmm CPU -1 162978 40
CPU10 30.222297 162942 strmm strmm CPU21 114.268227 162982 40
CPU4 31.323634 162946 strmm strmm CPU -1 162986 40
CPU17 30.332716 162950 strmm strmm CPU22 108.621105 162990 40
CPU11 30.204499 162954 strmm strmm CPU -1 162994 40
CPU2 30.768263 162958 strmm strmm CPU -1 162998 40
CPU6 31.430917 162962 strmm strmm CPU -1 163002 40
CPU7 29.976352 162966 strmm strmm CPU -1 163006 40
CPU16 30.902595 162970 strmm strmm CPU11 84.050967 163010 40
CPU2 31.014889 162974 strmm strmm CPU24 104.771657 163014 40
CPU4 31.223206 162978 strmm strmm CPU -1 163018 40
CPU9 31.130282 162982 strmm strmm CPU -1 163022 40
CPU7 31.352021 162986 strmm strmm CPU13 80.649885 163026 40
CPU1 31.033003 162990 strmm strmm CPU -1 163030 40
CPU13 30.564588 162994 strmm strmm CPU14 80.695931 163034 40
CPU13 30.313398 162998 strmm strmm CPU -1 163038 40
CPU2 30.965308 163002 strmm strmm CPU15 105.368295 163042 40
CPU3 31.144760 163006 strmm strmm CPU10 106.291171 163046 40
CPU0 31.450918 163010 strmm strmm CPU23 92.546694 163050 40
CPU10 30.939682 163014 strmm strmm CPU15 89.792348 163054 40
CPU6 30.478925 163018 strmm strmm CPU25 98.069869 163058 40
CPU6 12.068882 163022 slauum slauum CPU -1 163062 40
CPU1 24.457322 163024 ssyrk ssyrk CPU -1 163064 40
CPU1 44.695631 163025 sgemm sgemm CUDA0 0.051312 163065 40
CPU0 45.073360 163026 sgemm sgemm CUDA2 1.064510 163066 40
CPU2 44.760047 163027 sgemm sgemm CUDA3 1.065946 163067 40
CPU1 44.971754 163028 sgemm sgemm CUDA3 1.191748 163068 40
CPU1 44.912336 163029 sgemm sgemm CUDA3 1.192936 163069 40
CPU9 44.851609 163030 sgemm sgemm CUDA3 1.192134 163070 40
CPU1 44.875329 163031 sgemm sgemm CUDA3 1.065839 163071 40
CPU0 44.950463 163032 sgemm sgemm CUDA3 1.212347 163072 40
CPU4 45.063159 163033 sgemm sgemm CUDA3 1.192614 163073 40
CPU6 45.162518 163034 sgemm sgemm CUDA2 1.211149 163074 40
CPU3 44.617124 163035 sgemm sgemm CUDA3 1.065787 163075 40
CPU15 44.451552 163036 sgemm sgemm CUDA2 1.067317 163076 40
CPU12 44.911077 163037 sgemm sgemm CUDA3 1.206902 163077 40
CPU8 44.831377 163038 sgemm sgemm CUDA2 1.205967 163078 40
CPU7 45.069802 163039 sgemm sgemm CUDA1 1.298581 163079 40
CPU4 44.906086 163040 sgemm sgemm CUDA0 1.206618 163080 40
CPU3 45.080972 163041 sgemm sgemm CUDA0 3.741306 163081 40
CPU17 44.779094 163042 sgemm sgemm CUDA0 0.049119 163082 40
CPU16 44.608622 163043 sgemm sgemm CUDA2 1.198640 163083 40
CPU12 45.198720 163044 sgemm sgemm CUDA0 1.065979 163084 40
CPU15 44.699903 163045 sgemm sgemm CUDA3 1.203661 163085 40
CPU8 44.717805 163046 sgemm sgemm CUDA3 1.084212 163086 40
CPU15 44.638061 163047 sgemm sgemm CUDA2 1.064582 163087 40
CPU7 45.174093 163048 sgemm sgemm CUDA2 1.195237 163088 40
CPU6 45.072040 163049 sgemm sgemm CUDA0 0.043771 163089 40
CPU9 44.569611 163050 sgemm sgemm CUDA2 12.316937 163090 40
CPU3 44.703096 163051 sgemm sgemm CUDA0 1.203772 163091 40
CPU13 45.105247 163052 sgemm sgemm CUDA3 1.065950 163092 40
CPU0 45.369703 163053 sgemm sgemm CUDA3 1.065992 163093 40
CPU12 44.731113 163054 sgemm sgemm CUDA2 1.080400 163094 40
CPU13 45.117536 163055 sgemm sgemm CUDA3 1.073128 163095 40
CPU16 44.833251 163056 sgemm sgemm CUDA2 1.064971 163096 40
CPU19 44.849593 163057 sgemm sgemm CUDA0 1.077262 163097 40
CPU19 44.897173 163058 sgemm sgemm CUDA3 1.209283 163098 40
CPU10 44.778235 163059 sgemm sgemm CUDA0 1.195297 163099 40
CPU12 44.992862 163060 sgemm sgemm CUDA3 1.082837 163100 40
CPU9 45.143841 163061 sgemm sgemm CUDA0 1.298157 163101 40
CPU3 44.923097 163062 sgemm sgemm CUDA2 1.084236 163102 40
CPU3 44.667861 163063 sgemm sgemm CUDA0 1.081413 163103 40
CPU5 24.558553 163064 ssyrk ssyrk CPU30 270.872702 163104 40
CPU14 45.195570 163065 sgemm sgemm CUDA1 12.991709 163105 40
CPU0 45.211450 163066 sgemm sgemm CUDA1 1.194520 163106 40
CPU1 44.781145 163067 sgemm sgemm CUDA0 3.653534 163107 40
CPU15 44.420736 163068 sgemm sgemm CUDA3 1.077722 163108 40
CPU15 44.757232 163069 sgemm sgemm CUDA1 0.058991 163109 40
CPU16 44.964562 163070 sgemm sgemm CUDA1 1.080705 163110 40
CPU16 44.749716 163071 sgemm sgemm CUDA1 1.081336 163111 40
CPU6 45.099593 163072 sgemm sgemm CUDA0 1.207084 163112 40
CPU10 44.995691 163073 sgemm sgemm CUDA1 1.062912 163113 40
CPU3 44.927813 163074 sgemm sgemm CUDA1 1.062913 163114 40
CPU15 44.584563 163075 sgemm sgemm CUDA1 1.273156 163115 40
CPU18 44.603430 163076 sgemm sgemm CUDA0 1.081758 163116 40
CPU17 45.052006 163077 sgemm sgemm CUDA2 1.077550 163117 40
CPU4 44.851529 163078 sgemm sgemm CUDA1 1.207892 163118 40
CPU1 45.065378 163079 sgemm sgemm CUDA0 1.068208 163119 40
CPU1 44.745243 163080 sgemm sgemm CUDA0 1.067677 163120 40
CPU15 44.711446 163081 sgemm sgemm CUDA0 1.199156 163121 40
CPU16 44.556841 163082 sgemm sgemm CUDA1 1.196852 163122 40
CPU11 44.854173 163083 sgemm sgemm CUDA0 1.065231 163123 40
CPU16 44.742067 163084 sgemm sgemm CUDA2 1.068975 163124 40
CPU8 44.748836 163085 sgemm sgemm CUDA3 1.207400 163125 40
CPU18 44.502063 163086 sgemm sgemm CUDA2 1.207786 163126 40
CPU14 44.947410 163087 sgemm sgemm CUDA3 1.087780 163127 40
CPU8 44.807473 163088 sgemm sgemm CUDA1 1.077432 163128 40
CPU3 45.013593 163089 sgemm sgemm CUDA2 1.209790 163129 40
CPU3 44.491064 163090 sgemm sgemm CUDA1 1.068034 163130 40
CPU13 45.253395 163091 sgemm sgemm CUDA3 1.199697 163131 40
CPU0 45.341386 163092 sgemm sgemm CUDA0 1.205135 163132 40
CPU18 45.183479 163093 sgemm sgemm CUDA2 0.043775 163133 40
CPU6 45.125514 163094 sgemm sgemm CUDA3 1.061089 163134 40
CPU3 44.718308 163095 sgemm sgemm CUDA1 1.205120 163135 40
CPU18 44.826192 163096 sgemm sgemm CUDA0 1.200367 163136 40
CPU7 45.000529 163097 sgemm sgemm CUDA1 1.058963 163137 40
CPU5 44.661929 163098 sgemm sgemm CUDA0 14.446508 163138 40
CPU10 45.279069 163099 sgemm sgemm CUDA3 13.216414 163139 40
CPU12 44.821470 163100 sgemm sgemm CUDA2 1.080982 163140 40
CPU12 45.010183 163101 sgemm sgemm CUDA2 8.119766 163141 40
CPU12 45.056572 163102 sgemm sgemm CUDA2 24.236053 163142 40
CPU14 24.917841 163103 ssyrk ssyrk CPU16 126.550735 163143 40
CPU14 44.763960 163104 sgemm sgemm CUDA2 1.069441 163144 40
CPU14 44.745648 163105 sgemm sgemm CUDA0 0.053473 163145 40
CPU14 44.506528 163106 sgemm sgemm CUDA1 1.079595 163146 40
CPU14 44.616276 163107 sgemm sgemm CPU19 129.130125 163147 40
CPU14 44.624189 163108 sgemm sgemm CUDA2 1.359038 163148 40
CPU17 44.684252 163109 sgemm sgemm CPU21 309.363347 163149 40
CPU14 44.747112 163110 sgemm sgemm CUDA0 1.197365 163150 40
CPU14 44.805016 163111 sgemm sgemm CUDA2 1.208250 163151 40
CPU9 44.897091 163112 sgemm sgemm CUDA1 1.206706 163152 40
CPU15 44.418823 163113 sgemm sgemm CUDA0 1.205512 163153 40
CPU19 44.576758 163114 sgemm sgemm CUDA0 1.205331 163154 40
CPU5 44.763080 163115 sgemm sgemm CUDA3 1.079778 163155 40
CPU0 45.329906 163116 sgemm sgemm CUDA1 1.207543 163156 40
CPU5 45.160990 163117 sgemm sgemm CUDA1 1.210684 163157 40
CPU5 45.048616 163118 sgemm sgemm CUDA2 1.081522 163158 40
CPU19 44.667604 163119 sgemm sgemm CUDA0 1.199711 163159 40
CPU15 44.335220 163120 sgemm sgemm CUDA1 1.192224 163160 40
CPU18 44.580569 163121 sgemm sgemm CUDA0 1.063374 163161 40
CPU17 44.592703 163122 sgemm sgemm CUDA2 1.089562 163162 40
CPU8 45.052409 163123 sgemm sgemm CUDA3 1.208507 163163 40
CPU11 44.477556 163124 sgemm sgemm CUDA2 1.081155 163164 40
CPU15 44.792035 163125 sgemm sgemm CUDA3 1.194779 163165 40
CPU19 45.095287 163126 sgemm sgemm CUDA1 1.080122 163166 40
CPU16 44.952569 163127 sgemm sgemm CUDA2 1.205149 163167 40
CPU11 44.694303 163128 sgemm sgemm CUDA0 13.130987 163168 40
CPU13 45.027325 163129 sgemm sgemm CUDA1 1.068744 163169 40
CPU7 45.103893 163130 sgemm sgemm CUDA1 1.199512 163170 40
CPU10 44.919240 163131 sgemm sgemm CUDA3 1.200178 163171 40
CPU18 44.797109 163132 sgemm sgemm CUDA1 1.203534 163172 40
CPU16 45.071838 163133 sgemm sgemm CUDA2 1.211162 163173 40
CPU1 44.903770 163134 sgemm sgemm CUDA2 1.312209 163174 40
CPU0 45.403135 163135 sgemm sgemm CUDA0 0.109390 163175 40
CPU1 45.166671 163136 sgemm sgemm CUDA2 0.056913 163176 40
CPU7 44.566659 163137 sgemm sgemm CUDA1 1.200551 163177 40
CPU1 45.376607 163138 sgemm sgemm CUDA0 0.055545 163178 40
CPU19 45.457224 163139 sgemm sgemm CUDA2 14.321251 163179 40
CPU11 44.772348 163140 sgemm sgemm CUDA3 1.195338 163180 40
CPU0 25.506705 163141 ssyrk ssyrk CPU -1 163181 40
CPU4 44.997435 163142 sgemm sgemm CUDA2 1.198565 163182 40
CPU15 44.268991 163143 sgemm sgemm CUDA2 1.065531 163183 40
CPU15 44.485960 163144 sgemm sgemm CUDA2 1.206257 163184 40
CPU18 44.610246 163145 sgemm sgemm CUDA3 0.054406 163185 40
CPU16 44.866529 163146 sgemm sgemm CUDA1 1.081221 163186 40
CPU4 45.084683 163147 sgemm sgemm CUDA2 1.207980 163187 40
CPU3 44.991842 163148 sgemm sgemm CUDA2 24.409547 163188 40
CPU5 44.527764 163149 sgemm sgemm CUDA2 1.302765 163189 40
CPU15 44.869197 163150 sgemm sgemm CUDA1 1.194444 163190 40
CPU14 44.823298 163151 sgemm sgemm CUDA3 1.314522 163191 40
CPU11 44.701178 163152 sgemm sgemm CUDA3 1.064830 163192 40
CPU3 44.795421 163153 sgemm sgemm CUDA1 0.040893 163193 40
CPU1 45.019698 163154 sgemm sgemm CUDA2 1.064353 163194 40
CPU6 45.357972 163155 sgemm sgemm CUDA3 1.063530 163195 40
CPU19 44.793636 163156 sgemm sgemm CUDA1 1.203362 163196 40
CPU16 44.683414 163157 sgemm sgemm CUDA1 12.975574 163197 40
CPU17 44.913837 163158 sgemm sgemm CUDA0 1.065606 163198 40
CPU15 44.649790 163159 sgemm sgemm CUDA1 1.222397 163199 40
CPU9 44.754068 163160 sgemm sgemm CUDA2 1.204318 163200 40
CPU3 44.907595 163161 sgemm sgemm CUDA2 1.209571 163201 40
CPU11 44.689840 163162 sgemm sgemm CUDA0 1.201457 163202 40
CPU1 44.812594 163163 sgemm sgemm CUDA1 1.082553 163203 40
CPU3 44.953340 163164 sgemm sgemm CUDA2 1.203563 163204 40
CPU8 44.751392 163165 sgemm sgemm CUDA1 1.209357 163205 40
CPU13 45.123278 163166 sgemm sgemm CUDA3 1.195681 163206 40
CPU3 44.926807 163167 sgemm sgemm CUDA2 1.069240 163207 40
CPU15 44.598814 163168 sgemm sgemm CUDA3 1.080960 163208 40
CPU0 45.060630 163169 sgemm sgemm CUDA0 1.066225 163209 40
CPU17 44.852758 163170 sgemm sgemm CUDA3 1.319733 163210 40
CPU8 44.631101 163171 sgemm sgemm CUDA2 1.197640 163211 40
CPU5 44.858540 163172 sgemm sgemm CUDA0 1.200844 163212 40
CPU6 45.192652 163173 sgemm sgemm CUDA1 1.209539 163213 40
CPU7 44.968524 163174 sgemm sgemm CUDA2 1.082945 163214 40
CPU0 44.895754 163175 sgemm sgemm CUDA1 1.207134 163215 40
CPU4 44.746345 163176 sgemm sgemm CUDA2 1.073435 163216 40
CPU13 45.344003 163177 sgemm sgemm CUDA3 1.144562 163217 40
CPU6 25.141379 163178 ssyrk ssyrk CPU -1 163218 40
CPU15 44.258089 163179 sgemm sgemm CUDA3 1.201825 163219 40
CPU15 44.433978 163180 sgemm sgemm CUDA0 1.208137 163220 40
CPU18 44.673283 163181 sgemm sgemm CUDA0 1.199393 163221 40
CPU15 44.555095 163182 sgemm sgemm CUDA0 1.199503 163222 40
CPU3 45.231910 163183 sgemm sgemm CUDA0 1.358157 163223 40
CPU6 45.339052 163184 sgemm sgemm CUDA0 1.206315 163224 40
CPU2 44.823254 163185 sgemm sgemm CUDA3 8.065767 163225 40
CPU15 44.583532 163186 sgemm sgemm CUDA0 1.191191 163226 40
CPU6 46.083677 163187 sgemm sgemm CUDA3 1.064866 163227 40
CPU8 44.829380 163188 sgemm sgemm CUDA3 1.086782 163228 40
CPU1 44.856376 163189 sgemm sgemm CUDA0 0.048294 163229 40
CPU1 45.117152 163190 sgemm sgemm CUDA0 1.194823 163230 40
CPU2 44.917230 163191 sgemm sgemm CUDA3 1.067114 163231 40
CPU18 44.809107 163192 sgemm sgemm CUDA3 1.205830 163232 40
CPU4 45.035329 163193 sgemm sgemm CUDA2 1.201118 163233 40
CPU17 44.923657 163194 sgemm sgemm CUDA0 1.062981 163234 40
CPU15 44.892626 163195 sgemm sgemm CUDA3 1.076877 163235 40
CPU2 44.762986 163196 sgemm sgemm CUDA3 1.198538 163236 40
CPU14 45.123244 163197 sgemm sgemm CUDA2 1.198790 163237 40
CPU15 44.515702 163198 sgemm sgemm CUDA0 0.057092 163238 40
CPU10 44.728387 163199 sgemm sgemm CUDA3 15.782125 163239 40
CPU5 44.628389 163200 sgemm sgemm CUDA3 1.204564 163240 40
CPU4 44.720538 163201 sgemm sgemm CUDA0 0.045551 163241 40
CPU12 45.361612 163202 sgemm sgemm CUDA3 1.213893 163242 40
CPU8 44.698593 163203 sgemm sgemm CUDA3 1.206325 163243 40
CPU11 44.971609 163204 sgemm sgemm CUDA3 1.203789 163244 40
CPU15 45.039104 163205 sgemm sgemm CUDA0 8.824758 163245 40
CPU18 44.860810 163206 sgemm sgemm CUDA3 1.080838 163246 40
CPU17 45.122813 163207 sgemm sgemm CUDA3 1.193985 163247 40
CPU4 44.887517 163208 sgemm sgemm CUDA3 12.555126 163248 40
CPU16 44.749218 163209 sgemm sgemm CUDA0 0.045932 163249 40
CPU7 44.850151 163210 sgemm sgemm CUDA3 1.198973 163250 40
CPU5 44.641863 163211 sgemm sgemm CUDA2 1.070703 163251 40
CPU15 44.962482 163212 sgemm sgemm CUDA2 1.196996 163252 40
CPU1 44.605045 163213 sgemm sgemm CUDA2 0.034747 163253 40
CPU16 24.373278 163214 ssyrk ssyrk CPU21 72.344810 163254 40
CPU14 44.725169 163215 sgemm sgemm CUDA3 1.193177 163255 40
CPU15 44.424942 163216 sgemm sgemm CUDA1 1.194910 163256 40
CPU14 44.665415 163217 sgemm sgemm CUDA0 1.369222 163257 40
CPU16 44.495759 163218 sgemm sgemm CUDA3 1.061111 163258 40
CPU14 44.709277 163219 sgemm sgemm CUDA0 1.192305 163259 40
CPU9 44.872572 163220 sgemm sgemm CUDA2 1.066611 163260 40
CPU14 44.672823 163221 sgemm sgemm CUDA0 1.209570 163261 40
CPU2 45.090813 163222 sgemm sgemm CUDA3 1.062756 163262 40
CPU3 45.031067 163223 sgemm sgemm CUDA2 1.069427 163263 40
CPU6 45.371599 163224 sgemm sgemm CUDA0 1.077622 163264 40
CPU0 45.315093 163225 sgemm sgemm CUDA0 1.202535 163265 40
CPU4 45.265806 163226 sgemm sgemm CUDA3 1.076111 163266 40
CPU17 44.848913 163227 sgemm sgemm CUDA3 1.067753 163267 40
CPU9 45.071577 163228 sgemm sgemm CUDA0 1.080103 163268 40
CPU1 45.079145 163229 sgemm sgemm CUDA3 12.303605 163269 40
CPU17 44.707631 163230 sgemm sgemm CUDA1 1.075972 163270 40
CPU0 45.390984 163231 sgemm sgemm CUDA3 0.042280 163271 40
CPU10 44.695532 163232 sgemm sgemm CUDA0 0.065912 163272 40
CPU16 44.439916 163233 sgemm sgemm CUDA1 1.188612 163273 40
CPU19 44.711343 163234 sgemm sgemm CUDA0 1.071546 163274 40
CPU3 44.890872 163235 sgemm sgemm CUDA2 1.069845 163275 40
CPU7 44.993672 163236 sgemm sgemm CUDA1 5.031797 163276 40
CPU13 44.904198 163237 sgemm sgemm CUDA3 1.321648 163277 40
CPU6 45.305399 163238 sgemm sgemm CUDA1 1.065844 163278 40
CPU12 44.797420 163239 sgemm sgemm CUDA3 1.065135 163279 40
CPU14 45.672610 163240 sgemm sgemm CUDA0 1.194508 163280 40
CPU19 44.834794 163241 sgemm sgemm CUDA1 1.200156 163281 40
CPU3 44.817237 163242 sgemm sgemm CUDA2 1.193982 163282 40
CPU11 44.669274 163243 sgemm sgemm CUDA1 1.205165 163283 40
CPU1 45.049109 163244 sgemm sgemm CUDA2 12.912920 163284 40
CPU8 44.955582 163245 sgemm sgemm CUDA3 1.078880 163285 40
CPU7 45.205858 163246 sgemm sgemm CUDA2 0.060930 163286 40
CPU14 45.055204 163247 sgemm sgemm CUDA2 1.307719 163287 40
CPU3 45.067435 163248 sgemm sgemm CUDA0 1.017344 163288 40
CPU15 24.341515 163249 ssyrk ssyrk CPU30 125.543669 163289 40
CPU8 45.050925 163250 sgemm sgemm CUDA2 1.291635 163290 40
CPU17 44.664076 163251 sgemm sgemm CPU22 324.081787 163291 40
CPU5 45.064795 163252 sgemm sgemm CPU -1 163292 40
CPU5 45.156160 163253 sgemm sgemm CUDA2 1.071314 163293 40
CPU8 44.668860 163254 sgemm sgemm CUDA0 8.229855 163294 40
CPU14 44.753467 163255 sgemm sgemm CUDA1 1.210758 163295 40
CPU14 44.602563 163256 sgemm sgemm CUDA2 1.190039 163296 40
CPU7 44.972217 163257 sgemm sgemm CUDA3 1.065990 163297 40
CPU17 44.465043 163258 sgemm sgemm CUDA0 1.299238 163298 40
CPU5 44.944874 163259 sgemm sgemm CUDA1 1.080644 163299 40
CPU3 44.867575 163260 sgemm sgemm CUDA1 0.048364 163300 40
CPU18 44.615999 163261 sgemm sgemm CUDA3 5.179191 163301 40
CPU14 45.049862 163262 sgemm sgemm CUDA2 1.067516 163302 40
CPU7 45.118246 163263 sgemm sgemm CUDA0 1.186695 163303 40
CPU16 44.655248 163264 sgemm sgemm CUDA2 1.203825 163304 40
CPU8 45.039840 163265 sgemm sgemm CUDA3 1.319855 163305 40
CPU12 44.627004 163266 sgemm sgemm CUDA0 1.065981 163306 40
CPU16 44.641167 163267 sgemm sgemm CUDA0 1.066285 163307 40
CPU19 44.657537 163268 sgemm sgemm CUDA2 1.062194 163308 40
CPU5 44.792485 163269 sgemm sgemm CUDA2 1.063337 163309 40
CPU6 44.769115 163270 sgemm sgemm CUDA1 0.059235 163310 40
CPU12 44.919188 163271 sgemm sgemm CUDA3 1.039181 163311 40
CPU7 45.141178 163272 sgemm sgemm CUDA3 1.080154 163312 40
CPU19 44.967533 163273 sgemm sgemm CUDA3 1.064445 163313 40
CPU10 44.855525 163274 sgemm sgemm CUDA0 0.245771 163314 40
CPU13 44.785110 163275 sgemm sgemm CUDA2 1.073959 163315 40
CPU11 44.659318 163276 sgemm sgemm CUDA2 1.067833 163316 40
CPU17 44.662596 163277 sgemm sgemm CUDA0 0.056273 163317 40
CPU18 44.508375 163278 sgemm sgemm CUDA2 1.065975 163318 40
CPU15 44.719207 163279 sgemm sgemm CUDA3 0.041981 163319 40
CPU17 44.705360 163280 sgemm sgemm CUDA0 1.063556 163320 40
CPU3 45.202030 163281 sgemm sgemm CUDA2 0.046922 163321 40
CPU7 45.056601 163282 sgemm sgemm CUDA2 1.149203 163322 40
CPU18 24.505054 163283 ssyrk ssyrk CPU -1 163323 40
CPU16 44.678167 163284 sgemm sgemm CUDA1 0.046877 163324 40
CPU7 45.255499 163285 sgemm sgemm CUDA3 1.066256 163325 40
CPU3 45.129525 163286 sgemm sgemm CUDA2 0.078686 163326 40
CPU1 44.576540 163287 sgemm sgemm CUDA0 7.201997 163327 40
CPU14 44.659230 163288 sgemm sgemm CUDA1 1.064565 163328 40
CPU14 44.734788 163289 sgemm sgemm CUDA1 1.063322 163329 40
CPU0 45.311127 163290 sgemm sgemm CUDA3 1.210886 163330 40
CPU10 44.605991 163291 sgemm sgemm CUDA0 1.063017 163331 40
CPU6 45.478374 163292 sgemm sgemm CUDA2 1.303456 163332 40
CPU7 45.227471 163293 sgemm sgemm CUDA1 1.353601 163333 40
CPU19 44.752689 163294 sgemm sgemm CUDA1 1.196899 163334 40
CPU11 45.061711 163295 sgemm sgemm CUDA1 0.043742 163335 40
CPU12 45.005485 163296 sgemm sgemm CUDA1 1.067477 163336 40
CPU16 44.705702 163297 sgemm sgemm CUDA2 1.083674 163337 40
CPU2 45.211262 163298 sgemm sgemm CUDA3 1.203774 163338 40
CPU10 44.815566 163299 sgemm sgemm CUDA0 1.068069 163339 40
CPU2 44.962208 163300 sgemm sgemm CUDA0 1.076773 163340 40
CPU2 45.058245 163301 sgemm sgemm CUDA3 1.083426 163341 40
CPU12 45.047971 163302 sgemm sgemm CUDA2 1.201194 163342 40
CPU4 44.901927 163303 sgemm sgemm CUDA1 1.152055 163343 40
CPU17 44.947843 163304 sgemm sgemm CUDA3 1.080693 163344 40
CPU1 45.101489 163305 sgemm sgemm CUDA3 0.084801 163345 40
CPU2 45.038688 163306 sgemm sgemm CUDA3 1.076600 163346 40
CPU11 45.226622 163307 sgemm sgemm CUDA3 1.273909 163347 40
CPU3 44.989227 163308 sgemm sgemm CUDA3 1.078354 163348 40
CPU6 44.918485 163309 sgemm sgemm CUDA2 1.079095 163349 40
CPU6 45.238582 163310 sgemm sgemm CUDA1 0.317418 163350 40
CPU5 44.923053 163311 sgemm sgemm CUDA2 11.044499 163351 40
CPU14 45.044290 163312 sgemm sgemm CUDA3 1.064787 163352 40
CPU7 45.318033 163313 sgemm sgemm CUDA2 1.065473 163353 40
CPU5 45.215610 163314 sgemm sgemm CUDA2 0.073094 163354 40
CPU5 44.778283 163315 sgemm sgemm CUDA0 1.082122 163355 40
CPU17 25.000879 163316 ssyrk ssyrk CPU23 201.962379 163356 40
CPU17 44.721647 163317 sgemm sgemm CPU -1 163357 40
CPU17 44.676133 163318 sgemm sgemm CUDA2 1.065866 163358 40
CPU3 45.048222 163319 sgemm sgemm CUDA1 13.057442 163359 40
CPU15 44.570427 163320 sgemm sgemm CUDA1 1.062506 163360 40
CPU14 44.861130 163321 sgemm sgemm CUDA1 1.207633 163361 40
CPU8 44.796706 163322 sgemm sgemm CUDA0 1.062619 163362 40
CPU10 44.812034 163323 sgemm sgemm CUDA0 1.063587 163363 40
CPU7 44.982013 163324 sgemm sgemm CUDA1 1.210412 163364 40
CPU3 44.981236 163325 sgemm sgemm CUDA1 1.307988 163365 40
CPU17 44.927956 163326 sgemm sgemm CPU24 159.118577 163366 40
CPU16 44.610971 163327 sgemm sgemm CUDA1 1.298582 163367 40
CPU9 44.812266 163328 sgemm sgemm CUDA1 1.323806 163368 40
CPU15 45.029610 163329 sgemm sgemm CUDA2 0.059992 163369 40
CPU4 45.006651 163330 sgemm sgemm CUDA0 1.211561 163370 40
CPU11 44.335617 163331 sgemm sgemm CUDA0 1.203148 163371 40
CPU15 44.624186 163332 sgemm sgemm CUDA0 8.410403 163372 40
CPU19 44.732613 163333 sgemm sgemm CUDA3 1.076108 163373 40
CPU1 44.894330 163334 sgemm sgemm CUDA2 1.186666 163374 40
CPU0 44.682780 163335 sgemm sgemm CUDA0 1.205282 163375 40
CPU12 45.039274 163336 sgemm sgemm CUDA1 1.061812 163376 40
CPU2 44.990103 163337 sgemm sgemm CUDA1 8.116203 163377 40
CPU11 44.818385 163338 sgemm sgemm CUDA3 1.077821 163378 40
CPU13 44.835744 163339 sgemm sgemm CUDA0 11.734934 163379 40
CPU10 45.003695 163340 sgemm sgemm CUDA3 0.053203 163380 40
CPU13 45.225313 163341 sgemm sgemm CUDA2 1.280531 163381 40
CPU19 44.909791 163342 sgemm sgemm CUDA1 15.689629 163382 40
CPU16 44.736940 163343 sgemm sgemm CUDA2 1.282714 163383 40
CPU10 44.821029 163344 sgemm sgemm CUDA3 1.199439 163384 40
CPU18 44.598525 163345 sgemm sgemm CUDA0 1.067584 163385 40
CPU16 44.768171 163346 sgemm sgemm CUDA3 12.727292 163386 40
CPU16 44.722824 163347 sgemm sgemm CUDA3 1.248001 163387 40
CPU3 24.923436 163348 ssyrk ssyrk CPU -1 163388 40
CPU11 44.761040 163349 sgemm sgemm CUDA2 1.360106 163389 40
CPU3 45.086624 163350 sgemm sgemm CUDA3 1.066005 163390 40
CPU15 44.462947 163351 sgemm sgemm CUDA0 1.201718 163391 40
CPU3 45.008204 163352 sgemm sgemm CUDA0 1.186234 163392 40
CPU9 44.849698 163353 sgemm sgemm CUDA2 1.206556 163393 40
CPU8 44.804523 163354 sgemm sgemm CUDA0 1.193784 163394 40
CPU4 45.132800 163355 sgemm sgemm CUDA2 1.060375 163395 40
CPU4 45.116650 163356 sgemm sgemm CUDA3 1.242179 163396 40
CPU16 44.571900 163357 sgemm sgemm CUDA3 0.063361 163397 40
CPU14 44.848548 163358 sgemm sgemm CUDA2 1.081785 163398 40
CPU0 45.206675 163359 sgemm sgemm CUDA1 1.204911 163399 40
CPU14 44.935067 163360 sgemm sgemm CUDA2 0.071118 163400 40
CPU0 45.351555 163361 sgemm sgemm CUDA2 1.065532 163401 40
CPU12 44.776370 163362 sgemm sgemm CUDA0 1.203237 163402 40
CPU15 44.765128 163363 sgemm sgemm CUDA0 0.409517 163403 40
CPU19 44.659244 163364 sgemm sgemm CUDA3 1.075552 163404 40
CPU8 44.874013 163365 sgemm sgemm CUDA0 1.262629 163405 40
CPU9 44.823505 163366 sgemm sgemm CUDA0 1.064530 163406 40
CPU13 44.840293 163367 sgemm sgemm CUDA3 1.194016 163407 40
CPU0 45.528204 163368 sgemm sgemm CUDA3 0.106642 163408 40
CPU14 45.003379 163369 sgemm sgemm CUDA3 1.081057 163409 40
CPU7 45.700981 163370 sgemm sgemm CUDA0 0.047452 163410 40
CPU18 44.799569 163371 sgemm sgemm CUDA2 1.069617 163411 40
CPU7 44.918815 163372 sgemm sgemm CUDA0 10.830355 163412 40
CPU2 45.027632 163373 sgemm sgemm CUDA2 3.602937 163413 40
CPU17 44.688942 163374 sgemm sgemm CUDA0 8.400593 163414 40
CPU18 44.399504 163375 sgemm sgemm CUDA1 1.064467 163415 40
CPU5 45.111816 163376 sgemm sgemm CUDA2 1.064263 163416 40
CPU2 44.994293 163377 sgemm sgemm CUDA2 0.054048 163417 40
CPU4 44.963620 163378 sgemm sgemm CUDA2 1.246711 163418 40
CPU6 25.152453 163379 ssyrk ssyrk CPU -1 163419 40
CPU4 44.839634 163380 sgemm sgemm CUDA1 0.042916 163420 40
CPU15 44.566918 163381 sgemm sgemm CUDA0 12.981383 163421 40
CPU14 44.997720 163382 sgemm sgemm CUDA1 1.187625 163422 40
CPU1 44.855071 163383 sgemm sgemm CUDA2 1.201622 163423 40
CPU5 44.712177 163384 sgemm sgemm CUDA1 1.085190 163424 40
CPU12 44.811680 163385 sgemm sgemm CUDA2 1.198009 163425 40
CPU1 44.957765 163386 sgemm sgemm CUDA2 1.081765 163426 40
CPU15 44.916729 163387 sgemm sgemm CUDA0 1.192257 163427 40
CPU11 44.698721 163388 sgemm sgemm CUDA1 1.205306 163428 40
CPU10 45.004369 163389 sgemm sgemm CUDA1 1.195217 163429 40
CPU14 44.943998 163390 sgemm sgemm CUDA2 1.193328 163430 40
CPU9 44.921370 163391 sgemm sgemm CUDA0 1.060178 163431 40
CPU1 45.127759 163392 sgemm sgemm CUDA0 1.188596 163432 40
CPU18 44.961511 163393 sgemm sgemm CUDA2 1.066466 163433 40
CPU11 44.765237 163394 sgemm sgemm CUDA3 1.063929 163434 40
CPU9 44.909903 163395 sgemm sgemm CUDA2 1.205023 163435 40
CPU7 45.066429 163396 sgemm sgemm CUDA1 1.208816 163436 40
CPU17 44.810506 163397 sgemm sgemm CUDA1 12.227202 163437 40
CPU3 45.150264 163398 sgemm sgemm CUDA1 0.071721 163438 40
CPU0 45.698909 163399 sgemm sgemm CUDA2 1.206263 163439 40
CPU3 44.911343 163400 sgemm sgemm CUDA3 1.074160 163440 40
CPU6 45.391373 163401 sgemm sgemm CUDA2 1.195458 163441 40
CPU5 44.889809 163402 sgemm sgemm CUDA2 1.210296 163442 40
CPU7 45.414615 163403 sgemm sgemm CUDA1 0.087101 163443 40
CPU0 45.587707 163404 sgemm sgemm CUDA2 1.068375 163444 40
CPU13 44.685259 163405 sgemm sgemm CUDA2 1.211181 163445 40
CPU18 44.691576 163406 sgemm sgemm CUDA2 1.066946 163446 40
CPU18 44.804233 163407 sgemm sgemm CUDA2 1.313486 163447 40
CPU18 44.839163 163408 sgemm sgemm CUDA0 1.189843 163448 40
CPU8 24.825590 163409 ssyrk ssyrk CPU -1 163449 40
CPU0 45.127720 163410 sgemm sgemm CUDA1 1.077036 163450 40
CPU4 45.143496 163411 sgemm sgemm CUDA1 1.203904 163451 40
CPU11 44.505249 163412 sgemm sgemm CUDA1 1.072657 163452 40
CPU2 44.766068 163413 sgemm sgemm CUDA3 1.079905 163453 40
CPU0 45.280949 163414 sgemm sgemm CUDA2 1.206922 163454 40
CPU7 45.005964 163415 sgemm sgemm CUDA2 1.081640 163455 40
CPU18 44.375492 163416 sgemm sgemm CUDA0 1.086117 163456 40
CPU10 44.570581 163417 sgemm sgemm CUDA1 1.060663 163457 40
CPU6 45.229199 163418 sgemm sgemm CUDA0 1.206815 163458 40
CPU16 44.725078 163419 sgemm sgemm CUDA2 1.064914 163459 40
CPU3 45.033004 163420 sgemm sgemm CUDA1 1.190718 163460 40
CPU11 44.435396 163421 sgemm sgemm CUDA3 1.197305 163461 40
CPU12 45.231788 163422 sgemm sgemm CUDA2 1.069413 163462 40
CPU11 44.625795 163423 sgemm sgemm CUDA1 1.066066 163463 40
CPU4 44.957990 163424 sgemm sgemm CUDA2 12.562320 163464 40
CPU1 44.876785 163425 sgemm sgemm CUDA0 1.073569 163465 40
CPU13 44.891966 163426 sgemm sgemm CUDA1 0.057465 163466 40
CPU0 45.478473 163427 sgemm sgemm CUDA1 12.130170 163467 40
CPU18 44.441804 163428 sgemm sgemm CUDA2 1.065427 163468 40
CPU16 44.763919 163429 sgemm sgemm CUDA2 0.040548 163469 40
CPU2 44.968251 163430 sgemm sgemm CUDA3 0.083549 163470 40
CPU0 45.055777 163431 sgemm sgemm CUDA2 1.320439 163471 40
CPU7 45.340714 163432 sgemm sgemm CUDA0 1.065294 163472 40
CPU9 45.126164 163433 sgemm sgemm CUDA0 1.255017 163473 40
CPU7 44.844071 163434 sgemm sgemm CUDA3 1.065064 163474 40
CPU2 44.922557 163435 sgemm sgemm CUDA1 1.207761 163475 40
CPU12 44.981850 163436 sgemm sgemm CUDA3 1.194379 163476 40
CPU5 45.026709 163437 sgemm sgemm CUDA0 1.005716 163477 40
CPU14 24.872639 163438 ssyrk ssyrk CPU -1 163478 40
CPU15 44.873152 163439 sgemm sgemm CUDA0 1.083537 163479 40
CPU15 45.047835 163440 sgemm sgemm CUDA0 1.193063 163480 40
CPU3 44.869856 163441 sgemm sgemm CUDA0 1.207464 163481 40
CPU15 44.766005 163442 sgemm sgemm CUDA1 1.195830 163482 40
CPU15 44.764773 163443 sgemm sgemm CUDA0 1.200465 163483 40
CPU16 44.894084 163444 sgemm sgemm CUDA0 1.060456 163484 40
CPU8 45.118830 163445 sgemm sgemm CUDA2 1.200275 163485 40
CPU17 44.821033 163446 sgemm sgemm CUDA0 1.203681 163486 40
CPU17 44.693710 163447 sgemm sgemm CUDA1 1.212767 163487 40
CPU0 45.467837 163448 sgemm sgemm CUDA0 1.205199 163488 40
CPU5 45.027714 163449 sgemm sgemm CUDA0 1.191398 163489 40
CPU14 44.948612 163450 sgemm sgemm CUDA1 1.063023 163490 40
CPU19 44.481850 163451 sgemm sgemm CUDA1 1.209767 163491 40
CPU9 44.950155 163452 sgemm sgemm CUDA0 1.197772 163492 40
CPU12 44.874301 163453 sgemm sgemm CUDA0 1.064913 163493 40
CPU12 44.959265 163454 sgemm sgemm CUDA0 1.083405 163494 40
CPU18 44.496745 163455 sgemm sgemm CUDA1 1.295631 163495 40
CPU17 44.749578 163456 sgemm sgemm CUDA2 1.207260 163496 40
CPU1 45.770171 163457 sgemm sgemm CUDA0 1.319241 163497 40
CPU14 44.637133 163458 sgemm sgemm CUDA1 1.076352 163498 40
CPU16 44.731171 163459 sgemm sgemm CUDA1 1.361720 163499 40
CPU6 45.316127 163460 sgemm sgemm CUDA0 1.292188 163500 40
CPU19 44.735059 163461 sgemm sgemm CUDA0 1.262850 163501 40
CPU7 44.806472 163462 sgemm sgemm CUDA2 1.206126 163502 40
CPU4 44.721682 163463 sgemm sgemm CUDA1 0.066356 163503 40
CPU5 45.238229 163464 sgemm sgemm CUDA1 1.211778 163504 40
CPU6 45.147756 163465 sgemm sgemm CUDA1 1.067950 163505 40
CPU0 25.038903 163466 ssyrk ssyrk CPU29 187.173363 163506 40
CPU14 44.680438 163467 sgemm sgemm CUDA3 11.936992 163507 40
CPU11 44.590650 163468 sgemm sgemm CUDA0 1.084723 163508 40
CPU6 45.118334 163469 sgemm sgemm CUDA2 1.076245 163509 40
CPU3 44.775227 163470 sgemm sgemm CUDA1 1.083386 163510 40
CPU19 44.647486 163471 sgemm sgemm CUDA1 1.065238 163511 40
CPU16 44.239801 163472 sgemm sgemm CUDA2 1.068156 163512 40
CPU11 44.867186 163473 sgemm sgemm CUDA1 1.192943 163513 40
CPU17 44.757500 163474 sgemm sgemm CUDA1 1.193287 163514 40
CPU1 45.134763 163475 sgemm sgemm CUDA0 0.091633 163515 40
CPU2 45.208035 163476 sgemm sgemm CUDA3 1.206731 163516 40
CPU10 44.804526 163477 sgemm sgemm CUDA0 1.203236 163517 40
CPU0 45.715655 163478 sgemm sgemm CUDA0 1.067573 163518 40
CPU3 44.960393 163479 sgemm sgemm CUDA1 1.061786 163519 40
CPU1 44.243190 163480 sgemm sgemm CUDA0 1.064455 163520 40
CPU19 44.796528 163481 sgemm sgemm CUDA0 1.190399 163521 40
CPU6 45.398609 163482 sgemm sgemm CUDA1 1.080837 163522 40
CPU11 44.681050 163483 sgemm sgemm CUDA2 1.081407 163523 40
CPU4 45.044022 163484 sgemm sgemm CUDA1 1.212703 163524 40
CPU10 44.902511 163485 sgemm sgemm CUDA3 1.194594 163525 40
CPU6 44.965003 163486 sgemm sgemm CUDA1 1.071448 163526 40
CPU12 44.772718 163487 sgemm sgemm CUDA0 1.062813 163527 40
CPU17 44.709973 163488 sgemm sgemm CUDA1 1.209744 163528 40
CPU3 45.137093 163489 sgemm sgemm CUDA1 1.210036 163529 40
CPU8 44.910269 163490 sgemm sgemm CUDA3 1.194034 163530 40
CPU10 45.482630 163491 sgemm sgemm CUDA1 2.132798 163531 40
CPU13 45.031185 163492 sgemm sgemm CUDA2 1.148398 163532 40
CPU0 25.294746 163493 ssyrk ssyrk CPU17 77.334411 163533 40
CPU8 45.010378 163494 sgemm sgemm CUDA1 1.207146 163534 40
CPU6 45.280558 163495 sgemm sgemm CUDA0 1.063299 163535 40
CPU2 44.754874 163496 sgemm sgemm CUDA3 0.047775 163536 40
CPU18 44.451735 163497 sgemm sgemm CUDA3 1.520640 163537 40
CPU15 44.607099 163498 sgemm sgemm CUDA1 1.017650 163538 40
CPU17 45.545161 163499 sgemm sgemm CUDA1 1.199371 163539 40
CPU15 44.832005 163500 sgemm sgemm CUDA3 0.665190 163540 40
CPU3 45.054939 163501 sgemm sgemm CUDA3 1.342009 163541 40
CPU4 45.303876 163502 sgemm sgemm CUDA2 1.197737 163542 40
CPU16 44.424530 163503 sgemm sgemm CUDA2 1.063300 163543 40
CPU19 44.571192 163504 sgemm sgemm CUDA1 1.203009 163544 40
CPU17 45.148404 163505 sgemm sgemm CUDA0 1.066842 163545 40
CPU12 45.097569 163506 sgemm sgemm CUDA0 1.194009 163546 40
CPU17 44.959289 163507 sgemm sgemm CUDA0 1.197523 163547 40
CPU9 44.963106 163508 sgemm sgemm CUDA2 3.546699 163548 40
CPU7 45.471133 163509 sgemm sgemm CUDA0 1.066888 163549 40
CPU8 45.565738 163510 sgemm sgemm CUDA0 1.082645 163550 40
CPU11 44.748604 163511 sgemm sgemm CUDA1 1.201583 163551 40
CPU9 44.918389 163512 sgemm sgemm CUDA2 0.071528 163552 40
CPU6 45.059402 163513 sgemm sgemm CUDA2 1.258684 163553 40
CPU15 44.761013 163514 sgemm sgemm CUDA2 1.207759 163554 40
CPU9 44.766362 163515 sgemm sgemm CUDA2 12.145106 163555 40
CPU6 45.093581 163516 sgemm sgemm CUDA3 1.068958 163556 40
CPU8 45.473326 163517 sgemm sgemm CUDA1 0.053023 163557 40
CPU7 45.095707 163518 sgemm sgemm CUDA0 1.201299 163558 40
CPU4 25.083247 163519 ssyrk ssyrk CPU -1 163559 40
CPU2 44.996155 163520 sgemm sgemm CUDA0 1.320256 163560 40
CPU1 44.965440 163521 sgemm sgemm CUDA0 1.208924 163561 40
CPU12 44.627662 163522 sgemm sgemm CUDA0 1.062033 163562 40
CPU11 44.598808 163523 sgemm sgemm CUDA2 1.207132 163563 40
CPU1 44.730155 163524 sgemm sgemm CUDA1 1.204930 163564 40
CPU15 44.673700 163525 sgemm sgemm CUDA0 1.210630 163565 40
CPU5 44.647501 163526 sgemm sgemm CUDA1 1.064479 163566 40
CPU8 44.914364 163527 sgemm sgemm CUDA3 1.064394 163567 40
CPU16 44.518439 163528 sgemm sgemm CUDA2 1.296434 163568 40
CPU19 44.549676 163529 sgemm sgemm CUDA1 1.203004 163569 40
CPU7 45.124002 163530 sgemm sgemm CUDA3 1.207390 163570 40
CPU3 44.599269 163531 sgemm sgemm CUDA0 1.205682 163571 40
CPU12 44.908665 163532 sgemm sgemm CUDA0 1.208311 163572 40
CPU9 44.637753 163533 sgemm sgemm CUDA1 1.068528 163573 40
CPU12 44.726667 163534 sgemm sgemm CUDA0 12.272067 163574 40
CPU9 44.916392 163535 sgemm sgemm CUDA3 1.199373 163575 40
CPU14 44.774850 163536 sgemm sgemm CUDA3 1.079850 163576 40
CPU15 44.497448 163537 sgemm sgemm CUDA1 1.062461 163577 40
CPU5 44.914254 163538 sgemm sgemm CUDA1 1.205545 163578 40
CPU7 44.918635 163539 sgemm sgemm CUDA0 1.312681 163579 40
CPU4 45.191579 163540 sgemm sgemm CUDA2 1.080688 163580 40
CPU5 45.013497 163541 sgemm sgemm CUDA0 1.066035 163581 40
CPU9 45.006906 163542 sgemm sgemm CUDA1 1.206849 163582 40
CPU4 45.147196 163543 sgemm sgemm CUDA0 0.049601 163583 40
CPU17 24.879353 163544 ssyrk ssyrk CPU -1 163584 40
CPU5 44.927191 163545 sgemm sgemm CUDA2 0.047377 163585 40
CPU16 44.697724 163546 sgemm sgemm CUDA1 1.082042 163586 40
CPU12 44.904086 163547 sgemm sgemm CUDA3 1.209749 163587 40
CPU8 44.765067 163548 sgemm sgemm CUDA0 1.069867 163588 40
CPU14 44.807296 163549 sgemm sgemm CUDA2 0.086609 163589 40
CPU1 45.202457 163550 sgemm sgemm CUDA2 1.201220 163590 40
CPU17 44.825771 163551 sgemm sgemm CUDA3 1.206141 163591 40
CPU14 44.991993 163552 sgemm sgemm CUDA1 1.073264 163592 40
CPU12 44.792417 163553 sgemm sgemm CUDA1 0.083279 163593 40
CPU4 45.005335 163554 sgemm sgemm CUDA0 1.200310 163594 40
CPU0 45.306084 163555 sgemm sgemm CUDA0 1.084535 163595 40
CPU13 44.746714 163556 sgemm sgemm CUDA3 12.140585 163596 40
CPU7 45.023874 163557 sgemm sgemm CUDA1 8.725055 163597 40
CPU17 45.034549 163558 sgemm sgemm CUDA0 1.065487 163598 40
CPU13 44.610577 163559 sgemm sgemm CUDA2 1.078971 163599 40
CPU15 44.784679 163560 sgemm sgemm CUDA2 1.209044 163600 40
CPU18 44.554265 163561 sgemm sgemm CUDA2 8.642020 163601 40
CPU17 44.613817 163562 sgemm sgemm CUDA2 1.278039 163602 40
CPU14 44.705219 163563 sgemm sgemm CUDA0 1.205756 163603 40
CPU9 44.926772 163564 sgemm sgemm CUDA3 1.082290 163604 40
CPU7 45.335627 163565 sgemm sgemm CUDA2 1.203426 163605 40
CPU19 44.840516 163566 sgemm sgemm CUDA2 1.302003 163606 40
CPU19 44.920550 163567 sgemm sgemm CUDA3 12.057345 163607 40
CPU3 24.904886 163568 ssyrk ssyrk CPU32 99.623839 163608 40
CPU17 44.703055 163569 sgemm sgemm CUDA3 1.201530 163609 40
CPU16 45.995158 163570 sgemm sgemm CUDA3 1.193327 163610 40
CPU17 44.779217 163571 sgemm sgemm CUDA1 12.991943 163611 40
CPU14 44.970442 163572 sgemm sgemm CUDA2 1.062781 163612 40
CPU1 44.854531 163573 sgemm sgemm CUDA3 1.215275 163613 40
CPU13 44.900622 163574 sgemm sgemm CUDA1 1.079607 163614 40
CPU16 44.430673 163575 sgemm sgemm CUDA1 1.064165 163615 40
CPU19 44.563329 163576 sgemm sgemm CUDA1 1.279614 163616 40
CPU5 44.488920 163577 sgemm sgemm CUDA2 1.065391 163617 40
CPU7 44.661518 163578 sgemm sgemm CUDA0 1.076421 163618 40
CPU19 44.751305 163579 sgemm sgemm CUDA1 1.310832 163619 40
CPU8 45.068198 163580 sgemm sgemm CUDA1 0.057317 163620 40
CPU10 44.914558 163581 sgemm sgemm CUDA2 12.177731 163621 40
CPU9 44.995363 163582 sgemm sgemm CUDA2 1.207041 163622 40
CPU8 45.142161 163583 sgemm sgemm CUDA1 1.067669 163623 40
CPU5 44.829188 163584 sgemm sgemm CUDA2 2.316885 163624 40
CPU16 44.727802 163585 sgemm sgemm CUDA1 1.286095 163625 40
CPU19 44.759923 163586 sgemm sgemm CUDA1 1.077882 163626 40
CPU5 45.045752 163587 sgemm sgemm CUDA0 1.189005 163627 40
CPU13 45.058883 163588 sgemm sgemm CUDA0 1.061484 163628 40
CPU0 45.568900 163589 sgemm sgemm CUDA1 0.056212 163629 40
CPU1 44.990235 163590 sgemm sgemm CUDA0 9.282998 163630 40
CPU19 24.859910 163591 ssyrk ssyrk CPU -1 163631 40
CPU19 44.558188 163592 sgemm sgemm CUDA0 1.191926 163632 40
CPU15 44.802067 163593 sgemm sgemm CUDA1 0.040882 163633 40
CPU18 44.632334 163594 sgemm sgemm CUDA1 1.189896 163634 40
CPU4 45.101976 163595 sgemm sgemm CUDA0 1.188457 163635 40
CPU3 45.189584 163596 sgemm sgemm CUDA1 1.202076 163636 40
CPU16 44.495910 163597 sgemm sgemm CUDA0 1.065603 163637 40
CPU19 44.607653 163598 sgemm sgemm CUDA3 1.077462 163638 40
CPU2 44.904689 163599 sgemm sgemm CUDA3 0.046823 163639 40
CPU3 44.706518 163600 sgemm sgemm CUDA0 1.204361 163640 40
CPU13 45.066520 163601 sgemm sgemm CUDA1 1.203965 163641 40
CPU6 45.409396 163602 sgemm sgemm CUDA3 1.277087 163642 40
CPU18 44.586563 163603 sgemm sgemm CUDA0 1.082094 163643 40
CPU17 44.636042 163604 sgemm sgemm CUDA3 1.199405 163644 40
CPU8 44.965010 163605 sgemm sgemm CUDA1 1.205985 163645 40
CPU4 44.917336 163606 sgemm sgemm CUDA0 1.063762 163646 40
CPU0 45.643161 163607 sgemm sgemm CUDA0 1.063018 163647 40
CPU16 44.540683 163608 sgemm sgemm CUDA1 1.205881 163648 40
CPU17 44.727560 163609 sgemm sgemm CUDA0 1.069061 163649 40
CPU3 45.231156 163610 sgemm sgemm CUDA3 1.207886 163650 40
CPU0 45.597996 163611 sgemm sgemm CUDA3 1.197013 163651 40
CPU13 44.946758 163612 sgemm sgemm CUDA2 1.007804 163652 40
CPU16 24.719347 163613 ssyrk ssyrk CPU -1 163653 40
CPU15 44.735625 163614 sgemm sgemm CUDA0 1.061388 163654 40
CPU16 44.561613 163615 sgemm sgemm CUDA3 1.209251 163655 40
CPU3 45.039551 163616 sgemm sgemm CUDA0 1.206585 163656 40
CPU12 44.988595 163617 sgemm sgemm CUDA2 0.052319 163657 40
CPU11 44.553721 163618 sgemm sgemm CUDA0 1.066913 163658 40
CPU1 44.982279 163619 sgemm sgemm CUDA0 12.143192 163659 40
CPU10 45.116926 163620 sgemm sgemm CUDA0 1.205620 163660 40
CPU18 44.838311 163621 sgemm sgemm CUDA0 1.313899 163661 40
CPU12 44.920399 163622 sgemm sgemm CUDA2 1.063261 163662 40
CPU8 45.101323 163623 sgemm sgemm CUDA3 12.094482 163663 40
CPU8 45.271221 163624 sgemm sgemm CUDA3 1.358220 163664 40
CPU0 45.403510 163625 sgemm sgemm CUDA2 1.307163 163665 40
CPU15 44.558833 163626 sgemm sgemm CUDA2 1.065159 163666 40
CPU7 45.012714 163627 sgemm sgemm CUDA1 1.065541 163667 40
CPU10 44.970648 163628 sgemm sgemm CUDA3 1.084961 163668 40
CPU11 44.385896 163629 sgemm sgemm CUDA2 1.201675 163669 40
CPU12 45.021081 163630 sgemm sgemm CUDA0 1.192186 163670 40
CPU0 44.985251 163631 sgemm sgemm CUDA3 1.078247 163671 40
CPU10 44.901166 163632 sgemm sgemm CUDA3 1.207286 163672 40
CPU1 44.884015 163633 sgemm sgemm CUDA0 12.235326 163673 40
CPU7 25.030209 163634 ssyrk ssyrk CPU -1 163674 40
CPU17 44.672923 163635 sgemm sgemm CUDA1 1.375010 163675 40
CPU2 44.899632 163636 sgemm sgemm CUDA1 1.199000 163676 40
CPU9 44.711375 163637 sgemm sgemm CUDA0 1.312221 163677 40
CPU11 44.582697 163638 sgemm sgemm CUDA1 1.199210 163678 40
CPU10 44.775731 163639 sgemm sgemm CUDA1 1.208894 163679 40
CPU18 44.778760 163640 sgemm sgemm CUDA0 1.198556 163680 40
CPU10 45.037670 163641 sgemm sgemm CUDA0 1.200057 163681 40
CPU19 44.782203 163642 sgemm sgemm CUDA2 1.063850 163682 40
CPU15 44.743196 163643 sgemm sgemm CUDA1 1.065429 163683 40
CPU8 45.257675 163644 sgemm sgemm CUDA3 1.072693 163684 40
CPU13 44.748100 163645 sgemm sgemm CUDA0 1.073154 163685 40
CPU6 45.002608 163646 sgemm sgemm CUDA1 1.061848 163686 40
CPU18 44.733104 163647 sgemm sgemm CUDA3 1.209262 163687 40
CPU6 45.225468 163648 sgemm sgemm CUDA2 1.064189 163688 40
CPU12 44.704278 163649 sgemm sgemm CUDA2 1.203581 163689 40
CPU3 44.934855 163650 sgemm sgemm CUDA1 1.080041 163690 40
CPU9 45.013293 163651 sgemm sgemm CUDA3 1.195915 163691 40
CPU4 45.191080 163652 sgemm sgemm CUDA3 1.203974 163692 40
CPU4 44.906444 163653 sgemm sgemm CUDA0 1.242789 163693 40
CPU16 24.749306 163654 ssyrk ssyrk CPU -1 163694 40
CPU15 44.742508 163655 sgemm sgemm CUDA1 1.318665 163695 40
CPU10 44.668621 163656 sgemm sgemm CUDA0 1.070939 163696 40
CPU6 45.331005 163657 sgemm sgemm CUDA1 1.209079 163697 40
CPU14 44.694053 163658 sgemm sgemm CUDA3 1.203775 163698 40
CPU14 45.072573 163659 sgemm sgemm CUDA3 1.063435 163699 40
CPU17 44.950621 163660 sgemm sgemm CUDA1 1.005284 163700 40
CPU12 45.104382 163661 sgemm sgemm CUDA0 1.195200 163701 40
CPU0 45.611924 163662 sgemm sgemm CUDA3 0.060097 163702 40
CPU14 44.501757 163663 sgemm sgemm CUDA0 1.082369 163703 40
CPU13 44.915496 163664 sgemm sgemm CUDA2 0.089971 163704 40
CPU17 44.732306 163665 sgemm sgemm CUDA1 1.080251 163705 40
CPU2 44.596835 163666 sgemm sgemm CUDA2 0.045899 163706 40
CPU5 44.791278 163667 sgemm sgemm CUDA2 1.063262 163707 40
CPU9 44.838046 163668 sgemm sgemm CUDA2 0.062501 163708 40
CPU8 44.830001 163669 sgemm sgemm CUDA0 7.433079 163709 40
CPU9 45.013525 163670 sgemm sgemm CUDA0 1.204130 163710 40
CPU17 45.079688 163671 sgemm sgemm CUDA2 1.080549 163711 40
CPU17 45.020729 163672 sgemm sgemm CUDA0 1.077030 163712 40
CPU4 25.352049 163673 ssyrk ssyrk CPU -1 163713 40
CPU6 45.210548 163674 sgemm sgemm CUDA1 1.080499 163714 40
CPU16 44.425839 163675 sgemm sgemm CUDA0 0.060196 163715 40
CPU4 45.097897 163676 sgemm sgemm CUDA0 1.064094 163716 40
CPU5 45.469760 163677 sgemm sgemm CUDA0 4.183250 163717 40
CPU3 44.541547 163678 sgemm sgemm CUDA0 12.243838 163718 40
CPU18 44.882321 163679 sgemm sgemm CUDA0 1.192559 163719 40
CPU0 45.615026 163680 sgemm sgemm CUDA1 1.201437 163720 40
CPU0 45.664833 163681 sgemm sgemm CUDA3 1.066410 163721 40
CPU12 44.659228 163682 sgemm sgemm CUDA2 1.080170 163722 40
CPU12 44.981629 163683 sgemm sgemm CUDA3 1.267481 163723 40
CPU11 44.877532 163684 sgemm sgemm CUDA2 1.211408 163724 40
CPU18 44.675575 163685 sgemm sgemm CUDA3 1.205391 163725 40
CPU19 44.665859 163686 sgemm sgemm CUDA2 1.212333 163726 40
CPU17 44.675960 163687 sgemm sgemm CUDA2 1.199930 163727 40
CPU11 44.770681 163688 sgemm sgemm CUDA2 1.188620 163728 40
CPU10 44.961500 163689 sgemm sgemm CUDA3 1.185731 163729 40
CPU0 45.210002 163690 sgemm sgemm CUDA0 1.188679 163730 40
CPU4 25.484850 163691 ssyrk ssyrk CPU -1 163731 40
CPU14 44.620325 163692 sgemm sgemm CUDA0 1.065468 163732 40
CPU0 45.587499 163693 sgemm sgemm CUDA0 12.116242 163733 40
CPU10 45.030718 163694 sgemm sgemm CUDA3 1.065736 163734 40
CPU11 45.183400 163695 sgemm sgemm CUDA1 1.152858 163735 40
CPU11 44.492498 163696 sgemm sgemm CUDA0 1.197165 163736 40
CPU19 45.085084 163697 sgemm sgemm CUDA1 1.203830 163737 40
CPU7 45.445840 163698 sgemm sgemm CUDA2 1.200155 163738 40
CPU3 45.071598 163699 sgemm sgemm CUDA1 1.192786 163739 40
CPU15 45.029877 163700 sgemm sgemm CUDA3 1.079392 163740 40
CPU16 45.427305 163701 sgemm sgemm CUDA1 0.043967 163741 40
CPU14 44.989847 163702 sgemm sgemm CUDA2 1.075242 163742 40
CPU17 44.915848 163703 sgemm sgemm CUDA0 0.051793 163743 40
CPU3 45.079548 163704 sgemm sgemm CUDA3 1.189848 163744 40
CPU7 45.157763 163705 sgemm sgemm CUDA1 1.133690 163745 40
CPU13 45.168617 163706 sgemm sgemm CUDA2 1.206398 163746 40
CPU2 44.842135 163707 sgemm sgemm CUDA0 1.064370 163747 40
CPU3 25.035992 163708 ssyrk ssyrk CPU22 75.917431 163748 40
CPU15 44.501276 163709 sgemm sgemm CUDA1 1.206777 163749 40
CPU17 44.889122 163710 sgemm sgemm CUDA1 1.207161 163750 40
CPU2 44.945390 163711 sgemm sgemm CUDA1 0.063026 163751 40
CPU4 45.143833 163712 sgemm sgemm CUDA2 1.079447 163752 40
CPU2 44.942444 163713 sgemm sgemm CUDA0 1.263770 163753 40
CPU2 45.102648 163714 sgemm sgemm CUDA0 12.549629 163754 40
CPU13 44.728805 163715 sgemm sgemm CUDA1 1.300144 163755 40
CPU0 45.239711 163716 sgemm sgemm CUDA1 1.067771 163756 40
CPU1 45.042503 163717 sgemm sgemm CUDA1 1.206312 163757 40
CPU0 45.263217 163718 sgemm sgemm CUDA0 1.366353 163758 40
CPU9 45.072249 163719 sgemm sgemm CUDA2 0.040759 163759 40
CPU4 44.886627 163720 sgemm sgemm CUDA2 1.065782 163760 40
CPU0 44.818726 163721 sgemm sgemm CUDA1 1.343988 163761 40
CPU6 45.428359 163722 sgemm sgemm CUDA2 1.301761 163762 40
CPU6 45.112617 163723 sgemm sgemm CUDA3 0.044235 163763 40
CPU14 24.954273 163724 ssyrk ssyrk CPU14 80.076097 163764 40
CPU19 44.975241 163725 sgemm sgemm CUDA0 0.051368 163765 40
CPU12 44.693499 163726 sgemm sgemm CUDA0 0.055308 163766 40
CPU10 44.492688 163727 sgemm sgemm CUDA2 1.066622 163767 40
CPU16 44.614898 163728 sgemm sgemm CUDA1 1.259803 163768 40
CPU17 44.898225 163729 sgemm sgemm CUDA2 0.062980 163769 40
CPU5 44.794990 163730 sgemm sgemm CUDA0 1.079302 163770 40
CPU14 44.859855 163731 sgemm sgemm CUDA3 1.209910 163771 40
CPU19 44.795058 163732 sgemm sgemm CUDA2 0.073600 163772 40
CPU6 45.327202 163733 sgemm sgemm CUDA0 1.078318 163773 40
CPU10 44.632345 163734 sgemm sgemm CUDA1 1.194056 163774 40
CPU8 45.041965 163735 sgemm sgemm CUDA1 12.298892 163775 40
CPU8 44.992832 163736 sgemm sgemm CUDA2 1.208373 163776 40
CPU7 45.355888 163737 sgemm sgemm CUDA1 1.346936 163777 40
CPU7 44.864080 163738 sgemm sgemm CUDA0 0.048086 163778 40
CPU7 24.785397 163739 ssyrk ssyrk CPU -1 163779 40
CPU8 44.624800 163740 sgemm sgemm CUDA1 1.310830 163780 40
CPU19 44.962937 163741 sgemm sgemm CUDA1 1.208365 163781 40
CPU18 44.765155 163742 sgemm sgemm CUDA0 1.373315 163782 40
CPU6 45.161436 163743 sgemm sgemm CUDA2 1.368109 163783 40
CPU13 45.015223 163744 sgemm sgemm CUDA1 1.206204 163784 40
CPU16 44.832778 163745 sgemm sgemm CUDA1 0.045947 163785 40
CPU10 45.166388 163746 sgemm sgemm CUDA0 1.196553 163786 40
CPU11 44.919292 163747 sgemm sgemm CUDA3 1.338198 163787 40
CPU17 44.840309 163748 sgemm sgemm CUDA1 1.305964 163788 40
CPU19 45.065560 163749 sgemm sgemm CUDA3 1.206433 163789 40
CPU10 45.114210 163750 sgemm sgemm CUDA0 1.079680 163790 40
CPU16 45.040394 163751 sgemm sgemm CUDA3 1.084900 163791 40
CPU15 45.317061 163752 sgemm sgemm CUDA2 1.137282 163792 40
CPU9 24.363805 163753 ssyrk ssyrk CPU -1 163793 40
CPU12 44.961057 163754 sgemm sgemm CUDA1 1.205583 163794 40
CPU8 45.052576 163755 sgemm sgemm CUDA1 1.014456 163795 40
CPU4 45.280206 163756 sgemm sgemm CUDA0 1.191438 163796 40
CPU18 44.553763 163757 sgemm sgemm CUDA1 1.067562 163797 40
CPU6 45.026503 163758 sgemm sgemm CUDA2 12.055560 163798 40
CPU8 44.846992 163759 sgemm sgemm CUDA2 0.044043 163799 40
CPU4 44.731787 163760 sgemm sgemm CUDA1 1.024681 163800 40
CPU5 44.924629 163761 sgemm sgemm CUDA1 1.067959 163801 40
CPU4 44.840444 163762 sgemm sgemm CUDA1 1.023261 163802 40
CPU6 44.959229 163763 sgemm sgemm CUDA0 1.296513 163803 40
CPU2 45.035471 163764 sgemm sgemm CUDA3 1.211623 163804 40
CPU2 44.697411 163765 sgemm sgemm CUDA2 1.013828 163805 40
CPU11 24.803883 163766 ssyrk ssyrk CPU -1 163806 40
CPU10 44.828653 163767 sgemm sgemm CUDA0 1.210541 163807 40
CPU19 44.789150 163768 sgemm sgemm CUDA0 13.005944 163808 40
CPU11 44.821391 163769 sgemm sgemm CUDA2 1.066180 163809 40
CPU10 44.913530 163770 sgemm sgemm CUDA3 0.042283 163810 40
CPU12 44.767119 163771 sgemm sgemm CUDA0 0.059275 163811 40
CPU12 45.044191 163772 sgemm sgemm CUDA2 12.588179 163812 40
CPU11 45.031979 163773 sgemm sgemm CUDA3 1.304113 163813 40
CPU4 45.303340 163774 sgemm sgemm CUDA2 0.055650 163814 40
CPU5 44.728424 163775 sgemm sgemm CUDA0 1.299599 163815 40
CPU9 44.811903 163776 sgemm sgemm CUDA3 1.208809 163816 40
CPU4 44.544774 163777 sgemm sgemm CUDA0 1.007505 163817 40
CPU8 24.977304 163778 ssyrk ssyrk CPU13 136.142398 163818 40
CPU14 44.674314 163779 sgemm sgemm CUDA0 0.042446 163819 40
CPU2 44.667179 163780 sgemm sgemm CUDA3 1.065156 163820 40
CPU3 45.307991 163781 sgemm sgemm CUDA3 1.203687 163821 40
CPU1 45.198461 163782 sgemm sgemm CUDA1 0.062758 163822 40
CPU2 45.402339 163783 sgemm sgemm CUDA3 1.063659 163823 40
CPU4 45.254163 163784 sgemm sgemm CUDA0 0.067674 163824 40
CPU9 45.012908 163785 sgemm sgemm CUDA3 12.156938 163825 40
CPU5 45.017081 163786 sgemm sgemm CUDA3 1.197728 163826 40
CPU10 44.879323 163787 sgemm sgemm CUDA1 1.061614 163827 40
CPU9 44.918944 163788 sgemm sgemm CUDA0 1.137072 163828 40
CPU16 24.427886 163789 ssyrk ssyrk CPU -1 163829 40
CPU18 44.527874 163790 sgemm sgemm CUDA3 12.498063 163830 40
CPU5 44.895487 163791 sgemm sgemm CUDA3 0.039982 163831 40
CPU4 45.205952 163792 sgemm sgemm CUDA3 1.305113 163832 40
CPU3 45.350765 163793 sgemm sgemm CUDA3 1.206845 163833 40
CPU0 45.369930 163794 sgemm sgemm CUDA2 1.199449 163834 40
CPU3 45.144369 163795 sgemm sgemm CUDA2 1.064989 163835 40
CPU8 44.953314 163796 sgemm sgemm CUDA3 1.065452 163836 40
CPU11 44.493264 163797 sgemm sgemm CUDA2 1.063949 163837 40
CPU7 45.097698 163798 sgemm sgemm CUDA0 1.305437 163838 40
CPU19 25.179071 163799 ssyrk ssyrk CPU -1 163839 40
CPU4 44.735844 163800 sgemm sgemm CUDA1 0.056868 163840 40
CPU19 45.097860 163801 sgemm sgemm CUDA2 8.817375 163841 40
CPU3 44.843687 163802 sgemm sgemm CUDA3 1.081993 163842 40
CPU12 44.934649 163803 sgemm sgemm CUDA0 1.287007 163843 40
CPU11 44.691097 163804 sgemm sgemm CUDA2 1.066531 163844 40
CPU10 45.435755 163805 sgemm sgemm CUDA2 1.076548 163845 40
CPU11 44.673315 163806 sgemm sgemm CUDA2 1.204130 163846 40
CPU1 45.001522 163807 sgemm sgemm CUDA2 1.006557 163847 40
CPU11 24.578291 163808 ssyrk ssyrk CPU -1 163848 40
CPU17 44.992301 163809 sgemm sgemm CUDA1 1.359411 163849 40
CPU19 44.695009 163810 sgemm sgemm CUDA2 1.067859 163850 40
CPU15 44.645403 163811 sgemm sgemm CUDA3 1.209680 163851 40
CPU12 44.736396 163812 sgemm sgemm CUDA1 1.063180 163852 40
CPU12 44.822390 163813 sgemm sgemm CUDA1 1.060878 163853 40
CPU13 44.859711 163814 sgemm sgemm CUDA2 1.076521 163854 40
CPU13 44.859080 163815 sgemm sgemm CUDA2 1.024572 163855 40
CPU19 24.934726 163816 ssyrk ssyrk CPU12 119.649658 163856 40
CPU13 44.699187 163817 sgemm sgemm CUDA0 5.347497 163857 40
CPU0 45.531162 163818 sgemm sgemm CUDA0 0.058782 163858 40
CPU11 44.526115 163819 sgemm sgemm CUDA1 12.227078 163859 40
CPU19 45.027270 163820 sgemm sgemm CUDA3 12.047695 163860 40
CPU5 45.111730 163821 sgemm sgemm CUDA1 1.200143 163861 40
CPU13 44.989725 163822 sgemm sgemm CUDA0 1.076556 163862 40
CPU9 24.695167 163823 ssyrk ssyrk CPU33 159.909014 163863 40
CPU5 44.869321 163824 sgemm sgemm CUDA3 1.195360 163864 40
CPU5 44.903722 163825 sgemm sgemm CUDA1 0.051153 163865 40
CPU2 44.800414 163826 sgemm sgemm CUDA3 0.039036 163866 40
CPU7 45.284262 163827 sgemm sgemm CUDA3 0.057623 163867 40
CPU2 44.958095 163828 sgemm sgemm CUDA3 1.145257 163868 40
CPU19 25.051726 163829 ssyrk ssyrk CPU20 99.533379 163869 40
CPU0 45.534687 163830 sgemm sgemm CUDA3 0.039744 163870 40
CPU4 45.202257 163831 sgemm sgemm CUDA3 1.356195 163871 40
CPU3 45.274030 163832 sgemm sgemm CUDA1 1.209188 163872 40
CPU3 45.022462 163833 sgemm sgemm CUDA0 0.995629 163873 40
CPU7 25.421245 163834 ssyrk ssyrk CPU -1 163874 40
CPU8 45.222777 163835 sgemm sgemm CUDA0 1.210534 163875 40
CPU1 45.177696 163836 sgemm sgemm CUDA3 1.354742 163876 40
CPU0 45.355817 163837 sgemm sgemm CUDA2 1.150972 163877 40
CPU19 25.081038 163838 ssyrk ssyrk CPU31 98.546699 163878 40
CPU10 44.992989 163839 sgemm sgemm CUDA2 1.200716 163879 40
CPU10 44.971546 163840 sgemm sgemm CUDA0 1.208211 163880 40
CPU0 25.183849 163841 ssyrk ssyrk CPU25 110.551192 163881 40
CPU6 45.067171 163842 sgemm sgemm CUDA2 1.007557 163882 40
CPU4 24.982124 163843 ssyrk ssyrk CUDA1 0.629600 163883 40
CPU8 29.738129 163846 strmm strmm CUDA2 4.288756 163886 40
CPU12 31.429765 163850 strmm strmm CUDA3 15.093873 163890 40
CPU11 29.950889 163854 strmm strmm CUDA0 4.245870 163894 40
CPU14 31.528758 163858 strmm strmm CUDA1 0.029879 163898 40
CPU12 31.042412 163862 strmm strmm CUDA0 10.018827 163902 40
CPU3 31.021764 163866 strmm strmm CUDA1 0.031378 163906 40
CPU18 29.988374 163870 strmm strmm CUDA0 15.064369 163910 40
CPU5 30.994567 163874 strmm strmm CUDA0 0.039682 163914 40
CPU16 30.263691 163878 strmm strmm CUDA2 16.422215 163918 40
CPU4 31.517295 163882 strmm strmm CUDA2 4.310738 163922 40
CPU1 31.337677 163886 strmm strmm CUDA3 4.304172 163926 40
CPU5 31.420920 163890 strmm strmm CUDA2 13.984625 163930 40
CPU6 31.725026 163894 strmm strmm CUDA2 0.031237 163934 40
CPU11 29.780646 163898 strmm strmm CUDA1 4.484286 163938 40
CPU17 29.907312 163902 strmm strmm CUDA0 14.958420 163942 40
CPU11 30.149215 163906 strmm strmm CUDA1 4.291206 163946 40
CPU19 30.052048 163910 strmm strmm CUDA3 4.521911 163950 40
CPU1 31.123090 163914 strmm strmm CUDA1 4.393852 163954 40
CPU17 29.881562 163918 strmm strmm CUDA3 16.122401 163958 40
CPU1 31.259555 163922 strmm strmm CUDA3 4.297606 163962 40
CPU4 30.779151 163926 strmm strmm CUDA1 15.087002 163966 40
CPU13 30.689096 163930 strmm strmm CUDA1 4.528674 163970 40
CPU18 29.807153 163934 strmm strmm CUDA3 4.242503 163974 40
CPU2 31.505278 163938 strmm strmm CUDA0 4.518658 163978 40
CPU18 30.114476 163942 strmm strmm CUDA0 4.287118 163982 40
CPU7 31.772679 163946 strmm strmm CUDA1 14.658186 163986 40
CPU15 31.539231 163950 strmm strmm CUDA0 0.032097 163990 40
CPU2 30.284828 163954 strmm strmm CUDA0 4.667059 163994 40
CPU12 30.827228 163958 strmm strmm CUDA3 0.031388 163998 40
CPU10 30.368339 163962 strmm strmm CUDA0 4.292185 164002 40
CPU19 30.145187 163966 strmm strmm CUDA2 4.420579 164006 40
CPU1 30.983554 163970 strmm strmm CUDA1 4.284721 164010 40
CPU13 30.556082 163974 strmm strmm CUDA2 4.535768 164014 40
CPU12 30.859150 163978 strmm strmm CUDA2 2.458363 164018 40
CPU2 31.459504 163982 strmm strmm CUDA3 4.288434 164022 40
CPU3 31.389649 163986 strmm strmm CUDA3 4.293728 164026 40
CPU0 31.862631 163990 strmm strmm CUDA2 4.292169 164030 40
CPU19 30.621007 163994 strmm strmm CUDA2 6.225154 164034 40
CPU6 32.031223 163998 strmm strmm CUDA1 15.137219 164038 40
CPU4 30.674902 164002 strmm strmm CUDA1 0.180075 164042 40
CPU12 11.941583 164006 slauum slauum CPU -1 164046 40
CPU9 24.623277 164008 ssyrk ssyrk CUDA1 9.885994 164048 40
CPU8 45.040759 164009 sgemm sgemm CUDA2 1.064840 164049 40
CPU0 45.150663 164010 sgemm sgemm CUDA2 0.058779 164050 40
CPU9 44.950507 164011 sgemm sgemm CUDA3 0.052634 164051 40
CPU3 45.040700 164012 sgemm sgemm CUDA3 1.195679 164052 40
CPU0 45.170773 164013 sgemm sgemm CUDA3 0.396297 164053 40
CPU9 44.962746 164014 sgemm sgemm CUDA3 0.053497 164054 40
CPU1 44.998504 164015 sgemm sgemm CUDA3 1.206174 164055 40
CPU5 44.867736 164016 sgemm sgemm CUDA3 1.068627 164056 40
CPU4 45.238191 164017 sgemm sgemm CUDA3 1.298409 164057 40
CPU6 45.225653 164018 sgemm sgemm CUDA3 1.196673 164058 40
CPU7 45.130531 164019 sgemm sgemm CUDA1 1.204679 164059 40
CPU15 44.867914 164020 sgemm sgemm CUDA2 1.197678 164060 40
CPU12 44.874117 164021 sgemm sgemm CUDA3 1.310212 164061 40
CPU9 44.637579 164022 sgemm sgemm CUDA2 1.313152 164062 40
CPU7 45.030723 164023 sgemm sgemm CUDA1 1.201950 164063 40
CPU2 44.850136 164024 sgemm sgemm CUDA1 0.126855 164064 40
CPU8 45.128526 164025 sgemm sgemm CUDA0 1.079328 164065 40
CPU17 44.580627 164026 sgemm sgemm CUDA0 1.206933 164066 40
CPU16 44.495069 164027 sgemm sgemm CUDA1 1.317896 164067 40
CPU12 44.924486 164028 sgemm sgemm CUDA0 1.069054 164068 40
CPU18 44.573821 164029 sgemm sgemm CUDA3 1.201094 164069 40
CPU7 45.037787 164030 sgemm sgemm CUDA3 0.061194 164070 40
CPU15 44.724239 164031 sgemm sgemm CUDA2 0.062877 164071 40
CPU7 45.240310 164032 sgemm sgemm CUDA2 12.238662 164072 40
CPU6 45.147242 164033 sgemm sgemm CUDA2 0.076412 164073 40
CPU9 44.771587 164034 sgemm sgemm CUDA2 1.209235 164074 40
CPU1 44.940068 164035 sgemm sgemm CUDA0 1.060158 164075 40
CPU12 44.717241 164036 sgemm sgemm CUDA1 1.200349 164076 40
CPU1 45.117012 164037 sgemm sgemm CUDA1 1.066518 164077 40
CPU12 44.633920 164038 sgemm sgemm CUDA3 12.351999 164078 40
CPU3 45.182066 164039 sgemm sgemm CUDA1 1.301422 164079 40
CPU16 44.924947 164040 sgemm sgemm CUDA0 12.242732 164080 40
CPU19 44.611924 164041 sgemm sgemm CUDA0 1.263076 164081 40
CPU19 44.728401 164042 sgemm sgemm CUDA3 1.074250 164082 40
CPU10 44.739677 164043 sgemm sgemm CUDA2 1.213696 164083 40
CPU7 45.115207 164044 sgemm sgemm CUDA3 1.211417 164084 40
CPU9 45.236606 164045 sgemm sgemm CUDA2 1.073743 164085 40
CPU3 45.012889 164046 sgemm sgemm CUDA2 1.363726 164086 40
CPU3 45.225074 164047 sgemm sgemm CUDA0 1.194343 164087 40
CPU8 45.174118 164048 sgemm sgemm CUDA2 1.081218 164088 40
CPU5 24.651439 164049 ssyrk ssyrk CUDA2 0.679506 164089 40
CPU14 44.768600 164050 sgemm sgemm CUDA1 1.063278 164090 40
CPU0 45.101422 164051 sgemm sgemm CUDA3 1.299726 164091 40
CPU0 45.332089 164052 sgemm sgemm CUDA0 0.040008 164092 40
CPU15 44.586670 164053 sgemm sgemm CUDA3 1.294979 164093 40
CPU15 44.818263 164054 sgemm sgemm CUDA3 0.042714 164094 40
CPU16 44.830588 164055 sgemm sgemm CUDA3 1.078803 164095 40
CPU16 44.455260 164056 sgemm sgemm CUDA1 1.199300 164096 40
CPU6 45.082895 164057 sgemm sgemm CUDA3 1.203336 164097 40
CPU10 44.999692 164058 sgemm sgemm CUDA3 1.194368 164098 40
CPU7 44.996004 164059 sgemm sgemm CUDA1 1.215306 164099 40
CPU15 45.027177 164060 sgemm sgemm CUDA1 1.075097 164100 40
CPU18 44.803883 164061 sgemm sgemm CUDA3 1.419227 164101 40
CPU17 45.172884 164062 sgemm sgemm CUDA2 1.069519 164102 40
CPU4 44.734343 164063 sgemm sgemm CUDA1 1.070506 164103 40
CPU1 45.887364 164064 sgemm sgemm CUDA0 11.989833 164104 40
CPU1 44.671534 164065 sgemm sgemm CUDA0 10.714917 164105 40
CPU15 44.864318 164066 sgemm sgemm CUDA0 1.207665 164106 40
CPU14 44.745537 164067 sgemm sgemm CUDA1 1.062450 164107 40
CPU11 44.704253 164068 sgemm sgemm CUDA0 1.065882 164108 40
CPU16 44.774566 164069 sgemm sgemm CUDA2 1.068710 164109 40
CPU8 44.619852 164070 sgemm sgemm CUDA3 1.193378 164110 40
CPU18 44.576921 164071 sgemm sgemm CUDA2 1.202217 164111 40
CPU14 45.082895 164072 sgemm sgemm CUDA2 0.047011 164112 40
CPU2 44.568810 164073 sgemm sgemm CUDA1 1.076973 164113 40
CPU4 44.936791 164074 sgemm sgemm CUDA2 12.148314 164114 40
CPU3 44.635239 164075 sgemm sgemm CUDA1 1.201816 164115 40
CPU13 45.082899 164076 sgemm sgemm CUDA3 1.067452 164116 40
CPU9 44.947085 164077 sgemm sgemm CUDA1 12.163667 164117 40
CPU18 45.180138 164078 sgemm sgemm CUDA2 1.210048 164118 40
CPU6 45.795404 164079 sgemm sgemm CUDA3 1.069705 164119 40
CPU3 44.891933 164080 sgemm sgemm CUDA0 1.064640 164120 40
CPU18 44.735648 164081 sgemm sgemm CUDA0 1.063197 164121 40
CPU7 44.962898 164082 sgemm sgemm CUDA1 1.213308 164122 40
CPU5 44.897165 164083 sgemm sgemm CUDA2 1.206425 164123 40
CPU10 45.454799 164084 sgemm sgemm CUDA3 1.193337 164124 40
CPU12 45.044873 164085 sgemm sgemm CUDA2 1.071530 164125 40
CPU12 44.914580 164086 sgemm sgemm CUDA2 0.060227 164126 40
CPU12 44.844341 164087 sgemm sgemm CUDA0 5.030596 164127 40
CPU17 44.994595 164088 sgemm sgemm CUDA2 1.065339 164128 40
CPU14 24.648128 164089 ssyrk ssyrk CUDA2 0.922222 164129 40
CPU14 44.689989 164090 sgemm sgemm CUDA2 1.068763 164130 40
CPU14 44.657845 164091 sgemm sgemm CUDA0 1.376381 164131 40
CPU15 44.495066 164092 sgemm sgemm CUDA1 1.206662 164132 40
CPU14 44.775809 164093 sgemm sgemm CUDA2 1.205637 164133 40
CPU14 44.706602 164094 sgemm sgemm CUDA2 1.201815 164134 40
CPU17 44.532666 164095 sgemm sgemm CUDA1 1.065904 164135 40
CPU14 44.716048 164096 sgemm sgemm CUDA0 1.207045 164136 40
CPU14 44.702713 164097 sgemm sgemm CUDA2 1.206297 164137 40
CPU9 45.084049 164098 sgemm sgemm CUDA1 1.206025 164138 40
CPU15 44.879004 164099 sgemm sgemm CUDA1 1.082059 164139 40
CPU19 44.653315 164100 sgemm sgemm CUDA0 1.311591 164140 40
CPU5 44.627139 164101 sgemm sgemm CUDA2 1.208069 164141 40
CPU0 45.246661 164102 sgemm sgemm CUDA1 12.151537 164142 40
CPU5 44.993466 164103 sgemm sgemm CUDA1 1.061405 164143 40
CPU5 45.022393 164104 sgemm sgemm CUDA2 1.075633 164144 40
CPU19 44.621902 164105 sgemm sgemm CUDA0 12.993673 164145 40
CPU15 44.608472 164106 sgemm sgemm CUDA1 1.192854 164146 40
CPU18 44.457684 164107 sgemm sgemm CUDA0 1.079303 164147 40
CPU16 44.788964 164108 sgemm sgemm CUDA2 1.206797 164148 40
CPU8 44.770990 164109 sgemm sgemm CUDA0 1.181540 164149 40
CPU11 44.582257 164110 sgemm sgemm CUDA2 1.078229 164150 40
CPU15 44.813631 164111 sgemm sgemm CUDA2 1.299074 164151 40
CPU19 44.680657 164112 sgemm sgemm CUDA1 1.072453 164152 40
CPU14 44.709561 164113 sgemm sgemm CUDA2 0.043308 164153 40
CPU11 44.788428 164114 sgemm sgemm CUDA0 1.205626 164154 40
CPU13 45.057385 164115 sgemm sgemm CUDA1 1.074855 164155 40
CPU7 45.002019 164116 sgemm sgemm CUDA1 0.043025 164156 40
CPU10 44.840216 164117 sgemm sgemm CUDA3 0.041143 164157 40
CPU18 45.449885 164118 sgemm sgemm CUDA1 1.209521 164158 40
CPU16 44.758682 164119 sgemm sgemm CUDA2 1.317250 164159 40
CPU1 45.094811 164120 sgemm sgemm CUDA2 1.081197 164160 40
CPU0 45.476598 164121 sgemm sgemm CUDA0 1.194290 164161 40
CPU1 45.163913 164122 sgemm sgemm CUDA2 12.105524 164162 40
CPU9 44.961550 164123 sgemm sgemm CUDA1 1.206577 164163 40
CPU16 44.448969 164124 sgemm sgemm CUDA2 1.080143 164164 40
CPU19 46.036365 164125 sgemm sgemm CUDA2 1.079044 164165 40
CPU11 44.719721 164126 sgemm sgemm CUDA3 1.084072 164166 40
CPU8 45.075344 164127 sgemm sgemm CUDA2 1.068061 164167 40
CPU0 25.315381 164128 ssyrk ssyrk CUDA3 0.672534 164168 40
CPU4 44.874925 164129 sgemm sgemm CUDA0 1.187801 164169 40
CPU14 44.725118 164130 sgemm sgemm CUDA3 1.195256 164170 40
CPU15 44.630391 164131 sgemm sgemm CUDA2 1.066780 164171 40
CPU18 44.663498 164132 sgemm sgemm CUDA3 1.197424 164172 40
CPU16 44.652710 164133 sgemm sgemm CUDA1 1.209960 164173 40
CPU4 44.871022 164134 sgemm sgemm CUDA3 1.084657 164174 40
CPU0 45.029399 164135 sgemm sgemm CUDA2 1.065902 164175 40
CPU1 44.456218 164136 sgemm sgemm CUDA2 1.064607 164176 40
CPU14 44.888458 164137 sgemm sgemm CUDA1 1.209403 164177 40
CPU14 44.865495 164138 sgemm sgemm CUDA3 1.196428 164178 40
CPU11 44.946843 164139 sgemm sgemm CUDA2 1.082212 164179 40
CPU3 44.710081 164140 sgemm sgemm CUDA1 0.048185 164180 40
CPU8 44.933937 164141 sgemm sgemm CUDA2 1.208991 164181 40
CPU6 44.897190 164142 sgemm sgemm CUDA3 1.202847 164182 40
CPU14 44.665802 164143 sgemm sgemm CUDA1 1.208221 164183 40
CPU15 44.534217 164144 sgemm sgemm CUDA1 1.074366 164184 40
CPU17 44.850776 164145 sgemm sgemm CUDA0 1.205241 164185 40
CPU15 44.665306 164146 sgemm sgemm CUDA3 1.061579 164186 40
CPU9 44.656613 164147 sgemm sgemm CUDA2 1.083037 164187 40
CPU3 44.753481 164148 sgemm sgemm CUDA2 1.066280 164188 40
CPU11 44.668703 164149 sgemm sgemm CUDA0 1.205354 164189 40
CPU9 44.613163 164150 sgemm sgemm CUDA1 1.296062 164190 40
CPU3 44.851273 164151 sgemm sgemm CUDA2 1.300114 164191 40
CPU8 44.769074 164152 sgemm sgemm CUDA1 1.063811 164192 40
CPU13 45.029680 164153 sgemm sgemm CUDA3 1.201798 164193 40
CPU3 44.833600 164154 sgemm sgemm CUDA1 1.200656 164194 40
CPU15 44.492385 164155 sgemm sgemm CUDA3 1.297018 164195 40
CPU0 45.338591 164156 sgemm sgemm CUDA0 1.062990 164196 40
CPU17 44.656444 164157 sgemm sgemm CUDA2 1.193720 164197 40
CPU8 44.888279 164158 sgemm sgemm CUDA2 12.440002 164198 40
CPU5 44.981179 164159 sgemm sgemm CUDA3 1.196164 164199 40
CPU6 45.308173 164160 sgemm sgemm CUDA2 0.049957 164200 40
CPU2 44.823959 164161 sgemm sgemm CUDA1 1.207933 164201 40
CPU0 44.949508 164162 sgemm sgemm CUDA1 1.209628 164202 40
CPU4 44.746692 164163 sgemm sgemm CUDA2 1.066000 164203 40
CPU0 45.226939 164164 sgemm sgemm CUDA3 1.082080 164204 40
CPU14 45.029394 164165 sgemm sgemm CUDA1 1.082375 164205 40
CPU3 24.986160 164166 ssyrk ssyrk CPU -1 164206 40
CPU15 44.472721 164167 sgemm sgemm CUDA3 1.080164 164207 40
CPU15 44.476322 164168 sgemm sgemm CUDA0 1.062830 164208 40
CPU17 44.683916 164169 sgemm sgemm CUDA0 1.208015 164209 40
CPU15 44.358373 164170 sgemm sgemm CUDA0 0.041093 164210 40
CPU3 45.145166 164171 sgemm sgemm CUDA0 1.354464 164211 40
CPU6 45.367476 164172 sgemm sgemm CUDA0 1.205265 164212 40
CPU2 44.958028 164173 sgemm sgemm CUDA3 12.109269 164213 40
CPU15 45.016757 164174 sgemm sgemm CUDA0 1.070935 164214 40
CPU6 45.420685 164175 sgemm sgemm CUDA3 0.051389 164215 40
CPU4 44.985366 164176 sgemm sgemm CUDA3 1.305095 164216 40
CPU1 44.708673 164177 sgemm sgemm CUDA0 1.202686 164217 40
CPU0 45.178877 164178 sgemm sgemm CUDA0 1.065341 164218 40
CPU2 44.677034 164179 sgemm sgemm CUDA3 1.197406 164219 40
CPU18 45.035493 164180 sgemm sgemm CUDA0 0.042703 164220 40
CPU4 44.924178 164181 sgemm sgemm CUDA2 1.205789 164221 40
CPU17 44.808985 164182 sgemm sgemm CUDA0 1.194767 164222 40
CPU18 44.668881 164183 sgemm sgemm CUDA3 1.081876 164223 40
CPU2 44.599988 164184 sgemm sgemm CUDA3 1.065087 164224 40
CPU14 45.153413 164185 sgemm sgemm CUDA2 1.200894 164225 40
CPU15 44.651383 164186 sgemm sgemm CUDA0 1.068359 164226 40
CPU10 44.812801 164187 sgemm sgemm CUDA0 1.195718 164227 40
CPU5 44.995674 164188 sgemm sgemm CUDA3 1.077952 164228 40
CPU4 44.752134 164189 sgemm sgemm CUDA0 0.040811 164229 40
CPU12 45.165206 164190 sgemm sgemm CUDA3 1.207493 164230 40
CPU8 44.561602 164191 sgemm sgemm CUDA3 1.079242 164231 40
CPU11 45.039204 164192 sgemm sgemm CUDA3 1.146878 164232 40
CPU15 44.853394 164193 sgemm sgemm CUDA0 1.204298 164233 40
CPU18 44.905096 164194 sgemm sgemm CUDA3 1.071283 164234 40
CPU17 44.930554 164195 sgemm sgemm CUDA3 0.042322 164235 40
CPU4 44.944058 164196 sgemm sgemm CUDA3 12.141149 164236 40
CPU16 44.725849 164197 sgemm sgemm CUDA0 1.203141 164237 40
CPU5 44.605714 164198 sgemm sgemm CUDA3 1.084702 164238 40
CPU16 44.896420 164199 sgemm sgemm CUDA2 12.793064 164239 40
CPU15 44.856245 164200 sgemm sgemm CUDA2 0.049112 164240 40
CPU1 44.789619 164201 sgemm sgemm CUDA0 0.049553 164241 40
CPU12 44.992103 164202 sgemm sgemm CUDA0 1.205175 164242 40
CPU14 24.738796 164203 ssyrk ssyrk CUDA0 0.414914 164243 40
CPU14 44.729020 164204 sgemm sgemm CUDA3 0.195300 164244 40
CPU15 44.675634 164205 sgemm sgemm CUDA3 1.190007 164245 40
CPU14 44.709327 164206 sgemm sgemm CUDA0 1.200419 164246 40
CPU15 44.761837 164207 sgemm sgemm CUDA3 1.192622 164247 40
CPU14 44.767419 164208 sgemm sgemm CUDA3 1.197708 164248 40
CPU8 44.497739 164209 sgemm sgemm CUDA1 1.082450 164249 40
CPU14 44.892951 164210 sgemm sgemm CUDA0 1.201761 164250 40
CPU2 44.818797 164211 sgemm sgemm CUDA0 1.308019 164251 40
CPU3 45.101761 164212 sgemm sgemm CUDA2 1.066977 164252 40
CPU6 45.219002 164213 sgemm sgemm CUDA0 1.182578 164253 40
CPU0 45.249712 164214 sgemm sgemm CUDA0 0.453572 164254 40
CPU4 45.094122 164215 sgemm sgemm CUDA3 12.265589 164255 40
CPU17 44.814458 164216 sgemm sgemm CUDA0 1.203991 164256 40
CPU9 45.072914 164217 sgemm sgemm CUDA0 1.198740 164257 40
CPU1 45.086485 164218 sgemm sgemm CUDA3 1.196014 164258 40
CPU17 44.320117 164219 sgemm sgemm CUDA2 1.080584 164259 40
CPU0 45.216811 164220 sgemm sgemm CUDA3 0.086914 164260 40
CPU10 44.546488 164221 sgemm sgemm CUDA0 1.292799 164261 40
CPU14 44.842283 164222 sgemm sgemm CUDA2 1.202380 164262 40
CPU19 44.698458 164223 sgemm sgemm CUDA0 1.072479 164263 40
CPU3 45.087929 164224 sgemm sgemm CUDA2 1.196717 164264 40
CPU7 45.302473 164225 sgemm sgemm CUDA1 1.064428 164265 40
CPU13 44.994630 164226 sgemm sgemm CUDA3 1.064176 164266 40
CPU6 45.208884 164227 sgemm sgemm CUDA1 1.065980 164267 40
CPU12 44.794188 164228 sgemm sgemm CUDA3 1.211753 164268 40
CPU14 44.644064 164229 sgemm sgemm CUDA0 10.316176 164269 40
CPU19 44.743322 164230 sgemm sgemm CUDA2 1.085687 164270 40
CPU3 44.903792 164231 sgemm sgemm CUDA2 0.046464 164271 40
CPU11 44.454792 164232 sgemm sgemm CUDA0 0.065262 164272 40
CPU1 45.076416 164233 sgemm sgemm CUDA2 1.293847 164273 40
CPU4 44.703804 164234 sgemm sgemm CUDA3 13.061079 164274 40
CPU6 44.790498 164235 sgemm sgemm CUDA2 8.276778 164275 40
CPU14 44.503244 164236 sgemm sgemm CUDA0 7.052028 164276 40
CPU2 45.271860 164237 sgemm sgemm CUDA0 1.362439 164277 40
CPU3 45.333092 164238 sgemm sgemm CUDA1 1.210263 164278 40
CPU15 24.520674 164239 ssyrk ssyrk CUDA3 0.965433 164279 40
CPU8 45.081428 164240 sgemm sgemm CUDA2 1.064322 164280 40
CPU17 44.543846 164241 sgemm sgemm CUDA0 0.051169 164281 40
CPU5 45.182341 164242 sgemm sgemm CUDA0 1.191150 164282 40
CPU5 44.656564 164243 sgemm sgemm CUDA2 1.194275 164283 40
CPU3 44.744698 164244 sgemm sgemm CUDA0 9.366305 164284 40
CPU14 44.938046 164245 sgemm sgemm CUDA2 1.204475 164285 40
CPU14 44.782617 164246 sgemm sgemm CUDA0 1.139445 164286 40
CPU7 44.909077 164247 sgemm sgemm CUDA3 1.206709 164287 40
CPU17 44.596491 164248 sgemm sgemm CUDA0 1.210124 164288 40
CPU5 44.416837 164249 sgemm sgemm CUDA0 1.356239 164289 40
CPU3 44.570143 164250 sgemm sgemm CUDA2 1.193946 164290 40
CPU18 44.645863 164251 sgemm sgemm CUDA0 1.068046 164291 40
CPU14 44.884718 164252 sgemm sgemm CUDA0 1.082384 164292 40
CPU7 45.111779 164253 sgemm sgemm CUDA0 1.074622 164293 40
CPU18 44.580659 164254 sgemm sgemm CUDA2 1.212196 164294 40
CPU8 44.789110 164255 sgemm sgemm CUDA3 1.335111 164295 40
CPU12 44.798709 164256 sgemm sgemm CUDA0 1.331098 164296 40
CPU16 44.936440 164257 sgemm sgemm CUDA0 1.200220 164297 40
CPU19 44.782142 164258 sgemm sgemm CUDA2 11.633041 164298 40
CPU5 44.678785 164259 sgemm sgemm CUDA2 1.078188 164299 40
CPU6 44.720838 164260 sgemm sgemm CUDA3 1.302111 164300 40
CPU8 45.062523 164261 sgemm sgemm CUDA3 1.193626 164301 40
CPU1 44.911959 164262 sgemm sgemm CUDA3 1.198484 164302 40
CPU19 44.878041 164263 sgemm sgemm CUDA3 1.014824 164303 40
CPU10 44.814077 164264 sgemm sgemm CUDA0 0.277303 164304 40
CPU2 45.055593 164265 sgemm sgemm CUDA2 1.192794 164305 40
CPU11 44.489520 164266 sgemm sgemm CUDA2 1.302062 164306 40
CPU17 44.659585 164267 sgemm sgemm CUDA0 1.412621 164307 40
CPU18 44.808424 164268 sgemm sgemm CUDA2 1.219974 164308 40
CPU15 44.629785 164269 sgemm sgemm CUDA3 0.048201 164309 40
CPU17 44.593735 164270 sgemm sgemm CUDA0 1.065057 164310 40
CPU3 45.236169 164271 sgemm sgemm CUDA2 1.213960 164311 40
CPU7 45.189537 164272 sgemm sgemm CUDA3 1.066644 164312 40
CPU18 44.795883 164273 sgemm sgemm CUDA0 13.009771 164313 40
CPU18 24.736553 164274 ssyrk ssyrk CUDA3 0.680459 164314 40
CPU16 44.502474 164275 sgemm sgemm CUDA1 1.205233 164315 40
CPU6 45.389982 164276 sgemm sgemm CUDA3 1.205486 164316 40
CPU3 45.083035 164277 sgemm sgemm CUDA2 1.068748 164317 40
CPU4 44.909109 164278 sgemm sgemm CUDA0 1.060617 164318 40
CPU14 44.857502 164279 sgemm sgemm CUDA2 1.064145 164319 40
CPU14 44.932000 164280 sgemm sgemm CUDA3 1.068756 164320 40
CPU0 45.135889 164281 sgemm sgemm CUDA3 1.068163 164321 40
CPU10 44.746445 164282 sgemm sgemm CUDA0 1.207637 164322 40
CPU6 45.547925 164283 sgemm sgemm CUDA2 1.062097 164323 40
CPU7 45.228402 164284 sgemm sgemm CUDA2 12.511015 164324 40
CPU19 44.693576 164285 sgemm sgemm CUDA1 1.199165 164325 40
CPU11 44.914415 164286 sgemm sgemm CUDA0 0.042001 164326 40
CPU12 45.197469 164287 sgemm sgemm CUDA3 1.067434 164327 40
CPU16 44.829644 164288 sgemm sgemm CUDA2 1.194316 164328 40
CPU2 44.953354 164289 sgemm sgemm CUDA3 1.077994 164329 40
CPU10 44.948339 164290 sgemm sgemm CUDA0 1.064492 164330 40
CPU2 44.924759 164291 sgemm sgemm CUDA0 0.046960 164331 40
CPU2 44.874941 164292 sgemm sgemm CUDA2 1.188494 164332 40
CPU12 44.959471 164293 sgemm sgemm CUDA1 1.072870 164333 40
CPU4 45.010781 164294 sgemm sgemm CUDA1 1.194860 164334 40
CPU12 45.040485 164295 sgemm sgemm CUDA3 12.060067 164335 40
CPU1 44.952116 164296 sgemm sgemm CUDA3 1.197034 164336 40
CPU2 45.054496 164297 sgemm sgemm CUDA2 12.376579 164337 40
CPU11 45.920694 164298 sgemm sgemm CUDA3 1.188730 164338 40
CPU3 45.176893 164299 sgemm sgemm CUDA0 1.067693 164339 40
CPU6 45.355837 164300 sgemm sgemm CUDA2 1.065148 164340 40
CPU6 45.227888 164301 sgemm sgemm CUDA1 1.066603 164341 40
CPU5 44.993380 164302 sgemm sgemm CUDA2 1.066950 164342 40
CPU14 45.064614 164303 sgemm sgemm CUDA3 1.297343 164343 40
CPU5 44.919852 164304 sgemm sgemm CUDA1 1.206300 164344 40
CPU5 45.073364 164305 sgemm sgemm CUDA2 1.078350 164345 40
CPU5 45.259760 164306 sgemm sgemm CUDA0 1.196401 164346 40
CPU2 45.206563 164307 sgemm sgemm CUDA0 0.039580 164347 40
CPU17 24.961833 164308 ssyrk ssyrk CUDA3 0.694544 164348 40
CPU17 44.734406 164309 sgemm sgemm CUDA3 1.350152 164349 40
CPU17 44.790722 164310 sgemm sgemm CUDA3 1.196615 164350 40
CPU7 45.029017 164311 sgemm sgemm CUDA1 1.076192 164351 40
CPU15 45.097114 164312 sgemm sgemm CUDA1 1.065328 164352 40
CPU14 44.934827 164313 sgemm sgemm CUDA1 1.073914 164353 40
CPU8 44.627900 164314 sgemm sgemm CUDA0 1.064706 164354 40
CPU10 44.874294 164315 sgemm sgemm CUDA0 1.210360 164355 40
CPU7 44.959757 164316 sgemm sgemm CUDA1 1.070345 164356 40
CPU3 44.939023 164317 sgemm sgemm CUDA3 1.202898 164357 40
CPU17 44.874818 164318 sgemm sgemm CUDA0 1.208133 164358 40
CPU16 44.593492 164319 sgemm sgemm CUDA1 1.073329 164359 40
CPU9 45.072742 164320 sgemm sgemm CUDA1 12.557180 164360 40
CPU15 44.839786 164321 sgemm sgemm CUDA2 1.068222 164361 40
CPU7 44.989930 164322 sgemm sgemm CUDA0 1.205444 164362 40
CPU11 44.534206 164323 sgemm sgemm CUDA0 1.077049 164363 40
CPU15 44.716804 164324 sgemm sgemm CUDA2 1.191578 164364 40
CPU19 44.774611 164325 sgemm sgemm CUDA1 0.050698 164365 40
CPU9 44.608102 164326 sgemm sgemm CUDA1 1.074684 164366 40
CPU0 44.998428 164327 sgemm sgemm CUDA0 12.135781 164367 40
CPU12 45.019624 164328 sgemm sgemm CUDA1 1.083646 164368 40
CPU2 45.112502 164329 sgemm sgemm CUDA1 1.064581 164369 40
CPU11 44.579199 164330 sgemm sgemm CUDA3 1.142964 164370 40
CPU13 45.045920 164331 sgemm sgemm CUDA0 1.202440 164371 40
CPU10 44.880691 164332 sgemm sgemm CUDA3 1.080883 164372 40
CPU13 44.967731 164333 sgemm sgemm CUDA2 1.009371 164373 40
CPU19 44.832977 164334 sgemm sgemm CUDA1 1.062949 164374 40
CPU16 44.685579 164335 sgemm sgemm CUDA3 1.315863 164375 40
CPU10 44.924325 164336 sgemm sgemm CUDA3 1.192487 164376 40
CPU18 44.560857 164337 sgemm sgemm CUDA1 1.194965 164377 40
CPU16 44.917549 164338 sgemm sgemm CUDA3 12.728225 164378 40
CPU16 44.750926 164339 sgemm sgemm CUDA3 1.066010 164379 40
CPU16 44.723123 164340 sgemm sgemm CUDA2 1.207335 164380 40
CPU3 24.763307 164341 ssyrk ssyrk CUDA0 0.676411 164381 40
CPU11 44.740279 164342 sgemm sgemm CUDA2 1.190859 164382 40
CPU6 44.245537 164343 sgemm sgemm CUDA3 1.203973 164383 40
CPU15 44.947034 164344 sgemm sgemm CUDA0 0.050628 164384 40
CPU3 44.839525 164345 sgemm sgemm CUDA0 1.301300 164385 40
CPU9 44.702504 164346 sgemm sgemm CUDA2 1.207146 164386 40
CPU8 44.575921 164347 sgemm sgemm CUDA0 1.192176 164387 40
CPU4 44.970890 164348 sgemm sgemm CUDA2 1.207180 164388 40
CPU4 45.120586 164349 sgemm sgemm CUDA3 1.194603 164389 40
CPU16 44.677663 164350 sgemm sgemm CUDA1 1.065608 164390 40
CPU14 44.966288 164351 sgemm sgemm CUDA2 1.066975 164391 40
CPU0 46.194748 164352 sgemm sgemm CUDA1 1.197494 164392 40
CPU14 44.965895 164353 sgemm sgemm CUDA2 1.201374 164393 40
CPU0 45.021342 164354 sgemm sgemm CUDA2 1.067817 164394 40
CPU12 45.079534 164355 sgemm sgemm CUDA0 1.208593 164395 40
CPU15 44.724967 164356 sgemm sgemm CUDA0 1.299208 164396 40
CPU19 45.070095 164357 sgemm sgemm CUDA1 1.075861 164397 40
CPU7 44.848957 164358 sgemm sgemm CUDA1 1.069969 164398 40
CPU9 44.841891 164359 sgemm sgemm CUDA0 1.368229 164399 40
CPU13 44.747320 164360 sgemm sgemm CUDA3 0.046948 164400 40
CPU0 44.853306 164361 sgemm sgemm CUDA3 1.211641 164401 40
CPU14 44.964648 164362 sgemm sgemm CUDA2 0.046958 164402 40
CPU7 45.586777 164363 sgemm sgemm CUDA0 1.205018 164403 40
CPU18 44.795141 164364 sgemm sgemm CUDA2 1.065681 164404 40
CPU1 44.923136 164365 sgemm sgemm CUDA0 1.002049 164405 40
CPU2 44.806646 164366 sgemm sgemm CUDA2 1.188389 164406 40
CPU17 44.676442 164367 sgemm sgemm CUDA0 1.301218 164407 40
CPU7 45.100733 164368 sgemm sgemm CUDA1 12.254832 164408 40
CPU9 44.939458 164369 sgemm sgemm CUDA2 0.038108 164409 40
CPU2 45.291530 164370 sgemm sgemm CUDA1 1.077151 164410 40
CPU7 45.239754 164371 sgemm sgemm CUDA0 1.064356 164411 40
CPU4 45.276670 164372 sgemm sgemm CUDA2 1.194815 164412 40
CPU6 25.149107 164373 ssyrk ssyrk CPU -1 164413 40
CPU2 45.006749 164374 sgemm sgemm CUDA3 1.207945 164414 40
CPU14 44.844569 164375 sgemm sgemm CUDA2 12.164149 164415 40
CPU14 44.930167 164376 sgemm sgemm CUDA3 0.042228 164416 40
CPU1 44.844859 164377 sgemm sgemm CUDA2 0.047104 164417 40
CPU5 44.642114 164378 sgemm sgemm CUDA3 1.205543 164418 40
CPU12 45.244441 164379 sgemm sgemm CUDA2 1.373801 164419 40
CPU1 44.719300 164380 sgemm sgemm CUDA2 1.187582 164420 40
CPU15 44.774375 164381 sgemm sgemm CUDA0 1.075963 164421 40
CPU11 44.667329 164382 sgemm sgemm CUDA1 1.207189 164422 40
CPU10 44.885572 164383 sgemm sgemm CUDA1 1.197961 164423 40
CPU14 44.950751 164384 sgemm sgemm CUDA2 1.078917 164424 40
CPU9 44.627519 164385 sgemm sgemm CUDA0 1.064243 164425 40
CPU1 44.977378 164386 sgemm sgemm CUDA0 1.189739 164426 40
CPU18 45.239102 164387 sgemm sgemm CUDA2 1.190998 164427 40
CPU11 44.870884 164388 sgemm sgemm CUDA0 4.715481 164428 40
CPU9 44.998300 164389 sgemm sgemm CUDA2 1.209114 164429 40
CPU7 45.330370 164390 sgemm sgemm CUDA1 1.193275 164430 40
CPU10 44.847485 164391 sgemm sgemm CUDA1 1.064585 164431 40
CPU3 45.201826 164392 sgemm sgemm CUDA1 1.203668 164432 40
CPU0 45.484871 164393 sgemm sgemm CUDA2 1.304275 164433 40
CPU3 45.252833 164394 sgemm sgemm CUDA3 1.206699 164434 40
CPU6 45.494764 164395 sgemm sgemm CUDA2 1.065678 164435 40
CPU5 45.127634 164396 sgemm sgemm CUDA1 1.068730 164436 40
CPU7 45.346481 164397 sgemm sgemm CUDA1 1.066835 164437 40
CPU0 45.422285 164398 sgemm sgemm CUDA2 1.202616 164438 40
CPU6 45.359487 164399 sgemm sgemm CUDA1 0.044865 164439 40
CPU17 44.863993 164400 sgemm sgemm CUDA2 1.369015 164440 40
CPU18 44.579153 164401 sgemm sgemm CUDA2 1.060284 164441 40
CPU18 44.569748 164402 sgemm sgemm CUDA0 1.076099 164442 40
CPU1 45.204568 164403 sgemm sgemm CUDA3 1.196467 164443 40
CPU7 25.135999 164404 ssyrk ssyrk CUDA1 0.675970 164444 40
CPU0 45.011766 164405 sgemm sgemm CUDA1 1.211692 164445 40
CPU7 45.610700 164406 sgemm sgemm CUDA1 0.376452 164446 40
CPU11 44.716751 164407 sgemm sgemm CUDA2 1.075932 164447 40
CPU2 44.644509 164408 sgemm sgemm CUDA3 1.067585 164448 40
CPU7 45.354683 164409 sgemm sgemm CUDA1 11.653452 164449 40
CPU7 45.137564 164410 sgemm sgemm CUDA2 0.048625 164450 40
CPU17 44.658714 164411 sgemm sgemm CUDA0 12.158735 164451 40
CPU10 44.601075 164412 sgemm sgemm CUDA1 1.078577 164452 40
CPU6 45.147114 164413 sgemm sgemm CUDA0 1.209144 164453 40
CPU16 44.637734 164414 sgemm sgemm CUDA2 1.199801 164454 40
CPU3 44.830874 164415 sgemm sgemm CUDA1 0.050854 164455 40
CPU11 44.531057 164416 sgemm sgemm CUDA0 11.831993 164456 40
CPU12 44.879333 164417 sgemm sgemm CUDA2 1.193850 164457 40
CPU11 44.737846 164418 sgemm sgemm CUDA1 1.312876 164458 40
CPU4 45.061095 164419 sgemm sgemm CUDA1 12.345843 164459 40
CPU1 44.991911 164420 sgemm sgemm CUDA0 1.201177 164460 40
CPU13 44.752081 164421 sgemm sgemm CUDA1 12.230082 164461 40
CPU7 44.640604 164422 sgemm sgemm CUDA1 1.215395 164462 40
CPU18 44.475971 164423 sgemm sgemm CUDA2 1.201546 164463 40
CPU16 45.310152 164424 sgemm sgemm CUDA2 1.287193 164464 40
CPU2 45.313926 164425 sgemm sgemm CUDA3 13.112653 164465 40
CPU0 45.288592 164426 sgemm sgemm CUDA1 1.013785 164466 40
CPU7 45.210110 164427 sgemm sgemm CUDA0 0.085830 164467 40
CPU9 45.081922 164428 sgemm sgemm CUDA0 1.202793 164468 40
CPU1 44.664651 164429 sgemm sgemm CUDA3 1.195624 164469 40
CPU2 44.862058 164430 sgemm sgemm CUDA1 1.318318 164470 40
CPU12 44.912380 164431 sgemm sgemm CUDA3 1.192210 164471 40
CPU5 45.181682 164432 sgemm sgemm CUDA0 1.193331 164472 40
CPU5 45.131945 164433 sgemm sgemm CUDA2 1.192903 164473 40
CPU14 25.314794 164434 ssyrk ssyrk CUDA2 0.682185 164474 40
CPU15 44.824113 164435 sgemm sgemm CUDA0 0.057416 164475 40
CPU15 44.746745 164436 sgemm sgemm CUDA0 1.063776 164476 40
CPU3 44.581023 164437 sgemm sgemm CUDA0 1.189675 164477 40
CPU15 44.734352 164438 sgemm sgemm CUDA1 1.302924 164478 40
CPU15 44.742152 164439 sgemm sgemm CUDA2 1.206602 164479 40
CPU16 45.312204 164440 sgemm sgemm CUDA1 1.061190 164480 40
CPU8 44.873156 164441 sgemm sgemm CUDA2 1.064064 164481 40
CPU17 44.693389 164442 sgemm sgemm CUDA0 0.132214 164482 40
CPU15 44.720810 164443 sgemm sgemm CUDA1 1.207752 164483 40
CPU0 45.121314 164444 sgemm sgemm CUDA2 0.044055 164484 40
CPU5 44.822591 164445 sgemm sgemm CUDA0 1.318980 164485 40
CPU14 45.187776 164446 sgemm sgemm CUDA2 1.202333 164486 40
CPU19 44.877056 164447 sgemm sgemm CUDA1 1.075332 164487 40
CPU9 44.952573 164448 sgemm sgemm CUDA1 0.041640 164488 40
CPU12 44.884226 164449 sgemm sgemm CUDA0 1.201950 164489 40
CPU12 45.078993 164450 sgemm sgemm CUDA0 1.062369 164490 40
CPU18 44.594322 164451 sgemm sgemm CUDA1 1.191238 164491 40
CPU17 44.976738 164452 sgemm sgemm CUDA2 1.065792 164492 40
CPU1 45.453270 164453 sgemm sgemm CUDA2 1.351698 164493 40
CPU14 44.736859 164454 sgemm sgemm CUDA2 1.086487 164494 40
CPU16 44.699643 164455 sgemm sgemm CUDA1 1.135454 164495 40
CPU6 45.231886 164456 sgemm sgemm CUDA0 1.069737 164496 40
CPU19 44.718761 164457 sgemm sgemm CUDA0 1.060234 164497 40
CPU2 44.792764 164458 sgemm sgemm CUDA2 1.211006 164498 40
CPU4 44.442584 164459 sgemm sgemm CUDA1 1.204640 164499 40
CPU5 44.988729 164460 sgemm sgemm CUDA1 1.065339 164500 40
CPU0 45.262124 164461 sgemm sgemm CUDA1 1.064055 164501 40
CPU6 45.382869 164462 sgemm sgemm CUDA2 12.302434 164502 40
CPU0 24.904311 164463 ssyrk ssyrk CUDA0 0.741074 164503 40
CPU14 44.907533 164464 sgemm sgemm CUDA3 1.195405 164504 40
CPU11 44.554322 164465 sgemm sgemm CUDA0 1.206467 164505 40
CPU2 44.753500 164466 sgemm sgemm CUDA0 1.218239 164506 40
CPU3 44.692095 164467 sgemm sgemm CUDA3 1.061661 164507 40
CPU15 44.533164 164468 sgemm sgemm CUDA1 1.065224 164508 40
CPU16 44.396811 164469 sgemm sgemm CUDA2 1.064640 164509 40
CPU11 45.014787 164470 sgemm sgemm CUDA1 1.065974 164510 40
CPU17 44.906240 164471 sgemm sgemm CUDA1 1.190719 164511 40
CPU1 44.964476 164472 sgemm sgemm CUDA0 1.089325 164512 40
CPU2 44.932838 164473 sgemm sgemm CUDA0 1.066318 164513 40
CPU10 44.954143 164474 sgemm sgemm CUDA0 1.060676 164514 40
CPU0 45.650536 164475 sgemm sgemm CUDA0 1.398745 164515 40
CPU3 45.127791 164476 sgemm sgemm CUDA1 1.301292 164516 40
CPU1 44.940917 164477 sgemm sgemm CUDA3 1.080981 164517 40
CPU11 44.869462 164478 sgemm sgemm CUDA0 1.068958 164518 40
CPU1 45.014857 164479 sgemm sgemm CUDA1 1.201308 164519 40
CPU11 44.603511 164480 sgemm sgemm CUDA2 1.064147 164520 40
CPU4 45.150805 164481 sgemm sgemm CUDA1 1.202361 164521 40
CPU10 44.927502 164482 sgemm sgemm CUDA3 1.204916 164522 40
CPU6 45.193166 164483 sgemm sgemm CUDA1 1.145864 164523 40
CPU12 45.733326 164484 sgemm sgemm CUDA0 1.078288 164524 40
CPU17 44.959296 164485 sgemm sgemm CUDA3 1.206429 164525 40
CPU6 45.304363 164486 sgemm sgemm CUDA1 1.316142 164526 40
CPU8 44.938908 164487 sgemm sgemm CUDA0 1.077373 164527 40
CPU10 44.962032 164488 sgemm sgemm CUDA1 0.139718 164528 40
CPU13 44.832957 164489 sgemm sgemm CUDA1 1.211348 164529 40
CPU11 44.617176 164490 sgemm sgemm CUDA1 12.346628 164530 40
CPU0 24.925735 164491 ssyrk ssyrk CUDA2 0.046183 164531 40
CPU8 44.817087 164492 sgemm sgemm CUDA3 0.043536 164532 40
CPU6 45.255794 164493 sgemm sgemm CUDA0 1.371663 164533 40
CPU2 44.596283 164494 sgemm sgemm CUDA3 1.190650 164534 40
CPU18 44.454714 164495 sgemm sgemm CUDA3 1.083152 164535 40
CPU15 44.636937 164496 sgemm sgemm CUDA2 1.198458 164536 40
CPU17 44.740824 164497 sgemm sgemm CUDA3 1.201558 164537 40
CPU15 44.855135 164498 sgemm sgemm CUDA3 1.067796 164538 40
CPU3 44.796827 164499 sgemm sgemm CUDA3 1.209750 164539 40
CPU4 44.974637 164500 sgemm sgemm CUDA2 1.065382 164540 40
CPU16 44.828098 164501 sgemm sgemm CUDA2 1.210926 164541 40
CPU19 44.979045 164502 sgemm sgemm CUDA0 1.083158 164542 40
CPU17 45.131155 164503 sgemm sgemm CUDA0 1.078994 164543 40
CPU12 45.016997 164504 sgemm sgemm CUDA1 1.208065 164544 40
CPU12 45.001187 164505 sgemm sgemm CUDA0 1.079110 164545 40
CPU9 44.993398 164506 sgemm sgemm CUDA2 1.207146 164546 40
CPU7 45.280176 164507 sgemm sgemm CUDA0 1.208248 164547 40
CPU8 45.131646 164508 sgemm sgemm CUDA0 1.188005 164548 40
CPU11 44.721627 164509 sgemm sgemm CUDA2 12.281647 164549 40
CPU9 45.077383 164510 sgemm sgemm CUDA1 12.102626 164550 40
CPU6 45.358726 164511 sgemm sgemm CUDA2 1.199972 164551 40
CPU15 44.824541 164512 sgemm sgemm CUDA2 1.064352 164552 40
CPU5 44.243603 164513 sgemm sgemm CUDA2 1.204362 164553 40
CPU6 45.157950 164514 sgemm sgemm CUDA0 1.073049 164554 40
CPU8 45.058608 164515 sgemm sgemm CUDA1 0.045408 164555 40
CPU7 45.272044 164516 sgemm sgemm CUDA0 1.064030 164556 40
CPU17 44.933442 164517 sgemm sgemm CUDA0 1.320551 164557 40
CPU9 24.582492 164518 ssyrk ssyrk CUDA3 0.676842 164558 40
CPU2 44.723522 164519 sgemm sgemm CUDA0 1.323329 164559 40
CPU1 44.810948 164520 sgemm sgemm CUDA0 1.063567 164560 40
CPU12 44.711122 164521 sgemm sgemm CUDA3 1.067762 164561 40
CPU11 44.580758 164522 sgemm sgemm CUDA0 1.208253 164562 40
CPU1 44.873548 164523 sgemm sgemm CUDA1 1.076622 164563 40
CPU15 44.652052 164524 sgemm sgemm CUDA1 1.080694 164564 40
CPU9 44.911230 164525 sgemm sgemm CUDA1 1.079269 164565 40
CPU8 44.882300 164526 sgemm sgemm CUDA3 0.046688 164566 40
CPU16 44.553094 164527 sgemm sgemm CUDA2 0.050804 164567 40
CPU19 44.943856 164528 sgemm sgemm CUDA1 1.193196 164568 40
CPU7 44.944178 164529 sgemm sgemm CUDA3 1.070086 164569 40
CPU4 44.897397 164530 sgemm sgemm CUDA3 1.076792 164570 40
CPU19 44.990848 164531 sgemm sgemm CUDA0 1.066831 164571 40
CPU9 45.242724 164532 sgemm sgemm CUDA1 0.044759 164572 40
CPU12 44.895234 164533 sgemm sgemm CUDA0 1.197935 164573 40
CPU9 44.872674 164534 sgemm sgemm CUDA3 1.272777 164574 40
CPU14 44.846587 164535 sgemm sgemm CUDA3 1.211858 164575 40
CPU15 44.608903 164536 sgemm sgemm CUDA1 0.049557 164576 40
CPU5 45.074785 164537 sgemm sgemm CUDA3 1.204312 164577 40
CPU7 44.753999 164538 sgemm sgemm CUDA0 1.066932 164578 40
CPU4 44.397494 164539 sgemm sgemm CUDA2 1.068079 164579 40
CPU5 44.939643 164540 sgemm sgemm CUDA0 12.262645 164580 40
CPU9 44.878016 164541 sgemm sgemm CUDA1 1.063909 164581 40
CPU4 45.311971 164542 sgemm sgemm CUDA0 1.084166 164582 40
CPU11 44.810576 164543 sgemm sgemm CUDA1 0.045106 164583 40
CPU17 24.965110 164544 ssyrk ssyrk CUDA2 0.731518 164584 40
CPU5 44.710691 164545 sgemm sgemm CUDA2 1.080255 164585 40
CPU16 44.730013 164546 sgemm sgemm CUDA1 1.067163 164586 40
CPU12 44.991139 164547 sgemm sgemm CUDA1 1.068843 164587 40
CPU8 44.860389 164548 sgemm sgemm CUDA0 11.158910 164588 40
CPU14 44.954410 164549 sgemm sgemm CUDA2 12.126455 164589 40
CPU1 44.870387 164550 sgemm sgemm CUDA2 0.127580 164590 40
CPU17 44.834355 164551 sgemm sgemm CUDA2 0.286230 164591 40
CPU14 45.046122 164552 sgemm sgemm CUDA1 1.209954 164592 40
CPU12 44.956787 164553 sgemm sgemm CUDA1 9.024755 164593 40
CPU4 45.113896 164554 sgemm sgemm CUDA0 1.065263 164594 40
CPU1 45.070614 164555 sgemm sgemm CUDA0 1.190800 164595 40
CPU13 44.746296 164556 sgemm sgemm CUDA0 1.081109 164596 40
CPU7 45.056400 164557 sgemm sgemm CUDA1 1.371551 164597 40
CPU17 44.907649 164558 sgemm sgemm CUDA0 1.065264 164598 40
CPU13 45.059669 164559 sgemm sgemm CUDA2 1.195202 164599 40
CPU15 44.880681 164560 sgemm sgemm CUDA2 1.318765 164600 40
CPU18 44.594190 164561 sgemm sgemm CUDA2 1.075390 164601 40
CPU17 44.626401 164562 sgemm sgemm CUDA2 1.209970 164602 40
CPU14 44.605214 164563 sgemm sgemm CUDA0 1.189966 164603 40
CPU3 45.095587 164564 sgemm sgemm CUDA3 1.065596 164604 40
CPU7 45.269476 164565 sgemm sgemm CUDA2 6.293365 164605 40
CPU19 44.736752 164566 sgemm sgemm CUDA1 11.814753 164606 40
CPU19 44.890213 164567 sgemm sgemm CUDA3 12.537384 164607 40
CPU19 44.790677 164568 sgemm sgemm CUDA3 1.066994 164608 40
CPU1 24.736961 164569 ssyrk ssyrk CUDA3 0.678356 164609 40
CPU17 44.657286 164570 sgemm sgemm CUDA3 1.066986 164610 40
CPU14 44.628419 164571 sgemm sgemm CUDA3 0.043824 164611 40
CPU17 44.740511 164572 sgemm sgemm CUDA3 1.067612 164612 40
CPU18 44.547292 164573 sgemm sgemm CUDA2 0.039643 164613 40
CPU1 44.711171 164574 sgemm sgemm CUDA3 1.072712 164614 40
CPU13 44.871765 164575 sgemm sgemm CUDA2 1.066054 164615 40
CPU16 44.944667 164576 sgemm sgemm CUDA1 1.066062 164616 40
CPU19 45.062481 164577 sgemm sgemm CUDA2 1.066564 164617 40
CPU5 44.751575 164578 sgemm sgemm CUDA3 12.078187 164618 40
CPU8 45.078743 164579 sgemm sgemm CUDA1 1.081308 164619 40
CPU12 44.905920 164580 sgemm sgemm CUDA1 0.045441 164620 40
CPU8 45.163536 164581 sgemm sgemm CUDA1 1.073305 164621 40
CPU10 44.900362 164582 sgemm sgemm CUDA2 1.210082 164622 40
CPU9 45.062682 164583 sgemm sgemm CUDA2 12.528506 164623 40
CPU8 45.262611 164584 sgemm sgemm CUDA1 1.345448 164624 40
CPU5 45.092239 164585 sgemm sgemm CUDA2 1.017024 164625 40
CPU16 44.703909 164586 sgemm sgemm CUDA1 1.204926 164626 40
CPU19 44.824543 164587 sgemm sgemm CUDA3 1.206788 164627 40
CPU7 44.937139 164588 sgemm sgemm CUDA0 1.321999 164628 40
CPU13 44.738557 164589 sgemm sgemm CUDA0 1.300054 164629 40
CPU0 45.416293 164590 sgemm sgemm CUDA1 1.065212 164630 40
CPU9 45.039911 164591 sgemm sgemm CUDA0 1.065425 164631 40
CPU1 45.334549 164592 sgemm sgemm CUDA1 1.312654 164632 40
CPU19 24.806304 164593 ssyrk ssyrk CPU -1 164633 40
CPU19 44.810095 164594 sgemm sgemm CUDA0 1.065868 164634 40
CPU15 44.609449 164595 sgemm sgemm CUDA1 12.301949 164635 40
CPU18 44.670624 164596 sgemm sgemm CUDA1 0.050009 164636 40
CPU4 44.824798 164597 sgemm sgemm CUDA0 1.195340 164637 40
CPU3 44.892767 164598 sgemm sgemm CUDA1 1.206242 164638 40
CPU16 44.664826 164599 sgemm sgemm CUDA0 1.198478 164639 40
CPU19 45.092214 164600 sgemm sgemm CUDA3 12.202056 164640 40
CPU2 44.784102 164601 sgemm sgemm CUDA3 1.300517 164641 40
CPU6 44.599283 164602 sgemm sgemm CUDA0 1.213663 164642 40
CPU13 45.061584 164603 sgemm sgemm CUDA1 1.210715 164643 40
CPU6 45.433800 164604 sgemm sgemm CUDA3 1.072796 164644 40
CPU18 44.560224 164605 sgemm sgemm CUDA0 1.068676 164645 40
CPU17 44.601783 164606 sgemm sgemm CUDA3 1.064186 164646 40
CPU8 45.033911 164607 sgemm sgemm CUDA1 1.201316 164647 40
CPU4 45.062434 164608 sgemm sgemm CUDA0 1.027867 164648 40
CPU9 45.139112 164609 sgemm sgemm CUDA0 11.903973 164649 40
CPU16 44.412778 164610 sgemm sgemm CUDA3 1.191915 164650 40
CPU17 44.896032 164611 sgemm sgemm CUDA3 1.009129 164651 40
CPU3 45.055419 164612 sgemm sgemm CUDA3 1.066994 164652 40
CPU0 45.478507 164613 sgemm sgemm CUDA3 1.143190 164653 40
CPU13 44.666688 164614 sgemm sgemm CUDA2 1.068755 164654 40
CPU17 44.767139 164615 sgemm sgemm CUDA3 1.011004 164655 40
CPU15 24.599165 164616 ssyrk ssyrk CUDA1 12.542491 164656 40
CPU14 44.754670 164617 sgemm sgemm CUDA0 1.074485 164657 40
CPU16 44.567953 164618 sgemm sgemm CUDA3 1.203483 164658 40
CPU3 44.810975 164619 sgemm sgemm CUDA0 12.626378 164659 40
CPU12 45.176362 164620 sgemm sgemm CUDA2 0.049849 164660 40
CPU11 44.643549 164621 sgemm sgemm CUDA0 1.208244 164661 40
CPU1 44.986532 164622 sgemm sgemm CUDA0 1.206414 164662 40
CPU10 45.068895 164623 sgemm sgemm CUDA3 0.045687 164663 40
CPU18 44.942750 164624 sgemm sgemm CUDA0 1.190595 164664 40
CPU12 44.815724 164625 sgemm sgemm CUDA2 1.066300 164665 40
CPU1 45.185270 164626 sgemm sgemm CUDA3 0.040050 164666 40
CPU8 45.118979 164627 sgemm sgemm CUDA3 1.015200 164667 40
CPU0 45.526440 164628 sgemm sgemm CUDA2 1.062309 164668 40
CPU15 44.566441 164629 sgemm sgemm CUDA2 1.206190 164669 40
CPU7 45.220967 164630 sgemm sgemm CUDA1 1.259752 164670 40
CPU10 44.922014 164631 sgemm sgemm CUDA3 1.080959 164671 40
CPU11 44.621661 164632 sgemm sgemm CUDA2 1.190898 164672 40
CPU12 45.178394 164633 sgemm sgemm CUDA0 1.066929 164673 40
CPU0 44.646600 164634 sgemm sgemm CUDA2 0.042419 164674 40
CPU10 44.904355 164635 sgemm sgemm CUDA3 1.208092 164675 40
CPU8 45.421714 164636 sgemm sgemm CUDA0 14.679506 164676 40
CPU1 45.500123 164637 sgemm sgemm CUDA3 1.065861 164677 40
CPU7 25.167835 164638 ssyrk ssyrk CUDA3 0.678157 164678 40
CPU14 44.769442 164639 sgemm sgemm CUDA1 12.050179 164679 40
CPU2 44.761649 164640 sgemm sgemm CUDA1 0.045482 164680 40
CPU9 44.925881 164641 sgemm sgemm CUDA0 1.511792 164681 40
CPU11 44.614940 164642 sgemm sgemm CUDA1 1.065443 164682 40
CPU10 44.859651 164643 sgemm sgemm CUDA1 1.202172 164683 40
CPU18 44.667249 164644 sgemm sgemm CUDA0 1.082843 164684 40
CPU10 44.728861 164645 sgemm sgemm CUDA1 1.195475 164685 40
CPU10 44.659549 164646 sgemm sgemm CUDA2 1.065255 164686 40
CPU15 44.660076 164647 sgemm sgemm CUDA1 1.066469 164687 40
CPU8 45.207081 164648 sgemm sgemm CUDA3 1.143131 164688 40
CPU8 45.007872 164649 sgemm sgemm CUDA3 1.193817 164689 40
CPU6 45.270592 164650 sgemm sgemm CUDA1 1.080807 164690 40
CPU18 44.415397 164651 sgemm sgemm CUDA0 1.196914 164691 40
CPU6 45.309585 164652 sgemm sgemm CUDA3 1.202469 164692 40
CPU12 44.604878 164653 sgemm sgemm CUDA3 1.207289 164693 40
CPU3 44.942681 164654 sgemm sgemm CUDA1 1.210830 164694 40
CPU9 45.048016 164655 sgemm sgemm CUDA2 1.280539 164695 40
CPU2 45.163274 164656 sgemm sgemm CUDA3 24.672419 164696 40
CPU3 45.391215 164657 sgemm sgemm CUDA0 0.049411 164697 40
CPU4 45.279285 164658 sgemm sgemm CUDA1 1.188693 164698 40
CPU16 24.843483 164659 ssyrk ssyrk CPU -1 164699 40
CPU15 44.841544 164660 sgemm sgemm CUDA1 1.084913 164700 40
CPU10 44.962490 164661 sgemm sgemm CUDA0 1.068081 164701 40
CPU6 45.140682 164662 sgemm sgemm CUDA2 1.430981 164702 40
CPU14 44.920435 164663 sgemm sgemm CUDA3 1.066267 164703 40
CPU14 45.018649 164664 sgemm sgemm CUDA3 1.204961 164704 40
CPU17 45.040266 164665 sgemm sgemm CUDA1 1.066709 164705 40
CPU12 45.058314 164666 sgemm sgemm CUDA0 1.198122 164706 40
CPU8 44.918417 164667 sgemm sgemm CUDA3 1.199231 164707 40
CPU14 44.834273 164668 sgemm sgemm CUDA0 1.206898 164708 40
CPU13 45.093753 164669 sgemm sgemm CUDA2 1.066608 164709 40
CPU17 44.609707 164670 sgemm sgemm CUDA1 1.212551 164710 40
CPU2 44.789341 164671 sgemm sgemm CUDA2 1.153633 164711 40
CPU5 44.775762 164672 sgemm sgemm CUDA2 1.061246 164712 40
CPU9 44.805818 164673 sgemm sgemm CUDA2 1.208717 164713 40
CPU1 44.858930 164674 sgemm sgemm CUDA0 1.193722 164714 40
CPU9 44.949567 164675 sgemm sgemm CUDA0 1.191130 164715 40
CPU17 44.745967 164676 sgemm sgemm CUDA2 1.068255 164716 40
CPU17 44.730109 164677 sgemm sgemm CUDA0 1.190598 164717 40
CPU13 44.885802 164678 sgemm sgemm CUDA1 1.074506 164718 40
CPU4 25.229564 164679 ssyrk ssyrk CUDA3 8.479340 164719 40
CPU6 44.873340 164680 sgemm sgemm CUDA2 8.679640 164720 40
CPU16 45.025378 164681 sgemm sgemm CUDA0 1.201077 164721 40
CPU4 44.954298 164682 sgemm sgemm CUDA0 1.230178 164722 40
CPU5 44.547729 164683 sgemm sgemm CUDA0 0.047700 164723 40
CPU3 44.722922 164684 sgemm sgemm CUDA3 1.075598 164724 40
CPU11 44.807220 164685 sgemm sgemm CUDA0 12.262967 164725 40
CPU6 45.225356 164686 sgemm sgemm CUDA1 1.207877 164726 40
CPU0 45.323685 164687 sgemm sgemm CUDA3 1.010551 164727 40
CPU12 44.665671 164688 sgemm sgemm CUDA2 1.081291 164728 40
CPU12 44.849027 164689 sgemm sgemm CUDA3 1.080777 164729 40
CPU11 44.738795 164690 sgemm sgemm CUDA1 1.081536 164730 40
CPU18 44.997019 164691 sgemm sgemm CUDA3 1.062622 164731 40
CPU19 44.827665 164692 sgemm sgemm CUDA2 1.208554 164732 40
CPU17 44.819091 164693 sgemm sgemm CUDA2 1.082602 164733 40
CPU11 44.740316 164694 sgemm sgemm CUDA2 1.194738 164734 40
CPU10 44.994845 164695 sgemm sgemm CUDA1 0.074744 164735 40
CPU0 45.330356 164696 sgemm sgemm CUDA3 0.044402 164736 40
CPU18 44.602857 164697 sgemm sgemm CUDA3 1.082601 164737 40
CPU4 25.161968 164698 ssyrk ssyrk CUDA2 0.244953 164738 40
CPU14 44.855596 164699 sgemm sgemm CUDA0 1.195650 164739 40
CPU0 45.249289 164700 sgemm sgemm CUDA0 1.166830 164740 40
CPU10 44.958947 164701 sgemm sgemm CUDA3 1.067399 164741 40
CPU11 45.197087 164702 sgemm sgemm CUDA1 1.074724 164742 40
CPU12 44.728316 164703 sgemm sgemm CUDA0 0.041053 164743 40
CPU19 45.187323 164704 sgemm sgemm CUDA1 1.076277 164744 40
CPU7 45.305034 164705 sgemm sgemm CUDA2 1.067488 164745 40
CPU3 45.100407 164706 sgemm sgemm CUDA1 1.212857 164746 40
CPU15 44.751698 164707 sgemm sgemm CUDA3 1.078552 164747 40
CPU16 44.933333 164708 sgemm sgemm CUDA1 1.083331 164748 40
CPU14 45.277946 164709 sgemm sgemm CUDA2 11.541731 164749 40
CPU17 45.009304 164710 sgemm sgemm CUDA0 1.070585 164750 40
CPU2 44.793271 164711 sgemm sgemm CUDA3 1.194042 164751 40
CPU7 44.801878 164712 sgemm sgemm CUDA1 13.120179 164752 40
CPU13 44.841736 164713 sgemm sgemm CUDA2 1.215950 164753 40
CPU3 45.184561 164714 sgemm sgemm CUDA1 1.475938 164754 40
CPU2 45.251456 164715 sgemm sgemm CUDA0 1.064279 164755 40
CPU3 24.959988 164716 ssyrk ssyrk CPU -1 164756 40
CPU15 44.603957 164717 sgemm sgemm CUDA1 1.195442 164757 40
CPU17 44.849855 164718 sgemm sgemm CUDA2 1.081625 164758 40
CPU2 45.052162 164719 sgemm sgemm CUDA1 1.196845 164759 40
CPU12 44.865112 164720 sgemm sgemm CUDA2 1.206887 164760 40
CPU2 44.951037 164721 sgemm sgemm CUDA0 0.040579 164761 40
CPU7 45.095641 164722 sgemm sgemm CUDA0 1.065882 164762 40
CPU7 45.157330 164723 sgemm sgemm CUDA1 12.045589 164763 40
CPU0 45.364245 164724 sgemm sgemm CUDA1 0.046707 164764 40
CPU1 45.134431 164725 sgemm sgemm CUDA1 1.020523 164765 40
CPU0 45.208836 164726 sgemm sgemm CUDA0 1.300363 164766 40
CPU9 45.226532 164727 sgemm sgemm CUDA2 1.067965 164767 40
CPU5 44.799990 164728 sgemm sgemm CUDA2 1.084373 164768 40
CPU0 44.806976 164729 sgemm sgemm CUDA1 1.293469 164769 40
CPU6 45.077724 164730 sgemm sgemm CUDA2 1.080291 164770 40
CPU6 45.085313 164731 sgemm sgemm CUDA3 0.966642 164771 40
CPU18 44.895006 164732 sgemm sgemm CUDA0 1.206103 164772 40
CPU14 24.894285 164733 ssyrk ssyrk CUDA1 0.667352 164773 40
CPU19 44.906184 164734 sgemm sgemm CUDA0 1.066663 164774 40
CPU12 44.657446 164735 sgemm sgemm CUDA0 1.195008 164775 40
CPU12 44.771061 164736 sgemm sgemm CUDA2 1.197185 164776 40
CPU16 44.692966 164737 sgemm sgemm CUDA1 1.188024 164777 40
CPU17 44.969836 164738 sgemm sgemm CUDA2 1.071599 164778 40
CPU5 44.847483 164739 sgemm sgemm CUDA0 2.000133 164779 40
CPU14 44.776158 164740 sgemm sgemm CUDA1 1.203330 164780 40
CPU19 44.778915 164741 sgemm sgemm CUDA2 1.025120 164781 40
CPU5 45.229384 164742 sgemm sgemm CUDA0 0.110270 164782 40
CPU18 44.626212 164743 sgemm sgemm CUDA1 1.201210 164783 40
CPU6 44.834230 164744 sgemm sgemm CUDA1 1.200721 164784 40
CPU8 44.968295 164745 sgemm sgemm CUDA2 1.209987 164785 40
CPU7 45.060677 164746 sgemm sgemm CUDA1 1.205366 164786 40
CPU7 45.076528 164747 sgemm sgemm CUDA0 1.297601 164787 40
CPU7 45.157188 164748 sgemm sgemm CUDA1 1.081475 164788 40
CPU7 24.928091 164749 ssyrk ssyrk CPU -1 164789 40
CPU8 44.662963 164750 sgemm sgemm CUDA1 1.206950 164790 40
CPU12 45.047174 164751 sgemm sgemm CUDA1 1.296520 164791 40
CPU18 44.710493 164752 sgemm sgemm CUDA3 1.067763 164792 40
CPU6 45.334964 164753 sgemm sgemm CUDA2 1.196720 164793 40
CPU13 45.021486 164754 sgemm sgemm CUDA1 0.045569 164794 40
CPU16 44.844349 164755 sgemm sgemm CUDA1 1.371392 164795 40
CPU10 44.898216 164756 sgemm sgemm CUDA0 1.207798 164796 40
CPU11 44.696306 164757 sgemm sgemm CUDA3 1.317042 164797 40
CPU17 44.835438 164758 sgemm sgemm CUDA1 1.077994 164798 40
CPU19 45.084727 164759 sgemm sgemm CUDA3 1.208497 164799 40
CPU19 44.755648 164760 sgemm sgemm CUDA0 1.064997 164800 40
CPU16 44.801846 164761 sgemm sgemm CUDA3 1.068991 164801 40
CPU15 45.135210 164762 sgemm sgemm CUDA1 1.065776 164802 40
CPU15 45.014562 164763 sgemm sgemm CUDA0 1.081015 164803 40
CPU9 24.804368 164764 ssyrk ssyrk CPU -1 164804 40
CPU12 44.965673 164765 sgemm sgemm CUDA1 1.065594 164805 40
CPU8 45.047996 164766 sgemm sgemm CUDA1 1.066496 164806 40
CPU4 45.232522 164767 sgemm sgemm CUDA0 1.080275 164807 40
CPU18 44.495325 164768 sgemm sgemm CUDA1 12.167686 164808 40
CPU6 45.323804 164769 sgemm sgemm CUDA3 12.169443 164809 40
CPU8 45.104718 164770 sgemm sgemm CUDA0 1.197217 164810 40
CPU4 44.831639 164771 sgemm sgemm CUDA1 1.062938 164811 40
CPU5 44.994233 164772 sgemm sgemm CUDA1 1.206752 164812 40
CPU4 44.248831 164773 sgemm sgemm CUDA1 1.067089 164813 40
CPU6 44.941089 164774 sgemm sgemm CUDA0 1.205526 164814 40
CPU2 45.022678 164775 sgemm sgemm CUDA3 1.193608 164815 40
CPU2 45.109349 164776 sgemm sgemm CUDA3 1.366091 164816 40
CPU0 45.176876 164777 sgemm sgemm CUDA0 1.081905 164817 40
CPU12 25.224330 164778 ssyrk ssyrk CPU -1 164818 40
CPU12 44.781902 164779 sgemm sgemm CUDA0 1.191044 164819 40
CPU10 44.694987 164780 sgemm sgemm CUDA0 1.076729 164820 40
CPU7 46.048122 164781 sgemm sgemm CUDA0 1.065396 164821 40
CPU0 45.335419 164782 sgemm sgemm CUDA3 1.208714 164822 40
CPU2 44.750239 164783 sgemm sgemm CUDA0 1.006816 164823 40
CPU6 45.212408 164784 sgemm sgemm CUDA0 12.479623 164824 40
CPU12 44.912430 164785 sgemm sgemm CUDA3 1.082942 164825 40
CPU12 45.039639 164786 sgemm sgemm CUDA2 1.067319 164826 40
CPU1 45.062248 164787 sgemm sgemm CUDA0 1.201142 164827 40
CPU12 45.027481 164788 sgemm sgemm CUDA3 1.075078 164828 40
CPU4 45.384422 164789 sgemm sgemm CUDA0 1.206957 164829 40
CPU12 45.337696 164790 sgemm sgemm CUDA3 12.248296 164830 40
CPU8 24.868030 164791 ssyrk ssyrk CPU -1 164831 40
CPU14 44.819846 164792 sgemm sgemm CUDA0 10.356674 164832 40
CPU2 44.936661 164793 sgemm sgemm CUDA3 1.065251 164833 40
CPU3 45.341663 164794 sgemm sgemm CUDA3 1.203522 164834 40
CPU1 45.180058 164795 sgemm sgemm CUDA1 1.077181 164835 40
CPU2 45.187643 164796 sgemm sgemm CUDA3 1.202181 164836 40
CPU4 45.242038 164797 sgemm sgemm CUDA0 1.193238 164837 40
CPU3 45.113268 164798 sgemm sgemm CUDA3 1.196469 164838 40
CPU5 45.041646 164799 sgemm sgemm CUDA2 1.064560 164839 40
CPU10 44.641827 164800 sgemm sgemm CUDA2 1.060442 164840 40
CPU9 45.222459 164801 sgemm sgemm CUDA3 1.206672 164841 40
CPU10 45.580641 164802 sgemm sgemm CUDA0 1.065293 164842 40
CPU16 24.525479 164803 ssyrk ssyrk CPU -1 164843 40
CPU18 44.563605 164804 sgemm sgemm CUDA3 1.021114 164844 40
CPU5 45.177363 164805 sgemm sgemm CUDA3 1.136437 164845 40
CPU4 45.286483 164806 sgemm sgemm CUDA3 1.245402 164846 40
CPU3 45.232387 164807 sgemm sgemm CUDA1 1.079454 164847 40
CPU0 45.237562 164808 sgemm sgemm CUDA1 1.206358 164848 40
CPU3 45.123035 164809 sgemm sgemm CUDA1 1.206708 164849 40
CPU8 44.953046 164810 sgemm sgemm CUDA1 1.207160 164850 40
CPU11 44.540187 164811 sgemm sgemm CUDA2 1.066944 164851 40
CPU7 45.393694 164812 sgemm sgemm CUDA0 0.041873 164852 40
CPU19 44.821321 164813 sgemm sgemm CUDA1 1.064097 164853 40
CPU19 25.141276 164814 ssyrk ssyrk CUDA1 0.683608 164854 40
CPU4 45.036824 164815 sgemm sgemm CUDA1 1.204004 164855 40
CPU19 44.857279 164816 sgemm sgemm CUDA2 1.134694 164856 40
CPU3 44.852865 164817 sgemm sgemm CUDA3 1.189034 164857 40
CPU12 44.720689 164818 sgemm sgemm CUDA0 1.065793 164858 40
CPU3 45.043043 164819 sgemm sgemm CUDA2 13.138707 164859 40
CPU10 44.728553 164820 sgemm sgemm CUDA2 1.313962 164860 40
CPU11 44.447649 164821 sgemm sgemm CUDA2 1.210435 164861 40
CPU5 45.243649 164822 sgemm sgemm CUDA2 1.366829 164862 40
CPU1 45.364370 164823 sgemm sgemm CUDA1 1.208693 164863 40
CPU11 24.522808 164824 ssyrk ssyrk CPU -1 164864 40
CPU17 44.812418 164825 sgemm sgemm CUDA1 1.148088 164865 40
CPU19 44.627706 164826 sgemm sgemm CUDA2 1.081508 164866 40
CPU15 44.610029 164827 sgemm sgemm CUDA3 1.067856 164867 40
CPU12 44.739383 164828 sgemm sgemm CUDA1 1.301314 164868 40
CPU12 44.819764 164829 sgemm sgemm CUDA1 1.069642 164869 40
CPU16 44.429040 164830 sgemm sgemm CUDA2 1.203825 164870 40
CPU11 44.551196 164831 sgemm sgemm CUDA2 1.064222 164871 40
CPU12 44.816322 164832 sgemm sgemm CUDA2 0.046234 164872 40
CPU19 24.817180 164833 ssyrk ssyrk CPU10 82.024647 164873 40
CPU13 44.776088 164834 sgemm sgemm CUDA0 1.140714 164874 40
CPU0 45.440112 164835 sgemm sgemm CUDA0 1.008579 164875 40
CPU11 44.571749 164836 sgemm sgemm CUDA1 1.068454 164876 40
CPU19 44.733558 164837 sgemm sgemm CUDA0 1.078965 164877 40
CPU5 45.120308 164838 sgemm sgemm CUDA1 1.017097 164878 40
CPU11 44.740740 164839 sgemm sgemm CUDA0 1.207164 164879 40
CPU10 45.029512 164840 sgemm sgemm CUDA2 1.066928 164880 40
CPU9 24.623365 164841 ssyrk ssyrk CUDA3 0.693902 164881 40
CPU5 45.030660 164842 sgemm sgemm CUDA3 1.207706 164882 40
CPU5 44.994450 164843 sgemm sgemm CUDA1 1.061378 164883 40
CPU2 44.866577 164844 sgemm sgemm CUDA3 1.374446 164884 40
CPU7 45.384706 164845 sgemm sgemm CUDA3 1.193264 164885 40
CPU2 45.331934 164846 sgemm sgemm CUDA3 1.196374 164886 40
CPU8 45.253845 164847 sgemm sgemm CUDA3 0.046132 164887 40
CPU19 24.905793 164848 ssyrk ssyrk CPU -1 164888 40
CPU7 45.246943 164849 sgemm sgemm CUDA3 0.045073 164889 40
CPU4 45.231980 164850 sgemm sgemm CUDA3 1.194878 164890 40
CPU3 45.198176 164851 sgemm sgemm CUDA1 1.061620 164891 40
CPU3 45.400511 164852 sgemm sgemm CUDA0 1.201877 164892 40
CPU3 45.291044 164853 sgemm sgemm CUDA3 1.312205 164893 40
CPU7 25.647951 164854 ssyrk ssyrk CPU -1 164894 40
CPU8 45.259963 164855 sgemm sgemm CUDA0 1.063780 164895 40
CPU1 45.187624 164856 sgemm sgemm CUDA3 1.136875 164896 40
CPU0 45.598645 164857 sgemm sgemm CUDA2 1.065746 164897 40
CPU9 45.179836 164858 sgemm sgemm CUDA2 1.080913 164898 40
CPU19 25.149655 164859 ssyrk ssyrk CPU -1 164899 40
CPU17 44.722410 164860 sgemm sgemm CUDA2 1.205583 164900 40
CPU10 44.733800 164861 sgemm sgemm CUDA1 1.070329 164901 40
CPU19 44.772535 164862 sgemm sgemm CUDA2 1.322125 164902 40
CPU0 25.265394 164863 ssyrk ssyrk CUDA2 0.678090 164903 40
CPU6 45.468469 164864 sgemm sgemm CUDA2 1.211590 164904 40
CPU5 45.274521 164865 sgemm sgemm CUDA1 1.194575 164905 40
CPU4 25.094844 164866 ssyrk ssyrk CPU -1 164906 40
CPU4 45.106316 164867 sgemm sgemm CUDA1 1.068111 164907 40
CPU12 24.889945 164868 ssyrk ssyrk CPU -1 164908 40
CPU3 30.791007 164871 strmm strmm CUDA0 13.979961 164911 40
CPU17 31.136323 164875 strmm strmm CUDA0 12.118576 164915 40
CPU8 31.412949 164879 strmm strmm CUDA0 0.030996 164919 40
CPU14 30.848930 164883 strmm strmm CUDA0 11.931512 164923 40
CPU11 30.956916 164887 strmm strmm CUDA2 4.291661 164927 40
CPU3 31.331630 164891 strmm strmm CUDA1 15.088149 164931 40
CPU14 30.299632 164895 strmm strmm CUDA2 0.029591 164935 40
CPU9 31.051129 164899 strmm strmm CUDA2 4.288355 164939 40
CPU16 29.435040 164903 strmm strmm CUDA3 0.031537 164943 40
CPU4 30.338536 164907 strmm strmm CUDA0 0.031734 164947 40
CPU1 31.062264 164911 strmm strmm CUDA2 13.642915 164951 40
CPU5 31.309983 164915 strmm strmm CUDA0 0.031739 164955 40
CPU12 31.195640 164919 strmm strmm CUDA1 4.584114 164959 40
CPU12 29.943330 164923 strmm strmm CUDA2 4.502035 164963 40
CPU12 30.497057 164927 strmm strmm CUDA0 4.547534 164967 40
CPU19 30.576711 164931 strmm strmm CUDA0 4.287196 164971 40
CPU19 30.583736 164935 strmm strmm CUDA1 15.039782 164975 40
CPU7 31.181844 164939 strmm strmm CUDA2 5.517165 164979 40
CPU17 30.224010 164943 strmm strmm CUDA2 4.285692 164983 40
CPU12 30.113350 164947 strmm strmm CUDA0 0.030095 164987 40
CPU4 32.119854 164951 strmm strmm CUDA1 0.029128 164991 40
CPU5 30.489010 164955 strmm strmm CUDA3 4.289925 164995 40
CPU17 30.803599 164959 strmm strmm CUDA2 4.523750 164999 40
CPU13 30.691686 164963 strmm strmm CUDA0 4.382518 165003 40
CPU7 31.392014 164967 strmm strmm CUDA1 4.290248 165007 40
CPU1 30.526770 164971 strmm strmm CUDA3 4.292483 165011 40
CPU15 30.709112 164975 strmm strmm CUDA1 4.284964 165015 40
CPU18 30.058894 164979 strmm strmm CUDA1 14.745302 165019 40
CPU12 30.683524 164983 strmm strmm CUDA1 0.029324 165023 40
CPU12 30.059136 164987 strmm strmm CUDA1 0.029246 165027 40
CPU10 30.077432 164991 strmm strmm CUDA1 4.685155 165031 40
CPU7 32.073203 164995 strmm strmm CUDA3 4.599570 165035 40
CPU12 29.937659 164999 strmm strmm CUDA0 4.486211 165039 40
CPU10 30.210891 165003 strmm strmm CUDA2 15.095100 165043 40
CPU8 31.193964 165007 strmm strmm CUDA2 0.029692 165047 40
CPU3 31.227858 165011 strmm strmm CUDA2 3.051387 165051 40
CPU9 31.286224 165015 strmm strmm CUDA0 4.379274 165055 40
CPU19 30.839900 165019 strmm strmm CUDA0 4.296349 165059 40
CPU5 31.632282 165023 strmm strmm CUDA1 4.525771 165063 40
CPU11 29.935917 165027 strmm strmm CUDA2 14.214910 165067 40
CPU10 30.195964 165031 strmm strmm CUDA3 13.907553 165071 40
CPU10 11.930042 165035 slauum slauum CPU -1 165075 40
CPU2 24.429144 165037 ssyrk ssyrk CUDA2 1.003119 165077 40
CPU8 44.695690 165038 sgemm sgemm CUDA2 1.067266 165078 40
CPU0 44.948924 165039 sgemm sgemm CUDA2 1.197031 165079 40
CPU5 44.659625 165040 sgemm sgemm CUDA2 1.078007 165080 40
CPU3 44.695508 165041 sgemm sgemm CUDA3 1.204795 165081 40
CPU0 44.907597 165042 sgemm sgemm CUDA3 1.203392 165082 40
CPU9 44.716833 165043 sgemm sgemm CUDA3 1.082146 165083 40
CPU1 44.673655 165044 sgemm sgemm CUDA3 1.067861 165084 40
CPU5 44.489166 165045 sgemm sgemm CUDA3 1.073495 165085 40
CPU4 45.098880 165046 sgemm sgemm CUDA3 1.205028 165086 40
CPU6 44.882489 165047 sgemm sgemm CUDA3 1.199887 165087 40
CPU3 44.657223 165048 sgemm sgemm CUDA1 1.081847 165088 40
CPU14 45.108639 165049 sgemm sgemm CUDA2 1.078605 165089 40
CPU12 45.066198 165050 sgemm sgemm CUDA3 1.068908 165090 40
CPU9 44.384629 165051 sgemm sgemm CUDA2 1.207840 165091 40
CPU5 44.601862 165052 sgemm sgemm CUDA1 1.192919 165092 40
CPU4 44.750975 165053 sgemm sgemm CUDA1 11.613681 165093 40
CPU7 44.743006 165054 sgemm sgemm CUDA3 1.207749 165094 40
CPU17 44.895681 165055 sgemm sgemm CUDA0 1.075692 165095 40
CPU16 44.930468 165056 sgemm sgemm CUDA1 1.071787 165096 40
CPU18 44.911883 165057 sgemm sgemm CUDA0 1.264883 165097 40
CPU18 44.728583 165058 sgemm sgemm CUDA2 1.066193 165098 40
CPU6 44.755578 165059 sgemm sgemm CUDA3 1.197456 165099 40
CPU15 44.740445 165060 sgemm sgemm CUDA2 1.074203 165100 40
CPU7 44.942328 165061 sgemm sgemm CUDA3 1.195451 165101 40
CPU6 44.871948 165062 sgemm sgemm CUDA0 10.632122 165102 40
CPU9 44.409034 165063 sgemm sgemm CUDA0 1.064395 165103 40
CPU7 44.864697 165064 sgemm sgemm CUDA3 13.058235 165104 40
CPU12 45.944390 165065 sgemm sgemm CUDA2 1.206784 165105 40
CPU5 45.240532 165066 sgemm sgemm CUDA1 1.210901 165106 40
CPU12 44.579161 165067 sgemm sgemm CUDA2 1.198145 165107 40
CPU3 45.071490 165068 sgemm sgemm CUDA0 1.082601 165108 40
CPU16 44.622021 165069 sgemm sgemm CUDA1 1.065185 165109 40
CPU15 44.888964 165070 sgemm sgemm CUDA3 1.204352 165110 40
CPU19 45.044855 165071 sgemm sgemm CUDA0 1.066292 165111 40
CPU10 44.787609 165072 sgemm sgemm CUDA2 1.082423 165112 40
CPU1 44.849997 165073 sgemm sgemm CUDA3 1.082273 165113 40
CPU9 44.879667 165074 sgemm sgemm CUDA2 1.066485 165114 40
CPU3 44.846983 165075 sgemm sgemm CUDA2 0.048262 165115 40
CPU3 45.299904 165076 sgemm sgemm CUDA3 1.022294 165116 40
CPU8 44.919669 165077 sgemm sgemm CUDA3 1.186729 165117 40
CPU2 45.033883 165078 sgemm sgemm CUDA0 1.207038 165118 40
CPU3 24.642573 165079 ssyrk ssyrk CUDA2 0.692239 165119 40
CPU14 45.016532 165080 sgemm sgemm CUDA1 1.194135 165120 40
CPU6 44.892883 165081 sgemm sgemm CUDA2 1.066512 165121 40
CPU6 44.881361 165082 sgemm sgemm CUDA3 1.077818 165122 40
CPU16 44.873400 165083 sgemm sgemm CUDA3 1.212785 165123 40
CPU15 44.927335 165084 sgemm sgemm CUDA3 1.074263 165124 40
CPU16 44.933791 165085 sgemm sgemm CUDA3 1.196143 165125 40
CPU16 44.733629 165086 sgemm sgemm CUDA1 1.076811 165126 40
CPU0 45.429958 165087 sgemm sgemm CUDA3 1.060478 165127 40
CPU10 45.097624 165088 sgemm sgemm CUDA3 12.336725 165128 40
CPU0 44.666245 165089 sgemm sgemm CUDA1 1.079145 165129 40
CPU15 44.905798 165090 sgemm sgemm CUDA1 1.068339 165130 40
CPU18 44.850427 165091 sgemm sgemm CUDA3 1.083339 165131 40
CPU17 45.260669 165092 sgemm sgemm CUDA2 1.193786 165132 40
CPU4 44.738329 165093 sgemm sgemm CUDA1 1.080208 165133 40
CPU1 44.500665 165094 sgemm sgemm CUDA0 1.080042 165134 40
CPU1 44.467013 165095 sgemm sgemm CUDA0 1.205529 165135 40
CPU15 45.134567 165096 sgemm sgemm CUDA0 1.065435 165136 40
CPU14 44.988734 165097 sgemm sgemm CUDA1 1.065878 165137 40
CPU11 44.948066 165098 sgemm sgemm CUDA0 1.208534 165138 40
CPU18 44.713173 165099 sgemm sgemm CUDA2 1.066835 165139 40
CPU8 44.367997 165100 sgemm sgemm CUDA3 1.067464 165140 40
CPU18 44.604746 165101 sgemm sgemm CUDA2 1.206878 165141 40
CPU14 45.248602 165102 sgemm sgemm CUDA3 1.064204 165142 40
CPU7 44.770581 165103 sgemm sgemm CUDA1 1.062399 165143 40
CPU3 44.645861 165104 sgemm sgemm CUDA2 1.065234 165144 40
CPU8 44.231159 165105 sgemm sgemm CUDA1 1.202958 165145 40
CPU13 45.216809 165106 sgemm sgemm CUDA2 1.207616 165146 40
CPU9 44.931658 165107 sgemm sgemm CUDA1 1.194969 165147 40
CPU18 44.960933 165108 sgemm sgemm CUDA2 1.207812 165148 40
CPU6 45.114075 165109 sgemm sgemm CUDA0 1.208317 165149 40
CPU3 44.901591 165110 sgemm sgemm CUDA0 1.208288 165150 40
CPU18 44.874896 165111 sgemm sgemm CUDA0 1.080722 165151 40
CPU7 44.786882 165112 sgemm sgemm CUDA1 1.064933 165152 40
CPU5 44.708944 165113 sgemm sgemm CUDA2 1.065742 165153 40
CPU10 45.188110 165114 sgemm sgemm CUDA3 1.066767 165154 40
CPU12 45.234234 165115 sgemm sgemm CUDA2 1.197320 165155 40
CPU12 45.022343 165116 sgemm sgemm CUDA2 1.212640 165156 40
CPU12 44.906538 165117 sgemm sgemm CUDA3 1.154012 165157 40
CPU17 45.173187 165118 sgemm sgemm CUDA3 1.194094 165158 40
CPU17 44.912695 165119 sgemm sgemm CUDA0 1.064168 165159 40
CPU14 24.914093 165120 ssyrk ssyrk CUDA1 0.981810 165160 40
CPU14 44.935886 165121 sgemm sgemm CUDA2 1.069745 165161 40
CPU14 44.948917 165122 sgemm sgemm CUDA0 1.069016 165162 40
CPU15 44.712287 165123 sgemm sgemm CUDA1 1.206811 165163 40
CPU14 44.781763 165124 sgemm sgemm CUDA2 0.062660 165164 40
CPU14 45.017213 165125 sgemm sgemm CUDA2 1.084931 165165 40
CPU14 44.996394 165126 sgemm sgemm CUDA1 1.081201 165166 40
CPU14 44.689185 165127 sgemm sgemm CUDA0 1.197677 165167 40
CPU14 45.031231 165128 sgemm sgemm CUDA2 12.981386 165168 40
CPU9 44.564554 165129 sgemm sgemm CUDA1 1.205897 165169 40
CPU15 44.970972 165130 sgemm sgemm CUDA1 1.063278 165170 40
CPU19 44.867928 165131 sgemm sgemm CUDA1 1.190939 165171 40
CPU5 44.520897 165132 sgemm sgemm CUDA1 0.044927 165172 40
CPU0 44.990225 165133 sgemm sgemm CUDA1 1.205286 165173 40
CPU5 44.622557 165134 sgemm sgemm CUDA1 1.064269 165174 40
CPU5 44.602959 165135 sgemm sgemm CUDA2 1.067572 165175 40
CPU18 44.384127 165136 sgemm sgemm CUDA0 1.075180 165176 40
CPU15 44.845323 165137 sgemm sgemm CUDA1 1.204975 165177 40
CPU18 44.743253 165138 sgemm sgemm CUDA0 0.044011 165178 40
CPU16 44.919954 165139 sgemm sgemm CUDA2 12.413687 165179 40
CPU8 44.591558 165140 sgemm sgemm CUDA0 1.189240 165180 40
CPU11 44.604753 165141 sgemm sgemm CUDA2 1.191144 165181 40
CPU15 44.978988 165142 sgemm sgemm CUDA2 1.200027 165182 40
CPU19 45.161175 165143 sgemm sgemm CUDA0 0.072470 165183 40
CPU14 44.867526 165144 sgemm sgemm CUDA2 1.068829 165184 40
CPU11 44.783886 165145 sgemm sgemm CUDA0 0.048675 165185 40
CPU11 44.689566 165146 sgemm sgemm CUDA2 1.064047 165186 40
CPU4 45.063336 165147 sgemm sgemm CUDA1 1.384442 165187 40
CPU10 44.900017 165148 sgemm sgemm CUDA2 12.076570 165188 40
CPU18 45.229940 165149 sgemm sgemm CUDA2 1.205235 165189 40
CPU16 44.668814 165150 sgemm sgemm CUDA2 1.211560 165190 40
CPU1 44.788732 165151 sgemm sgemm CUDA0 1.066432 165191 40
CPU0 45.109941 165152 sgemm sgemm CUDA0 1.067898 165192 40
CPU1 44.990475 165153 sgemm sgemm CUDA2 1.197210 165193 40
CPU0 45.581686 165154 sgemm sgemm CUDA1 1.206018 165194 40
CPU16 44.699184 165155 sgemm sgemm CUDA2 1.064317 165195 40
CPU19 45.610601 165156 sgemm sgemm CUDA2 1.190203 165196 40
CPU11 44.689800 165157 sgemm sgemm CUDA3 1.100106 165197 40
CPU6 44.927162 165158 sgemm sgemm CUDA0 12.375756 165198 40
CPU8 45.264193 165159 sgemm sgemm CUDA0 0.043082 165199 40
CPU0 25.079922 165160 ssyrk ssyrk CUDA2 0.695057 165200 40
CPU0 44.737694 165161 sgemm sgemm CUDA0 1.208236 165201 40
CPU16 44.731113 165162 sgemm sgemm CUDA2 1.081109 165202 40
CPU15 44.744729 165163 sgemm sgemm CUDA2 1.186883 165203 40
CPU18 44.728198 165164 sgemm sgemm CUDA3 1.068468 165204 40
CPU16 44.880530 165165 sgemm sgemm CUDA3 1.068043 165205 40
CPU0 45.426932 165166 sgemm sgemm CUDA3 1.058605 165206 40
CPU4 44.866991 165167 sgemm sgemm CUDA2 0.041436 165207 40
CPU1 44.281267 165168 sgemm sgemm CUDA2 1.191696 165208 40
CPU14 45.091108 165169 sgemm sgemm CUDA2 1.081748 165209 40
CPU14 45.131763 165170 sgemm sgemm CUDA3 1.076303 165210 40
CPU11 45.197291 165171 sgemm sgemm CUDA1 1.194520 165211 40
CPU3 44.387114 165172 sgemm sgemm CUDA3 1.191946 165212 40
CPU8 44.572749 165173 sgemm sgemm CUDA2 12.742627 165213 40
CPU6 44.510443 165174 sgemm sgemm CUDA3 1.082277 165214 40
CPU14 44.873191 165175 sgemm sgemm CUDA1 1.196197 165215 40
CPU15 44.877616 165176 sgemm sgemm CUDA1 1.077365 165216 40
CPU17 45.159934 165177 sgemm sgemm CUDA0 1.067464 165217 40
CPU15 44.828405 165178 sgemm sgemm CUDA3 1.209034 165218 40
CPU9 44.448141 165179 sgemm sgemm CUDA0 1.207978 165219 40
CPU3 44.535555 165180 sgemm sgemm CUDA2 0.050851 165220 40
CPU11 44.925206 165181 sgemm sgemm CUDA0 1.081681 165221 40
CPU4 44.574293 165182 sgemm sgemm CUDA1 1.074693 165222 40
CPU3 44.492961 165183 sgemm sgemm CUDA2 1.068449 165223 40
CPU8 44.470649 165184 sgemm sgemm CUDA1 12.093234 165224 40
CPU12 45.265257 165185 sgemm sgemm CUDA3 1.199105 165225 40
CPU3 44.770583 165186 sgemm sgemm CUDA1 0.045527 165226 40
CPU15 44.533476 165187 sgemm sgemm CUDA3 1.094236 165227 40
CPU0 44.926245 165188 sgemm sgemm CUDA0 1.189329 165228 40
CPU17 44.748825 165189 sgemm sgemm CUDA2 12.274218 165229 40
CPU8 44.475311 165190 sgemm sgemm CUDA3 1.195809 165230 40
CPU5 44.486353 165191 sgemm sgemm CUDA3 0.039820 165231 40
CPU6 45.135173 165192 sgemm sgemm CUDA2 1.293039 165232 40
CPU9 44.673942 165193 sgemm sgemm CUDA1 1.296320 165233 40
CPU0 44.795362 165194 sgemm sgemm CUDA1 13.090628 165234 40
CPU4 44.712875 165195 sgemm sgemm CUDA2 1.064404 165235 40
CPU0 45.316202 165196 sgemm sgemm CUDA3 1.156521 165236 40
CPU14 45.308079 165197 sgemm sgemm CUDA3 1.083266 165237 40
CPU14 44.921352 165198 sgemm sgemm CUDA0 1.300451 165238 40
CPU5 24.798114 165199 ssyrk ssyrk CPU -1 165239 40
CPU16 44.871174 165200 sgemm sgemm CUDA2 1.083305 165240 40
CPU15 44.734819 165201 sgemm sgemm CUDA0 12.291573 165241 40
CPU17 45.032747 165202 sgemm sgemm CUDA0 1.362963 165242 40
CPU16 44.789124 165203 sgemm sgemm CUDA0 1.081497 165243 40
CPU8 44.820713 165204 sgemm sgemm CUDA0 1.196011 165244 40
CPU6 44.907362 165205 sgemm sgemm CUDA0 1.066281 165245 40
CPU2 44.474714 165206 sgemm sgemm CUDA3 1.192557 165246 40
CPU14 45.196649 165207 sgemm sgemm CUDA2 1.203799 165247 40
CPU6 44.747569 165208 sgemm sgemm CUDA3 12.293216 165248 40
CPU4 44.696992 165209 sgemm sgemm CUDA3 0.049556 165249 40
CPU5 44.478575 165210 sgemm sgemm CUDA0 1.065873 165250 40
CPU0 44.775792 165211 sgemm sgemm CUDA0 1.067917 165251 40
CPU2 44.435371 165212 sgemm sgemm CUDA3 0.044065 165252 40
CPU18 45.177880 165213 sgemm sgemm CUDA0 1.067598 165253 40
CPU4 44.901568 165214 sgemm sgemm CUDA2 1.310377 165254 40
CPU17 45.057756 165215 sgemm sgemm CUDA0 0.045175 165255 40
CPU18 44.564449 165216 sgemm sgemm CUDA3 1.198074 165256 40
CPU2 44.512346 165217 sgemm sgemm CUDA3 1.304238 165257 40
CPU14 45.255271 165218 sgemm sgemm CUDA2 1.195040 165258 40
CPU15 44.822182 165219 sgemm sgemm CUDA0 1.064540 165259 40
CPU10 45.113568 165220 sgemm sgemm CUDA0 12.509941 165260 40
CPU5 44.629435 165221 sgemm sgemm CUDA0 1.195960 165261 40
CPU4 44.517131 165222 sgemm sgemm CUDA0 0.040993 165262 40
CPU4 45.028948 165223 sgemm sgemm CUDA3 1.187121 165263 40
CPU5 44.625729 165224 sgemm sgemm CUDA3 1.186579 165264 40
CPU11 44.989484 165225 sgemm sgemm CUDA3 1.077002 165265 40
CPU15 45.007768 165226 sgemm sgemm CUDA0 1.296769 165266 40
CPU18 44.806324 165227 sgemm sgemm CUDA3 1.063675 165267 40
CPU17 45.154435 165228 sgemm sgemm CUDA3 1.195315 165268 40
CPU4 44.682192 165229 sgemm sgemm CUDA3 1.067725 165269 40
CPU16 44.745091 165230 sgemm sgemm CUDA0 1.076648 165270 40
CPU1 44.774222 165231 sgemm sgemm CUDA3 1.065087 165271 40
CPU15 45.221538 165232 sgemm sgemm CUDA2 1.080250 165272 40
CPU15 45.088026 165233 sgemm sgemm CUDA2 1.211679 165273 40
CPU1 44.770029 165234 sgemm sgemm CPU -1 165274 40
CPU12 44.822280 165235 sgemm sgemm CUDA0 1.065159 165275 40
CPU11 45.263261 165236 sgemm sgemm CUDA0 1.082335 165276 40
CPU14 24.956201 165237 ssyrk ssyrk CUDA0 0.914228 165277 40
CPU16 44.657566 165238 sgemm sgemm CUDA0 1.099284 165278 40
CPU15 44.832995 165239 sgemm sgemm CUDA2 0.443120 165279 40
CPU16 44.668145 165240 sgemm sgemm CUDA1 1.082209 165280 40
CPU14 44.692235 165241 sgemm sgemm CUDA3 1.202587 165281 40
CPU16 44.715608 165242 sgemm sgemm CUDA3 1.192389 165282 40
CPU8 44.226575 165243 sgemm sgemm CUDA1 1.075383 165283 40
CPU14 45.080527 165244 sgemm sgemm CUDA0 9.789719 165284 40
CPU2 44.425477 165245 sgemm sgemm CUDA0 0.051141 165285 40
CPU3 44.539407 165246 sgemm sgemm CUDA2 12.788000 165286 40
CPU6 44.900205 165247 sgemm sgemm CUDA3 10.682505 165287 40
CPU0 44.870917 165248 sgemm sgemm CUDA1 0.312851 165288 40
CPU4 44.679439 165249 sgemm sgemm CUDA3 1.078347 165289 40
CPU17 46.501004 165250 sgemm sgemm CUDA0 1.194493 165290 40
CPU9 44.755097 165251 sgemm sgemm CUDA1 1.092548 165291 40
CPU1 44.878585 165252 sgemm sgemm CUDA3 12.218327 165292 40
CPU16 44.972471 165253 sgemm sgemm CUDA2 0.043592 165293 40
CPU0 44.916119 165254 sgemm sgemm CUDA3 12.323075 165294 40
CPU10 44.785660 165255 sgemm sgemm CUDA0 1.210972 165295 40
CPU14 45.239645 165256 sgemm sgemm CUDA3 1.211323 165296 40
CPU19 45.065985 165257 sgemm sgemm CUDA0 1.321243 165297 40
CPU3 44.622715 165258 sgemm sgemm CUDA2 1.192802 165298 40
CPU7 44.835071 165259 sgemm sgemm CUDA3 1.317076 165299 40
CPU13 44.485785 165260 sgemm sgemm CUDA3 1.077763 165300 40
CPU4 44.975415 165261 sgemm sgemm CUDA1 7.892028 165301 40
CPU12 44.851043 165262 sgemm sgemm CUDA3 0.043614 165302 40
CPU14 44.680761 165263 sgemm sgemm CUDA0 1.073408 165303 40
CPU19 44.829597 165264 sgemm sgemm CUDA2 1.297536 165304 40
CPU3 44.419472 165265 sgemm sgemm CUDA0 1.196827 165305 40
CPU11 44.726882 165266 sgemm sgemm CUDA0 1.063845 165306 40
CPU1 44.920525 165267 sgemm sgemm CUDA2 1.202169 165307 40
CPU1 44.846111 165268 sgemm sgemm CUDA3 0.054224 165308 40
CPU6 44.779359 165269 sgemm sgemm CUDA2 1.067022 165309 40
CPU14 44.711338 165270 sgemm sgemm CUDA0 1.300001 165310 40
CPU2 45.161136 165271 sgemm sgemm CPU10 153.386025 165311 40
CPU3 44.714254 165272 sgemm sgemm CUDA1 12.055328 165312 40
CPU3 45.001174 165273 sgemm sgemm CUDA1 0.043451 165313 40
CPU15 24.504939 165274 ssyrk ssyrk CUDA0 11.490242 165314 40
CPU8 44.720363 165275 sgemm sgemm CUDA2 11.390764 165315 40
CPU17 44.794486 165276 sgemm sgemm CUDA0 1.190651 165316 40
CPU5 45.015162 165277 sgemm sgemm CUDA0 1.075364 165317 40
CPU8 45.865556 165278 sgemm sgemm CUDA2 1.301638 165318 40
CPU3 44.462618 165279 sgemm sgemm CUDA0 0.045925 165319 40
CPU14 45.055140 165280 sgemm sgemm CUDA0 0.047567 165320 40
CPU14 45.021466 165281 sgemm sgemm CUDA0 0.243722 165321 40
CPU7 44.738508 165282 sgemm sgemm CUDA3 1.301135 165322 40
CPU17 44.780883 165283 sgemm sgemm CUDA2 1.078769 165323 40
CPU5 44.306878 165284 sgemm sgemm CUDA2 1.217932 165324 40
CPU3 44.425265 165285 sgemm sgemm CUDA2 0.052086 165325 40
CPU18 44.683395 165286 sgemm sgemm CUDA0 12.971956 165326 40
CPU14 45.053265 165287 sgemm sgemm CUDA0 1.331358 165327 40
CPU18 44.717246 165288 sgemm sgemm CUDA0 1.215522 165328 40
CPU16 44.831816 165289 sgemm sgemm CUDA2 1.323202 165329 40
CPU8 44.638046 165290 sgemm sgemm CUDA3 1.321957 165330 40
CPU12 44.871113 165291 sgemm sgemm CUDA0 1.197289 165331 40
CPU16 44.912508 165292 sgemm sgemm CUDA0 0.042478 165332 40
CPU19 45.005399 165293 sgemm sgemm CUDA2 1.070579 165333 40
CPU5 44.422723 165294 sgemm sgemm CUDA2 12.293583 165334 40
CPU6 44.549828 165295 sgemm sgemm CUDA3 1.062915 165335 40
CPU8 44.848093 165296 sgemm sgemm CUDA3 1.076207 165336 40
CPU1 45.181227 165297 sgemm sgemm CUDA3 1.413432 165337 40
CPU19 44.869071 165298 sgemm sgemm CUDA3 1.311097 165338 40
CPU10 44.856525 165299 sgemm sgemm CUDA2 12.917958 165339 40
CPU2 44.877548 165300 sgemm sgemm CUDA2 1.204990 165340 40
CPU11 44.887840 165301 sgemm sgemm CUDA3 1.067886 165341 40
CPU17 44.914886 165302 sgemm sgemm CUDA0 1.081012 165342 40
CPU18 44.864735 165303 sgemm sgemm CUDA2 1.082379 165343 40
CPU15 44.695610 165304 sgemm sgemm CUDA3 1.188998 165344 40
CPU17 44.815353 165305 sgemm sgemm CUDA0 1.083638 165345 40
CPU3 45.020007 165306 sgemm sgemm CUDA2 1.207612 165346 40
CPU7 45.037025 165307 sgemm sgemm CUDA1 1.067719 165347 40
CPU18 45.044418 165308 sgemm sgemm CUDA0 1.073787 165348 40
CPU14 44.867829 165309 sgemm sgemm CUDA0 1.078464 165349 40
CPU18 24.653063 165310 ssyrk ssyrk CUDA2 0.068397 165350 40
CPU16 44.757326 165311 sgemm sgemm CUDA1 1.196723 165351 40
CPU0 45.392671 165312 sgemm sgemm CUDA3 1.082964 165352 40
CPU3 44.765567 165313 sgemm sgemm CUDA2 1.072241 165353 40
CPU4 44.448135 165314 sgemm sgemm CUDA0 1.071154 165354 40
CPU14 45.028615 165315 sgemm sgemm CUDA2 1.374710 165355 40
CPU14 45.140129 165316 sgemm sgemm CUDA1 1.108045 165356 40
CPU0 44.750138 165317 sgemm sgemm CUDA3 1.202966 165357 40
CPU10 44.953965 165318 sgemm sgemm CUDA0 1.079622 165358 40
CPU6 44.808129 165319 sgemm sgemm CUDA2 1.087939 165359 40
CPU7 44.803444 165320 sgemm sgemm CUDA2 1.272811 165360 40
CPU19 44.814346 165321 sgemm sgemm CUDA1 1.203168 165361 40
CPU11 44.867559 165322 sgemm sgemm CUDA0 1.209077 165362 40
CPU12 45.359937 165323 sgemm sgemm CUDA3 0.053963 165363 40
CPU16 44.889081 165324 sgemm sgemm CUDA2 1.208519 165364 40
CPU2 44.500560 165325 sgemm sgemm CUDA0 1.204029 165365 40
CPU10 45.054587 165326 sgemm sgemm CUDA0 0.099932 165366 40
CPU2 44.497299 165327 sgemm sgemm CUDA0 1.064016 165367 40
CPU2 44.526645 165328 sgemm sgemm CUDA2 1.194336 165368 40
CPU12 45.148072 165329 sgemm sgemm CUDA1 1.209314 165369 40
CPU4 44.648824 165330 sgemm sgemm CUDA0 1.191886 165370 40
CPU3 44.777720 165331 sgemm sgemm CUDA3 1.068212 165371 40
CPU1 45.104030 165332 sgemm sgemm CUDA3 1.220339 165372 40
CPU2 44.896881 165333 sgemm sgemm CUDA2 1.064793 165373 40
CPU11 45.211870 165334 sgemm sgemm CUDA2 0.047431 165374 40
CPU3 44.986602 165335 sgemm sgemm CUDA0 1.064302 165375 40
CPU6 44.915605 165336 sgemm sgemm CUDA0 1.066966 165376 40
CPU6 44.694247 165337 sgemm sgemm CUDA1 1.343440 165377 40
CPU1 44.990637 165338 sgemm sgemm CUDA2 1.061903 165378 40
CPU14 45.142759 165339 sgemm sgemm CUDA3 1.081873 165379 40
CPU5 44.592202 165340 sgemm sgemm CUDA1 1.294403 165380 40
CPU8 44.901147 165341 sgemm sgemm CUDA2 1.195075 165381 40
CPU5 44.911061 165342 sgemm sgemm CUDA1 0.058357 165382 40
CPU2 44.678533 165343 sgemm sgemm CUDA3 1.208777 165383 40
CPU9 45.051616 165344 sgemm sgemm CUDA1 1.303276 165384 40
CPU15 24.666379 165345 ssyrk ssyrk CUDA3 0.674962 165385 40
CPU16 44.605371 165346 sgemm sgemm CUDA0 1.193668 165386 40
CPU17 44.983683 165347 sgemm sgemm CUDA3 1.086398 165387 40
CPU4 44.716615 165348 sgemm sgemm CUDA1 1.073995 165388 40
CPU15 45.114352 165349 sgemm sgemm CUDA1 12.907839 165389 40
CPU14 45.133642 165350 sgemm sgemm CUDA1 0.048725 165390 40
CPU8 44.467136 165351 sgemm sgemm CUDA0 1.201925 165391 40
CPU10 45.058681 165352 sgemm sgemm CUDA0 1.080043 165392 40
CPU7 44.561052 165353 sgemm sgemm CUDA1 1.205427 165393 40
CPU3 44.661258 165354 sgemm sgemm CUDA3 1.072889 165394 40
CPU17 44.860815 165355 sgemm sgemm CUDA3 1.069240 165395 40
CPU15 44.429238 165356 sgemm sgemm CUDA1 1.063840 165396 40
CPU9 44.616203 165357 sgemm sgemm CUDA1 1.208979 165397 40
CPU18 44.277563 165358 sgemm sgemm CUDA2 1.207442 165398 40
CPU6 44.585892 165359 sgemm sgemm CUDA0 1.076385 165399 40
CPU11 44.777699 165360 sgemm sgemm CUDA3 1.211962 165400 40
CPU15 44.864282 165361 sgemm sgemm CUDA3 0.040207 165401 40
CPU19 44.996959 165362 sgemm sgemm CUDA1 1.199396 165402 40
CPU5 44.514910 165363 sgemm sgemm CUDA1 1.066394 165403 40
CPU0 44.800157 165364 sgemm sgemm CUDA3 12.850434 165404 40
CPU12 45.340663 165365 sgemm sgemm CUDA1 1.212136 165405 40
CPU2 45.019777 165366 sgemm sgemm CUDA1 1.077521 165406 40
CPU11 44.632506 165367 sgemm sgemm CUDA3 1.009639 165407 40
CPU13 45.082658 165368 sgemm sgemm CUDA0 1.208907 165408 40
CPU10 44.985636 165369 sgemm sgemm CUDA1 1.081189 165409 40
CPU13 45.269484 165370 sgemm sgemm CUDA3 1.080901 165410 40
CPU19 45.028800 165371 sgemm sgemm CUDA3 0.048800 165411 40
CPU16 44.760104 165372 sgemm sgemm CUDA3 1.293606 165412 40
CPU10 44.941967 165373 sgemm sgemm CUDA3 1.190902 165413 40
CPU18 44.740458 165374 sgemm sgemm CUDA1 1.191353 165414 40
CPU16 44.978923 165375 sgemm sgemm CUDA3 1.079808 165415 40
CPU16 44.623393 165376 sgemm sgemm CUDA1 1.194505 165416 40
CPU16 45.088623 165377 sgemm sgemm CUDA3 1.081166 165417 40
CPU16 44.615527 165378 sgemm sgemm CUDA3 1.196876 165418 40
CPU0 25.344806 165379 ssyrk ssyrk CPU -1 165419 40
CPU11 44.749123 165380 sgemm sgemm CUDA2 1.204336 165420 40
CPU6 44.555740 165381 sgemm sgemm CUDA3 1.070762 165421 40
CPU15 44.989183 165382 sgemm sgemm CUDA0 0.040360 165422 40
CPU3 44.888208 165383 sgemm sgemm CUDA0 1.078881 165423 40
CPU9 44.505314 165384 sgemm sgemm CUDA2 0.038604 165424 40
CPU8 44.431276 165385 sgemm sgemm CUDA0 1.201154 165425 40
CPU4 44.677664 165386 sgemm sgemm CUDA2 1.208697 165426 40
CPU0 44.820812 165387 sgemm sgemm CUDA3 1.080528 165427 40
CPU16 44.638968 165388 sgemm sgemm CUDA1 1.204566 165428 40
CPU14 45.119853 165389 sgemm sgemm CUDA2 1.066918 165429 40
CPU0 45.057425 165390 sgemm sgemm CUDA1 1.187343 165430 40
CPU14 44.984772 165391 sgemm sgemm CUDA2 1.211598 165431 40
CPU0 44.885640 165392 sgemm sgemm CUDA2 12.143744 165432 40
CPU12 45.222661 165393 sgemm sgemm CUDA0 1.194465 165433 40
CPU15 44.956238 165394 sgemm sgemm CUDA3 1.064570 165434 40
CPU19 45.085457 165395 sgemm sgemm CUDA1 1.207426 165435 40
CPU1 44.403165 165396 sgemm sgemm CUDA1 1.073516 165436 40
CPU9 44.604667 165397 sgemm sgemm CUDA0 11.103943 165437 40
CPU3 44.744378 165398 sgemm sgemm CUDA1 1.068656 165438 40
CPU0 45.055141 165399 sgemm sgemm CUDA3 1.065663 165439 40
CPU14 44.615153 165400 sgemm sgemm CUDA2 1.080536 165440 40
CPU7 45.205700 165401 sgemm sgemm CUDA1 1.064919 165441 40
CPU18 44.731844 165402 sgemm sgemm CUDA1 1.061880 165442 40
CPU1 44.692628 165403 sgemm sgemm CUDA0 1.206395 165443 40
CPU2 44.626510 165404 sgemm sgemm CUDA2 1.199419 165444 40
CPU17 44.630101 165405 sgemm sgemm CUDA1 1.206301 165445 40
CPU7 44.579452 165406 sgemm sgemm CUDA1 12.280088 165446 40
CPU16 44.821453 165407 sgemm sgemm CUDA0 1.204316 165447 40
CPU2 45.191543 165408 sgemm sgemm CUDA1 0.046200 165448 40
CPU7 45.219914 165409 sgemm sgemm CUDA0 1.077292 165449 40
CPU4 44.992539 165410 sgemm sgemm CUDA1 1.186711 165450 40
CPU4 45.180900 165411 sgemm sgemm CUDA0 1.213630 165451 40
CPU4 25.147007 165412 ssyrk ssyrk CPU -1 165452 40
CPU2 44.762813 165413 sgemm sgemm CUDA3 13.044746 165453 40
CPU14 45.083209 165414 sgemm sgemm CUDA1 1.193521 165454 40
CPU14 45.077197 165415 sgemm sgemm CUDA1 1.192038 165455 40
CPU1 44.618843 165416 sgemm sgemm CUDA2 1.325252 165456 40
CPU5 44.396495 165417 sgemm sgemm CUDA1 12.084385 165457 40
CPU12 45.451498 165418 sgemm sgemm CUDA1 1.417488 165458 40
CPU1 44.471111 165419 sgemm sgemm CUDA1 1.065509 165459 40
CPU15 44.591684 165420 sgemm sgemm CUDA0 1.064513 165460 40
CPU11 44.768622 165421 sgemm sgemm CUDA1 1.206598 165461 40
CPU10 44.999714 165422 sgemm sgemm CUDA1 1.064576 165462 40
CPU15 44.748358 165423 sgemm sgemm CUDA2 4.605510 165463 40
CPU9 44.451042 165424 sgemm sgemm CUDA0 1.071282 165464 40
CPU1 44.888188 165425 sgemm sgemm CUDA0 1.081161 165465 40
CPU18 44.900651 165426 sgemm sgemm CUDA2 1.210342 165466 40
CPU11 44.910823 165427 sgemm sgemm CUDA0 1.196037 165467 40
CPU9 44.784012 165428 sgemm sgemm CUDA2 0.040248 165468 40
CPU7 44.916765 165429 sgemm sgemm CUDA1 1.205416 165469 40
CPU10 44.990020 165430 sgemm sgemm CUDA1 1.063499 165470 40
CPU3 45.228050 165431 sgemm sgemm CUDA1 1.206982 165471 40
CPU0 45.494204 165432 sgemm sgemm CUDA2 1.023434 165472 40
CPU3 45.128815 165433 sgemm sgemm CUDA3 1.067516 165473 40
CPU6 45.332326 165434 sgemm sgemm CUDA2 1.077837 165474 40
CPU5 44.904927 165435 sgemm sgemm CUDA3 1.069060 165475 40
CPU7 45.023156 165436 sgemm sgemm CUDA1 1.211187 165476 40
CPU0 45.624831 165437 sgemm sgemm CUDA2 1.207557 165477 40
CPU6 45.507801 165438 sgemm sgemm CUDA1 1.067657 165478 40
CPU17 45.113482 165439 sgemm sgemm CUDA0 1.065896 165479 40
CPU18 44.600282 165440 sgemm sgemm CUDA2 1.194343 165480 40
CPU18 44.367890 165441 sgemm sgemm CUDA0 1.208188 165481 40
CPU8 44.871997 165442 sgemm sgemm CUDA3 12.173441 165482 40
CPU1 45.320530 165443 sgemm sgemm CUDA3 0.045471 165483 40
CPU6 24.703505 165444 ssyrk ssyrk CUDA1 0.538476 165484 40
CPU0 44.791866 165445 sgemm sgemm CUDA1 1.332524 165485 40
CPU2 44.947407 165446 sgemm sgemm CUDA1 1.197298 165486 40
CPU11 44.981088 165447 sgemm sgemm CUDA2 1.201307 165487 40
CPU2 44.326629 165448 sgemm sgemm CUDA0 1.076705 165488 40
CPU7 44.814331 165449 sgemm sgemm CUDA1 1.331864 165489 40
CPU7 44.801573 165450 sgemm sgemm CUDA2 10.593708 165490 40
CPU17 44.971437 165451 sgemm sgemm CUDA0 0.041987 165491 40
CPU10 44.831658 165452 sgemm sgemm CUDA1 1.337547 165492 40
CPU6 44.596015 165453 sgemm sgemm CUDA0 1.080517 165493 40
CPU14 45.151122 165454 sgemm sgemm CUDA2 0.040683 165494 40
CPU3 44.608761 165455 sgemm sgemm CUDA0 1.066442 165495 40
CPU11 44.864550 165456 sgemm sgemm CUDA0 1.193961 165496 40
CPU12 44.987398 165457 sgemm sgemm CUDA2 1.065216 165497 40
CPU11 44.861623 165458 sgemm sgemm CUDA1 1.217601 165498 40
CPU4 44.680142 165459 sgemm sgemm CUDA1 12.622754 165499 40
CPU1 44.531844 165460 sgemm sgemm CUDA0 1.078460 165500 40
CPU13 45.202063 165461 sgemm sgemm CUDA2 1.207780 165501 40
CPU7 44.512640 165462 sgemm sgemm CUDA1 0.075897 165502 40
CPU18 44.760713 165463 sgemm sgemm CUDA2 1.197323 165503 40
CPU16 45.010987 165464 sgemm sgemm CUDA2 1.346029 165504 40
CPU2 45.016060 165465 sgemm sgemm CUDA1 1.084042 165505 40
CPU0 44.735015 165466 sgemm sgemm CUDA1 1.067079 165506 40
CPU7 44.771975 165467 sgemm sgemm CUDA0 12.554890 165507 40
CPU9 44.942776 165468 sgemm sgemm CUDA0 1.193126 165508 40
CPU0 45.312190 165469 sgemm sgemm CUDA3 1.203512 165509 40
CPU2 44.608623 165470 sgemm sgemm CUDA1 1.065489 165510 40
CPU12 45.047805 165471 sgemm sgemm CUDA3 1.203238 165511 40
CPU5 44.959102 165472 sgemm sgemm CUDA0 1.210951 165512 40
CPU5 44.751849 165473 sgemm sgemm CUDA1 1.064912 165513 40
CPU5 45.095660 165474 sgemm sgemm CUDA0 1.083827 165514 40
CPU14 25.173668 165475 ssyrk ssyrk CUDA0 0.990136 165515 40
CPU14 45.223782 165476 sgemm sgemm CUDA0 8.361894 165516 40
CPU14 45.206130 165477 sgemm sgemm CUDA0 1.068137 165517 40
CPU3 44.335995 165478 sgemm sgemm CUDA0 11.042372 165518 40
CPU15 45.014168 165479 sgemm sgemm CUDA1 1.123869 165519 40
CPU15 45.040394 165480 sgemm sgemm CUDA2 0.073258 165520 40
CPU16 44.894222 165481 sgemm sgemm CUDA1 1.067106 165521 40
CPU8 44.752298 165482 sgemm sgemm CUDA1 1.291298 165522 40
CPU17 45.146955 165483 sgemm sgemm CUDA0 1.068876 165523 40
CPU15 44.760810 165484 sgemm sgemm CUDA1 1.195514 165524 40
CPU0 44.929721 165485 sgemm sgemm CUDA2 1.201172 165525 40
CPU5 44.532443 165486 sgemm sgemm CUDA0 1.068645 165526 40
CPU14 45.084582 165487 sgemm sgemm CUDA2 1.195579 165527 40
CPU19 44.944809 165488 sgemm sgemm CUDA1 5.436866 165528 40
CPU9 44.590077 165489 sgemm sgemm CUDA1 0.049272 165529 40
CPU12 45.117130 165490 sgemm sgemm CUDA0 1.081328 165530 40
CPU12 45.304141 165491 sgemm sgemm CUDA2 1.064962 165531 40
CPU18 44.712417 165492 sgemm sgemm CUDA1 1.316199 165532 40
CPU17 44.849716 165493 sgemm sgemm CUDA2 1.023227 165533 40
CPU1 45.171164 165494 sgemm sgemm CUDA2 1.209211 165534 40
CPU14 44.614791 165495 sgemm sgemm CUDA2 1.196511 165535 40
CPU16 45.062192 165496 sgemm sgemm CUDA1 1.193815 165536 40
CPU6 44.773898 165497 sgemm sgemm CUDA0 0.044591 165537 40
CPU19 44.732251 165498 sgemm sgemm CUDA0 1.199955 165538 40
CPU9 44.832780 165499 sgemm sgemm CUDA2 1.069293 165539 40
CPU4 44.097749 165500 sgemm sgemm CUDA1 1.068481 165540 40
CPU5 44.629004 165501 sgemm sgemm CUDA1 1.296212 165541 40
CPU0 44.774427 165502 sgemm sgemm CUDA1 1.193985 165542 40
CPU6 44.745654 165503 sgemm sgemm CUDA2 1.068658 165543 40
CPU12 45.203352 165504 sgemm sgemm CUDA1 1.194481 165544 40
CPU0 24.942373 165505 ssyrk ssyrk CUDA0 0.507415 165545 40
CPU14 45.116846 165506 sgemm sgemm CUDA3 1.067266 165546 40
CPU11 44.634817 165507 sgemm sgemm CUDA0 1.318771 165547 40
CPU2 44.288134 165508 sgemm sgemm CUDA2 1.075771 165548 40
CPU3 44.424337 165509 sgemm sgemm CUDA3 1.066651 165549 40
CPU15 44.625639 165510 sgemm sgemm CUDA1 1.067505 165550 40
CPU16 44.673064 165511 sgemm sgemm CUDA1 1.132575 165551 40
CPU11 45.674188 165512 sgemm sgemm CUDA3 1.212827 165552 40
CPU15 44.628414 165513 sgemm sgemm CUDA1 1.204610 165553 40
CPU1 44.800773 165514 sgemm sgemm CUDA0 12.115980 165554 40
CPU2 44.637048 165515 sgemm sgemm CUDA0 1.063466 165555 40
CPU10 45.184877 165516 sgemm sgemm CUDA0 1.205351 165556 40
CPU0 45.250565 165517 sgemm sgemm CUDA0 1.319879 165557 40
CPU3 44.828412 165518 sgemm sgemm CUDA1 1.202419 165558 40
CPU6 44.787560 165519 sgemm sgemm CUDA3 1.208431 165559 40
CPU11 44.748159 165520 sgemm sgemm CUDA3 1.194186 165560 40
CPU1 45.313845 165521 sgemm sgemm CUDA1 1.053616 165561 40
CPU11 44.687602 165522 sgemm sgemm CUDA2 1.026180 165562 40
CPU4 44.947200 165523 sgemm sgemm CUDA2 1.208980 165563 40
CPU10 44.781722 165524 sgemm sgemm CUDA1 1.079573 165564 40
CPU6 44.796481 165525 sgemm sgemm CUDA1 1.205029 165565 40
CPU12 45.110298 165526 sgemm sgemm CUDA0 1.351389 165566 40
CPU17 44.814279 165527 sgemm sgemm CUDA0 13.517909 165567 40
CPU1 45.146887 165528 sgemm sgemm CUDA1 10.626220 165568 40
CPU15 44.749268 165529 sgemm sgemm CUDA0 1.066718 165569 40
CPU10 44.932993 165530 sgemm sgemm CUDA1 1.200034 165570 40
CPU13 44.655227 165531 sgemm sgemm CUDA1 1.207747 165571 40
CPU11 44.769141 165532 sgemm sgemm CUDA1 1.206934 165572 40
CPU12 44.803162 165533 sgemm sgemm CUDA2 1.195943 165573 40
CPU0 24.917936 165534 ssyrk ssyrk CPU -1 165574 40
CPU8 44.446747 165535 sgemm sgemm CUDA3 1.300164 165575 40
CPU6 44.673540 165536 sgemm sgemm CUDA0 1.192658 165576 40
CPU2 44.438444 165537 sgemm sgemm CUDA3 1.197440 165577 40
CPU18 44.434233 165538 sgemm sgemm CUDA3 1.073314 165578 40
CPU15 44.916868 165539 sgemm sgemm CUDA2 1.211740 165579 40
CPU17 45.227737 165540 sgemm sgemm CUDA3 1.205513 165580 40
CPU16 44.889321 165541 sgemm sgemm CUDA3 0.039726 165581 40
CPU3 44.404578 165542 sgemm sgemm CUDA3 1.062925 165582 40
CPU4 44.803798 165543 sgemm sgemm CUDA2 1.207480 165583 40
CPU14 44.995997 165544 sgemm sgemm CUDA2 1.065330 165584 40
CPU19 45.051884 165545 sgemm sgemm CUDA0 7.024294 165585 40
CPU17 45.133607 165546 sgemm sgemm CUDA0 12.359840 165586 40
CPU12 45.178328 165547 sgemm sgemm CUDA1 1.207731 165587 40
CPU12 45.261066 165548 sgemm sgemm CUDA0 0.044185 165588 40
CPU2 44.411792 165549 sgemm sgemm CUDA3 1.194963 165589 40
CPU7 45.109119 165550 sgemm sgemm CUDA0 9.742811 165590 40
CPU8 44.753621 165551 sgemm sgemm CUDA0 1.275922 165591 40
CPU11 44.767511 165552 sgemm sgemm CUDA2 1.355447 165592 40
CPU9 44.546200 165553 sgemm sgemm CUDA0 1.210867 165593 40
CPU6 44.447737 165554 sgemm sgemm CUDA2 1.069035 165594 40
CPU15 44.641639 165555 sgemm sgemm CUDA1 1.308387 165595 40
CPU1 44.779578 165556 sgemm sgemm CUDA3 1.206936 165596 40
CPU16 45.003340 165557 sgemm sgemm CUDA0 1.205016 165597 40
CPU8 44.766378 165558 sgemm sgemm CUDA1 1.194161 165598 40
CPU7 45.002680 165559 sgemm sgemm CUDA0 13.270952 165599 40
CPU17 45.077951 165560 sgemm sgemm CUDA0 1.299519 165600 40
CPU19 45.178701 165561 sgemm sgemm CUDA0 1.068100 165601 40
CPU9 24.434060 165562 ssyrk ssyrk CUDA3 0.688245 165602 40
CPU2 44.454674 165563 sgemm sgemm CUDA2 1.076415 165603 40
CPU1 44.498137 165564 sgemm sgemm CUDA0 1.080464 165604 40
CPU12 44.741809 165565 sgemm sgemm CUDA3 11.937418 165605 40
CPU11 45.263528 165566 sgemm sgemm CUDA0 1.207104 165606 40
CPU1 44.518653 165567 sgemm sgemm CUDA2 1.079047 165607 40
CPU15 44.864653 165568 sgemm sgemm CUDA1 1.066948 165608 40
CPU9 44.405434 165569 sgemm sgemm CUDA2 1.079334 165609 40
CPU8 44.354323 165570 sgemm sgemm CUDA3 1.067287 165610 40
CPU16 45.062070 165571 sgemm sgemm CUDA2 1.069682 165611 40
CPU19 45.018318 165572 sgemm sgemm CUDA1 0.046319 165612 40
CPU7 44.667147 165573 sgemm sgemm CUDA3 12.093520 165613 40
CPU4 44.508945 165574 sgemm sgemm CUDA3 1.067310 165614 40
CPU19 45.347579 165575 sgemm sgemm CUDA3 0.045740 165615 40
CPU9 44.970329 165576 sgemm sgemm CUDA1 1.063162 165616 40
CPU12 44.934888 165577 sgemm sgemm CUDA0 1.291081 165617 40
CPU9 44.581857 165578 sgemm sgemm CUDA3 12.351522 165618 40
CPU14 44.940633 165579 sgemm sgemm CUDA1 1.205260 165619 40
CPU15 44.882622 165580 sgemm sgemm CUDA1 1.195275 165620 40
CPU5 44.439403 165581 sgemm sgemm CUDA3 1.079521 165621 40
CPU7 44.689429 165582 sgemm sgemm CUDA0 0.044810 165622 40
CPU1 44.810692 165583 sgemm sgemm CUDA2 17.037004 165623 40
CPU15 44.841458 165584 sgemm sgemm CUDA0 1.189115 165624 40
CPU9 44.542191 165585 sgemm sgemm CUDA1 1.080453 165625 40
CPU4 45.134816 165586 sgemm sgemm CUDA0 0.061937 165626 40
CPU11 44.794175 165587 sgemm sgemm CUDA1 1.072463 165627 40
CPU19 45.024340 165588 sgemm sgemm CUDA0 1.205062 165628 40
CPU17 24.942181 165589 ssyrk ssyrk CUDA2 0.698799 165629 40
CPU5 44.388985 165590 sgemm sgemm CUDA2 11.911045 165630 40
CPU16 44.680441 165591 sgemm sgemm CUDA1 1.065166 165631 40
CPU12 45.203920 165592 sgemm sgemm CUDA1 1.235106 165632 40
CPU8 44.346872 165593 sgemm sgemm CUDA2 4.838204 165633 40
CPU17 44.611917 165594 sgemm sgemm CUDA2 1.206190 165634 40
CPU1 44.486707 165595 sgemm sgemm CUDA2 1.064065 165635 40
CPU17 45.024097 165596 sgemm sgemm CUDA2 1.075632 165636 40
CPU14 45.154495 165597 sgemm sgemm CUDA1 1.220074 165637 40
CPU12 45.161632 165598 sgemm sgemm CUDA1 1.275585 165638 40
CPU4 44.717372 165599 sgemm sgemm CUDA0 1.204866 165639 40
CPU7 44.699177 165600 sgemm sgemm CUDA0 1.194553 165640 40
CPU13 45.129233 165601 sgemm sgemm CUDA2 1.201949 165641 40
CPU7 44.865216 165602 sgemm sgemm CUDA1 9.463511 165642 40
CPU17 44.935266 165603 sgemm sgemm CUDA0 1.204706 165643 40
CPU13 44.928466 165604 sgemm sgemm CUDA2 1.077778 165644 40
CPU15 44.805605 165605 sgemm sgemm CUDA2 1.080819 165645 40
CPU18 44.757385 165606 sgemm sgemm CUDA0 1.372790 165646 40
CPU17 44.899339 165607 sgemm sgemm CUDA2 1.082100 165647 40
CPU14 44.676860 165608 sgemm sgemm CUDA0 1.315145 165648 40
CPU7 44.418817 165609 sgemm sgemm CUDA1 0.039941 165649 40
CPU7 44.823163 165610 sgemm sgemm CUDA2 4.472601 165650 40
CPU19 44.962840 165611 sgemm sgemm CUDA1 1.208411 165651 40
CPU18 45.099299 165612 sgemm sgemm CPU11 153.210806 165652 40
CPU19 45.013601 165613 sgemm sgemm CUDA3 1.205214 165653 40
CPU19 44.890888 165614 sgemm sgemm CUDA1 1.080766 165654 40
CPU1 24.530185 165615 ssyrk ssyrk CUDA3 0.679789 165655 40
CPU17 44.725274 165616 sgemm sgemm CUDA3 1.317578 165656 40
CPU14 45.047531 165617 sgemm sgemm CUDA3 1.209669 165657 40
CPU17 45.180852 165618 sgemm sgemm CUDA3 1.077750 165658 40
CPU18 44.106015 165619 sgemm sgemm CUDA3 1.065497 165659 40
CPU1 44.310149 165620 sgemm sgemm CUDA3 1.066082 165660 40
CPU19 45.147161 165621 sgemm sgemm CUDA2 1.207211 165661 40
CPU15 44.799834 165622 sgemm sgemm CUDA1 1.067479 165662 40
CPU19 44.935591 165623 sgemm sgemm CUDA2 1.192943 165663 40
CPU5 44.395076 165624 sgemm sgemm CUDA3 1.304518 165664 40
CPU8 44.583265 165625 sgemm sgemm CUDA3 1.077965 165665 40
CPU12 45.038082 165626 sgemm sgemm CUDA1 1.202497 165666 40
CPU8 44.775837 165627 sgemm sgemm CUDA1 0.059233 165667 40
CPU10 44.956890 165628 sgemm sgemm CUDA2 1.063341 165668 40
CPU9 44.685451 165629 sgemm sgemm CUDA2 1.194470 165669 40
CPU8 44.903347 165630 sgemm sgemm CUDA1 1.065312 165670 40
CPU5 44.637635 165631 sgemm sgemm CUDA0 1.078215 165671 40
CPU16 44.857522 165632 sgemm sgemm CUDA2 12.290238 165672 40
CPU19 45.007965 165633 sgemm sgemm CUDA3 1.068237 165673 40
CPU0 45.298242 165634 sgemm sgemm CUDA2 0.055780 165674 40
CPU9 44.768791 165635 sgemm sgemm CUDA0 1.074245 165675 40
CPU0 45.158526 165636 sgemm sgemm CUDA1 1.207046 165676 40
CPU9 44.827138 165637 sgemm sgemm CUDA0 1.326124 165677 40
CPU1 44.706785 165638 sgemm sgemm CUDA1 1.209566 165678 40
CPU7 45.133379 165639 sgemm sgemm CUDA2 1.065239 165679 40
CPU17 24.717725 165640 ssyrk ssyrk CUDA0 0.919448 165680 40
CPU19 44.916252 165641 sgemm sgemm CUDA0 1.080578 165681 40
CPU15 44.844900 165642 sgemm sgemm CUDA1 1.210240 165682 40
CPU15 44.790207 165643 sgemm sgemm CUDA1 0.039495 165683 40
CPU4 44.655538 165644 sgemm sgemm CUDA0 0.053337 165684 40
CPU3 44.580843 165645 sgemm sgemm CUDA0 1.204168 165685 40
CPU16 44.060572 165646 sgemm sgemm CUDA0 1.063580 165686 40
CPU19 45.518151 165647 sgemm sgemm CUDA1 1.065419 165687 40
CPU8 44.342973 165648 sgemm sgemm CUDA3 1.065640 165688 40
CPU6 44.590971 165649 sgemm sgemm CUDA0 1.189697 165689 40
CPU10 45.202231 165650 sgemm sgemm CUDA1 1.067505 165690 40
CPU6 44.587354 165651 sgemm sgemm CUDA3 1.210469 165691 40
CPU18 44.394086 165652 sgemm sgemm CUDA0 1.129875 165692 40
CPU17 44.325780 165653 sgemm sgemm CUDA3 1.064894 165693 40
CPU8 44.940956 165654 sgemm sgemm CUDA1 1.205069 165694 40
CPU4 44.846474 165655 sgemm sgemm CUDA0 1.210067 165695 40
CPU9 44.810503 165656 sgemm sgemm CUDA0 1.080396 165696 40
CPU16 44.657453 165657 sgemm sgemm CUDA3 1.209040 165697 40
CPU17 44.917457 165658 sgemm sgemm CUDA3 1.070911 165698 40
CPU3 44.787282 165659 sgemm sgemm CUDA0 12.316838 165699 40
CPU0 45.282567 165660 sgemm sgemm CUDA3 0.042553 165700 40
CPU10 44.693599 165661 sgemm sgemm CPU -1 165701 40
CPU17 45.008875 165662 sgemm sgemm CUDA3 1.193875 165702 40
CPU16 44.458329 165663 sgemm sgemm CUDA3 1.318187 165703 40
CPU15 24.911065 165664 ssyrk ssyrk CUDA1 0.717772 165704 40
CPU14 45.098319 165665 sgemm sgemm CUDA0 1.064225 165705 40
CPU15 44.650918 165666 sgemm sgemm CUDA3 1.084119 165706 40
CPU3 44.402022 165667 sgemm sgemm CUDA0 1.314172 165707 40
CPU12 45.442212 165668 sgemm sgemm CUDA2 1.200101 165708 40
CPU11 44.918501 165669 sgemm sgemm CUDA0 1.195142 165709 40
CPU1 44.719918 165670 sgemm sgemm CUDA0 1.190393 165710 40
CPU10 45.178235 165671 sgemm sgemm CUDA3 1.211845 165711 40
CPU18 45.091555 165672 sgemm sgemm CUDA0 1.197283 165712 40
CPU12 44.922374 165673 sgemm sgemm CUDA2 13.187230 165713 40
CPU1 45.064281 165674 sgemm sgemm CUDA3 1.070628 165714 40
CPU8 44.965354 165675 sgemm sgemm CUDA3 1.014684 165715 40
CPU0 45.295126 165676 sgemm sgemm CUDA2 1.063047 165716 40
CPU15 44.698634 165677 sgemm sgemm CUDA2 1.207388 165717 40
CPU7 44.796568 165678 sgemm sgemm CUDA1 0.041411 165718 40
CPU10 45.135608 165679 sgemm sgemm CUDA3 1.074776 165719 40
CPU11 44.694642 165680 sgemm sgemm CUDA0 1.064840 165720 40
CPU12 44.992467 165681 sgemm sgemm CUDA3 1.068799 165721 40
CPU16 44.850218 165682 sgemm sgemm CUDA2 0.039738 165722 40
CPU10 44.946544 165683 sgemm sgemm CUDA3 1.368203 165723 40
CPU8 45.278484 165684 sgemm sgemm CUDA0 1.004630 165724 40
CPU1 44.997654 165685 sgemm sgemm CUDA3 1.208984 165725 40
CPU14 44.630355 165686 sgemm sgemm CUDA0 1.196456 165726 40
CPU7 24.859197 165687 ssyrk ssyrk CUDA3 0.704639 165727 40
CPU14 45.010583 165688 sgemm sgemm CUDA1 1.202354 165728 40
CPU2 44.296287 165689 sgemm sgemm CUDA2 1.209072 165729 40
CPU9 44.592883 165690 sgemm sgemm CUDA0 1.066042 165730 40
CPU11 44.832738 165691 sgemm sgemm CUDA1 0.042931 165731 40
CPU10 45.108212 165692 sgemm sgemm CUDA2 1.298702 165732 40
CPU18 45.027940 165693 sgemm sgemm CUDA1 1.198971 165733 40
CPU10 45.068244 165694 sgemm sgemm CUDA3 1.190945 165734 40
CPU10 45.087139 165695 sgemm sgemm CUDA2 0.045621 165735 40
CPU15 44.770033 165696 sgemm sgemm CUDA3 1.209420 165736 40
CPU8 45.095359 165697 sgemm sgemm CUDA3 1.024189 165737 40
CPU8 44.649055 165698 sgemm sgemm CUDA3 1.211792 165738 40
CPU6 45.168534 165699 sgemm sgemm CUDA1 1.207776 165739 40
CPU18 44.886012 165700 sgemm sgemm CUDA0 1.068178 165740 40
CPU6 44.796516 165701 sgemm sgemm CUDA2 0.053457 165741 40
CPU12 44.779708 165702 sgemm sgemm CUDA3 1.078259 165742 40
CPU3 44.892394 165703 sgemm sgemm CUDA2 1.203357 165743 40
CPU9 44.640907 165704 sgemm sgemm CUDA2 1.258654 165744 40
CPU2 44.859544 165705 sgemm sgemm CUDA3 1.204599 165745 40
CPU3 45.115584 165706 sgemm sgemm CUDA0 1.082382 165746 40
CPU4 44.749038 165707 sgemm sgemm CUDA1 1.210713 165747 40
CPU4 44.997009 165708 sgemm sgemm CUDA1 1.082599 165748 40
CPU16 24.993251 165709 ssyrk ssyrk CPU -1 165749 40
CPU14 45.217619 165710 sgemm sgemm CUDA1 1.204300 165750 40
CPU10 44.979774 165711 sgemm sgemm CUDA3 1.207983 165751 40
CPU6 44.905423 165712 sgemm sgemm CUDA2 1.083705 165752 40
CPU14 45.071858 165713 sgemm sgemm CUDA3 12.176846 165753 40
CPU17 45.221535 165714 sgemm sgemm CUDA3 0.064719 165754 40
CPU17 45.074130 165715 sgemm sgemm CUDA1 1.084503 165755 40
CPU19 45.206868 165716 sgemm sgemm CUDA0 1.065982 165756 40
CPU8 44.842376 165717 sgemm sgemm CUDA3 1.320675 165757 40
CPU16 44.787496 165718 sgemm sgemm CUDA0 1.132140 165758 40
CPU8 44.594592 165719 sgemm sgemm CUDA2 1.199958 165759 40
CPU17 44.715836 165720 sgemm sgemm CUDA1 1.067443 165760 40
CPU2 44.370034 165721 sgemm sgemm CUDA3 1.078273 165761 40
CPU5 44.515324 165722 sgemm sgemm CUDA2 1.065468 165762 40
CPU9 44.675734 165723 sgemm sgemm CUDA2 1.194620 165763 40
CPU9 44.315983 165724 sgemm sgemm CUDA0 12.290876 165764 40
CPU15 45.198152 165725 sgemm sgemm CUDA0 0.043694 165765 40
CPU17 44.873797 165726 sgemm sgemm CUDA2 1.066133 165766 40
CPU17 44.827489 165727 sgemm sgemm CUDA0 1.080523 165767 40
CPU13 45.203877 165728 sgemm sgemm CUDA1 13.190706 165768 40
CPU5 45.014271 165729 sgemm sgemm CUDA3 1.065440 165769 40
CPU4 24.896083 165730 ssyrk ssyrk CPU -1 165770 40
CPU6 44.562269 165731 sgemm sgemm CUDA2 1.208463 165771 40
CPU16 44.921289 165732 sgemm sgemm CUDA0 1.192784 165772 40
CPU4 44.633156 165733 sgemm sgemm CUDA0 1.062332 165773 40
CPU5 44.254644 165734 sgemm sgemm CUDA0 1.196374 165774 40
CPU3 44.218098 165735 sgemm sgemm CUDA3 1.084323 165775 40
CPU11 45.076957 165736 sgemm sgemm CUDA0 1.062743 165776 40
CPU6 45.001773 165737 sgemm sgemm CUDA1 1.064357 165777 40
CPU0 45.185442 165738 sgemm sgemm CUDA3 1.013568 165778 40
CPU12 44.951205 165739 sgemm sgemm CUDA2 1.067120 165779 40
CPU12 44.827048 165740 sgemm sgemm CUDA3 1.207362 165780 40
CPU11 44.868539 165741 sgemm sgemm CUDA1 1.301680 165781 40
CPU18 45.006715 165742 sgemm sgemm CUDA3 1.064997 165782 40
CPU19 44.867017 165743 sgemm sgemm CUDA2 1.066803 165783 40
CPU17 44.787117 165744 sgemm sgemm CUDA2 0.046753 165784 40
CPU11 45.028613 165745 sgemm sgemm CUDA2 1.194016 165785 40
CPU10 45.125476 165746 sgemm sgemm CUDA1 1.210361 165786 40
CPU0 45.348951 165747 sgemm sgemm CUDA1 12.877449 165787 40
CPU18 44.893145 165748 sgemm sgemm CUDA3 1.065044 165788 40
CPU17 45.129519 165749 sgemm sgemm CUDA2 1.065844 165789 40
CPU4 24.946941 165750 ssyrk ssyrk CUDA2 0.681430 165790 40
CPU14 45.033719 165751 sgemm sgemm CUDA0 1.197958 165791 40
CPU0 44.768295 165752 sgemm sgemm CUDA0 1.205048 165792 40
CPU10 45.069745 165753 sgemm sgemm CUDA3 1.078745 165793 40
CPU11 44.960961 165754 sgemm sgemm CUDA3 0.049773 165794 40
CPU14 44.981165 165755 sgemm sgemm CUDA3 1.065978 165795 40
CPU19 45.195687 165756 sgemm sgemm CUDA3 1.068214 165796 40
CPU7 45.241673 165757 sgemm sgemm CUDA3 1.010994 165797 40
CPU3 44.830270 165758 sgemm sgemm CUDA0 1.211834 165798 40
CPU15 44.754293 165759 sgemm sgemm CUDA3 12.417160 165799 40
CPU16 44.980962 165760 sgemm sgemm CUDA1 1.191455 165800 40
CPU14 45.021440 165761 sgemm sgemm CUDA2 1.365382 165801 40
CPU17 44.933392 165762 sgemm sgemm CUDA0 1.066751 165802 40
CPU8 44.960541 165763 sgemm sgemm CUDA3 12.287974 165803 40
CPU7 44.621565 165764 sgemm sgemm CUDA1 1.194504 165804 40
CPU13 45.319624 165765 sgemm sgemm CUDA2 1.063753 165805 40
CPU4 45.049396 165766 sgemm sgemm CUDA1 0.049303 165806 40
CPU2 44.679260 165767 sgemm sgemm CUDA0 4.814255 165807 40
CPU13 44.935831 165768 sgemm sgemm CUDA0 1.206347 165808 40
CPU3 24.950299 165769 ssyrk ssyrk CPU -1 165809 40
CPU15 44.859006 165770 sgemm sgemm CUDA1 1.204404 165810 40
CPU17 45.026868 165771 sgemm sgemm CUDA2 1.205980 165811 40
CPU1 44.477663 165772 sgemm sgemm CUDA1 1.063407 165812 40
CPU12 44.903155 165773 sgemm sgemm CUDA2 1.068827 165813 40
CPU2 44.878817 165774 sgemm sgemm CUDA0 1.302035 165814 40
CPU7 44.966131 165775 sgemm sgemm CUDA0 1.079555 165815 40
CPU0 45.060135 165776 sgemm sgemm CUDA1 1.065937 165816 40
CPU0 45.157890 165777 sgemm sgemm CUDA1 1.208818 165817 40
CPU1 44.844670 165778 sgemm sgemm CUDA1 1.199200 165818 40
CPU0 44.876254 165779 sgemm sgemm CUDA0 1.212361 165819 40
CPU9 44.930168 165780 sgemm sgemm CUDA2 1.277577 165820 40
CPU2 44.984340 165781 sgemm sgemm CUDA3 1.374710 165821 40
CPU0 44.620202 165782 sgemm sgemm CUDA1 12.078605 165822 40
CPU6 44.840876 165783 sgemm sgemm CUDA2 1.197348 165823 40
CPU6 45.081497 165784 sgemm sgemm CUDA0 1.193526 165824 40
CPU18 45.034784 165785 sgemm sgemm CUDA0 1.066667 165825 40
CPU7 45.015426 165786 sgemm sgemm CUDA1 1.377610 165826 40
CPU14 24.997884 165787 ssyrk ssyrk CUDA1 0.936344 165827 40
CPU19 45.014874 165788 sgemm sgemm CUDA1 1.063862 165828 40
CPU12 44.935404 165789 sgemm sgemm CUDA0 1.188368 165829 40
CPU12 45.034281 165790 sgemm sgemm CUDA2 1.298520 165830 40
CPU16 45.048369 165791 sgemm sgemm CUDA1 0.049265 165831 40
CPU17 45.128278 165792 sgemm sgemm CUDA2 12.048996 165832 40
CPU5 44.542859 165793 sgemm sgemm CUDA0 1.068690 165833 40
CPU14 44.933659 165794 sgemm sgemm CUDA1 1.206403 165834 40
CPU19 44.969235 165795 sgemm sgemm CUDA2 0.752250 165835 40
CPU5 44.536941 165796 sgemm sgemm CUDA2 1.189876 165836 40
CPU16 44.670955 165797 sgemm sgemm CUDA1 0.052119 165837 40
CPU1 44.820499 165798 sgemm sgemm CUDA1 1.371230 165838 40
CPU8 44.614155 165799 sgemm sgemm CUDA2 1.080297 165839 40
CPU7 44.703085 165800 sgemm sgemm CUDA1 1.196932 165840 40
CPU8 44.680311 165801 sgemm sgemm CUDA0 1.027849 165841 40
CPU1 44.652395 165802 sgemm sgemm CUDA2 1.068604 165842 40
CPU1 45.003081 165803 sgemm sgemm CUDA3 1.066546 165843 40
CPU7 24.777920 165804 ssyrk ssyrk CPU -1 165844 40
CPU8 44.361022 165805 sgemm sgemm CUDA1 1.210452 165845 40
CPU15 45.260519 165806 sgemm sgemm CUDA1 1.078771 165846 40
CPU18 44.657898 165807 sgemm sgemm CUDA3 1.065998 165847 40
CPU6 45.264829 165808 sgemm sgemm CUDA2 0.048418 165848 40
CPU12 45.624774 165809 sgemm sgemm CUDA1 1.201436 165849 40
CPU16 44.880383 165810 sgemm sgemm CUDA1 1.302320 165850 40
CPU10 45.265593 165811 sgemm sgemm CUDA0 1.207976 165851 40
CPU11 44.988870 165812 sgemm sgemm CUDA3 1.193051 165852 40
CPU17 44.791501 165813 sgemm sgemm CUDA1 1.203707 165853 40
CPU19 45.168836 165814 sgemm sgemm CUDA3 1.210600 165854 40
CPU19 45.041499 165815 sgemm sgemm CUDA0 12.073496 165855 40
CPU16 45.027648 165816 sgemm sgemm CUDA3 12.170302 165856 40
CPU15 45.039344 165817 sgemm sgemm CUDA1 1.314944 165857 40
CPU15 45.285405 165818 sgemm sgemm CUDA0 0.041779 165858 40
CPU15 44.786292 165819 sgemm sgemm CUDA1 1.189766 165859 40
CPU9 24.413376 165820 ssyrk ssyrk CUDA0 0.681653 165860 40
CPU12 45.312169 165821 sgemm sgemm CUDA1 1.202338 165861 40
CPU8 44.893820 165822 sgemm sgemm CUDA1 1.201958 165862 40
CPU4 45.145677 165823 sgemm sgemm CUDA0 1.067287 165863 40
CPU18 44.667365 165824 sgemm sgemm CUDA3 1.202770 165864 40
CPU6 45.253298 165825 sgemm sgemm CUDA3 0.049087 165865 40
CPU8 44.822190 165826 sgemm sgemm CUDA0 1.204932 165866 40
CPU4 44.450851 165827 sgemm sgemm CUDA3 1.066966 165867 40
CPU5 44.837702 165828 sgemm sgemm CUDA1 1.315894 165868 40
CPU1 44.822735 165829 sgemm sgemm CUDA1 1.062966 165869 40
CPU6 44.645593 165830 sgemm sgemm CUDA0 0.039305 165870 40
CPU9 44.700302 165831 sgemm sgemm CUDA1 1.189922 165871 40
CPU2 44.823813 165832 sgemm sgemm CUDA1 1.005216 165872 40
CPU0 44.792612 165833 sgemm sgemm CUDA0 1.261360 165873 40
CPU18 44.733086 165834 sgemm sgemm CUDA1 1.199117 165874 40
CPU10 25.246968 165835 ssyrk ssyrk CUDA3 0.686103 165875 40
CPU12 45.067742 165836 sgemm sgemm CUDA1 12.135471 165876 40
CPU10 44.971109 165837 sgemm sgemm CUDA0 1.065511 165877 40
CPU7 44.892533 165838 sgemm sgemm CUDA0 1.195691 165878 40
CPU0 45.183617 165839 sgemm sgemm CUDA3 1.310252 165879 40
CPU2 44.984522 165840 sgemm sgemm CUDA0 1.196562 165880 40
CPU6 44.686928 165841 sgemm sgemm CUDA2 1.082666 165881 40
CPU11 44.600454 165842 sgemm sgemm CUDA3 1.066170 165882 40
CPU17 44.866111 165843 sgemm sgemm CUDA2 1.202253 165883 40
CPU1 44.613476 165844 sgemm sgemm CUDA0 1.377016 165884 40
CPU12 45.130748 165845 sgemm sgemm CUDA0 1.207164 165885 40
CPU2 45.035546 165846 sgemm sgemm CUDA0 1.086268 165886 40
CPU11 45.077471 165847 sgemm sgemm CUDA3 1.203964 165887 40
CPU12 45.244238 165848 sgemm sgemm CUDA1 1.064762 165888 40
CPU8 24.966492 165849 ssyrk ssyrk CUDA3 0.680897 165889 40
CPU14 44.837756 165850 sgemm sgemm CUDA0 1.205603 165890 40
CPU2 44.606254 165851 sgemm sgemm CUDA3 1.214008 165891 40
CPU3 45.190034 165852 sgemm sgemm CUDA3 1.202343 165892 40
CPU1 44.786553 165853 sgemm sgemm CUDA1 1.199642 165893 40
CPU2 44.917801 165854 sgemm sgemm CUDA3 1.193394 165894 40
CPU4 45.356645 165855 sgemm sgemm CUDA1 1.201056 165895 40
CPU3 44.905029 165856 sgemm sgemm CUDA3 1.351923 165896 40
CPU5 44.812201 165857 sgemm sgemm CUDA1 1.212077 165897 40
CPU10 44.777972 165858 sgemm sgemm CUDA1 1.081965 165898 40
CPU9 45.244773 165859 sgemm sgemm CUDA1 1.150222 165899 40
CPU10 45.067142 165860 sgemm sgemm CUDA0 1.208779 165900 40
CPU7 45.276604 165861 sgemm sgemm CUDA1 1.066587 165901 40
CPU16 24.547441 165862 ssyrk ssyrk CPU -1 165902 40
CPU18 44.674065 165863 sgemm sgemm CPU10 158.332202 165903 40
CPU5 45.169173 165864 sgemm sgemm CUDA1 1.206159 165904 40
CPU4 45.000626 165865 sgemm sgemm CUDA1 12.999566 165905 40
CPU3 45.026655 165866 sgemm sgemm CUDA1 1.367927 165906 40
CPU0 45.039406 165867 sgemm sgemm CUDA1 1.209414 165907 40
CPU1 45.151057 165868 sgemm sgemm CUDA1 1.210526 165908 40
CPU8 44.785425 165869 sgemm sgemm CUDA1 1.078835 165909 40
CPU11 44.593355 165870 sgemm sgemm CUDA0 1.070286 165910 40
CPU7 45.270508 165871 sgemm sgemm CUDA0 1.139914 165911 40
CPU19 44.940759 165872 sgemm sgemm CUDA1 1.204619 165912 40
CPU10 44.519932 165873 sgemm sgemm CUDA1 1.151421 165913 40
CPU19 25.217918 165874 ssyrk ssyrk CUDA1 0.675129 165914 40
CPU4 44.823561 165875 sgemm sgemm CUDA1 12.259750 165915 40
CPU19 45.103989 165876 sgemm sgemm CUDA2 1.004507 165916 40
CPU3 44.534873 165877 sgemm sgemm CUDA3 1.070302 165917 40
CPU12 44.860376 165878 sgemm sgemm CUDA0 1.202401 165918 40
CPU3 44.900183 165879 sgemm sgemm CUDA2 1.208616 165919 40
CPU10 44.888570 165880 sgemm sgemm CUDA2 1.194955 165920 40
CPU11 44.738539 165881 sgemm sgemm CUDA2 1.079011 165921 40
CPU5 45.007883 165882 sgemm sgemm CUDA2 1.295231 165922 40
CPU1 44.887376 165883 sgemm sgemm CUDA1 1.077046 165923 40
CPU7 45.339821 165884 sgemm sgemm CUDA3 1.213162 165924 40
CPU11 24.489476 165885 ssyrk ssyrk CPU -1 165925 40
CPU17 44.963267 165886 sgemm sgemm CUDA1 1.208398 165926 40
CPU19 44.772525 165887 sgemm sgemm CUDA2 1.068445 165927 40
CPU15 44.570602 165888 sgemm sgemm CUDA1 1.311989 165928 40
CPU12 44.709279 165889 sgemm sgemm CUDA1 1.076249 165929 40
CPU12 45.006604 165890 sgemm sgemm CUDA1 1.196096 165930 40
CPU16 44.693479 165891 sgemm sgemm CUDA0 1.187013 165931 40
CPU11 44.676628 165892 sgemm sgemm CUDA2 1.132491 165932 40
CPU11 44.908213 165893 sgemm sgemm CUDA2 1.205761 165933 40
CPU12 44.915769 165894 sgemm sgemm CUDA0 0.040718 165934 40
CPU19 25.077654 165895 ssyrk ssyrk CPU -1 165935 40
CPU1 44.836055 165896 sgemm sgemm CUDA0 1.207528 165936 40
CPU0 45.225671 165897 sgemm sgemm CUDA0 1.071098 165937 40
CPU11 44.612817 165898 sgemm sgemm CUDA1 1.206719 165938 40
CPU19 44.975121 165899 sgemm sgemm CUDA0 0.043166 165939 40
CPU5 44.798355 165900 sgemm sgemm CUDA1 1.192802 165940 40
CPU11 44.952756 165901 sgemm sgemm CUDA0 1.084565 165941 40
CPU10 45.152680 165902 sgemm sgemm CUDA2 1.075505 165942 40
CPU17 44.719157 165903 sgemm sgemm CUDA2 1.212714 165943 40
CPU9 24.552874 165904 ssyrk ssyrk CPU -1 165944 40
CPU5 44.596191 165905 sgemm sgemm CUDA1 0.051581 165945 40
CPU5 44.780650 165906 sgemm sgemm CUDA1 1.065652 165946 40
CPU2 44.513997 165907 sgemm sgemm CUDA3 1.209717 165947 40
CPU7 45.047773 165908 sgemm sgemm CUDA3 1.192831 165948 40
CPU2 45.008540 165909 sgemm sgemm CUDA2 1.006739 165949 40
CPU8 44.922575 165910 sgemm sgemm CUDA3 1.204279 165950 40
CPU3 44.979660 165911 sgemm sgemm CUDA2 12.305443 165951 40
CPU19 24.677002 165912 ssyrk ssyrk CUDA1 0.681507 165952 40
CPU7 45.439264 165913 sgemm sgemm CUDA3 1.066814 165953 40
CPU4 45.031003 165914 sgemm sgemm CUDA3 1.194949 165954 40
CPU1 44.938036 165915 sgemm sgemm CUDA1 0.048273 165955 40
CPU3 45.168689 165916 sgemm sgemm CUDA0 1.205881 165956 40
CPU3 45.031115 165917 sgemm sgemm CUDA3 1.063351 165957 40
CPU3 45.244907 165918 sgemm sgemm CUDA2 0.042976 165958 40
CPU7 25.418132 165919 ssyrk ssyrk CUDA2 0.676286 165959 40
CPU8 45.025751 165920 sgemm sgemm CUDA3 1.080889 165960 40
CPU1 45.040730 165921 sgemm sgemm CUDA3 1.210424 165961 40
CPU0 45.401091 165922 sgemm sgemm CUDA2 1.005752 165962 40
CPU9 45.104674 165923 sgemm sgemm CUDA2 1.084750 165963 40
CPU9 45.259369 165924 sgemm sgemm CUDA2 1.299421 165964 40
CPU19 25.284730 165925 ssyrk ssyrk CPU -1 165965 40
CPU17 45.055665 165926 sgemm sgemm CUDA1 1.064235 165966 40
CPU10 45.030497 165927 sgemm sgemm CUDA1 1.021442 165967 40
CPU19 45.140352 165928 sgemm sgemm CUDA2 1.067285 165968 40
CPU19 44.886525 165929 sgemm sgemm CUDA0 1.198470 165969 40
CPU0 24.938108 165930 ssyrk ssyrk CPU -1 165970 40
CPU6 45.058323 165931 sgemm sgemm CUDA2 1.156577 165971 40
CPU2 44.855839 165932 sgemm sgemm CUDA1 1.195381 165972 40
CPU5 45.131589 165933 sgemm sgemm CUDA1 1.209899 165973 40
CPU9 24.687031 165934 ssyrk ssyrk CPU12 68.208830 165974 40
CPU4 44.873970 165935 sgemm sgemm CUDA1 1.148968 165975 40
CPU11 44.506163 165936 sgemm sgemm CUDA2 1.141799 165976 40
CPU12 25.122415 165937 ssyrk ssyrk CPU -1 165977 40
CPU18 44.709105 165938 sgemm sgemm CUDA3 12.047889 165978 40
CPU10 24.965677 165939 ssyrk ssyrk CPU -1 165979 40
CPU2 31.042114 165942 strmm strmm CUDA2 15.146587 165982 40
CPU17 31.079921 165946 strmm strmm CUDA2 0.033408 165986 40
CPU11 30.345171 165950 strmm strmm CUDA0 4.682827 165990 40
CPU14 31.526704 165954 strmm strmm CUDA3 11.915281 165994 40
CPU11 31.668258 165958 strmm strmm CUDA3 0.167821 165998 40
CPU13 30.956158 165962 strmm strmm CUDA2 4.483062 166002 40
CPU14 31.340260 165966 strmm strmm CUDA0 15.075914 166006 40
CPU9 30.145204 165970 strmm strmm CUDA0 12.150054 166010 40
CPU13 31.024593 165974 strmm strmm CUDA2 4.280026 166014 40
CPU3 30.348661 165978 strmm strmm CUDA0 0.030471 166018 40
CPU1 30.928882 165982 strmm strmm CUDA1 0.030310 166022 40
CPU4 29.957315 165986 strmm strmm CUDA2 12.480620 166026 40
CPU16 31.123364 165990 strmm strmm CUDA1 13.658042 166030 40
CPU12 30.518569 165994 strmm strmm CUDA2 0.029125 166034 40
CPU19 31.280904 165998 strmm strmm CUDA2 4.584503 166038 40
CPU19 31.574564 166002 strmm strmm CUDA0 4.488269 166042 40
CPU19 31.494460 166006 strmm strmm CUDA2 4.232226 166046 40
CPU7 30.013169 166010 strmm strmm CUDA3 12.240367 166050 40
CPU10 30.096694 166014 strmm strmm CUDA1 4.225830 166054 40
CPU14 30.487834 166018 strmm strmm CUDA0 0.029510 166058 40
CPU6 30.038969 166022 strmm strmm CUDA1 4.291805 166062 40
CPU13 31.245643 166026 strmm strmm CUDA0 4.547816 166066 40
CPU17 31.898035 166030 strmm strmm CUDA1 15.099586 166070 40
CPU13 31.538464 166034 strmm strmm CUDA1 0.033166 166074 40
CPU7 30.060156 166038 strmm strmm CUDA0 4.287801 166078 40
CPU1 29.621801 166042 strmm strmm CUDA0 0.029581 166082 40
CPU15 31.829301 166046 strmm strmm CUDA1 4.286932 166086 40
CPU18 31.378646 166050 strmm strmm CUDA3 4.508694 166090 40
CPU10 31.774022 166054 strmm strmm CUDA3 0.030216 166094 40
CPU7 31.528480 166058 strmm strmm CUDA3 4.294000 166098 40
CPU10 30.246851 166062 strmm strmm CUDA2 12.986160 166102 40
CPU7 30.913347 166066 strmm strmm CUDA1 4.547340 166106 40
CPU12 30.305416 166070 strmm strmm CUDA2 4.288454 166110 40
CPU17 31.476256 166074 strmm strmm CUDA2 15.037091 166114 40
CPU1 29.951185 166078 strmm strmm CUDA0 4.288221 166118 40
CPU3 31.180898 166082 strmm strmm CUDA0 15.131864 166122 40
CPU9 30.871185 166086 strmm strmm CUDA1 15.071157 166126 40
CPU18 30.828049 166090 strmm strmm CUDA2 0.029552 166130 40
CPU5 30.580445 166094 strmm strmm CUDA3 15.103154 166134 40
CPU19 30.330997 166098 strmm strmm CUDA1 11.978133 166138 40
CPU18 30.992034 166102 strmm strmm CUDA1 0.031073 166142 40
CPU18 30.283110 166106 strmm strmm CUDA1 4.511333 166146 40
CPU18 12.008945 166110 slauum slauum CPU -1 166150 40
CPU2 24.566537 166112 ssyrk ssyrk CUDA2 0.755737 166152 40
CPU8 44.762894 166113 sgemm sgemm CUDA2 1.078583 166153 40
CPU2 44.628087 166114 sgemm sgemm CUDA2 12.229939 166154 40
CPU5 44.790963 166115 sgemm sgemm CUDA2 1.207266 166155 40
CPU3 44.762929 166116 sgemm sgemm CUDA1 1.196467 166156 40
CPU0 44.985688 166117 sgemm sgemm CUDA2 21.312098 166157 40
CPU9 44.645961 166118 sgemm sgemm CUDA3 0.220635 166158 40
CPU1 44.742351 166119 sgemm sgemm CUDA3 0.062167 166159 40
CPU6 44.898395 166120 sgemm sgemm CUDA3 8.250537 166160 40
CPU5 44.816717 166121 sgemm sgemm CUDA3 1.345230 166161 40
CPU6 44.825763 166122 sgemm sgemm CUDA3 1.185995 166162 40
CPU3 44.848491 166123 sgemm sgemm CUDA2 1.357431 166163 40
CPU14 45.132953 166124 sgemm sgemm CUDA3 1.205490 166164 40
CPU12 45.090589 166125 sgemm sgemm CUDA3 12.626875 166165 40
CPU9 44.345735 166126 sgemm sgemm CUDA0 0.141527 166166 40
CPU5 44.617562 166127 sgemm sgemm CUDA1 0.997054 166167 40
CPU9 44.762596 166128 sgemm sgemm CUDA2 1.062885 166168 40
CPU9 44.629912 166129 sgemm sgemm CUDA3 10.299836 166169 40
CPU18 44.724171 166130 sgemm sgemm CUDA3 12.213400 166170 40
CPU15 44.445834 166131 sgemm sgemm CUDA1 1.207307 166171 40
CPU18 44.712551 166132 sgemm sgemm CUDA0 1.154553 166172 40
CPU16 44.477327 166133 sgemm sgemm CUDA0 1.083558 166173 40
CPU7 45.011270 166134 sgemm sgemm CUDA3 1.191661 166174 40
CPU15 44.738224 166135 sgemm sgemm CUDA0 0.065700 166175 40
CPU7 45.262371 166136 sgemm sgemm CUDA2 0.980424 166176 40
CPU6 44.725001 166137 sgemm sgemm CUDA0 1.205112 166177 40
CPU9 44.462785 166138 sgemm sgemm CUDA0 1.206417 166178 40
CPU9 44.801262 166139 sgemm sgemm CUDA1 13.049664 166179 40
CPU12 44.613711 166140 sgemm sgemm CUDA2 1.064980 166180 40
CPU3 44.756750 166141 sgemm sgemm CUDA1 0.387930 166181 40
CPU12 44.811564 166142 sgemm sgemm CUDA3 1.290457 166182 40
CPU3 45.119820 166143 sgemm sgemm CUDA2 1.086742 166183 40
CPU16 44.761722 166144 sgemm sgemm CUDA1 1.061497 166184 40
CPU15 45.037700 166145 sgemm sgemm CUDA3 1.066688 166185 40
CPU19 44.978800 166146 sgemm sgemm CUDA0 1.297504 166186 40
CPU10 44.957202 166147 sgemm sgemm CUDA2 0.062748 166187 40
CPU7 44.959281 166148 sgemm sgemm CUDA3 3.798460 166188 40
CPU9 44.772549 166149 sgemm sgemm CUDA2 1.207920 166189 40
CPU0 44.850223 166150 sgemm sgemm CUDA2 1.198351 166190 40
CPU3 45.459528 166151 sgemm sgemm CUDA3 12.699209 166191 40
CPU8 45.109797 166152 sgemm sgemm CUDA1 0.053786 166192 40
CPU2 45.172676 166153 sgemm sgemm CUDA0 1.067091 166193 40
CPU9 44.964597 166154 sgemm sgemm CUDA1 1.214906 166194 40
CPU5 24.704529 166155 ssyrk ssyrk CUDA2 0.687747 166195 40
CPU14 44.935346 166156 sgemm sgemm CUDA1 1.288598 166196 40
CPU5 44.946159 166157 sgemm sgemm CUDA2 1.065456 166197 40
CPU1 44.920081 166158 sgemm sgemm CUDA1 0.058936 166198 40
CPU16 44.752958 166159 sgemm sgemm CUDA2 1.078031 166199 40
CPU15 44.733658 166160 sgemm sgemm CUDA0 1.199121 166200 40
CPU17 45.007403 166161 sgemm sgemm CUDA0 1.205347 166201 40
CPU15 44.584450 166162 sgemm sgemm CUDA1 1.013733 166202 40
CPU7 45.171083 166163 sgemm sgemm CUDA0 1.129333 166203 40
CPU10 45.166088 166164 sgemm sgemm CUDA3 1.166918 166204 40
CPU0 44.864203 166165 sgemm sgemm CUDA1 1.174448 166205 40
CPU15 45.128658 166166 sgemm sgemm CUDA3 1.066032 166206 40
CPU18 44.888911 166167 sgemm sgemm CUDA3 0.062873 166207 40
CPU17 45.293989 166168 sgemm sgemm CUDA0 1.143930 166208 40
CPU4 44.683187 166169 sgemm sgemm CUDA1 1.210789 166209 40
CPU1 45.190954 166170 sgemm sgemm CUDA0 1.163759 166210 40
CPU1 44.445417 166171 sgemm sgemm CUDA3 1.066232 166211 40
CPU15 45.270041 166172 sgemm sgemm CUDA0 1.079312 166212 40
CPU16 44.663515 166173 sgemm sgemm CUDA1 1.065349 166213 40
CPU11 44.724485 166174 sgemm sgemm CUDA0 0.058144 166214 40
CPU16 44.695006 166175 sgemm sgemm CUDA0 1.137238 166215 40
CPU8 44.779759 166176 sgemm sgemm CUDA3 1.075761 166216 40
CPU18 44.490525 166177 sgemm sgemm CUDA2 1.191765 166217 40
CPU14 45.091054 166178 sgemm sgemm CUDA3 1.068589 166218 40
CPU8 44.733067 166179 sgemm sgemm CUDA0 1.297794 166219 40
CPU4 44.982291 166180 sgemm sgemm CUDA2 1.303213 166220 40
CPU8 44.498189 166181 sgemm sgemm CUDA1 1.299985 166221 40
CPU1 44.708452 166182 sgemm sgemm CUDA2 8.534189 166222 40
CPU9 44.574599 166183 sgemm sgemm CUDA1 0.082446 166223 40
CPU18 44.996989 166184 sgemm sgemm CUDA3 1.204848 166224 40
CPU6 44.992390 166185 sgemm sgemm CUDA2 0.193680 166225 40
CPU3 44.714448 166186 sgemm sgemm CUDA2 1.208573 166226 40
CPU18 45.054924 166187 sgemm sgemm CUDA0 1.294378 166227 40
CPU7 44.652571 166188 sgemm sgemm CUDA1 1.198491 166228 40
CPU5 44.527307 166189 sgemm sgemm CUDA2 1.342115 166229 40
CPU10 45.291773 166190 sgemm sgemm CUDA3 1.311899 166230 40
CPU12 45.167997 166191 sgemm sgemm CUDA2 1.060145 166231 40
CPU12 45.196671 166192 sgemm sgemm CUDA2 1.022876 166232 40
CPU12 44.875184 166193 sgemm sgemm CUDA3 1.369561 166233 40
CPU17 44.958427 166194 sgemm sgemm CUDA1 1.251206 166234 40
CPU17 45.074280 166195 sgemm sgemm CUDA0 1.202898 166235 40
CPU17 45.078919 166196 sgemm sgemm CUDA1 0.960885 166236 40
CPU14 24.760107 166197 ssyrk ssyrk CUDA1 0.672899 166237 40
CPU14 44.770215 166198 sgemm sgemm CUDA2 1.065047 166238 40
CPU14 44.720653 166199 sgemm sgemm CUDA1 1.066100 166239 40
CPU15 44.606283 166200 sgemm sgemm CUDA1 1.194977 166240 40
CPU14 44.799274 166201 sgemm sgemm CUDA2 1.205674 166241 40
CPU14 45.036283 166202 sgemm sgemm CUDA2 1.066556 166242 40
CPU14 45.038336 166203 sgemm sgemm CUDA1 1.194363 166243 40
CPU14 44.804604 166204 sgemm sgemm CUDA1 1.062938 166244 40
CPU14 45.048521 166205 sgemm sgemm CUDA2 1.083837 166245 40
CPU9 45.144997 166206 sgemm sgemm CUDA1 1.201041 166246 40
CPU14 45.089138 166207 sgemm sgemm CUDA1 1.203325 166247 40
CPU19 44.942291 166208 sgemm sgemm CUDA1 1.188812 166248 40
CPU6 44.660280 166209 sgemm sgemm CUDA0 1.193732 166249 40
CPU0 45.066617 166210 sgemm sgemm CUDA1 1.197224 166250 40
CPU5 44.900692 166211 sgemm sgemm CUDA1 12.499784 166251 40
CPU5 44.684097 166212 sgemm sgemm CUDA2 1.209718 166252 40
CPU18 44.340324 166213 sgemm sgemm CUDA0 1.063725 166253 40
CPU16 44.557954 166214 sgemm sgemm CUDA1 1.193139 166254 40
CPU18 44.579217 166215 sgemm sgemm CUDA0 1.211487 166255 40
CPU15 44.378724 166216 sgemm sgemm CPU14 174.634475 166256 40
CPU8 45.068459 166217 sgemm sgemm CUDA0 1.203757 166257 40
CPU11 44.483008 166218 sgemm sgemm CUDA2 1.069516 166258 40
CPU15 44.862651 166219 sgemm sgemm CUDA2 1.065060 166259 40
CPU19 44.825221 166220 sgemm sgemm CUDA0 1.076257 166260 40
CPU14 44.655798 166221 sgemm sgemm CUDA2 9.269483 166261 40
CPU11 44.700838 166222 sgemm sgemm CUDA1 1.207448 166262 40
CPU4 45.177338 166223 sgemm sgemm CUDA2 15.643774 166263 40
CPU3 44.729437 166224 sgemm sgemm CUDA1 1.444078 166264 40
CPU10 44.904044 166225 sgemm sgemm CUDA3 1.210362 166265 40
CPU18 44.861255 166226 sgemm sgemm CUDA2 0.113626 166266 40
CPU16 44.721492 166227 sgemm sgemm CUDA2 1.077382 166267 40
CPU1 44.786320 166228 sgemm sgemm CUDA0 0.072772 166268 40
CPU0 45.062037 166229 sgemm sgemm CUDA0 21.401487 166269 40
CPU1 44.896475 166230 sgemm sgemm CUDA2 1.198418 166270 40
CPU0 45.380413 166231 sgemm sgemm CUDA1 1.209978 166271 40
CPU16 44.797867 166232 sgemm sgemm CUDA2 1.193096 166272 40
CPU19 45.523718 166233 sgemm sgemm CUDA2 1.013508 166273 40
CPU11 44.668811 166234 sgemm sgemm CUDA3 1.204737 166274 40
CPU6 45.166692 166235 sgemm sgemm CUDA1 1.064646 166275 40
CPU8 45.252006 166236 sgemm sgemm CUDA0 1.213131 166276 40
CPU11 45.016593 166237 sgemm sgemm CUDA1 16.796694 166277 40
CPU5 24.963682 166238 ssyrk ssyrk CUDA2 0.689444 166278 40
CPU7 44.798414 166239 sgemm sgemm CUDA1 1.186475 166279 40
CPU14 45.065053 166240 sgemm sgemm CUDA2 1.063161 166280 40
CPU15 44.433445 166241 sgemm sgemm CUDA2 1.070005 166281 40
CPU18 44.584239 166242 sgemm sgemm CUDA3 12.082294 166282 40
CPU16 44.799632 166243 sgemm sgemm CUDA3 0.069593 166283 40
CPU8 45.144273 166244 sgemm sgemm CUDA3 1.196363 166284 40
CPU0 45.025706 166245 sgemm sgemm CUDA2 1.080088 166285 40
CPU1 44.930606 166246 sgemm sgemm CUDA2 1.211213 166286 40
CPU14 45.078321 166247 sgemm sgemm CUDA2 12.924529 166287 40
CPU14 44.986644 166248 sgemm sgemm CUDA3 1.076914 166288 40
CPU11 45.215366 166249 sgemm sgemm CUDA0 1.081720 166289 40
CPU5 44.515233 166250 sgemm sgemm CUDA3 12.106567 166290 40
CPU9 45.075429 166251 sgemm sgemm CUDA2 0.066645 166291 40
CPU6 44.682465 166252 sgemm sgemm CUDA3 1.192355 166292 40
CPU14 44.654001 166253 sgemm sgemm CUDA1 1.348763 166293 40
CPU15 44.159643 166254 sgemm sgemm CUDA1 1.213703 166294 40
CPU17 44.814501 166255 sgemm sgemm CUDA1 1.203190 166295 40
CPU14 44.808582 166256 sgemm sgemm CPU15 204.777526 166296 40
CPU9 44.977528 166257 sgemm sgemm CUDA0 1.204285 166297 40
CPU3 44.781502 166258 sgemm sgemm CUDA2 1.067819 166298 40
CPU11 44.671301 166259 sgemm sgemm CUDA0 1.083163 166299 40
CPU4 45.016840 166260 sgemm sgemm CUDA1 11.912241 166300 40
CPU3 44.976511 166261 sgemm sgemm CUDA2 1.382387 166301 40
CPU1 44.810533 166262 sgemm sgemm CUDA1 1.076649 166302 40
CPU12 44.890939 166263 sgemm sgemm CUDA3 0.067476 166303 40
CPU3 44.629359 166264 sgemm sgemm CUDA1 3.817168 166304 40
CPU15 44.635474 166265 sgemm sgemm CUDA1 1.064013 166305 40
CPU0 45.260280 166266 sgemm sgemm CUDA3 1.206780 166306 40
CPU17 44.925341 166267 sgemm sgemm CUDA2 1.213367 166307 40
CPU8 44.529726 166268 sgemm sgemm CUDA3 0.064425 166308 40
CPU5 44.698971 166269 sgemm sgemm CUDA3 1.208675 166309 40
CPU6 45.132150 166270 sgemm sgemm CUDA2 1.201400 166310 40
CPU9 44.871043 166271 sgemm sgemm CUDA1 1.203380 166311 40
CPU16 45.021604 166272 sgemm sgemm CUDA1 1.191326 166312 40
CPU4 45.208105 166273 sgemm sgemm CUDA2 1.079384 166313 40
CPU0 45.403461 166274 sgemm sgemm CUDA3 1.216687 166314 40
CPU14 45.034724 166275 sgemm sgemm CUDA1 1.066630 166315 40
CPU14 45.027112 166276 sgemm sgemm CUDA0 1.063800 166316 40
CPU14 45.093546 166277 sgemm sgemm CUDA3 1.210286 166317 40
CPU4 24.951312 166278 ssyrk ssyrk CPU -1 166318 40
CPU16 44.685230 166279 sgemm sgemm CUDA2 1.359325 166319 40
CPU15 44.528012 166280 sgemm sgemm CUDA0 1.066679 166320 40
CPU17 44.772700 166281 sgemm sgemm CUDA0 10.584138 166321 40
CPU15 44.496948 166282 sgemm sgemm CUDA0 1.292715 166322 40
CPU8 44.968117 166283 sgemm sgemm CUDA0 1.205949 166323 40
CPU6 44.946798 166284 sgemm sgemm CUDA1 1.068600 166324 40
CPU5 44.867255 166285 sgemm sgemm CUDA1 1.204625 166325 40
CPU14 45.276752 166286 sgemm sgemm CUDA2 1.068785 166326 40
CPU6 45.722714 166287 sgemm sgemm CUDA1 1.078910 166327 40
CPU4 44.738125 166288 sgemm sgemm CUDA3 7.309450 166328 40
CPU2 44.056650 166289 sgemm sgemm CUDA1 1.197471 166329 40
CPU2 44.855331 166290 sgemm sgemm CUDA2 1.069497 166330 40
CPU2 44.479548 166291 sgemm sgemm CUDA1 1.427857 166331 40
CPU18 45.578270 166292 sgemm sgemm CUDA0 0.069598 166332 40
CPU4 44.959328 166293 sgemm sgemm CUDA2 1.207163 166333 40
CPU17 44.918775 166294 sgemm sgemm CUDA2 0.118868 166334 40
CPU16 44.398717 166295 sgemm sgemm CPU16 287.916018 166335 40
CPU2 44.866448 166296 sgemm sgemm CUDA2 5.635766 166336 40
CPU14 44.987165 166297 sgemm sgemm CUDA2 0.064651 166337 40
CPU15 44.834489 166298 sgemm sgemm CUDA0 1.082359 166338 40
CPU10 44.691047 166299 sgemm sgemm CUDA0 1.196211 166339 40
CPU5 44.646602 166300 sgemm sgemm CUDA0 1.206554 166340 40
CPU9 44.601802 166301 sgemm sgemm CUDA1 1.194546 166341 40
CPU4 45.071330 166302 sgemm sgemm CUDA3 9.356990 166342 40
CPU2 44.215666 166303 sgemm sgemm CUDA3 1.207351 166343 40
CPU11 44.994505 166304 sgemm sgemm CUDA2 1.198542 166344 40
CPU15 44.833396 166305 sgemm sgemm CUDA0 1.195853 166345 40
CPU18 45.064419 166306 sgemm sgemm CUDA3 1.085248 166346 40
CPU17 45.184521 166307 sgemm sgemm CUDA1 12.535926 166347 40
CPU4 44.475825 166308 sgemm sgemm CUDA3 1.195038 166348 40
CPU16 44.846374 166309 sgemm sgemm CUDA0 1.206826 166349 40
CPU1 44.739420 166310 sgemm sgemm CUDA3 1.208241 166350 40
CPU16 45.134395 166311 sgemm sgemm CUDA1 1.208272 166351 40
CPU15 45.135418 166312 sgemm sgemm CUDA2 0.051478 166352 40
CPU1 44.807334 166313 sgemm sgemm CUDA2 1.213489 166353 40
CPU12 44.805055 166314 sgemm sgemm CUDA0 1.205413 166354 40
CPU11 45.144091 166315 sgemm sgemm CUDA0 1.065950 166355 40
CPU11 45.006019 166316 sgemm sgemm CUDA3 1.069843 166356 40
CPU14 24.852839 166317 ssyrk ssyrk CUDA1 0.378266 166357 40
CPU16 44.640382 166318 sgemm sgemm CUDA0 0.067159 166358 40
CPU15 44.808495 166319 sgemm sgemm CUDA0 11.790871 166359 40
CPU16 44.579888 166320 sgemm sgemm CUDA1 0.100288 166360 40
CPU14 44.675774 166321 sgemm sgemm CUDA3 1.196320 166361 40
CPU16 44.748163 166322 sgemm sgemm CUDA3 1.082075 166362 40
CPU8 44.352022 166323 sgemm sgemm CUDA1 1.317069 166363 40
CPU14 45.144115 166324 sgemm sgemm CUDA3 1.208441 166364 40
CPU2 44.422058 166325 sgemm sgemm CUDA0 1.275604 166365 40
CPU3 44.717079 166326 sgemm sgemm CUDA2 0.187024 166366 40
CPU6 44.666658 166327 sgemm sgemm CUDA1 1.193122 166367 40
CPU0 45.047057 166328 sgemm sgemm CUDA2 1.191940 166368 40
CPU4 44.695868 166329 sgemm sgemm CUDA3 0.065869 166369 40
CPU17 44.913283 166330 sgemm sgemm CUDA3 1.372856 166370 40
CPU9 44.954812 166331 sgemm sgemm CUDA1 1.079322 166371 40
CPU1 44.930722 166332 sgemm sgemm CUDA0 1.190262 166372 40
CPU16 44.668248 166333 sgemm sgemm CPU17 128.457560 166373 40
CPU0 45.209273 166334 sgemm sgemm CUDA3 1.306004 166374 40
CPU10 44.745437 166335 sgemm sgemm CUDA0 1.207127 166375 40
CPU14 44.981646 166336 sgemm sgemm CUDA2 1.072172 166376 40
CPU19 44.994803 166337 sgemm sgemm CUDA0 1.075798 166377 40
CPU3 44.667329 166338 sgemm sgemm CUDA2 1.065660 166378 40
CPU7 44.908986 166339 sgemm sgemm CUDA3 1.211338 166379 40
CPU13 44.767636 166340 sgemm sgemm CUDA3 0.091672 166380 40
CPU4 44.614314 166341 sgemm sgemm CUDA1 0.114209 166381 40
CPU12 44.813723 166342 sgemm sgemm CUDA3 1.077053 166382 40
CPU14 44.640514 166343 sgemm sgemm CUDA0 1.207244 166383 40
CPU19 44.991701 166344 sgemm sgemm CUDA2 1.194964 166384 40
CPU3 44.262410 166345 sgemm sgemm CUDA0 1.187880 166385 40
CPU11 44.806142 166346 sgemm sgemm CUDA0 1.209776 166386 40
CPU1 44.738648 166347 sgemm sgemm CUDA2 12.146545 166387 40
CPU1 44.794185 166348 sgemm sgemm CUDA3 1.074255 166388 40
CPU16 45.038500 166349 sgemm sgemm CUDA2 1.214841 166389 40
CPU14 44.735889 166350 sgemm sgemm CUDA2 1.190372 166390 40
CPU2 45.071319 166351 sgemm sgemm CUDA0 1.190833 166391 40
CPU3 44.973871 166352 sgemm sgemm CUDA1 1.083630 166392 40
CPU0 45.445575 166353 sgemm sgemm CUDA1 1.207173 166393 40
CPU1 44.695890 166354 sgemm sgemm CUDA2 1.209521 166394 40
CPU15 24.624645 166355 ssyrk ssyrk CUDA0 11.764521 166395 40
CPU15 44.498821 166356 sgemm sgemm CUDA0 0.105931 166396 40
CPU17 44.766577 166357 sgemm sgemm CUDA3 1.333955 166397 40
CPU5 45.135970 166358 sgemm sgemm CUDA0 0.056866 166398 40
CPU8 44.775103 166359 sgemm sgemm CUDA3 1.076927 166399 40
CPU3 44.789229 166360 sgemm sgemm CUDA0 0.085824 166400 40
CPU14 45.154550 166361 sgemm sgemm CUDA0 1.324742 166401 40
CPU14 44.885576 166362 sgemm sgemm CUDA0 1.114524 166402 40
CPU7 44.724413 166363 sgemm sgemm CUDA3 0.113148 166403 40
CPU17 44.779148 166364 sgemm sgemm CUDA0 1.127916 166404 40
CPU9 44.832072 166365 sgemm sgemm CUDA0 1.077441 166405 40
CPU1 44.415880 166366 sgemm sgemm CUDA3 1.349053 166406 40
CPU18 44.638398 166367 sgemm sgemm CUDA0 1.190650 166407 40
CPU14 44.921614 166368 sgemm sgemm CUDA0 1.204109 166408 40
CPU18 44.588499 166369 sgemm sgemm CUDA0 1.039664 166409 40
CPU16 44.819936 166370 sgemm sgemm CPU18 287.918810 166410 40
CPU8 45.138072 166371 sgemm sgemm CUDA0 1.064443 166411 40
CPU12 44.794434 166372 sgemm sgemm CUDA2 1.206730 166412 40
CPU16 44.942288 166373 sgemm sgemm CUDA0 1.252251 166413 40
CPU19 44.913506 166374 sgemm sgemm CUDA2 1.196103 166414 40
CPU5 44.673043 166375 sgemm sgemm CUDA2 1.199752 166415 40
CPU9 44.730937 166376 sgemm sgemm CUDA3 1.077852 166416 40
CPU3 44.966202 166377 sgemm sgemm CUDA3 1.356978 166417 40
CPU1 44.750110 166378 sgemm sgemm CUDA3 11.827970 166418 40
CPU19 44.963189 166379 sgemm sgemm CUDA3 1.067750 166419 40
CPU10 44.806731 166380 sgemm sgemm CUDA2 1.384059 166420 40
CPU2 44.877150 166381 sgemm sgemm CUDA2 1.192736 166421 40
CPU11 44.886060 166382 sgemm sgemm CUDA3 1.257977 166422 40
CPU17 44.957977 166383 sgemm sgemm CUDA0 1.208351 166423 40
CPU18 44.913388 166384 sgemm sgemm CUDA2 0.071798 166424 40
CPU15 44.737566 166385 sgemm sgemm CUDA3 1.207599 166425 40
CPU17 44.905603 166386 sgemm sgemm CUDA0 7.851254 166426 40
CPU3 44.816018 166387 sgemm sgemm CUDA2 0.066733 166427 40
CPU7 45.099960 166388 sgemm sgemm CUDA3 1.081378 166428 40
CPU18 44.917552 166389 sgemm sgemm CUDA0 1.081483 166429 40
CPU14 44.901825 166390 sgemm sgemm CUDA0 1.195236 166430 40
CPU14 44.853536 166391 sgemm sgemm CUDA2 1.068014 166431 40
CPU18 24.570255 166392 ssyrk ssyrk CUDA0 0.946592 166432 40
CPU16 44.601260 166393 sgemm sgemm CUDA1 1.290352 166433 40
CPU5 45.043041 166394 sgemm sgemm CUDA0 1.293437 166434 40
CPU3 44.564930 166395 sgemm sgemm CUDA2 1.082334 166435 40
CPU4 44.902943 166396 sgemm sgemm CUDA0 0.654407 166436 40
CPU14 45.137684 166397 sgemm sgemm CUDA3 0.061754 166437 40
CPU14 44.969143 166398 sgemm sgemm CUDA3 0.066256 166438 40
CPU0 44.728266 166399 sgemm sgemm CUDA3 0.064678 166439 40
CPU1 44.522062 166400 sgemm sgemm CUDA0 1.206719 166440 40
CPU6 45.064371 166401 sgemm sgemm CUDA2 12.161324 166441 40
CPU7 44.787749 166402 sgemm sgemm CUDA2 1.207483 166442 40
CPU19 44.815693 166403 sgemm sgemm CUDA3 1.207549 166443 40
CPU11 44.913046 166404 sgemm sgemm CUDA0 1.065811 166444 40
CPU12 45.123365 166405 sgemm sgemm CUDA3 1.208925 166445 40
CPU15 44.467757 166406 sgemm sgemm CPU20 148.505167 166446 40
CPU2 44.852823 166407 sgemm sgemm CUDA0 12.083082 166447 40
CPU10 44.858781 166408 sgemm sgemm CUDA0 1.195063 166448 40
CPU2 44.776808 166409 sgemm sgemm CUDA0 0.060122 166449 40
CPU2 44.631110 166410 sgemm sgemm CUDA2 3.670680 166450 40
CPU12 45.798411 166411 sgemm sgemm CUDA1 1.066887 166451 40
CPU4 44.829293 166412 sgemm sgemm CUDA0 12.341355 166452 40
CPU3 45.926388 166413 sgemm sgemm CUDA3 1.064764 166453 40
CPU9 44.591435 166414 sgemm sgemm CUDA3 12.354279 166454 40
CPU2 44.698135 166415 sgemm sgemm CUDA3 1.220880 166455 40
CPU11 44.968806 166416 sgemm sgemm CUDA2 1.199026 166456 40
CPU3 44.783946 166417 sgemm sgemm CUDA3 1.299295 166457 40
CPU6 44.933958 166418 sgemm sgemm CUDA3 1.210248 166458 40
CPU6 44.608840 166419 sgemm sgemm CUDA1 1.358891 166459 40
CPU1 44.880010 166420 sgemm sgemm CUDA2 1.440509 166460 40
CPU14 45.228868 166421 sgemm sgemm CUDA3 1.079136 166461 40
CPU16 44.946990 166422 sgemm sgemm CUDA1 1.082149 166462 40
CPU8 44.799674 166423 sgemm sgemm CUDA2 0.207914 166463 40
CPU5 45.113543 166424 sgemm sgemm CUDA0 1.206643 166464 40
CPU2 45.036918 166425 sgemm sgemm CUDA3 1.152733 166465 40
CPU9 44.979511 166426 sgemm sgemm CUDA1 1.204162 166466 40
CPU9 44.761390 166427 sgemm sgemm CUDA1 19.892516 166467 40
CPU15 24.783061 166428 ssyrk ssyrk CUDA3 0.193632 166468 40
CPU16 44.707930 166429 sgemm sgemm CUDA0 0.051477 166469 40
CPU16 44.886379 166430 sgemm sgemm CUDA3 1.194590 166470 40
CPU4 45.251046 166431 sgemm sgemm CUDA1 1.014023 166471 40
CPU15 45.278960 166432 sgemm sgemm CUDA1 1.080977 166472 40
CPU14 44.990923 166433 sgemm sgemm CUDA1 1.017824 166473 40
CPU8 44.504054 166434 sgemm sgemm CUDA0 1.208166 166474 40
CPU10 45.113808 166435 sgemm sgemm CUDA0 1.200588 166475 40
CPU7 44.877012 166436 sgemm sgemm CUDA1 0.758086 166476 40
CPU3 44.513420 166437 sgemm sgemm CUDA3 1.310582 166477 40
CPU17 44.925095 166438 sgemm sgemm CUDA3 1.065553 166478 40
CPU15 44.469851 166439 sgemm sgemm CUDA1 1.070996 166479 40
CPU9 44.831463 166440 sgemm sgemm CUDA1 1.064746 166480 40
CPU16 44.736048 166441 sgemm sgemm CPU21 236.213726 166481 40
CPU6 44.935345 166442 sgemm sgemm CUDA0 0.065199 166482 40
CPU11 44.722960 166443 sgemm sgemm CUDA3 1.192979 166483 40
CPU15 44.741904 166444 sgemm sgemm CUDA3 0.992128 166484 40
CPU19 44.928265 166445 sgemm sgemm CUDA1 1.203567 166485 40
CPU3 44.844140 166446 sgemm sgemm CUDA1 1.065859 166486 40
CPU5 44.789645 166447 sgemm sgemm CUDA3 12.240723 166487 40
CPU12 44.979066 166448 sgemm sgemm CUDA1 0.071999 166488 40
CPU3 44.627467 166449 sgemm sgemm CUDA1 3.763883 166489 40
CPU11 44.689797 166450 sgemm sgemm CUDA3 0.067031 166490 40
CPU13 44.923735 166451 sgemm sgemm CUDA0 1.195574 166491 40
CPU10 45.170139 166452 sgemm sgemm CUDA1 11.905834 166492 40
CPU13 45.275279 166453 sgemm sgemm CUDA3 1.068672 166493 40
CPU19 45.033605 166454 sgemm sgemm CUDA3 1.078320 166494 40
CPU16 44.837421 166455 sgemm sgemm CUDA3 24.608246 166495 40
CPU10 45.059414 166456 sgemm sgemm CUDA3 1.197825 166496 40
CPU18 44.862963 166457 sgemm sgemm CUDA1 11.724679 166497 40
CPU16 45.052609 166458 sgemm sgemm CUDA3 12.054576 166498 40
CPU16 44.612129 166459 sgemm sgemm CUDA3 1.201961 166499 40
CPU15 44.872519 166460 sgemm sgemm CUDA3 1.073226 166500 40
CPU16 44.800598 166461 sgemm sgemm CUDA3 1.196524 166501 40
CPU13 44.875246 166462 sgemm sgemm CUDA2 0.052985 166502 40
CPU0 24.886653 166463 ssyrk ssyrk CUDA0 0.928503 166503 40
CPU11 44.798947 166464 sgemm sgemm CUDA2 0.059927 166504 40
CPU6 44.785812 166465 sgemm sgemm CUDA0 0.062045 166505 40
CPU15 44.839008 166466 sgemm sgemm CUDA0 1.064491 166506 40
CPU3 44.823227 166467 sgemm sgemm CUDA0 1.064680 166507 40
CPU9 44.600942 166468 sgemm sgemm CUDA2 1.335200 166508 40
CPU9 44.181006 166469 sgemm sgemm CUDA0 1.080797 166509 40
CPU4 45.033458 166470 sgemm sgemm CUDA2 1.070523 166510 40
CPU8 44.628607 166471 sgemm sgemm CUDA3 1.084728 166511 40
CPU16 44.658859 166472 sgemm sgemm CUDA3 1.202881 166512 40
CPU16 44.709604 166473 sgemm sgemm CUDA2 1.292365 166513 40
CPU0 45.362663 166474 sgemm sgemm CUDA1 12.541373 166514 40
CPU14 44.814123 166475 sgemm sgemm CPU23 245.705840 166515 40
CPU0 45.306878 166476 sgemm sgemm CUDA0 1.345008 166516 40
CPU12 44.800930 166477 sgemm sgemm CUDA2 1.195551 166517 40
CPU15 44.994432 166478 sgemm sgemm CUDA3 0.694017 166518 40
CPU19 44.971079 166479 sgemm sgemm CUDA1 1.068867 166519 40
CPU1 44.570881 166480 sgemm sgemm CUDA1 1.207296 166520 40
CPU1 44.823529 166481 sgemm sgemm CUDA0 1.064366 166521 40
CPU3 45.132034 166482 sgemm sgemm CUDA1 1.358432 166522 40
CPU0 44.920856 166483 sgemm sgemm CUDA3 1.215819 166523 40
CPU14 44.562670 166484 sgemm sgemm CUDA2 1.296854 166524 40
CPU7 45.417836 166485 sgemm sgemm CUDA1 1.194521 166525 40
CPU18 44.895151 166486 sgemm sgemm CPU -1 166526 40
CPU1 44.717502 166487 sgemm sgemm CUDA0 1.200413 166527 40
CPU2 44.612615 166488 sgemm sgemm CUDA1 1.202954 166528 40
CPU17 44.755699 166489 sgemm sgemm CUDA1 1.185366 166529 40
CPU7 45.265180 166490 sgemm sgemm CUDA1 2.331717 166530 40
CPU16 44.980519 166491 sgemm sgemm CUDA0 1.148677 166531 40
CPU2 44.970936 166492 sgemm sgemm CUDA1 12.776686 166532 40
CPU7 45.361769 166493 sgemm sgemm CUDA0 1.197372 166533 40
CPU4 45.397626 166494 sgemm sgemm CUDA1 1.065898 166534 40
CPU9 44.887059 166495 sgemm sgemm CUDA3 1.083279 166535 40
CPU2 45.066404 166496 sgemm sgemm CUDA3 1.174872 166536 40
CPU4 24.986393 166497 ssyrk ssyrk CUDA2 0.914071 166537 40
CPU2 44.793999 166498 sgemm sgemm CUDA2 1.194881 166538 40
CPU14 45.248806 166499 sgemm sgemm CUDA1 0.143765 166539 40
CPU14 45.126113 166500 sgemm sgemm CUDA1 1.250007 166540 40
CPU1 44.605177 166501 sgemm sgemm CUDA2 8.425971 166541 40
CPU5 44.283119 166502 sgemm sgemm CUDA1 12.087635 166542 40
CPU12 45.123979 166503 sgemm sgemm CUDA1 1.077951 166543 40
CPU9 44.239727 166504 sgemm sgemm CUDA1 1.205381 166544 40
CPU15 44.635808 166505 sgemm sgemm CUDA3 1.202677 166545 40
CPU11 44.803818 166506 sgemm sgemm CUDA1 1.065995 166546 40
CPU10 44.942245 166507 sgemm sgemm CUDA1 1.248611 166547 40
CPU16 44.748290 166508 sgemm sgemm CPU24 233.517389 166548 40
CPU9 44.613033 166509 sgemm sgemm CUDA0 1.067545 166549 40
CPU1 44.846062 166510 sgemm sgemm CUDA0 1.077636 166550 40
CPU18 44.744184 166511 sgemm sgemm CUDA2 1.124603 166551 40
CPU11 45.047172 166512 sgemm sgemm CUDA0 3.718820 166552 40
CPU9 44.515676 166513 sgemm sgemm CUDA2 1.065832 166553 40
CPU7 44.907559 166514 sgemm sgemm CUDA1 1.080320 166554 40
CPU10 44.856452 166515 sgemm sgemm CUDA1 5.147728 166555 40
CPU3 44.782069 166516 sgemm sgemm CUDA1 1.074346 166556 40
CPU0 45.094750 166517 sgemm sgemm CUDA2 1.063596 166557 40
CPU3 44.973656 166518 sgemm sgemm CUDA3 0.096641 166558 40
CPU6 44.826403 166519 sgemm sgemm CPU10 159.765152 166559 40
CPU5 44.620314 166520 sgemm sgemm CUDA3 1.066163 166560 40
CPU7 44.804137 166521 sgemm sgemm CUDA1 1.191412 166561 40
CPU0 45.022647 166522 sgemm sgemm CUDA2 1.195212 166562 40
CPU6 45.169500 166523 sgemm sgemm CUDA1 4.068323 166563 40
CPU17 45.245969 166524 sgemm sgemm CUDA0 0.986574 166564 40
CPU18 44.767803 166525 sgemm sgemm CUDA2 5.679911 166565 40
CPU18 44.558312 166526 sgemm sgemm CUDA3 1.077760 166566 40
CPU8 44.953483 166527 sgemm sgemm CUDA3 1.197880 166567 40
CPU1 45.059072 166528 sgemm sgemm CUDA3 1.196782 166568 40
CPU5 44.852440 166529 sgemm sgemm CUDA1 0.073204 166569 40
CPU6 25.121602 166530 ssyrk ssyrk CUDA1 0.137891 166570 40
CPU5 44.513526 166531 sgemm sgemm CUDA1 1.330262 166571 40
CPU2 45.216005 166532 sgemm sgemm CUDA1 1.175170 166572 40
CPU11 44.790810 166533 sgemm sgemm CUDA2 1.307533 166573 40
CPU2 44.446199 166534 sgemm sgemm CUDA0 13.513058 166574 40
CPU1 44.940400 166535 sgemm sgemm CUDA1 0.060720 166575 40
CPU7 44.779406 166536 sgemm sgemm CUDA2 1.063953 166576 40
CPU18 44.697616 166537 sgemm sgemm CUDA0 1.448509 166577 40
CPU10 44.560601 166538 sgemm sgemm CUDA2 1.065236 166578 40
CPU5 45.017188 166539 sgemm sgemm CUDA0 1.202709 166579 40
CPU16 45.231780 166540 sgemm sgemm CPU25 234.946264 166580 40
CPU3 45.090122 166541 sgemm sgemm CUDA0 1.078116 166581 40
CPU11 44.432630 166542 sgemm sgemm CUDA2 1.076280 166582 40
CPU12 44.857481 166543 sgemm sgemm CUDA2 1.027995 166583 40
CPU11 45.147347 166544 sgemm sgemm CUDA1 1.069226 166584 40
CPU4 44.914489 166545 sgemm sgemm CUDA1 1.210451 166585 40
CPU1 44.933763 166546 sgemm sgemm CUDA0 1.064434 166586 40
CPU13 44.523886 166547 sgemm sgemm CUDA2 1.203813 166587 40
CPU7 44.462325 166548 sgemm sgemm CUDA1 1.169173 166588 40
CPU18 44.614218 166549 sgemm sgemm CUDA2 1.065578 166589 40
CPU16 45.199163 166550 sgemm sgemm CUDA2 21.276000 166590 40
CPU2 44.884672 166551 sgemm sgemm CPU11 167.412034 166591 40
CPU0 45.028349 166552 sgemm sgemm CUDA1 0.065588 166592 40
CPU7 44.872590 166553 sgemm sgemm CUDA0 1.069113 166593 40
CPU9 44.851315 166554 sgemm sgemm CUDA0 1.207571 166594 40
CPU0 45.658819 166555 sgemm sgemm CUDA3 0.104725 166595 40
CPU16 44.940771 166556 sgemm sgemm CUDA1 0.065158 166596 40
CPU12 45.061169 166557 sgemm sgemm CUDA3 1.058916 166597 40
CPU1 45.201086 166558 sgemm sgemm CUDA0 12.368008 166598 40
CPU6 45.527835 166559 sgemm sgemm CUDA1 1.079497 166599 40
CPU5 45.141001 166560 sgemm sgemm CUDA0 1.204722 166600 40
CPU4 44.983185 166561 sgemm sgemm CUDA2 1.274079 166601 40
CPU14 25.450413 166562 ssyrk ssyrk CUDA0 0.673619 166602 40
CPU14 45.203982 166563 sgemm sgemm CUDA0 1.202319 166603 40
CPU14 45.154667 166564 sgemm sgemm CUDA0 5.577885 166604 40
CPU3 44.256262 166565 sgemm sgemm CUDA0 1.195087 166605 40
CPU15 45.035457 166566 sgemm sgemm CUDA1 1.200391 166606 40
CPU14 45.129124 166567 sgemm sgemm CUDA2 1.198160 166607 40
CPU16 44.793909 166568 sgemm sgemm CUDA1 1.083859 166608 40
CPU8 44.875166 166569 sgemm sgemm CUDA1 1.195587 166609 40
CPU17 44.901434 166570 sgemm sgemm CUDA2 1.195538 166610 40
CPU16 44.971522 166571 sgemm sgemm CPU26 248.569099 166611 40
CPU0 44.817427 166572 sgemm sgemm CUDA2 1.197843 166612 40
CPU5 44.766546 166573 sgemm sgemm CUDA2 7.325045 166613 40
CPU14 44.883747 166574 sgemm sgemm CUDA2 12.111240 166614 40
CPU19 44.999271 166575 sgemm sgemm CUDA1 1.210813 166615 40
CPU9 44.551526 166576 sgemm sgemm CUDA1 0.109645 166616 40
CPU12 45.027306 166577 sgemm sgemm CUDA3 1.198933 166617 40
CPU10 45.101132 166578 sgemm sgemm CUDA1 1.061856 166618 40
CPU18 44.863144 166579 sgemm sgemm CUDA1 1.018532 166619 40
CPU17 45.177792 166580 sgemm sgemm CUDA2 1.204208 166620 40
CPU1 45.151176 166581 sgemm sgemm CUDA0 12.193081 166621 40
CPU14 44.822211 166582 sgemm sgemm CPU13 173.769600 166622 40
CPU16 45.015927 166583 sgemm sgemm CUDA1 1.064911 166623 40
CPU5 44.467863 166584 sgemm sgemm CUDA0 0.124721 166624 40
CPU19 44.843488 166585 sgemm sgemm CUDA0 1.066227 166625 40
CPU9 44.850763 166586 sgemm sgemm CUDA2 11.909393 166626 40
CPU16 45.087836 166587 sgemm sgemm CUDA2 1.080062 166627 40
CPU5 44.426630 166588 sgemm sgemm CUDA1 1.353197 166628 40
CPU0 45.184520 166589 sgemm sgemm CUDA2 0.066854 166629 40
CPU6 45.110193 166590 sgemm sgemm CUDA3 1.156356 166630 40
CPU12 45.218045 166591 sgemm sgemm CUDA1 1.068492 166631 40
CPU16 45.207196 166592 sgemm sgemm CUDA1 1.512205 166632 40
CPU0 24.809216 166593 ssyrk ssyrk CUDA0 0.692103 166633 40
CPU14 45.017047 166594 sgemm sgemm CUDA3 1.263436 166634 40
CPU11 44.469106 166595 sgemm sgemm CUDA0 0.100391 166635 40
CPU2 44.616075 166596 sgemm sgemm CUDA0 1.157913 166636 40
CPU3 44.354978 166597 sgemm sgemm CUDA3 1.300259 166637 40
CPU15 44.444626 166598 sgemm sgemm CUDA1 1.161182 166638 40
CPU16 44.423397 166599 sgemm sgemm CUDA1 12.173003 166639 40
CPU11 45.525589 166600 sgemm sgemm CUDA3 1.208858 166640 40
CPU16 44.874739 166601 sgemm sgemm CPU27 240.095285 166641 40
CPU1 45.149458 166602 sgemm sgemm CUDA0 1.066677 166642 40
CPU2 44.830765 166603 sgemm sgemm CUDA0 0.060657 166643 40
CPU10 45.004906 166604 sgemm sgemm CUDA0 1.068779 166644 40
CPU0 45.297034 166605 sgemm sgemm CUDA0 0.111034 166645 40
CPU3 44.591246 166606 sgemm sgemm CPU -1 166646 40
CPU8 44.674074 166607 sgemm sgemm CUDA3 1.068518 166647 40
CPU11 44.603818 166608 sgemm sgemm CUDA3 21.557945 166648 40
CPU7 44.775472 166609 sgemm sgemm CUDA1 1.205207 166649 40
CPU11 44.728555 166610 sgemm sgemm CUDA1 1.208944 166650 40
CPU4 45.281840 166611 sgemm sgemm CUDA1 1.259395 166651 40
CPU10 44.848621 166612 sgemm sgemm CPU14 166.068703 166652 40
CPU6 44.741040 166613 sgemm sgemm CUDA1 1.082575 166653 40
CPU12 45.005615 166614 sgemm sgemm CUDA0 11.778450 166654 40
CPU17 44.966889 166615 sgemm sgemm CUDA0 1.201380 166655 40
CPU1 45.078408 166616 sgemm sgemm CUDA1 1.213619 166656 40
CPU16 44.947917 166617 sgemm sgemm CUDA0 1.013197 166657 40
CPU10 44.943951 166618 sgemm sgemm CUDA1 1.203896 166658 40
CPU13 44.554408 166619 sgemm sgemm CUDA3 1.078440 166659 40
CPU11 44.555552 166620 sgemm sgemm CUDA1 1.083843 166660 40
CPU12 44.828438 166621 sgemm sgemm CUDA3 1.074452 166661 40
CPU10 44.850545 166622 sgemm sgemm CUDA3 1.061896 166662 40
CPU0 24.970771 166623 ssyrk ssyrk CPU -1 166663 40
CPU8 44.510675 166624 sgemm sgemm CUDA3 1.195573 166664 40
CPU6 44.915665 166625 sgemm sgemm CUDA0 1.202606 166665 40
CPU2 44.298847 166626 sgemm sgemm CUDA3 1.367813 166666 40
CPU18 44.593643 166627 sgemm sgemm CUDA3 1.146173 166667 40
CPU16 44.605664 166628 sgemm sgemm CUDA2 0.044080 166668 40
CPU17 45.195013 166629 sgemm sgemm CUDA3 1.009531 166669 40
CPU15 44.907852 166630 sgemm sgemm CPU28 234.496311 166670 40
CPU3 44.761136 166631 sgemm sgemm CUDA3 1.010701 166671 40
CPU4 45.017192 166632 sgemm sgemm CUDA2 1.204634 166672 40
CPU14 44.743604 166633 sgemm sgemm CUDA2 0.088278 166673 40
CPU19 45.150247 166634 sgemm sgemm CUDA0 1.199819 166674 40
CPU17 45.150759 166635 sgemm sgemm CPU12 233.840584 166675 40
CPU12 45.166087 166636 sgemm sgemm CUDA1 1.203724 166676 40
CPU3 44.764535 166637 sgemm sgemm CUDA0 1.075726 166677 40
CPU2 44.157823 166638 sgemm sgemm CUDA3 1.063681 166678 40
CPU3 44.814571 166639 sgemm sgemm CUDA0 7.962766 166679 40
CPU8 44.882007 166640 sgemm sgemm CUDA0 0.051864 166680 40
CPU11 44.926028 166641 sgemm sgemm CPU15 173.953162 166681 40
CPU9 44.590886 166642 sgemm sgemm CUDA0 1.320784 166682 40
CPU6 44.501122 166643 sgemm sgemm CUDA2 1.067038 166683 40
CPU15 44.749937 166644 sgemm sgemm CPU -1 166684 40
CPU7 44.358967 166645 sgemm sgemm CUDA3 1.066756 166685 40
CPU16 45.111409 166646 sgemm sgemm CUDA0 1.065506 166686 40
CPU6 44.597057 166647 sgemm sgemm CUDA1 1.011906 166687 40
CPU6 44.932518 166648 sgemm sgemm CPU10 248.669120 166688 40
CPU17 44.901494 166649 sgemm sgemm CPU22 110.194645 166689 40
CPU19 45.198389 166650 sgemm sgemm CUDA0 1.067154 166690 40
CPU15 44.800577 166651 sgemm sgemm CPU13 255.884387 166691 40
CPU9 24.450025 166652 ssyrk ssyrk CUDA3 0.628418 166692 40
CPU2 44.517057 166653 sgemm sgemm CUDA2 1.144392 166693 40
CPU1 44.503588 166654 sgemm sgemm CUDA3 1.209327 166694 40
CPU12 44.711396 166655 sgemm sgemm CUDA3 1.194876 166695 40
CPU11 44.644742 166656 sgemm sgemm CUDA0 1.209930 166696 40
CPU1 44.822761 166657 sgemm sgemm CUDA2 0.063319 166697 40
CPU16 45.125721 166658 sgemm sgemm CPU29 275.505638 166698 40
CPU9 44.807273 166659 sgemm sgemm CUDA2 1.062950 166699 40
CPU8 44.377207 166660 sgemm sgemm CUDA3 0.129149 166700 40
CPU16 44.676280 166661 sgemm sgemm CUDA2 1.444984 166701 40
CPU19 45.089345 166662 sgemm sgemm CUDA1 1.079598 166702 40
CPU7 44.863386 166663 sgemm sgemm CPU13 165.254457 166703 40
CPU4 44.464187 166664 sgemm sgemm CUDA3 1.070731 166704 40
CPU19 45.031763 166665 sgemm sgemm CUDA3 1.288106 166705 40
CPU3 44.497754 166666 sgemm sgemm CUDA1 1.077685 166706 40
CPU16 44.849868 166667 sgemm sgemm CUDA1 1.064829 166707 40
CPU9 44.622284 166668 sgemm sgemm CUDA3 1.251520 166708 40
CPU14 45.072880 166669 sgemm sgemm CPU16 216.089874 166709 40
CPU15 44.894620 166670 sgemm sgemm CUDA1 1.082049 166710 40
CPU5 44.346441 166671 sgemm sgemm CUDA3 3.800537 166711 40
CPU7 44.576646 166672 sgemm sgemm CUDA0 1.084338 166712 40
CPU9 44.766167 166673 sgemm sgemm CUDA2 11.833112 166713 40
CPU16 45.325585 166674 sgemm sgemm CUDA0 1.067405 166714 40
CPU0 44.768610 166675 sgemm sgemm CUDA1 1.068553 166715 40
CPU4 45.245084 166676 sgemm sgemm CUDA0 0.093589 166716 40
CPU11 44.720990 166677 sgemm sgemm CUDA1 1.065322 166717 40
CPU19 45.041194 166678 sgemm sgemm CUDA0 1.064442 166718 40
CPU19 45.040786 166679 sgemm sgemm CUDA0 0.070500 166719 40
CPU17 24.801014 166680 ssyrk ssyrk CUDA2 0.676000 166720 40
CPU9 44.351871 166681 sgemm sgemm CUDA2 1.076909 166721 40
CPU16 44.553598 166682 sgemm sgemm CUDA1 1.025754 166722 40
CPU12 45.131054 166683 sgemm sgemm CUDA1 0.057183 166723 40
CPU8 44.786822 166684 sgemm sgemm CUDA2 1.195505 166724 40
CPU16 44.909385 166685 sgemm sgemm CPU30 237.012331 166725 40
CPU1 45.090900 166686 sgemm sgemm CUDA2 1.199389 166726 40
CPU17 45.030767 166687 sgemm sgemm CUDA2 1.259601 166727 40
CPU14 44.857115 166688 sgemm sgemm CUDA0 1.075349 166728 40
CPU12 45.735201 166689 sgemm sgemm CUDA1 1.067871 166729 40
CPU4 44.843543 166690 sgemm sgemm CPU14 172.190445 166730 40
CPU4 44.700965 166691 sgemm sgemm CUDA1 12.279977 166731 40
CPU13 44.618572 166692 sgemm sgemm CUDA2 1.063872 166732 40
CPU3 44.642481 166693 sgemm sgemm CUDA1 1.140053 166733 40
CPU17 44.940362 166694 sgemm sgemm CUDA1 1.206480 166734 40
CPU13 44.887657 166695 sgemm sgemm CUDA2 0.073166 166735 40
CPU15 44.741900 166696 sgemm sgemm CPU17 264.440190 166736 40
CPU18 44.746724 166697 sgemm sgemm CUDA0 1.474366 166737 40
CPU17 44.972097 166698 sgemm sgemm CUDA2 0.118718 166738 40
CPU14 44.680417 166699 sgemm sgemm CUDA0 1.207490 166739 40
CPU7 45.149588 166700 sgemm sgemm CUDA1 1.176016 166740 40
CPU7 44.802031 166701 sgemm sgemm CUDA2 0.076237 166741 40
CPU19 44.927453 166702 sgemm sgemm CUDA1 1.211220 166742 40
CPU18 45.084884 166703 sgemm sgemm CUDA2 1.076481 166743 40
CPU19 45.313018 166704 sgemm sgemm CUDA3 12.232505 166744 40
CPU19 44.866666 166705 sgemm sgemm CUDA1 1.195353 166745 40
CPU19 44.938777 166706 sgemm sgemm CUDA2 1.080127 166746 40
CPU1 24.491883 166707 ssyrk ssyrk CUDA3 0.061000 166747 40
CPU17 44.748262 166708 sgemm sgemm CUDA3 1.064480 166748 40
CPU15 44.174618 166709 sgemm sgemm CUDA3 1.079844 166749 40
CPU17 44.916838 166710 sgemm sgemm CUDA3 12.079687 166750 40
CPU14 44.880878 166711 sgemm sgemm CPU31 198.858860 166751 40
CPU1 44.666280 166712 sgemm sgemm CUDA3 1.083023 166752 40
CPU19 45.053953 166713 sgemm sgemm CUDA2 1.194388 166753 40
CPU15 44.541066 166714 sgemm sgemm CUDA3 1.062741 166754 40
CPU19 45.160985 166715 sgemm sgemm CUDA2 0.136363 166755 40
CPU5 44.485566 166716 sgemm sgemm CPU15 249.538894 166756 40
CPU6 44.621604 166717 sgemm sgemm CUDA3 1.193029 166757 40
CPU12 44.939196 166718 sgemm sgemm CUDA1 8.940393 166758 40
CPU2 44.345134 166719 sgemm sgemm CUDA3 1.207190 166759 40
CPU10 45.071485 166720 sgemm sgemm CUDA2 1.068734 166760 40
CPU9 44.984630 166721 sgemm sgemm CUDA2 1.312871 166761 40
CPU8 44.748215 166722 sgemm sgemm CPU18 120.092811 166762 40
CPU5 44.547721 166723 sgemm sgemm CUDA1 1.064953 166763 40
CPU16 44.965882 166724 sgemm sgemm CUDA2 11.780316 166764 40
CPU19 45.204738 166725 sgemm sgemm CUDA3 0.165089 166765 40
CPU0 45.136517 166726 sgemm sgemm CUDA2 13.913276 166766 40
CPU9 44.668269 166727 sgemm sgemm CUDA2 0.073049 166767 40
CPU0 45.020165 166728 sgemm sgemm CUDA1 1.081952 166768 40
CPU9 44.901664 166729 sgemm sgemm CUDA2 1.076473 166769 40
CPU1 45.092233 166730 sgemm sgemm CUDA1 1.209880 166770 40
CPU6 44.906484 166731 sgemm sgemm CUDA3 1.197310 166771 40
CPU7 44.644628 166732 sgemm sgemm CUDA3 1.067369 166772 40
CPU17 25.323921 166733 ssyrk ssyrk CUDA0 0.693926 166773 40
CPU19 44.675870 166734 sgemm sgemm CUDA0 1.206985 166774 40
CPU15 44.684181 166735 sgemm sgemm CUDA1 1.210548 166775 40
CPU15 44.494399 166736 sgemm sgemm CPU33 219.889784 166776 40
CPU4 44.969992 166737 sgemm sgemm CUDA0 1.199833 166777 40
CPU3 44.842815 166738 sgemm sgemm CUDA3 7.890036 166778 40
CPU16 44.781876 166739 sgemm sgemm CUDA0 1.068816 166779 40
CPU19 44.677228 166740 sgemm sgemm CUDA1 1.210169 166780 40
CPU8 44.548577 166741 sgemm sgemm CPU16 132.473806 166781 40
CPU6 44.445595 166742 sgemm sgemm CUDA0 10.433632 166782 40
CPU18 44.661232 166743 sgemm sgemm CUDA1 1.296624 166783 40
CPU8 44.628056 166744 sgemm sgemm CUDA3 1.192366 166784 40
CPU18 44.638385 166745 sgemm sgemm CUDA1 1.200734 166785 40
CPU17 44.777093 166746 sgemm sgemm CUDA3 1.059911 166786 40
CPU8 44.795632 166747 sgemm sgemm CPU20 211.611251 166787 40
CPU4 44.808924 166748 sgemm sgemm CUDA0 1.204627 166788 40
CPU9 44.725533 166749 sgemm sgemm CUDA3 0.139585 166789 40
CPU16 44.821153 166750 sgemm sgemm CUDA3 12.053495 166790 40
CPU17 44.882083 166751 sgemm sgemm CUDA3 7.404813 166791 40
CPU16 44.795970 166752 sgemm sgemm CUDA0 1.014969 166792 40
CPU0 45.116897 166753 sgemm sgemm CUDA3 1.064330 166793 40
CPU2 45.273914 166754 sgemm sgemm CUDA3 1.081765 166794 40
CPU17 44.668599 166755 sgemm sgemm CUDA3 1.068348 166795 40
CPU16 44.606887 166756 sgemm sgemm CUDA3 1.242665 166796 40
CPU10 44.875658 166757 sgemm sgemm CUDA1 0.061187 166797 40
CPU16 24.784965 166758 ssyrk ssyrk CUDA3 0.689361 166798 40
CPU16 44.444103 166759 sgemm sgemm CUDA0 1.211091 166799 40
CPU16 44.684203 166760 sgemm sgemm CPU34 180.285770 166800 40
CPU3 44.767960 166761 sgemm sgemm CUDA0 1.193299 166801 40
CPU12 45.061296 166762 sgemm sgemm CUDA2 1.192581 166802 40
CPU11 44.683331 166763 sgemm sgemm CUDA0 1.068571 166803 40
CPU1 44.716330 166764 sgemm sgemm CUDA0 1.286472 166804 40
CPU10 45.023180 166765 sgemm sgemm CPU17 167.019935 166805 40
CPU18 44.881121 166766 sgemm sgemm CUDA0 3.561094 166806 40
CPU4 45.160386 166767 sgemm sgemm CUDA2 1.207157 166807 40
CPU0 44.769979 166768 sgemm sgemm CUDA3 1.016947 166808 40
CPU8 44.969040 166769 sgemm sgemm CUDA3 1.195905 166809 40
CPU0 45.413051 166770 sgemm sgemm CUDA0 0.172596 166810 40
CPU15 44.800945 166771 sgemm sgemm CPU21 172.534553 166811 40
CPU7 44.778411 166772 sgemm sgemm CUDA1 1.064919 166812 40
CPU10 45.033932 166773 sgemm sgemm CUDA3 1.291841 166813 40
CPU11 44.689603 166774 sgemm sgemm CUDA0 1.199899 166814 40
CPU12 44.904425 166775 sgemm sgemm CUDA3 0.180882 166815 40
CPU16 44.931954 166776 sgemm sgemm CUDA2 0.052864 166816 40
CPU10 44.940570 166777 sgemm sgemm CUDA3 1.193045 166817 40
CPU8 45.172863 166778 sgemm sgemm CUDA0 1.072809 166818 40
CPU1 45.367728 166779 sgemm sgemm CUDA3 1.206281 166819 40
CPU14 44.810435 166780 sgemm sgemm CUDA0 1.208191 166820 40
CPU14 44.874004 166781 sgemm sgemm CUDA0 11.058088 166821 40
CPU7 25.121633 166782 ssyrk ssyrk CUDA3 0.615687 166822 40
CPU16 44.684692 166783 sgemm sgemm CPU35 160.723755 166823 40
CPU2 44.791582 166784 sgemm sgemm CUDA2 1.211121 166824 40
CPU9 45.218955 166785 sgemm sgemm CUDA0 1.081529 166825 40
CPU11 44.531462 166786 sgemm sgemm CUDA2 1.146799 166826 40
CPU10 45.027767 166787 sgemm sgemm CUDA2 0.099934 166827 40
CPU18 44.918075 166788 sgemm sgemm CPU19 237.409650 166828 40
CPU10 44.878139 166789 sgemm sgemm CUDA3 1.064347 166829 40
CPU10 44.633792 166790 sgemm sgemm CUDA2 1.079565 166830 40
CPU15 44.833924 166791 sgemm sgemm CUDA3 1.018309 166831 40
CPU8 45.089541 166792 sgemm sgemm CUDA3 1.061816 166832 40
CPU8 44.964509 166793 sgemm sgemm CUDA3 0.080808 166833 40
CPU6 45.130941 166794 sgemm sgemm CPU31 177.685561 166834 40
CPU18 44.756124 166795 sgemm sgemm CUDA3 1.313381 166835 40
CPU6 44.843036 166796 sgemm sgemm CUDA2 5.210641 166836 40
CPU12 44.805972 166797 sgemm sgemm CUDA3 16.268009 166837 40
CPU3 45.126228 166798 sgemm sgemm CUDA2 1.063513 166838 40
CPU9 44.836096 166799 sgemm sgemm CUDA2 0.986655 166839 40
CPU2 44.754690 166800 sgemm sgemm CUDA3 1.067277 166840 40
CPU3 45.262775 166801 sgemm sgemm CUDA0 1.311352 166841 40
CPU4 45.142891 166802 sgemm sgemm CPU11 263.185680 166842 40
CPU4 45.058786 166803 sgemm sgemm CUDA1 0.050491 166843 40
CPU6 45.050941 166804 sgemm sgemm CUDA1 1.420408 166844 40
CPU16 24.895316 166805 ssyrk ssyrk CPU -1 166845 40
CPU16 44.841404 166806 sgemm sgemm CUDA0 1.205080 166846 40
CPU10 44.812184 166807 sgemm sgemm CUDA0 9.393314 166847 40
CPU6 45.385122 166808 sgemm sgemm CUDA2 11.148507 166848 40
CPU16 44.896854 166809 sgemm sgemm CUDA0 1.304919 166849 40
CPU17 45.132138 166810 sgemm sgemm CUDA0 1.075342 166850 40
CPU16 44.880333 166811 sgemm sgemm CUDA0 0.050118 166851 40
CPU19 44.853112 166812 sgemm sgemm CUDA0 1.260951 166852 40
CPU8 44.545351 166813 sgemm sgemm CUDA3 0.041277 166853 40
CPU16 44.740814 166814 sgemm sgemm CUDA0 1.141364 166854 40
CPU8 44.961604 166815 sgemm sgemm CUDA2 1.203144 166855 40
CPU17 44.910405 166816 sgemm sgemm CUDA3 1.210694 166856 40
CPU2 44.516888 166817 sgemm sgemm CUDA3 1.205750 166857 40
CPU4 44.666791 166818 sgemm sgemm CUDA2 1.200294 166858 40
CPU9 44.617871 166819 sgemm sgemm CUDA2 12.050902 166859 40
CPU9 44.472324 166820 sgemm sgemm CUDA3 1.195141 166860 40
CPU16 45.010302 166821 sgemm sgemm CUDA0 1.062229 166861 40
CPU17 44.800891 166822 sgemm sgemm CUDA2 0.452404 166862 40
CPU17 44.572062 166823 sgemm sgemm CUDA0 1.204948 166863 40
CPU13 45.038351 166824 sgemm sgemm CUDA1 1.061849 166864 40
CPU5 44.896135 166825 sgemm sgemm CUDA3 0.095764 166865 40
CPU13 44.911075 166826 sgemm sgemm CUDA3 1.075891 166866 40
CPU4 25.256814 166827 ssyrk ssyrk CPU -1 166867 40
CPU6 44.854233 166828 sgemm sgemm CUDA2 1.195235 166868 40
CPU16 44.846568 166829 sgemm sgemm CUDA0 1.076219 166869 40
CPU4 45.218137 166830 sgemm sgemm CUDA0 1.065424 166870 40
CPU5 44.682874 166831 sgemm sgemm CPU21 182.108054 166871 40
CPU3 44.589220 166832 sgemm sgemm CUDA3 2.662238 166872 40
CPU11 44.781503 166833 sgemm sgemm CUDA3 1.081876 166873 40
CPU6 44.743188 166834 sgemm sgemm CUDA1 10.687917 166874 40
CPU0 45.265038 166835 sgemm sgemm CUDA3 1.078106 166875 40
CPU12 44.654944 166836 sgemm sgemm CUDA0 11.865423 166876 40
CPU12 44.918801 166837 sgemm sgemm CPU33 167.828175 166877 40
CPU11 44.954311 166838 sgemm sgemm CUDA1 1.063100 166878 40
CPU18 45.210130 166839 sgemm sgemm CUDA3 1.066151 166879 40
CPU19 44.924080 166840 sgemm sgemm CUDA2 1.084929 166880 40
CPU17 44.654703 166841 sgemm sgemm CUDA2 1.086015 166881 40
CPU11 45.096856 166842 sgemm sgemm CUDA0 1.247880 166882 40
CPU10 45.171235 166843 sgemm sgemm CUDA2 1.299722 166883 40
CPU0 45.379550 166844 sgemm sgemm CUDA2 0.069672 166884 40
CPU18 44.721329 166845 sgemm sgemm CPU12 173.437398 166885 40
CPU17 45.070095 166846 sgemm sgemm CUDA1 1.008452 166886 40
CPU17 45.111577 166847 sgemm sgemm CUDA1 1.199216 166887 40
CPU4 25.426589 166848 ssyrk ssyrk CPU -1 166888 40
CPU14 44.791840 166849 sgemm sgemm CUDA2 1.067822 166889 40
CPU0 44.926373 166850 sgemm sgemm CUDA0 0.067175 166890 40
CPU10 44.948103 166851 sgemm sgemm CPU31 170.200448 166891 40
CPU11 44.971759 166852 sgemm sgemm CUDA3 1.202567 166892 40
CPU14 44.586854 166853 sgemm sgemm CUDA3 1.063964 166893 40
CPU19 45.276214 166854 sgemm sgemm CUDA3 1.027425 166894 40
CPU7 45.152554 166855 sgemm sgemm CUDA3 8.420553 166895 40
CPU3 45.112723 166856 sgemm sgemm CUDA0 0.062922 166896 40
CPU15 44.888859 166857 sgemm sgemm CPU34 192.661327 166897 40
CPU16 44.921830 166858 sgemm sgemm CUDA1 3.438038 166898 40
CPU14 44.996163 166859 sgemm sgemm CUDA2 2.224464 166899 40
CPU17 44.945330 166860 sgemm sgemm CUDA0 1.064921 166900 40
CPU8 45.061497 166861 sgemm sgemm CUDA3 1.198460 166901 40
CPU16 45.008488 166862 sgemm sgemm CUDA1 1.201944 166902 40
CPU17 45.127391 166863 sgemm sgemm CUDA2 1.070553 166903 40
CPU4 45.165175 166864 sgemm sgemm CUDA3 1.320235 166904 40
CPU2 45.057719 166865 sgemm sgemm CPU14 247.465427 166905 40
CPU13 44.798125 166866 sgemm sgemm CUDA0 1.208842 166906 40
CPU13 44.996237 166867 sgemm sgemm CUDA1 13.269453 166907 40
CPU3 24.836400 166868 ssyrk ssyrk CUDA2 0.676350 166908 40
CPU15 44.705739 166869 sgemm sgemm CUDA1 1.084916 166909 40
CPU17 44.939915 166870 sgemm sgemm CPU32 249.258453 166910 40
CPU1 44.819272 166871 sgemm sgemm CUDA1 1.066763 166911 40
CPU9 44.869729 166872 sgemm sgemm CUDA2 1.084620 166912 40
CPU2 44.672447 166873 sgemm sgemm CUDA0 13.787125 166913 40
CPU7 44.790088 166874 sgemm sgemm CUDA2 1.191353 166914 40
CPU0 45.351627 166875 sgemm sgemm CUDA1 0.065847 166915 40
CPU0 45.068041 166876 sgemm sgemm CPU35 196.908749 166916 40
CPU1 44.900284 166877 sgemm sgemm CUDA1 0.062385 166917 40
CPU0 45.150159 166878 sgemm sgemm CUDA0 2.855765 166918 40
CPU9 44.935928 166879 sgemm sgemm CUDA2 1.067069 166919 40
CPU2 45.159686 166880 sgemm sgemm CUDA3 1.148602 166920 40
CPU15 44.851316 166881 sgemm sgemm CUDA0 10.793280 166921 40
CPU4 44.784482 166882 sgemm sgemm CUDA2 1.895304 166922 40
CPU6 45.216505 166883 sgemm sgemm CUDA3 1.067534 166923 40
CPU18 44.636140 166884 sgemm sgemm CUDA0 7.164741 166924 40
CPU7 45.151617 166885 sgemm sgemm CUDA1 1.067214 166925 40
CPU6 44.897919 166886 sgemm sgemm CUDA0 0.047731 166926 40
CPU14 24.868156 166887 ssyrk ssyrk CPU -1 166927 40
CPU19 44.935414 166888 sgemm sgemm CPU33 260.373594 166928 40
CPU12 44.999936 166889 sgemm sgemm CUDA0 1.252836 166929 40
CPU12 45.021610 166890 sgemm sgemm CUDA2 0.563467 166930 40
CPU16 45.078670 166891 sgemm sgemm CUDA0 0.054367 166931 40
CPU17 45.158784 166892 sgemm sgemm CUDA2 0.117550 166932 40
CPU5 44.652564 166893 sgemm sgemm CUDA0 1.093974 166933 40
CPU14 45.275529 166894 sgemm sgemm CUDA1 0.057121 166934 40
CPU19 44.940947 166895 sgemm sgemm CUDA1 1.290059 166935 40
CPU5 44.417363 166896 sgemm sgemm CUDA2 1.197932 166936 40
CPU17 45.059166 166897 sgemm sgemm CUDA1 1.066216 166937 40
CPU0 44.797065 166898 sgemm sgemm CUDA1 1.081600 166938 40
CPU16 44.935685 166899 sgemm sgemm CUDA0 1.017837 166939 40
CPU7 44.580810 166900 sgemm sgemm CUDA1 1.303116 166940 40
CPU8 44.666867 166901 sgemm sgemm CUDA0 4.132539 166941 40
CPU1 44.944629 166902 sgemm sgemm CPU16 125.184513 166942 40
CPU1 44.867139 166903 sgemm sgemm CUDA3 1.304937 166943 40
CPU0 45.011624 166904 sgemm sgemm CUDA0 1.353960 166944 40
CPU7 24.743755 166905 ssyrk ssyrk CPU34 61.186745 166945 40
CPU8 44.654283 166906 sgemm sgemm CPU35 156.147330 166946 40
CPU15 45.070799 166907 sgemm sgemm CUDA1 1.316753 166947 40
CPU18 44.883747 166908 sgemm sgemm CUDA3 1.197358 166948 40
CPU6 44.938043 166909 sgemm sgemm CUDA2 1.209312 166949 40
CPU12 44.890884 166910 sgemm sgemm CUDA1 1.202602 166950 40
CPU16 45.072367 166911 sgemm sgemm CUDA1 1.079256 166951 40
CPU10 45.322710 166912 sgemm sgemm CUDA0 1.085898 166952 40
CPU11 45.112698 166913 sgemm sgemm CUDA3 12.245760 166953 40
CPU17 45.004164 166914 sgemm sgemm CUDA2 1.082475 166954 40
CPU19 45.060343 166915 sgemm sgemm CUDA3 1.246644 166955 40
CPU19 45.217132 166916 sgemm sgemm CUDA0 1.203229 166956 40
CPU16 45.198596 166917 sgemm sgemm CUDA3 0.080081 166957 40
CPU15 44.950158 166918 sgemm sgemm CUDA2 1.081704 166958 40
CPU15 44.958502 166919 sgemm sgemm CUDA0 1.062183 166959 40
CPU15 45.243816 166920 sgemm sgemm CUDA1 1.149281 166960 40
CPU15 45.236285 166921 sgemm sgemm CUDA1 1.208252 166961 40
CPU9 24.559160 166922 ssyrk ssyrk CPU -1 166962 40
CPU2 44.826972 166923 sgemm sgemm CUDA1 0.060744 166963 40
CPU8 44.823573 166924 sgemm sgemm CUDA0 1.374205 166964 40
CPU4 45.119534 166925 sgemm sgemm CUDA1 1.059204 166965 40
CPU18 44.582685 166926 sgemm sgemm CUDA3 1.066852 166966 40
CPU6 45.071154 166927 sgemm sgemm CUDA3 1.063150 166967 40
CPU8 44.854805 166928 sgemm sgemm CUDA0 1.199824 166968 40
CPU4 44.613073 166929 sgemm sgemm CUDA3 0.163101 166969 40
CPU5 44.794185 166930 sgemm sgemm CUDA1 1.063996 166970 40
CPU8 44.751020 166931 sgemm sgemm CUDA1 0.073829 166971 40
CPU16 45.018589 166932 sgemm sgemm CUDA0 10.901571 166972 40
CPU9 44.519795 166933 sgemm sgemm CUDA1 1.062448 166973 40
CPU2 44.943733 166934 sgemm sgemm CUDA3 0.070642 166974 40
CPU0 45.153310 166935 sgemm sgemm CPU21 153.438783 166975 40
CPU16 44.612506 166936 sgemm sgemm CUDA3 1.063741 166976 40
CPU18 44.996969 166937 sgemm sgemm CUDA3 1.208119 166977 40
CPU10 24.990134 166938 ssyrk ssyrk CPU -1 166978 40
CPU12 45.099173 166939 sgemm sgemm CUDA0 1.061792 166979 40
CPU5 44.927415 166940 sgemm sgemm CUDA3 0.140127 166980 40
CPU7 45.109938 166941 sgemm sgemm CUDA2 7.404178 166981 40
CPU0 45.080883 166942 sgemm sgemm CUDA3 1.063973 166982 40
CPU2 45.099061 166943 sgemm sgemm CUDA3 0.234841 166983 40
CPU6 44.777730 166944 sgemm sgemm CUDA2 1.315040 166984 40
CPU11 44.579249 166945 sgemm sgemm CUDA3 7.439536 166985 40
CPU17 44.585498 166946 sgemm sgemm CUDA2 1.208044 166986 40
CPU1 44.641748 166947 sgemm sgemm CUDA0 0.347709 166987 40
CPU8 44.505843 166948 sgemm sgemm CUDA0 0.045190 166988 40
CPU8 45.358605 166949 sgemm sgemm CUDA3 3.987389 166989 40
CPU11 44.958112 166950 sgemm sgemm CPU31 202.682071 166990 40
CPU12 45.268428 166951 sgemm sgemm CUDA0 1.080041 166991 40
CPU10 45.125503 166952 sgemm sgemm CUDA3 1.074021 166992 40
CPU8 24.899719 166953 ssyrk ssyrk CPU -1 166993 40
CPU14 45.119573 166954 sgemm sgemm CUDA0 1.136875 166994 40
CPU2 44.504781 166955 sgemm sgemm CUDA3 1.017638 166995 40
CPU3 44.602717 166956 sgemm sgemm CUDA3 1.196123 166996 40
CPU1 44.507233 166957 sgemm sgemm CUDA1 0.096755 166997 40
CPU2 44.653793 166958 sgemm sgemm CUDA3 1.076292 166998 40
CPU4 45.046741 166959 sgemm sgemm CUDA1 1.204625 166999 40
CPU3 44.583984 166960 sgemm sgemm CUDA3 1.205631 167000 40
CPU16 44.904811 166961 sgemm sgemm CUDA1 1.385413 167001 40
CPU10 45.051950 166962 sgemm sgemm CUDA1 1.003702 167002 40
CPU9 44.980278 166963 sgemm sgemm CUDA0 1.205438 167003 40
CPU18 44.813119 166964 sgemm sgemm CPU33 160.812481 167004 40
CPU5 45.289952 166965 sgemm sgemm CUDA1 0.104628 167005 40
CPU7 45.151608 166966 sgemm sgemm CUDA3 1.081854 167006 40
CPU16 24.469318 166967 ssyrk ssyrk CPU -1 167007 40
CPU18 44.769206 166968 sgemm sgemm CUDA1 9.530827 167008 40
CPU5 44.808017 166969 sgemm sgemm CUDA1 1.192802 167009 40
CPU4 44.776136 166970 sgemm sgemm CUDA1 1.300539 167010 40
CPU3 44.921306 166971 sgemm sgemm CUDA1 0.084696 167011 40
CPU0 44.947039 166972 sgemm sgemm CUDA1 1.199389 167012 40
CPU1 44.919395 166973 sgemm sgemm CUDA2 0.104522 167013 40
CPU16 44.808166 166974 sgemm sgemm CUDA1 1.293086 167014 40
CPU11 44.886626 166975 sgemm sgemm CUDA0 0.104595 167015 40
CPU7 45.175244 166976 sgemm sgemm CUDA2 12.175716 167016 40
CPU19 44.863012 166977 sgemm sgemm CPU34 201.273418 167017 40
CPU8 44.961735 166978 sgemm sgemm CUDA0 1.205368 167018 40
CPU10 44.852139 166979 sgemm sgemm CUDA2 1.200269 167019 40
CPU19 24.981447 166980 ssyrk ssyrk CPU -1 167020 40
CPU4 44.716691 166981 sgemm sgemm CUDA1 0.060066 167021 40
CPU19 45.051569 166982 sgemm sgemm CUDA3 0.094404 167022 40
CPU3 44.531563 166983 sgemm sgemm CUDA3 3.937516 167023 40
CPU12 44.900087 166984 sgemm sgemm CUDA0 1.197363 167024 40
CPU3 45.033398 166985 sgemm sgemm CUDA2 1.345951 167025 40
CPU10 45.059188 166986 sgemm sgemm CUDA2 1.086429 167026 40
CPU11 44.797324 166987 sgemm sgemm CUDA2 0.108822 167027 40
CPU5 45.096100 166988 sgemm sgemm CUDA2 1.193469 167028 40
CPU1 45.276288 166989 sgemm sgemm CPU35 234.272478 167029 40
CPU6 45.386070 166990 sgemm sgemm CUDA3 6.095738 167030 40
CPU7 45.075875 166991 sgemm sgemm CUDA1 0.079490 167031 40
CPU11 24.620288 166992 ssyrk ssyrk CPU -1 167032 40
CPU17 45.174498 166993 sgemm sgemm CUDA2 0.894842 167033 40
CPU19 44.944703 166994 sgemm sgemm CUDA2 1.077802 167034 40
CPU15 44.833445 166995 sgemm sgemm CUDA1 1.314596 167035 40
CPU12 45.037700 166996 sgemm sgemm CUDA1 1.188459 167036 40
CPU12 45.069281 166997 sgemm sgemm CUDA1 1.171344 167037 40
CPU16 44.934214 166998 sgemm sgemm CUDA0 1.294073 167038 40
CPU11 44.672781 166999 sgemm sgemm CUDA2 1.076941 167039 40
CPU11 44.899215 167000 sgemm sgemm CUDA2 1.211039 167040 40
CPU4 45.234911 167001 sgemm sgemm CUDA0 1.077680 167041 40
CPU12 45.009198 167002 sgemm sgemm CUDA2 1.374834 167042 40
CPU19 24.919731 167003 ssyrk ssyrk CPU -1 167043 40
CPU1 44.845573 167004 sgemm sgemm CUDA3 5.259018 167044 40
CPU0 44.996712 167005 sgemm sgemm CUDA0 0.103951 167045 40
CPU11 44.556723 167006 sgemm sgemm CUDA1 0.100128 167046 40
CPU19 45.133451 167007 sgemm sgemm CUDA0 9.495496 167047 40
CPU5 44.621212 167008 sgemm sgemm CUDA3 5.739358 167048 40
CPU11 44.674580 167009 sgemm sgemm CUDA0 1.062313 167049 40
CPU16 45.037237 167010 sgemm sgemm CUDA0 1.317292 167050 40
CPU17 45.042478 167011 sgemm sgemm CUDA2 5.929087 167051 40
CPU17 45.140656 167012 sgemm sgemm CUDA2 1.203915 167052 40
CPU9 24.345843 167013 ssyrk ssyrk CPU -1 167053 40
CPU5 44.433362 167014 sgemm sgemm CUDA1 1.206100 167054 40
CPU5 44.648446 167015 sgemm sgemm CUDA1 11.704226 167055 40
CPU2 44.453703 167016 sgemm sgemm CUDA0 0.154640 167056 40
CPU7 44.699201 167017 sgemm sgemm CUDA3 0.060473 167057 40
CPU2 44.819291 167018 sgemm sgemm CUDA2 0.420396 167058 40
CPU8 44.888227 167019 sgemm sgemm CUDA3 1.190765 167059 40
CPU3 44.914235 167020 sgemm sgemm CUDA2 0.231943 167060 40
CPU1 44.768468 167021 sgemm sgemm CUDA0 1.202905 167061 40
CPU19 25.105029 167022 ssyrk ssyrk CPU -1 167062 40
CPU7 45.288713 167023 sgemm sgemm CUDA3 0.055120 167063 40
CPU4 44.838504 167024 sgemm sgemm CUDA3 1.318981 167064 40
CPU1 44.633642 167025 sgemm sgemm CUDA1 1.205117 167065 40
CPU2 45.170460 167026 sgemm sgemm CUDA0 28.135147 167066 40
CPU0 45.391206 167027 sgemm sgemm CUDA3 1.207716 167067 40
CPU3 45.071930 167028 sgemm sgemm CUDA2 11.941416 167068 40
CPU3 44.843985 167029 sgemm sgemm CUDA0 1.194785 167069 40
CPU7 25.403341 167030 ssyrk ssyrk CPU -1 167070 40
CPU8 44.897191 167031 sgemm sgemm CUDA3 0.054800 167071 40
CPU1 44.892338 167032 sgemm sgemm CUDA3 1.259074 167072 40
CPU0 45.459387 167033 sgemm sgemm CUDA2 1.207214 167073 40
CPU8 45.229112 167034 sgemm sgemm CUDA2 0.050082 167074 40
CPU9 45.218827 167035 sgemm sgemm CUDA2 0.348153 167075 40
CPU9 45.039505 167036 sgemm sgemm CUDA1 1.399678 167076 40
CPU19 25.183547 167037 ssyrk ssyrk CPU -1 167077 40
CPU17 45.354800 167038 sgemm sgemm CUDA1 1.064475 167078 40
CPU10 44.978455 167039 sgemm sgemm CUDA3 12.153636 167079 40
CPU19 44.874864 167040 sgemm sgemm CUDA2 1.298791 167080 40
CPU19 44.966712 167041 sgemm sgemm CUDA0 12.360086 167081 40
CPU18 45.016384 167042 sgemm sgemm CUDA2 1.069631 167082 40
CPU0 24.797259 167043 ssyrk ssyrk CPU -1 167083 40
CPU6 45.065656 167044 sgemm sgemm CUDA2 5.577383 167084 40
CPU2 44.931587 167045 sgemm sgemm CUDA1 5.148260 167085 40
CPU3 45.166444 167046 sgemm sgemm CUDA0 1.186368 167086 40
CPU5 44.828793 167047 sgemm sgemm CUDA3 4.517590 167087 40
CPU9 24.767503 167048 ssyrk ssyrk CUDA3 0.693530 167088 40
CPU4 45.202635 167049 sgemm sgemm CUDA0 1.192316 167089 40
CPU11 44.602022 167050 sgemm sgemm CUDA2 6.709670 167090 40
CPU19 45.160778 167051 sgemm sgemm CUDA2 1.199591 167091 40
CPU12 24.938789 167052 ssyrk ssyrk CPU -1 167092 40
CPU18 44.593007 167053 sgemm sgemm CUDA3 0.101483 167093 40
CPU18 44.681940 167054 sgemm sgemm CUDA2 1.254143 167094 40
CPU10 24.882276 167055 ssyrk ssyrk CPU -1 167095 40
CPU18 44.727783 167056 sgemm sgemm CUDA1 1.028510 167096 40
CPU18 24.818653 167057 ssyrk ssyrk CPU -1 167097 40
CPU2 31.228496 167060 strmm strmm CPU -1 167100 40
CPU17 30.768407 167064 strmm strmm CPU -1 167104 40
CPU11 29.799879 167068 strmm strmm CPU15 135.381522 167108 40
CPU14 30.339386 167072 strmm strmm CPU -1 167112 40
CPU11 30.780677 167076 strmm strmm CPU -1 167116 40
CPU1 30.033771 167080 strmm strmm CPU -1 167120 40
CPU14 30.676513 167084 strmm strmm CPU17 86.137729 167124 40
CPU9 29.787280 167088 strmm strmm CPU18 73.950562 167128 40
CPU12 30.532854 167092 strmm strmm CPU -1 167132 40
CPU2 31.201207 167096 strmm strmm CPU -1 167136 40
CPU5 29.818815 167100 strmm strmm CPU22 83.844433 167140 40
CPU13 30.412919 167104 strmm strmm CPU -1 167144 40
CPU16 30.782288 167108 strmm strmm CPU -1 167148 40
CPU13 29.997729 167112 strmm strmm CPU -1 167152 40
CPU15 31.316762 167116 strmm strmm CPU22 111.293078 167156 40
CPU19 31.416707 167120 strmm strmm CPU19 88.232235 167160 40
CPU13 30.810033 167124 strmm strmm CPU -1 167164 40
CPU7 29.889143 167128 strmm strmm CPU -1 167168 40
CPU10 30.210046 167132 strmm strmm CPU22 79.588063 167172 40
CPU14 29.968734 167136 strmm strmm CPU13 109.666239 167176 40
CPU6 31.432769 167140 strmm strmm CPU18 166.726451 167180 40
CPU5 30.838908 167144 strmm strmm CPU14 111.223838 167184 40
CPU17 30.547883 167148 strmm strmm CPU -1 167188 40
CPU13 30.621646 167152 strmm strmm CPU23 105.494179 167192 40
CPU6 31.193311 167156 strmm strmm CPU25 152.475483 167196 40
CPU18 31.319133 167160 strmm strmm CPU20 79.993956 167200 40
CPU15 31.413638 167164 strmm strmm CPU17 223.515372 167204 40
CPU2 30.708783 167168 strmm strmm CPU11 96.235411 167208 40
CPU13 30.464303 167172 strmm strmm CPU -1 167212 40
CPU7 30.173728 167176 strmm strmm CPU12 86.322379 167216 40
CPU10 30.878600 167180 strmm strmm CPU10 87.837414 167220 40
CPU13 30.702499 167184 strmm strmm CPU27 140.907027 167224 40
CPU12 31.405578 167188 strmm strmm CPU16 152.747860 167228 40
CPU17 31.363292 167192 strmm strmm CPU24 138.602530 167232 40
CPU1 29.901106 167196 strmm strmm CPU -1 167236 40
CPU3 30.623953 167200 strmm strmm CPU -1 167240 40
CPU7 31.599131 167204 strmm strmm CPU -1 167244 40
CPU19 31.357097 167208 strmm strmm CPU13 90.552319 167248 40
CPU5 29.944115 167212 strmm strmm CPU10 92.925425 167252 40
CPU19 30.345022 167216 strmm strmm CPU11 99.387515 167256 40
CPU14 30.670552 167220 strmm strmm CPU21 154.899464 167260 40
CPU7 31.430119 167224 strmm strmm CPU -1 167264 40
CPU18 30.004739 167228 strmm strmm CPU22 79.377695 167268 40
CPU18 12.249721 167232 slauum slauum CPU -1 167272 40
CPU7 24.844177 167234 ssyrk ssyrk CPU22 90.203175 167274 40
CPU7 44.805681 167235 sgemm sgemm CUDA2 1.270911 167275 40
CPU9 44.470922 167236 sgemm sgemm CUDA2 1.209386 167276 40
CPU7 44.877103 167237 sgemm sgemm CUDA2 0.076508 167277 40
CPU2 44.585278 167238 sgemm sgemm CUDA1 0.130768 167278 40
CPU0 45.247298 167239 sgemm sgemm CUDA2 0.160090 167279 40
CPU9 44.788926 167240 sgemm sgemm CUDA3 0.048753 167280 40
CPU1 44.640857 167241 sgemm sgemm CUDA3 0.060923 167281 40
CPU6 44.869806 167242 sgemm sgemm CUDA3 1.290573 167282 40
CPU5 44.771869 167243 sgemm sgemm CUDA3 1.062107 167283 40
CPU0 44.779812 167244 sgemm sgemm CUDA3 0.253289 167284 40
CPU3 44.756356 167245 sgemm sgemm CUDA2 1.192560 167285 40
CPU14 44.754092 167246 sgemm sgemm CUDA0 1.207909 167286 40
CPU12 45.016618 167247 sgemm sgemm CUDA0 1.064250 167287 40
CPU2 44.745929 167248 sgemm sgemm CUDA0 0.155320 167288 40
CPU6 44.750701 167249 sgemm sgemm CUDA1 1.255195 167289 40
CPU8 44.747219 167250 sgemm sgemm CUDA2 1.087020 167290 40
CPU0 45.310523 167251 sgemm sgemm CUDA3 1.200658 167291 40
CPU18 44.669765 167252 sgemm sgemm CUDA3 0.142921 167292 40
CPU15 44.564647 167253 sgemm sgemm CUDA1 0.167230 167293 40
CPU18 44.714002 167254 sgemm sgemm CUDA2 14.805401 167294 40
CPU18 44.461923 167255 sgemm sgemm CUDA0 11.724209 167295 40
CPU6 44.988038 167256 sgemm sgemm CUDA3 0.060650 167296 40
CPU15 44.729941 167257 sgemm sgemm CUDA0 1.201043 167297 40
CPU7 45.559006 167258 sgemm sgemm CUDA2 1.081798 167298 40
CPU6 44.928359 167259 sgemm sgemm CUDA0 1.195999 167299 40
CPU9 44.526229 167260 sgemm sgemm CUDA3 12.111386 167300 40
CPU2 44.360413 167261 sgemm sgemm CUDA1 1.082833 167301 40
CPU12 45.161793 167262 sgemm sgemm CUDA2 1.062235 167302 40
CPU5 44.821912 167263 sgemm sgemm CUDA1 1.195709 167303 40
CPU12 44.749888 167264 sgemm sgemm CUDA3 1.206947 167304 40
CPU3 45.036607 167265 sgemm sgemm CUDA0 12.248101 167305 40
CPU16 44.733599 167266 sgemm sgemm CUDA1 0.039896 167306 40
CPU15 44.729665 167267 sgemm sgemm CUDA3 1.067188 167307 40
CPU19 44.972615 167268 sgemm sgemm CUDA0 12.089813 167308 40
CPU10 44.890430 167269 sgemm sgemm CUDA2 1.208739 167309 40
CPU2 44.942093 167270 sgemm sgemm CUDA3 1.085267 167310 40
CPU9 44.880547 167271 sgemm sgemm CUDA2 12.427700 167311 40
CPU0 44.949470 167272 sgemm sgemm CUDA2 1.067237 167312 40
CPU3 45.055267 167273 sgemm sgemm CUDA3 1.210807 167313 40
CPU8 45.029469 167274 sgemm sgemm CPU -1 167314 40
CPU1 44.735559 167275 sgemm sgemm CUDA1 1.206360 167315 40
CPU9 45.000865 167276 sgemm sgemm CUDA1 1.065775 167316 40
CPU2 45.154587 167277 sgemm sgemm CUDA0 0.040963 167317 40
CPU2 24.611091 167278 ssyrk ssyrk CPU -1 167318 40
CPU14 45.054785 167279 sgemm sgemm CUDA2 1.208467 167319 40
CPU5 44.530036 167280 sgemm sgemm CUDA2 1.290469 167320 40
CPU9 44.724471 167281 sgemm sgemm CUDA1 3.837559 167321 40
CPU16 44.491461 167282 sgemm sgemm CUDA2 1.060955 167322 40
CPU15 44.815985 167283 sgemm sgemm CUDA0 11.848339 167323 40
CPU16 44.711072 167284 sgemm sgemm CUDA0 11.920864 167324 40
CPU15 44.509923 167285 sgemm sgemm CUDA0 11.853881 167325 40
CPU1 44.926986 167286 sgemm sgemm CUDA0 1.350416 167326 40
CPU10 45.227761 167287 sgemm sgemm CUDA3 5.240435 167327 40
CPU0 44.832384 167288 sgemm sgemm CUDA1 0.099180 167328 40
CPU15 44.918679 167289 sgemm sgemm CUDA0 1.194754 167329 40
CPU18 44.780289 167290 sgemm sgemm CUDA0 1.083903 167330 40
CPU17 45.223458 167291 sgemm sgemm CUDA0 1.458529 167331 40
CPU4 44.678866 167292 sgemm sgemm CUDA1 0.185845 167332 40
CPU1 44.772406 167293 sgemm sgemm CUDA0 1.210917 167333 40
CPU1 44.948866 167294 sgemm sgemm CUDA3 1.190959 167334 40
CPU15 45.073101 167295 sgemm sgemm CUDA0 7.477603 167335 40
CPU16 44.638123 167296 sgemm sgemm CUDA1 6.338491 167336 40
CPU11 44.693108 167297 sgemm sgemm CUDA2 0.075251 167337 40
CPU18 44.790220 167298 sgemm sgemm CUDA0 0.076778 167338 40
CPU8 44.730221 167299 sgemm sgemm CUDA3 11.841954 167339 40
CPU18 44.617704 167300 sgemm sgemm CUDA2 1.208601 167340 40
CPU14 45.145997 167301 sgemm sgemm CUDA3 1.200604 167341 40
CPU9 44.752767 167302 sgemm sgemm CUDA0 1.064756 167342 40
CPU0 45.172212 167303 sgemm sgemm CUDA3 0.043794 167343 40
CPU8 44.558947 167304 sgemm sgemm CUDA1 1.194794 167344 40
CPU1 44.765230 167305 sgemm sgemm CUDA2 0.166360 167345 40
CPU9 44.907837 167306 sgemm sgemm CUDA1 1.208307 167346 40
CPU18 45.109053 167307 sgemm sgemm CUDA3 1.066558 167347 40
CPU6 44.783606 167308 sgemm sgemm CUDA0 0.044000 167348 40
CPU3 44.665760 167309 sgemm sgemm CUDA1 1.374145 167349 40
CPU18 44.801365 167310 sgemm sgemm CUDA3 1.079017 167350 40
CPU7 44.623634 167311 sgemm sgemm CUDA0 0.057911 167351 40
CPU5 44.781632 167312 sgemm sgemm CUDA2 1.206849 167352 40
CPU10 45.076652 167313 sgemm sgemm CUDA3 1.193506 167353 40
CPU12 45.039558 167314 sgemm sgemm CUDA2 0.060838 167354 40
CPU18 44.988815 167315 sgemm sgemm CUDA2 1.138762 167355 40
CPU12 44.962239 167316 sgemm sgemm CUDA3 1.061874 167356 40
CPU16 44.987205 167317 sgemm sgemm CPU29 179.127250 167357 40
CPU17 45.134566 167318 sgemm sgemm CUDA1 1.067281 167358 40
CPU17 45.078727 167319 sgemm sgemm CUDA1 1.066678 167359 40
CPU17 44.792033 167320 sgemm sgemm CUDA0 1.208082 167360 40
CPU14 24.894675 167321 ssyrk ssyrk CUDA1 0.456955 167361 40
CPU14 44.943495 167322 sgemm sgemm CUDA2 18.221863 167362 40
CPU14 45.032323 167323 sgemm sgemm CUDA1 0.063641 167363 40
CPU15 44.536199 167324 sgemm sgemm CUDA1 0.163797 167364 40
CPU14 44.911474 167325 sgemm sgemm CUDA2 1.077251 167365 40
CPU14 44.862274 167326 sgemm sgemm CUDA2 1.202490 167366 40
CPU14 44.947513 167327 sgemm sgemm CUDA0 0.151161 167367 40
CPU14 44.946189 167328 sgemm sgemm CUDA1 1.059674 167368 40
CPU14 45.142695 167329 sgemm sgemm CUDA2 1.062601 167369 40
CPU9 44.766626 167330 sgemm sgemm CUDA1 1.295219 167370 40
CPU14 45.060162 167331 sgemm sgemm CUDA0 1.205419 167371 40
CPU19 44.821551 167332 sgemm sgemm CUDA1 1.082963 167372 40
CPU5 44.487197 167333 sgemm sgemm CUDA0 1.099240 167373 40
CPU0 44.857038 167334 sgemm sgemm CUDA1 19.895888 167374 40
CPU5 44.883445 167335 sgemm sgemm CUDA2 1.066915 167375 40
CPU5 44.959441 167336 sgemm sgemm CUDA2 1.208802 167376 40
CPU18 44.675773 167337 sgemm sgemm CUDA0 0.092346 167377 40
CPU16 44.649612 167338 sgemm sgemm CUDA1 0.057489 167378 40
CPU18 44.684872 167339 sgemm sgemm CUDA2 1.306361 167379 40
CPU15 44.558082 167340 sgemm sgemm CUDA3 1.206822 167380 40
CPU8 44.859053 167341 sgemm sgemm CUDA0 0.056941 167381 40
CPU11 44.611194 167342 sgemm sgemm CUDA2 1.206080 167382 40
CPU15 44.851583 167343 sgemm sgemm CUDA2 1.069333 167383 40
CPU19 44.605962 167344 sgemm sgemm CUDA0 1.076647 167384 40
CPU14 44.696315 167345 sgemm sgemm CUDA3 1.208936 167385 40
CPU11 44.683922 167346 sgemm sgemm CUDA1 1.206085 167386 40
CPU4 45.140293 167347 sgemm sgemm CUDA2 1.291613 167387 40
CPU6 45.053445 167348 sgemm sgemm CUDA1 0.085267 167388 40
CPU10 45.594936 167349 sgemm sgemm CUDA3 1.065475 167389 40
CPU18 44.773123 167350 sgemm sgemm CUDA2 1.193744 167390 40
CPU16 44.841284 167351 sgemm sgemm CUDA2 1.193992 167391 40
CPU1 44.779328 167352 sgemm sgemm CUDA3 1.194524 167392 40
CPU0 44.921223 167353 sgemm sgemm CUDA0 1.296412 167393 40
CPU1 44.938429 167354 sgemm sgemm CUDA2 1.193777 167394 40
CPU3 44.915111 167355 sgemm sgemm CUDA1 1.200527 167395 40
CPU15 44.733269 167356 sgemm sgemm CUDA2 1.383357 167396 40
CPU19 45.135985 167357 sgemm sgemm CUDA2 1.024552 167397 40
CPU11 44.719537 167358 sgemm sgemm CUDA3 1.081970 167398 40
CPU6 45.052124 167359 sgemm sgemm CPU30 162.445046 167399 40
CPU8 44.691185 167360 sgemm sgemm CUDA1 1.062327 167400 40
CPU11 45.004232 167361 sgemm sgemm CUDA1 20.498286 167401 40
CPU15 44.797855 167362 sgemm sgemm CUDA2 1.011767 167402 40
CPU5 24.786305 167363 ssyrk ssyrk CPU -1 167403 40
CPU9 44.702302 167364 sgemm sgemm CUDA1 2.382984 167404 40
CPU14 44.785565 167365 sgemm sgemm CUDA2 1.279329 167405 40
CPU15 44.657153 167366 sgemm sgemm CUDA2 1.066216 167406 40
CPU18 44.711687 167367 sgemm sgemm CUDA3 0.370439 167407 40
CPU15 44.670477 167368 sgemm sgemm CUDA3 0.169484 167408 40
CPU8 44.907404 167369 sgemm sgemm CUDA3 1.081751 167409 40
CPU7 44.537201 167370 sgemm sgemm CUDA2 1.066265 167410 40
CPU1 44.766621 167371 sgemm sgemm CUDA2 1.213256 167411 40
CPU15 44.763178 167372 sgemm sgemm CUDA0 1.209101 167412 40
CPU14 44.903413 167373 sgemm sgemm CUDA3 1.211664 167413 40
CPU11 45.089187 167374 sgemm sgemm CUDA0 1.191978 167414 40
CPU6 44.626893 167375 sgemm sgemm CUDA3 1.291525 167415 40
CPU9 44.789163 167376 sgemm sgemm CUDA2 1.205260 167416 40
CPU6 44.956802 167377 sgemm sgemm CUDA3 1.199879 167417 40
CPU14 44.874311 167378 sgemm sgemm CUDA1 0.063800 167418 40
CPU15 44.602010 167379 sgemm sgemm CUDA1 1.050970 167419 40
CPU17 44.849495 167380 sgemm sgemm CUDA1 1.080172 167420 40
CPU14 45.017477 167381 sgemm sgemm CUDA0 1.195068 167421 40
CPU9 44.707025 167382 sgemm sgemm CUDA0 15.259106 167422 40
CPU3 44.526947 167383 sgemm sgemm CUDA2 1.085106 167423 40
CPU11 44.589198 167384 sgemm sgemm CUDA0 1.068218 167424 40
CPU9 44.926179 167385 sgemm sgemm CUDA1 12.003868 167425 40
CPU3 44.817372 167386 sgemm sgemm CUDA2 1.066153 167426 40
CPU1 44.803096 167387 sgemm sgemm CUDA1 1.084741 167427 40
CPU12 44.944169 167388 sgemm sgemm CUDA3 0.071170 167428 40
CPU3 44.782757 167389 sgemm sgemm CUDA1 1.392520 167429 40
CPU15 44.602095 167390 sgemm sgemm CUDA1 1.076666 167430 40
CPU0 44.958082 167391 sgemm sgemm CUDA3 1.063919 167431 40
CPU17 44.951847 167392 sgemm sgemm CUDA1 1.199668 167432 40
CPU8 44.609683 167393 sgemm sgemm CUDA3 1.059590 167433 40
CPU5 44.671985 167394 sgemm sgemm CUDA3 1.065481 167434 40
CPU6 45.106364 167395 sgemm sgemm CUDA2 1.348574 167435 40
CPU6 45.141226 167396 sgemm sgemm CUDA1 1.206151 167436 40
CPU14 44.976353 167397 sgemm sgemm CUDA1 1.196717 167437 40
CPU4 45.100903 167398 sgemm sgemm CUDA1 0.044486 167438 40
CPU0 45.267906 167399 sgemm sgemm CUDA3 1.192952 167439 40
CPU14 44.929745 167400 sgemm sgemm CPU10 170.207338 167440 40
CPU14 45.068517 167401 sgemm sgemm CUDA1 1.196159 167441 40
CPU14 45.227882 167402 sgemm sgemm CUDA3 0.096700 167442 40
CPU14 44.837920 167403 sgemm sgemm CUDA0 3.778219 167443 40
CPU9 24.687633 167404 ssyrk ssyrk CPU30 100.544988 167444 40
CPU14 45.035919 167405 sgemm sgemm CUDA2 8.902657 167445 40
CPU15 44.649799 167406 sgemm sgemm CUDA0 0.056349 167446 40
CPU17 44.684075 167407 sgemm sgemm CUDA0 1.056112 167447 40
CPU15 44.503043 167408 sgemm sgemm CUDA0 1.064841 167448 40
CPU7 45.430857 167409 sgemm sgemm CUDA0 1.191256 167449 40
CPU6 44.859707 167410 sgemm sgemm CUDA1 1.073887 167450 40
CPU0 45.218939 167411 sgemm sgemm CUDA1 15.240003 167451 40
CPU14 44.901376 167412 sgemm sgemm CUDA0 1.063199 167452 40
CPU6 45.113068 167413 sgemm sgemm CUDA1 1.208461 167453 40
CPU4 44.328397 167414 sgemm sgemm CUDA0 1.208237 167454 40
CPU9 44.379135 167415 sgemm sgemm CUDA1 0.263452 167455 40
CPU2 44.670246 167416 sgemm sgemm CUDA2 1.084235 167456 40
CPU2 44.834891 167417 sgemm sgemm CUDA2 1.205107 167457 40
CPU18 45.048276 167418 sgemm sgemm CUDA0 0.079930 167458 40
CPU4 44.950517 167419 sgemm sgemm CUDA2 1.210884 167459 40
CPU17 44.946770 167420 sgemm sgemm CUDA2 1.584832 167460 40
CPU15 44.724248 167421 sgemm sgemm CUDA3 1.208414 167461 40
CPU2 44.762100 167422 sgemm sgemm CUDA2 0.691376 167462 40
CPU14 45.117524 167423 sgemm sgemm CUDA2 1.066390 167463 40
CPU15 44.700426 167424 sgemm sgemm CUDA0 1.069411 167464 40
CPU10 44.605925 167425 sgemm sgemm CUDA1 1.205927 167465 40
CPU5 44.826671 167426 sgemm sgemm CUDA2 1.076012 167466 40
CPU0 45.151211 167427 sgemm sgemm CUDA1 1.193827 167467 40
CPU4 45.133974 167428 sgemm sgemm CUDA3 13.841960 167468 40
CPU2 44.421445 167429 sgemm sgemm CUDA3 1.278599 167469 40
CPU11 44.750123 167430 sgemm sgemm CUDA2 1.075512 167470 40
CPU15 44.925618 167431 sgemm sgemm CUDA0 1.500319 167471 40
CPU18 44.926335 167432 sgemm sgemm CUDA3 1.207037 167472 40
CPU17 44.999937 167433 sgemm sgemm CUDA1 1.190416 167473 40
CPU4 44.413714 167434 sgemm sgemm CUDA3 1.192778 167474 40
CPU16 44.724001 167435 sgemm sgemm CUDA1 1.296079 167475 40
CPU1 44.636814 167436 sgemm sgemm CUDA3 1.080571 167476 40
CPU16 44.881717 167437 sgemm sgemm CUDA1 1.068089 167477 40
CPU15 45.028272 167438 sgemm sgemm CUDA1 1.215853 167478 40
CPU1 44.809348 167439 sgemm sgemm CUDA3 1.196582 167479 40
CPU12 44.880734 167440 sgemm sgemm CUDA0 1.201727 167480 40
CPU11 45.170358 167441 sgemm sgemm CUDA0 1.065373 167481 40
CPU11 45.170514 167442 sgemm sgemm CUDA3 1.360556 167482 40
CPU5 44.744949 167443 sgemm sgemm CUDA2 1.067192 167483 40
CPU14 24.755301 167444 ssyrk ssyrk CPU -1 167484 40
CPU16 44.414021 167445 sgemm sgemm CUDA0 0.063328 167485 40
CPU15 44.549365 167446 sgemm sgemm CUDA0 0.058066 167486 40
CPU16 44.507285 167447 sgemm sgemm CUDA1 1.277365 167487 40
CPU14 44.719169 167448 sgemm sgemm CUDA3 1.189106 167488 40
CPU16 44.854839 167449 sgemm sgemm CUDA3 0.050655 167489 40
CPU8 44.411938 167450 sgemm sgemm CUDA1 1.258004 167490 40
CPU15 44.695287 167451 sgemm sgemm CUDA3 1.076646 167491 40
CPU2 44.562655 167452 sgemm sgemm CUDA0 4.342601 167492 40
CPU3 45.079208 167453 sgemm sgemm CUDA0 1.081166 167493 40
CPU6 44.954566 167454 sgemm sgemm CUDA1 0.244425 167494 40
CPU0 45.320088 167455 sgemm sgemm CUDA2 1.067231 167495 40
CPU4 45.150786 167456 sgemm sgemm CUDA3 35.712035 167496 40
CPU17 44.934858 167457 sgemm sgemm CUDA3 0.572097 167497 40
CPU9 45.100111 167458 sgemm sgemm CUDA1 1.314594 167498 40
CPU1 45.120490 167459 sgemm sgemm CUDA2 0.057271 167499 40
CPU16 44.584028 167460 sgemm sgemm CUDA1 1.308679 167500 40
CPU0 45.326935 167461 sgemm sgemm CUDA3 0.068928 167501 40
CPU10 44.685276 167462 sgemm sgemm CUDA0 1.080705 167502 40
CPU14 44.784481 167463 sgemm sgemm CUDA2 1.078094 167503 40
CPU19 44.841773 167464 sgemm sgemm CUDA1 1.072623 167504 40
CPU3 44.967646 167465 sgemm sgemm CUDA2 1.082447 167505 40
CPU7 45.268785 167466 sgemm sgemm CUDA3 1.067590 167506 40
CPU13 44.921693 167467 sgemm sgemm CUDA1 0.060876 167507 40
CPU5 44.807808 167468 sgemm sgemm CUDA1 1.205485 167508 40
CPU12 44.640025 167469 sgemm sgemm CUDA3 1.069559 167509 40
CPU14 44.463367 167470 sgemm sgemm CUDA0 1.064993 167510 40
CPU19 44.886266 167471 sgemm sgemm CUDA3 1.196732 167511 40
CPU3 44.423734 167472 sgemm sgemm CUDA3 1.317468 167512 40
CPU11 44.807740 167473 sgemm sgemm CUDA0 1.066942 167513 40
CPU1 45.048452 167474 sgemm sgemm CUDA2 0.041286 167514 40
CPU6 45.161088 167475 sgemm sgemm CUDA3 12.375408 167515 40
CPU16 44.564547 167476 sgemm sgemm CUDA2 1.205408 167516 40
CPU14 44.557392 167477 sgemm sgemm CUDA1 1.061827 167517 40
CPU2 45.134484 167478 sgemm sgemm CUDA0 1.191523 167518 40
CPU3 45.245795 167479 sgemm sgemm CUDA0 1.007619 167519 40
CPU0 45.378858 167480 sgemm sgemm CUDA1 1.066071 167520 40
CPU1 44.838742 167481 sgemm sgemm CUDA2 12.009664 167521 40
CPU8 44.926356 167482 sgemm sgemm CPU27 190.888585 167522 40
CPU15 24.578215 167483 ssyrk ssyrk CPU27 108.223174 167523 40
CPU15 44.544746 167484 sgemm sgemm CUDA0 3.795250 167524 40
CPU16 44.434454 167485 sgemm sgemm CUDA3 1.281912 167525 40
CPU5 45.384941 167486 sgemm sgemm CUDA0 1.067183 167526 40
CPU8 44.451133 167487 sgemm sgemm CUDA3 6.513513 167527 40
CPU3 44.186882 167488 sgemm sgemm CUDA0 0.053308 167528 40
CPU14 44.679527 167489 sgemm sgemm CUDA0 1.208651 167529 40
CPU14 44.792184 167490 sgemm sgemm CUDA0 0.056837 167530 40
CPU2 45.006117 167491 sgemm sgemm CUDA0 1.273328 167531 40
CPU17 44.794753 167492 sgemm sgemm CUDA0 5.461072 167532 40
CPU9 44.783777 167493 sgemm sgemm CUDA0 1.067388 167533 40
CPU1 44.757035 167494 sgemm sgemm CUDA3 1.292662 167534 40
CPU18 44.628598 167495 sgemm sgemm CUDA0 3.890327 167535 40
CPU14 44.842620 167496 sgemm sgemm CUDA0 1.191406 167536 40
CPU18 44.484483 167497 sgemm sgemm CUDA2 1.314118 167537 40
CPU14 44.884661 167498 sgemm sgemm CUDA3 1.196163 167538 40
CPU8 44.906717 167499 sgemm sgemm CUDA0 0.075077 167539 40
CPU12 44.662618 167500 sgemm sgemm CUDA2 20.672770 167540 40
CPU16 44.821126 167501 sgemm sgemm CUDA0 1.195830 167541 40
CPU19 45.155995 167502 sgemm sgemm CUDA2 1.066841 167542 40
CPU5 44.804598 167503 sgemm sgemm CUDA2 1.201105 167543 40
CPU9 44.922289 167504 sgemm sgemm CUDA3 1.077454 167544 40
CPU1 45.323136 167505 sgemm sgemm CUDA3 1.064387 167545 40
CPU1 45.042677 167506 sgemm sgemm CUDA3 1.202236 167546 40
CPU19 44.745144 167507 sgemm sgemm CUDA3 1.208765 167547 40
CPU10 44.748683 167508 sgemm sgemm CUDA2 1.064625 167548 40
CPU2 44.731837 167509 sgemm sgemm CUDA2 1.197070 167549 40
CPU11 44.911583 167510 sgemm sgemm CUDA3 1.085344 167550 40
CPU17 44.957567 167511 sgemm sgemm CUDA0 1.202074 167551 40
CPU17 44.725564 167512 sgemm sgemm CUDA2 1.311924 167552 40
CPU15 44.738059 167513 sgemm sgemm CUDA3 1.302123 167553 40
CPU17 44.866859 167514 sgemm sgemm CUDA0 12.173874 167554 40
CPU3 45.114850 167515 sgemm sgemm CUDA3 1.197386 167555 40
CPU7 45.121772 167516 sgemm sgemm CUDA3 12.051820 167556 40
CPU18 44.627021 167517 sgemm sgemm CUDA0 1.064616 167557 40
CPU14 45.043128 167518 sgemm sgemm CUDA0 1.072508 167558 40
CPU14 45.070870 167519 sgemm sgemm CUDA2 1.362607 167559 40
CPU14 44.820334 167520 sgemm sgemm CUDA0 1.198560 167560 40
CPU18 24.475445 167521 ssyrk ssyrk CPU -1 167561 40
CPU15 44.539234 167522 sgemm sgemm CUDA3 0.067156 167562 40
CPU5 45.091827 167523 sgemm sgemm CUDA0 1.208802 167563 40
CPU9 44.722858 167524 sgemm sgemm CUDA3 11.932426 167564 40
CPU4 44.833021 167525 sgemm sgemm CUDA0 1.208149 167565 40
CPU15 44.669836 167526 sgemm sgemm CUDA3 1.198594 167566 40
CPU14 44.754128 167527 sgemm sgemm CUDA3 1.193784 167567 40
CPU0 45.029897 167528 sgemm sgemm CUDA0 1.067052 167568 40
CPU4 44.946051 167529 sgemm sgemm CUDA3 0.069415 167569 40
CPU6 45.141107 167530 sgemm sgemm CUDA2 1.195421 167570 40
CPU7 45.202760 167531 sgemm sgemm CUDA2 1.066918 167571 40
CPU16 44.823116 167532 sgemm sgemm CUDA3 3.818620 167572 40
CPU11 44.830319 167533 sgemm sgemm CUDA0 1.061892 167573 40
CPU12 44.937093 167534 sgemm sgemm CUDA3 0.068606 167574 40
CPU15 44.293417 167535 sgemm sgemm CUDA3 1.065771 167575 40
CPU2 44.794111 167536 sgemm sgemm CUDA0 14.295956 167576 40
CPU10 44.789400 167537 sgemm sgemm CUDA0 1.208582 167577 40
CPU2 44.963292 167538 sgemm sgemm CUDA0 12.383612 167578 40
CPU2 45.063709 167539 sgemm sgemm CUDA2 1.076138 167579 40
CPU12 44.860811 167540 sgemm sgemm CUDA2 12.336146 167580 40
CPU4 45.068357 167541 sgemm sgemm CUDA3 1.197593 167581 40
CPU3 45.168348 167542 sgemm sgemm CUDA3 1.364277 167582 40
CPU9 44.993431 167543 sgemm sgemm CUDA3 1.066279 167583 40
CPU2 44.879233 167544 sgemm sgemm CUDA3 1.211501 167584 40
CPU11 44.693996 167545 sgemm sgemm CUDA2 1.062575 167585 40
CPU3 44.933236 167546 sgemm sgemm CUDA3 1.195219 167586 40
CPU6 45.215989 167547 sgemm sgemm CUDA3 1.208818 167587 40
CPU6 44.873712 167548 sgemm sgemm CUDA1 1.191971 167588 40
CPU1 45.343533 167549 sgemm sgemm CUDA2 1.085085 167589 40
CPU14 45.074043 167550 sgemm sgemm CUDA3 1.192163 167590 40
CPU16 44.641214 167551 sgemm sgemm CUDA1 1.208655 167591 40
CPU8 45.101794 167552 sgemm sgemm CUDA3 1.061963 167592 40
CPU5 45.034204 167553 sgemm sgemm CUDA0 1.063312 167593 40
CPU2 45.119830 167554 sgemm sgemm CUDA3 1.205728 167594 40
CPU9 44.831567 167555 sgemm sgemm CUDA1 12.157943 167595 40
CPU7 45.136857 167556 sgemm sgemm CUDA1 0.138602 167596 40
CPU9 44.885850 167557 sgemm sgemm CUDA0 12.109031 167597 40
CPU15 24.591906 167558 ssyrk ssyrk CUDA3 0.114655 167598 40
CPU16 44.439504 167559 sgemm sgemm CUDA0 1.207500 167599 40
CPU16 44.646890 167560 sgemm sgemm CUDA3 0.324016 167600 40
CPU4 45.196458 167561 sgemm sgemm CUDA1 0.077124 167601 40
CPU15 44.750450 167562 sgemm sgemm CUDA1 1.075590 167602 40
CPU14 44.955399 167563 sgemm sgemm CUDA1 1.211149 167603 40
CPU8 44.732194 167564 sgemm sgemm CUDA0 1.135197 167604 40
CPU10 45.013787 167565 sgemm sgemm CUDA0 6.515461 167605 40
CPU7 44.616621 167566 sgemm sgemm CUDA0 1.069599 167606 40
CPU3 44.719950 167567 sgemm sgemm CUDA3 1.083446 167607 40
CPU17 44.840252 167568 sgemm sgemm CUDA3 3.929998 167608 40
CPU15 44.473276 167569 sgemm sgemm CUDA1 1.066673 167609 40
CPU9 44.819492 167570 sgemm sgemm CUDA1 1.311771 167610 40
CPU16 44.665577 167571 sgemm sgemm CUDA3 1.076251 167611 40
CPU6 44.732978 167572 sgemm sgemm CUDA0 0.085350 167612 40
CPU11 44.680792 167573 sgemm sgemm CUDA0 1.202417 167613 40
CPU15 44.590620 167574 sgemm sgemm CUDA3 1.082319 167614 40
CPU19 45.168207 167575 sgemm sgemm CUDA1 1.197149 167615 40
CPU3 44.959739 167576 sgemm sgemm CUDA1 1.193879 167616 40
CPU5 45.020455 167577 sgemm sgemm CUDA3 1.191520 167617 40
CPU1 45.086458 167578 sgemm sgemm CUDA1 18.676007 167618 40
CPU3 44.878010 167579 sgemm sgemm CUDA1 1.195961 167619 40
CPU11 44.689582 167580 sgemm sgemm CUDA3 1.082263 167620 40
CPU13 44.736722 167581 sgemm sgemm CUDA0 1.075560 167621 40
CPU10 45.032693 167582 sgemm sgemm CUDA1 1.210898 167622 40
CPU18 44.738078 167583 sgemm sgemm CUDA3 1.064108 167623 40
CPU19 44.985748 167584 sgemm sgemm CUDA3 1.079688 167624 40
CPU16 44.631233 167585 sgemm sgemm CUDA1 1.194410 167625 40
CPU10 45.022933 167586 sgemm sgemm CUDA1 1.073328 167626 40
CPU18 44.735883 167587 sgemm sgemm CUDA1 1.193986 167627 40
CPU16 44.932286 167588 sgemm sgemm CUDA3 1.073928 167628 40
CPU16 44.485396 167589 sgemm sgemm CUDA3 1.065340 167629 40
CPU15 44.777601 167590 sgemm sgemm CUDA3 1.018832 167630 40
CPU16 44.872374 167591 sgemm sgemm CUDA1 0.040362 167631 40
CPU7 44.988611 167592 sgemm sgemm CUDA2 1.058569 167632 40
CPU12 44.758562 167593 sgemm sgemm CUDA2 1.066028 167633 40
CPU0 25.088588 167594 ssyrk ssyrk CPU15 94.677630 167634 40
CPU11 44.832635 167595 sgemm sgemm CUDA0 1.066479 167635 40
CPU6 44.799499 167596 sgemm sgemm CUDA0 1.203899 167636 40
CPU15 44.563186 167597 sgemm sgemm CUDA0 1.195605 167637 40
CPU3 44.911849 167598 sgemm sgemm CUDA0 1.211552 167638 40
CPU9 44.824919 167599 sgemm sgemm CUDA1 1.083244 167639 40
CPU9 44.137932 167600 sgemm sgemm CUDA0 1.209700 167640 40
CPU4 44.966197 167601 sgemm sgemm CUDA0 1.189815 167641 40
CPU8 45.133211 167602 sgemm sgemm CUDA3 1.078051 167642 40
CPU16 44.620030 167603 sgemm sgemm CUDA3 1.067548 167643 40
CPU15 44.646202 167604 sgemm sgemm CUDA0 1.069460 167644 40
CPU0 45.312789 167605 sgemm sgemm CUDA1 1.065405 167645 40
CPU14 45.458764 167606 sgemm sgemm CUDA0 1.190932 167646 40
CPU0 45.125358 167607 sgemm sgemm CUDA0 1.211050 167647 40
CPU12 44.955362 167608 sgemm sgemm CUDA2 1.065152 167648 40
CPU15 44.980605 167609 sgemm sgemm CUDA3 1.208514 167649 40
CPU19 45.004810 167610 sgemm sgemm CUDA1 1.207538 167650 40
CPU7 44.727124 167611 sgemm sgemm CUDA1 1.065790 167651 40
CPU1 44.824858 167612 sgemm sgemm CUDA0 1.078354 167652 40
CPU3 45.107989 167613 sgemm sgemm CUDA1 1.068196 167653 40
CPU0 45.204734 167614 sgemm sgemm CUDA3 1.188364 167654 40
CPU14 44.435651 167615 sgemm sgemm CUDA2 1.214622 167655 40
CPU7 44.873409 167616 sgemm sgemm CUDA3 1.082473 167656 40
CPU18 44.820295 167617 sgemm sgemm CUDA3 1.084650 167657 40
CPU1 44.964940 167618 sgemm sgemm CUDA1 12.123113 167658 40
CPU2 44.630974 167619 sgemm sgemm CUDA1 1.208944 167659 40
CPU17 44.641705 167620 sgemm sgemm CUDA1 1.079815 167660 40
CPU7 45.204403 167621 sgemm sgemm CUDA1 1.205158 167661 40
CPU15 44.636526 167622 sgemm sgemm CUDA0 0.041416 167662 40
CPU2 45.129116 167623 sgemm sgemm CUDA1 1.067701 167663 40
CPU7 45.364206 167624 sgemm sgemm CUDA0 1.065013 167664 40
CPU4 45.323337 167625 sgemm sgemm CUDA0 1.022554 167665 40
CPU9 44.578446 167626 sgemm sgemm CUDA3 1.213312 167666 40
CPU7 45.126956 167627 sgemm sgemm CUDA3 0.060398 167667 40
CPU2 45.325939 167628 sgemm sgemm CUDA0 1.190547 167668 40
CPU1 24.534291 167629 ssyrk ssyrk CPU28 115.327262 167669 40
CPU2 44.687697 167630 sgemm sgemm CUDA2 1.062831 167670 40
CPU14 44.855557 167631 sgemm sgemm CUDA1 1.078199 167671 40
CPU14 45.016888 167632 sgemm sgemm CUDA1 1.192604 167672 40
CPU1 44.713585 167633 sgemm sgemm CUDA1 1.193732 167673 40
CPU5 44.387163 167634 sgemm sgemm CUDA1 7.555761 167674 40
CPU12 45.164673 167635 sgemm sgemm CUDA2 1.075926 167675 40
CPU7 44.807544 167636 sgemm sgemm CUDA2 1.195927 167676 40
CPU15 44.818306 167637 sgemm sgemm CUDA3 11.577792 167677 40
CPU11 44.873585 167638 sgemm sgemm CUDA1 1.065284 167678 40
CPU10 44.923945 167639 sgemm sgemm CUDA1 1.201412 167679 40
CPU16 44.808068 167640 sgemm sgemm CUDA3 1.200984 167680 40
CPU9 44.470627 167641 sgemm sgemm CUDA0 0.068364 167681 40
CPU1 44.769862 167642 sgemm sgemm CUDA0 1.202912 167682 40
CPU18 44.811726 167643 sgemm sgemm CUDA2 1.066574 167683 40
CPU11 44.857805 167644 sgemm sgemm CUDA0 1.193757 167684 40
CPU9 44.567680 167645 sgemm sgemm CUDA2 1.298733 167685 40
CPU7 45.066552 167646 sgemm sgemm CUDA1 1.194196 167686 40
CPU10 44.921686 167647 sgemm sgemm CUDA1 0.090738 167687 40
CPU3 44.801463 167648 sgemm sgemm CUDA1 1.199866 167688 40
CPU0 45.306291 167649 sgemm sgemm CUDA2 1.206772 167689 40
CPU3 44.621901 167650 sgemm sgemm CUDA3 1.080462 167690 40
CPU6 44.964182 167651 sgemm sgemm CUDA1 1.077311 167691 40
CPU5 44.751387 167652 sgemm sgemm CUDA3 1.196456 167692 40
CPU7 44.738570 167653 sgemm sgemm CUDA1 1.205965 167693 40
CPU0 45.195455 167654 sgemm sgemm CUDA2 1.207030 167694 40
CPU6 45.279617 167655 sgemm sgemm CUDA1 1.065886 167695 40
CPU17 45.115567 167656 sgemm sgemm CUDA0 1.439870 167696 40
CPU18 44.772969 167657 sgemm sgemm CUDA3 1.080582 167697 40
CPU18 44.653545 167658 sgemm sgemm CUDA3 1.198014 167698 40
CPU8 44.960041 167659 sgemm sgemm CUDA3 1.132176 167699 40
CPU1 44.713892 167660 sgemm sgemm CUDA3 1.080267 167700 40
CPU5 44.832380 167661 sgemm sgemm CUDA1 11.839837 167701 40
CPU5 44.742941 167662 sgemm sgemm CUDA1 1.080563 167702 40
CPU6 25.091365 167663 ssyrk ssyrk CPU24 138.198566 167703 40
CPU1 45.150609 167664 sgemm sgemm CUDA1 1.203175 167704 40
CPU2 45.160057 167665 sgemm sgemm CUDA1 1.205277 167705 40
CPU11 44.575902 167666 sgemm sgemm CUDA1 1.067669 167706 40
CPU2 44.356195 167667 sgemm sgemm CUDA0 1.304142 167707 40
CPU1 45.019395 167668 sgemm sgemm CUDA2 1.190086 167708 40
CPU7 45.019206 167669 sgemm sgemm CUDA2 1.194990 167709 40
CPU17 44.876862 167670 sgemm sgemm CUDA0 1.312919 167710 40
CPU10 44.792296 167671 sgemm sgemm CUDA2 1.189178 167711 40
CPU5 45.072434 167672 sgemm sgemm CUDA2 1.063764 167712 40
CPU16 44.622043 167673 sgemm sgemm CUDA1 15.284977 167713 40
CPU3 44.846565 167674 sgemm sgemm CUDA0 1.291225 167714 40
CPU11 44.580618 167675 sgemm sgemm CUDA2 0.127386 167715 40
CPU12 44.942188 167676 sgemm sgemm CUDA2 1.196695 167716 40
CPU11 44.765392 167677 sgemm sgemm CUDA1 1.073411 167717 40
CPU4 45.037564 167678 sgemm sgemm CUDA1 1.079998 167718 40
CPU1 45.029064 167679 sgemm sgemm CUDA0 1.205350 167719 40
CPU13 44.896181 167680 sgemm sgemm CUDA2 1.205929 167720 40
CPU7 44.542561 167681 sgemm sgemm CUDA1 1.202254 167721 40
CPU18 44.559955 167682 sgemm sgemm CUDA2 1.065091 167722 40
CPU16 44.807207 167683 sgemm sgemm CUDA2 1.210136 167723 40
CPU2 44.914269 167684 sgemm sgemm CUDA1 1.207269 167724 40
CPU0 45.101579 167685 sgemm sgemm CUDA1 1.319373 167725 40
CPU7 45.075728 167686 sgemm sgemm CUDA0 1.082334 167726 40
CPU9 45.191882 167687 sgemm sgemm CUDA0 1.374768 167727 40
CPU0 45.225310 167688 sgemm sgemm CUDA1 1.075981 167728 40
CPU16 44.694952 167689 sgemm sgemm CUDA1 1.064001 167729 40
CPU12 44.931628 167690 sgemm sgemm CUDA1 1.067144 167730 40
CPU1 45.108469 167691 sgemm sgemm CUDA0 1.191225 167731 40
CPU6 44.995923 167692 sgemm sgemm CPU31 174.164307 167732 40
CPU5 44.764719 167693 sgemm sgemm CUDA0 1.357885 167733 40
CPU4 44.792534 167694 sgemm sgemm CUDA2 1.076386 167734 40
CPU13 45.098802 167695 sgemm sgemm CUDA2 1.083814 167735 40
CPU15 24.621368 167696 ssyrk ssyrk CPU -1 167736 40
CPU14 44.904439 167697 sgemm sgemm CUDA0 1.361378 167737 40
CPU15 44.979650 167698 sgemm sgemm CUDA0 1.207857 167738 40
CPU6 44.765725 167699 sgemm sgemm CUDA0 7.524569 167739 40
CPU15 44.786363 167700 sgemm sgemm CUDA2 1.070584 167740 40
CPU14 44.772176 167701 sgemm sgemm CUDA2 1.062956 167741 40
CPU16 44.778747 167702 sgemm sgemm CUDA1 12.957663 167742 40
CPU8 45.008025 167703 sgemm sgemm CUDA1 0.102084 167743 40
CPU17 44.871372 167704 sgemm sgemm CUDA2 1.067574 167744 40
CPU16 44.516432 167705 sgemm sgemm CUDA3 1.066160 167745 40
CPU6 45.097908 167706 sgemm sgemm CUDA2 1.063948 167746 40
CPU5 44.866735 167707 sgemm sgemm CUDA2 1.064249 167747 40
CPU14 44.790428 167708 sgemm sgemm CUDA2 12.532119 167748 40
CPU19 44.980717 167709 sgemm sgemm CUDA1 1.063661 167749 40
CPU9 44.853249 167710 sgemm sgemm CUDA3 1.065290 167750 40
CPU12 44.891632 167711 sgemm sgemm CUDA3 1.196206 167751 40
CPU10 45.220976 167712 sgemm sgemm CUDA1 1.289693 167752 40
CPU18 44.773101 167713 sgemm sgemm CUDA1 0.080151 167753 40
CPU16 44.619617 167714 sgemm sgemm CUDA2 0.049775 167754 40
CPU1 45.110826 167715 sgemm sgemm CUDA0 1.196016 167755 40
CPU14 44.724488 167716 sgemm sgemm CUDA3 13.188970 167756 40
CPU16 44.835272 167717 sgemm sgemm CUDA1 1.210058 167757 40
CPU5 44.657593 167718 sgemm sgemm CUDA0 1.208600 167758 40
CPU19 44.709763 167719 sgemm sgemm CUDA0 1.203834 167759 40
CPU9 44.726792 167720 sgemm sgemm CUDA1 1.068787 167760 40
CPU16 44.803610 167721 sgemm sgemm CUDA2 1.007041 167761 40
CPU5 44.842249 167722 sgemm sgemm CUDA1 1.145722 167762 40
CPU0 45.385232 167723 sgemm sgemm CUDA2 1.060871 167763 40
CPU6 45.290818 167724 sgemm sgemm CUDA3 1.202910 167764 40
CPU17 45.266986 167725 sgemm sgemm CUDA1 1.293110 167765 40
CPU16 45.140049 167726 sgemm sgemm CUDA1 0.066364 167766 40
CPU16 44.937165 167727 sgemm sgemm CUDA0 1.067567 167767 40
CPU0 24.937925 167728 ssyrk ssyrk CUDA0 0.676789 167768 40
CPU14 44.790431 167729 sgemm sgemm CUDA3 1.066997 167769 40
CPU6 44.865215 167730 sgemm sgemm CUDA0 1.063585 167770 40
CPU8 44.422888 167731 sgemm sgemm CUDA0 1.193197 167771 40
CPU3 44.650816 167732 sgemm sgemm CUDA3 1.067117 167772 40
CPU15 44.718806 167733 sgemm sgemm CUDA1 1.068788 167773 40
CPU16 44.438827 167734 sgemm sgemm CUDA1 1.064731 167774 40
CPU11 44.538583 167735 sgemm sgemm CUDA3 1.064995 167775 40
CPU16 44.538824 167736 sgemm sgemm CUDA3 1.208340 167776 40
CPU1 44.888506 167737 sgemm sgemm CUDA0 1.065160 167777 40
CPU2 44.780393 167738 sgemm sgemm CUDA0 1.064483 167778 40
CPU10 44.776493 167739 sgemm sgemm CUDA0 0.088214 167779 40
CPU0 45.489178 167740 sgemm sgemm CUDA0 1.067891 167780 40
CPU3 44.743876 167741 sgemm sgemm CUDA3 1.066062 167781 40
CPU8 44.816317 167742 sgemm sgemm CUDA3 1.208914 167782 40
CPU11 44.550819 167743 sgemm sgemm CUDA3 1.079497 167783 40
CPU7 44.769250 167744 sgemm sgemm CUDA1 1.199900 167784 40
CPU11 44.478851 167745 sgemm sgemm CUDA1 1.209483 167785 40
CPU4 45.128557 167746 sgemm sgemm CUDA1 1.076539 167786 40
CPU10 44.753665 167747 sgemm sgemm CUDA3 0.047576 167787 40
CPU8 44.862831 167748 sgemm sgemm CUDA1 1.205652 167788 40
CPU12 45.085894 167749 sgemm sgemm CUDA0 1.066071 167789 40
CPU17 44.747234 167750 sgemm sgemm CUDA0 1.066395 167790 40
CPU1 45.040232 167751 sgemm sgemm CUDA1 12.409675 167791 40
CPU16 44.653551 167752 sgemm sgemm CUDA0 1.068480 167792 40
CPU10 44.780737 167753 sgemm sgemm CUDA1 1.064409 167793 40
CPU13 44.981889 167754 sgemm sgemm CUDA3 1.207398 167794 40
CPU11 44.535244 167755 sgemm sgemm CPU32 154.808435 167795 40
CPU12 44.912481 167756 sgemm sgemm CUDA3 1.064235 167796 40
CPU10 44.907082 167757 sgemm sgemm CUDA3 0.101427 167797 40
CPU10 44.831753 167758 sgemm sgemm CUDA0 1.204961 167798 40
CPU2 24.909031 167759 ssyrk ssyrk CPU25 82.736118 167799 40
CPU8 44.571581 167760 sgemm sgemm CUDA3 1.195299 167800 40
CPU6 45.018047 167761 sgemm sgemm CUDA0 1.070538 167801 40
CPU8 44.889082 167762 sgemm sgemm CUDA3 1.213600 167802 40
CPU18 44.691230 167763 sgemm sgemm CUDA3 0.100763 167803 40
CPU16 44.613681 167764 sgemm sgemm CUDA1 1.355855 167804 40
CPU17 44.973094 167765 sgemm sgemm CUDA3 1.356856 167805 40
CPU15 44.921889 167766 sgemm sgemm CUDA1 0.152676 167806 40
CPU3 44.739963 167767 sgemm sgemm CUDA3 1.204307 167807 40
CPU4 45.053376 167768 sgemm sgemm CUDA2 1.078047 167808 40
CPU14 44.870401 167769 sgemm sgemm CUDA2 0.049635 167809 40
CPU19 44.798583 167770 sgemm sgemm CUDA0 1.066739 167810 40
CPU17 45.003687 167771 sgemm sgemm CUDA2 1.064477 167811 40
CPU12 45.074328 167772 sgemm sgemm CUDA1 1.079763 167812 40
CPU3 44.802358 167773 sgemm sgemm CUDA0 0.097070 167813 40
CPU5 44.797251 167774 sgemm sgemm CUDA3 1.189416 167814 40
CPU3 45.152286 167775 sgemm sgemm CUDA0 1.079101 167815 40
CPU8 45.026255 167776 sgemm sgemm CUDA0 1.199438 167816 40
CPU11 44.724682 167777 sgemm sgemm CUDA1 1.197518 167817 40
CPU9 44.901719 167778 sgemm sgemm CUDA3 1.066454 167818 40
CPU5 44.527713 167779 sgemm sgemm CUDA2 0.040247 167819 40
CPU15 44.711763 167780 sgemm sgemm CUDA0 1.207263 167820 40
CPU7 44.887245 167781 sgemm sgemm CUDA3 1.193269 167821 40
CPU14 44.772448 167782 sgemm sgemm CUDA0 1.080528 167822 40
CPU6 44.831878 167783 sgemm sgemm CUDA1 1.152029 167823 40
CPU6 45.008970 167784 sgemm sgemm CUDA2 1.080484 167824 40
CPU17 44.901849 167785 sgemm sgemm CPU33 180.512980 167825 40
CPU19 45.146892 167786 sgemm sgemm CUDA0 1.195246 167826 40
CPU15 45.048737 167787 sgemm sgemm CUDA3 1.284455 167827 40
CPU15 44.783709 167788 sgemm sgemm CPU20 194.567310 167828 40
CPU6 24.887338 167789 ssyrk ssyrk CPU19 88.999746 167829 40
CPU6 44.688770 167790 sgemm sgemm CUDA2 13.099628 167830 40
CPU1 44.786821 167791 sgemm sgemm CUDA3 1.079399 167831 40
CPU12 44.770768 167792 sgemm sgemm CUDA0 1.352818 167832 40
CPU11 45.220114 167793 sgemm sgemm CUDA0 1.360908 167833 40
CPU0 45.138537 167794 sgemm sgemm CUDA2 1.210493 167834 40
CPU15 44.785044 167795 sgemm sgemm CUDA1 0.881476 167835 40
CPU9 44.709214 167796 sgemm sgemm CUDA2 1.068967 167836 40
CPU8 44.269819 167797 sgemm sgemm CUDA0 1.062435 167837 40
CPU16 44.971402 167798 sgemm sgemm CUDA2 1.365987 167838 40
CPU19 44.978926 167799 sgemm sgemm CUDA1 1.077046 167839 40
CPU7 44.809449 167800 sgemm sgemm CUDA2 1.210596 167840 40
CPU4 44.615010 167801 sgemm sgemm CUDA3 1.082173 167841 40
CPU19 44.768323 167802 sgemm sgemm CUDA3 1.288898 167842 40
CPU3 44.862081 167803 sgemm sgemm CUDA1 1.067085 167843 40
CPU16 44.670017 167804 sgemm sgemm CUDA1 1.189899 167844 40
CPU9 44.616596 167805 sgemm sgemm CUDA3 0.043021 167845 40
CPU14 44.948088 167806 sgemm sgemm CUDA3 1.299316 167846 40
CPU15 44.754413 167807 sgemm sgemm CUDA3 1.207800 167847 40
CPU4 44.765698 167808 sgemm sgemm CUDA3 1.064075 167848 40
CPU7 44.740137 167809 sgemm sgemm CUDA0 1.077643 167849 40
CPU9 44.767033 167810 sgemm sgemm CUDA2 1.067560 167850 40
CPU16 44.901003 167811 sgemm sgemm CUDA0 1.194393 167851 40
CPU0 45.078115 167812 sgemm sgemm CUDA1 1.145457 167852 40
CPU4 45.047247 167813 sgemm sgemm CUDA0 1.067439 167853 40
CPU11 44.737281 167814 sgemm sgemm CPU34 180.743175 167854 40
CPU19 45.079021 167815 sgemm sgemm CUDA0 1.210288 167855 40
CPU19 45.167680 167816 sgemm sgemm CUDA0 20.318283 167856 40
CPU18 45.146977 167817 sgemm sgemm CUDA3 1.065325 167857 40
CPU17 25.003365 167818 ssyrk ssyrk CPU22 91.245234 167858 40
CPU9 44.551147 167819 sgemm sgemm CUDA2 1.192853 167859 40
CPU16 44.813665 167820 sgemm sgemm CUDA1 1.073175 167860 40
CPU12 45.171931 167821 sgemm sgemm CUDA1 1.205949 167861 40
CPU8 44.845067 167822 sgemm sgemm CUDA2 1.073635 167862 40
CPU16 44.614572 167823 sgemm sgemm CUDA0 0.066473 167863 40
CPU1 44.686248 167824 sgemm sgemm CUDA2 1.212723 167864 40
CPU17 45.033851 167825 sgemm sgemm CUDA2 1.065215 167865 40
CPU14 44.899595 167826 sgemm sgemm CUDA0 1.306378 167866 40
CPU12 44.897038 167827 sgemm sgemm CUDA1 0.068865 167867 40
CPU4 44.917528 167828 sgemm sgemm CUDA2 1.064200 167868 40
CPU4 44.823772 167829 sgemm sgemm CUDA1 1.065897 167869 40
CPU13 44.947312 167830 sgemm sgemm CUDA2 1.064362 167870 40
CPU5 44.840524 167831 sgemm sgemm CUDA1 1.066171 167871 40
CPU17 44.836675 167832 sgemm sgemm CUDA1 1.079102 167872 40
CPU13 44.938284 167833 sgemm sgemm CUDA2 1.187563 167873 40
CPU15 44.795544 167834 sgemm sgemm CUDA1 1.067206 167874 40
CPU18 44.651512 167835 sgemm sgemm CUDA0 0.051419 167875 40
CPU17 44.939602 167836 sgemm sgemm CUDA2 1.321164 167876 40
CPU14 44.585597 167837 sgemm sgemm CUDA0 1.061582 167877 40
CPU7 45.108281 167838 sgemm sgemm CUDA1 1.304421 167878 40
CPU7 45.015237 167839 sgemm sgemm CUDA2 1.204057 167879 40
CPU19 44.751986 167840 sgemm sgemm CUDA1 1.020370 167880 40
CPU18 44.784489 167841 sgemm sgemm CUDA2 1.205620 167881 40
CPU19 45.625022 167842 sgemm sgemm CUDA0 1.144677 167882 40
CPU19 45.077376 167843 sgemm sgemm CUDA1 1.191336 167883 40
CPU19 45.088158 167844 sgemm sgemm CUDA2 1.212708 167884 40
CPU13 44.623263 167845 sgemm sgemm CUDA0 0.041239 167885 40
CPU7 25.030813 167846 ssyrk ssyrk CPU -1 167886 40
CPU17 44.831163 167847 sgemm sgemm CUDA3 1.064729 167887 40
CPU15 44.499644 167848 sgemm sgemm CUDA0 1.194049 167888 40
CPU17 44.688184 167849 sgemm sgemm CUDA0 20.490628 167889 40
CPU14 44.931413 167850 sgemm sgemm CUDA2 1.075447 167890 40
CPU1 44.581818 167851 sgemm sgemm CUDA3 1.080119 167891 40
CPU19 44.943988 167852 sgemm sgemm CUDA2 11.841600 167892 40
CPU15 44.562859 167853 sgemm sgemm CUDA3 1.195895 167893 40
CPU19 44.939087 167854 sgemm sgemm CUDA2 0.046855 167894 40
CPU5 44.817192 167855 sgemm sgemm CUDA3 12.270674 167895 40
CPU6 44.883294 167856 sgemm sgemm CUDA3 1.206947 167896 40
CPU0 45.622943 167857 sgemm sgemm CUDA1 12.526911 167897 40
CPU2 44.717631 167858 sgemm sgemm CUDA1 1.191967 167898 40
CPU10 44.934292 167859 sgemm sgemm CUDA2 1.319678 167899 40
CPU9 45.069688 167860 sgemm sgemm CUDA2 1.083261 167900 40
CPU8 44.982974 167861 sgemm sgemm CUDA3 1.206539 167901 40
CPU5 44.920796 167862 sgemm sgemm CUDA1 1.197143 167902 40
CPU16 44.953992 167863 sgemm sgemm CUDA2 1.203813 167903 40
CPU19 44.842864 167864 sgemm sgemm CUDA1 1.209380 167904 40
CPU0 44.912853 167865 sgemm sgemm CUDA2 12.304205 167905 40
CPU9 44.994071 167866 sgemm sgemm CUDA2 1.149786 167906 40
CPU0 45.410414 167867 sgemm sgemm CUDA3 1.209088 167907 40
CPU9 45.114209 167868 sgemm sgemm CUDA2 1.061351 167908 40
CPU1 45.287537 167869 sgemm sgemm CPU35 167.969984 167909 40
CPU6 44.932082 167870 sgemm sgemm CUDA3 1.361125 167910 40
CPU7 44.973728 167871 sgemm sgemm CUDA3 1.194334 167911 40
CPU8 45.036230 167872 sgemm sgemm CPU11 165.538404 167912 40
CPU17 24.845307 167873 ssyrk ssyrk CUDA0 0.104573 167913 40
CPU19 44.907620 167874 sgemm sgemm CUDA0 0.126914 167914 40
CPU15 44.696580 167875 sgemm sgemm CUDA1 1.073900 167915 40
CPU18 44.759310 167876 sgemm sgemm CUDA0 11.852936 167916 40
CPU4 44.614444 167877 sgemm sgemm CUDA0 0.153901 167917 40
CPU3 44.743676 167878 sgemm sgemm CUDA3 1.066443 167918 40
CPU16 44.862347 167879 sgemm sgemm CUDA0 1.206812 167919 40
CPU19 44.820361 167880 sgemm sgemm CUDA1 1.191204 167920 40
CPU2 44.340948 167881 sgemm sgemm CUDA3 1.357918 167921 40
CPU6 44.595876 167882 sgemm sgemm CUDA0 1.069206 167922 40
CPU18 44.734546 167883 sgemm sgemm CUDA1 5.242126 167923 40
CPU8 44.896471 167884 sgemm sgemm CUDA1 1.065319 167924 40
CPU18 44.651174 167885 sgemm sgemm CUDA1 1.207576 167925 40
CPU17 44.822358 167886 sgemm sgemm CUDA3 1.205124 167926 40
CPU8 44.799541 167887 sgemm sgemm CUDA1 1.205907 167927 40
CPU4 44.845960 167888 sgemm sgemm CUDA0 1.079125 167928 40
CPU9 44.692175 167889 sgemm sgemm CUDA3 1.067971 167929 40
CPU16 44.601952 167890 sgemm sgemm CUDA1 1.064345 167930 40
CPU17 44.745796 167891 sgemm sgemm CUDA3 1.206074 167931 40
CPU16 44.622765 167892 sgemm sgemm CUDA0 1.195464 167932 40
CPU0 45.150257 167893 sgemm sgemm CUDA3 1.081511 167933 40
CPU2 45.145288 167894 sgemm sgemm CUDA3 1.065042 167934 40
CPU17 44.631173 167895 sgemm sgemm CUDA3 1.010040 167935 40
CPU16 44.794437 167896 sgemm sgemm CUDA1 1.194548 167936 40
CPU10 45.056664 167897 sgemm sgemm CUDA1 1.271602 167937 40
CPU9 45.000537 167898 sgemm sgemm CUDA1 1.064472 167938 40
CPU16 24.767328 167899 ssyrk ssyrk CPU23 128.438630 167939 40
CPU15 44.573632 167900 sgemm sgemm CUDA0 1.267154 167940 40
CPU14 44.643636 167901 sgemm sgemm CUDA1 1.080189 167941 40
CPU3 44.574732 167902 sgemm sgemm CUDA2 1.064557 167942 40
CPU12 45.111401 167903 sgemm sgemm CUDA2 0.071206 167943 40
CPU11 44.527329 167904 sgemm sgemm CUDA0 1.205671 167944 40
CPU1 44.945597 167905 sgemm sgemm CUDA0 12.245925 167945 40
CPU10 44.879101 167906 sgemm sgemm CUDA2 1.194247 167946 40
CPU18 45.079283 167907 sgemm sgemm CUDA0 1.194278 167947 40
CPU4 45.221496 167908 sgemm sgemm CUDA2 1.194231 167948 40
CPU0 44.689353 167909 sgemm sgemm CUDA1 1.196418 167949 40
CPU8 45.165663 167910 sgemm sgemm CUDA2 1.062082 167950 40
CPU0 45.395210 167911 sgemm sgemm CUDA0 1.207188 167951 40
CPU15 44.896838 167912 sgemm sgemm CUDA0 1.065043 167952 40
CPU7 45.039935 167913 sgemm sgemm CUDA1 1.065226 167953 40
CPU10 45.120736 167914 sgemm sgemm CUDA1 1.067295 167954 40
CPU11 44.412125 167915 sgemm sgemm CUDA0 1.067118 167955 40
CPU12 45.068870 167916 sgemm sgemm CUDA2 1.082622 167956 40
CPU16 44.668966 167917 sgemm sgemm CUDA2 1.010354 167957 40
CPU10 44.845006 167918 sgemm sgemm CUDA3 1.082042 167958 40
CPU8 45.211511 167919 sgemm sgemm CUDA0 1.210507 167959 40
CPU1 45.229231 167920 sgemm sgemm CUDA3 1.009764 167960 40
CPU14 44.946136 167921 sgemm sgemm CUDA0 1.209928 167961 40
CPU14 44.853799 167922 sgemm sgemm CUDA0 0.115915 167962 40
CPU14 44.455923 167923 sgemm sgemm CPU14 173.362092 167963 40
CPU7 25.091927 167924 ssyrk ssyrk CPU -1 167964 40
CPU16 44.591617 167925 sgemm sgemm CPU19 274.671072 167965 40
CPU2 44.583238 167926 sgemm sgemm CUDA2 1.202581 167966 40
CPU9 44.986669 167927 sgemm sgemm CUDA0 1.065602 167967 40
CPU11 44.558013 167928 sgemm sgemm CUDA2 1.085755 167968 40
CPU10 44.879515 167929 sgemm sgemm CUDA2 1.065900 167969 40
CPU18 44.718263 167930 sgemm sgemm CUDA2 1.067614 167970 40
CPU10 44.857463 167931 sgemm sgemm CUDA3 1.063549 167971 40
CPU10 44.613948 167932 sgemm sgemm CUDA2 1.081100 167972 40
CPU15 44.662722 167933 sgemm sgemm CUDA3 1.074659 167973 40
CPU8 45.297150 167934 sgemm sgemm CUDA3 1.081817 167974 40
CPU8 44.864335 167935 sgemm sgemm CUDA3 1.210037 167975 40
CPU6 45.126130 167936 sgemm sgemm CUDA0 1.078922 167976 40
CPU18 44.566125 167937 sgemm sgemm CUDA3 0.051149 167977 40
CPU6 44.823747 167938 sgemm sgemm CUDA2 1.062581 167978 40
CPU12 44.683100 167939 sgemm sgemm CUDA2 1.061261 167979 40
CPU3 44.925576 167940 sgemm sgemm CUDA2 1.197628 167980 40
CPU9 44.832748 167941 sgemm sgemm CUDA3 1.210048 167981 40
CPU2 44.742602 167942 sgemm sgemm CUDA3 12.365870 167982 40
CPU3 45.201899 167943 sgemm sgemm CUDA0 12.718729 167983 40
CPU4 45.073961 167944 sgemm sgemm CUDA0 1.066838 167984 40
CPU9 44.721866 167945 sgemm sgemm CUDA1 1.066601 167985 40
CPU6 44.899608 167946 sgemm sgemm CUDA1 1.200455 167986 40
CPU6 45.422817 167947 sgemm sgemm CUDA0 1.023959 167987 40
CPU16 24.821999 167948 ssyrk ssyrk CPU -1 167988 40
CPU16 44.835256 167949 sgemm sgemm CUDA0 1.296687 167989 40
CPU10 44.928918 167950 sgemm sgemm CUDA2 1.066871 167990 40
CPU6 45.469371 167951 sgemm sgemm CUDA2 1.206366 167991 40
CPU16 44.654776 167952 sgemm sgemm CUDA0 0.076794 167992 40
CPU18 44.971840 167953 sgemm sgemm CUDA0 1.064088 167993 40
CPU16 45.035400 167954 sgemm sgemm CUDA0 1.064038 167994 40
CPU19 44.882961 167955 sgemm sgemm CUDA2 1.208999 167995 40
CPU8 44.855228 167956 sgemm sgemm CUDA2 1.205272 167996 40
CPU15 44.529967 167957 sgemm sgemm CUDA0 1.080159 167997 40
CPU8 44.895103 167958 sgemm sgemm CUDA2 1.080530 167998 40
CPU2 44.860967 167959 sgemm sgemm CUDA3 1.201268 167999 40
CPU2 44.605192 167960 sgemm sgemm CUDA3 1.064888 168000 40
CPU4 44.826091 167961 sgemm sgemm CUDA2 1.068704 168001 40
CPU9 44.741683 167962 sgemm sgemm CUDA2 1.062321 168002 40
CPU9 44.813057 167963 sgemm sgemm CUDA3 12.157447 168003 40
CPU15 44.775538 167964 sgemm sgemm CUDA3 1.065525 168004 40
CPU17 44.737572 167965 sgemm sgemm CUDA2 12.073144 168005 40
CPU17 44.582633 167966 sgemm sgemm CUDA0 0.041684 168006 40
CPU11 44.628609 167967 sgemm sgemm CUDA1 1.064325 168007 40
CPU5 44.714067 167968 sgemm sgemm CUDA3 1.198637 168008 40
CPU1 44.857196 167969 sgemm sgemm CUDA3 1.063738 168009 40
CPU5 45.174068 167970 sgemm sgemm CPU13 173.135883 168010 40
CPU4 25.088972 167971 ssyrk ssyrk CPU30 84.033228 168011 40
CPU6 44.738678 167972 sgemm sgemm CUDA2 1.288029 168012 40
CPU15 44.545115 167973 sgemm sgemm CUDA0 1.067557 168013 40
CPU4 44.922802 167974 sgemm sgemm CUDA0 11.900286 168014 40
CPU5 45.042333 167975 sgemm sgemm CUDA0 1.195602 168015 40
CPU3 44.703801 167976 sgemm sgemm CUDA3 1.082565 168016 40
CPU11 44.787719 167977 sgemm sgemm CUDA3 1.293830 168017 40
CPU6 44.916513 167978 sgemm sgemm CUDA1 0.087207 168018 40
CPU16 44.449885 167979 sgemm sgemm CUDA3 12.976758 168019 40
CPU12 44.722701 167980 sgemm sgemm CUDA0 1.067972 168020 40
CPU12 44.970389 167981 sgemm sgemm CPU17 142.188071 168021 40
CPU11 44.758076 167982 sgemm sgemm CUDA1 0.061372 168022 40
CPU18 45.103832 167983 sgemm sgemm CUDA3 12.375993 168023 40
CPU19 44.778169 167984 sgemm sgemm CUDA2 1.080179 168024 40
CPU17 44.736343 167985 sgemm sgemm CUDA2 1.076807 168025 40
CPU11 44.815395 167986 sgemm sgemm CUDA3 1.076538 168026 40
CPU10 44.996160 167987 sgemm sgemm CUDA2 0.043455 168027 40
CPU0 45.283468 167988 sgemm sgemm CUDA2 1.195724 168028 40
CPU18 44.685105 167989 sgemm sgemm CUDA0 1.191182 168029 40
CPU17 45.140375 167990 sgemm sgemm CUDA1 1.196990 168030 40
CPU15 45.181762 167991 sgemm sgemm CUDA1 1.065524 168031 40
CPU16 44.603893 167992 sgemm sgemm CUDA0 1.083835 168032 40
CPU4 25.105112 167993 ssyrk ssyrk CPU -1 168033 40
CPU14 44.715807 167994 sgemm sgemm CUDA2 1.196778 168034 40
CPU0 45.505340 167995 sgemm sgemm CUDA0 1.371171 168035 40
CPU10 44.932599 167996 sgemm sgemm CUDA3 1.078057 168036 40
CPU11 45.065779 167997 sgemm sgemm CUDA3 20.566453 168037 40
CPU14 44.640061 167998 sgemm sgemm CUDA3 1.070547 168038 40
CPU19 45.367418 167999 sgemm sgemm CUDA3 1.072195 168039 40
CPU7 45.454664 168000 sgemm sgemm CUDA3 1.348937 168040 40
CPU3 44.818090 168001 sgemm sgemm CUDA0 1.195044 168041 40
CPU15 44.801493 168002 sgemm sgemm CUDA2 1.080603 168042 40
CPU16 44.834422 168003 sgemm sgemm CUDA0 1.206623 168043 40
CPU14 45.045280 168004 sgemm sgemm CUDA2 1.064411 168044 40
CPU17 44.801289 168005 sgemm sgemm CUDA0 11.449895 168045 40
CPU8 44.909755 168006 sgemm sgemm CUDA3 0.041700 168046 40
CPU16 44.650589 168007 sgemm sgemm CUDA3 1.069693 168047 40
CPU17 45.266491 168008 sgemm sgemm CUDA3 0.044942 168048 40
CPU4 45.043683 168009 sgemm sgemm CUDA3 1.204879 168049 40
CPU2 45.061162 168010 sgemm sgemm CUDA0 1.075977 168050 40
CPU10 45.388947 168011 sgemm sgemm CUDA0 1.064100 168051 40
CPU13 45.321484 168012 sgemm sgemm CUDA2 1.063030 168052 40
CPU13 44.305537 168013 sgemm sgemm CPU20 168.867698 168053 40
CPU3 24.857346 168014 ssyrk ssyrk CPU23 83.785999 168054 40
CPU15 44.601733 168015 sgemm sgemm CUDA1 1.195187 168055 40
CPU17 44.864289 168016 sgemm sgemm CUDA3 1.193878 168056 40
CPU1 45.071371 168017 sgemm sgemm CUDA1 1.069685 168057 40
CPU9 45.087197 168018 sgemm sgemm CUDA1 1.195928 168058 40
CPU2 44.993186 168019 sgemm sgemm CUDA1 12.977059 168059 40
CPU7 45.137267 168020 sgemm sgemm CUDA1 1.362883 168060 40
CPU0 45.508971 168021 sgemm sgemm CUDA1 0.041067 168061 40
CPU0 45.421516 168022 sgemm sgemm CUDA0 1.067795 168062 40
CPU1 45.152143 168023 sgemm sgemm CUDA1 1.416096 168063 40
CPU0 45.089167 168024 sgemm sgemm CUDA0 1.064224 168064 40
CPU9 45.134961 168025 sgemm sgemm CUDA2 1.364407 168065 40
CPU2 45.089733 168026 sgemm sgemm CUDA3 1.315557 168066 40
CPU15 44.709702 168027 sgemm sgemm CUDA0 5.868329 168067 40
CPU4 45.078793 168028 sgemm sgemm CUDA0 1.067415 168068 40
CPU6 45.233360 168029 sgemm sgemm CUDA3 1.204818 168069 40
CPU18 44.614902 168030 sgemm sgemm CUDA0 12.301836 168070 40
CPU7 44.796439 168031 sgemm sgemm CUDA1 1.082981 168071 40
CPU6 44.956727 168032 sgemm sgemm CUDA1 1.204039 168072 40
CPU6 45.137891 168033 sgemm sgemm CPU28 174.379799 168073 40
CPU14 24.820882 168034 ssyrk ssyrk CPU24 97.161022 168074 40
CPU19 44.858368 168035 sgemm sgemm CUDA0 1.195797 168075 40
CPU12 44.644024 168036 sgemm sgemm CUDA0 1.064090 168076 40
CPU12 44.918449 168037 sgemm sgemm CUDA2 1.205798 168077 40
CPU16 44.786282 168038 sgemm sgemm CUDA2 1.208698 168078 40
CPU17 44.722313 168039 sgemm sgemm CUDA2 1.208661 168079 40
CPU5 44.872627 168040 sgemm sgemm CUDA0 1.206127 168080 40
CPU14 44.724266 168041 sgemm sgemm CUDA1 1.203379 168081 40
CPU19 44.790911 168042 sgemm sgemm CUDA1 1.066977 168082 40
CPU5 44.613119 168043 sgemm sgemm CUDA2 1.203680 168083 40
CPU16 44.658908 168044 sgemm sgemm CUDA1 12.049591 168084 40
CPU0 44.855131 168045 sgemm sgemm CUDA1 1.207232 168085 40
CPU16 44.490881 168046 sgemm sgemm CUDA0 0.047522 168086 40
CPU7 44.919511 168047 sgemm sgemm CUDA1 1.065017 168087 40
CPU8 44.873738 168048 sgemm sgemm CUDA2 4.847893 168088 40
CPU1 45.040870 168049 sgemm sgemm CUDA1 1.079038 168089 40
CPU1 44.846514 168050 sgemm sgemm CUDA1 1.201301 168090 40
CPU0 45.119421 168051 sgemm sgemm CUDA0 1.196632 168091 40
CPU18 44.915693 168052 sgemm sgemm CUDA0 1.068856 168092 40
CPU7 25.111420 168053 ssyrk ssyrk CPU25 75.415284 168093 40
CPU8 44.756085 168054 sgemm sgemm CUDA1 13.143892 168094 40
CPU15 45.018238 168055 sgemm sgemm CUDA1 0.047935 168095 40
CPU18 44.683568 168056 sgemm sgemm CUDA3 1.194676 168096 40
CPU6 45.268770 168057 sgemm sgemm CUDA2 12.053245 168097 40
CPU12 44.952147 168058 sgemm sgemm CUDA1 1.206687 168098 40
CPU16 44.989051 168059 sgemm sgemm CUDA1 13.035217 168099 40
CPU10 45.290966 168060 sgemm sgemm CUDA0 1.081742 168100 40
CPU11 45.108196 168061 sgemm sgemm CUDA3 1.207175 168101 40
CPU17 44.806155 168062 sgemm sgemm CUDA0 0.145143 168102 40
CPU19 45.030870 168063 sgemm sgemm CUDA3 1.207898 168103 40
CPU19 45.088650 168064 sgemm sgemm CUDA3 12.166215 168104 40
CPU16 44.953010 168065 sgemm sgemm CUDA3 1.241646 168105 40
CPU15 44.883682 168066 sgemm sgemm CUDA2 0.042065 168106 40
CPU15 45.115884 168067 sgemm sgemm CUDA0 0.048279 168107 40
CPU15 45.129488 168068 sgemm sgemm CUDA1 1.081188 168108 40
CPU15 45.217821 168069 sgemm sgemm CUDA1 1.064245 168109 40
CPU15 44.985766 168070 sgemm sgemm CUDA2 1.023590 168110 40
CPU9 24.594482 168071 ssyrk ssyrk CPU20 76.966737 168111 40
CPU6 45.156796 168072 sgemm sgemm CUDA1 1.202156 168112 40
CPU8 45.148614 168073 sgemm sgemm CUDA2 1.204042 168113 40
CPU4 45.200970 168074 sgemm sgemm CUDA1 1.205056 168114 40
CPU18 44.630851 168075 sgemm sgemm CUDA3 1.067607 168115 40
CPU6 45.413306 168076 sgemm sgemm CUDA3 1.201170 168116 40
CPU8 44.910679 168077 sgemm sgemm CUDA0 1.203601 168117 40
CPU4 44.813431 168078 sgemm sgemm CUDA3 0.049097 168118 40
CPU5 45.007007 168079 sgemm sgemm CUDA1 1.203041 168119 40
CPU8 44.870790 168080 sgemm sgemm CUDA1 1.195243 168120 40
CPU16 44.717976 168081 sgemm sgemm CUDA0 1.367717 168121 40
CPU9 44.884339 168082 sgemm sgemm CUDA0 1.200204 168122 40
CPU2 44.993778 168083 sgemm sgemm CUDA3 12.183050 168123 40
CPU0 45.209393 168084 sgemm sgemm CUDA1 1.205143 168124 40
CPU16 44.768804 168085 sgemm sgemm CUDA3 1.069050 168125 40
CPU18 44.942263 168086 sgemm sgemm CUDA3 1.064560 168126 40
CPU2 45.245112 168087 sgemm sgemm CUDA2 1.066030 168127 40
CPU10 25.105453 168088 ssyrk ssyrk CPU32 95.066350 168128 40
CPU11 44.772605 168089 sgemm sgemm CUDA3 1.068306 168129 40
CPU5 44.956823 168090 sgemm sgemm CUDA3 1.203267 168130 40
CPU7 45.238663 168091 sgemm sgemm CUDA2 1.207230 168131 40
CPU0 45.118198 168092 sgemm sgemm CUDA0 1.194917 168132 40
CPU2 45.216647 168093 sgemm sgemm CUDA3 1.202558 168133 40
CPU6 44.828039 168094 sgemm sgemm CUDA2 1.193221 168134 40
CPU11 44.626516 168095 sgemm sgemm CUDA3 1.067253 168135 40
CPU17 44.693620 168096 sgemm sgemm CUDA2 1.066179 168136 40
CPU1 44.706402 168097 sgemm sgemm CUDA3 0.047972 168137 40
CPU8 44.987475 168098 sgemm sgemm CUDA0 1.069836 168138 40
CPU8 45.098201 168099 sgemm sgemm CUDA3 0.047116 168139 40
CPU11 44.854648 168100 sgemm sgemm CPU15 157.044212 168140 40
CPU12 45.180473 168101 sgemm sgemm CUDA0 1.065056 168141 40
CPU10 45.069506 168102 sgemm sgemm CUDA3 1.073913 168142 40
CPU13 44.760576 168103 sgemm sgemm CPU -1 168143 40
CPU8 24.951437 168104 ssyrk ssyrk CPU -1 168144 40
CPU14 44.848452 168105 sgemm sgemm CUDA2 1.080048 168145 40
CPU2 44.628769 168106 sgemm sgemm CUDA3 1.068291 168146 40
CPU3 44.867794 168107 sgemm sgemm CUDA3 1.062503 168147 40
CPU1 44.952319 168108 sgemm sgemm CUDA1 1.202250 168148 40
CPU2 45.015260 168109 sgemm sgemm CUDA3 1.302618 168149 40
CPU4 45.625320 168110 sgemm sgemm CUDA1 1.207185 168150 40
CPU2 45.060308 168111 sgemm sgemm CUDA3 1.208815 168151 40
CPU14 44.631091 168112 sgemm sgemm CUDA1 1.206658 168152 40
CPU10 44.747769 168113 sgemm sgemm CUDA1 12.438085 168153 40
CPU9 45.219160 168114 sgemm sgemm CUDA2 1.257836 168154 40
CPU18 44.768572 168115 sgemm sgemm CUDA1 1.011030 168155 40
CPU5 44.984871 168116 sgemm sgemm CUDA1 1.066206 168156 40
CPU7 45.098763 168117 sgemm sgemm CUDA3 1.203475 168157 40
CPU7 44.885470 168118 sgemm sgemm CUDA2 1.304987 168158 40
CPU16 24.688018 168119 ssyrk ssyrk CPU23 128.730844 168159 40
CPU18 44.851500 168120 sgemm sgemm CUDA1 1.196720 168160 40
CPU5 45.014133 168121 sgemm sgemm CUDA1 0.039778 168161 40
CPU4 45.200694 168122 sgemm sgemm CUDA1 1.066099 168162 40
CPU3 44.897787 168123 sgemm sgemm CUDA1 1.193860 168163 40
CPU0 44.939498 168124 sgemm sgemm CUDA3 1.202831 168164 40
CPU1 45.132607 168125 sgemm sgemm CUDA2 12.528569 168165 40
CPU16 44.498212 168126 sgemm sgemm CUDA1 1.192445 168166 40
CPU11 44.480138 168127 sgemm sgemm CUDA0 15.503570 168167 40
CPU7 45.330152 168128 sgemm sgemm CUDA2 1.063173 168168 40
CPU19 44.789258 168129 sgemm sgemm CUDA3 12.104817 168169 40
CPU8 44.926885 168130 sgemm sgemm CUDA0 1.067242 168170 40
CPU10 45.433999 168131 sgemm sgemm CUDA1 1.072213 168171 40
CPU10 44.658441 168132 sgemm sgemm CUDA0 1.300601 168172 40
CPU19 25.137384 168133 ssyrk ssyrk CPU26 115.451020 168173 40
CPU4 44.778850 168134 sgemm sgemm CUDA0 1.074108 168174 40
CPU19 44.866573 168135 sgemm sgemm CUDA3 1.079441 168175 40
CPU3 44.528304 168136 sgemm sgemm CUDA3 1.078199 168176 40
CPU12 44.806671 168137 sgemm sgemm CUDA0 1.317683 168177 40
CPU3 45.046389 168138 sgemm sgemm CUDA2 0.046648 168178 40
CPU10 44.882350 168139 sgemm sgemm CUDA2 1.209224 168179 40
CPU11 44.651109 168140 sgemm sgemm CUDA0 0.047139 168180 40
CPU5 45.056677 168141 sgemm sgemm CUDA2 1.084262 168181 40
CPU1 45.123365 168142 sgemm sgemm CUDA1 1.023799 168182 40
CPU6 44.852260 168143 sgemm sgemm CUDA3 1.203925 168183 40
CPU7 44.931904 168144 sgemm sgemm CUDA1 1.195161 168184 40
CPU13 44.642994 168145 sgemm sgemm CPU18 167.892018 168185 40
CPU11 24.610626 168146 ssyrk ssyrk CPU12 144.390490 168186 40
CPU17 45.004812 168147 sgemm sgemm CUDA2 1.194947 168187 40
CPU19 44.949570 168148 sgemm sgemm CUDA2 1.080226 168188 40
CPU15 44.702091 168149 sgemm sgemm CUDA1 1.302011 168189 40
CPU12 45.014683 168150 sgemm sgemm CUDA1 1.073240 168190 40
CPU12 44.897166 168151 sgemm sgemm CUDA1 1.199029 168191 40
CPU16 44.792183 168152 sgemm sgemm CUDA0 1.313604 168192 40
CPU11 44.670313 168153 sgemm sgemm CUDA0 1.205664 168193 40
CPU11 44.907045 168154 sgemm sgemm CUDA2 1.193026 168194 40
CPU4 44.904926 168155 sgemm sgemm CUDA0 1.206332 168195 40
CPU12 45.067512 168156 sgemm sgemm CUDA2 1.077230 168196 40
CPU12 44.739287 168157 sgemm sgemm CUDA1 1.066565 168197 40
CPU19 24.914556 168158 ssyrk ssyrk CPU -1 168198 40
CPU7 44.810275 168159 sgemm sgemm CUDA3 1.081500 168199 40
CPU0 45.305185 168160 sgemm sgemm CUDA0 1.065491 168200 40
CPU11 44.739712 168161 sgemm sgemm CUDA1 1.084397 168201 40
CPU19 44.923794 168162 sgemm sgemm CUDA0 1.192472 168202 40
CPU5 44.818993 168163 sgemm sgemm CUDA3 1.207565 168203 40
CPU11 44.661770 168164 sgemm sgemm CUDA0 1.214022 168204 40
CPU16 44.967014 168165 sgemm sgemm CUDA0 1.355579 168205 40
CPU15 45.002723 168166 sgemm sgemm CUDA2 1.213765 168206 40
CPU17 45.048477 168167 sgemm sgemm CUDA2 12.169728 168207 40
CPU17 44.705926 168168 sgemm sgemm CPU -1 168208 40
CPU9 24.362277 168169 ssyrk ssyrk CPU25 118.231238 168209 40
CPU5 44.733678 168170 sgemm sgemm CUDA1 1.063952 168210 40
CPU5 44.737642 168171 sgemm sgemm CUDA1 1.372813 168211 40
CPU2 44.681449 168172 sgemm sgemm CUDA0 1.203455 168212 40
CPU7 44.840832 168173 sgemm sgemm CUDA3 1.027643 168213 40
CPU2 44.931455 168174 sgemm sgemm CUDA2 1.062485 168214 40
CPU8 44.947708 168175 sgemm sgemm CUDA3 0.041017 168215 40
CPU3 44.690758 168176 sgemm sgemm CUDA2 1.190559 168216 40
CPU1 44.802488 168177 sgemm sgemm CUDA0 1.204460 168217 40
CPU0 45.358063 168178 sgemm sgemm CPU -1 168218 40
CPU19 24.880526 168179 ssyrk ssyrk CPU -1 168219 40
CPU7 45.494800 168180 sgemm sgemm CUDA3 1.300353 168220 40
CPU4 45.128006 168181 sgemm sgemm CUDA3 1.266491 168221 40
CPU1 44.883001 168182 sgemm sgemm CUDA1 0.045604 168222 40
CPU2 45.157333 168183 sgemm sgemm CUDA0 1.079067 168223 40
CPU0 45.494223 168184 sgemm sgemm CUDA3 1.265034 168224 40
CPU1 44.906342 168185 sgemm sgemm CUDA2 1.212815 168225 40
CPU3 45.114192 168186 sgemm sgemm CUDA0 1.204750 168226 40
CPU3 45.110637 168187 sgemm sgemm CPU12 165.303118 168227 40
CPU7 25.474093 168188 ssyrk ssyrk CPU -1 168228 40
CPU8 45.147409 168189 sgemm sgemm CUDA3 1.194857 168229 40
CPU1 45.190771 168190 sgemm sgemm CUDA3 1.206191 168230 40
CPU0 45.410528 168191 sgemm sgemm CUDA2 1.062603 168231 40
CPU8 45.157464 168192 sgemm sgemm CUDA2 1.153474 168232 40
CPU9 44.922810 168193 sgemm sgemm CUDA2 1.081897 168233 40
CPU9 44.995065 168194 sgemm sgemm CUDA1 1.196244 168234 40
CPU7 45.293851 168195 sgemm sgemm CPU12 154.349428 168235 40
CPU19 25.106929 168196 ssyrk ssyrk CPU20 95.864814 168236 40
CPU17 44.983324 168197 sgemm sgemm CUDA1 1.297819 168237 40
CPU10 44.796819 168198 sgemm sgemm CUDA3 1.067506 168238 40
CPU19 44.768899 168199 sgemm sgemm CUDA2 1.141743 168239 40
CPU19 45.066884 168200 sgemm sgemm CUDA0 1.204837 168240 40
CPU18 44.798916 168201 sgemm sgemm CUDA1 12.068397 168241 40
CPU19 45.738159 168202 sgemm sgemm CPU -1 168242 40
CPU0 24.977364 168203 ssyrk ssyrk CPU -1 168243 40
CPU6 45.112773 168204 sgemm sgemm CPU -1 168244 40
CPU2 45.012377 168205 sgemm sgemm CUDA1 1.132387 168245 40
CPU3 44.789688 168206 sgemm sgemm CUDA0 1.194795 168246 40
CPU9 44.754484 168207 sgemm sgemm CPU -1 168247 40
CPU5 44.959338 168208 sgemm sgemm CPU29 192.092407 168248 40
CPU9 24.698921 168209 ssyrk ssyrk CPU -1 168249 40
CPU4 45.060916 168210 sgemm sgemm CUDA0 1.199725 168250 40
CPU11 44.686528 168211 sgemm sgemm CUDA2 0.041252 168251 40
CPU19 44.960025 168212 sgemm sgemm CUDA2 12.463478 168252 40
CPU19 44.619245 168213 sgemm sgemm CPU26 186.356269 168253 40
CPU12 24.960664 168214 ssyrk ssyrk CPU -1 168254 40
CPU12 45.089305 168215 sgemm sgemm CUDA3 1.158423 168255 40
CPU18 45.196182 168216 sgemm sgemm CUDA2 1.212420 168256 40
CPU14 44.555787 168217 sgemm sgemm CUDA0 1.157708 168257 40
CPU10 25.070484 168218 ssyrk ssyrk CPU -1 168258 40
CPU16 44.872401 168219 sgemm sgemm CUDA1 12.181918 168259 40
CPU7 45.336811 168220 sgemm sgemm CPU11 194.027300 168260 40
CPU4 25.050385 168221 ssyrk ssyrk CPU22 112.156072 168261 40
CPU18 44.958775 168222 sgemm sgemm CUDA0 0.038990 168262 40
CPU18 24.604677 168223 ssyrk ssyrk CUDA0 0.989148 168263 40
CPU2 30.662868 168226 strmm strmm CUDA2 4.710769 168266 40
CPU17 30.893191 168230 strmm strmm CUDA3 12.695613 168270 40
CPU15 30.766518 168234 strmm strmm CUDA0 7.349128 168274 40
CPU14 31.093607 168238 strmm strmm CUDA2 4.189005 168278 40
CPU5 29.770512 168242 strmm strmm CUDA0 4.287401 168282 40
CPU8 31.119808 168246 strmm strmm CUDA3 4.282953 168286 40
CPU14 30.857446 168250 strmm strmm CUDA0 14.321381 168290 40
CPU9 29.974217 168254 strmm strmm CUDA3 4.583405 168294 40
CPU12 29.941393 168258 strmm strmm CUDA0 0.031140 168298 40
CPU2 31.274579 168262 strmm strmm CUDA1 0.028719 168302 40
CPU5 29.793866 168266 strmm strmm CUDA1 4.288103 168306 40
CPU13 30.950282 168270 strmm strmm CUDA0 4.295795 168310 40
CPU16 29.888802 168274 strmm strmm CUDA1 4.580486 168314 40
CPU10 30.211081 168278 strmm strmm CUDA1 12.514574 168318 40
CPU15 30.499137 168282 strmm strmm CUDA1 4.522689 168322 40
CPU18 31.473989 168286 strmm strmm CUDA3 4.185345 168326 40
CPU6 31.279803 168290 strmm strmm CUDA2 0.030726 168330 40
CPU8 31.094971 168294 strmm strmm CUDA0 0.029710 168334 40
CPU9 30.681215 168298 strmm strmm CUDA3 4.292118 168338 40
CPU14 29.728212 168302 strmm strmm CUDA1 15.037985 168342 40
CPU6 31.547229 168306 strmm strmm CUDA1 15.098528 168346 40
CPU5 31.034053 168310 strmm strmm CUDA3 15.032533 168350 40
CPU16 30.397004 168314 strmm strmm CUDA2 0.029511 168354 40
CPU13 31.174651 168318 strmm strmm CUDA0 4.545122 168358 40
CPU6 31.573882 168322 strmm strmm CUDA2 4.289327 168362 40
CPU18 30.202477 168326 strmm strmm CUDA0 15.071678 168366 40
CPU15 30.821920 168330 strmm strmm CUDA2 4.296669 168370 40
CPU2 31.584517 168334 strmm strmm CUDA0 4.292948 168374 40
CPU7 31.901999 168338 strmm strmm CUDA2 12.231524 168378 40
CPU7 31.211879 168342 strmm strmm CUDA1 0.029417 168382 40
CPU10 30.050694 168346 strmm strmm CUDA2 15.103959 168386 40
CPU9 30.929951 168350 strmm strmm CUDA2 15.064828 168390 40
CPU12 30.632333 168354 strmm strmm CUDA0 4.575994 168394 40
CPU17 30.806752 168358 strmm strmm CUDA1 4.285863 168398 40
CPU0 30.447781 168362 strmm strmm CUDA1 4.530067 168402 40
CPU3 31.738007 168366 strmm strmm CUDA2 13.399756 168406 40
CPU9 31.164876 168370 strmm strmm CUDA2 4.507848 168410 40
CPU18 30.043895 168374 strmm strmm CUDA3 4.288294 168414 40
CPU5 30.885033 168378 strmm strmm CUDA3 0.031233 168418 40
CPU19 30.555010 168382 strmm strmm CUDA3 0.029885 168422 40
CPU14 30.146032 168386 strmm strmm CUDA1 4.287360 168426 40
CPU6 30.586937 168390 strmm strmm CUDA3 4.515133 168430 40
CPU2 30.664030 168394 strmm strmm CUDA1 0.032532 168434 40
CPU18 30.821190 168398 strmm strmm CUDA0 1.231052 168438 40
CPU13 12.030422 168402 slauum slauum CPU -1 168442 40
CPU4 25.097911 168404 ssyrk ssyrk CUDA3 0.978781 168444 40
CPU6 45.153013 168405 sgemm sgemm CUDA3 1.069166 168445 40
CPU9 44.678655 168406 sgemm sgemm CUDA2 1.209911 168446 40
CPU7 45.053408 168407 sgemm sgemm CUDA2 1.081438 168447 40
CPU2 44.838134 168408 sgemm sgemm CUDA2 1.079227 168448 40
CPU0 45.377985 168409 sgemm sgemm CUDA2 1.065240 168449 40
CPU4 44.826406 168410 sgemm sgemm CUDA3 1.193786 168450 40
CPU1 44.946182 168411 sgemm sgemm CUDA0 1.064669 168451 40
CPU6 44.992690 168412 sgemm sgemm CUDA3 12.626535 168452 40
CPU5 44.890300 168413 sgemm sgemm CUDA3 0.124573 168453 40
CPU0 45.366742 168414 sgemm sgemm CUDA3 1.295114 168454 40
CPU3 44.624979 168415 sgemm sgemm CUDA2 1.199135 168455 40
CPU14 44.812687 168416 sgemm sgemm CUDA0 12.350581 168456 40
CPU12 45.013178 168417 sgemm sgemm CUDA0 1.073313 168457 40
CPU9 44.681426 168418 sgemm sgemm CUDA0 1.211374 168458 40
CPU3 45.068639 168419 sgemm sgemm CUDA1 1.078146 168459 40
CPU3 44.712945 168420 sgemm sgemm CUDA2 1.189752 168460 40
CPU0 45.466524 168421 sgemm sgemm CUDA3 1.062087 168461 40
CPU18 44.841108 168422 sgemm sgemm CUDA3 1.061723 168462 40
CPU15 44.630157 168423 sgemm sgemm CUDA1 1.080097 168463 40
CPU18 44.974032 168424 sgemm sgemm CUDA2 1.196686 168464 40
CPU18 44.971491 168425 sgemm sgemm CUDA0 9.408345 168465 40
CPU7 45.042959 168426 sgemm sgemm CUDA1 1.200402 168466 40
CPU15 44.587010 168427 sgemm sgemm CUDA0 1.066125 168467 40
CPU7 45.366573 168428 sgemm sgemm CUDA2 1.067258 168468 40
CPU6 45.099248 168429 sgemm sgemm CUDA0 1.068724 168469 40
CPU9 44.961423 168430 sgemm sgemm CUDA3 1.078513 168470 40
CPU7 45.166762 168431 sgemm sgemm CUDA1 1.190195 168471 40
CPU12 44.713704 168432 sgemm sgemm CUDA2 1.190675 168472 40
CPU4 45.129047 168433 sgemm sgemm CUDA1 1.206862 168473 40
CPU12 44.609068 168434 sgemm sgemm CUDA3 1.207711 168474 40
CPU3 44.999936 168435 sgemm sgemm CUDA2 1.211395 168475 40
CPU16 44.750969 168436 sgemm sgemm CUDA1 1.195097 168476 40
CPU15 44.534841 168437 sgemm sgemm CUDA3 1.294624 168477 40
CPU19 44.970025 168438 sgemm sgemm CUDA3 1.065318 168478 40
CPU10 44.793690 168439 sgemm sgemm CUDA2 1.083447 168479 40
CPU5 44.808777 168440 sgemm sgemm CUDA3 1.066808 168480 40
CPU9 44.649374 168441 sgemm sgemm CUDA1 1.073349 168481 40
CPU0 44.811970 168442 sgemm sgemm CUDA2 1.014519 168482 40
CPU3 45.068094 168443 sgemm sgemm CUDA3 1.193757 168483 40
CPU8 44.858784 168444 sgemm sgemm CUDA3 1.206074 168484 40
CPU1 45.033137 168445 sgemm sgemm CUDA1 1.077048 168485 40
CPU9 44.738851 168446 sgemm sgemm CUDA1 8.503935 168486 40
CPU8 45.147372 168447 sgemm sgemm CUDA2 1.071387 168487 40
CPU2 45.149051 168448 sgemm sgemm CUDA2 1.061364 168488 40
CPU3 24.833078 168449 ssyrk ssyrk CUDA0 0.674122 168489 40
CPU14 44.858322 168450 sgemm sgemm CUDA0 1.065897 168490 40
CPU5 44.563868 168451 sgemm sgemm CUDA0 1.067213 168491 40
CPU0 45.236368 168452 sgemm sgemm CUDA1 1.310340 168492 40
CPU16 44.522049 168453 sgemm sgemm CUDA0 1.080080 168493 40
CPU15 44.646483 168454 sgemm sgemm CUDA0 1.196850 168494 40
CPU16 44.541632 168455 sgemm sgemm CUDA0 1.067887 168495 40
CPU17 44.817516 168456 sgemm sgemm CUDA0 1.195727 168496 40
CPU1 44.920431 168457 sgemm sgemm CUDA0 1.206194 168497 40
CPU10 45.121699 168458 sgemm sgemm CUDA3 1.062244 168498 40
CPU0 44.620687 168459 sgemm sgemm CUDA1 1.194143 168499 40
CPU15 44.643231 168460 sgemm sgemm CUDA0 0.076689 168500 40
CPU18 44.826031 168461 sgemm sgemm CUDA0 1.211570 168501 40
CPU17 45.343371 168462 sgemm sgemm CUDA0 1.069079 168502 40
CPU4 45.042328 168463 sgemm sgemm CUDA3 0.064908 168503 40
CPU1 45.361534 168464 sgemm sgemm CUDA0 1.081762 168504 40
CPU1 44.850817 168465 sgemm sgemm CUDA3 1.065373 168505 40
CPU15 45.288125 168466 sgemm sgemm CUDA0 1.205818 168506 40
CPU16 44.817604 168467 sgemm sgemm CUDA1 1.191923 168507 40
CPU11 45.000846 168468 sgemm sgemm CUDA3 1.422263 168508 40
CPU18 44.727852 168469 sgemm sgemm CUDA0 0.040887 168509 40
CPU8 44.868491 168470 sgemm sgemm CUDA1 1.063366 168510 40
CPU18 44.678410 168471 sgemm sgemm CUDA2 1.198680 168511 40
CPU14 45.125774 168472 sgemm sgemm CUDA3 1.201207 168512 40
CPU4 44.907057 168473 sgemm sgemm CUDA0 12.164810 168513 40
CPU8 45.069833 168474 sgemm sgemm CUDA3 1.002636 168514 40
CPU7 44.604540 168475 sgemm sgemm CUDA1 1.067283 168515 40
CPU1 44.713903 168476 sgemm sgemm CUDA3 0.077802 168516 40
CPU9 44.960943 168477 sgemm sgemm CUDA1 1.196717 168517 40
CPU18 44.939691 168478 sgemm sgemm CUDA3 1.207617 168518 40
CPU6 44.753846 168479 sgemm sgemm CUDA2 1.077204 168519 40
CPU3 44.826215 168480 sgemm sgemm CUDA1 1.200108 168520 40
CPU18 44.792652 168481 sgemm sgemm CUDA3 1.084995 168521 40
CPU7 44.574090 168482 sgemm sgemm CUDA3 1.082456 168522 40
CPU5 44.819053 168483 sgemm sgemm CUDA2 1.192331 168523 40
CPU10 45.128215 168484 sgemm sgemm CUDA3 1.060017 168524 40
CPU12 45.168632 168485 sgemm sgemm CUDA1 1.198795 168525 40
CPU18 45.090345 168486 sgemm sgemm CUDA2 1.027687 168526 40
CPU12 44.989326 168487 sgemm sgemm CUDA3 1.063637 168527 40
CPU16 44.993479 168488 sgemm sgemm CUDA3 1.192342 168528 40
CPU17 44.845460 168489 sgemm sgemm CUDA1 12.442351 168529 40
CPU17 45.139610 168490 sgemm sgemm CUDA1 1.081272 168530 40
CPU17 44.976602 168491 sgemm sgemm CUDA2 1.192270 168531 40
CPU17 45.018496 168492 sgemm sgemm CUDA3 1.194347 168532 40
CPU14 24.758894 168493 ssyrk ssyrk CUDA2 0.094414 168533 40
CPU14 44.756851 168494 sgemm sgemm CUDA2 1.065675 168534 40
CPU14 44.764107 168495 sgemm sgemm CUDA1 1.210900 168535 40
CPU15 44.444695 168496 sgemm sgemm CUDA1 1.364582 168536 40
CPU14 44.682709 168497 sgemm sgemm CUDA0 0.855265 168537 40
CPU14 44.774404 168498 sgemm sgemm CUDA2 1.210852 168538 40
CPU14 44.778198 168499 sgemm sgemm CUDA0 11.079540 168539 40
CPU14 44.849340 168500 sgemm sgemm CUDA2 4.334221 168540 40
CPU14 44.925527 168501 sgemm sgemm CUDA2 1.086005 168541 40
CPU9 44.671430 168502 sgemm sgemm CUDA0 20.024099 168542 40
CPU14 44.903540 168503 sgemm sgemm CUDA0 1.293185 168543 40
CPU19 44.941873 168504 sgemm sgemm CUDA1 1.064668 168544 40
CPU5 44.299872 168505 sgemm sgemm CUDA0 1.070227 168545 40
CPU0 45.341579 168506 sgemm sgemm CUDA1 1.400744 168546 40
CPU5 44.580599 168507 sgemm sgemm CUDA0 0.075364 168547 40
CPU5 44.991850 168508 sgemm sgemm CUDA3 1.063353 168548 40
CPU18 44.765180 168509 sgemm sgemm CUDA1 1.235426 168549 40
CPU16 44.745868 168510 sgemm sgemm CUDA1 1.010152 168550 40
CPU18 44.957354 168511 sgemm sgemm CUDA2 0.064998 168551 40
CPU15 44.746061 168512 sgemm sgemm CUDA3 1.084852 168552 40
CPU8 44.870501 168513 sgemm sgemm CUDA0 1.079052 168553 40
CPU11 44.671035 168514 sgemm sgemm CUDA2 1.204682 168554 40
CPU15 44.898480 168515 sgemm sgemm CUDA2 1.204181 168555 40
CPU19 44.711540 168516 sgemm sgemm CUDA0 1.316155 168556 40
CPU14 44.590371 168517 sgemm sgemm CUDA3 1.004343 168557 40
CPU11 44.642841 168518 sgemm sgemm CUDA1 20.103202 168558 40
CPU4 45.152640 168519 sgemm sgemm CUDA2 1.366431 168559 40
CPU6 45.176774 168520 sgemm sgemm CUDA1 1.309058 168560 40
CPU10 44.834314 168521 sgemm sgemm CUDA3 1.195153 168561 40
CPU18 44.809276 168522 sgemm sgemm CUDA2 1.083279 168562 40
CPU16 44.695734 168523 sgemm sgemm CUDA2 1.207937 168563 40
CPU3 45.101236 168524 sgemm sgemm CUDA3 1.075231 168564 40
CPU0 44.971876 168525 sgemm sgemm CUDA3 1.211840 168565 40
CPU1 44.945788 168526 sgemm sgemm CUDA2 1.207719 168566 40
CPU3 44.976188 168527 sgemm sgemm CUDA1 12.271558 168567 40
CPU15 44.839623 168528 sgemm sgemm CUDA1 0.048474 168568 40
CPU19 44.800836 168529 sgemm sgemm CUDA2 1.143897 168569 40
CPU11 44.842088 168530 sgemm sgemm CUDA3 1.208446 168570 40
CPU6 44.977266 168531 sgemm sgemm CUDA1 1.064975 168571 40
CPU8 45.469134 168532 sgemm sgemm CUDA1 0.050798 168572 40
CPU11 44.872764 168533 sgemm sgemm CUDA1 1.078910 168573 40
CPU15 44.953822 168534 sgemm sgemm CUDA2 1.193397 168574 40
CPU15 45.027478 168535 sgemm sgemm CUDA3 1.201242 168575 40
CPU2 24.863566 168536 ssyrk ssyrk CUDA2 0.680944 168576 40
CPU6 44.920763 168537 sgemm sgemm CUDA1 1.063614 168577 40
CPU14 44.818506 168538 sgemm sgemm CUDA2 1.209587 168578 40
CPU15 44.557274 168539 sgemm sgemm CUDA2 12.582222 168579 40
CPU18 44.560720 168540 sgemm sgemm CUDA2 1.083741 168580 40
CPU17 44.676433 168541 sgemm sgemm CUDA3 23.896400 168581 40
CPU8 44.920608 168542 sgemm sgemm CUDA3 0.690497 168582 40
CPU0 45.113995 168543 sgemm sgemm CUDA2 0.074341 168583 40
CPU9 44.650439 168544 sgemm sgemm CUDA2 1.298377 168584 40
CPU14 44.998423 168545 sgemm sgemm CUDA0 1.068157 168585 40
CPU14 45.110221 168546 sgemm sgemm CUDA3 0.104320 168586 40
CPU11 45.126617 168547 sgemm sgemm CUDA0 1.079358 168587 40
CPU9 44.734350 168548 sgemm sgemm CUDA3 0.053271 168588 40
CPU8 45.015029 168549 sgemm sgemm CUDA2 1.066501 168589 40
CPU6 45.097145 168550 sgemm sgemm CUDA3 1.204329 168590 40
CPU14 45.096744 168551 sgemm sgemm CUDA0 1.065119 168591 40
CPU14 45.052764 168552 sgemm sgemm CUDA1 12.164922 168592 40
CPU17 44.976174 168553 sgemm sgemm CUDA1 1.190862 168593 40
CPU14 45.134127 168554 sgemm sgemm CUDA3 1.068266 168594 40
CPU9 44.836233 168555 sgemm sgemm CUDA0 12.097736 168595 40
CPU3 44.637052 168556 sgemm sgemm CUDA2 1.073289 168596 40
CPU11 44.633817 168557 sgemm sgemm CUDA0 1.197805 168597 40
CPU9 44.854278 168558 sgemm sgemm CUDA1 1.067012 168598 40
CPU3 44.981651 168559 sgemm sgemm CUDA2 1.209226 168599 40
CPU7 45.000322 168560 sgemm sgemm CUDA2 1.081393 168600 40
CPU12 44.955256 168561 sgemm sgemm CUDA3 1.314647 168601 40
CPU3 44.917060 168562 sgemm sgemm CUDA0 1.065440 168602 40
CPU15 44.678995 168563 sgemm sgemm CUDA0 1.067005 168603 40
CPU0 44.984557 168564 sgemm sgemm CUDA1 0.048760 168604 40
CPU17 44.884162 168565 sgemm sgemm CUDA2 1.077851 168605 40
CPU8 44.747492 168566 sgemm sgemm CUDA3 1.078577 168606 40
CPU5 44.380069 168567 sgemm sgemm CUDA3 1.198288 168607 40
CPU6 45.021278 168568 sgemm sgemm CUDA2 1.193122 168608 40
CPU5 44.624122 168569 sgemm sgemm CUDA1 1.315581 168609 40
CPU14 45.188365 168570 sgemm sgemm CUDA1 1.200396 168610 40
CPU4 44.773623 168571 sgemm sgemm CUDA1 1.316469 168611 40
CPU0 45.141779 168572 sgemm sgemm CUDA3 13.155579 168612 40
CPU14 45.124092 168573 sgemm sgemm CUDA1 0.039882 168613 40
CPU14 44.956193 168574 sgemm sgemm CUDA1 1.295027 168614 40
CPU14 45.130480 168575 sgemm sgemm CUDA0 1.066308 168615 40
CPU14 44.923376 168576 sgemm sgemm CUDA0 1.068416 168616 40
CPU14 44.891930 168577 sgemm sgemm CUDA2 1.210111 168617 40
CPU9 24.786848 168578 ssyrk ssyrk CUDA1 0.699313 168618 40
CPU14 45.292226 168579 sgemm sgemm CUDA2 1.195647 168619 40
CPU15 44.503990 168580 sgemm sgemm CUDA2 13.098827 168620 40
CPU17 44.915980 168581 sgemm sgemm CUDA0 1.065739 168621 40
CPU15 44.554175 168582 sgemm sgemm CUDA0 0.044425 168622 40
CPU7 45.248604 168583 sgemm sgemm CUDA0 1.296799 168623 40
CPU6 45.067599 168584 sgemm sgemm CUDA1 1.080354 168624 40
CPU9 44.653481 168585 sgemm sgemm CUDA1 1.064548 168625 40
CPU14 44.871235 168586 sgemm sgemm CUDA0 1.203330 168626 40
CPU6 44.757344 168587 sgemm sgemm CUDA1 1.062689 168627 40
CPU4 44.332923 168588 sgemm sgemm CUDA0 1.196527 168628 40
CPU9 44.719420 168589 sgemm sgemm CUDA1 1.212264 168629 40
CPU2 45.944892 168590 sgemm sgemm CUDA2 1.202877 168630 40
CPU2 44.799193 168591 sgemm sgemm CUDA3 1.191080 168631 40
CPU18 45.078101 168592 sgemm sgemm CUDA0 1.067226 168632 40
CPU4 44.969953 168593 sgemm sgemm CUDA1 1.205114 168633 40
CPU17 44.969138 168594 sgemm sgemm CUDA1 1.208086 168634 40
CPU15 44.925443 168595 sgemm sgemm CUDA3 1.208539 168635 40
CPU2 45.105794 168596 sgemm sgemm CUDA2 1.206601 168636 40
CPU14 45.104182 168597 sgemm sgemm CUDA2 1.064965 168637 40
CPU15 44.607618 168598 sgemm sgemm CUDA0 1.208962 168638 40
CPU10 44.967605 168599 sgemm sgemm CUDA1 1.067890 168639 40
CPU5 44.995099 168600 sgemm sgemm CUDA2 1.075266 168640 40
CPU0 45.168524 168601 sgemm sgemm CUDA1 1.065666 168641 40
CPU4 45.123280 168602 sgemm sgemm CUDA1 1.207751 168642 40
CPU2 44.533299 168603 sgemm sgemm CUDA0 1.205256 168643 40
CPU11 44.925027 168604 sgemm sgemm CUDA2 1.081830 168644 40
CPU15 44.974297 168605 sgemm sgemm CUDA1 1.353837 168645 40
CPU18 44.881080 168606 sgemm sgemm CUDA2 1.204462 168646 40
CPU17 44.936515 168607 sgemm sgemm CUDA1 1.208702 168647 40
CPU3 44.343120 168608 sgemm sgemm CUDA3 12.142658 168648 40
CPU16 44.676450 168609 sgemm sgemm CUDA2 1.200785 168649 40
CPU1 44.762103 168610 sgemm sgemm CUDA3 1.208355 168650 40
CPU16 45.018244 168611 sgemm sgemm CUDA1 1.194681 168651 40
CPU15 45.075520 168612 sgemm sgemm CUDA1 1.134444 168652 40
CPU1 44.764964 168613 sgemm sgemm CUDA0 1.070957 168653 40
CPU12 45.070198 168614 sgemm sgemm CUDA1 1.318764 168654 40
CPU6 44.899867 168615 sgemm sgemm CUDA0 1.073789 168655 40
CPU11 45.114347 168616 sgemm sgemm CUDA0 1.076087 168656 40
CPU4 44.858399 168617 sgemm sgemm CUDA2 0.045741 168657 40
CPU5 44.784730 168618 sgemm sgemm CUDA3 1.191041 168658 40
CPU15 24.466359 168619 ssyrk ssyrk CUDA1 0.554242 168659 40
CPU16 45.003903 168620 sgemm sgemm CUDA0 1.277425 168660 40
CPU14 44.881063 168621 sgemm sgemm CUDA0 1.195386 168661 40
CPU16 44.404719 168622 sgemm sgemm CUDA1 0.076425 168662 40
CPU15 44.353443 168623 sgemm sgemm CUDA0 1.061907 168663 40
CPU16 44.452055 168624 sgemm sgemm CUDA3 0.054267 168664 40
CPU9 44.542253 168625 sgemm sgemm CUDA1 0.066248 168665 40
CPU14 44.591857 168626 sgemm sgemm CUDA3 1.080618 168666 40
CPU2 44.356427 168627 sgemm sgemm CUDA0 1.063529 168667 40
CPU3 44.750452 168628 sgemm sgemm CUDA0 1.204808 168668 40
CPU3 45.134184 168629 sgemm sgemm CUDA1 1.197366 168669 40
CPU0 45.072165 168630 sgemm sgemm CUDA2 1.067790 168670 40
CPU4 45.248361 168631 sgemm sgemm CUDA3 1.205636 168671 40
CPU17 45.069222 168632 sgemm sgemm CUDA3 11.852093 168672 40
CPU9 45.081303 168633 sgemm sgemm CUDA1 1.196828 168673 40
CPU1 44.897095 168634 sgemm sgemm CUDA2 1.065379 168674 40
CPU15 44.867782 168635 sgemm sgemm CUDA3 1.205593 168675 40
CPU0 45.541894 168636 sgemm sgemm CUDA0 0.046873 168676 40
CPU10 44.632202 168637 sgemm sgemm CUDA0 1.203199 168677 40
CPU14 44.747971 168638 sgemm sgemm CUDA2 1.376934 168678 40
CPU19 44.658860 168639 sgemm sgemm CUDA1 1.064585 168679 40
CPU3 45.209174 168640 sgemm sgemm CUDA2 1.208659 168680 40
CPU7 45.213165 168641 sgemm sgemm CUDA3 0.141660 168681 40
CPU13 44.895386 168642 sgemm sgemm CUDA1 1.274898 168682 40
CPU5 44.967384 168643 sgemm sgemm CUDA1 1.067019 168683 40
CPU12 44.639291 168644 sgemm sgemm CUDA0 8.151696 168684 40
CPU14 44.639235 168645 sgemm sgemm CUDA1 1.066485 168685 40
CPU19 44.712414 168646 sgemm sgemm CUDA2 1.081296 168686 40
CPU3 45.217902 168647 sgemm sgemm CUDA3 1.200324 168687 40
CPU4 44.707547 168648 sgemm sgemm CUDA3 1.296425 168688 40
CPU1 45.103845 168649 sgemm sgemm CUDA2 1.082454 168689 40
CPU6 45.230793 168650 sgemm sgemm CUDA3 1.077615 168690 40
CPU16 44.816245 168651 sgemm sgemm CUDA2 1.065053 168691 40
CPU14 44.511737 168652 sgemm sgemm CUDA1 1.014675 168692 40
CPU2 45.131215 168653 sgemm sgemm CUDA0 0.062881 168693 40
CPU3 45.162597 168654 sgemm sgemm CUDA3 1.069959 168694 40
CPU0 46.176064 168655 sgemm sgemm CUDA1 1.206476 168695 40
CPU1 44.650682 168656 sgemm sgemm CUDA0 1.192725 168696 40
CPU8 45.090744 168657 sgemm sgemm CUDA0 1.078251 168697 40
CPU8 45.113839 168658 sgemm sgemm CUDA3 1.198943 168698 40
CPU15 24.416286 168659 ssyrk ssyrk CUDA0 21.379576 168699 40
CPU15 44.597972 168660 sgemm sgemm CUDA0 1.211035 168700 40
CPU16 44.542133 168661 sgemm sgemm CUDA0 0.078482 168701 40
CPU5 45.129141 168662 sgemm sgemm CUDA0 1.301459 168702 40
CPU0 45.367161 168663 sgemm sgemm CUDA3 1.083320 168703 40
CPU8 44.307238 168664 sgemm sgemm CUDA0 1.197538 168704 40
CPU14 44.654594 168665 sgemm sgemm CUDA0 1.209787 168705 40
CPU14 45.006778 168666 sgemm sgemm CUDA0 1.080657 168706 40
CPU2 44.529992 168667 sgemm sgemm CUDA0 1.063639 168707 40
CPU17 44.612023 168668 sgemm sgemm CUDA0 12.286146 168708 40
CPU9 44.473003 168669 sgemm sgemm CUDA0 0.125252 168709 40
CPU9 44.850630 168670 sgemm sgemm CUDA3 1.084831 168710 40
CPU18 44.816914 168671 sgemm sgemm CUDA3 1.064693 168711 40
CPU14 44.926582 168672 sgemm sgemm CUDA3 1.193901 168712 40
CPU18 44.933063 168673 sgemm sgemm CUDA2 1.210499 168713 40
CPU14 45.024389 168674 sgemm sgemm CUDA3 1.067363 168714 40
CPU8 45.043918 168675 sgemm sgemm CUDA0 1.198542 168715 40
CPU12 44.510109 168676 sgemm sgemm CUDA2 12.160687 168716 40
CPU14 44.443009 168677 sgemm sgemm CUDA0 12.258284 168717 40
CPU19 44.547815 168678 sgemm sgemm CUDA2 1.196394 168718 40
CPU5 45.045019 168679 sgemm sgemm CUDA2 1.077147 168719 40
CPU9 44.671434 168680 sgemm sgemm CUDA3 1.069884 168720 40
CPU1 44.922968 168681 sgemm sgemm CUDA3 11.682377 168721 40
CPU1 45.187925 168682 sgemm sgemm CUDA3 11.371646 168722 40
CPU19 44.787322 168683 sgemm sgemm CUDA3 0.076120 168723 40
CPU10 44.752374 168684 sgemm sgemm CUDA2 1.213376 168724 40
CPU2 45.353980 168685 sgemm sgemm CUDA2 1.066895 168725 40
CPU11 44.673831 168686 sgemm sgemm CUDA3 1.081442 168726 40
CPU17 44.934614 168687 sgemm sgemm CUDA0 1.194929 168727 40
CPU17 44.508550 168688 sgemm sgemm CUDA2 16.211533 168728 40
CPU15 44.843129 168689 sgemm sgemm CUDA3 1.205793 168729 40
CPU17 44.959563 168690 sgemm sgemm CUDA0 1.298152 168730 40
CPU3 45.023657 168691 sgemm sgemm CUDA3 1.452385 168731 40
CPU7 45.206282 168692 sgemm sgemm CUDA0 1.294234 168732 40
CPU18 44.607990 168693 sgemm sgemm CUDA0 1.065264 168733 40
CPU14 44.826997 168694 sgemm sgemm CUDA0 1.066949 168734 40
CPU14 45.083004 168695 sgemm sgemm CUDA0 1.069158 168735 40
CPU14 44.747671 168696 sgemm sgemm CUDA0 1.077797 168736 40
CPU14 44.735063 168697 sgemm sgemm CPU13 165.716195 168737 40
CPU17 24.883864 168698 ssyrk ssyrk CUDA2 0.677031 168738 40
CPU15 44.551609 168699 sgemm sgemm CUDA3 1.191371 168739 40
CPU5 45.140110 168700 sgemm sgemm CUDA0 2.481752 168740 40
CPU7 45.093642 168701 sgemm sgemm CUDA3 1.209442 168741 40
CPU9 44.642186 168702 sgemm sgemm CUDA0 1.067503 168742 40
CPU14 44.550061 168703 sgemm sgemm CUDA3 1.061834 168743 40
CPU14 44.975045 168704 sgemm sgemm CUDA3 1.065296 168744 40
CPU0 44.930488 168705 sgemm sgemm CUDA0 1.207952 168745 40
CPU4 45.464843 168706 sgemm sgemm CUDA3 1.064732 168746 40
CPU6 44.919539 168707 sgemm sgemm CUDA2 1.209794 168747 40
CPU7 45.238191 168708 sgemm sgemm CUDA1 1.065022 168748 40
CPU16 45.039469 168709 sgemm sgemm CUDA3 1.205107 168749 40
CPU11 44.805056 168710 sgemm sgemm CUDA0 1.191352 168750 40
CPU12 45.118876 168711 sgemm sgemm CUDA3 1.196836 168751 40
CPU15 44.610359 168712 sgemm sgemm CUDA3 12.321728 168752 40
CPU2 45.075744 168713 sgemm sgemm CUDA0 1.081700 168753 40
CPU10 44.656380 168714 sgemm sgemm CUDA0 6.183463 168754 40
CPU2 44.901325 168715 sgemm sgemm CUDA0 0.040838 168755 40
CPU2 45.022700 168716 sgemm sgemm CUDA2 1.064842 168756 40
CPU12 44.726499 168717 sgemm sgemm CUDA2 1.199448 168757 40
CPU4 45.213960 168718 sgemm sgemm CUDA3 1.067718 168758 40
CPU3 44.953546 168719 sgemm sgemm CUDA3 1.068163 168759 40
CPU9 44.967367 168720 sgemm sgemm CUDA3 8.622676 168760 40
CPU2 44.928805 168721 sgemm sgemm CUDA3 0.103259 168761 40
CPU11 44.669764 168722 sgemm sgemm CPU -1 168762 40
CPU3 45.092381 168723 sgemm sgemm CUDA2 1.204854 168763 40
CPU6 45.298606 168724 sgemm sgemm CUDA1 12.720697 168764 40
CPU3 44.601553 168725 sgemm sgemm CUDA1 1.204747 168765 40
CPU1 45.322717 168726 sgemm sgemm CUDA2 0.053592 168766 40
CPU14 44.984938 168727 sgemm sgemm CUDA3 12.289591 168767 40
CPU15 45.327946 168728 sgemm sgemm CUDA1 1.209668 168768 40
CPU8 44.888149 168729 sgemm sgemm CUDA3 1.151266 168769 40
CPU5 45.136791 168730 sgemm sgemm CUDA0 1.079014 168770 40
CPU2 45.001755 168731 sgemm sgemm CUDA3 1.213163 168771 40
CPU2 45.283371 168732 sgemm sgemm CUDA1 1.190869 168772 40
CPU7 45.329752 168733 sgemm sgemm CUDA1 1.202389 168773 40
CPU8 44.828830 168734 sgemm sgemm CUDA0 16.691688 168774 40
CPU9 44.936021 168735 sgemm sgemm CPU14 210.269873 168775 40
CPU15 24.638046 168736 ssyrk ssyrk CUDA0 11.941823 168776 40
CPU16 44.384378 168737 sgemm sgemm CUDA0 0.497180 168777 40
CPU16 44.705923 168738 sgemm sgemm CUDA3 1.384597 168778 40
CPU4 44.894734 168739 sgemm sgemm CUDA0 1.564838 168779 40
CPU15 44.572194 168740 sgemm sgemm CUDA1 0.074860 168780 40
CPU14 45.090760 168741 sgemm sgemm CUDA1 13.334586 168781 40
CPU8 44.556145 168742 sgemm sgemm CUDA0 1.205033 168782 40
CPU10 44.841360 168743 sgemm sgemm CUDA0 11.398834 168783 40
CPU7 44.499926 168744 sgemm sgemm CUDA0 1.550723 168784 40
CPU0 45.475269 168745 sgemm sgemm CUDA1 1.210683 168785 40
CPU17 44.941313 168746 sgemm sgemm CUDA3 1.090306 168786 40
CPU14 45.044160 168747 sgemm sgemm CUDA3 7.668661 168787 40
CPU9 44.597234 168748 sgemm sgemm CUDA1 0.088971 168788 40
CPU16 44.971677 168749 sgemm sgemm CUDA3 0.053793 168789 40
CPU6 45.222796 168750 sgemm sgemm CUDA0 1.203603 168790 40
CPU11 44.621792 168751 sgemm sgemm CUDA0 0.040459 168791 40
CPU15 44.606368 168752 sgemm sgemm CUDA3 1.062689 168792 40
CPU19 44.526338 168753 sgemm sgemm CUDA1 0.042107 168793 40
CPU8 45.120445 168754 sgemm sgemm CUDA1 1.076575 168794 40
CPU5 44.988184 168755 sgemm sgemm CUDA3 0.069985 168795 40
CPU1 45.201469 168756 sgemm sgemm CUDA1 1.433066 168796 40
CPU6 45.338821 168757 sgemm sgemm CUDA1 1.348613 168797 40
CPU11 44.957284 168758 sgemm sgemm CUDA3 1.289525 168798 40
CPU13 44.826757 168759 sgemm sgemm CPU -1 168799 40
CPU10 44.941644 168760 sgemm sgemm CUDA1 1.064974 168800 40
CPU18 44.832005 168761 sgemm sgemm CUDA3 1.190370 168801 40
CPU19 45.103018 168762 sgemm sgemm CUDA3 1.202028 168802 40
CPU16 44.479078 168763 sgemm sgemm CUDA1 0.066233 168803 40
CPU10 44.984431 168764 sgemm sgemm CUDA1 1.063957 168804 40
CPU18 44.723684 168765 sgemm sgemm CUDA1 1.195421 168805 40
CPU16 44.939341 168766 sgemm sgemm CUDA3 1.014108 168806 40
CPU16 44.604955 168767 sgemm sgemm CUDA0 1.066323 168807 40
CPU15 44.737696 168768 sgemm sgemm CUDA3 12.082262 168808 40
CPU16 45.082091 168769 sgemm sgemm CUDA1 1.209117 168809 40
CPU7 44.945195 168770 sgemm sgemm CUDA0 12.885518 168810 40
CPU12 44.853096 168771 sgemm sgemm CUDA2 1.066088 168811 40
CPU4 45.244916 168772 sgemm sgemm CPU15 257.989277 168812 40
CPU3 24.798405 168773 ssyrk ssyrk CUDA3 0.465521 168813 40
CPU11 44.864330 168774 sgemm sgemm CUDA2 1.080626 168814 40
CPU9 44.605035 168775 sgemm sgemm CUDA0 0.880834 168815 40
CPU15 44.544085 168776 sgemm sgemm CUDA1 1.206160 168816 40
CPU3 44.693857 168777 sgemm sgemm CUDA0 1.077422 168817 40
CPU9 44.634712 168778 sgemm sgemm CUDA0 1.077211 168818 40
CPU3 44.938580 168779 sgemm sgemm CUDA3 1.401423 168819 40
CPU4 44.845910 168780 sgemm sgemm CUDA0 1.247173 168820 40
CPU0 45.069514 168781 sgemm sgemm CUDA1 1.208821 168821 40
CPU16 44.918676 168782 sgemm sgemm CUDA3 1.077733 168822 40
CPU15 44.894965 168783 sgemm sgemm CUDA3 1.215603 168823 40
CPU0 45.638635 168784 sgemm sgemm CUDA2 22.546034 168824 40
CPU14 45.150249 168785 sgemm sgemm CPU25 153.188275 168825 40
CPU0 44.725799 168786 sgemm sgemm CUDA1 1.080681 168826 40
CPU12 44.895198 168787 sgemm sgemm CUDA2 0.040966 168827 40
CPU15 45.065462 168788 sgemm sgemm CUDA3 1.201814 168828 40
CPU19 44.651321 168789 sgemm sgemm CUDA1 1.193614 168829 40
CPU8 45.115502 168790 sgemm sgemm CUDA1 12.150382 168830 40
CPU1 44.767555 168791 sgemm sgemm CUDA3 1.280683 168831 40
CPU3 45.169630 168792 sgemm sgemm CUDA1 0.098450 168832 40
CPU0 44.791388 168793 sgemm sgemm CUDA3 0.060146 168833 40
CPU14 44.626392 168794 sgemm sgemm CUDA2 1.208213 168834 40
CPU7 44.821807 168795 sgemm sgemm CUDA1 1.064199 168835 40
CPU18 44.788302 168796 sgemm sgemm CUDA3 1.209734 168836 40
CPU1 45.045358 168797 sgemm sgemm CUDA1 1.313579 168837 40
CPU2 44.701157 168798 sgemm sgemm CUDA1 1.080668 168838 40
CPU17 44.760350 168799 sgemm sgemm CUDA1 1.348142 168839 40
CPU5 44.911129 168800 sgemm sgemm CUDA1 1.194036 168840 40
CPU15 44.975523 168801 sgemm sgemm CUDA0 1.210031 168841 40
CPU2 44.849823 168802 sgemm sgemm CUDA1 1.016843 168842 40
CPU7 45.341775 168803 sgemm sgemm CUDA0 1.205089 168843 40
CPU4 45.116953 168804 sgemm sgemm CUDA0 1.069262 168844 40
CPU9 44.951928 168805 sgemm sgemm CUDA3 1.206363 168845 40
CPU7 44.909643 168806 sgemm sgemm CUDA0 0.075705 168846 40
CPU2 45.216170 168807 sgemm sgemm CUDA0 0.045180 168847 40
CPU6 45.177976 168808 sgemm sgemm CUDA3 1.081153 168848 40
CPU0 25.227051 168809 ssyrk ssyrk CUDA2 0.672658 168849 40
CPU9 44.548083 168810 sgemm sgemm CUDA3 11.850086 168850 40
CPU14 44.637933 168811 sgemm sgemm CUDA1 1.080015 168851 40
CPU14 45.203172 168812 sgemm sgemm CUDA1 1.299410 168852 40
CPU1 44.657940 168813 sgemm sgemm CUDA3 1.210737 168853 40
CPU5 44.632750 168814 sgemm sgemm CUDA2 1.196277 168854 40
CPU12 45.135587 168815 sgemm sgemm CUDA2 1.298686 168855 40
CPU9 44.867650 168816 sgemm sgemm CUDA1 1.069667 168856 40
CPU15 44.840247 168817 sgemm sgemm CUDA3 1.217638 168857 40
CPU11 44.803168 168818 sgemm sgemm CUDA2 1.195972 168858 40
CPU10 45.140992 168819 sgemm sgemm CUDA2 12.648651 168859 40
CPU14 45.315113 168820 sgemm sgemm CPU26 187.187732 168860 40
CPU9 44.882592 168821 sgemm sgemm CUDA1 1.065683 168861 40
CPU1 45.297219 168822 sgemm sgemm CUDA0 1.313811 168862 40
CPU18 44.792316 168823 sgemm sgemm CUDA2 8.382951 168863 40
CPU11 44.767408 168824 sgemm sgemm CUDA0 1.200770 168864 40
CPU9 44.921002 168825 sgemm sgemm CUDA2 1.073548 168865 40
CPU7 45.251145 168826 sgemm sgemm CUDA3 1.213492 168866 40
CPU4 44.870348 168827 sgemm sgemm CUDA2 0.124088 168867 40
CPU3 45.140541 168828 sgemm sgemm CUDA1 1.057626 168868 40
CPU0 45.700186 168829 sgemm sgemm CUDA2 1.209401 168869 40
CPU3 44.829782 168830 sgemm sgemm CUDA3 1.211462 168870 40
CPU6 45.255722 168831 sgemm sgemm CUDA2 1.077568 168871 40
CPU5 45.043788 168832 sgemm sgemm CUDA1 1.064385 168872 40
CPU7 45.079067 168833 sgemm sgemm CUDA1 0.056107 168873 40
CPU0 45.391055 168834 sgemm sgemm CUDA2 1.298609 168874 40
CPU6 45.270434 168835 sgemm sgemm CUDA1 1.211657 168875 40
CPU17 45.117712 168836 sgemm sgemm CUDA0 1.063501 168876 40
CPU17 44.962048 168837 sgemm sgemm CUDA3 1.154847 168877 40
CPU18 44.448246 168838 sgemm sgemm CUDA1 0.064197 168878 40
CPU8 44.997062 168839 sgemm sgemm CUDA3 0.039822 168879 40
CPU1 45.148573 168840 sgemm sgemm CUDA3 1.201159 168880 40
CPU9 44.815386 168841 sgemm sgemm CUDA1 1.205447 168881 40
CPU5 44.946676 168842 sgemm sgemm CUDA2 1.195737 168882 40
CPU4 45.094900 168843 sgemm sgemm CUDA3 12.054981 168883 40
CPU6 24.754218 168844 ssyrk ssyrk CUDA0 0.056208 168884 40
CPU1 45.261191 168845 sgemm sgemm CUDA1 1.206879 168885 40
CPU2 44.625498 168846 sgemm sgemm CUDA1 1.198019 168886 40
CPU11 44.776686 168847 sgemm sgemm CUDA0 1.212954 168887 40
CPU2 44.537573 168848 sgemm sgemm CUDA0 1.338764 168888 40
CPU1 44.642870 168849 sgemm sgemm CUDA0 0.989130 168889 40
CPU7 44.715402 168850 sgemm sgemm CUDA1 1.206792 168890 40
CPU17 45.056721 168851 sgemm sgemm CUDA3 0.654321 168891 40
CPU10 45.142161 168852 sgemm sgemm CUDA3 1.235234 168892 40
CPU5 44.566799 168853 sgemm sgemm CUDA2 1.067095 168893 40
CPU16 44.625754 168854 sgemm sgemm CPU27 174.690332 168894 40
CPU3 44.915747 168855 sgemm sgemm CUDA0 1.200861 168895 40
CPU11 44.552439 168856 sgemm sgemm CUDA2 1.356947 168896 40
CPU12 45.156486 168857 sgemm sgemm CUDA2 0.048953 168897 40
CPU11 44.715391 168858 sgemm sgemm CUDA1 1.076847 168898 40
CPU4 45.123591 168859 sgemm sgemm CUDA1 1.304077 168899 40
CPU1 44.803787 168860 sgemm sgemm CUDA3 1.219745 168900 40
CPU13 45.060273 168861 sgemm sgemm CUDA2 1.082096 168901 40
CPU7 44.636012 168862 sgemm sgemm CUDA1 1.202289 168902 40
CPU18 44.685565 168863 sgemm sgemm CUDA2 1.065715 168903 40
CPU16 44.939198 168864 sgemm sgemm CUDA2 12.376048 168904 40
CPU2 44.818448 168865 sgemm sgemm CUDA1 1.082966 168905 40
CPU0 45.160921 168866 sgemm sgemm CUDA1 1.067816 168906 40
CPU7 44.683958 168867 sgemm sgemm CUDA0 1.213477 168907 40
CPU9 45.103656 168868 sgemm sgemm CUDA0 1.065297 168908 40
CPU3 44.377965 168869 sgemm sgemm CUDA1 1.204399 168909 40
CPU16 45.034397 168870 sgemm sgemm CUDA1 12.987112 168910 40
CPU12 45.092780 168871 sgemm sgemm CUDA1 1.199930 168911 40
CPU1 44.930551 168872 sgemm sgemm CUDA0 1.069866 168912 40
CPU6 44.804665 168873 sgemm sgemm CUDA1 1.081069 168913 40
CPU5 44.938498 168874 sgemm sgemm CUDA0 1.194130 168914 40
CPU4 44.626993 168875 sgemm sgemm CUDA2 1.080324 168915 40
CPU13 45.000329 168876 sgemm sgemm CUDA2 1.085212 168916 40
CPU13 44.670590 168877 sgemm sgemm CPU17 238.920424 168917 40
CPU14 24.946782 168878 ssyrk ssyrk CPU -1 168918 40
CPU14 44.971329 168879 sgemm sgemm CUDA0 1.205631 168919 40
CPU14 44.958487 168880 sgemm sgemm CUDA0 1.193475 168920 40
CPU4 45.187409 168881 sgemm sgemm CUDA0 1.083363 168921 40
CPU15 44.665621 168882 sgemm sgemm CUDA2 1.083324 168922 40
CPU14 44.749370 168883 sgemm sgemm CUDA1 1.067886 168923 40
CPU16 44.905096 168884 sgemm sgemm CUDA1 1.212881 168924 40
CPU8 45.037759 168885 sgemm sgemm CUDA1 1.193319 168925 40
CPU17 44.950338 168886 sgemm sgemm CUDA2 0.069027 168926 40
CPU16 45.070939 168887 sgemm sgemm CUDA3 1.077222 168927 40
CPU6 45.441048 168888 sgemm sgemm CUDA2 0.041084 168928 40
CPU5 45.118898 168889 sgemm sgemm CUDA2 1.083529 168929 40
CPU14 44.741848 168890 sgemm sgemm CUDA2 1.374404 168930 40
CPU19 44.630613 168891 sgemm sgemm CUDA1 1.079547 168931 40
CPU9 45.144428 168892 sgemm sgemm CUDA3 0.054819 168932 40
CPU12 44.867717 168893 sgemm sgemm CUDA3 1.340209 168933 40
CPU10 44.851288 168894 sgemm sgemm CUDA1 1.208121 168934 40
CPU18 44.535104 168895 sgemm sgemm CUDA1 1.069751 168935 40
CPU15 44.619315 168896 sgemm sgemm CUDA2 1.068368 168936 40
CPU1 44.967527 168897 sgemm sgemm CUDA0 1.187863 168937 40
CPU14 44.543444 168898 sgemm sgemm CUDA3 1.065326 168938 40
CPU16 44.665446 168899 sgemm sgemm CUDA1 8.586884 168939 40
CPU4 44.717154 168900 sgemm sgemm CUDA0 1.059475 168940 40
CPU19 44.631154 168901 sgemm sgemm CUDA0 1.205661 168941 40
CPU5 44.756800 168902 sgemm sgemm CUDA1 0.044761 168942 40
CPU16 45.072165 168903 sgemm sgemm CUDA2 1.207798 168943 40
CPU5 44.713228 168904 sgemm sgemm CUDA1 1.196497 168944 40
CPU0 45.697464 168905 sgemm sgemm CUDA0 1.208834 168945 40
CPU6 45.083779 168906 sgemm sgemm CUDA3 1.304754 168946 40
CPU17 44.836376 168907 sgemm sgemm CUDA1 1.192699 168947 40
CPU16 44.974805 168908 sgemm sgemm CUDA0 1.065282 168948 40
CPU16 45.309027 168909 sgemm sgemm CUDA0 1.066563 168949 40
CPU16 44.886330 168910 sgemm sgemm CPU18 244.521312 168950 40
CPU0 24.868107 168911 ssyrk ssyrk CPU -1 168951 40
CPU14 45.088798 168912 sgemm sgemm CUDA3 1.192224 168952 40
CPU6 45.116440 168913 sgemm sgemm CUDA0 1.195310 168953 40
CPU8 44.143928 168914 sgemm sgemm CUDA0 1.080983 168954 40
CPU3 44.516573 168915 sgemm sgemm CUDA3 1.069421 168955 40
CPU15 44.907456 168916 sgemm sgemm CUDA1 1.206908 168956 40
CPU16 44.972999 168917 sgemm sgemm CUDA1 1.067728 168957 40
CPU11 44.953858 168918 sgemm sgemm CUDA3 1.205645 168958 40
CPU16 45.042081 168919 sgemm sgemm CUDA3 1.188992 168959 40
CPU1 44.990583 168920 sgemm sgemm CUDA1 1.070730 168960 40
CPU2 44.736950 168921 sgemm sgemm CUDA0 1.081361 168961 40
CPU10 44.911936 168922 sgemm sgemm CUDA0 1.065900 168962 40
CPU0 45.065565 168923 sgemm sgemm CUDA0 1.070539 168963 40
CPU3 44.818417 168924 sgemm sgemm CUDA3 1.299959 168964 40
CPU8 44.561692 168925 sgemm sgemm CUDA3 1.205189 168965 40
CPU1 44.799958 168926 sgemm sgemm CUDA3 1.196299 168966 40
CPU7 44.535740 168927 sgemm sgemm CUDA1 0.040855 168967 40
CPU11 44.652120 168928 sgemm sgemm CUDA1 1.324117 168968 40
CPU4 44.761694 168929 sgemm sgemm CUDA1 1.210998 168969 40
CPU10 44.764367 168930 sgemm sgemm CUDA3 1.068257 168970 40
CPU2 44.822490 168931 sgemm sgemm CUDA1 1.082107 168971 40
CPU12 45.167482 168932 sgemm sgemm CUDA0 1.301691 168972 40
CPU17 44.917890 168933 sgemm sgemm CUDA0 1.198568 168973 40
CPU1 45.112364 168934 sgemm sgemm CUDA3 0.045600 168974 40
CPU16 44.971085 168935 sgemm sgemm CUDA0 1.195984 168975 40
CPU10 45.013121 168936 sgemm sgemm CUDA1 1.012260 168976 40
CPU6 45.025173 168937 sgemm sgemm CUDA3 0.055229 168977 40
CPU11 44.704595 168938 sgemm sgemm CUDA1 1.194246 168978 40
CPU12 45.024239 168939 sgemm sgemm CUDA3 1.084873 168979 40
CPU10 45.129750 168940 sgemm sgemm CUDA3 1.296570 168980 40
CPU10 44.908167 168941 sgemm sgemm CUDA0 1.065653 168981 40
CPU3 44.968231 168942 sgemm sgemm CPU19 233.083022 168982 40
CPU6 24.845239 168943 ssyrk ssyrk CUDA0 0.682042 168983 40
CPU3 44.964170 168944 sgemm sgemm CUDA3 1.085252 168984 40
CPU6 44.844193 168945 sgemm sgemm CUDA0 1.208832 168985 40
CPU0 44.972487 168946 sgemm sgemm CUDA3 1.078640 168986 40
CPU18 44.811306 168947 sgemm sgemm CUDA3 1.088429 168987 40
CPU15 44.714510 168948 sgemm sgemm CUDA1 0.961339 168988 40
CPU17 45.150529 168949 sgemm sgemm CUDA1 1.199949 168989 40
CPU15 45.114886 168950 sgemm sgemm CPU29 175.159706 168990 40
CPU7 45.050159 168951 sgemm sgemm CUDA1 12.454866 168991 40
CPU4 45.150278 168952 sgemm sgemm CUDA2 1.212618 168992 40
CPU14 44.938811 168953 sgemm sgemm CUDA2 1.204615 168993 40
CPU19 44.727424 168954 sgemm sgemm CUDA0 1.068133 168994 40
CPU17 44.950279 168955 sgemm sgemm CUDA2 8.415867 168995 40
CPU12 45.013101 168956 sgemm sgemm CUDA1 0.072499 168996 40
CPU3 44.752658 168957 sgemm sgemm CUDA3 1.219753 168997 40
CPU5 44.747023 168958 sgemm sgemm CUDA3 1.450665 168998 40
CPU3 44.979126 168959 sgemm sgemm CUDA0 1.064415 168999 40
CPU8 44.844685 168960 sgemm sgemm CUDA0 1.067474 169000 40
CPU11 44.687421 168961 sgemm sgemm CUDA1 1.065518 169001 40
CPU9 44.807075 168962 sgemm sgemm CUDA3 1.065642 169002 40
CPU3 44.248425 168963 sgemm sgemm CUDA2 1.069451 169003 40
CPU15 44.711517 168964 sgemm sgemm CUDA0 1.068862 169004 40
CPU7 44.890843 168965 sgemm sgemm CUDA3 1.192406 169005 40
CPU14 44.995497 168966 sgemm sgemm CUDA0 1.201206 169006 40
CPU6 44.618008 168967 sgemm sgemm CUDA1 1.149068 169007 40
CPU6 44.972577 168968 sgemm sgemm CUDA2 1.077622 169008 40
CPU17 45.072864 168969 sgemm sgemm CUDA1 1.066127 169009 40
CPU19 45.131645 168970 sgemm sgemm CUDA0 1.207844 169010 40
CPU15 45.092674 168971 sgemm sgemm CUDA0 1.311441 169011 40
CPU15 44.888902 168972 sgemm sgemm CUDA2 1.207781 169012 40
CPU15 44.904506 168973 sgemm sgemm CPU20 189.940891 169013 40
CPU6 25.240785 168974 ssyrk ssyrk CUDA3 0.695293 169014 40
CPU8 44.554352 168975 sgemm sgemm CUDA2 1.196507 169015 40
CPU1 44.959522 168976 sgemm sgemm CUDA3 12.416741 169016 40
CPU12 44.852709 168977 sgemm sgemm CUDA1 0.429241 169017 40
CPU11 45.441774 168978 sgemm sgemm CUDA3 1.096297 169018 40
CPU0 45.110040 168979 sgemm sgemm CUDA2 2.298391 169019 40
CPU15 44.916274 168980 sgemm sgemm CPU30 165.705971 169020 40
CPU9 45.104474 168981 sgemm sgemm CUDA2 1.326414 169021 40
CPU8 44.490912 168982 sgemm sgemm CUDA0 1.198968 169022 40
CPU16 44.597127 168983 sgemm sgemm CUDA2 1.208621 169023 40
CPU19 44.668153 168984 sgemm sgemm CUDA1 1.201372 169024 40
CPU7 45.246543 168985 sgemm sgemm CUDA2 11.973688 169025 40
CPU3 44.936901 168986 sgemm sgemm CUDA3 1.288091 169026 40
CPU19 44.795011 168987 sgemm sgemm CUDA3 1.209452 169027 40
CPU3 45.194152 168988 sgemm sgemm CUDA1 1.067465 169028 40
CPU15 44.441593 168989 sgemm sgemm CUDA1 1.066063 169029 40
CPU9 44.876659 168990 sgemm sgemm CPU10 225.728519 169030 40
CPU14 44.903456 168991 sgemm sgemm CUDA3 0.052388 169031 40
CPU15 44.539486 168992 sgemm sgemm CUDA3 12.426753 169032 40
CPU4 44.673832 168993 sgemm sgemm CUDA3 1.065616 169033 40
CPU7 44.770961 168994 sgemm sgemm CUDA0 8.880757 169034 40
CPU9 44.959088 168995 sgemm sgemm CUDA2 1.193157 169035 40
CPU14 45.108301 168996 sgemm sgemm CUDA0 1.207682 169036 40
CPU0 44.923446 168997 sgemm sgemm CUDA1 1.141003 169037 40
CPU4 45.363368 168998 sgemm sgemm CUDA0 1.062459 169038 40
CPU11 44.754354 168999 sgemm sgemm CUDA0 1.067206 169039 40
CPU19 44.666941 169000 sgemm sgemm CUDA0 1.066979 169040 40
CPU19 45.140780 169001 sgemm sgemm CUDA0 1.063376 169041 40
CPU18 44.983639 169002 sgemm sgemm CUDA0 1.203588 169042 40
CPU18 44.699385 169003 sgemm sgemm CUDA3 1.311666 169043 40
CPU17 24.949408 169004 ssyrk ssyrk CUDA0 0.440627 169044 40
CPU0 44.972353 169005 sgemm sgemm CUDA2 1.204592 169045 40
CPU16 45.034860 169006 sgemm sgemm CUDA1 2.257522 169046 40
CPU12 45.080712 169007 sgemm sgemm CUDA1 0.090429 169047 40
CPU8 44.307828 169008 sgemm sgemm CUDA2 1.207866 169048 40
CPU16 45.137899 169009 sgemm sgemm CPU32 255.737798 169049 40
CPU1 44.997805 169010 sgemm sgemm CUDA2 1.065830 169050 40
CPU17 44.962534 169011 sgemm sgemm CUDA2 1.083994 169051 40
CPU14 44.903590 169012 sgemm sgemm CUDA0 1.066928 169052 40
CPU12 44.944265 169013 sgemm sgemm CUDA2 9.363918 169053 40
CPU4 45.048172 169014 sgemm sgemm CUDA2 1.287173 169054 40
CPU4 44.623105 169015 sgemm sgemm CUDA1 1.392912 169055 40
CPU13 44.877200 169016 sgemm sgemm CUDA2 1.064463 169056 40
CPU5 44.870980 169017 sgemm sgemm CUDA1 0.123380 169057 40
CPU17 44.909488 169018 sgemm sgemm CUDA1 1.204920 169058 40
CPU13 45.002656 169019 sgemm sgemm CUDA1 1.066875 169059 40
CPU15 44.814705 169020 sgemm sgemm CUDA1 1.209151 169060 40
CPU18 44.569058 169021 sgemm sgemm CUDA2 1.198001 169061 40
CPU17 44.991721 169022 sgemm sgemm CUDA2 1.197487 169062 40
CPU14 44.645907 169023 sgemm sgemm CUDA0 11.997704 169063 40
CPU7 44.963134 169024 sgemm sgemm CUDA1 1.350596 169064 40
CPU7 44.764464 169025 sgemm sgemm CUDA2 1.067968 169065 40
CPU19 45.406035 169026 sgemm sgemm CUDA1 1.065125 169066 40
CPU18 44.718618 169027 sgemm sgemm CUDA2 1.067356 169067 40
CPU17 44.976276 169028 sgemm sgemm CUDA0 1.199986 169068 40
CPU18 44.656110 169029 sgemm sgemm CPU15 175.197741 169069 40
CPU19 45.249407 169030 sgemm sgemm CUDA2 1.193345 169070 40
CPU8 44.851577 169031 sgemm sgemm CUDA0 1.065585 169071 40
CPU6 45.306961 169032 sgemm sgemm CPU21 214.465693 169072 40
CPU0 25.170802 169033 ssyrk ssyrk CPU -1 169073 40
CPU17 44.916357 169034 sgemm sgemm CUDA3 0.040551 169074 40
CPU14 44.974008 169035 sgemm sgemm CUDA0 1.065809 169075 40
CPU17 45.032722 169036 sgemm sgemm CUDA0 1.081234 169076 40
CPU14 45.166674 169037 sgemm sgemm CPU35 261.376188 169077 40
CPU1 44.779279 169038 sgemm sgemm CUDA1 1.192821 169078 40
CPU19 44.735167 169039 sgemm sgemm CUDA2 1.207601 169079 40
CPU15 44.576579 169040 sgemm sgemm CUDA3 1.367541 169080 40
CPU19 44.590253 169041 sgemm sgemm CUDA2 0.040311 169081 40
CPU5 45.145119 169042 sgemm sgemm CUDA3 1.314078 169082 40
CPU6 44.648368 169043 sgemm sgemm CUDA2 1.211886 169083 40
CPU0 45.618559 169044 sgemm sgemm CUDA1 1.063894 169084 40
CPU2 44.963602 169045 sgemm sgemm CUDA1 1.193785 169085 40
CPU10 44.937061 169046 sgemm sgemm CUDA2 0.044489 169086 40
CPU9 45.061891 169047 sgemm sgemm CUDA3 1.205920 169087 40
CPU8 45.105160 169048 sgemm sgemm CUDA3 1.071093 169088 40
CPU3 45.260809 169049 sgemm sgemm CUDA1 1.066653 169089 40
CPU16 45.142736 169050 sgemm sgemm CUDA2 1.062581 169090 40
CPU19 44.892006 169051 sgemm sgemm CUDA1 1.207951 169091 40
CPU0 44.773827 169052 sgemm sgemm CUDA2 1.079809 169092 40
CPU9 44.865174 169053 sgemm sgemm CUDA2 1.205546 169093 40
CPU0 45.356897 169054 sgemm sgemm CUDA3 1.066235 169094 40
CPU9 45.216821 169055 sgemm sgemm CUDA2 1.209105 169095 40
CPU1 45.197196 169056 sgemm sgemm CUDA3 1.193379 169096 40
CPU6 45.109452 169057 sgemm sgemm CUDA3 1.062950 169097 40
CPU7 44.685963 169058 sgemm sgemm CUDA3 1.066349 169098 40
CPU0 45.118783 169059 sgemm sgemm CUDA0 1.206096 169099 40
CPU8 45.161131 169060 sgemm sgemm CPU23 153.117028 169100 40
CPU17 24.931096 169061 ssyrk ssyrk CUDA1 0.928623 169101 40
CPU19 45.095074 169062 sgemm sgemm CUDA1 0.452479 169102 40
CPU15 44.946782 169063 sgemm sgemm CUDA1 0.148992 169103 40
CPU18 45.094790 169064 sgemm sgemm CUDA3 12.146782 169104 40
CPU4 44.747411 169065 sgemm sgemm CUDA0 1.200547 169105 40
CPU3 44.770301 169066 sgemm sgemm CUDA3 1.080799 169106 40
CPU16 44.762259 169067 sgemm sgemm CUDA0 1.198093 169107 40
CPU19 44.746627 169068 sgemm sgemm CUDA1 1.195854 169108 40
CPU6 45.024098 169069 sgemm sgemm CUDA3 1.197159 169109 40
CPU7 44.999568 169070 sgemm sgemm CUDA1 23.819120 169110 40
CPU18 44.813036 169071 sgemm sgemm CUDA1 11.485438 169111 40
CPU8 44.820681 169072 sgemm sgemm CUDA1 1.076200 169112 40
CPU18 44.635861 169073 sgemm sgemm CUDA1 1.200482 169113 40
CPU17 44.875811 169074 sgemm sgemm CUDA3 1.191867 169114 40
CPU8 44.830023 169075 sgemm sgemm CUDA1 1.208534 169115 40
CPU4 44.415661 169076 sgemm sgemm CUDA2 8.652859 169116 40
CPU9 44.546549 169077 sgemm sgemm CUDA3 1.074424 169117 40
CPU16 44.580944 169078 sgemm sgemm CUDA1 1.200035 169118 40
CPU17 44.799482 169079 sgemm sgemm CUDA3 1.198027 169119 40
CPU16 44.902356 169080 sgemm sgemm CUDA0 12.072540 169120 40
CPU0 44.694678 169081 sgemm sgemm CUDA3 1.157182 169121 40
CPU2 44.945430 169082 sgemm sgemm CUDA3 1.204525 169122 40
CPU17 44.804691 169083 sgemm sgemm CUDA3 1.078589 169123 40
CPU16 44.623421 169084 sgemm sgemm CPU22 244.817758 169124 40
CPU10 45.216143 169085 sgemm sgemm CUDA1 1.194716 169125 40
CPU6 45.132197 169086 sgemm sgemm CUDA2 1.068143 169126 40
CPU9 44.952325 169087 sgemm sgemm CUDA3 1.208713 169127 40
CPU16 24.981992 169088 ssyrk ssyrk CUDA1 11.693522 169128 40
CPU15 44.879633 169089 sgemm sgemm CUDA1 12.379296 169129 40
CPU14 44.938477 169090 sgemm sgemm CUDA3 1.206560 169130 40
CPU3 44.990929 169091 sgemm sgemm CUDA2 1.066436 169131 40
CPU12 45.043999 169092 sgemm sgemm CUDA3 1.067642 169132 40
CPU11 44.548076 169093 sgemm sgemm CUDA0 1.194330 169133 40
CPU1 44.971034 169094 sgemm sgemm CUDA0 12.427164 169134 40
CPU10 44.758541 169095 sgemm sgemm CUDA2 1.065685 169135 40
CPU18 45.283715 169096 sgemm sgemm CUDA1 11.338007 169136 40
CPU4 45.210424 169097 sgemm sgemm CUDA2 0.076075 169137 40
CPU0 44.692395 169098 sgemm sgemm CUDA1 1.205841 169138 40
CPU8 45.263720 169099 sgemm sgemm CUDA2 1.288740 169139 40
CPU0 45.381192 169100 sgemm sgemm CUDA0 1.194888 169140 40
CPU15 44.711475 169101 sgemm sgemm CUDA0 1.203732 169141 40
CPU7 45.248157 169102 sgemm sgemm CUDA1 1.199636 169142 40
CPU10 45.075479 169103 sgemm sgemm CUDA2 1.194987 169143 40
CPU11 44.503745 169104 sgemm sgemm CUDA0 1.339526 169144 40
CPU12 44.945160 169105 sgemm sgemm CUDA2 1.196446 169145 40
CPU16 44.993722 169106 sgemm sgemm CUDA2 1.064201 169146 40
CPU10 44.948038 169107 sgemm sgemm CUDA3 1.144474 169147 40
CPU8 45.174942 169108 sgemm sgemm CUDA1 1.206028 169148 40
CPU1 45.120119 169109 sgemm sgemm CUDA3 1.065866 169149 40
CPU14 44.537880 169110 sgemm sgemm CPU23 250.330265 169150 40
CPU14 44.956777 169111 sgemm sgemm CUDA2 1.064605 169151 40
CPU14 44.803503 169112 sgemm sgemm CUDA2 1.067324 169152 40
CPU14 44.666753 169113 sgemm sgemm CPU24 165.033505 169153 40
CPU7 25.014237 169114 ssyrk ssyrk CUDA2 1.525505 169154 40
CPU15 44.951763 169115 sgemm sgemm CUDA3 1.199450 169155 40
CPU2 44.661352 169116 sgemm sgemm CUDA2 1.066780 169156 40
CPU9 45.017647 169117 sgemm sgemm CUDA0 1.064934 169157 40
CPU11 44.543934 169118 sgemm sgemm CUDA2 1.195032 169158 40
CPU10 45.029718 169119 sgemm sgemm CUDA2 1.340065 169159 40
CPU18 44.632742 169120 sgemm sgemm CUDA2 1.208799 169160 40
CPU10 44.885747 169121 sgemm sgemm CUDA2 7.521503 169161 40
CPU10 44.811137 169122 sgemm sgemm CUDA2 1.507024 169162 40
CPU15 44.618263 169123 sgemm sgemm CUDA3 1.464051 169163 40
CPU8 45.132768 169124 sgemm sgemm CUDA3 1.063990 169164 40
CPU8 44.661984 169125 sgemm sgemm CUDA3 1.079584 169165 40
CPU6 45.166692 169126 sgemm sgemm CUDA2 1.348974 169166 40
CPU18 44.736656 169127 sgemm sgemm CUDA2 1.352289 169167 40
CPU6 44.902346 169128 sgemm sgemm CUDA2 1.210116 169168 40
CPU12 44.773791 169129 sgemm sgemm CUDA2 1.191812 169169 40
CPU3 44.790530 169130 sgemm sgemm CUDA2 13.066176 169170 40
CPU9 44.560974 169131 sgemm sgemm CUDA3 1.207959 169171 40
CPU2 44.586059 169132 sgemm sgemm CUDA3 1.012537 169172 40
CPU3 45.111284 169133 sgemm sgemm CUDA1 1.065496 169173 40
CPU4 44.715828 169134 sgemm sgemm CUDA0 1.067274 169174 40
CPU9 44.866581 169135 sgemm sgemm CPU24 166.437570 169175 40
CPU6 44.642564 169136 sgemm sgemm CUDA1 1.205927 169176 40
CPU6 45.408585 169137 sgemm sgemm CUDA0 12.927483 169177 40
CPU6 45.072370 169138 sgemm sgemm CUDA3 1.063205 169178 40
CPU16 25.059875 169139 ssyrk ssyrk CPU -1 169179 40
CPU16 44.950279 169140 sgemm sgemm CUDA0 1.201418 169180 40
CPU10 44.924139 169141 sgemm sgemm CUDA3 1.066027 169181 40
CPU6 45.266710 169142 sgemm sgemm CUDA0 1.205380 169182 40
CPU14 45.121895 169143 sgemm sgemm CPU -1 169183 40
CPU18 44.968489 169144 sgemm sgemm CUDA0 1.064389 169184 40
CPU16 44.974941 169145 sgemm sgemm CUDA0 1.203937 169185 40
CPU19 45.032486 169146 sgemm sgemm CUDA2 1.064160 169186 40
CPU8 44.868460 169147 sgemm sgemm CUDA2 1.076535 169187 40
CPU14 45.143227 169148 sgemm sgemm CUDA0 1.068487 169188 40
CPU8 44.717147 169149 sgemm sgemm CUDA2 0.040538 169189 40
CPU1 44.972991 169150 sgemm sgemm CUDA3 1.062618 169190 40
CPU2 44.776178 169151 sgemm sgemm CUDA3 13.199933 169191 40
CPU3 44.338998 169152 sgemm sgemm CUDA2 1.076127 169192 40
CPU9 44.682495 169153 sgemm sgemm CUDA2 1.207412 169193 40
CPU9 44.648570 169154 sgemm sgemm CUDA3 0.054981 169194 40
CPU15 45.006398 169155 sgemm sgemm CUDA3 1.295565 169195 40
CPU17 44.965365 169156 sgemm sgemm CUDA2 1.148290 169196 40
CPU17 44.751615 169157 sgemm sgemm CUDA0 1.189820 169197 40
CPU11 44.788427 169158 sgemm sgemm CUDA1 1.062385 169198 40
CPU5 45.014178 169159 sgemm sgemm CUDA3 1.077982 169199 40
CPU1 44.477525 169160 sgemm sgemm CUDA3 1.194902 169200 40
CPU3 45.117660 169161 sgemm sgemm CPU -1 169201 40
CPU5 45.011482 169162 sgemm sgemm CUDA1 12.160066 169202 40
CPU4 25.268475 169163 ssyrk ssyrk CPU -1 169203 40
CPU6 44.827138 169164 sgemm sgemm CUDA2 1.084393 169204 40
CPU15 44.433300 169165 sgemm sgemm CUDA0 0.044100 169205 40
CPU4 45.022125 169166 sgemm sgemm CUDA0 1.192819 169206 40
CPU5 44.873223 169167 sgemm sgemm CUDA1 1.198563 169207 40
CPU3 44.811230 169168 sgemm sgemm CUDA1 1.064548 169208 40
CPU11 44.617375 169169 sgemm sgemm CUDA3 1.190078 169209 40
CPU6 45.138067 169170 sgemm sgemm CUDA1 12.454798 169210 40
CPU15 44.474504 169171 sgemm sgemm CUDA3 1.211252 169211 40
CPU12 44.612325 169172 sgemm sgemm CUDA0 5.505506 169212 40
CPU12 44.642037 169173 sgemm sgemm CUDA0 1.078381 169213 40
CPU11 44.627130 169174 sgemm sgemm CUDA1 1.279519 169214 40
CPU18 44.986011 169175 sgemm sgemm CUDA3 1.063886 169215 40
CPU19 44.681658 169176 sgemm sgemm CUDA2 1.203376 169216 40
CPU17 44.878074 169177 sgemm sgemm CUDA2 1.067364 169217 40
CPU11 44.832899 169178 sgemm sgemm CUDA3 1.062065 169218 40
CPU10 45.085341 169179 sgemm sgemm CUDA2 1.195196 169219 40
CPU0 45.462487 169180 sgemm sgemm CUDA2 1.062239 169220 40
CPU18 44.543834 169181 sgemm sgemm CUDA0 1.066855 169221 40
CPU17 44.791933 169182 sgemm sgemm CUDA3 1.208871 169222 40
CPU15 45.217239 169183 sgemm sgemm CUDA3 1.073325 169223 40
CPU16 44.875409 169184 sgemm sgemm CUDA0 1.201929 169224 40
CPU16 44.647607 169185 sgemm sgemm CPU25 169.470183 169225 40
CPU4 25.497235 169186 ssyrk ssyrk CPU -1 169226 40
CPU14 44.683652 169187 sgemm sgemm CUDA3 1.080263 169227 40
CPU0 45.375747 169188 sgemm sgemm CUDA0 1.200425 169228 40
CPU10 44.803387 169189 sgemm sgemm CUDA3 12.309473 169229 40
CPU11 44.816455 169190 sgemm sgemm CUDA3 0.045963 169230 40
CPU14 44.600757 169191 sgemm sgemm CUDA3 1.374888 169231 40
CPU19 45.501298 169192 sgemm sgemm CUDA3 1.191790 169232 40
CPU7 45.724475 169193 sgemm sgemm CUDA3 1.085731 169233 40
CPU3 45.019310 169194 sgemm sgemm CUDA0 0.041800 169234 40
CPU15 44.702276 169195 sgemm sgemm CUDA2 1.197836 169235 40
CPU16 44.645505 169196 sgemm sgemm CUDA0 1.298758 169236 40
CPU14 44.874787 169197 sgemm sgemm CUDA2 1.083781 169237 40
CPU17 44.608812 169198 sgemm sgemm CUDA0 1.207827 169238 40
CPU8 45.077544 169199 sgemm sgemm CUDA3 1.067887 169239 40
CPU15 44.862152 169200 sgemm sgemm CUDA3 1.067134 169240 40
CPU17 45.118156 169201 sgemm sgemm CUDA3 1.027551 169241 40
CPU4 45.285760 169202 sgemm sgemm CUDA3 1.211355 169242 40
CPU2 45.253979 169203 sgemm sgemm CUDA0 0.052001 169243 40
CPU10 44.771631 169204 sgemm sgemm CPU25 228.819159 169244 40
CPU13 45.135463 169205 sgemm sgemm CUDA2 1.208508 169245 40
CPU18 44.610553 169206 sgemm sgemm CUDA2 13.149766 169246 40
CPU13 44.696235 169207 sgemm sgemm CPU26 175.347862 169247 40
CPU3 25.194785 169208 ssyrk ssyrk CPU -1 169248 40
CPU15 44.487500 169209 sgemm sgemm CUDA1 1.063629 169249 40
CPU17 44.694035 169210 sgemm sgemm CUDA3 1.211227 169250 40
CPU1 45.048477 169211 sgemm sgemm CUDA3 1.066082 169251 40
CPU9 45.189032 169212 sgemm sgemm CUDA3 1.192407 169252 40
CPU2 45.101224 169213 sgemm sgemm CUDA0 0.047990 169253 40
CPU7 45.011585 169214 sgemm sgemm CUDA0 1.065851 169254 40
CPU0 45.416421 169215 sgemm sgemm CUDA1 1.199773 169255 40
CPU0 45.443328 169216 sgemm sgemm CUDA0 1.201770 169256 40
CPU1 45.442398 169217 sgemm sgemm CUDA1 1.067447 169257 40
CPU0 45.087118 169218 sgemm sgemm CUDA0 1.065277 169258 40
CPU9 45.116247 169219 sgemm sgemm CUDA2 1.081294 169259 40
CPU2 45.185923 169220 sgemm sgemm CUDA3 1.294165 169260 40
CPU15 44.811403 169221 sgemm sgemm CUDA0 1.065750 169261 40
CPU4 44.877638 169222 sgemm sgemm CUDA0 1.065580 169262 40
CPU6 45.162346 169223 sgemm sgemm CUDA3 1.191532 169263 40
CPU18 44.842311 169224 sgemm sgemm CUDA0 1.292175 169264 40
CPU7 45.193142 169225 sgemm sgemm CPU26 263.524604 169265 40
CPU6 44.652048 169226 sgemm sgemm CUDA1 12.064764 169266 40
CPU6 45.335935 169227 sgemm sgemm CUDA2 1.199062 169267 40
CPU2 45.304790 169228 sgemm sgemm CPU27 187.312662 169268 40
CPU14 24.843488 169229 ssyrk ssyrk CPU10 84.309935 169269 40
CPU19 44.622246 169230 sgemm sgemm CUDA2 1.064068 169270 40
CPU12 44.661943 169231 sgemm sgemm CUDA2 12.710232 169271 40
CPU12 44.919114 169232 sgemm sgemm CUDA2 1.363091 169272 40
CPU16 44.627341 169233 sgemm sgemm CUDA2 1.077467 169273 40
CPU17 44.822136 169234 sgemm sgemm CUDA2 1.197864 169274 40
CPU5 44.881986 169235 sgemm sgemm CUDA0 1.324142 169275 40
CPU14 44.867833 169236 sgemm sgemm CUDA1 1.065784 169276 40
CPU19 44.676932 169237 sgemm sgemm CPU11 243.939178 169277 40
CPU4 44.834533 169238 sgemm sgemm CUDA2 1.080663 169278 40
CPU16 44.562352 169239 sgemm sgemm CPU12 259.693794 169279 40
CPU0 44.917758 169240 sgemm sgemm CPU13 244.355647 169280 40
CPU16 44.789175 169241 sgemm sgemm CPU14 165.983890 169281 40
CPU7 44.653331 169242 sgemm sgemm CUDA0 0.990834 169282 40
CPU8 44.886556 169243 sgemm sgemm CPU15 188.095535 169283 40
CPU1 45.146165 169244 sgemm sgemm CPU16 276.463702 169284 40
CPU1 45.148537 169245 sgemm sgemm CPU27 249.772733 169285 40
CPU0 45.168062 169246 sgemm sgemm CPU23 164.998320 169286 40
CPU18 44.968787 169247 sgemm sgemm CPU24 136.601256 169287 40
CPU18 44.731745 169248 sgemm sgemm CUDA3 1.203411 169288 40
CPU7 24.972892 169249 ssyrk ssyrk CUDA3 0.610004 169289 40
CPU8 44.900104 169250 sgemm sgemm CUDA1 1.205468 169290 40
CPU15 44.701843 169251 sgemm sgemm CUDA1 1.208282 169291 40
CPU18 44.693878 169252 sgemm sgemm CUDA3 0.145259 169292 40
CPU6 45.336976 169253 sgemm sgemm CUDA2 1.070112 169293 40
CPU12 44.868326 169254 sgemm sgemm CUDA1 1.216521 169294 40
CPU16 44.677854 169255 sgemm sgemm CUDA2 1.066103 169295 40
CPU10 45.253116 169256 sgemm sgemm CUDA2 1.062551 169296 40
CPU11 44.927205 169257 sgemm sgemm CUDA3 1.064500 169297 40
CPU17 44.797529 169258 sgemm sgemm CUDA3 1.076997 169298 40
CPU19 44.918764 169259 sgemm sgemm CUDA3 1.080992 169299 40
CPU19 45.071015 169260 sgemm sgemm CUDA3 1.204133 169300 40
CPU16 45.064778 169261 sgemm sgemm CUDA0 1.080252 169301 40
CPU15 45.071636 169262 sgemm sgemm CUDA2 11.988694 169302 40
CPU15 45.177931 169263 sgemm sgemm CUDA3 1.211722 169303 40
CPU15 44.747705 169264 sgemm sgemm CUDA3 1.297002 169304 40
CPU15 45.149150 169265 sgemm sgemm CUDA1 1.195307 169305 40
CPU15 45.058694 169266 sgemm sgemm CUDA2 1.193539 169306 40
CPU15 44.609826 169267 sgemm sgemm CUDA3 1.207278 169307 40
CPU9 24.713101 169268 ssyrk ssyrk CUDA2 0.150692 169308 40
CPU6 45.261619 169269 sgemm sgemm CUDA1 0.114892 169309 40
CPU8 45.281493 169270 sgemm sgemm CUDA2 1.068280 169310 40
CPU4 45.183194 169271 sgemm sgemm CUDA1 1.205047 169311 40
CPU18 44.644793 169272 sgemm sgemm CUDA3 1.070314 169312 40
CPU6 45.402113 169273 sgemm sgemm CUDA3 1.206287 169313 40
CPU8 45.020680 169274 sgemm sgemm CUDA2 1.064404 169314 40
CPU4 44.990748 169275 sgemm sgemm CUDA3 16.194992 169315 40
CPU5 44.992365 169276 sgemm sgemm CUDA3 1.199060 169316 40
CPU8 44.948427 169277 sgemm sgemm CUDA1 1.076371 169317 40
CPU16 44.837482 169278 sgemm sgemm CUDA0 1.312403 169318 40
CPU9 44.685779 169279 sgemm sgemm CUDA0 1.016722 169319 40
CPU2 45.046396 169280 sgemm sgemm CUDA3 1.064242 169320 40
CPU0 45.205366 169281 sgemm sgemm CUDA1 1.070918 169321 40
CPU16 44.557504 169282 sgemm sgemm CUDA3 1.196398 169322 40
CPU18 45.061201 169283 sgemm sgemm CUDA3 1.031247 169323 40
CPU2 45.267653 169284 sgemm sgemm CUDA2 12.261809 169324 40
CPU2 45.271431 169285 sgemm sgemm CPU29 242.537985 169325 40
CPU10 25.024317 169286 ssyrk ssyrk CUDA2 21.235403 169326 40
CPU11 44.547228 169287 sgemm sgemm CUDA3 0.964078 169327 40
CPU5 44.975643 169288 sgemm sgemm CUDA3 1.210507 169328 40
CPU7 45.202177 169289 sgemm sgemm CUDA2 1.434765 169329 40
CPU0 45.183625 169290 sgemm sgemm CUDA2 1.208359 169330 40
CPU2 45.188823 169291 sgemm sgemm CUDA3 1.188806 169331 40
CPU6 44.841258 169292 sgemm sgemm CUDA2 13.102116 169332 40
CPU11 44.821041 169293 sgemm sgemm CUDA3 1.064036 169333 40
CPU17 44.682909 169294 sgemm sgemm CUDA2 0.040085 169334 40
CPU1 44.698099 169295 sgemm sgemm CUDA3 13.060999 169335 40
CPU8 44.697900 169296 sgemm sgemm CUDA0 12.184835 169336 40
CPU0 45.473289 169297 sgemm sgemm CUDA3 1.194708 169337 40
CPU11 44.837867 169298 sgemm sgemm CUDA3 12.315598 169338 40
CPU12 45.061966 169299 sgemm sgemm CPU28 238.336831 169339 40
CPU10 45.197224 169300 sgemm sgemm CUDA3 0.043478 169340 40
CPU13 44.747670 169301 sgemm sgemm CUDA2 0.051035 169341 40
CPU7 45.376291 169302 sgemm sgemm CPU30 165.831935 169342 40
CPU8 24.897610 169303 ssyrk ssyrk CUDA0 0.682558 169343 40
CPU14 44.881960 169304 sgemm sgemm CUDA2 1.195856 169344 40
CPU2 44.652312 169305 sgemm sgemm CUDA3 1.006930 169345 40
CPU3 45.003412 169306 sgemm sgemm CUDA3 12.625063 169346 40
CPU1 45.090885 169307 sgemm sgemm CUDA1 1.196105 169347 40
CPU2 44.898943 169308 sgemm sgemm CUDA3 1.205566 169348 40
CPU4 45.335241 169309 sgemm sgemm CUDA1 1.199459 169349 40
CPU5 44.996319 169310 sgemm sgemm CUDA3 0.052095 169350 40
CPU14 44.853594 169311 sgemm sgemm CUDA1 1.083092 169351 40
CPU10 44.928909 169312 sgemm sgemm CUDA1 12.174568 169352 40
CPU9 45.393283 169313 sgemm sgemm CUDA2 1.196363 169353 40
CPU18 44.809868 169314 sgemm sgemm CUDA1 1.078862 169354 40
CPU5 45.298539 169315 sgemm sgemm CPU30 249.524955 169355 40
CPU3 44.895435 169316 sgemm sgemm CUDA3 1.305849 169356 40
CPU4 45.066477 169317 sgemm sgemm CUDA2 1.289086 169357 40
CPU7 45.299623 169318 sgemm sgemm CPU31 249.354010 169358 40
CPU16 24.723317 169319 ssyrk ssyrk CPU -1 169359 40
CPU18 44.807249 169320 sgemm sgemm CUDA1 1.199263 169360 40
CPU5 45.169969 169321 sgemm sgemm CUDA1 1.200859 169361 40
CPU4 45.272287 169322 sgemm sgemm CUDA1 1.080111 169362 40
CPU3 44.842648 169323 sgemm sgemm CUDA1 17.198003 169363 40
CPU0 44.912885 169324 sgemm sgemm CUDA3 1.200247 169364 40
CPU1 45.188465 169325 sgemm sgemm CUDA2 1.303800 169365 40
CPU16 44.704649 169326 sgemm sgemm CUDA1 1.205614 169366 40
CPU11 44.611940 169327 sgemm sgemm CUDA0 0.038972 169367 40
CPU7 45.426793 169328 sgemm sgemm CUDA2 1.080305 169368 40
CPU19 44.864364 169329 sgemm sgemm CUDA3 0.043923 169369 40
CPU8 45.029651 169330 sgemm sgemm CPU31 165.629755 169370 40
CPU15 44.705427 169331 sgemm sgemm CUDA1 1.209641 169371 40
CPU10 44.767069 169332 sgemm sgemm CUDA0 0.042906 169372 40
CPU0 45.590490 169333 sgemm sgemm CUDA3 1.078878 169373 40
CPU19 25.281697 169334 ssyrk ssyrk CPU -1 169374 40
CPU4 44.877602 169335 sgemm sgemm CUDA0 1.081958 169375 40
CPU19 44.741315 169336 sgemm sgemm CUDA3 1.066077 169376 40
CPU3 44.635238 169337 sgemm sgemm CUDA3 12.290413 169377 40
CPU12 44.877075 169338 sgemm sgemm CUDA0 1.199506 169378 40
CPU3 45.073107 169339 sgemm sgemm CUDA2 1.006221 169379 40
CPU10 45.100164 169340 sgemm sgemm CUDA2 1.206894 169380 40
CPU11 44.848732 169341 sgemm sgemm CUDA0 1.249985 169381 40
CPU5 45.101328 169342 sgemm sgemm CUDA1 1.193212 169382 40
CPU1 45.044285 169343 sgemm sgemm CUDA1 13.201711 169383 40
CPU6 45.181362 169344 sgemm sgemm CUDA3 0.041379 169384 40
CPU7 44.732464 169345 sgemm sgemm CUDA1 0.054969 169385 40
CPU13 44.891298 169346 sgemm sgemm CUDA0 1.065617 169386 40
CPU9 45.133105 169347 sgemm sgemm CUDA2 1.007103 169387 40
CPU11 24.382810 169348 ssyrk ssyrk CPU -1 169388 40
CPU17 44.942163 169349 sgemm sgemm CUDA2 1.068194 169389 40
CPU19 44.862130 169350 sgemm sgemm CUDA2 1.209193 169390 40
CPU15 44.696664 169351 sgemm sgemm CUDA1 1.066669 169391 40
CPU12 44.897575 169352 sgemm sgemm CUDA1 1.084033 169392 40
CPU12 44.903591 169353 sgemm sgemm CUDA1 1.210545 169393 40
CPU16 44.764023 169354 sgemm sgemm CUDA0 1.065646 169394 40
CPU11 44.443611 169355 sgemm sgemm CUDA0 1.062942 169395 40
CPU11 44.797958 169356 sgemm sgemm CUDA2 0.048963 169396 40
CPU4 45.333256 169357 sgemm sgemm CUDA3 1.208759 169397 40
CPU9 44.810852 169358 sgemm sgemm CUDA2 1.207009 169398 40
CPU12 44.837433 169359 sgemm sgemm CUDA1 1.077349 169399 40
CPU10 44.663304 169360 sgemm sgemm CPU33 237.473643 169400 40
CPU19 24.984524 169361 ssyrk ssyrk CPU -1 169401 40
CPU7 44.928344 169362 sgemm sgemm CUDA0 1.202412 169402 40
CPU0 45.361160 169363 sgemm sgemm CUDA0 1.186077 169403 40
CPU11 44.614112 169364 sgemm sgemm CUDA1 1.205528 169404 40
CPU19 45.020107 169365 sgemm sgemm CUDA0 1.206475 169405 40
CPU5 44.706794 169366 sgemm sgemm CUDA3 1.028372 169406 40
CPU4 45.155701 169367 sgemm sgemm CUDA0 1.076041 169407 40
CPU16 45.011800 169368 sgemm sgemm CUDA0 1.068453 169408 40
CPU15 44.430551 169369 sgemm sgemm CPU34 232.951507 169409 40
CPU8 44.862037 169370 sgemm sgemm CUDA0 1.065873 169410 40
CPU10 45.003269 169371 sgemm sgemm CUDA0 1.347783 169411 40
CPU17 44.422957 169372 sgemm sgemm CUDA3 1.078663 169412 40
CPU9 24.572015 169373 ssyrk ssyrk CPU -1 169413 40
CPU5 44.863043 169374 sgemm sgemm CUDA1 1.209017 169414 40
CPU5 44.928202 169375 sgemm sgemm CUDA1 1.203928 169415 40
CPU2 44.584984 169376 sgemm sgemm CUDA0 1.194983 169416 40
CPU7 44.859483 169377 sgemm sgemm CUDA3 12.081134 169417 40
CPU2 44.968486 169378 sgemm sgemm CUDA2 1.210877 169418 40
CPU8 44.891211 169379 sgemm sgemm CUDA3 1.301274 169419 40
CPU3 45.152422 169380 sgemm sgemm CUDA3 1.067061 169420 40
CPU1 44.594476 169381 sgemm sgemm CUDA0 1.067577 169421 40
CPU0 45.415587 169382 sgemm sgemm CUDA2 1.078336 169422 40
CPU8 44.699258 169383 sgemm sgemm CUDA3 0.046459 169423 40
CPU19 24.714403 169384 ssyrk ssyrk CPU -1 169424 40
CPU7 45.497041 169385 sgemm sgemm CUDA3 1.061806 169425 40
CPU4 44.948743 169386 sgemm sgemm CUDA3 1.196390 169426 40
CPU1 44.729801 169387 sgemm sgemm CUDA1 0.050235 169427 40
CPU2 45.144443 169388 sgemm sgemm CUDA0 1.077229 169428 40
CPU0 45.291307 169389 sgemm sgemm CUDA3 1.068535 169429 40
CPU1 45.199992 169390 sgemm sgemm CUDA3 1.365562 169430 40
CPU2 45.011352 169391 sgemm sgemm CUDA0 1.207733 169431 40
CPU3 45.208880 169392 sgemm sgemm CUDA0 1.068018 169432 40
CPU0 45.582816 169393 sgemm sgemm CUDA2 1.198043 169433 40
CPU7 25.294926 169394 ssyrk ssyrk CPU -1 169434 40
CPU8 44.891764 169395 sgemm sgemm CUDA3 1.197993 169435 40
CPU1 45.010070 169396 sgemm sgemm CUDA3 0.043505 169436 40
CPU0 45.429324 169397 sgemm sgemm CUDA1 1.298625 169437 40
CPU8 44.973098 169398 sgemm sgemm CUDA2 1.081371 169438 40
CPU9 45.214680 169399 sgemm sgemm CUDA2 1.069331 169439 40
CPU8 44.818053 169400 sgemm sgemm CUDA1 1.067412 169440 40
CPU7 45.258543 169401 sgemm sgemm CUDA1 1.191353 169441 40
CPU9 45.039052 169402 sgemm sgemm CUDA2 12.219775 169442 40
CPU19 25.376930 169403 ssyrk ssyrk CPU -1 169443 40
CPU17 45.234429 169404 sgemm sgemm CUDA1 1.247609 169444 40
CPU10 44.842628 169405 sgemm sgemm CUDA3 1.206887 169445 40
CPU19 45.081451 169406 sgemm sgemm CUDA2 1.195529 169446 40
CPU19 44.676509 169407 sgemm sgemm CUDA0 1.321931 169447 40
CPU18 44.969596 169408 sgemm sgemm CUDA1 0.042869 169448 40
CPU19 44.970098 169409 sgemm sgemm CUDA1 1.197889 169449 40
CPU18 44.662778 169410 sgemm sgemm CUDA3 1.206910 169450 40
CPU0 24.966316 169411 ssyrk ssyrk CPU -1 169451 40
CPU6 44.932008 169412 sgemm sgemm CUDA0 1.149907 169452 40
CPU2 44.688086 169413 sgemm sgemm CUDA1 1.201948 169453 40
CPU3 45.015123 169414 sgemm sgemm CUDA0 1.026442 169454 40
CPU9 44.546921 169415 sgemm sgemm CUDA2 1.022175 169455 40
CPU5 45.037456 169416 sgemm sgemm CUDA2 12.176710 169456 40
CPU1 44.945191 169417 sgemm sgemm CUDA3 1.246818 169457 40
CPU9 24.755421 169418 ssyrk ssyrk CPU -1 169458 40
CPU4 44.951149 169419 sgemm sgemm CUDA0 1.205615 169459 40
CPU11 44.359385 169420 sgemm sgemm CUDA2 0.051991 169460 40
CPU19 44.866856 169421 sgemm sgemm CUDA2 1.208166 169461 40
CPU19 44.697731 169422 sgemm sgemm CUDA0 1.205259 169462 40
CPU19 44.681147 169423 sgemm sgemm CUDA3 1.200517 169463 40
CPU12 24.705597 169424 ssyrk ssyrk CPU12 96.710573 169464 40
CPU12 44.793175 169425 sgemm sgemm CUDA3 1.196552 169465 40
CPU18 45.044774 169426 sgemm sgemm CPU13 153.509781 169466 40
CPU0 45.377010 169427 sgemm sgemm CPU14 121.968372 169467 40
CPU14 44.657603 169428 sgemm sgemm CUDA1 1.086173 169468 40
CPU10 24.918304 169429 ssyrk ssyrk CPU -1 169469 40
CPU16 44.790737 169430 sgemm sgemm CUDA1 1.079741 169470 40
CPU7 45.590038 169431 sgemm sgemm CUDA2 1.076843 169471 40
CPU6 45.278379 169432 sgemm sgemm CUDA3 1.078459 169472 40
CPU4 24.869838 169433 ssyrk ssyrk CUDA2 0.678243 169473 40
CPU8 44.979397 169434 sgemm sgemm CUDA0 1.193040 169474 40
CPU2 45.170098 169435 sgemm sgemm CUDA1 1.202899 169475 40
CPU18 24.974055 169436 ssyrk ssyrk CPU -1 169476 40
CPU1 45.366916 169437 sgemm sgemm CUDA2 1.300412 169477 40
CPU13 24.853716 169438 ssyrk ssyrk CPU -1 169478 40
CPU2 30.606985 169441 strmm strmm CUDA1 4.288524 169481 40
CPU17 30.942105 169445 strmm strmm CUDA1 15.117804 169485 40
CPU15 30.754181 169449 strmm strmm CUDA2 4.553586 169489 40
CPU14 30.980197 169453 strmm strmm CUDA0 0.030656 169493 40
CPU5 29.388014 169457 strmm strmm CUDA0 4.523273 169497 40
CPU10 30.252733 169461 strmm strmm CUDA1 4.289509 169501 40
CPU14 31.232658 169465 strmm strmm CUDA3 4.282900 169505 40
CPU9 31.087162 169469 strmm strmm CUDA1 4.501916 169509 40
CPU4 31.294820 169473 strmm strmm CUDA2 0.033321 169513 40
CPU6 31.008080 169477 strmm strmm CUDA0 4.542774 169517 40
CPU4 30.775144 169481 strmm strmm CUDA3 4.231354 169521 40
CPU6 29.943711 169485 strmm strmm CUDA0 11.428878 169525 40
CPU16 29.950468 169489 strmm strmm CUDA1 4.289758 169529 40
CPU3 29.760774 169493 strmm strmm CUDA1 12.722115 169533 40
CPU15 31.453609 169497 strmm strmm CUDA2 0.033788 169537 40
CPU18 29.984821 169501 strmm strmm CUDA2 4.250042 169541 40
CPU6 30.368157 169505 strmm strmm CUDA1 7.003820 169545 40
CPU8 31.319626 169509 strmm strmm CUDA0 4.591059 169549 40
CPU9 29.587509 169513 strmm strmm CUDA3 0.030111 169553 40
CPU14 30.104993 169517 strmm strmm CUDA3 4.530157 169557 40
CPU6 29.960007 169521 strmm strmm CUDA1 0.032022 169561 40
CPU5 29.617135 169525 strmm strmm CUDA2 0.487504 169565 40
CPU16 29.697534 169529 strmm strmm CUDA2 4.281843 169569 40
CPU13 30.494469 169533 strmm strmm CUDA0 4.285288 169573 40
CPU2 31.097917 169537 strmm strmm CUDA0 4.288199 169577 40
CPU18 30.341779 169541 strmm strmm CUDA3 12.243856 169581 40
CPU15 30.453271 169545 strmm strmm CUDA0 14.911374 169585 40
CPU2 30.950915 169549 strmm strmm CUDA2 4.485826 169589 40
CPU7 31.519378 169553 strmm strmm CUDA3 4.189115 169593 40
CPU7 31.674850 169557 strmm strmm CUDA0 15.088568 169597 40
CPU0 31.597256 169561 strmm strmm CUDA2 4.283939 169601 40
CPU9 30.659824 169565 strmm strmm CUDA3 13.942224 169605 40
CPU10 30.364328 169569 strmm strmm CUDA0 4.288320 169609 40
CPU17 30.169485 169573 strmm strmm CUDA1 4.523008 169613 40
CPU8 29.580766 169577 strmm strmm CUDA0 15.033971 169617 40
CPU0 32.090823 169581 strmm strmm CUDA0 0.029954 169621 40
CPU9 30.958637 169585 strmm strmm CUDA1 4.286277 169625 40
CPU19 31.918918 169589 strmm strmm CUDA2 15.069749 169629 40
CPU1 29.924204 169593 strmm strmm CUDA2 4.397805 169633 40
CPU19 30.588011 169597 strmm strmm CUDA1 0.031585 169637 40
CPU14 30.839735 169601 strmm strmm CUDA1 0.058936 169641 40
CPU6 31.608251 169605 strmm strmm CUDA3 0.526776 169645 40
CPU2 29.572712 169609 strmm strmm CUDA3 24.055166 169649 40
CPU1 31.119557 169613 strmm strmm CUDA0 0.030416 169653 40
CPU5 31.114616 169617 strmm strmm CUDA3 4.289541 169657 40
CPU5 12.214745 169621 slauum slauum CPU -1 169661 40
CPU3 24.596768 169623 ssyrk ssyrk CUDA0 0.159309 169663 40
CPU6 44.885259 169624 sgemm sgemm CUDA0 9.847750 169664 40
CPU9 44.722211 169625 sgemm sgemm CUDA2 11.280631 169665 40
CPU7 44.781828 169626 sgemm sgemm CUDA2 1.265798 169666 40
CPU2 44.753526 169627 sgemm sgemm CUDA2 1.067643 169667 40
CPU3 44.603833 169628 sgemm sgemm CUDA2 0.070849 169668 40
CPU4 44.797538 169629 sgemm sgemm CUDA2 1.195720 169669 40
CPU3 44.856636 169630 sgemm sgemm CUDA0 1.083434 169670 40
CPU3 44.838434 169631 sgemm sgemm CUDA3 1.067131 169671 40
CPU5 44.873442 169632 sgemm sgemm CUDA3 1.210109 169672 40
CPU0 45.265333 169633 sgemm sgemm CUDA3 0.042410 169673 40
CPU3 44.815236 169634 sgemm sgemm CUDA2 1.337484 169674 40
CPU15 44.549445 169635 sgemm sgemm CUDA0 1.077397 169675 40
CPU12 44.821152 169636 sgemm sgemm CUDA0 9.472807 169676 40
CPU9 44.575541 169637 sgemm sgemm CUDA0 1.197455 169677 40
CPU8 44.885247 169638 sgemm sgemm CUDA1 1.317008 169678 40
CPU1 44.885755 169639 sgemm sgemm CUDA0 0.075774 169679 40
CPU8 44.845885 169640 sgemm sgemm CUDA0 1.080344 169680 40
CPU18 44.653244 169641 sgemm sgemm CUDA0 1.196215 169681 40
CPU14 44.880246 169642 sgemm sgemm CUDA1 11.638553 169682 40
CPU18 45.051803 169643 sgemm sgemm CUDA0 12.069284 169683 40
CPU18 44.989152 169644 sgemm sgemm CUDA0 1.289421 169684 40
CPU7 45.033487 169645 sgemm sgemm CUDA0 0.046799 169685 40
CPU15 44.842937 169646 sgemm sgemm CUDA0 0.133693 169686 40
CPU7 45.146142 169647 sgemm sgemm CUDA3 1.082321 169687 40
CPU6 45.098436 169648 sgemm sgemm CUDA0 0.051401 169688 40
CPU9 44.628339 169649 sgemm sgemm CUDA3 1.206172 169689 40
CPU2 44.504400 169650 sgemm sgemm CUDA1 0.139426 169690 40
CPU12 44.729615 169651 sgemm sgemm CUDA2 1.199946 169691 40
CPU2 44.989876 169652 sgemm sgemm CUDA1 1.086578 169692 40
CPU12 44.801361 169653 sgemm sgemm CUDA2 1.499301 169693 40
CPU3 45.066491 169654 sgemm sgemm CUDA2 0.053301 169694 40
CPU16 44.707360 169655 sgemm sgemm CUDA2 0.073397 169695 40
CPU15 44.579367 169656 sgemm sgemm CUDA3 1.208171 169696 40
CPU19 45.007430 169657 sgemm sgemm CUDA2 0.046693 169697 40
CPU10 44.810151 169658 sgemm sgemm CUDA2 1.207176 169698 40
CPU6 44.907941 169659 sgemm sgemm CUDA2 1.303757 169699 40
CPU9 44.534736 169660 sgemm sgemm CUDA2 1.297583 169700 40
CPU0 44.859565 169661 sgemm sgemm CUDA2 0.041626 169701 40
CPU3 44.789594 169662 sgemm sgemm CUDA3 0.969797 169702 40
CPU8 44.532767 169663 sgemm sgemm CUDA3 1.088927 169703 40
CPU1 44.968080 169664 sgemm sgemm CUDA1 1.082453 169704 40
CPU9 44.765713 169665 sgemm sgemm CUDA0 12.797318 169705 40
CPU8 44.923919 169666 sgemm sgemm CUDA1 1.079335 169706 40
CPU4 44.966896 169667 sgemm sgemm CUDA0 1.067383 169707 40
CPU2 44.770027 169668 sgemm sgemm CUDA0 1.062369 169708 40
CPU1 24.629019 169669 ssyrk ssyrk CUDA0 0.851906 169709 40
CPU14 44.938050 169670 sgemm sgemm CUDA0 1.192313 169710 40
CPU6 45.120708 169671 sgemm sgemm CUDA0 1.307227 169711 40
CPU1 45.009284 169672 sgemm sgemm CUDA0 1.205713 169712 40
CPU16 44.721802 169673 sgemm sgemm CUDA0 1.425348 169713 40
CPU15 44.747539 169674 sgemm sgemm CUDA1 1.343268 169714 40
CPU16 44.563705 169675 sgemm sgemm CUDA0 1.066296 169715 40
CPU17 44.789562 169676 sgemm sgemm CUDA3 1.195806 169716 40
CPU3 45.082596 169677 sgemm sgemm CUDA3 1.076997 169717 40
CPU10 45.137625 169678 sgemm sgemm CUDA3 1.065787 169718 40
CPU0 44.768461 169679 sgemm sgemm CUDA3 1.198368 169719 40
CPU15 45.737615 169680 sgemm sgemm CUDA0 1.212114 169720 40
CPU18 44.738295 169681 sgemm sgemm CUDA0 0.068574 169721 40
CPU17 45.022021 169682 sgemm sgemm CUDA0 12.456239 169722 40
CPU8 44.634174 169683 sgemm sgemm CUDA3 1.213066 169723 40
CPU6 44.891449 169684 sgemm sgemm CUDA0 1.371774 169724 40
CPU1 44.791447 169685 sgemm sgemm CUDA0 1.066321 169725 40
CPU15 45.338338 169686 sgemm sgemm CUDA0 1.203013 169726 40
CPU16 44.534226 169687 sgemm sgemm CUDA1 1.087813 169727 40
CPU11 45.071016 169688 sgemm sgemm CUDA0 1.309131 169728 40
CPU18 45.019665 169689 sgemm sgemm CUDA0 1.061116 169729 40
CPU8 44.772721 169690 sgemm sgemm CUDA1 1.065930 169730 40
CPU18 44.605108 169691 sgemm sgemm CUDA3 11.858806 169731 40
CPU14 44.989370 169692 sgemm sgemm CUDA3 12.294890 169732 40
CPU8 44.850572 169693 sgemm sgemm CUDA0 1.299763 169733 40
CPU8 44.711987 169694 sgemm sgemm CUDA3 1.212138 169734 40
CPU5 44.525346 169695 sgemm sgemm CUDA1 1.172676 169735 40
CPU1 44.712265 169696 sgemm sgemm CUDA3 0.116008 169736 40
CPU4 44.355149 169697 sgemm sgemm CUDA1 13.792972 169737 40
CPU18 44.937060 169698 sgemm sgemm CUDA2 1.173301 169738 40
CPU6 44.722021 169699 sgemm sgemm CUDA2 1.300540 169739 40
CPU3 44.810760 169700 sgemm sgemm CUDA2 1.287859 169740 40
CPU18 44.874239 169701 sgemm sgemm CUDA3 1.066972 169741 40
CPU7 44.840643 169702 sgemm sgemm CUDA2 1.301239 169742 40
CPU5 44.789801 169703 sgemm sgemm CUDA2 1.067319 169743 40
CPU10 44.939054 169704 sgemm sgemm CUDA3 0.643371 169744 40
CPU12 45.060639 169705 sgemm sgemm CUDA2 1.186222 169745 40
CPU18 45.047220 169706 sgemm sgemm CUDA2 1.250758 169746 40
CPU12 45.037088 169707 sgemm sgemm CUDA3 1.080492 169747 40
CPU16 45.194907 169708 sgemm sgemm CUDA3 1.010241 169748 40
CPU16 44.791797 169709 sgemm sgemm CUDA1 1.208155 169749 40
CPU17 45.155836 169710 sgemm sgemm CUDA0 0.043129 169750 40
CPU16 44.926999 169711 sgemm sgemm CUDA2 1.205843 169751 40
CPU17 45.172162 169712 sgemm sgemm CUDA0 1.084675 169752 40
CPU16 45.231210 169713 sgemm sgemm CUDA0 1.076337 169753 40
CPU14 24.752643 169714 ssyrk ssyrk CUDA2 0.994092 169754 40
CPU14 44.673959 169715 sgemm sgemm CUDA2 0.372723 169755 40
CPU14 44.800014 169716 sgemm sgemm CUDA0 19.957058 169756 40
CPU15 44.474320 169717 sgemm sgemm CUDA1 9.712970 169757 40
CPU14 44.917749 169718 sgemm sgemm CUDA1 1.358482 169758 40
CPU14 44.739791 169719 sgemm sgemm CUDA2 1.067083 169759 40
CPU14 44.895224 169720 sgemm sgemm CUDA3 1.079516 169760 40
CPU14 44.791792 169721 sgemm sgemm CUDA2 1.066156 169761 40
CPU14 44.901529 169722 sgemm sgemm CUDA2 10.552778 169762 40
CPU8 44.753322 169723 sgemm sgemm CUDA2 1.226332 169763 40
CPU15 44.499596 169724 sgemm sgemm CUDA0 0.067149 169764 40
CPU19 44.731933 169725 sgemm sgemm CUDA1 1.205411 169765 40
CPU4 44.873206 169726 sgemm sgemm CUDA0 1.292411 169766 40
CPU0 45.463576 169727 sgemm sgemm CUDA1 0.107989 169767 40
CPU5 44.921840 169728 sgemm sgemm CUDA0 0.109758 169768 40
CPU5 45.263716 169729 sgemm sgemm CUDA0 1.065696 169769 40
CPU18 44.688261 169730 sgemm sgemm CUDA1 19.760895 169770 40
CPU15 44.230074 169731 sgemm sgemm CUDA1 1.081362 169771 40
CPU18 44.994808 169732 sgemm sgemm CUDA0 1.208945 169772 40
CPU17 44.904953 169733 sgemm sgemm CUDA3 12.287628 169773 40
CPU8 44.987189 169734 sgemm sgemm CUDA0 1.363235 169774 40
CPU11 44.593260 169735 sgemm sgemm CUDA0 1.316615 169775 40
CPU15 44.732014 169736 sgemm sgemm CUDA3 1.364347 169776 40
CPU19 44.600162 169737 sgemm sgemm CUDA0 1.065338 169777 40
CPU14 44.709222 169738 sgemm sgemm CUDA3 1.079227 169778 40
CPU11 44.533010 169739 sgemm sgemm CUDA1 1.241263 169779 40
CPU4 45.125322 169740 sgemm sgemm CUDA2 1.211931 169780 40
CPU8 44.605135 169741 sgemm sgemm CUDA1 0.047266 169781 40
CPU10 44.736647 169742 sgemm sgemm CUDA2 8.751531 169782 40
CPU18 44.764341 169743 sgemm sgemm CUDA2 13.120959 169783 40
CPU16 44.596012 169744 sgemm sgemm CUDA2 1.200635 169784 40
CPU5 45.242227 169745 sgemm sgemm CUDA3 1.208491 169785 40
CPU0 45.063251 169746 sgemm sgemm CUDA2 1.191715 169786 40
CPU1 45.024839 169747 sgemm sgemm CUDA2 1.195435 169787 40
CPU3 45.040529 169748 sgemm sgemm CUDA1 1.064436 169788 40
CPU14 44.673205 169749 sgemm sgemm CUDA2 1.206754 169789 40
CPU19 44.798042 169750 sgemm sgemm CUDA2 1.083148 169790 40
CPU11 44.625692 169751 sgemm sgemm CUDA3 1.199447 169791 40
CPU6 44.854961 169752 sgemm sgemm CUDA1 1.191055 169792 40
CPU8 45.290120 169753 sgemm sgemm CUDA1 1.067450 169793 40
CPU11 44.994913 169754 sgemm sgemm CUDA0 1.301765 169794 40
CPU15 44.851916 169755 sgemm sgemm CUDA2 12.085428 169795 40
CPU15 44.968450 169756 sgemm sgemm CPU22 165.385091 169796 40
CPU15 45.031550 169757 sgemm sgemm CUDA0 1.079272 169797 40
CPU6 25.176721 169758 ssyrk ssyrk CUDA2 0.178769 169798 40
CPU6 44.807394 169759 sgemm sgemm CUDA0 10.471952 169799 40
CPU14 45.250811 169760 sgemm sgemm CUDA2 10.464438 169800 40
CPU15 44.586682 169761 sgemm sgemm CUDA2 1.336240 169801 40
CPU18 44.656842 169762 sgemm sgemm CUDA2 1.198576 169802 40
CPU17 44.823227 169763 sgemm sgemm CUDA3 1.193603 169803 40
CPU4 45.103889 169764 sgemm sgemm CUDA3 1.079586 169804 40
CPU2 44.750561 169765 sgemm sgemm CUDA2 1.288557 169805 40
CPU9 44.597729 169766 sgemm sgemm CUDA2 1.061407 169806 40
CPU15 44.627222 169767 sgemm sgemm CUDA0 1.201010 169807 40
CPU14 44.938357 169768 sgemm sgemm CUDA3 1.208775 169808 40
CPU11 44.923988 169769 sgemm sgemm CUDA1 1.062406 169809 40
CPU9 44.614652 169770 sgemm sgemm CUDA3 1.066962 169810 40
CPU8 44.743889 169771 sgemm sgemm CUDA0 11.841080 169811 40
CPU6 44.981746 169772 sgemm sgemm CUDA0 1.210882 169812 40
CPU14 44.891692 169773 sgemm sgemm CUDA0 1.193363 169813 40
CPU14 44.897033 169774 sgemm sgemm CUDA1 0.417201 169814 40
CPU17 45.099876 169775 sgemm sgemm CUDA0 1.066125 169815 40
CPU14 45.130868 169776 sgemm sgemm CUDA3 1.351107 169816 40
CPU9 44.629685 169777 sgemm sgemm CUDA0 1.207687 169817 40
CPU3 44.385832 169778 sgemm sgemm CUDA3 0.117243 169818 40
CPU11 44.617127 169779 sgemm sgemm CUDA3 1.193735 169819 40
CPU9 44.813616 169780 sgemm sgemm CUDA1 1.212716 169820 40
CPU3 44.572000 169781 sgemm sgemm CUDA2 1.208119 169821 40
CPU2 44.542180 169782 sgemm sgemm CUDA2 1.077785 169822 40
CPU12 45.161142 169783 sgemm sgemm CUDA3 10.343153 169823 40
CPU3 44.746106 169784 sgemm sgemm CUDA3 1.190237 169824 40
CPU15 44.806459 169785 sgemm sgemm CUDA0 1.064444 169825 40
CPU0 45.141960 169786 sgemm sgemm CUDA2 0.054090 169826 40
CPU17 44.834278 169787 sgemm sgemm CUDA2 1.081124 169827 40
CPU8 44.775059 169788 sgemm sgemm CUDA3 1.193871 169828 40
CPU5 44.380152 169789 sgemm sgemm CUDA2 1.207634 169829 40
CPU6 45.081525 169790 sgemm sgemm CUDA2 1.076269 169830 40
CPU5 44.605370 169791 sgemm sgemm CUDA1 1.203972 169831 40
CPU14 45.148211 169792 sgemm sgemm CUDA2 1.205109 169832 40
CPU4 44.872136 169793 sgemm sgemm CUDA1 1.206342 169833 40
CPU0 45.004125 169794 sgemm sgemm CPU -1 169834 40
CPU14 45.310849 169795 sgemm sgemm CUDA1 1.197883 169835 40
CPU14 44.846380 169796 sgemm sgemm CUDA1 1.067167 169836 40
CPU14 45.341641 169797 sgemm sgemm CUDA0 1.201479 169837 40
CPU14 44.854239 169798 sgemm sgemm CUDA1 1.196600 169838 40
CPU14 44.969391 169799 sgemm sgemm CPU24 194.469245 169839 40
CPU14 45.151523 169800 sgemm sgemm CUDA0 1.068968 169840 40
CPU4 25.052862 169801 ssyrk ssyrk CUDA1 0.677016 169841 40
CPU14 45.195527 169802 sgemm sgemm CUDA2 1.141538 169842 40
CPU15 44.621686 169803 sgemm sgemm CUDA2 2.277930 169843 40
CPU16 44.569105 169804 sgemm sgemm CUDA0 1.208398 169844 40
CPU17 44.688612 169805 sgemm sgemm CUDA0 1.202297 169845 40
CPU3 45.124310 169806 sgemm sgemm CUDA2 1.065098 169846 40
CPU6 45.151840 169807 sgemm sgemm CUDA1 1.206262 169847 40
CPU6 44.565754 169808 sgemm sgemm CUDA1 1.302698 169848 40
CPU15 44.481462 169809 sgemm sgemm CUDA1 1.209523 169849 40
CPU6 45.001765 169810 sgemm sgemm CUDA1 1.081502 169850 40
CPU3 44.630596 169811 sgemm sgemm CUDA1 1.068857 169851 40
CPU9 44.817310 169812 sgemm sgemm CUDA1 1.301195 169852 40
CPU3 44.601872 169813 sgemm sgemm CUDA2 11.907089 169853 40
CPU2 45.004649 169814 sgemm sgemm CUDA3 1.076799 169854 40
CPU18 45.257175 169815 sgemm sgemm CUDA0 1.200124 169855 40
CPU4 45.109863 169816 sgemm sgemm CUDA1 1.101075 169856 40
CPU17 45.060248 169817 sgemm sgemm CUDA0 1.210481 169857 40
CPU15 44.862552 169818 sgemm sgemm CUDA3 1.067499 169858 40
CPU2 45.035518 169819 sgemm sgemm CUDA2 1.204913 169859 40
CPU14 45.024512 169820 sgemm sgemm CUDA0 0.061369 169860 40
CPU15 44.596041 169821 sgemm sgemm CUDA3 1.216365 169861 40
CPU10 45.221277 169822 sgemm sgemm CUDA1 1.224150 169862 40
CPU5 44.826883 169823 sgemm sgemm CUDA2 1.063272 169863 40
CPU0 45.209525 169824 sgemm sgemm CUDA1 1.064470 169864 40
CPU4 45.158144 169825 sgemm sgemm CUDA1 1.053629 169865 40
CPU7 44.934110 169826 sgemm sgemm CUDA0 1.066157 169866 40
CPU11 44.671533 169827 sgemm sgemm CUDA2 0.059327 169867 40
CPU15 44.912414 169828 sgemm sgemm CUDA1 1.203179 169868 40
CPU18 44.944208 169829 sgemm sgemm CUDA2 1.074355 169869 40
CPU17 44.912618 169830 sgemm sgemm CUDA1 1.202996 169870 40
CPU3 44.464887 169831 sgemm sgemm CUDA2 1.206458 169871 40
CPU16 44.618145 169832 sgemm sgemm CUDA2 1.075660 169872 40
CPU7 45.109809 169833 sgemm sgemm CUDA3 1.063206 169873 40
CPU14 45.300152 169834 sgemm sgemm CUDA0 1.066107 169874 40
CPU15 45.053409 169835 sgemm sgemm CUDA1 12.531658 169875 40
CPU1 44.677923 169836 sgemm sgemm CPU26 184.346892 169876 40
CPU12 45.041263 169837 sgemm sgemm CUDA1 1.206906 169877 40
CPU6 45.067975 169838 sgemm sgemm CUDA0 1.208429 169878 40
CPU11 44.970449 169839 sgemm sgemm CUDA0 1.191814 169879 40
CPU4 44.949587 169840 sgemm sgemm CUDA2 0.406080 169880 40
CPU5 44.925615 169841 sgemm sgemm CPU -1 169881 40
CPU5 44.568654 169842 sgemm sgemm CUDA0 1.196230 169882 40
CPU15 24.538828 169843 ssyrk ssyrk CUDA1 1.365752 169883 40
CPU16 44.741774 169844 sgemm sgemm CUDA1 0.066825 169884 40
CPU15 44.626270 169845 sgemm sgemm CUDA2 1.080003 169885 40
CPU16 44.562243 169846 sgemm sgemm CUDA1 1.068179 169886 40
CPU14 45.081917 169847 sgemm sgemm CUDA2 1.080485 169887 40
CPU16 44.656572 169848 sgemm sgemm CUDA1 1.076477 169888 40
CPU4 44.764588 169849 sgemm sgemm CUDA1 1.206663 169889 40
CPU15 44.529148 169850 sgemm sgemm CUDA1 1.082362 169890 40
CPU2 44.588110 169851 sgemm sgemm CUDA0 1.063669 169891 40
CPU5 44.332613 169852 sgemm sgemm CUDA1 1.196606 169892 40
CPU3 44.986041 169853 sgemm sgemm CUDA1 1.083882 169893 40
CPU0 45.319829 169854 sgemm sgemm CUDA2 1.218805 169894 40
CPU4 45.100529 169855 sgemm sgemm CUDA3 1.203148 169895 40
CPU17 45.010335 169856 sgemm sgemm CUDA0 1.196111 169896 40
CPU9 44.895997 169857 sgemm sgemm CUDA1 1.070013 169897 40
CPU1 44.771869 169858 sgemm sgemm CUDA2 1.276247 169898 40
CPU15 44.872310 169859 sgemm sgemm CUDA2 1.079874 169899 40
CPU0 45.357412 169860 sgemm sgemm CUDA0 1.208583 169900 40
CPU10 44.875038 169861 sgemm sgemm CUDA0 1.061210 169901 40
CPU14 44.781231 169862 sgemm sgemm CUDA2 1.196293 169902 40
CPU19 44.707294 169863 sgemm sgemm CUDA1 12.072779 169903 40
CPU3 44.818883 169864 sgemm sgemm CUDA2 1.208123 169904 40
CPU7 45.103655 169865 sgemm sgemm CUDA1 1.084524 169905 40
CPU11 44.697867 169866 sgemm sgemm CUDA1 1.269875 169906 40
CPU0 44.796150 169867 sgemm sgemm CUDA1 1.204196 169907 40
CPU12 44.747928 169868 sgemm sgemm CUDA0 1.199875 169908 40
CPU14 44.389649 169869 sgemm sgemm CUDA1 1.208056 169909 40
CPU19 44.890550 169870 sgemm sgemm CUDA2 1.203099 169910 40
CPU3 44.839683 169871 sgemm sgemm CUDA1 1.084699 169911 40
CPU3 44.601367 169872 sgemm sgemm CUDA2 1.065686 169912 40
CPU1 44.872951 169873 sgemm sgemm CUDA2 1.083064 169913 40
CPU6 45.232991 169874 sgemm sgemm CUDA3 1.196401 169914 40
CPU16 44.770886 169875 sgemm sgemm CUDA2 1.199963 169915 40
CPU14 44.351241 169876 sgemm sgemm CUDA1 0.049433 169916 40
CPU2 44.789671 169877 sgemm sgemm CPU27 186.907398 169917 40
CPU3 44.802298 169878 sgemm sgemm CUDA1 1.064589 169918 40
CPU0 45.632035 169879 sgemm sgemm CUDA1 12.181918 169919 40
CPU1 44.626781 169880 sgemm sgemm CUDA0 1.067029 169920 40
CPU8 44.749759 169881 sgemm sgemm CUDA2 11.721075 169921 40
CPU8 44.990499 169882 sgemm sgemm CPU25 230.356430 169922 40
CPU10 45.334739 169883 sgemm sgemm CUDA1 1.317998 169923 40
CPU15 24.562109 169884 ssyrk ssyrk CUDA1 0.683322 169924 40
CPU15 44.862410 169885 sgemm sgemm CUDA0 1.207765 169925 40
CPU17 44.649205 169886 sgemm sgemm CUDA0 1.210865 169926 40
CPU5 45.106075 169887 sgemm sgemm CUDA0 1.207635 169927 40
CPU15 44.746101 169888 sgemm sgemm CUDA3 1.209275 169928 40
CPU8 44.620537 169889 sgemm sgemm CUDA3 1.202940 169929 40
CPU15 44.507437 169890 sgemm sgemm CUDA1 1.204966 169930 40
CPU14 44.655769 169891 sgemm sgemm CUDA3 0.046041 169931 40
CPU2 44.739333 169892 sgemm sgemm CUDA2 1.067001 169932 40
CPU17 44.672489 169893 sgemm sgemm CUDA0 1.194103 169933 40
CPU9 44.732444 169894 sgemm sgemm CUDA0 0.106074 169934 40
CPU9 44.912479 169895 sgemm sgemm CUDA3 1.067869 169935 40
CPU18 44.689387 169896 sgemm sgemm CUDA3 12.105932 169936 40
CPU14 44.830043 169897 sgemm sgemm CUDA1 1.105559 169937 40
CPU18 44.953943 169898 sgemm sgemm CUDA2 1.205272 169938 40
CPU14 44.969738 169899 sgemm sgemm CUDA3 1.193199 169939 40
CPU8 44.968175 169900 sgemm sgemm CUDA0 1.065959 169940 40
CPU12 44.814751 169901 sgemm sgemm CUDA3 4.810856 169941 40
CPU14 44.925668 169902 sgemm sgemm CUDA3 1.209285 169942 40
CPU19 44.601262 169903 sgemm sgemm CUDA2 1.067119 169943 40
CPU5 44.736544 169904 sgemm sgemm CUDA2 1.065633 169944 40
CPU9 44.836219 169905 sgemm sgemm CUDA2 1.320483 169945 40
CPU6 45.241321 169906 sgemm sgemm CUDA3 0.096856 169946 40
CPU2 45.029592 169907 sgemm sgemm CUDA3 1.202108 169947 40
CPU19 44.789626 169908 sgemm sgemm CUDA3 1.195522 169948 40
CPU10 44.672199 169909 sgemm sgemm CUDA2 1.298220 169949 40
CPU2 45.268486 169910 sgemm sgemm CUDA2 1.190848 169950 40
CPU11 44.459460 169911 sgemm sgemm CUDA3 1.020648 169951 40
CPU17 44.899222 169912 sgemm sgemm CUDA1 1.191347 169952 40
CPU17 44.463671 169913 sgemm sgemm CUDA1 1.067530 169953 40
CPU15 45.057154 169914 sgemm sgemm CUDA3 1.192771 169954 40
CPU17 45.046978 169915 sgemm sgemm CUDA0 1.066912 169955 40
CPU3 44.964761 169916 sgemm sgemm CUDA3 1.085677 169956 40
CPU7 44.977820 169917 sgemm sgemm CUDA2 1.068757 169957 40
CPU18 44.862138 169918 sgemm sgemm CUDA0 1.201343 169958 40
CPU14 44.772108 169919 sgemm sgemm CUDA0 1.077724 169959 40
CPU14 45.002108 169920 sgemm sgemm CUDA0 1.209544 169960 40
CPU14 44.780375 169921 sgemm sgemm CUDA2 11.780582 169961 40
CPU14 44.939591 169922 sgemm sgemm CPU26 177.673619 169962 40
CPU14 44.810700 169923 sgemm sgemm CUDA1 1.059918 169963 40
CPU16 24.521790 169924 ssyrk ssyrk CUDA2 0.678729 169964 40
CPU15 44.497497 169925 sgemm sgemm CUDA3 1.308334 169965 40
CPU4 45.249115 169926 sgemm sgemm CUDA0 1.081069 169966 40
CPU7 44.855231 169927 sgemm sgemm CUDA3 1.197020 169967 40
CPU9 44.689124 169928 sgemm sgemm CUDA0 1.067720 169968 40
CPU14 44.674013 169929 sgemm sgemm CUDA3 1.199467 169969 40
CPU14 44.743722 169930 sgemm sgemm CUDA3 1.065797 169970 40
CPU0 45.256713 169931 sgemm sgemm CUDA0 1.202501 169971 40
CPU4 45.211147 169932 sgemm sgemm CUDA3 12.411170 169972 40
CPU6 45.151532 169933 sgemm sgemm CUDA2 1.196059 169973 40
CPU7 44.916838 169934 sgemm sgemm CUDA3 12.310089 169974 40
CPU16 44.793245 169935 sgemm sgemm CUDA3 0.042556 169975 40
CPU11 44.796769 169936 sgemm sgemm CUDA3 1.195165 169976 40
CPU12 45.064952 169937 sgemm sgemm CUDA3 1.065875 169977 40
CPU15 44.952839 169938 sgemm sgemm CUDA3 1.199005 169978 40
CPU2 45.074782 169939 sgemm sgemm CUDA0 1.065413 169979 40
CPU10 44.873959 169940 sgemm sgemm CUDA3 12.781084 169980 40
CPU2 44.922641 169941 sgemm sgemm CUDA2 1.180909 169981 40
CPU2 44.963807 169942 sgemm sgemm CUDA2 1.068248 169982 40
CPU12 44.877222 169943 sgemm sgemm CUDA2 1.077040 169983 40
CPU4 45.087968 169944 sgemm sgemm CUDA3 0.062446 169984 40
CPU3 44.941112 169945 sgemm sgemm CUDA3 1.314701 169985 40
CPU4 44.967592 169946 sgemm sgemm CUDA3 1.191062 169986 40
CPU2 44.919934 169947 sgemm sgemm CUDA3 1.070130 169987 40
CPU11 44.634990 169948 sgemm sgemm CUDA2 1.205558 169988 40
CPU3 45.073864 169949 sgemm sgemm CUDA2 1.067678 169989 40
CPU6 45.307035 169950 sgemm sgemm CUDA1 1.065786 169990 40
CPU3 44.423410 169951 sgemm sgemm CUDA1 1.207415 169991 40
CPU1 45.184316 169952 sgemm sgemm CUDA2 1.079407 169992 40
CPU14 45.170887 169953 sgemm sgemm CUDA3 1.197413 169993 40
CPU15 44.745731 169954 sgemm sgemm CUDA0 1.191394 169994 40
CPU8 44.839641 169955 sgemm sgemm CUDA3 1.077296 169995 40
CPU5 44.854805 169956 sgemm sgemm CUDA2 1.068970 169996 40
CPU2 44.821573 169957 sgemm sgemm CUDA0 1.011962 169997 40
CPU2 45.304812 169958 sgemm sgemm CUDA1 1.065924 169998 40
CPU7 44.965868 169959 sgemm sgemm CUDA0 1.060683 169999 40
CPU8 44.868986 169960 sgemm sgemm CUDA2 0.062027 170000 40
CPU9 44.875561 169961 sgemm sgemm CPU27 208.351351 170001 40
CPU9 44.892241 169962 sgemm sgemm CUDA1 1.066044 170002 40
CPU17 25.118155 169963 ssyrk ssyrk CUDA3 0.673623 170003 40
CPU17 44.705195 169964 sgemm sgemm CUDA0 1.201370 170004 40
CPU16 44.487636 169965 sgemm sgemm CUDA3 1.191638 170005 40
CPU4 45.119202 169966 sgemm sgemm CUDA0 13.630427 170006 40
CPU15 45.583456 169967 sgemm sgemm CUDA1 9.707570 170007 40
CPU14 44.692712 169968 sgemm sgemm CUDA1 1.204995 170008 40
CPU0 45.278938 169969 sgemm sgemm CUDA0 0.053512 170009 40
CPU10 44.768456 169970 sgemm sgemm CUDA0 1.191549 170010 40
CPU7 44.715198 169971 sgemm sgemm CUDA0 1.319400 170011 40
CPU0 45.534835 169972 sgemm sgemm CUDA1 1.062683 170012 40
CPU17 44.857033 169973 sgemm sgemm CUDA3 1.301570 170013 40
CPU14 44.816804 169974 sgemm sgemm CUDA3 1.197825 170014 40
CPU9 44.610294 169975 sgemm sgemm CUDA0 1.062905 170015 40
CPU16 44.983460 169976 sgemm sgemm CUDA3 1.194551 170016 40
CPU6 45.194379 169977 sgemm sgemm CUDA0 1.064572 170017 40
CPU11 44.861675 169978 sgemm sgemm CUDA0 1.065963 170018 40
CPU15 44.597303 169979 sgemm sgemm CUDA3 1.081881 170019 40
CPU19 44.576338 169980 sgemm sgemm CUDA1 1.083137 170020 40
CPU8 44.954572 169981 sgemm sgemm CUDA3 0.057718 170021 40
CPU5 45.003172 169982 sgemm sgemm CUDA3 1.197198 170022 40
CPU1 45.212156 169983 sgemm sgemm CUDA1 0.053132 170023 40
CPU6 45.028290 169984 sgemm sgemm CUDA1 1.060181 170024 40
CPU11 44.924659 169985 sgemm sgemm CUDA3 1.372823 170025 40
CPU11 44.538122 169986 sgemm sgemm CUDA1 1.078682 170026 40
CPU10 44.957987 169987 sgemm sgemm CUDA1 1.079284 170027 40
CPU18 44.778643 169988 sgemm sgemm CUDA3 13.172909 170028 40
CPU19 45.048843 169989 sgemm sgemm CUDA1 1.082242 170029 40
CPU16 44.708593 169990 sgemm sgemm CUDA1 1.066007 170030 40
CPU10 45.002303 169991 sgemm sgemm CUDA1 1.081230 170031 40
CPU18 44.725636 169992 sgemm sgemm CUDA0 12.530711 170032 40
CPU16 44.898471 169993 sgemm sgemm CUDA3 1.064717 170033 40
CPU16 44.972457 169994 sgemm sgemm CUDA2 1.195826 170034 40
CPU15 45.004678 169995 sgemm sgemm CUDA1 1.142707 170035 40
CPU16 44.780254 169996 sgemm sgemm CUDA1 1.207311 170036 40
CPU7 44.916033 169997 sgemm sgemm CUDA0 1.208159 170037 40
CPU12 44.758587 169998 sgemm sgemm CUDA3 1.064504 170038 40
CPU0 45.177401 169999 sgemm sgemm CUDA1 1.208505 170039 40
CPU4 45.096800 170000 sgemm sgemm CUDA0 1.023840 170040 40
CPU3 24.956484 170001 ssyrk ssyrk CUDA3 12.110989 170041 40
CPU11 45.009229 170002 sgemm sgemm CUDA2 0.120194 170042 40
CPU2 44.151548 170003 sgemm sgemm CUDA0 1.193679 170043 40
CPU15 45.668657 170004 sgemm sgemm CUDA1 12.010375 170044 40
CPU3 44.930331 170005 sgemm sgemm CUDA1 1.242741 170045 40
CPU9 45.205995 170006 sgemm sgemm CUDA0 0.072414 170046 40
CPU9 44.613333 170007 sgemm sgemm CUDA3 0.042836 170047 40
CPU4 45.138689 170008 sgemm sgemm CUDA2 1.265225 170048 40
CPU9 44.819402 170009 sgemm sgemm CUDA1 1.203424 170049 40
CPU16 44.962932 170010 sgemm sgemm CUDA3 1.212554 170050 40
CPU14 45.034598 170011 sgemm sgemm CUDA3 1.064773 170051 40
CPU0 46.060745 170012 sgemm sgemm CUDA2 1.196763 170052 40
CPU14 45.356795 170013 sgemm sgemm CUDA1 0.057729 170053 40
CPU0 45.117880 170014 sgemm sgemm CUDA1 1.208491 170054 40
CPU12 45.295128 170015 sgemm sgemm CUDA2 0.096460 170055 40
CPU15 45.091661 170016 sgemm sgemm CUDA3 13.035386 170056 40
CPU19 44.864867 170017 sgemm sgemm CUDA1 1.195929 170057 40
CPU8 44.520354 170018 sgemm sgemm CUDA1 1.193190 170058 40
CPU1 44.731335 170019 sgemm sgemm CUDA3 1.082531 170059 40
CPU3 44.995909 170020 sgemm sgemm CUDA1 1.496242 170060 40
CPU6 44.925464 170021 sgemm sgemm CUDA3 1.194853 170061 40
CPU14 44.639171 170022 sgemm sgemm CUDA2 1.367034 170062 40
CPU7 44.809090 170023 sgemm sgemm CUDA1 1.067862 170063 40
CPU18 44.961571 170024 sgemm sgemm CUDA1 1.063769 170064 40
CPU1 44.927677 170025 sgemm sgemm CUDA1 1.192901 170065 40
CPU2 44.477867 170026 sgemm sgemm CUDA1 1.066670 170066 40
CPU17 44.819400 170027 sgemm sgemm CUDA1 1.034144 170067 40
CPU3 44.777614 170028 sgemm sgemm CUDA1 1.210074 170068 40
CPU15 45.031065 170029 sgemm sgemm CUDA0 0.041639 170069 40
CPU2 44.654792 170030 sgemm sgemm CUDA1 1.316475 170070 40
CPU7 44.925536 170031 sgemm sgemm CUDA2 1.197785 170071 40
CPU4 44.845134 170032 sgemm sgemm CUDA0 1.144801 170072 40
CPU9 44.723037 170033 sgemm sgemm CUDA3 1.214502 170073 40
CPU7 44.611601 170034 sgemm sgemm CUDA0 1.196605 170074 40
CPU2 44.915697 170035 sgemm sgemm CUDA0 1.064862 170075 40
CPU6 45.020836 170036 sgemm sgemm CUDA1 1.075130 170076 40
CPU0 45.118308 170037 sgemm sgemm CUDA0 1.079081 170077 40
CPU0 25.521922 170038 ssyrk ssyrk CUDA2 0.909853 170078 40
CPU8 44.551177 170039 sgemm sgemm CUDA1 12.203658 170079 40
CPU14 44.605289 170040 sgemm sgemm CUDA1 11.873376 170080 40
CPU14 44.741516 170041 sgemm sgemm CUDA1 0.067495 170081 40
CPU6 45.212937 170042 sgemm sgemm CUDA3 1.081938 170082 40
CPU5 44.782273 170043 sgemm sgemm CUDA1 1.078168 170083 40
CPU12 44.851326 170044 sgemm sgemm CUDA2 0.107597 170084 40
CPU9 44.938739 170045 sgemm sgemm CUDA1 1.211320 170085 40
CPU15 44.744829 170046 sgemm sgemm CUDA3 1.066712 170086 40
CPU11 44.780840 170047 sgemm sgemm CUDA2 10.500043 170087 40
CPU10 45.129584 170048 sgemm sgemm CUDA2 1.197555 170088 40
CPU14 45.257815 170049 sgemm sgemm CUDA0 1.212959 170089 40
CPU9 44.992088 170050 sgemm sgemm CUDA1 1.194339 170090 40
CPU1 44.906700 170051 sgemm sgemm CUDA0 1.066816 170091 40
CPU18 44.658646 170052 sgemm sgemm CUDA2 1.208467 170092 40
CPU11 44.680447 170053 sgemm sgemm CUDA0 1.207958 170093 40
CPU9 44.685806 170054 sgemm sgemm CUDA2 0.040471 170094 40
CPU7 45.478251 170055 sgemm sgemm CUDA3 1.210656 170095 40
CPU6 45.262700 170056 sgemm sgemm CUDA2 11.888029 170096 40
CPU3 45.122333 170057 sgemm sgemm CUDA1 0.066429 170097 40
CPU0 45.439623 170058 sgemm sgemm CUDA2 0.153793 170098 40
CPU3 45.008365 170059 sgemm sgemm CUDA3 0.044534 170099 40
CPU6 45.369735 170060 sgemm sgemm CUDA2 1.202010 170100 40
CPU5 45.095768 170061 sgemm sgemm CUDA1 1.082391 170101 40
CPU7 44.966009 170062 sgemm sgemm CUDA1 1.065802 170102 40
CPU0 45.643763 170063 sgemm sgemm CUDA2 1.295764 170103 40
CPU6 45.433960 170064 sgemm sgemm CUDA1 1.083867 170104 40
CPU17 44.966026 170065 sgemm sgemm CUDA0 1.305214 170105 40
CPU17 45.144437 170066 sgemm sgemm CUDA3 1.212960 170106 40
CPU18 44.538161 170067 sgemm sgemm CUDA1 1.344315 170107 40
CPU8 44.872329 170068 sgemm sgemm CUDA1 1.196546 170108 40
CPU1 45.204721 170069 sgemm sgemm CUDA3 1.297649 170109 40
CPU9 44.919557 170070 sgemm sgemm CUDA1 1.299823 170110 40
CPU5 44.892817 170071 sgemm sgemm CUDA2 0.065206 170111 40
CPU1 44.422360 170072 sgemm sgemm CUDA1 1.211490 170112 40
CPU4 44.711238 170073 sgemm sgemm CUDA1 1.193899 170113 40
CPU6 25.013466 170074 ssyrk ssyrk CUDA3 0.677502 170114 40
CPU1 45.222661 170075 sgemm sgemm CUDA1 1.205561 170115 40
CPU2 44.922451 170076 sgemm sgemm CUDA1 1.208104 170116 40
CPU11 44.620166 170077 sgemm sgemm CUDA2 1.075151 170117 40
CPU2 44.794465 170078 sgemm sgemm CUDA0 4.082498 170118 40
CPU1 44.983678 170079 sgemm sgemm CUDA0 1.204068 170119 40
CPU7 44.931559 170080 sgemm sgemm CUDA1 1.077336 170120 40
CPU17 44.870674 170081 sgemm sgemm CUDA3 1.211094 170121 40
CPU10 44.718627 170082 sgemm sgemm CUDA3 1.078473 170122 40
CPU5 44.729419 170083 sgemm sgemm CUDA2 1.065106 170123 40
CPU16 44.975779 170084 sgemm sgemm CUDA0 1.064224 170124 40
CPU3 45.038694 170085 sgemm sgemm CUDA2 1.069435 170125 40
CPU11 44.730641 170086 sgemm sgemm CUDA3 1.067560 170126 40
CPU12 45.166361 170087 sgemm sgemm CUDA2 1.080691 170127 40
CPU11 44.615316 170088 sgemm sgemm CUDA1 1.063456 170128 40
CPU4 44.868152 170089 sgemm sgemm CUDA1 1.209202 170129 40
CPU1 45.009854 170090 sgemm sgemm CUDA3 1.212033 170130 40
CPU6 45.248579 170091 sgemm sgemm CUDA2 1.194972 170131 40
CPU2 45.096623 170092 sgemm sgemm CUDA0 1.073728 170132 40
CPU18 44.573514 170093 sgemm sgemm CUDA2 0.092342 170133 40
CPU16 44.840270 170094 sgemm sgemm CUDA2 1.207177 170134 40
CPU2 44.969483 170095 sgemm sgemm CUDA1 1.197805 170135 40
CPU0 45.262983 170096 sgemm sgemm CUDA1 1.082381 170136 40
CPU7 44.924148 170097 sgemm sgemm CUDA2 1.065531 170137 40
CPU9 45.141985 170098 sgemm sgemm CUDA1 1.065715 170138 40
CPU3 44.629859 170099 sgemm sgemm CUDA1 0.046274 170139 40
CPU16 44.847112 170100 sgemm sgemm CUDA1 1.066443 170140 40
CPU12 45.008716 170101 sgemm sgemm CUDA1 1.062959 170141 40
CPU1 44.984966 170102 sgemm sgemm CUDA2 1.302463 170142 40
CPU6 44.838057 170103 sgemm sgemm CUDA1 1.021330 170143 40
CPU5 45.157808 170104 sgemm sgemm CUDA0 1.064081 170144 40
CPU4 44.590347 170105 sgemm sgemm CUDA2 1.209057 170145 40
CPU8 44.841045 170106 sgemm sgemm CUDA2 1.448636 170146 40
CPU13 45.044690 170107 sgemm sgemm CUDA1 12.407245 170147 40
CPU6 44.965078 170108 sgemm sgemm CUDA0 12.237373 170148 40
CPU14 24.893446 170109 ssyrk ssyrk CUDA3 12.526493 170149 40
CPU14 44.839138 170110 sgemm sgemm CUDA0 1.203647 170150 40
CPU14 44.765080 170111 sgemm sgemm CUDA0 1.064596 170151 40
CPU4 45.058254 170112 sgemm sgemm CUDA0 0.045900 170152 40
CPU15 45.612023 170113 sgemm sgemm CUDA2 1.080958 170153 40
CPU14 44.784378 170114 sgemm sgemm CUDA1 1.077325 170154 40
CPU16 44.639282 170115 sgemm sgemm CUDA1 1.455006 170155 40
CPU8 45.057311 170116 sgemm sgemm CUDA1 1.078233 170156 40
CPU17 44.901400 170117 sgemm sgemm CUDA2 1.200277 170157 40
CPU16 44.664680 170118 sgemm sgemm CUDA3 1.211986 170158 40
CPU6 45.317367 170119 sgemm sgemm CUDA2 1.203860 170159 40
CPU5 44.711909 170120 sgemm sgemm CUDA3 0.052809 170160 40
CPU14 44.881606 170121 sgemm sgemm CUDA2 0.062837 170161 40
CPU19 44.695161 170122 sgemm sgemm CUDA0 1.066461 170162 40
CPU9 45.071164 170123 sgemm sgemm CUDA3 1.205258 170163 40
CPU12 44.758147 170124 sgemm sgemm CUDA3 1.203529 170164 40
CPU10 44.786629 170125 sgemm sgemm CUDA1 1.209225 170165 40
CPU18 44.450981 170126 sgemm sgemm CUDA1 3.727439 170166 40
CPU16 44.722168 170127 sgemm sgemm CUDA2 0.216963 170167 40
CPU1 45.140502 170128 sgemm sgemm CUDA3 1.193652 170168 40
CPU14 44.642145 170129 sgemm sgemm CUDA3 1.183135 170169 40
CPU16 44.563973 170130 sgemm sgemm CUDA1 1.064756 170170 40
CPU3 44.655132 170131 sgemm sgemm CUDA1 12.343675 170171 40
CPU19 44.633546 170132 sgemm sgemm CUDA3 1.195795 170172 40
CPU2 44.774945 170133 sgemm sgemm CUDA1 1.302119 170173 40
CPU15 44.948247 170134 sgemm sgemm CUDA2 1.066482 170174 40
CPU5 44.636059 170135 sgemm sgemm CUDA2 1.204278 170175 40
CPU0 45.464682 170136 sgemm sgemm CUDA1 1.065907 170176 40
CPU6 44.928429 170137 sgemm sgemm CUDA3 1.010730 170177 40
CPU17 44.905109 170138 sgemm sgemm CUDA1 1.193481 170178 40
CPU16 45.073503 170139 sgemm sgemm CUDA0 12.054737 170179 40
CPU16 44.852635 170140 sgemm sgemm CUDA2 0.057247 170180 40
CPU16 45.008320 170141 sgemm sgemm CUDA2 1.065916 170181 40
CPU16 44.898274 170142 sgemm sgemm CUDA1 1.062296 170182 40
CPU0 25.137735 170143 ssyrk ssyrk CUDA1 0.678562 170183 40
CPU14 44.686810 170144 sgemm sgemm CUDA1 1.209876 170184 40
CPU6 45.312819 170145 sgemm sgemm CUDA0 1.259333 170185 40
CPU1 44.437655 170146 sgemm sgemm CUDA0 1.205910 170186 40
CPU3 44.666976 170147 sgemm sgemm CUDA3 1.210188 170187 40
CPU15 44.711478 170148 sgemm sgemm CUDA1 10.404284 170188 40
CPU15 44.062993 170149 sgemm sgemm CUDA1 1.067137 170189 40
CPU11 44.791409 170150 sgemm sgemm CUDA3 1.068476 170190 40
CPU15 44.151168 170151 sgemm sgemm CUDA3 0.042454 170191 40
CPU1 45.261964 170152 sgemm sgemm CUDA1 12.149022 170192 40
CPU2 44.730180 170153 sgemm sgemm CUDA0 12.157042 170193 40
CPU10 44.857046 170154 sgemm sgemm CUDA0 1.066996 170194 40
CPU0 45.282894 170155 sgemm sgemm CUDA0 1.078634 170195 40
CPU3 44.726205 170156 sgemm sgemm CUDA3 1.223867 170196 40
CPU8 44.835920 170157 sgemm sgemm CUDA1 0.070742 170197 40
CPU1 44.817065 170158 sgemm sgemm CUDA1 1.055710 170198 40
CPU2 45.101965 170159 sgemm sgemm CUDA1 8.456773 170199 40
CPU11 44.556306 170160 sgemm sgemm CUDA1 1.083259 170200 40
CPU4 45.116920 170161 sgemm sgemm CUDA1 0.055785 170201 40
CPU10 44.726195 170162 sgemm sgemm CUDA3 1.206768 170202 40
CPU2 44.950495 170163 sgemm sgemm CUDA1 12.550670 170203 40
CPU12 45.192772 170164 sgemm sgemm CUDA1 0.043350 170204 40
CPU17 44.697256 170165 sgemm sgemm CUDA0 1.290139 170205 40
CPU9 45.050643 170166 sgemm sgemm CUDA3 1.207348 170206 40
CPU16 44.791296 170167 sgemm sgemm CUDA0 1.081388 170207 40
CPU10 44.961601 170168 sgemm sgemm CUDA1 1.062016 170208 40
CPU6 45.128746 170169 sgemm sgemm CUDA1 1.063023 170209 40
CPU11 44.885451 170170 sgemm sgemm CUDA1 1.078618 170210 40
CPU12 44.806836 170171 sgemm sgemm CUDA3 1.061513 170211 40
CPU10 45.082077 170172 sgemm sgemm CUDA3 0.045171 170212 40
CPU10 44.828173 170173 sgemm sgemm CUDA1 0.181284 170213 40
CPU0 45.489177 170174 sgemm sgemm CUDA1 0.052416 170214 40
CPU3 44.686522 170175 sgemm sgemm CUDA1 1.079603 170215 40
CPU6 24.866442 170176 ssyrk ssyrk CUDA0 0.682965 170216 40
CPU3 45.111402 170177 sgemm sgemm CUDA3 1.303907 170217 40
CPU1 44.854087 170178 sgemm sgemm CUDA0 1.065270 170218 40
CPU0 45.218182 170179 sgemm sgemm CUDA3 1.066807 170219 40
CPU18 44.556433 170180 sgemm sgemm CUDA3 1.084641 170220 40
CPU15 44.533052 170181 sgemm sgemm CUDA1 1.195448 170221 40
CPU17 45.057967 170182 sgemm sgemm CUDA0 1.191465 170222 40
CPU15 44.900594 170183 sgemm sgemm CUDA2 1.200284 170223 40
CPU7 45.189728 170184 sgemm sgemm CUDA1 0.045859 170224 40
CPU4 44.937517 170185 sgemm sgemm CUDA2 0.058566 170225 40
CPU14 44.858669 170186 sgemm sgemm CUDA2 1.068183 170226 40
CPU19 44.759879 170187 sgemm sgemm CUDA0 1.200538 170227 40
CPU17 45.010943 170188 sgemm sgemm CUDA2 1.196779 170228 40
CPU12 45.051395 170189 sgemm sgemm CUDA1 0.307774 170229 40
CPU3 45.059655 170190 sgemm sgemm CUDA3 1.208225 170230 40
CPU2 45.188038 170191 sgemm sgemm CUDA3 1.188147 170231 40
CPU3 45.030639 170192 sgemm sgemm CUDA0 1.209634 170232 40
CPU8 45.180925 170193 sgemm sgemm CUDA3 1.066463 170233 40
CPU11 44.605957 170194 sgemm sgemm CUDA1 1.073192 170234 40
CPU9 45.111486 170195 sgemm sgemm CUDA3 0.060782 170235 40
CPU3 44.434998 170196 sgemm sgemm CUDA2 1.065342 170236 40
CPU15 44.980254 170197 sgemm sgemm CUDA0 1.206004 170237 40
CPU7 44.933103 170198 sgemm sgemm CUDA3 12.630938 170238 40
CPU14 44.940684 170199 sgemm sgemm CUDA0 1.207116 170239 40
CPU6 44.771974 170200 sgemm sgemm CUDA2 1.073714 170240 40
CPU6 45.039566 170201 sgemm sgemm CUDA2 12.797488 170241 40
CPU17 45.096522 170202 sgemm sgemm CUDA1 0.043061 170242 40
CPU19 44.990891 170203 sgemm sgemm CUDA0 1.193725 170243 40
CPU15 45.013481 170204 sgemm sgemm CUDA0 1.293897 170244 40
CPU15 44.976097 170205 sgemm sgemm CUDA2 1.068668 170245 40
CPU15 44.961451 170206 sgemm sgemm CUDA2 1.201246 170246 40
CPU15 45.146794 170207 sgemm sgemm CUDA2 1.200898 170247 40
CPU6 24.949379 170208 ssyrk ssyrk CPU -1 170248 40
CPU8 44.738825 170209 sgemm sgemm CUDA2 1.067261 170249 40
CPU1 44.980850 170210 sgemm sgemm CUDA3 1.187062 170250 40
CPU12 44.721715 170211 sgemm sgemm CUDA1 1.204354 170251 40
CPU11 44.654201 170212 sgemm sgemm CUDA3 1.197585 170252 40
CPU0 45.304443 170213 sgemm sgemm CUDA2 1.079532 170253 40
CPU15 45.018524 170214 sgemm sgemm CUDA1 1.067836 170254 40
CPU9 44.965305 170215 sgemm sgemm CUDA2 1.066256 170255 40
CPU8 44.382159 170216 sgemm sgemm CUDA0 1.062366 170256 40
CPU16 44.658313 170217 sgemm sgemm CUDA2 1.068731 170257 40
CPU19 44.820756 170218 sgemm sgemm CUDA1 1.197310 170258 40
CPU8 44.607064 170219 sgemm sgemm CUDA2 1.081306 170259 40
CPU3 44.900479 170220 sgemm sgemm CUDA3 1.204796 170260 40
CPU17 44.733261 170221 sgemm sgemm CUDA2 1.204170 170261 40
CPU3 44.875520 170222 sgemm sgemm CUDA2 1.067469 170262 40
CPU15 44.451675 170223 sgemm sgemm CUDA2 10.635896 170263 40
CPU9 44.996078 170224 sgemm sgemm CUDA2 1.205129 170264 40
CPU14 44.705025 170225 sgemm sgemm CUDA3 1.082571 170265 40
CPU15 44.603194 170226 sgemm sgemm CUDA3 0.048323 170266 40
CPU3 44.627529 170227 sgemm sgemm CUDA1 1.304560 170267 40
CPU7 44.620083 170228 sgemm sgemm CUDA0 1.194953 170268 40
CPU9 44.943773 170229 sgemm sgemm CUDA2 1.065698 170269 40
CPU14 44.970869 170230 sgemm sgemm CUDA0 1.195446 170270 40
CPU0 44.974940 170231 sgemm sgemm CUDA1 1.193796 170271 40
CPU4 45.118384 170232 sgemm sgemm CUDA2 0.051662 170272 40
CPU11 44.749611 170233 sgemm sgemm CUDA0 1.152549 170273 40
CPU19 44.884605 170234 sgemm sgemm CUDA0 1.085107 170274 40
CPU19 45.096454 170235 sgemm sgemm CUDA0 1.080334 170275 40
CPU14 44.768080 170236 sgemm sgemm CUDA0 1.066524 170276 40
CPU16 44.868186 170237 sgemm sgemm CUDA2 0.043237 170277 40
CPU18 44.806802 170238 sgemm sgemm CUDA2 1.066703 170278 40
CPU17 24.752530 170239 ssyrk ssyrk CUDA0 4.803048 170279 40
CPU0 45.160314 170240 sgemm sgemm CUDA0 12.269719 170280 40
CPU16 44.668684 170241 sgemm sgemm CUDA1 0.071650 170281 40
CPU12 45.578356 170242 sgemm sgemm CUDA1 1.067801 170282 40
CPU8 44.441799 170243 sgemm sgemm CUDA2 1.084192 170283 40
CPU16 44.730073 170244 sgemm sgemm CUDA2 1.064328 170284 40
CPU6 44.453347 170245 sgemm sgemm CUDA2 1.066297 170285 40
CPU17 44.982731 170246 sgemm sgemm CUDA0 1.423206 170286 40
CPU14 44.902264 170247 sgemm sgemm CUDA0 1.080703 170287 40
CPU12 44.776432 170248 sgemm sgemm CUDA0 16.892271 170288 40
CPU4 44.959626 170249 sgemm sgemm CUDA2 1.066426 170289 40
CPU4 44.832790 170250 sgemm sgemm CUDA1 1.210705 170290 40
CPU13 44.800233 170251 sgemm sgemm CUDA2 0.046596 170291 40
CPU5 44.805142 170252 sgemm sgemm CUDA1 1.189431 170292 40
CPU17 44.758478 170253 sgemm sgemm CUDA1 1.067356 170293 40
CPU2 45.137222 170254 sgemm sgemm CUDA1 1.208372 170294 40
CPU15 44.800635 170255 sgemm sgemm CUDA1 12.243740 170295 40
CPU18 44.540860 170256 sgemm sgemm CUDA2 1.206169 170296 40
CPU17 44.968300 170257 sgemm sgemm CUDA2 1.208941 170297 40
CPU14 44.550096 170258 sgemm sgemm CUDA0 1.201259 170298 40
CPU7 45.096077 170259 sgemm sgemm CUDA1 1.083342 170299 40
CPU7 44.977036 170260 sgemm sgemm CUDA2 1.212387 170300 40
CPU19 45.370060 170261 sgemm sgemm CUDA2 1.064951 170301 40
CPU18 44.810911 170262 sgemm sgemm CUDA2 1.291498 170302 40
CPU17 44.990328 170263 sgemm sgemm CUDA0 1.189798 170303 40
CPU18 44.742224 170264 sgemm sgemm CUDA1 1.205186 170304 40
CPU19 45.150471 170265 sgemm sgemm CUDA2 1.441975 170305 40
CPU8 44.842578 170266 sgemm sgemm CUDA1 11.705406 170306 40
CPU4 45.001056 170267 sgemm sgemm CUDA1 4.982322 170307 40
CPU6 44.867373 170268 sgemm sgemm CUDA2 1.084896 170308 40
CPU0 25.111687 170269 ssyrk ssyrk CPU -1 170309 40
CPU17 44.808688 170270 sgemm sgemm CUDA3 1.071464 170310 40
CPU14 44.891151 170271 sgemm sgemm CUDA0 1.300924 170311 40
CPU17 44.915617 170272 sgemm sgemm CUDA0 1.209407 170312 40
CPU14 45.082040 170273 sgemm sgemm CUDA1 0.066602 170313 40
CPU1 44.871730 170274 sgemm sgemm CUDA1 1.347685 170314 40
CPU19 44.969331 170275 sgemm sgemm CUDA2 1.028396 170315 40
CPU15 44.627081 170276 sgemm sgemm CUDA3 1.066158 170316 40
CPU19 44.826787 170277 sgemm sgemm CUDA0 0.040485 170317 40
CPU5 44.826644 170278 sgemm sgemm CUDA3 1.085109 170318 40
CPU6 44.797889 170279 sgemm sgemm CUDA2 1.038697 170319 40
CPU0 45.526746 170280 sgemm sgemm CUDA1 1.309181 170320 40
CPU0 45.534723 170281 sgemm sgemm CUDA1 1.206044 170321 40
CPU10 45.186324 170282 sgemm sgemm CUDA2 1.456349 170322 40
CPU9 45.188682 170283 sgemm sgemm CUDA3 1.210748 170323 40
CPU8 45.087570 170284 sgemm sgemm CUDA3 1.081096 170324 40
CPU3 45.002607 170285 sgemm sgemm CUDA2 1.084860 170325 40
CPU16 44.795716 170286 sgemm sgemm CUDA2 1.081481 170326 40
CPU19 44.910259 170287 sgemm sgemm CUDA0 1.063612 170327 40
CPU0 44.700406 170288 sgemm sgemm CUDA2 12.571860 170328 40
CPU9 44.862983 170289 sgemm sgemm CUDA2 1.081584 170329 40
CPU0 45.372278 170290 sgemm sgemm CUDA3 1.067848 170330 40
CPU9 45.074545 170291 sgemm sgemm CUDA2 1.209232 170331 40
CPU1 45.006180 170292 sgemm sgemm CPU -1 170332 40
CPU6 45.100620 170293 sgemm sgemm CUDA3 1.194968 170333 40
CPU7 44.674938 170294 sgemm sgemm CUDA3 1.059165 170334 40
CPU0 45.152729 170295 sgemm sgemm CUDA0 1.072101 170335 40
CPU1 44.847502 170296 sgemm sgemm CPU28 155.711763 170336 40
CPU8 44.872266 170297 sgemm sgemm CUDA0 0.042535 170337 40
CPU17 24.778004 170298 ssyrk ssyrk CPU -1 170338 40
CPU19 44.799728 170299 sgemm sgemm CUDA1 0.956084 170339 40
CPU15 44.752415 170300 sgemm sgemm CUDA1 1.175701 170340 40
CPU18 45.105164 170301 sgemm sgemm CUDA3 1.062871 170341 40
CPU7 44.929952 170302 sgemm sgemm CUDA0 1.196053 170342 40
CPU3 44.694035 170303 sgemm sgemm CUDA3 1.066013 170343 40
CPU16 44.617820 170304 sgemm sgemm CUDA0 1.074021 170344 40
CPU19 44.812743 170305 sgemm sgemm CUDA1 1.205511 170345 40
CPU6 44.877901 170306 sgemm sgemm CUDA3 1.082080 170346 40
CPU7 45.110910 170307 sgemm sgemm CUDA1 1.075757 170347 40
CPU18 44.781835 170308 sgemm sgemm CUDA1 12.219252 170348 40
CPU5 45.041733 170309 sgemm sgemm CUDA1 0.059534 170349 40
CPU18 44.529238 170310 sgemm sgemm CUDA1 1.367706 170350 40
CPU17 44.650514 170311 sgemm sgemm CUDA3 1.198666 170351 40
CPU8 44.946760 170312 sgemm sgemm CUDA1 0.072047 170352 40
CPU5 45.010949 170313 sgemm sgemm CUDA2 6.796049 170353 40
CPU9 44.745745 170314 sgemm sgemm CUDA1 1.067085 170354 40
CPU16 44.479308 170315 sgemm sgemm CUDA1 1.207438 170355 40
CPU17 44.910706 170316 sgemm sgemm CUDA3 1.296066 170356 40
CPU16 44.795586 170317 sgemm sgemm CUDA0 1.064790 170357 40
CPU0 44.876994 170318 sgemm sgemm CUDA3 1.196623 170358 40
CPU2 44.897838 170319 sgemm sgemm CUDA1 1.082696 170359 40
CPU17 44.811977 170320 sgemm sgemm CPU -1 170360 40
CPU16 44.521714 170321 sgemm sgemm CUDA1 1.203298 170361 40
CPU10 45.064952 170322 sgemm sgemm CUDA1 1.212744 170362 40
CPU6 45.284763 170323 sgemm sgemm CUDA2 1.083131 170363 40
CPU1 44.757018 170324 sgemm sgemm CUDA1 0.042040 170364 40
CPU9 44.532127 170325 sgemm sgemm CUDA2 1.064018 170365 40
CPU16 24.759482 170326 ssyrk ssyrk CUDA1 0.770236 170366 40
CPU15 44.820444 170327 sgemm sgemm CUDA1 1.210612 170367 40
CPU14 45.010740 170328 sgemm sgemm CUDA3 1.299798 170368 40
CPU3 44.933058 170329 sgemm sgemm CUDA2 1.204561 170369 40
CPU12 45.137565 170330 sgemm sgemm CUDA3 0.045486 170370 40
CPU11 44.526211 170331 sgemm sgemm CUDA0 12.454132 170371 40
CPU1 45.034464 170332 sgemm sgemm CUDA0 1.372129 170372 40
CPU10 44.977629 170333 sgemm sgemm CUDA2 1.194962 170373 40
CPU18 45.110954 170334 sgemm sgemm CUDA1 12.436677 170374 40
CPU4 45.203471 170335 sgemm sgemm CUDA3 1.200604 170375 40
CPU3 45.109658 170336 sgemm sgemm CUDA3 1.074200 170376 40
CPU8 45.491500 170337 sgemm sgemm CUDA2 11.706516 170377 40
CPU0 45.344090 170338 sgemm sgemm CUDA2 12.954463 170378 40
CPU15 44.635197 170339 sgemm sgemm CUDA0 1.065537 170379 40
CPU7 45.175428 170340 sgemm sgemm CUDA2 0.042682 170380 40
CPU10 45.189889 170341 sgemm sgemm CUDA2 1.199600 170381 40
CPU11 44.382242 170342 sgemm sgemm CUDA0 1.084922 170382 40
CPU12 45.023923 170343 sgemm sgemm CUDA2 1.310346 170383 40
CPU14 44.941199 170344 sgemm sgemm CUDA2 1.191347 170384 40
CPU10 44.979240 170345 sgemm sgemm CUDA3 12.291719 170385 40
CPU8 45.045273 170346 sgemm sgemm CUDA1 1.078489 170386 40
CPU1 44.959822 170347 sgemm sgemm CPU -1 170387 40
CPU14 44.586578 170348 sgemm sgemm CUDA0 1.208018 170388 40
CPU14 44.811095 170349 sgemm sgemm CUDA2 1.064116 170389 40
CPU14 44.549630 170350 sgemm sgemm CUDA2 1.343550 170390 40
CPU14 44.840195 170351 sgemm sgemm CPU29 168.239038 170391 40
CPU14 44.912272 170352 sgemm sgemm CUDA2 1.201507 170392 40
CPU7 24.986703 170353 ssyrk ssyrk CPU -1 170393 40
CPU15 44.716580 170354 sgemm sgemm CUDA3 1.207966 170394 40
CPU2 44.580978 170355 sgemm sgemm CUDA2 1.067311 170395 40
CPU9 44.594057 170356 sgemm sgemm CUDA0 1.083071 170396 40
CPU11 44.556067 170357 sgemm sgemm CUDA2 1.081593 170397 40
CPU10 44.965286 170358 sgemm sgemm CUDA0 0.987550 170398 40
CPU18 44.850414 170359 sgemm sgemm CUDA2 1.208789 170399 40
CPU10 44.915844 170360 sgemm sgemm CUDA2 1.203898 170400 40
CPU10 44.786239 170361 sgemm sgemm CUDA2 1.205858 170401 40
CPU15 44.642687 170362 sgemm sgemm CUDA3 1.076764 170402 40
CPU8 45.091518 170363 sgemm sgemm CUDA1 1.063434 170403 40
CPU8 44.927239 170364 sgemm sgemm CUDA3 1.065867 170404 40
CPU6 45.106878 170365 sgemm sgemm CUDA0 1.064788 170405 40
CPU18 44.663624 170366 sgemm sgemm CUDA2 1.317472 170406 40
CPU6 44.808167 170367 sgemm sgemm CUDA2 12.173476 170407 40
CPU12 44.683884 170368 sgemm sgemm CUDA2 1.211009 170408 40
CPU3 44.747532 170369 sgemm sgemm CUDA2 1.071040 170409 40
CPU9 44.619576 170370 sgemm sgemm CUDA3 12.091816 170410 40
CPU2 44.661323 170371 sgemm sgemm CUDA3 0.038499 170411 40
CPU3 44.816271 170372 sgemm sgemm CUDA1 1.200955 170412 40
CPU4 44.655339 170373 sgemm sgemm CUDA0 1.025163 170413 40
CPU9 44.958203 170374 sgemm sgemm CUDA0 1.207934 170414 40
CPU6 44.664208 170375 sgemm sgemm CUDA1 1.073918 170415 40
CPU6 45.063055 170376 sgemm sgemm CUDA0 1.207431 170416 40
CPU6 44.907055 170377 sgemm sgemm CUDA1 1.064413 170417 40
CPU6 44.438529 170378 sgemm sgemm CUDA1 1.196720 170418 40
CPU14 25.295264 170379 ssyrk ssyrk CUDA1 0.952881 170419 40
CPU16 44.860111 170380 sgemm sgemm CUDA0 1.064506 170420 40
CPU10 45.096351 170381 sgemm sgemm CUDA3 1.205832 170421 40
CPU6 45.208968 170382 sgemm sgemm CUDA0 1.348216 170422 40
CPU14 45.117543 170383 sgemm sgemm CUDA0 1.194035 170423 40
CPU18 45.096131 170384 sgemm sgemm CUDA0 1.084270 170424 40
CPU16 44.917262 170385 sgemm sgemm CUDA2 1.735837 170425 40
CPU19 44.989012 170386 sgemm sgemm CUDA2 8.489042 170426 40
CPU4 44.780714 170387 sgemm sgemm CUDA2 0.090229 170427 40
CPU14 45.171238 170388 sgemm sgemm CUDA0 1.204201 170428 40
CPU8 44.761660 170389 sgemm sgemm CUDA2 1.193004 170429 40
CPU1 44.899924 170390 sgemm sgemm CUDA0 1.081014 170430 40
CPU5 44.672628 170391 sgemm sgemm CUDA2 1.206915 170431 40
CPU3 44.435404 170392 sgemm sgemm CUDA2 0.050080 170432 40
CPU9 44.615310 170393 sgemm sgemm CUDA2 11.991039 170433 40
CPU9 44.749354 170394 sgemm sgemm CUDA3 1.194561 170434 40
CPU15 45.060331 170395 sgemm sgemm CUDA3 0.038792 170435 40
CPU17 44.977779 170396 sgemm sgemm CUDA2 1.210721 170436 40
CPU17 44.809450 170397 sgemm sgemm CUDA2 1.196757 170437 40
CPU11 44.952318 170398 sgemm sgemm CUDA1 1.317162 170438 40
CPU5 44.884498 170399 sgemm sgemm CUDA3 0.040221 170439 40
CPU1 44.473030 170400 sgemm sgemm CUDA3 1.207847 170440 40
CPU3 44.978174 170401 sgemm sgemm CUDA1 12.118602 170441 40
CPU2 44.777328 170402 sgemm sgemm CUDA1 1.204596 170442 40
CPU5 44.499986 170403 sgemm sgemm CUDA2 1.205009 170443 40
CPU4 25.294077 170404 ssyrk ssyrk CPU -1 170444 40
CPU6 44.650636 170405 sgemm sgemm CUDA2 1.193153 170445 40
CPU15 44.580602 170406 sgemm sgemm CUDA0 1.062764 170446 40
CPU4 45.016098 170407 sgemm sgemm CUDA0 1.214116 170447 40
CPU5 44.603186 170408 sgemm sgemm CUDA1 1.388108 170448 40
CPU3 44.900509 170409 sgemm sgemm CUDA1 1.197335 170449 40
CPU11 44.686996 170410 sgemm sgemm CUDA3 1.210146 170450 40
CPU2 44.436176 170411 sgemm sgemm CUDA3 1.067756 170451 40
CPU14 45.345986 170412 sgemm sgemm CUDA3 1.196801 170452 40
CPU12 44.574253 170413 sgemm sgemm CUDA3 1.080024 170453 40
CPU12 44.697647 170414 sgemm sgemm CUDA2 1.063678 170454 40
CPU11 44.611550 170415 sgemm sgemm CUDA1 0.043219 170455 40
CPU18 45.047341 170416 sgemm sgemm CUDA1 1.068540 170456 40
CPU19 44.815043 170417 sgemm sgemm CUDA2 12.346937 170457 40
CPU17 44.703631 170418 sgemm sgemm CUDA2 1.207725 170458 40
CPU11 44.888280 170419 sgemm sgemm CUDA3 1.205446 170459 40
CPU10 45.216101 170420 sgemm sgemm CUDA2 0.042783 170460 40
CPU0 45.306935 170421 sgemm sgemm CUDA2 1.068774 170461 40
CPU18 44.800342 170422 sgemm sgemm CPU12 193.258454 170462 40
CPU17 44.734526 170423 sgemm sgemm CUDA3 12.051297 170463 40
CPU15 45.334500 170424 sgemm sgemm CUDA3 1.192707 170464 40
CPU16 44.517682 170425 sgemm sgemm CUDA0 12.257632 170465 40
CPU15 45.043365 170426 sgemm sgemm CPU30 166.042891 170466 40
CPU16 44.814325 170427 sgemm sgemm CUDA2 12.285704 170467 40
CPU4 25.301976 170428 ssyrk ssyrk CUDA3 0.883110 170468 40
CPU14 44.869526 170429 sgemm sgemm CUDA3 1.188905 170469 40
CPU0 45.227830 170430 sgemm sgemm CUDA0 1.076695 170470 40
CPU10 44.894774 170431 sgemm sgemm CUDA3 1.078234 170471 40
CPU11 44.892738 170432 sgemm sgemm CUDA3 1.058261 170472 40
CPU14 44.784401 170433 sgemm sgemm CUDA3 1.206600 170473 40
CPU19 45.612140 170434 sgemm sgemm CUDA3 1.082916 170474 40
CPU7 45.186804 170435 sgemm sgemm CUDA0 0.051248 170475 40
CPU3 45.019841 170436 sgemm sgemm CUDA2 1.066047 170476 40
CPU15 44.757581 170437 sgemm sgemm CUDA2 1.209104 170477 40
CPU16 44.694343 170438 sgemm sgemm CUDA0 1.066684 170478 40
CPU14 44.876775 170439 sgemm sgemm CUDA2 1.347058 170479 40
CPU17 44.664134 170440 sgemm sgemm CUDA0 1.198448 170480 40
CPU8 44.858083 170441 sgemm sgemm CUDA3 1.214926 170481 40
CPU15 44.915093 170442 sgemm sgemm CUDA3 1.302013 170482 40
CPU17 45.231711 170443 sgemm sgemm CUDA3 1.321522 170483 40
CPU4 44.832592 170444 sgemm sgemm CPU28 187.714735 170484 40
CPU2 44.884578 170445 sgemm sgemm CPU35 173.622340 170485 40
CPU10 44.933017 170446 sgemm sgemm CUDA0 0.045948 170486 40
CPU13 45.265852 170447 sgemm sgemm CUDA2 1.063929 170487 40
CPU18 44.818588 170448 sgemm sgemm CUDA2 1.074238 170488 40
CPU13 45.032332 170449 sgemm sgemm CPU31 136.338200 170489 40
CPU13 45.089952 170450 sgemm sgemm CUDA0 1.268165 170490 40
CPU3 24.928279 170451 ssyrk ssyrk CPU -1 170491 40
CPU15 44.566991 170452 sgemm sgemm CUDA1 1.195267 170492 40
CPU17 44.866242 170453 sgemm sgemm CUDA3 0.042546 170493 40
CPU1 44.998726 170454 sgemm sgemm CUDA3 1.194977 170494 40
CPU9 45.155139 170455 sgemm sgemm CUDA3 1.192650 170495 40
CPU2 45.094753 170456 sgemm sgemm CUDA0 1.085479 170496 40
CPU7 45.060871 170457 sgemm sgemm CUDA0 1.055670 170497 40
CPU0 45.487447 170458 sgemm sgemm CUDA2 12.049196 170498 40
CPU0 45.532067 170459 sgemm sgemm CUDA0 1.202913 170499 40
CPU1 45.414031 170460 sgemm sgemm CUDA0 1.216616 170500 40
CPU0 45.015960 170461 sgemm sgemm CUDA1 1.081912 170501 40
CPU9 45.032757 170462 sgemm sgemm CUDA2 1.297136 170502 40
CPU2 45.230347 170463 sgemm sgemm CUDA3 1.208913 170503 40
CPU15 44.764140 170464 sgemm sgemm CUDA3 1.204660 170504 40
CPU4 44.936022 170465 sgemm sgemm CUDA0 1.204219 170505 40
CPU6 44.971227 170466 sgemm sgemm CUDA1 1.262208 170506 40
CPU18 44.758829 170467 sgemm sgemm CUDA0 12.054113 170507 40
CPU7 45.258113 170468 sgemm sgemm CUDA3 1.064961 170508 40
CPU4 44.910657 170469 sgemm sgemm CUDA1 1.067454 170509 40
CPU6 45.071044 170470 sgemm sgemm CUDA2 1.064585 170510 40
CPU2 45.025136 170471 sgemm sgemm CPU32 155.404146 170511 40
CPU2 44.826787 170472 sgemm sgemm CUDA0 1.144279 170512 40
CPU14 24.981581 170473 ssyrk ssyrk CPU -1 170513 40
CPU19 44.943435 170474 sgemm sgemm CUDA1 1.061853 170514 40
CPU12 44.565104 170475 sgemm sgemm CUDA1 1.066829 170515 40
CPU12 44.912299 170476 sgemm sgemm CUDA0 1.192174 170516 40
CPU16 44.578499 170477 sgemm sgemm CUDA0 2.535763 170517 40
CPU17 44.719971 170478 sgemm sgemm CUDA2 0.680856 170518 40
CPU5 44.954027 170479 sgemm sgemm CUDA0 11.138611 170519 40
CPU14 44.842510 170480 sgemm sgemm CUDA1 1.067802 170520 40
CPU19 44.677397 170481 sgemm sgemm CPU13 168.027496 170521 40
CPU3 44.663223 170482 sgemm sgemm CUDA2 1.205918 170522 40
CPU16 44.731106 170483 sgemm sgemm CPU -1 170523 40
CPU0 44.929442 170484 sgemm sgemm CPU -1 170524 40
CPU16 44.743297 170485 sgemm sgemm CPU10 145.161446 170525 40
CPU7 44.718939 170486 sgemm sgemm CUDA0 1.187743 170526 40
CPU8 44.690708 170487 sgemm sgemm CPU30 151.357105 170527 40
CPU1 44.872615 170488 sgemm sgemm CUDA2 1.204309 170528 40
CPU1 45.172077 170489 sgemm sgemm CPU11 153.299512 170529 40
CPU0 45.067230 170490 sgemm sgemm CPU12 180.661866 170530 40
CPU18 44.992879 170491 sgemm sgemm CPU13 128.247299 170531 40
CPU18 44.710723 170492 sgemm sgemm CPU33 165.636197 170532 40
CPU17 45.017946 170493 sgemm sgemm CPU14 186.846174 170533 40
CPU7 24.750078 170494 ssyrk ssyrk CPU -1 170534 40
CPU8 44.828722 170495 sgemm sgemm CUDA1 1.211083 170535 40
CPU15 44.816942 170496 sgemm sgemm CUDA1 1.189078 170536 40
CPU18 44.919196 170497 sgemm sgemm CUDA1 1.195640 170537 40
CPU6 45.158434 170498 sgemm sgemm CUDA0 1.077061 170538 40
CPU12 44.800472 170499 sgemm sgemm CUDA1 0.039592 170539 40
CPU16 44.639854 170500 sgemm sgemm CUDA2 1.066460 170540 40
CPU10 45.391094 170501 sgemm sgemm CUDA2 1.068120 170541 40
CPU11 44.934337 170502 sgemm sgemm CUDA3 1.240358 170542 40
CPU17 44.863207 170503 sgemm sgemm CUDA3 1.372696 170543 40
CPU19 45.034468 170504 sgemm sgemm CUDA3 1.066092 170544 40
CPU19 45.134937 170505 sgemm sgemm CUDA3 1.204074 170545 40
CPU16 45.166809 170506 sgemm sgemm CUDA0 1.299237 170546 40
CPU15 45.219955 170507 sgemm sgemm CUDA2 1.001172 170547 40
CPU15 45.234886 170508 sgemm sgemm CUDA2 1.152589 170548 40
CPU15 44.737301 170509 sgemm sgemm CUDA3 1.209787 170549 40
CPU15 45.269934 170510 sgemm sgemm CUDA1 1.073462 170550 40
CPU15 44.819949 170511 sgemm sgemm CUDA2 1.063011 170551 40
CPU14 45.145325 170512 sgemm sgemm CUDA1 1.066557 170552 40
CPU15 45.062100 170513 sgemm sgemm CPU15 204.031536 170553 40
CPU9 24.646770 170514 ssyrk ssyrk CUDA2 0.689783 170554 40
CPU6 45.136722 170515 sgemm sgemm CUDA1 1.193803 170555 40
CPU8 45.338002 170516 sgemm sgemm CUDA2 1.209724 170556 40
CPU4 45.108414 170517 sgemm sgemm CUDA1 0.297235 170557 40
CPU18 44.630687 170518 sgemm sgemm CUDA3 1.064548 170558 40
CPU6 45.419319 170519 sgemm sgemm CUDA3 1.067088 170559 40
CPU8 45.069988 170520 sgemm sgemm CUDA2 1.065649 170560 40
CPU4 44.906199 170521 sgemm sgemm CUDA3 1.003424 170561 40
CPU5 44.963910 170522 sgemm sgemm CUDA3 1.211617 170562 40
CPU8 45.054532 170523 sgemm sgemm CUDA1 1.202661 170563 40
CPU16 44.895802 170524 sgemm sgemm CUDA3 1.207122 170564 40
CPU9 44.682825 170525 sgemm sgemm CUDA0 0.045419 170565 40
CPU2 44.883425 170526 sgemm sgemm CUDA2 1.076783 170566 40
CPU0 44.963965 170527 sgemm sgemm CUDA2 1.078669 170567 40
CPU16 44.811990 170528 sgemm sgemm CUDA1 1.302560 170568 40
CPU18 45.129742 170529 sgemm sgemm CUDA3 12.324476 170569 40
CPU2 44.949619 170530 sgemm sgemm CUDA2 1.191886 170570 40
CPU9 45.005593 170531 sgemm sgemm CUDA1 1.194112 170571 40
CPU2 44.866000 170532 sgemm sgemm CUDA2 0.050224 170572 40
CPU10 24.931080 170533 ssyrk ssyrk CUDA2 0.071554 170573 40
CPU11 44.688972 170534 sgemm sgemm CUDA3 1.209654 170574 40
CPU5 44.982157 170535 sgemm sgemm CUDA3 1.062990 170575 40
CPU7 45.275755 170536 sgemm sgemm CUDA2 1.208449 170576 40
CPU0 45.284645 170537 sgemm sgemm CUDA2 13.210016 170577 40
CPU2 45.273846 170538 sgemm sgemm CPU14 166.371154 170578 40
CPU6 44.825353 170539 sgemm sgemm CUDA2 1.207641 170579 40
CPU11 44.884347 170540 sgemm sgemm CUDA3 1.077597 170580 40
CPU17 44.788566 170541 sgemm sgemm CUDA2 1.204175 170581 40
CPU1 44.677591 170542 sgemm sgemm CUDA3 1.210581 170582 40
CPU8 44.662220 170543 sgemm sgemm CUDA0 1.286508 170583 40
CPU0 45.176766 170544 sgemm sgemm CUDA1 1.210344 170584 40
CPU11 44.890866 170545 sgemm sgemm CUDA2 12.362107 170585 40
CPU12 44.980893 170546 sgemm sgemm CUDA1 1.054527 170586 40
CPU10 45.137948 170547 sgemm sgemm CUDA3 1.373680 170587 40
CPU1 45.194216 170548 sgemm sgemm CUDA2 1.066493 170588 40
CPU3 44.975675 170549 sgemm sgemm CUDA1 1.077900 170589 40
CPU7 45.021236 170550 sgemm sgemm CPU16 133.574326 170590 40
CPU8 25.245166 170551 ssyrk ssyrk CUDA0 0.693130 170591 40
CPU14 44.935589 170552 sgemm sgemm CUDA2 1.195202 170592 40
CPU2 44.732033 170553 sgemm sgemm CUDA3 1.207444 170593 40
CPU3 45.107250 170554 sgemm sgemm CUDA0 1.211158 170594 40
CPU1 45.091175 170555 sgemm sgemm CUDA1 1.207053 170595 40
CPU2 44.791964 170556 sgemm sgemm CUDA1 1.068343 170596 40
CPU4 45.242518 170557 sgemm sgemm CUDA1 1.078558 170597 40
CPU4 44.533525 170558 sgemm sgemm CUDA3 1.018012 170598 40
CPU14 44.838930 170559 sgemm sgemm CUDA1 1.065682 170599 40
CPU10 44.894504 170560 sgemm sgemm CUDA0 1.190707 170600 40
CPU9 44.930845 170561 sgemm sgemm CUDA2 1.208849 170601 40
CPU18 44.780078 170562 sgemm sgemm CUDA2 0.042936 170602 40
CPU5 45.159366 170563 sgemm sgemm CUDA1 1.066247 170603 40
CPU3 44.958436 170564 sgemm sgemm CUDA1 0.061871 170604 40
CPU4 45.088646 170565 sgemm sgemm CUDA2 1.193292 170605 40
CPU8 44.869153 170566 sgemm sgemm CUDA1 12.338022 170606 40
CPU7 45.276526 170567 sgemm sgemm CPU17 142.331384 170607 40
CPU16 24.724704 170568 ssyrk ssyrk CPU -1 170608 40
CPU18 44.711180 170569 sgemm sgemm CUDA1 13.090852 170609 40
CPU5 45.091511 170570 sgemm sgemm CUDA1 1.287768 170610 40
CPU4 45.300900 170571 sgemm sgemm CUDA1 1.069209 170611 40
CPU3 44.995073 170572 sgemm sgemm CUDA1 1.067233 170612 40
CPU0 44.971866 170573 sgemm sgemm CUDA3 1.066447 170613 40
CPU1 45.114703 170574 sgemm sgemm CUDA2 1.193077 170614 40
CPU15 44.767151 170575 sgemm sgemm CUDA1 1.049159 170615 40
CPU11 44.567989 170576 sgemm sgemm CUDA0 1.194257 170616 40
CPU7 45.252591 170577 sgemm sgemm CUDA2 1.065763 170617 40
CPU19 44.991848 170578 sgemm sgemm CUDA2 0.045627 170618 40
CPU8 45.109046 170579 sgemm sgemm CUDA1 1.207590 170619 40
CPU15 44.664040 170580 sgemm sgemm CUDA1 1.182426 170620 40
CPU10 44.685514 170581 sgemm sgemm CUDA0 1.193009 170621 40
CPU0 45.351116 170582 sgemm sgemm CUDA1 1.319958 170622 40
CPU3 45.035191 170583 sgemm sgemm CUDA2 1.065687 170623 40
CPU19 24.903952 170584 ssyrk ssyrk CPU -1 170624 40
CPU4 44.960859 170585 sgemm sgemm CUDA0 1.054497 170625 40
CPU19 44.806627 170586 sgemm sgemm CPU16 244.525414 170626 40
CPU3 44.836018 170587 sgemm sgemm CUDA3 1.022073 170627 40
CPU12 44.909069 170588 sgemm sgemm CUDA2 1.191788 170628 40
CPU3 45.197662 170589 sgemm sgemm CUDA1 12.050137 170629 40
CPU10 45.022467 170590 sgemm sgemm CUDA2 2.710322 170630 40
CPU11 44.859896 170591 sgemm sgemm CUDA0 1.193108 170631 40
CPU5 45.060792 170592 sgemm sgemm CUDA1 1.079379 170632 40
CPU1 44.930793 170593 sgemm sgemm CUDA1 1.007705 170633 40
CPU6 45.290228 170594 sgemm sgemm CUDA3 1.206568 170634 40
CPU7 44.760917 170595 sgemm sgemm CUDA1 1.212901 170635 40
CPU13 44.773636 170596 sgemm sgemm CUDA2 12.288183 170636 40
CPU9 45.093875 170597 sgemm sgemm CUDA2 12.309847 170637 40
CPU0 45.248895 170598 sgemm sgemm CUDA2 1.084201 170638 40
CPU11 24.659388 170599 ssyrk ssyrk CPU -1 170639 40
CPU17 44.934476 170600 sgemm sgemm CUDA2 1.310907 170640 40
CPU19 44.822258 170601 sgemm sgemm CUDA2 1.195320 170641 40
CPU15 44.779261 170602 sgemm sgemm CUDA1 1.063613 170642 40
CPU12 44.836202 170603 sgemm sgemm CUDA1 1.068276 170643 40
CPU12 45.019465 170604 sgemm sgemm CUDA1 1.069511 170644 40
CPU16 44.816296 170605 sgemm sgemm CUDA0 1.210589 170645 40
CPU11 44.821423 170606 sgemm sgemm CPU33 205.796136 170646 40
CPU11 44.808388 170607 sgemm sgemm CUDA2 1.233552 170647 40
CPU4 45.254707 170608 sgemm sgemm CUDA3 1.208632 170648 40
CPU9 44.803278 170609 sgemm sgemm CUDA2 0.050521 170649 40
CPU12 44.997350 170610 sgemm sgemm CUDA1 1.199214 170650 40
CPU10 45.110509 170611 sgemm sgemm CPU -1 170651 40
CPU19 44.993697 170612 sgemm sgemm CUDA2 1.201756 170652 40
CPU19 24.845552 170613 ssyrk ssyrk CPU17 138.528532 170653 40
CPU7 45.139242 170614 sgemm sgemm CPU -1 170654 40
CPU0 45.378694 170615 sgemm sgemm CUDA2 1.079409 170655 40
CPU11 44.690255 170616 sgemm sgemm CUDA1 1.075704 170656 40
CPU19 45.001534 170617 sgemm sgemm CUDA2 1.082783 170657 40
CPU5 44.767156 170618 sgemm sgemm CUDA1 12.432889 170658 40
CPU4 45.101919 170619 sgemm sgemm CUDA1 1.077565 170659 40
CPU16 44.905330 170620 sgemm sgemm CUDA0 1.242725 170660 40
CPU15 44.627233 170621 sgemm sgemm CUDA1 1.258834 170661 40
CPU8 44.855741 170622 sgemm sgemm CUDA2 1.080209 170662 40
CPU10 45.160882 170623 sgemm sgemm CUDA1 1.062238 170663 40
CPU6 45.220150 170624 sgemm sgemm CUDA1 1.207339 170664 40
CPU17 44.979683 170625 sgemm sgemm CUDA1 1.203386 170665 40
CPU9 24.584943 170626 ssyrk ssyrk CPU -1 170666 40
CPU5 44.828366 170627 sgemm sgemm CUDA1 1.211975 170667 40
CPU5 44.799214 170628 sgemm sgemm CPU18 154.230149 170668 40
CPU2 44.440128 170629 sgemm sgemm CPU19 109.450847 170669 40
CPU7 44.822626 170630 sgemm sgemm CPU20 177.675201 170670 40
CPU2 44.834317 170631 sgemm sgemm CUDA2 1.064705 170671 40
CPU8 44.852520 170632 sgemm sgemm CUDA2 1.145583 170672 40
CPU3 45.113466 170633 sgemm sgemm CPU21 187.296067 170673 40
CPU1 44.585288 170634 sgemm sgemm CPU22 182.762689 170674 40
CPU0 45.136906 170635 sgemm sgemm CPU23 194.031536 170675 40
CPU8 44.776722 170636 sgemm sgemm CUDA2 1.079427 170676 40
CPU7 44.594635 170637 sgemm sgemm CPU24 153.235575 170677 40
CPU19 24.853398 170638 ssyrk ssyrk CUDA3 0.679168 170678 40
CPU7 45.387595 170639 sgemm sgemm CUDA3 12.080082 170679 40
CPU4 45.046592 170640 sgemm sgemm CUDA3 1.065784 170680 40
CPU1 44.795049 170641 sgemm sgemm CUDA1 1.205307 170681 40
CPU2 45.005738 170642 sgemm sgemm CUDA1 1.196943 170682 40
CPU0 45.205007 170643 sgemm sgemm CUDA2 1.192864 170683 40
CPU1 45.229852 170644 sgemm sgemm CUDA3 1.068778 170684 40
CPU2 44.883944 170645 sgemm sgemm CUDA0 1.066904 170685 40
CPU3 45.185773 170646 sgemm sgemm CUDA1 1.371940 170686 40
CPU4 45.207290 170647 sgemm sgemm CUDA2 1.063893 170687 40
CPU0 45.278634 170648 sgemm sgemm CUDA2 1.066930 170688 40
CPU7 25.317665 170649 ssyrk ssyrk CPU -1 170689 40
CPU8 44.954775 170650 sgemm sgemm CUDA1 1.190908 170690 40
CPU1 44.778580 170651 sgemm sgemm CUDA1 1.074635 170691 40
CPU0 45.256777 170652 sgemm sgemm CUDA1 0.074958 170692 40
CPU8 44.760295 170653 sgemm sgemm CUDA2 1.153626 170693 40
CPU9 45.099093 170654 sgemm sgemm CUDA2 12.050698 170694 40
CPU8 44.846842 170655 sgemm sgemm CUDA1 12.148324 170695 40
CPU7 45.271780 170656 sgemm sgemm CUDA1 1.300951 170696 40
CPU7 45.272607 170657 sgemm sgemm CUDA2 1.065380 170697 40
CPU9 44.694511 170658 sgemm sgemm CUDA1 0.045497 170698 40
CPU19 25.201022 170659 ssyrk ssyrk CPU -1 170699 40
CPU17 45.189912 170660 sgemm sgemm CUDA1 1.203201 170700 40
CPU10 45.038305 170661 sgemm sgemm CUDA2 1.199104 170701 40
CPU19 45.059127 170662 sgemm sgemm CUDA2 1.148783 170702 40
CPU19 44.936360 170663 sgemm sgemm CUDA0 5.994520 170703 40
CPU18 44.971305 170664 sgemm sgemm CUDA1 1.074084 170704 40
CPU19 45.230375 170665 sgemm sgemm CUDA1 1.082811 170705 40
CPU18 44.771597 170666 sgemm sgemm CUDA1 1.083039 170706 40
CPU19 45.309674 170667 sgemm sgemm CUDA2 1.064275 170707 40
CPU0 24.857659 170668 ssyrk ssyrk CPU -1 170708 40
CPU6 44.806165 170669 sgemm sgemm CUDA2 0.041961 170709 40
CPU2 44.704387 170670 sgemm sgemm CUDA1 1.196946 170710 40
CPU3 44.914485 170671 sgemm sgemm CUDA0 1.198005 170711 40
CPU9 44.571695 170672 sgemm sgemm CUDA2 1.062705 170712 40
CPU5 44.858952 170673 sgemm sgemm CUDA2 1.081976 170713 40
CPU0 45.100598 170674 sgemm sgemm CPU10 171.570572 170714 40
CPU1 44.579185 170675 sgemm sgemm CUDA2 1.083223 170715 40
CPU9 24.589534 170676 ssyrk ssyrk CPU -1 170716 40
CPU4 44.775423 170677 sgemm sgemm CUDA0 1.010360 170717 40
CPU11 44.534779 170678 sgemm sgemm CUDA2 1.368252 170718 40
CPU19 44.971871 170679 sgemm sgemm CUDA2 1.065498 170719 40
CPU15 44.785664 170680 sgemm sgemm CUDA2 1.081136 170720 40
CPU19 45.077244 170681 sgemm sgemm CUDA1 0.039692 170721 40
CPU19 45.123554 170682 sgemm sgemm CUDA1 1.192595 170722 40
CPU12 25.099742 170683 ssyrk ssyrk CPU15 79.978270 170723 40
CPU12 45.046882 170684 sgemm sgemm CUDA3 1.139778 170724 40
CPU11 45.155529 170685 sgemm sgemm CUDA1 1.010854 170725 40
CPU0 45.189033 170686 sgemm sgemm CUDA2 1.012824 170726 40
CPU5 44.821805 170687 sgemm sgemm CUDA1 1.022252 170727 40
CPU14 45.034034 170688 sgemm sgemm CUDA1 1.141817 170728 40
CPU10 24.919266 170689 ssyrk ssyrk CPU -1 170729 40
CPU16 44.895090 170690 sgemm sgemm CUDA1 1.084608 170730 40
CPU7 45.309295 170691 sgemm sgemm CUDA2 1.080016 170731 40
CPU3 44.969009 170692 sgemm sgemm CPU11 194.939144 170732 40
CPU6 45.170857 170693 sgemm sgemm CUDA1 1.081788 170733 40
CPU4 25.008370 170694 ssyrk ssyrk CPU -1 170734 40
CPU8 44.852004 170695 sgemm sgemm CUDA0 13.135961 170735 40
CPU9 44.694036 170696 sgemm sgemm CUDA1 1.323275 170736 40
CPU2 44.397519 170697 sgemm sgemm CUDA1 1.196171 170737 40
CPU18 24.502640 170698 ssyrk ssyrk CUDA1 0.676851 170738 40
CPU1 45.057965 170699 sgemm sgemm CUDA2 1.192374 170739 40
CPU15 44.859808 170700 sgemm sgemm CUDA2 12.642449 170740 40
CPU13 25.125817 170701 ssyrk ssyrk CPU34 69.935620 170741 40
CPU4 44.668457 170702 sgemm sgemm CUDA1 1.189316 170742 40
CPU5 24.537932 170703 ssyrk ssyrk CPU -1 170743 40
CPU2 30.102834 170706 strmm strmm CUDA2 4.681613 170746 40
CPU16 30.959659 170710 strmm strmm CUDA1 15.087260 170750 40
CPU15 30.342323 170714 strmm strmm CUDA0 14.160114 170754 40
CPU14 31.189503 170718 strmm strmm CUDA2 4.305077 170758 40
CPU5 29.880646 170722 strmm strmm CUDA1 0.029751 170762 40
CPU10 30.720392 170726 strmm strmm CUDA0 4.287346 170766 40
CPU14 30.358753 170730 strmm strmm CUDA3 0.030058 170770 40
CPU9 31.299193 170734 strmm strmm CUDA1 15.089947 170774 40
CPU4 31.381564 170738 strmm strmm CUDA1 4.287166 170778 40
CPU0 30.282557 170742 strmm strmm CUDA2 0.030440 170782 40
CPU4 31.320771 170746 strmm strmm CUDA0 4.276888 170786 40
CPU6 30.819443 170750 strmm strmm CUDA3 4.186210 170790 40
CPU16 30.105562 170754 strmm strmm CUDA3 4.545399 170794 40
CPU3 31.040055 170758 strmm strmm CUDA0 12.959613 170798 40
CPU15 31.092412 170762 strmm strmm CUDA0 3.138798 170802 40
CPU18 29.945071 170766 strmm strmm CUDA1 0.028619 170806 40
CPU6 31.044771 170770 strmm strmm CUDA1 0.029398 170810 40
CPU8 30.862421 170774 strmm strmm CUDA3 4.287334 170814 40
CPU9 30.424730 170778 strmm strmm CUDA2 4.244157 170818 40
CPU14 30.220988 170782 strmm strmm CUDA1 4.255359 170822 40
CPU6 29.823990 170786 strmm strmm CUDA0 4.281130 170826 40
CPU5 29.628893 170790 strmm strmm CUDA3 15.810303 170830 40
CPU16 29.742261 170794 strmm strmm CUDA1 12.567070 170834 40
CPU13 31.991407 170798 strmm strmm CUDA2 15.595608 170838 40
CPU2 30.944757 170802 strmm strmm CUDA3 4.494788 170842 40
CPU17 30.619704 170806 strmm strmm CUDA2 4.392014 170846 40
CPU15 31.371559 170810 strmm strmm CUDA3 4.290372 170850 40
CPU2 31.151706 170814 strmm strmm CUDA0 4.299890 170854 40
CPU1 31.120671 170818 strmm strmm CUDA1 4.599582 170858 40
CPU7 31.219948 170822 strmm strmm CUDA0 5.435861 170862 40
CPU3 31.334421 170826 strmm strmm CUDA1 15.022109 170866 40
CPU10 30.659988 170830 strmm strmm CUDA2 27.105244 170870 40
CPU19 30.576139 170834 strmm strmm CUDA2 4.287820 170874 40
CPU17 30.304482 170838 strmm strmm CUDA2 4.514265 170878 40
CPU7 30.508067 170842 strmm strmm CUDA3 15.122924 170882 40
CPU0 31.875794 170846 strmm strmm CUDA1 4.534896 170886 40
CPU9 31.349501 170850 strmm strmm CUDA1 4.289488 170890 40
CPU19 31.819813 170854 strmm strmm CUDA3 0.029242 170894 40
CPU1 29.776594 170858 strmm strmm CUDA1 4.532897 170898 40
CPU19 31.167940 170862 strmm strmm CUDA2 0.029562 170902 40
CPU14 31.619065 170866 strmm strmm CUDA0 4.482863 170906 40
CPU6 31.399406 170870 strmm strmm CUDA3 4.293020 170910 40
CPU2 29.581780 170874 strmm strmm CUDA0 0.030045 170914 40
CPU3 30.909925 170878 strmm strmm CUDA0 0.031785 170918 40
CPU17 30.788317 170882 strmm strmm CUDA1 4.286128 170922 40
CPU7 30.727113 170886 strmm strmm CUDA0 4.544015 170926 40
CPU7 12.368415 170890 slauum slauum CPU -1 170930 40
CPU8 25.163382 170892 ssyrk ssyrk CUDA0 1.125307 170932 40
CPU6 45.108434 170893 sgemm sgemm CUDA0 1.222631 170933 40
CPU9 44.710329 170894 sgemm sgemm CUDA2 1.213798 170934 40
CPU7 44.946770 170895 sgemm sgemm CUDA2 0.156521 170935 40
CPU2 44.947667 170896 sgemm sgemm CUDA2 11.461441 170936 40
CPU8 45.905850 170897 sgemm sgemm CUDA2 1.072078 170937 40
CPU4 44.832078 170898 sgemm sgemm CUDA0 1.527570 170938 40
CPU3 44.878037 170899 sgemm sgemm CUDA0 1.083807 170939 40
CPU9 44.665701 170900 sgemm sgemm CUDA3 0.080014 170940 40
CPU5 44.692836 170901 sgemm sgemm CUDA3 12.350812 170941 40
CPU0 44.943755 170902 sgemm sgemm CUDA3 1.195001 170942 40
CPU3 44.864648 170903 sgemm sgemm CUDA2 0.164134 170943 40
CPU14 45.049348 170904 sgemm sgemm CUDA0 0.939496 170944 40
CPU14 45.622480 170905 sgemm sgemm CUDA0 1.244726 170945 40
CPU8 44.670415 170906 sgemm sgemm CUDA0 2.356742 170946 40
CPU7 45.930592 170907 sgemm sgemm CUDA3 1.205904 170947 40
CPU2 44.991765 170908 sgemm sgemm CUDA0 0.073399 170948 40
CPU8 45.967021 170909 sgemm sgemm CUDA0 1.065576 170949 40
CPU18 44.529123 170910 sgemm sgemm CUDA0 1.200377 170950 40
CPU14 45.414163 170911 sgemm sgemm CUDA1 1.209495 170951 40
CPU18 45.662874 170912 sgemm sgemm CUDA2 1.381077 170952 40
CPU18 44.990575 170913 sgemm sgemm CUDA0 1.299172 170953 40
CPU6 45.161346 170914 sgemm sgemm CUDA0 12.717050 170954 40
CPU15 44.713689 170915 sgemm sgemm CUDA0 0.044488 170955 40
CPU7 45.177236 170916 sgemm sgemm CUDA2 1.070379 170956 40
CPU6 45.132296 170917 sgemm sgemm CUDA0 1.205688 170957 40
CPU9 44.810567 170918 sgemm sgemm CUDA3 0.058801 170958 40
CPU0 45.390647 170919 sgemm sgemm CUDA1 1.069612 170959 40
CPU12 44.834365 170920 sgemm sgemm CUDA3 1.065982 170960 40
CPU1 44.710922 170921 sgemm sgemm CUDA1 1.206301 170961 40
CPU12 44.762285 170922 sgemm sgemm CUDA2 1.298119 170962 40
CPU3 44.858126 170923 sgemm sgemm CUDA2 1.207562 170963 40
CPU16 44.861705 170924 sgemm sgemm CUDA2 0.063754 170964 40
CPU15 45.244074 170925 sgemm sgemm CUDA3 1.206622 170965 40
CPU19 45.548289 170926 sgemm sgemm CUDA1 1.072577 170966 40
CPU10 44.847735 170927 sgemm sgemm CUDA2 1.311386 170967 40
CPU6 45.192542 170928 sgemm sgemm CUDA3 1.208763 170968 40
CPU9 44.634624 170929 sgemm sgemm CUDA2 1.211725 170969 40
CPU0 44.978897 170930 sgemm sgemm CUDA2 1.066116 170970 40
CPU3 44.962439 170931 sgemm sgemm CUDA3 1.192701 170971 40
CPU8 44.862116 170932 sgemm sgemm CUDA0 1.501685 170972 40
CPU1 44.950043 170933 sgemm sgemm CUDA1 1.081407 170973 40
CPU9 44.945685 170934 sgemm sgemm CUDA0 1.516331 170974 40
CPU8 44.936229 170935 sgemm sgemm CUDA1 1.209297 170975 40
CPU4 45.106596 170936 sgemm sgemm CUDA3 0.044939 170976 40
CPU6 45.031140 170937 sgemm sgemm CUDA0 1.189968 170977 40
CPU2 44.773169 170938 sgemm sgemm CPU12 193.008733 170978 40
CPU1 24.789880 170939 ssyrk ssyrk CUDA0 0.690375 170979 40
CPU14 45.332200 170940 sgemm sgemm CUDA3 0.426115 170980 40
CPU5 45.139389 170941 sgemm sgemm CUDA0 1.076270 170981 40
CPU2 45.129640 170942 sgemm sgemm CUDA1 0.046852 170982 40
CPU16 44.510064 170943 sgemm sgemm CUDA0 0.046166 170983 40
CPU15 45.797604 170944 sgemm sgemm CUDA1 0.077888 170984 40
CPU16 45.762302 170945 sgemm sgemm CUDA0 1.210367 170985 40
CPU15 44.682054 170946 sgemm sgemm CUDA3 1.219622 170986 40
CPU3 44.899652 170947 sgemm sgemm CUDA3 1.331440 170987 40
CPU10 45.308406 170948 sgemm sgemm CUDA3 1.069930 170988 40
CPU0 44.951968 170949 sgemm sgemm CUDA3 1.078416 170989 40
CPU15 44.413563 170950 sgemm sgemm CUDA0 1.108052 170990 40
CPU18 44.525194 170951 sgemm sgemm CUDA0 12.919639 170991 40
CPU17 45.110184 170952 sgemm sgemm CUDA0 0.094547 170992 40
CPU8 44.800958 170953 sgemm sgemm CUDA3 1.204164 170993 40
CPU6 45.045717 170954 sgemm sgemm CUDA0 1.225121 170994 40
CPU1 44.894671 170955 sgemm sgemm CUDA0 1.008895 170995 40
CPU15 45.051869 170956 sgemm sgemm CUDA0 1.169272 170996 40
CPU14 45.299638 170957 sgemm sgemm CUDA1 1.208325 170997 40
CPU11 44.479305 170958 sgemm sgemm CUDA3 1.212475 170998 40
CPU18 44.858314 170959 sgemm sgemm CUDA0 1.079869 170999 40
CPU8 44.849588 170960 sgemm sgemm CUDA1 1.165580 171000 40
CPU18 44.575767 170961 sgemm sgemm CUDA0 1.300736 171001 40
CPU14 44.984226 170962 sgemm sgemm CUDA1 0.080540 171002 40
CPU4 45.810248 170963 sgemm sgemm CUDA0 1.063737 171003 40
CPU8 45.072073 170964 sgemm sgemm CUDA3 1.300530 171004 40
CPU5 44.648107 170965 sgemm sgemm CUDA1 1.072523 171005 40
CPU1 44.698168 170966 sgemm sgemm CUDA3 12.116706 171006 40
CPU1 44.653319 170967 sgemm sgemm CUDA1 1.062267 171007 40
CPU18 44.987203 170968 sgemm sgemm CUDA2 1.062456 171008 40
CPU6 45.714845 170969 sgemm sgemm CUDA2 1.074846 171009 40
CPU3 44.780840 170970 sgemm sgemm CUDA2 1.286635 171010 40
CPU18 45.011652 170971 sgemm sgemm CUDA3 1.062805 171011 40
CPU7 44.634971 170972 sgemm sgemm CUDA1 12.152764 171012 40
CPU5 44.552695 170973 sgemm sgemm CUDA2 1.079149 171013 40
CPU10 45.063434 170974 sgemm sgemm CUDA3 1.190938 171014 40
CPU12 45.223914 170975 sgemm sgemm CUDA2 1.066829 171015 40
CPU18 45.007481 170976 sgemm sgemm CUDA2 1.064651 171016 40
CPU12 44.843147 170977 sgemm sgemm CUDA3 1.202401 171017 40
CPU16 44.983823 170978 sgemm sgemm CUDA3 1.398002 171018 40
CPU16 44.894722 170979 sgemm sgemm CUDA1 1.198871 171019 40
CPU17 45.104802 170980 sgemm sgemm CUDA0 1.062915 171020 40
CPU16 44.924080 170981 sgemm sgemm CUDA2 1.061915 171021 40
CPU17 44.952711 170982 sgemm sgemm CUDA0 1.081337 171022 40
CPU16 45.103745 170983 sgemm sgemm CUDA0 1.081927 171023 40
CPU16 45.202305 170984 sgemm sgemm CPU -1 171024 40
CPU14 25.055294 170985 ssyrk ssyrk CUDA2 0.683056 171025 40
CPU14 45.329692 170986 sgemm sgemm CUDA2 1.135439 171026 40
CPU14 45.421954 170987 sgemm sgemm CUDA2 11.939826 171027 40
CPU15 44.353805 170988 sgemm sgemm CUDA1 1.200839 171028 40
CPU14 45.208744 170989 sgemm sgemm CUDA1 1.309694 171029 40
CPU14 45.277649 170990 sgemm sgemm CUDA2 13.006959 171030 40
CPU14 45.491414 170991 sgemm sgemm CUDA3 1.206851 171031 40
CPU14 45.484749 170992 sgemm sgemm CUDA3 1.069341 171032 40
CPU14 45.760720 170993 sgemm sgemm CUDA3 1.207073 171033 40
CPU5 45.094083 170994 sgemm sgemm CUDA2 0.117376 171034 40
CPU14 44.918847 170995 sgemm sgemm CUDA1 10.052060 171035 40
CPU19 44.734441 170996 sgemm sgemm CUDA1 0.082234 171036 40
CPU8 44.673937 170997 sgemm sgemm CUDA2 1.204562 171037 40
CPU0 45.280768 170998 sgemm sgemm CUDA1 1.191781 171038 40
CPU5 45.011564 170999 sgemm sgemm CUDA1 1.072753 171039 40
CPU5 44.933702 171000 sgemm sgemm CUDA0 1.010155 171040 40
CPU18 44.691101 171001 sgemm sgemm CUDA1 1.204029 171041 40
CPU14 45.313357 171002 sgemm sgemm CUDA1 1.082952 171042 40
CPU18 45.500540 171003 sgemm sgemm CUDA3 1.190320 171043 40
CPU17 44.986119 171004 sgemm sgemm CUDA3 1.201761 171044 40
CPU8 44.921430 171005 sgemm sgemm CUDA1 1.195623 171045 40
CPU11 44.575777 171006 sgemm sgemm CUDA0 0.043991 171046 40
CPU15 44.676267 171007 sgemm sgemm CUDA1 1.360504 171047 40
CPU19 44.718390 171008 sgemm sgemm CUDA0 1.071879 171048 40
CPU14 44.767201 171009 sgemm sgemm CUDA3 1.064673 171049 40
CPU11 44.473644 171010 sgemm sgemm CUDA1 4.785135 171050 40
CPU4 45.189011 171011 sgemm sgemm CUDA3 0.054811 171051 40
CPU8 44.381812 171012 sgemm sgemm CUDA1 1.194206 171052 40
CPU10 44.963332 171013 sgemm sgemm CUDA2 1.079160 171053 40
CPU18 44.788861 171014 sgemm sgemm CUDA2 1.189611 171054 40
CPU16 44.844119 171015 sgemm sgemm CUDA2 1.190011 171055 40
CPU4 45.825052 171016 sgemm sgemm CUDA3 1.085519 171056 40
CPU0 45.070446 171017 sgemm sgemm CUDA2 1.072272 171057 40
CPU1 44.963683 171018 sgemm sgemm CUDA2 1.208306 171058 40
CPU6 45.478834 171019 sgemm sgemm CUDA3 1.205848 171059 40
CPU15 44.798588 171020 sgemm sgemm CUDA2 1.080360 171060 40
CPU19 44.748159 171021 sgemm sgemm CUDA2 1.081401 171061 40
CPU11 44.596646 171022 sgemm sgemm CUDA3 12.844527 171062 40
CPU6 45.216836 171023 sgemm sgemm CUDA1 1.193445 171063 40
CPU8 45.548845 171024 sgemm sgemm CUDA1 1.197377 171064 40
CPU11 44.872655 171025 sgemm sgemm CUDA0 13.010708 171065 40
CPU15 44.733850 171026 sgemm sgemm CUDA2 1.067172 171066 40
CPU15 44.906298 171027 sgemm sgemm CUDA0 1.075345 171067 40
CPU15 44.958106 171028 sgemm sgemm CUDA0 1.198742 171068 40
CPU15 44.818942 171029 sgemm sgemm CUDA0 1.066218 171069 40
CPU6 25.567771 171030 ssyrk ssyrk CUDA2 1.023911 171070 40
CPU6 45.102366 171031 sgemm sgemm CUDA0 1.082813 171071 40
CPU15 44.434609 171032 sgemm sgemm CUDA2 1.210474 171072 40
CPU15 45.669068 171033 sgemm sgemm CUDA2 1.229519 171073 40
CPU16 45.571056 171034 sgemm sgemm CUDA2 0.271016 171074 40
CPU17 44.926837 171035 sgemm sgemm CUDA3 19.983430 171075 40
CPU3 45.095089 171036 sgemm sgemm CUDA3 1.079287 171076 40
CPU1 44.730536 171037 sgemm sgemm CUDA2 1.068031 171077 40
CPU0 45.081726 171038 sgemm sgemm CUDA2 0.085278 171078 40
CPU14 44.931266 171039 sgemm sgemm CUDA0 1.378762 171079 40
CPU14 45.519571 171040 sgemm sgemm CUDA0 0.064807 171080 40
CPU11 45.059135 171041 sgemm sgemm CUDA0 1.074466 171081 40
CPU9 44.647137 171042 sgemm sgemm CUDA3 12.463895 171082 40
CPU8 45.251363 171043 sgemm sgemm CUDA0 1.077997 171083 40
CPU6 44.871752 171044 sgemm sgemm CUDA2 1.086724 171084 40
CPU14 44.898013 171045 sgemm sgemm CUDA0 1.232872 171085 40
CPU14 45.549325 171046 sgemm sgemm CUDA1 1.198472 171086 40
CPU17 44.752655 171047 sgemm sgemm CUDA3 1.077612 171087 40
CPU17 44.893251 171048 sgemm sgemm CUDA3 1.065967 171088 40
CPU6 45.040119 171049 sgemm sgemm CUDA0 1.094661 171089 40
CPU3 44.561636 171050 sgemm sgemm CUDA3 12.799485 171090 40
CPU11 44.644005 171051 sgemm sgemm CUDA2 1.195047 171091 40
CPU4 45.634718 171052 sgemm sgemm CUDA1 1.207392 171092 40
CPU3 44.709175 171053 sgemm sgemm CUDA2 1.066324 171093 40
CPU2 44.648123 171054 sgemm sgemm CUDA2 1.191868 171094 40
CPU12 45.047414 171055 sgemm sgemm CUDA3 1.349078 171095 40
CPU3 44.475722 171056 sgemm sgemm CUDA3 1.070558 171096 40
CPU15 44.803955 171057 sgemm sgemm CUDA0 1.062652 171097 40
CPU0 44.831202 171058 sgemm sgemm CUDA2 1.201834 171098 40
CPU17 44.966294 171059 sgemm sgemm CUDA2 1.065006 171099 40
CPU8 44.591936 171060 sgemm sgemm CUDA3 1.081684 171100 40
CPU5 44.476662 171061 sgemm sgemm CUDA2 1.195401 171101 40
CPU6 45.009803 171062 sgemm sgemm CUDA2 1.063024 171102 40
CPU5 44.633717 171063 sgemm sgemm CUDA3 1.206321 171103 40
CPU14 45.123397 171064 sgemm sgemm CUDA2 12.295806 171104 40
CPU4 44.730923 171065 sgemm sgemm CUDA1 0.040086 171105 40
CPU0 45.124215 171066 sgemm sgemm CUDA0 1.062002 171106 40
CPU14 44.995035 171067 sgemm sgemm CUDA1 1.191997 171107 40
CPU14 44.948491 171068 sgemm sgemm CUDA1 1.198855 171108 40
CPU14 45.233986 171069 sgemm sgemm CUDA0 0.056163 171109 40
CPU14 44.717129 171070 sgemm sgemm CUDA1 1.210522 171110 40
CPU14 44.862587 171071 sgemm sgemm CUDA0 1.080968 171111 40
CPU14 45.016676 171072 sgemm sgemm CUDA0 1.208215 171112 40
CPU14 45.200217 171073 sgemm sgemm CUDA0 12.276227 171113 40
CPU0 25.428457 171074 ssyrk ssyrk CUDA1 0.918361 171114 40
CPU15 44.405924 171075 sgemm sgemm CUDA1 1.063949 171115 40
CPU15 45.879338 171076 sgemm sgemm CUDA2 1.511355 171116 40
CPU16 45.403012 171077 sgemm sgemm CUDA0 1.407134 171117 40
CPU17 44.944292 171078 sgemm sgemm CUDA0 1.315545 171118 40
CPU6 45.225451 171079 sgemm sgemm CUDA2 1.200955 171119 40
CPU6 45.011663 171080 sgemm sgemm CUDA1 1.298074 171120 40
CPU6 45.244846 171081 sgemm sgemm CUDA1 1.170903 171121 40
CPU14 44.815921 171082 sgemm sgemm CUDA1 0.058009 171122 40
CPU6 44.970304 171083 sgemm sgemm CUDA1 1.063708 171123 40
CPU3 44.377905 171084 sgemm sgemm CUDA2 1.065146 171124 40
CPU7 46.069287 171085 sgemm sgemm CUDA1 13.059735 171125 40
CPU3 44.867320 171086 sgemm sgemm CUDA2 1.337064 171126 40
CPU2 44.794265 171087 sgemm sgemm CUDA2 1.077914 171127 40
CPU18 44.718653 171088 sgemm sgemm CUDA0 1.274189 171128 40
CPU4 45.266923 171089 sgemm sgemm CUDA1 1.212834 171129 40
CPU17 44.563260 171090 sgemm sgemm CUDA2 1.169075 171130 40
CPU15 44.629797 171091 sgemm sgemm CUDA2 12.888202 171131 40
CPU2 45.109350 171092 sgemm sgemm CUDA2 0.370026 171132 40
CPU14 44.726916 171093 sgemm sgemm CUDA0 1.352001 171133 40
CPU15 44.484916 171094 sgemm sgemm CUDA1 1.076829 171134 40
CPU10 45.200240 171095 sgemm sgemm CUDA1 0.091825 171135 40
CPU5 45.119943 171096 sgemm sgemm CUDA2 1.085429 171136 40
CPU0 45.335294 171097 sgemm sgemm CUDA1 1.267596 171137 40
CPU4 45.341996 171098 sgemm sgemm CUDA1 1.075178 171138 40
CPU7 44.732448 171099 sgemm sgemm CUDA1 1.078657 171139 40
CPU11 44.887332 171100 sgemm sgemm CUDA2 1.066196 171140 40
CPU15 44.710882 171101 sgemm sgemm CUDA1 1.210896 171141 40
CPU18 45.130420 171102 sgemm sgemm CUDA2 1.067802 171142 40
CPU17 44.890724 171103 sgemm sgemm CUDA1 1.193959 171143 40
CPU4 45.366159 171104 sgemm sgemm CUDA2 10.759147 171144 40
CPU16 44.701580 171105 sgemm sgemm CUDA1 1.204457 171145 40
CPU7 45.131118 171106 sgemm sgemm CUDA3 1.211838 171146 40
CPU14 45.170839 171107 sgemm sgemm CUDA0 1.192950 171147 40
CPU15 44.911321 171108 sgemm sgemm CUDA1 1.378360 171148 40
CPU1 44.928855 171109 sgemm sgemm CUDA0 12.873851 171149 40
CPU12 44.897961 171110 sgemm sgemm CUDA1 1.217075 171150 40
CPU6 44.988181 171111 sgemm sgemm CUDA0 1.194266 171151 40
CPU11 44.907640 171112 sgemm sgemm CUDA0 1.295169 171152 40
CPU4 44.895411 171113 sgemm sgemm CUDA2 1.194054 171153 40
CPU5 45.029363 171114 sgemm sgemm CUDA3 1.081054 171154 40
CPU4 44.825565 171115 sgemm sgemm CUDA0 1.206024 171155 40
CPU5 45.014370 171116 sgemm sgemm CUDA0 1.064231 171156 40
CPU15 24.448788 171117 ssyrk ssyrk CUDA1 0.675363 171157 40
CPU16 44.685656 171118 sgemm sgemm CUDA1 1.078523 171158 40
CPU15 44.556730 171119 sgemm sgemm CUDA2 1.068841 171159 40
CPU16 44.782064 171120 sgemm sgemm CUDA1 12.460923 171160 40
CPU14 44.782353 171121 sgemm sgemm CUDA2 1.208608 171161 40
CPU15 44.898393 171122 sgemm sgemm CUDA1 0.273994 171162 40
CPU4 45.060867 171123 sgemm sgemm CUDA1 1.334598 171163 40
CPU14 44.753259 171124 sgemm sgemm CUDA1 1.233080 171164 40
CPU2 44.950627 171125 sgemm sgemm CUDA0 1.300700 171165 40
CPU5 44.211183 171126 sgemm sgemm CUDA1 1.072038 171166 40
CPU3 45.146341 171127 sgemm sgemm CUDA1 1.063410 171167 40
CPU0 44.869716 171128 sgemm sgemm CUDA0 1.199049 171168 40
CPU4 45.153914 171129 sgemm sgemm CUDA2 1.072434 171169 40
CPU17 44.766523 171130 sgemm sgemm CUDA0 1.063562 171170 40
CPU9 44.961387 171131 sgemm sgemm CUDA1 1.081133 171171 40
CPU1 45.091434 171132 sgemm sgemm CUDA0 1.062792 171172 40
CPU15 44.655802 171133 sgemm sgemm CUDA0 1.193011 171173 40
CPU0 45.502497 171134 sgemm sgemm CUDA0 1.081706 171174 40
CPU10 44.669927 171135 sgemm sgemm CUDA0 1.195933 171175 40
CPU14 44.694079 171136 sgemm sgemm CUDA2 12.380211 171176 40
CPU19 44.721992 171137 sgemm sgemm CUDA1 1.066814 171177 40
CPU3 45.064391 171138 sgemm sgemm CUDA2 1.360511 171178 40
CPU7 45.208672 171139 sgemm sgemm CUDA1 1.205599 171179 40
CPU11 44.580144 171140 sgemm sgemm CUDA1 1.201869 171180 40
CPU0 44.732375 171141 sgemm sgemm CUDA1 1.206800 171181 40
CPU12 44.871113 171142 sgemm sgemm CUDA0 1.076078 171182 40
CPU14 44.705572 171143 sgemm sgemm CUDA1 13.076062 171183 40
CPU19 45.091334 171144 sgemm sgemm CUDA2 1.224922 171184 40
CPU2 44.788686 171145 sgemm sgemm CUDA3 12.256430 171185 40
CPU3 44.611181 171146 sgemm sgemm CUDA3 0.047570 171186 40
CPU1 44.915767 171147 sgemm sgemm CUDA3 1.318348 171187 40
CPU6 45.395358 171148 sgemm sgemm CUDA3 1.208317 171188 40
CPU16 44.936230 171149 sgemm sgemm CUDA3 1.082843 171189 40
CPU14 44.887559 171150 sgemm sgemm CUDA3 1.207041 171190 40
CPU2 45.119106 171151 sgemm sgemm CUDA0 12.995714 171191 40
CPU3 45.258741 171152 sgemm sgemm CUDA1 0.054509 171192 40
CPU0 45.610018 171153 sgemm sgemm CUDA3 1.203912 171193 40
CPU1 44.881973 171154 sgemm sgemm CUDA0 0.042493 171194 40
CPU7 44.896895 171155 sgemm sgemm CUDA2 1.220608 171195 40
CPU8 45.124043 171156 sgemm sgemm CUDA3 1.205969 171196 40
CPU1 45.110051 171157 sgemm sgemm CUDA1 1.338356 171197 40
CPU10 45.195572 171158 sgemm sgemm CUDA0 1.322530 171198 40
CPU15 25.300674 171159 ssyrk ssyrk CUDA0 34.960681 171199 40
CPU15 45.477068 171160 sgemm sgemm CUDA0 1.230096 171200 40
CPU15 44.520038 171161 sgemm sgemm CUDA0 0.188095 171201 40
CPU5 44.913479 171162 sgemm sgemm CUDA3 1.193587 171202 40
CPU15 45.823086 171163 sgemm sgemm CUDA3 1.079608 171203 40
CPU8 44.738284 171164 sgemm sgemm CUDA3 1.196282 171204 40
CPU14 44.791450 171165 sgemm sgemm CUDA1 0.484677 171205 40
CPU14 45.564299 171166 sgemm sgemm CUDA0 1.370133 171206 40
CPU2 44.677831 171167 sgemm sgemm CUDA2 1.205571 171207 40
CPU17 44.648733 171168 sgemm sgemm CUDA2 1.069971 171208 40
CPU9 44.444880 171169 sgemm sgemm CUDA2 0.060098 171209 40
CPU4 44.958361 171170 sgemm sgemm CUDA3 1.204594 171210 40
CPU18 44.685170 171171 sgemm sgemm CUDA3 1.202207 171211 40
CPU14 44.710784 171172 sgemm sgemm CUDA1 1.209405 171212 40
CPU18 45.626627 171173 sgemm sgemm CUDA3 1.190242 171213 40
CPU14 44.687030 171174 sgemm sgemm CUDA3 1.192010 171214 40
CPU8 45.024281 171175 sgemm sgemm CUDA2 0.048328 171215 40
CPU12 44.807253 171176 sgemm sgemm CUDA3 0.069847 171216 40
CPU14 44.826758 171177 sgemm sgemm CUDA2 0.298530 171217 40
CPU19 44.857549 171178 sgemm sgemm CUDA0 1.060955 171218 40
CPU5 44.775322 171179 sgemm sgemm CUDA2 1.208198 171219 40
CPU0 45.347302 171180 sgemm sgemm CUDA2 1.065990 171220 40
CPU5 44.992711 171181 sgemm sgemm CUDA3 1.061848 171221 40
CPU6 44.791541 171182 sgemm sgemm CUDA3 12.088718 171222 40
CPU19 44.972809 171183 sgemm sgemm CUDA0 1.205950 171223 40
CPU10 44.830313 171184 sgemm sgemm CUDA2 1.065755 171224 40
CPU2 44.882920 171185 sgemm sgemm CUDA2 1.081932 171225 40
CPU11 44.703746 171186 sgemm sgemm CUDA3 1.198773 171226 40
CPU17 44.940977 171187 sgemm sgemm CUDA1 1.205241 171227 40
CPU17 44.576407 171188 sgemm sgemm CUDA1 1.064531 171228 40
CPU15 44.787044 171189 sgemm sgemm CUDA3 1.059642 171229 40
CPU17 44.894381 171190 sgemm sgemm CUDA0 1.079166 171230 40
CPU3 44.849533 171191 sgemm sgemm CUDA3 1.303708 171231 40
CPU7 45.134504 171192 sgemm sgemm CUDA0 0.057692 171232 40
CPU18 44.450858 171193 sgemm sgemm CUDA0 1.193135 171233 40
CPU14 44.565095 171194 sgemm sgemm CUDA0 1.205118 171234 40
CPU14 45.085441 171195 sgemm sgemm CUDA0 1.204688 171235 40
CPU14 45.014506 171196 sgemm sgemm CUDA2 1.066425 171236 40
CPU14 44.678175 171197 sgemm sgemm CPU11 231.720257 171237 40
CPU14 44.951879 171198 sgemm sgemm CUDA1 1.078215 171238 40
CPU14 44.882715 171199 sgemm sgemm CUDA0 1.084834 171239 40
CPU16 25.262275 171200 ssyrk ssyrk CUDA2 0.910450 171240 40
CPU15 44.566362 171201 sgemm sgemm CUDA3 0.056664 171241 40
CPU8 44.859370 171202 sgemm sgemm CUDA3 1.068228 171242 40
CPU7 44.819400 171203 sgemm sgemm CUDA3 12.874340 171243 40
CPU9 44.655446 171204 sgemm sgemm CUDA0 1.206057 171244 40
CPU14 44.713932 171205 sgemm sgemm CUDA3 4.495680 171245 40
CPU14 45.379326 171206 sgemm sgemm CUDA3 1.301141 171246 40
CPU0 45.005365 171207 sgemm sgemm CUDA0 1.175192 171247 40
CPU4 44.897046 171208 sgemm sgemm CUDA2 2.025617 171248 40
CPU6 45.133044 171209 sgemm sgemm CUDA2 1.210655 171249 40
CPU7 45.002376 171210 sgemm sgemm CUDA3 1.076611 171250 40
CPU16 44.793866 171211 sgemm sgemm CUDA3 1.191549 171251 40
CPU11 45.155879 171212 sgemm sgemm CUDA3 1.068188 171252 40
CPU12 44.757836 171213 sgemm sgemm CUDA3 1.193159 171253 40
CPU15 44.827187 171214 sgemm sgemm CUDA3 1.080244 171254 40
CPU2 45.140361 171215 sgemm sgemm CUDA2 0.048255 171255 40
CPU10 44.879180 171216 sgemm sgemm CUDA3 1.313083 171256 40
CPU2 44.993650 171217 sgemm sgemm CUDA2 9.435540 171257 40
CPU2 44.973614 171218 sgemm sgemm CUDA0 1.079512 171258 40
CPU12 44.948784 171219 sgemm sgemm CUDA2 1.194246 171259 40
CPU4 45.035652 171220 sgemm sgemm CUDA3 1.193334 171260 40
CPU3 44.968266 171221 sgemm sgemm CUDA3 1.065393 171261 40
CPU4 44.879058 171222 sgemm sgemm CUDA3 1.191775 171262 40
CPU2 44.637794 171223 sgemm sgemm CUDA0 1.068973 171263 40
CPU11 44.737323 171224 sgemm sgemm CUDA0 1.060600 171264 40
CPU3 44.764824 171225 sgemm sgemm CUDA2 1.062020 171265 40
CPU6 45.119446 171226 sgemm sgemm CUDA1 1.081064 171266 40
CPU3 44.565042 171227 sgemm sgemm CUDA1 1.202905 171267 40
CPU1 44.992343 171228 sgemm sgemm CUDA1 1.065140 171268 40
CPU14 45.083115 171229 sgemm sgemm CUDA3 1.065176 171269 40
CPU15 44.720466 171230 sgemm sgemm CUDA0 1.075703 171270 40
CPU8 44.777583 171231 sgemm sgemm CUDA3 1.065141 171271 40
CPU5 45.042163 171232 sgemm sgemm CUDA2 1.309626 171272 40
CPU2 45.109166 171233 sgemm sgemm CUDA0 1.195278 171273 40
CPU2 46.054215 171234 sgemm sgemm CUDA1 1.065927 171274 40
CPU7 45.114980 171235 sgemm sgemm CUDA0 1.066287 171275 40
CPU8 44.815839 171236 sgemm sgemm CUDA2 1.080567 171276 40
CPU6 45.031045 171237 sgemm sgemm CPU12 227.312997 171277 40
CPU7 45.130038 171238 sgemm sgemm CUDA1 1.190128 171278 40
CPU9 44.992226 171239 sgemm sgemm CPU14 174.194445 171279 40
CPU17 25.027966 171240 ssyrk ssyrk CUDA3 0.675762 171280 40
CPU17 44.979731 171241 sgemm sgemm CUDA3 1.065735 171281 40
CPU16 44.863147 171242 sgemm sgemm CUDA3 0.084802 171282 40
CPU4 45.002930 171243 sgemm sgemm CUDA0 1.326799 171283 40
CPU15 44.315114 171244 sgemm sgemm CUDA1 0.056626 171284 40
CPU14 45.572513 171245 sgemm sgemm CUDA1 11.926546 171285 40
CPU0 44.933973 171246 sgemm sgemm CUDA0 1.302923 171286 40
CPU10 44.786597 171247 sgemm sgemm CUDA0 12.062909 171287 40
CPU7 44.453870 171248 sgemm sgemm CUDA0 16.198706 171288 40
CPU0 45.107682 171249 sgemm sgemm CUDA3 1.201481 171289 40
CPU17 44.874857 171250 sgemm sgemm CUDA3 1.075106 171290 40
CPU14 45.451335 171251 sgemm sgemm CUDA3 1.078343 171291 40
CPU9 44.834884 171252 sgemm sgemm CUDA3 1.075887 171292 40
CPU14 44.830685 171253 sgemm sgemm CUDA3 1.081799 171293 40
CPU6 44.976117 171254 sgemm sgemm CUDA0 1.213134 171294 40
CPU11 44.670005 171255 sgemm sgemm CUDA0 1.189108 171295 40
CPU15 44.630625 171256 sgemm sgemm CUDA1 1.062032 171296 40
CPU19 44.991400 171257 sgemm sgemm CUDA1 1.207639 171297 40
CPU8 44.859349 171258 sgemm sgemm CUDA3 1.066036 171298 40
CPU0 45.442505 171259 sgemm sgemm CUDA3 1.080134 171299 40
CPU1 45.104280 171260 sgemm sgemm CUDA1 0.058310 171300 40
CPU8 44.433576 171261 sgemm sgemm CUDA1 1.076952 171301 40
CPU11 44.945922 171262 sgemm sgemm CUDA3 1.209311 171302 40
CPU11 44.746581 171263 sgemm sgemm CUDA0 1.203357 171303 40
CPU10 45.060410 171264 sgemm sgemm CUDA0 1.075322 171304 40
CPU18 45.114325 171265 sgemm sgemm CUDA3 1.070741 171305 40
CPU19 45.018665 171266 sgemm sgemm CUDA1 1.205457 171306 40
CPU15 45.065785 171267 sgemm sgemm CUDA1 1.081647 171307 40
CPU10 44.899816 171268 sgemm sgemm CUDA3 1.195352 171308 40
CPU18 44.735231 171269 sgemm sgemm CUDA0 1.203226 171309 40
CPU16 44.951530 171270 sgemm sgemm CUDA3 1.083259 171310 40
CPU16 44.891885 171271 sgemm sgemm CUDA0 1.314278 171311 40
CPU15 44.868219 171272 sgemm sgemm CUDA1 1.082898 171312 40
CPU16 44.653946 171273 sgemm sgemm CUDA1 1.066353 171313 40
CPU7 44.956544 171274 sgemm sgemm CUDA3 1.208316 171314 40
CPU12 44.910935 171275 sgemm sgemm CUDA3 1.346001 171315 40
CPU0 45.353163 171276 sgemm sgemm CPU -1 171316 40
CPU2 44.909983 171277 sgemm sgemm CUDA0 1.077308 171317 40
CPU4 45.082117 171278 sgemm sgemm CPU15 184.937741 171318 40
CPU3 24.678114 171279 ssyrk ssyrk CUDA3 0.676674 171319 40
CPU11 45.128258 171280 sgemm sgemm CUDA2 1.191573 171320 40
CPU2 44.453293 171281 sgemm sgemm CUDA0 0.045013 171321 40
CPU15 44.619280 171282 sgemm sgemm CUDA1 1.065330 171322 40
CPU3 45.106606 171283 sgemm sgemm CUDA1 1.197949 171323 40
CPU9 44.704660 171284 sgemm sgemm CUDA0 1.211130 171324 40
CPU9 44.532458 171285 sgemm sgemm CUDA3 1.069227 171325 40
CPU4 45.134724 171286 sgemm sgemm CUDA1 13.113092 171326 40
CPU9 44.434343 171287 sgemm sgemm CUDA2 1.206847 171327 40
CPU16 44.986199 171288 sgemm sgemm CUDA3 1.208656 171328 40
CPU14 45.857611 171289 sgemm sgemm CUDA3 1.199937 171329 40
CPU18 46.227994 171290 sgemm sgemm CUDA2 1.083195 171330 40
CPU14 45.118512 171291 sgemm sgemm CUDA2 0.122262 171331 40
CPU0 45.145156 171292 sgemm sgemm CUDA1 0.116958 171332 40
CPU12 45.077821 171293 sgemm sgemm CUDA2 1.064342 171333 40
CPU15 45.087139 171294 sgemm sgemm CUDA1 1.333065 171334 40
CPU19 45.044055 171295 sgemm sgemm CUDA1 1.192660 171335 40
CPU5 44.457164 171296 sgemm sgemm CUDA1 1.208401 171336 40
CPU8 44.901479 171297 sgemm sgemm CUDA3 1.067999 171337 40
CPU3 45.037783 171298 sgemm sgemm CUDA1 1.314658 171338 40
CPU6 44.720460 171299 sgemm sgemm CUDA3 1.205534 171339 40
CPU14 44.651300 171300 sgemm sgemm CUDA2 1.080780 171340 40
CPU7 44.769606 171301 sgemm sgemm CUDA0 1.209814 171341 40
CPU18 44.975340 171302 sgemm sgemm CUDA0 1.345564 171342 40
CPU1 44.695116 171303 sgemm sgemm CUDA1 1.065097 171343 40
CPU2 44.440398 171304 sgemm sgemm CUDA1 1.064147 171344 40
CPU17 44.943338 171305 sgemm sgemm CUDA1 1.067945 171345 40
CPU3 44.750852 171306 sgemm sgemm CUDA0 1.210503 171346 40
CPU15 45.038794 171307 sgemm sgemm CUDA0 12.134754 171347 40
CPU2 44.693902 171308 sgemm sgemm CUDA1 1.081046 171348 40
CPU7 45.122140 171309 sgemm sgemm CUDA2 1.076505 171349 40
CPU4 45.102676 171310 sgemm sgemm CUDA0 1.065820 171350 40
CPU9 44.642469 171311 sgemm sgemm CUDA0 1.061316 171351 40
CPU7 44.917421 171312 sgemm sgemm CUDA3 1.065416 171352 40
CPU2 44.810034 171313 sgemm sgemm CUDA0 1.064964 171353 40
CPU6 45.067778 171314 sgemm sgemm CUDA0 1.078219 171354 40
CPU9 44.848119 171315 sgemm sgemm CUDA0 1.192106 171355 40
CPU0 45.017532 171316 sgemm sgemm CPU16 186.739393 171356 40
CPU4 24.963027 171317 ssyrk ssyrk CUDA2 0.675780 171357 40
CPU8 44.563214 171318 sgemm sgemm CUDA1 1.208560 171358 40
CPU14 44.828475 171319 sgemm sgemm CUDA1 1.082703 171359 40
CPU14 45.677639 171320 sgemm sgemm CUDA1 1.197703 171360 40
CPU6 44.899363 171321 sgemm sgemm CUDA3 1.359300 171361 40
CPU5 44.678302 171322 sgemm sgemm CUDA1 1.207835 171362 40
CPU12 45.276186 171323 sgemm sgemm CUDA2 1.040612 171363 40
CPU9 44.311245 171324 sgemm sgemm CUDA2 1.206544 171364 40
CPU15 44.761129 171325 sgemm sgemm CUDA3 1.203471 171365 40
CPU11 44.829683 171326 sgemm sgemm CUDA1 1.210571 171366 40
CPU10 45.065526 171327 sgemm sgemm CUDA3 1.065921 171367 40
CPU14 44.985497 171328 sgemm sgemm CUDA0 1.210729 171368 40
CPU9 45.017465 171329 sgemm sgemm CUDA1 12.570832 171369 40
CPU1 45.097960 171330 sgemm sgemm CUDA3 1.064567 171370 40
CPU18 44.757669 171331 sgemm sgemm CUDA2 0.045767 171371 40
CPU11 44.759198 171332 sgemm sgemm CUDA0 1.186004 171372 40
CPU9 44.765946 171333 sgemm sgemm CUDA2 1.205376 171373 40
CPU7 45.280876 171334 sgemm sgemm CUDA3 1.210095 171374 40
CPU6 45.242317 171335 sgemm sgemm CUDA0 1.063502 171375 40
CPU3 44.830957 171336 sgemm sgemm CUDA1 0.056979 171376 40
CPU0 45.144476 171337 sgemm sgemm CUDA0 1.077873 171377 40
CPU3 44.614216 171338 sgemm sgemm CUDA0 1.195356 171378 40
CPU6 44.866732 171339 sgemm sgemm CUDA2 1.067511 171379 40
CPU5 44.677035 171340 sgemm sgemm CUDA1 0.055020 171380 40
CPU7 44.783163 171341 sgemm sgemm CUDA2 0.056908 171381 40
CPU0 45.193582 171342 sgemm sgemm CUDA2 1.067876 171382 40
CPU6 45.208235 171343 sgemm sgemm CUDA0 0.053534 171383 40
CPU17 45.123533 171344 sgemm sgemm CUDA0 0.047383 171384 40
CPU17 45.095030 171345 sgemm sgemm CUDA3 1.202165 171385 40
CPU18 44.637356 171346 sgemm sgemm CUDA0 1.201143 171386 40
CPU8 45.062586 171347 sgemm sgemm CUDA1 1.067508 171387 40
CPU1 45.002901 171348 sgemm sgemm CUDA0 12.238611 171388 40
CPU9 44.987494 171349 sgemm sgemm CUDA3 1.081001 171389 40
CPU5 44.752405 171350 sgemm sgemm CUDA2 1.081634 171390 40
CPU1 44.271859 171351 sgemm sgemm CUDA0 0.064213 171391 40
CPU4 44.989663 171352 sgemm sgemm CUDA1 12.229439 171392 40
CPU4 44.975066 171353 sgemm sgemm CUDA0 0.048606 171393 40
CPU5 24.904081 171354 ssyrk ssyrk CUDA3 0.680890 171394 40
CPU5 44.864016 171355 sgemm sgemm CUDA1 1.211588 171395 40
CPU2 45.203205 171356 sgemm sgemm CUDA1 20.543812 171396 40
CPU11 44.671628 171357 sgemm sgemm CUDA2 1.066473 171397 40
CPU2 44.749884 171358 sgemm sgemm CUDA0 1.329956 171398 40
CPU1 44.972493 171359 sgemm sgemm CUDA0 0.312896 171399 40
CPU7 44.972470 171360 sgemm sgemm CUDA2 1.189434 171400 40
CPU17 44.698536 171361 sgemm sgemm CUDA3 1.065844 171401 40
CPU10 44.635866 171362 sgemm sgemm CUDA3 1.066566 171402 40
CPU5 44.970549 171363 sgemm sgemm CUDA2 1.318147 171403 40
CPU16 44.605341 171364 sgemm sgemm CUDA0 1.178952 171404 40
CPU3 45.120623 171365 sgemm sgemm CUDA2 1.273937 171405 40
CPU11 44.681285 171366 sgemm sgemm CUDA3 1.209653 171406 40
CPU12 45.030468 171367 sgemm sgemm CUDA2 1.313567 171407 40
CPU11 44.540128 171368 sgemm sgemm CUDA1 1.206862 171408 40
CPU4 45.148714 171369 sgemm sgemm CUDA1 1.076873 171409 40
CPU1 45.193960 171370 sgemm sgemm CUDA3 1.204094 171410 40
CPU6 45.388325 171371 sgemm sgemm CUDA0 1.204316 171411 40
CPU1 44.599007 171372 sgemm sgemm CUDA2 1.209973 171412 40
CPU18 44.705430 171373 sgemm sgemm CUDA2 1.187357 171413 40
CPU16 44.751260 171374 sgemm sgemm CUDA0 1.077074 171414 40
CPU2 44.831187 171375 sgemm sgemm CUDA1 1.064237 171415 40
CPU0 45.123573 171376 sgemm sgemm CUDA3 12.535587 171416 40
CPU7 45.034278 171377 sgemm sgemm CUDA2 1.074754 171417 40
CPU9 45.157521 171378 sgemm sgemm CUDA1 12.388894 171418 40
CPU3 45.025264 171379 sgemm sgemm CUDA0 1.077704 171419 40
CPU16 45.005910 171380 sgemm sgemm CUDA1 1.208243 171420 40
CPU12 44.976607 171381 sgemm sgemm CUDA1 1.206295 171421 40
CPU1 45.140086 171382 sgemm sgemm CUDA2 1.203458 171422 40
CPU6 44.957102 171383 sgemm sgemm CUDA1 12.700737 171423 40
CPU5 45.115943 171384 sgemm sgemm CUDA0 1.067753 171424 40
CPU4 44.969625 171385 sgemm sgemm CUDA2 1.082715 171425 40
CPU8 44.945619 171386 sgemm sgemm CUDA0 1.204547 171426 40
CPU13 45.020493 171387 sgemm sgemm CUDA0 1.204170 171427 40
CPU6 45.302648 171388 sgemm sgemm CUDA0 1.210168 171428 40
CPU1 44.749420 171389 sgemm sgemm CPU17 165.522481 171429 40
CPU14 25.006106 171390 ssyrk ssyrk CUDA3 9.917689 171430 40
CPU14 44.679888 171391 sgemm sgemm CUDA0 1.216276 171431 40
CPU14 44.835345 171392 sgemm sgemm CUDA0 1.295249 171432 40
CPU4 44.974041 171393 sgemm sgemm CUDA0 1.074140 171433 40
CPU15 44.727530 171394 sgemm sgemm CUDA1 1.205011 171434 40
CPU14 44.775713 171395 sgemm sgemm CUDA3 13.047948 171435 40
CPU16 44.524764 171396 sgemm sgemm CUDA1 1.198644 171436 40
CPU8 45.045127 171397 sgemm sgemm CUDA1 1.081305 171437 40
CPU17 44.515529 171398 sgemm sgemm CUDA3 1.067036 171438 40
CPU15 44.547533 171399 sgemm sgemm CUDA3 1.212824 171439 40
CPU6 45.150026 171400 sgemm sgemm CUDA1 0.059422 171440 40
CPU5 45.018456 171401 sgemm sgemm CUDA3 1.078796 171441 40
CPU14 44.968762 171402 sgemm sgemm CUDA1 1.083441 171442 40
CPU19 44.857637 171403 sgemm sgemm CUDA0 1.075546 171443 40
CPU9 45.085493 171404 sgemm sgemm CUDA3 1.207883 171444 40
CPU12 44.826788 171405 sgemm sgemm CUDA3 1.208258 171445 40
CPU10 44.716422 171406 sgemm sgemm CUDA0 1.056685 171446 40
CPU18 44.689674 171407 sgemm sgemm CUDA1 1.193960 171447 40
CPU16 46.052617 171408 sgemm sgemm CUDA0 1.196424 171448 40
CPU1 44.822032 171409 sgemm sgemm CUDA0 0.064608 171449 40
CPU14 44.809221 171410 sgemm sgemm CUDA3 1.195560 171450 40
CPU16 44.671428 171411 sgemm sgemm CUDA1 1.368022 171451 40
CPU3 45.133948 171412 sgemm sgemm CUDA1 1.060861 171452 40
CPU19 44.696522 171413 sgemm sgemm CUDA3 1.072956 171453 40
CPU2 44.750853 171414 sgemm sgemm CUDA3 12.054713 171454 40
CPU15 45.016494 171415 sgemm sgemm CUDA2 0.049372 171455 40
CPU5 44.629009 171416 sgemm sgemm CUDA3 1.190030 171456 40
CPU0 45.483817 171417 sgemm sgemm CUDA0 1.066110 171457 40
CPU6 45.258355 171418 sgemm sgemm CUDA3 1.071272 171458 40
CPU17 44.727837 171419 sgemm sgemm CUDA1 1.080340 171459 40
CPU16 44.901715 171420 sgemm sgemm CUDA3 1.063888 171460 40
CPU16 44.936202 171421 sgemm sgemm CUDA3 1.082206 171461 40
CPU16 44.801094 171422 sgemm sgemm CUDA0 6.025773 171462 40
CPU16 45.435473 171423 sgemm sgemm CUDA1 1.296834 171463 40
CPU16 44.983516 171424 sgemm sgemm CPU18 170.697740 171464 40
CPU0 25.104812 171425 ssyrk ssyrk CUDA1 4.067250 171465 40
CPU14 45.721356 171426 sgemm sgemm CUDA3 1.061383 171466 40
CPU6 45.381914 171427 sgemm sgemm CUDA3 1.295169 171467 40
CPU6 45.245343 171428 sgemm sgemm CUDA0 11.670003 171468 40
CPU3 44.574277 171429 sgemm sgemm CUDA3 0.045294 171469 40
CPU15 44.772876 171430 sgemm sgemm CUDA1 1.079401 171470 40
CPU14 45.526682 171431 sgemm sgemm CUDA1 12.913122 171471 40
CPU11 44.506438 171432 sgemm sgemm CUDA3 0.117626 171472 40
CPU15 44.530727 171433 sgemm sgemm CUDA3 1.206703 171473 40
CPU1 45.489640 171434 sgemm sgemm CUDA1 1.294425 171474 40
CPU2 44.888980 171435 sgemm sgemm CUDA0 1.247651 171475 40
CPU10 44.964670 171436 sgemm sgemm CUDA0 1.394287 171476 40
CPU0 45.218875 171437 sgemm sgemm CUDA0 1.064799 171477 40
CPU3 44.879391 171438 sgemm sgemm CUDA0 1.188532 171478 40
CPU8 44.862918 171439 sgemm sgemm CUDA1 1.061992 171479 40
CPU1 44.883267 171440 sgemm sgemm CUDA0 1.208066 171480 40
CPU8 44.657621 171441 sgemm sgemm CUDA1 1.070886 171481 40
CPU11 44.691887 171442 sgemm sgemm CUDA3 1.204625 171482 40
CPU4 44.793892 171443 sgemm sgemm CUDA0 1.080126 171483 40
CPU10 44.821800 171444 sgemm sgemm CUDA3 1.067139 171484 40
CPU2 44.674148 171445 sgemm sgemm CUDA1 1.187581 171485 40
CPU12 45.150577 171446 sgemm sgemm CUDA1 1.076436 171486 40
CPU17 44.763084 171447 sgemm sgemm CUDA0 1.194367 171487 40
CPU9 45.037719 171448 sgemm sgemm CUDA3 1.370643 171488 40
CPU14 45.287904 171449 sgemm sgemm CUDA0 1.491419 171489 40
CPU10 45.074344 171450 sgemm sgemm CUDA1 1.197414 171490 40
CPU6 45.373992 171451 sgemm sgemm CUDA3 0.045960 171491 40
CPU11 44.721271 171452 sgemm sgemm CUDA1 0.040212 171492 40
CPU12 45.043964 171453 sgemm sgemm CUDA3 0.039999 171493 40
CPU10 45.202809 171454 sgemm sgemm CUDA3 1.068694 171494 40
CPU10 44.923319 171455 sgemm sgemm CUDA1 12.239031 171495 40
CPU0 45.578485 171456 sgemm sgemm CPU14 184.607111 171496 40
CPU1 44.854315 171457 sgemm sgemm CUDA1 1.064272 171497 40
CPU3 45.053868 171458 sgemm sgemm CUDA0 1.433382 171498 40
CPU5 24.505483 171459 ssyrk ssyrk CUDA3 0.679537 171499 40
CPU3 44.888078 171460 sgemm sgemm CUDA3 1.066055 171500 40
CPU1 44.946296 171461 sgemm sgemm CUDA0 0.068921 171501 40
CPU4 44.759913 171462 sgemm sgemm CUDA3 1.239570 171502 40
CPU18 44.627272 171463 sgemm sgemm CUDA3 0.060077 171503 40
CPU14 45.710913 171464 sgemm sgemm CUDA1 0.066647 171504 40
CPU17 45.017007 171465 sgemm sgemm CUDA3 1.080794 171505 40
CPU15 44.944186 171466 sgemm sgemm CUDA2 1.343267 171506 40
CPU6 45.257132 171467 sgemm sgemm CUDA1 1.075916 171507 40
CPU4 45.197978 171468 sgemm sgemm CUDA2 13.201117 171508 40
CPU14 44.915611 171469 sgemm sgemm CUDA2 0.110138 171509 40
CPU19 45.027601 171470 sgemm sgemm CUDA0 1.065766 171510 40
CPU17 44.913782 171471 sgemm sgemm CUDA0 1.066647 171511 40
CPU12 45.167151 171472 sgemm sgemm CUDA2 1.064342 171512 40
CPU3 44.922821 171473 sgemm sgemm CUDA3 1.079020 171513 40
CPU9 44.199163 171474 sgemm sgemm CUDA3 1.065337 171514 40
CPU3 44.837473 171475 sgemm sgemm CUDA0 1.200104 171515 40
CPU8 44.653240 171476 sgemm sgemm CUDA0 1.065730 171516 40
CPU11 44.757141 171477 sgemm sgemm CUDA1 12.428158 171517 40
CPU9 44.642552 171478 sgemm sgemm CUDA3 0.041837 171518 40
CPU3 44.504406 171479 sgemm sgemm CUDA2 1.065647 171519 40
CPU15 45.141060 171480 sgemm sgemm CUDA0 12.190679 171520 40
CPU7 44.881175 171481 sgemm sgemm CUDA3 1.211278 171521 40
CPU14 45.003243 171482 sgemm sgemm CUDA0 1.206226 171522 40
CPU6 44.681915 171483 sgemm sgemm CUDA2 12.584114 171523 40
CPU6 44.958191 171484 sgemm sgemm CUDA0 1.078880 171524 40
CPU17 44.892699 171485 sgemm sgemm CUDA3 1.066479 171525 40
CPU19 45.086782 171486 sgemm sgemm CUDA0 1.188813 171526 40
CPU15 44.972147 171487 sgemm sgemm CUDA2 1.199198 171527 40
CPU15 45.128708 171488 sgemm sgemm CUDA2 0.063217 171528 40
CPU15 44.924605 171489 sgemm sgemm CPU15 187.031771 171529 40
CPU15 45.648698 171490 sgemm sgemm CUDA2 1.083529 171530 40
CPU15 45.170071 171491 sgemm sgemm CPU20 153.637980 171531 40
CPU6 25.291439 171492 ssyrk ssyrk CUDA2 0.859722 171532 40
CPU8 44.811307 171493 sgemm sgemm CUDA2 0.060499 171533 40
CPU1 44.774384 171494 sgemm sgemm CUDA3 1.067445 171534 40
CPU12 44.749687 171495 sgemm sgemm CUDA1 1.206284 171535 40
CPU11 44.681774 171496 sgemm sgemm CUDA3 12.882755 171536 40
CPU0 45.548360 171497 sgemm sgemm CUDA2 1.202543 171537 40
CPU15 44.765647 171498 sgemm sgemm CUDA2 1.065209 171538 40
CPU9 44.957625 171499 sgemm sgemm CUDA2 20.221600 171539 40
CPU8 44.312620 171500 sgemm sgemm CUDA0 20.235477 171540 40
CPU15 44.778180 171501 sgemm sgemm CUDA2 0.057708 171541 40
CPU19 45.227683 171502 sgemm sgemm CUDA1 1.206791 171542 40
CPU8 44.755091 171503 sgemm sgemm CUDA2 1.085432 171543 40
CPU3 44.738925 171504 sgemm sgemm CUDA3 12.148565 171544 40
CPU17 44.825465 171505 sgemm sgemm CUDA0 1.193184 171545 40
CPU3 44.502254 171506 sgemm sgemm CUDA2 12.098468 171546 40
CPU15 44.751961 171507 sgemm sgemm CUDA0 1.068642 171547 40
CPU9 44.865886 171508 sgemm sgemm CUDA2 0.059020 171548 40
CPU14 44.806027 171509 sgemm sgemm CUDA3 1.062805 171549 40
CPU15 44.683097 171510 sgemm sgemm CUDA3 1.321929 171550 40
CPU3 44.840186 171511 sgemm sgemm CUDA1 1.192420 171551 40
CPU7 44.638696 171512 sgemm sgemm CUDA0 1.290439 171552 40
CPU9 44.858252 171513 sgemm sgemm CUDA2 1.192138 171553 40
CPU14 44.925250 171514 sgemm sgemm CUDA0 1.210285 171554 40
CPU0 44.891063 171515 sgemm sgemm CUDA1 1.203850 171555 40
CPU4 45.311635 171516 sgemm sgemm CUDA2 1.065517 171556 40
CPU11 44.649714 171517 sgemm sgemm CUDA0 1.206269 171557 40
CPU19 44.764691 171518 sgemm sgemm CUDA0 1.208503 171558 40
CPU17 44.933366 171519 sgemm sgemm CUDA2 1.205186 171559 40
CPU14 44.739992 171520 sgemm sgemm CUDA0 1.211225 171560 40
CPU16 44.735990 171521 sgemm sgemm CPU16 176.023469 171561 40
CPU18 44.564581 171522 sgemm sgemm CUDA2 1.073323 171562 40
CPU17 44.861166 171523 sgemm sgemm CPU21 176.890815 171563 40
CPU17 24.880278 171524 ssyrk ssyrk CUDA0 0.050199 171564 40
CPU5 44.320730 171525 sgemm sgemm CUDA2 12.990645 171565 40
CPU16 44.529333 171526 sgemm sgemm CUDA1 1.067566 171566 40
CPU12 44.759885 171527 sgemm sgemm CUDA1 1.314170 171567 40
CPU8 44.853149 171528 sgemm sgemm CUDA2 1.067966 171568 40
CPU16 44.901318 171529 sgemm sgemm CUDA2 1.197942 171569 40
CPU6 45.278891 171530 sgemm sgemm CUDA2 1.064256 171570 40
CPU17 44.986204 171531 sgemm sgemm CUDA0 0.051776 171571 40
CPU14 44.902367 171532 sgemm sgemm CUDA0 1.300519 171572 40
CPU12 44.686539 171533 sgemm sgemm CUDA0 1.067866 171573 40
CPU4 45.239224 171534 sgemm sgemm CUDA0 1.203202 171574 40
CPU4 44.910888 171535 sgemm sgemm CUDA2 1.194707 171575 40
CPU13 44.695229 171536 sgemm sgemm CUDA2 1.067182 171576 40
CPU5 44.653614 171537 sgemm sgemm CUDA1 1.203434 171577 40
CPU17 44.929241 171538 sgemm sgemm CUDA1 0.054483 171578 40
CPU2 44.998701 171539 sgemm sgemm CUDA1 1.205333 171579 40
CPU15 44.740359 171540 sgemm sgemm CUDA1 1.203247 171580 40
CPU18 44.690548 171541 sgemm sgemm CUDA2 12.257887 171581 40
CPU17 44.987406 171542 sgemm sgemm CUDA2 1.063818 171582 40
CPU14 44.602778 171543 sgemm sgemm CUDA0 1.062085 171583 40
CPU7 45.084007 171544 sgemm sgemm CUDA1 0.064248 171584 40
CPU7 45.009876 171545 sgemm sgemm CUDA2 1.296557 171585 40
CPU19 45.250900 171546 sgemm sgemm CUDA2 0.049532 171586 40
CPU18 44.923254 171547 sgemm sgemm CUDA2 12.528095 171587 40
CPU17 44.812562 171548 sgemm sgemm CUDA0 1.066398 171588 40
CPU18 44.638067 171549 sgemm sgemm CUDA1 1.390749 171589 40
CPU19 45.039729 171550 sgemm sgemm CUDA2 1.067947 171590 40
CPU8 44.868424 171551 sgemm sgemm CUDA1 1.317909 171591 40
CPU4 45.221741 171552 sgemm sgemm CPU17 221.923722 171592 40
CPU6 45.046997 171553 sgemm sgemm CUDA2 0.062927 171593 40
CPU6 44.938508 171554 sgemm sgemm CPU22 165.523076 171594 40
CPU9 24.521417 171555 ssyrk ssyrk CUDA2 0.063301 171595 40
CPU17 44.734231 171556 sgemm sgemm CUDA3 1.011569 171596 40
CPU14 45.641444 171557 sgemm sgemm CUDA2 1.333085 171597 40
CPU17 44.766699 171558 sgemm sgemm CUDA0 1.011080 171598 40
CPU14 44.722852 171559 sgemm sgemm CUDA2 1.144360 171599 40
CPU1 44.772221 171560 sgemm sgemm CUDA1 1.077459 171600 40
CPU19 44.890425 171561 sgemm sgemm CUDA2 1.009012 171601 40
CPU15 44.685907 171562 sgemm sgemm CUDA1 1.139986 171602 40
CPU19 45.120998 171563 sgemm sgemm CUDA0 1.148471 171603 40
CPU5 44.771259 171564 sgemm sgemm CUDA3 1.028894 171604 40
CPU6 44.884527 171565 sgemm sgemm CUDA2 1.146961 171605 40
CPU0 45.395000 171566 sgemm sgemm CUDA1 1.136120 171606 40
CPU0 44.901383 171567 sgemm sgemm CUDA1 1.145107 171607 40
CPU10 45.175496 171568 sgemm sgemm CUDA2 1.009297 171608 40
CPU9 44.706585 171569 sgemm sgemm CUDA3 1.154411 171609 40
CPU8 44.622174 171570 sgemm sgemm CUDA3 1.010231 171610 40
CPU3 44.550508 171571 sgemm sgemm CUDA2 1.152400 171611 40
CPU16 45.031966 171572 sgemm sgemm CUDA2 1.027302 171612 40
CPU19 44.962954 171573 sgemm sgemm CUDA0 1.021994 171613 40
CPU0 44.700060 171574 sgemm sgemm CUDA2 1.200907 171614 40
CPU9 44.656721 171575 sgemm sgemm CUDA2 1.021987 171615 40
CPU0 45.206976 171576 sgemm sgemm CUDA3 1.015935 171616 40
CPU9 45.121036 171577 sgemm sgemm CUDA2 1.155408 171617 40
CPU1 45.004893 171578 sgemm sgemm CUDA1 1.139464 171618 40
CPU6 44.980225 171579 sgemm sgemm CUDA3 1.191722 171619 40
CPU7 44.833691 171580 sgemm sgemm CUDA3 1.150722 171620 40
CPU0 45.087391 171581 sgemm sgemm CUDA0 1.010730 171621 40
CPU1 44.968918 171582 sgemm sgemm CUDA1 1.154720 171622 40
CPU4 44.939156 171583 sgemm sgemm CUDA0 1.013211 171623 40
CPU8 44.606366 171584 sgemm sgemm CUDA1 1.190844 171624 40
CPU17 24.705095 171585 ssyrk ssyrk CUDA2 0.696815 171625 40
CPU19 44.753838 171586 sgemm sgemm CUDA1 1.190451 171626 40
CPU15 44.515039 171587 sgemm sgemm CUDA1 1.210094 171627 40
CPU18 44.736003 171588 sgemm sgemm CUDA3 1.204012 171628 40
CPU7 45.598666 171589 sgemm sgemm CUDA0 2.028470 171629 40
CPU3 44.961798 171590 sgemm sgemm CUDA3 1.085259 171630 40
CPU16 44.514196 171591 sgemm sgemm CUDA0 0.297407 171631 40
CPU19 45.001416 171592 sgemm sgemm CUDA1 12.597698 171632 40
CPU6 44.914411 171593 sgemm sgemm CUDA0 1.196300 171633 40
CPU7 45.101952 171594 sgemm sgemm CUDA2 1.086316 171634 40
CPU18 44.801013 171595 sgemm sgemm CUDA3 1.065470 171635 40
CPU5 44.726552 171596 sgemm sgemm CUDA1 1.194769 171636 40
CPU18 44.749866 171597 sgemm sgemm CUDA1 1.064310 171637 40
CPU17 44.883591 171598 sgemm sgemm CUDA3 1.067243 171638 40
CPU8 44.745457 171599 sgemm sgemm CUDA1 1.085061 171639 40
CPU5 44.947244 171600 sgemm sgemm CUDA2 1.350553 171640 40
CPU9 44.745669 171601 sgemm sgemm CUDA1 1.204082 171641 40
CPU16 44.645075 171602 sgemm sgemm CUDA1 1.066097 171642 40
CPU17 44.934635 171603 sgemm sgemm CUDA3 1.210163 171643 40
CPU16 45.001287 171604 sgemm sgemm CUDA0 1.208170 171644 40
CPU0 45.093504 171605 sgemm sgemm CUDA3 1.191925 171645 40
CPU2 45.002176 171606 sgemm sgemm CUDA3 1.200992 171646 40
CPU17 44.626749 171607 sgemm sgemm CUDA3 1.193327 171647 40
CPU16 44.460261 171608 sgemm sgemm CUDA1 1.067561 171648 40
CPU10 44.856304 171609 sgemm sgemm CUDA3 1.082825 171649 40
CPU6 45.356123 171610 sgemm sgemm CUDA3 1.207127 171650 40
CPU1 45.056966 171611 sgemm sgemm CPU18 229.158784 171651 40
CPU0 45.091067 171612 sgemm sgemm CUDA2 1.317623 171652 40
CPU9 44.752851 171613 sgemm sgemm CUDA2 1.209860 171653 40
CPU14 26.846919 171614 ssyrk ssyrk CUDA1 0.697259 171654 40
CPU14 45.442143 171615 sgemm sgemm CUDA1 1.060654 171655 40
CPU14 44.765903 171616 sgemm sgemm CUDA3 1.286790 171656 40
CPU3 44.887203 171617 sgemm sgemm CUDA2 1.072019 171657 40
CPU12 44.946923 171618 sgemm sgemm CUDA2 1.206178 171658 40
CPU11 44.523714 171619 sgemm sgemm CUDA0 1.294163 171659 40
CPU1 44.969465 171620 sgemm sgemm CUDA0 1.201478 171660 40
CPU10 44.922642 171621 sgemm sgemm CUDA2 0.073932 171661 40
CPU18 45.476997 171622 sgemm sgemm CUDA2 1.064117 171662 40
CPU4 45.186176 171623 sgemm sgemm CUDA3 1.068643 171663 40
CPU3 44.644429 171624 sgemm sgemm CUDA3 1.195002 171664 40
CPU8 44.772332 171625 sgemm sgemm CUDA0 12.931589 171665 40
CPU0 45.085460 171626 sgemm sgemm CUDA2 1.223451 171666 40
CPU15 44.795212 171627 sgemm sgemm CUDA0 1.199914 171667 40
CPU7 44.947295 171628 sgemm sgemm CUDA2 1.084956 171668 40
CPU10 44.932191 171629 sgemm sgemm CUDA2 1.062055 171669 40
CPU11 44.612404 171630 sgemm sgemm CUDA0 1.063048 171670 40
CPU12 44.767452 171631 sgemm sgemm CUDA2 1.064891 171671 40
CPU14 44.875792 171632 sgemm sgemm CUDA2 1.194267 171672 40
CPU10 44.945166 171633 sgemm sgemm CUDA3 1.192798 171673 40
CPU8 45.109631 171634 sgemm sgemm CUDA1 1.213366 171674 40
CPU1 45.217694 171635 sgemm sgemm CUDA2 8.682973 171675 40
CPU14 44.544006 171636 sgemm sgemm CUDA0 1.195877 171676 40
CPU14 44.842493 171637 sgemm sgemm CUDA2 1.061455 171677 40
CPU14 44.666292 171638 sgemm sgemm CUDA2 1.064835 171678 40
CPU14 44.600286 171639 sgemm sgemm CPU19 225.377208 171679 40
CPU14 44.826936 171640 sgemm sgemm CUDA2 1.205189 171680 40
CPU14 45.034813 171641 sgemm sgemm CUDA2 1.194709 171681 40
CPU7 25.090524 171642 ssyrk ssyrk CUDA1 0.675951 171682 40
CPU15 44.374437 171643 sgemm sgemm CUDA3 1.205888 171683 40
CPU6 45.223816 171644 sgemm sgemm CUDA2 1.211956 171684 40
CPU9 45.006674 171645 sgemm sgemm CUDA2 0.081814 171685 40
CPU11 44.435074 171646 sgemm sgemm CUDA1 1.209064 171686 40
CPU10 44.820536 171647 sgemm sgemm CUDA0 1.206253 171687 40
CPU18 44.712330 171648 sgemm sgemm CUDA2 1.288757 171688 40
CPU10 44.944849 171649 sgemm sgemm CUDA2 1.193604 171689 40
CPU10 44.489579 171650 sgemm sgemm CUDA0 1.196657 171690 40
CPU15 44.793613 171651 sgemm sgemm CUDA3 1.196993 171691 40
CPU8 44.920906 171652 sgemm sgemm CUDA0 0.075620 171692 40
CPU8 44.813210 171653 sgemm sgemm CUDA3 1.202472 171693 40
CPU6 45.012545 171654 sgemm sgemm CUDA0 1.065490 171694 40
CPU18 44.692044 171655 sgemm sgemm CUDA2 1.081954 171695 40
CPU6 45.001570 171656 sgemm sgemm CUDA2 13.097655 171696 40
CPU12 44.713812 171657 sgemm sgemm CUDA2 1.065803 171697 40
CPU3 44.994239 171658 sgemm sgemm CUDA2 1.063135 171698 40
CPU9 44.770954 171659 sgemm sgemm CUDA3 12.074188 171699 40
CPU2 44.700338 171660 sgemm sgemm CUDA3 1.196156 171700 40
CPU3 45.316846 171661 sgemm sgemm CUDA1 0.043743 171701 40
CPU4 45.317778 171662 sgemm sgemm CUDA0 12.428576 171702 40
CPU9 45.195143 171663 sgemm sgemm CUDA0 1.078787 171703 40
CPU6 45.115656 171664 sgemm sgemm CUDA1 1.198224 171704 40
CPU6 45.051578 171665 sgemm sgemm CUDA0 1.081580 171705 40
CPU6 45.130588 171666 sgemm sgemm CPU20 217.114995 171706 40
CPU6 44.972050 171667 sgemm sgemm CUDA1 1.200952 171707 40
CPU5 44.593834 171668 sgemm sgemm CUDA0 1.078625 171708 40
CPU14 25.116339 171669 ssyrk ssyrk CPU -1 171709 40
CPU16 44.889247 171670 sgemm sgemm CUDA2 1.083725 171710 40
CPU10 44.993203 171671 sgemm sgemm CUDA2 1.066231 171711 40
CPU6 45.512208 171672 sgemm sgemm CUDA2 1.204433 171712 40
CPU14 44.827179 171673 sgemm sgemm CUDA0 1.068845 171713 40
CPU18 44.822024 171674 sgemm sgemm CUDA0 12.741266 171714 40
CPU14 44.767536 171675 sgemm sgemm CUDA2 1.210910 171715 40
CPU19 44.852218 171676 sgemm sgemm CUDA2 0.058534 171716 40
CPU4 44.629532 171677 sgemm sgemm CUDA2 1.205286 171717 40
CPU15 44.745675 171678 sgemm sgemm CUDA0 1.284770 171718 40
CPU8 44.635677 171679 sgemm sgemm CUDA0 1.066525 171719 40
CPU1 44.787737 171680 sgemm sgemm CUDA0 1.191785 171720 40
CPU5 44.627455 171681 sgemm sgemm CUDA2 1.201359 171721 40
CPU3 44.662100 171682 sgemm sgemm CUDA2 1.350306 171722 40
CPU9 44.677224 171683 sgemm sgemm CUDA2 1.209303 171723 40
CPU9 44.795709 171684 sgemm sgemm CUDA3 1.076439 171724 40
CPU15 44.920932 171685 sgemm sgemm CUDA3 0.268337 171725 40
CPU17 44.928889 171686 sgemm sgemm CUDA2 1.315861 171726 40
CPU17 44.793765 171687 sgemm sgemm CUDA2 1.389115 171727 40
CPU11 44.597197 171688 sgemm sgemm CUDA3 1.206218 171728 40
CPU5 45.219781 171689 sgemm sgemm CUDA3 1.076951 171729 40
CPU1 44.935065 171690 sgemm sgemm CUDA3 1.064807 171730 40
CPU3 45.049873 171691 sgemm sgemm CUDA3 1.212672 171731 40
CPU2 45.141062 171692 sgemm sgemm CPU21 207.045335 171732 40
CPU9 44.780989 171693 sgemm sgemm CUDA2 1.065070 171733 40
CPU5 44.685908 171694 sgemm sgemm CUDA2 1.197103 171734 40
CPU4 25.310232 171695 ssyrk ssyrk CUDA1 0.674695 171735 40
CPU6 44.925207 171696 sgemm sgemm CUDA2 1.360787 171736 40
CPU15 44.475807 171697 sgemm sgemm CUDA0 9.996019 171737 40
CPU4 45.020532 171698 sgemm sgemm CUDA0 20.874400 171738 40
CPU5 44.772884 171699 sgemm sgemm CUDA1 1.066845 171739 40
CPU6 44.873128 171700 sgemm sgemm CUDA1 0.057610 171740 40
CPU11 44.775442 171701 sgemm sgemm CUDA3 1.063516 171741 40
CPU2 44.244030 171702 sgemm sgemm CUDA3 1.066547 171742 40
CPU14 45.333392 171703 sgemm sgemm CUDA3 1.065080 171743 40
CPU12 44.822962 171704 sgemm sgemm CUDA3 1.064871 171744 40
CPU12 44.789453 171705 sgemm sgemm CUDA2 0.056683 171745 40
CPU11 44.777611 171706 sgemm sgemm CUDA1 1.078188 171746 40
CPU18 45.072593 171707 sgemm sgemm CUDA1 1.062991 171747 40
CPU19 44.891354 171708 sgemm sgemm CUDA0 1.066884 171748 40
CPU17 44.589293 171709 sgemm sgemm CUDA2 12.596305 171749 40
CPU11 44.815020 171710 sgemm sgemm CUDA1 1.067337 171750 40
CPU10 45.238640 171711 sgemm sgemm CUDA2 1.084884 171751 40
CPU0 45.359969 171712 sgemm sgemm CUDA0 1.066530 171752 40
CPU18 44.486442 171713 sgemm sgemm CUDA2 0.046907 171753 40
CPU17 44.831184 171714 sgemm sgemm CUDA3 1.068838 171754 40
CPU15 45.207978 171715 sgemm sgemm CUDA3 1.201051 171755 40
CPU16 44.730417 171716 sgemm sgemm CUDA0 12.267139 171756 40
CPU15 44.741079 171717 sgemm sgemm CPU22 211.826569 171757 40
CPU15 44.986264 171718 sgemm sgemm CUDA2 1.208064 171758 40
CPU16 44.882744 171719 sgemm sgemm CUDA2 1.065538 171759 40
CPU4 25.142234 171720 ssyrk ssyrk CUDA3 0.682120 171760 40
CPU14 45.585196 171721 sgemm sgemm CUDA2 1.198688 171761 40
CPU0 45.454311 171722 sgemm sgemm CUDA0 0.100188 171762 40
CPU10 44.829642 171723 sgemm sgemm CUDA0 1.066543 171763 40
CPU11 44.942442 171724 sgemm sgemm CUDA3 0.063438 171764 40
CPU14 44.563685 171725 sgemm sgemm CUDA3 1.083496 171765 40
CPU19 45.183749 171726 sgemm sgemm CUDA3 1.189966 171766 40
CPU7 44.849069 171727 sgemm sgemm CUDA0 1.061520 171767 40
CPU3 44.642390 171728 sgemm sgemm CUDA3 1.075288 171768 40
CPU15 44.839507 171729 sgemm sgemm CUDA2 1.063774 171769 40
CPU16 44.922809 171730 sgemm sgemm CUDA0 1.071483 171770 40
CPU14 44.823699 171731 sgemm sgemm CUDA2 1.200395 171771 40
CPU17 44.700320 171732 sgemm sgemm CUDA0 1.065849 171772 40
CPU8 44.924552 171733 sgemm sgemm CUDA3 1.068774 171773 40
CPU15 44.854286 171734 sgemm sgemm CUDA3 1.353966 171774 40
CPU17 45.279720 171735 sgemm sgemm CUDA3 1.191871 171775 40
CPU4 45.158694 171736 sgemm sgemm CUDA3 1.207724 171776 40
CPU2 45.306670 171737 sgemm sgemm CUDA3 1.194212 171777 40
CPU10 44.915723 171738 sgemm sgemm CUDA0 3.168719 171778 40
CPU13 45.216658 171739 sgemm sgemm CUDA2 1.195086 171779 40
CPU18 44.688403 171740 sgemm sgemm CUDA2 1.084411 171780 40
CPU9 44.998453 171741 sgemm sgemm CUDA0 1.064687 171781 40
CPU5 45.064270 171742 sgemm sgemm CUDA0 11.963390 171782 40
CPU13 45.196725 171743 sgemm sgemm CUDA2 1.068841 171783 40
CPU3 24.908903 171744 ssyrk ssyrk CUDA1 0.680552 171784 40
CPU15 44.856085 171745 sgemm sgemm CUDA1 1.365009 171785 40
CPU17 44.905398 171746 sgemm sgemm CUDA0 1.206689 171786 40
CPU1 45.020212 171747 sgemm sgemm CUDA2 1.064703 171787 40
CPU9 45.161824 171748 sgemm sgemm CUDA0 1.209938 171788 40
CPU2 44.823963 171749 sgemm sgemm CUDA0 1.064955 171789 40
CPU7 44.799414 171750 sgemm sgemm CUDA0 1.204649 171790 40
CPU0 45.051694 171751 sgemm sgemm CUDA2 1.066086 171791 40
CPU0 45.168787 171752 sgemm sgemm CUDA0 0.041925 171792 40
CPU1 45.013468 171753 sgemm sgemm CUDA0 12.694063 171793 40
CPU0 45.027152 171754 sgemm sgemm CUDA1 12.144660 171794 40
CPU9 44.932006 171755 sgemm sgemm CUDA0 1.187369 171795 40
CPU2 45.025256 171756 sgemm sgemm CUDA2 1.370687 171796 40
CPU15 44.761590 171757 sgemm sgemm CUDA1 1.214744 171797 40
CPU4 44.909908 171758 sgemm sgemm CUDA0 12.112292 171798 40
CPU6 45.217320 171759 sgemm sgemm CUDA1 1.193327 171799 40
CPU18 44.465082 171760 sgemm sgemm CUDA0 0.187461 171800 40
CPU7 45.127636 171761 sgemm sgemm CUDA1 1.068068 171801 40
CPU4 45.101424 171762 sgemm sgemm CUDA1 1.196028 171802 40
CPU6 45.070898 171763 sgemm sgemm CUDA0 0.061644 171803 40
CPU5 45.130923 171764 sgemm sgemm CUDA0 1.198616 171804 40
CPU4 45.167038 171765 sgemm sgemm CUDA0 1.286487 171805 40
CPU2 44.998562 171766 sgemm sgemm CUDA2 1.064670 171806 40
CPU14 24.900557 171767 ssyrk ssyrk CPU -1 171807 40
CPU19 44.768956 171768 sgemm sgemm CUDA1 1.193418 171808 40
CPU12 44.514550 171769 sgemm sgemm CUDA1 1.065874 171809 40
CPU12 44.837161 171770 sgemm sgemm CUDA0 1.069401 171810 40
CPU16 44.874531 171771 sgemm sgemm CUDA0 1.076726 171811 40
CPU17 45.096750 171772 sgemm sgemm CUDA0 4.390576 171812 40
CPU5 44.752887 171773 sgemm sgemm CUDA0 1.318913 171813 40
CPU14 45.024457 171774 sgemm sgemm CUDA1 1.207796 171814 40
CPU19 44.751209 171775 sgemm sgemm CUDA1 1.065502 171815 40
CPU3 44.942402 171776 sgemm sgemm CUDA1 1.204243 171816 40
CPU16 45.575936 171777 sgemm sgemm CUDA0 0.059326 171817 40
CPU0 44.899472 171778 sgemm sgemm CUDA1 1.080128 171818 40
CPU16 44.953605 171779 sgemm sgemm CPU -1 171819 40
CPU7 44.685282 171780 sgemm sgemm CUDA0 0.067362 171820 40
CPU8 44.710647 171781 sgemm sgemm CUDA0 1.185169 171821 40
CPU1 45.060833 171782 sgemm sgemm CUDA2 0.062307 171822 40
CPU1 45.058843 171783 sgemm sgemm CUDA1 1.211108 171823 40
CPU0 45.268265 171784 sgemm sgemm CUDA1 1.209020 171824 40
CPU18 44.719400 171785 sgemm sgemm CUDA1 1.064524 171825 40
CPU18 44.552683 171786 sgemm sgemm CPU -1 171826 40
CPU17 44.899750 171787 sgemm sgemm CUDA0 1.082101 171827 40
CPU17 45.047094 171788 sgemm sgemm CUDA2 1.068732 171828 40
CPU7 25.104873 171789 ssyrk ssyrk CUDA0 0.671483 171829 40
CPU8 44.913763 171790 sgemm sgemm CUDA3 1.363235 171830 40
CPU15 44.785417 171791 sgemm sgemm CUDA1 1.257131 171831 40
CPU18 45.007853 171792 sgemm sgemm CUDA1 1.203277 171832 40
CPU6 44.866455 171793 sgemm sgemm CUDA0 0.055449 171833 40
CPU12 45.020777 171794 sgemm sgemm CUDA1 1.078897 171834 40
CPU16 44.838151 171795 sgemm sgemm CUDA2 1.064512 171835 40
CPU10 45.252240 171796 sgemm sgemm CUDA2 1.076214 171836 40
CPU11 45.006394 171797 sgemm sgemm CUDA3 0.048898 171837 40
CPU17 44.914468 171798 sgemm sgemm CUDA3 1.065959 171838 40
CPU19 44.992160 171799 sgemm sgemm CUDA3 12.364032 171839 40
CPU19 45.117839 171800 sgemm sgemm CPU -1 171840 40
CPU16 45.118868 171801 sgemm sgemm CUDA0 1.284325 171841 40
CPU15 44.950121 171802 sgemm sgemm CUDA2 1.079431 171842 40
CPU15 44.803605 171803 sgemm sgemm CUDA2 1.417011 171843 40
CPU15 44.776155 171804 sgemm sgemm CUDA3 0.051825 171844 40
CPU15 44.953478 171805 sgemm sgemm CUDA1 1.074609 171845 40
CPU15 45.372432 171806 sgemm sgemm CUDA3 1.068077 171846 40
CPU14 44.881253 171807 sgemm sgemm CUDA0 1.081288 171847 40
CPU15 45.094128 171808 sgemm sgemm CUDA2 1.064949 171848 40
CPU15 45.224030 171809 sgemm sgemm CUDA0 16.897562 171849 40
CPU9 24.653004 171810 ssyrk ssyrk CUDA2 0.691216 171850 40
CPU6 45.175674 171811 sgemm sgemm CUDA3 12.497517 171851 40
CPU8 44.951938 171812 sgemm sgemm CUDA2 1.066294 171852 40
CPU4 44.910117 171813 sgemm sgemm CUDA1 1.193531 171853 40
CPU18 44.729141 171814 sgemm sgemm CUDA3 12.417854 171854 40
CPU6 45.193847 171815 sgemm sgemm CUDA3 1.314876 171855 40
CPU8 45.033231 171816 sgemm sgemm CUDA3 1.065658 171856 40
CPU4 44.713238 171817 sgemm sgemm CUDA3 1.315341 171857 40
CPU5 44.745017 171818 sgemm sgemm CUDA3 1.203756 171858 40
CPU8 45.100491 171819 sgemm sgemm CUDA1 1.076968 171859 40
CPU15 45.049922 171820 sgemm sgemm CPU13 173.392413 171860 40
CPU9 44.782192 171821 sgemm sgemm CUDA0 1.207522 171861 40
CPU2 45.033326 171822 sgemm sgemm CUDA3 1.068266 171862 40
CPU0 45.168762 171823 sgemm sgemm CUDA2 1.072543 171863 40
CPU16 44.726788 171824 sgemm sgemm CUDA1 1.194952 171864 40
CPU18 45.119429 171825 sgemm sgemm CUDA3 12.528138 171865 40
CPU6 45.262265 171826 sgemm sgemm CUDA2 1.198040 171866 40
CPU9 45.192958 171827 sgemm sgemm CUDA0 1.066959 171867 40
CPU2 45.110717 171828 sgemm sgemm CUDA2 1.078440 171868 40
CPU5 44.939099 171829 sgemm sgemm CUDA0 0.049593 171869 40
CPU10 24.968326 171830 ssyrk ssyrk CPU -1 171870 40
CPU11 44.724647 171831 sgemm sgemm CUDA3 0.041308 171871 40
CPU5 44.723666 171832 sgemm sgemm CUDA3 1.064595 171872 40
CPU7 45.139799 171833 sgemm sgemm CUDA2 1.195529 171873 40
CPU0 45.121248 171834 sgemm sgemm CUDA2 1.204408 171874 40
CPU2 45.134267 171835 sgemm sgemm CUDA3 1.205068 171875 40
CPU6 44.747046 171836 sgemm sgemm CUDA2 12.113966 171876 40
CPU11 44.756225 171837 sgemm sgemm CUDA3 1.075105 171877 40
CPU17 44.929376 171838 sgemm sgemm CUDA2 1.082484 171878 40
CPU1 44.743838 171839 sgemm sgemm CUDA3 1.226542 171879 40
CPU8 44.557710 171840 sgemm sgemm CUDA0 1.195884 171880 40
CPU0 45.274325 171841 sgemm sgemm CUDA1 1.067343 171881 40
CPU11 44.842566 171842 sgemm sgemm CUDA2 1.075311 171882 40
CPU12 45.064377 171843 sgemm sgemm CUDA1 12.141987 171883 40
CPU10 44.942031 171844 sgemm sgemm CUDA3 1.065970 171884 40
CPU7 45.203438 171845 sgemm sgemm CUDA2 1.206770 171885 40
CPU3 45.275717 171846 sgemm sgemm CPU23 208.751531 171886 40
CPU7 45.204122 171847 sgemm sgemm CUDA0 1.208217 171887 40
CPU1 45.051931 171848 sgemm sgemm CPU26 210.171914 171888 40
CPU8 24.743427 171849 ssyrk ssyrk CPU -1 171889 40
CPU14 45.149403 171850 sgemm sgemm CUDA2 1.192076 171890 40
CPU2 44.440206 171851 sgemm sgemm CUDA3 1.302598 171891 40
CPU3 44.561298 171852 sgemm sgemm CUDA0 1.365270 171892 40
CPU1 44.712477 171853 sgemm sgemm CUDA1 1.201340 171893 40
CPU2 44.560768 171854 sgemm sgemm CUDA1 1.190615 171894 40
CPU4 44.808492 171855 sgemm sgemm CUDA1 1.209694 171895 40
CPU4 44.729578 171856 sgemm sgemm CUDA3 1.188876 171896 40
CPU14 44.966862 171857 sgemm sgemm CUDA1 1.067786 171897 40
CPU10 45.194537 171858 sgemm sgemm CUDA0 1.197510 171898 40
CPU9 44.750643 171859 sgemm sgemm CUDA2 1.195223 171899 40
CPU18 44.608547 171860 sgemm sgemm CUDA2 1.064118 171900 40
CPU5 44.917125 171861 sgemm sgemm CUDA1 0.061151 171901 40
CPU3 44.992427 171862 sgemm sgemm CUDA1 1.065088 171902 40
CPU4 44.762258 171863 sgemm sgemm CUDA0 1.209487 171903 40
CPU8 44.748460 171864 sgemm sgemm CPU24 187.003572 171904 40
CPU6 45.094245 171865 sgemm sgemm CUDA0 1.077525 171905 40
CPU7 44.731264 171866 sgemm sgemm CUDA0 1.315330 171906 40
CPU16 24.594299 171867 ssyrk ssyrk CPU -1 171907 40
CPU18 44.944883 171868 sgemm sgemm CUDA1 0.058037 171908 40
CPU5 44.670169 171869 sgemm sgemm CUDA1 1.063031 171909 40
CPU4 44.896783 171870 sgemm sgemm CUDA1 1.068466 171910 40
CPU3 44.794506 171871 sgemm sgemm CUDA1 0.062358 171911 40
CPU0 44.840600 171872 sgemm sgemm CUDA3 0.041757 171912 40
CPU1 45.075389 171873 sgemm sgemm CUDA2 1.065280 171913 40
CPU15 44.791452 171874 sgemm sgemm CUDA1 12.084837 171914 40
CPU11 44.728966 171875 sgemm sgemm CUDA0 1.079727 171915 40
CPU7 45.160092 171876 sgemm sgemm CUDA0 1.442604 171916 40
CPU19 44.896191 171877 sgemm sgemm CUDA3 1.080228 171917 40
CPU8 44.932056 171878 sgemm sgemm CUDA0 1.064398 171918 40
CPU15 44.714546 171879 sgemm sgemm CUDA1 1.307767 171919 40
CPU10 44.915366 171880 sgemm sgemm CUDA0 1.204422 171920 40
CPU0 45.413236 171881 sgemm sgemm CPU25 182.192210 171921 40
CPU3 45.023319 171882 sgemm sgemm CUDA2 0.065154 171922 40
CPU2 44.707242 171883 sgemm sgemm CUDA2 12.295483 171923 40
CPU19 25.167571 171884 ssyrk ssyrk CPU -1 171924 40
CPU4 44.652741 171885 sgemm sgemm CUDA0 1.086184 171925 40
CPU19 44.933040 171886 sgemm sgemm CUDA0 1.206917 171926 40
CPU3 44.641160 171887 sgemm sgemm CUDA3 1.067626 171927 40
CPU12 45.150395 171888 sgemm sgemm CUDA0 1.080468 171928 40
CPU3 45.079779 171889 sgemm sgemm CUDA1 1.312133 171929 40
CPU10 45.220831 171890 sgemm sgemm CUDA2 1.211554 171930 40
CPU11 44.941529 171891 sgemm sgemm CUDA0 1.065192 171931 40
CPU5 44.848965 171892 sgemm sgemm CUDA1 1.063425 171932 40
CPU1 44.925000 171893 sgemm sgemm CUDA1 1.531738 171933 40
CPU6 45.067886 171894 sgemm sgemm CUDA3 1.207108 171934 40
CPU7 44.880724 171895 sgemm sgemm CUDA1 1.069080 171935 40
CPU13 45.140308 171896 sgemm sgemm CUDA2 1.196029 171936 40
CPU9 44.932767 171897 sgemm sgemm CUDA2 1.195491 171937 40
CPU0 45.220050 171898 sgemm sgemm CUDA0 1.078457 171938 40
CPU10 45.122177 171899 sgemm sgemm CUDA2 0.052649 171939 40
CPU11 24.614330 171900 ssyrk ssyrk CPU -1 171940 40
CPU17 45.146974 171901 sgemm sgemm CUDA2 1.063536 171941 40
CPU19 44.968498 171902 sgemm sgemm CUDA2 1.080865 171942 40
CPU15 45.089570 171903 sgemm sgemm CUDA1 1.083093 171943 40
CPU12 44.889396 171904 sgemm sgemm CUDA1 1.200633 171944 40
CPU12 45.011695 171905 sgemm sgemm CUDA1 0.040071 171945 40
CPU16 44.876062 171906 sgemm sgemm CUDA0 1.071563 171946 40
CPU11 44.759013 171907 sgemm sgemm CUDA3 1.068841 171947 40
CPU11 44.674532 171908 sgemm sgemm CUDA2 1.205492 171948 40
CPU4 45.126709 171909 sgemm sgemm CUDA3 1.208470 171949 40
CPU9 45.022172 171910 sgemm sgemm CUDA2 12.345606 171950 40
CPU12 45.159449 171911 sgemm sgemm CUDA1 1.063750 171951 40
CPU10 45.041225 171912 sgemm sgemm CPU26 179.298410 171952 40
CPU17 45.747614 171913 sgemm sgemm CUDA2 0.059023 171953 40
CPU19 44.942407 171914 sgemm sgemm CUDA2 1.411920 171954 40
CPU19 24.909513 171915 ssyrk ssyrk CPU -1 171955 40
CPU7 45.056811 171916 sgemm sgemm CUDA2 12.184658 171956 40
CPU0 45.256003 171917 sgemm sgemm CUDA2 0.050741 171957 40
CPU11 44.709060 171918 sgemm sgemm CUDA0 1.191852 171958 40
CPU19 45.035064 171919 sgemm sgemm CUDA2 1.068987 171959 40
CPU5 44.653588 171920 sgemm sgemm CUDA1 1.066820 171960 40
CPU4 45.135462 171921 sgemm sgemm CUDA1 1.210425 171961 40
CPU16 44.771523 171922 sgemm sgemm CUDA0 1.337758 171962 40
CPU15 45.003330 171923 sgemm sgemm CUDA0 1.076005 171963 40
CPU8 44.820020 171924 sgemm sgemm CUDA2 10.585585 171964 40
CPU10 45.422547 171925 sgemm sgemm CUDA1 1.205565 171965 40
CPU1 45.266825 171926 sgemm sgemm CPU -1 171966 40
CPU9 44.935007 171927 sgemm sgemm CUDA1 1.298617 171967 40
CPU17 45.088895 171928 sgemm sgemm CUDA2 1.066065 171968 40
CPU9 24.336894 171929 ssyrk ssyrk CPU -1 171969 40
CPU4 44.750567 171930 sgemm sgemm CUDA1 12.219509 171970 40
CPU5 44.777523 171931 sgemm sgemm CUDA2 1.207991 171971 40
CPU2 44.330030 171932 sgemm sgemm CPU -1 171972 40
CPU7 44.899357 171933 sgemm sgemm CPU12 174.785374 171973 40
CPU2 45.023705 171934 sgemm sgemm CUDA2 1.081353 171974 40
CPU8 45.149352 171935 sgemm sgemm CUDA3 1.225578 171975 40
CPU3 45.156513 171936 sgemm sgemm CUDA3 1.189128 171976 40
CPU1 44.697175 171937 sgemm sgemm CUDA3 1.322574 171977 40
CPU0 45.194561 171938 sgemm sgemm CUDA3 1.209919 171978 40
CPU8 45.103036 171939 sgemm sgemm CUDA2 1.084002 171979 40
CPU7 44.905927 171940 sgemm sgemm CUDA2 1.064199 171980 40
CPU6 44.674151 171941 sgemm sgemm CPU -1 171981 40
CPU19 24.868376 171942 ssyrk ssyrk CPU -1 171982 40
CPU7 45.277310 171943 sgemm sgemm CUDA3 1.206507 171983 40
CPU4 44.871964 171944 sgemm sgemm CUDA3 8.122003 171984 40
CPU1 44.769141 171945 sgemm sgemm CPU -1 171985 40
CPU2 44.962891 171946 sgemm sgemm CUDA1 1.062981 171986 40
CPU0 45.337730 171947 sgemm sgemm CUDA1 1.080767 171987 40
CPU1 45.022479 171948 sgemm sgemm CUDA3 1.211481 171988 40
CPU2 44.944023 171949 sgemm sgemm CUDA0 1.061364 171989 40
CPU3 44.880519 171950 sgemm sgemm CUDA1 12.301261 171990 40
CPU4 45.391505 171951 sgemm sgemm CUDA2 1.202870 171991 40
CPU0 45.084480 171952 sgemm sgemm CUDA2 1.317780 171992 40
CPU2 44.765365 171953 sgemm sgemm CPU27 207.097796 171993 40
CPU7 25.420273 171954 ssyrk ssyrk CPU -1 171994 40
CPU8 44.921122 171955 sgemm sgemm CUDA1 1.300158 171995 40
CPU1 44.776347 171956 sgemm sgemm CUDA0 1.193044 171996 40
CPU0 45.342193 171957 sgemm sgemm CUDA1 1.211791 171997 40
CPU8 44.960718 171958 sgemm sgemm CUDA2 1.073315 171998 40
CPU9 45.007799 171959 sgemm sgemm CUDA0 1.064001 171999 40
CPU8 44.955761 171960 sgemm sgemm CUDA1 1.064664 172000 40
CPU7 45.239355 171961 sgemm sgemm CUDA3 12.091287 172001 40
CPU7 45.417908 171962 sgemm sgemm CUDA2 1.205720 172002 40
CPU8 45.077154 171963 sgemm sgemm CUDA2 1.194241 172003 40
CPU9 44.903437 171964 sgemm sgemm CPU28 223.773922 172004 40
CPU19 25.136763 171965 ssyrk ssyrk CPU -1 172005 40
CPU17 45.194697 171966 sgemm sgemm CUDA1 2.631340 172006 40
CPU10 44.895500 171967 sgemm sgemm CUDA2 1.081954 172007 40
CPU19 44.958174 171968 sgemm sgemm CUDA3 1.205060 172008 40
CPU19 44.825255 171969 sgemm sgemm CUDA0 1.192923 172009 40
CPU18 44.755917 171970 sgemm sgemm CUDA1 0.118156 172010 40
CPU19 45.195700 171971 sgemm sgemm CUDA1 1.281569 172011 40
CPU18 44.637093 171972 sgemm sgemm CUDA2 1.208676 172012 40
CPU19 45.343221 171973 sgemm sgemm CUDA2 4.800553 172013 40
CPU19 45.173261 171974 sgemm sgemm CUDA0 1.065474 172014 40
CPU0 24.907282 171975 ssyrk ssyrk CPU13 83.395958 172015 40
CPU6 45.135339 171976 sgemm sgemm CUDA0 1.362539 172016 40
CPU2 44.864176 171977 sgemm sgemm CUDA1 1.203585 172017 40
CPU3 44.958819 171978 sgemm sgemm CUDA0 1.067234 172018 40
CPU9 44.763425 171979 sgemm sgemm CPU14 127.704557 172019 40
CPU5 44.844857 171980 sgemm sgemm CPU15 229.603988 172020 40
CPU0 45.293911 171981 sgemm sgemm CPU29 251.487455 172021 40
CPU3 44.603219 171982 sgemm sgemm CPU16 143.259254 172022 40
CPU1 44.578990 171983 sgemm sgemm CPU29 175.040073 172023 40
CPU9 24.712377 171984 ssyrk ssyrk CPU -1 172024 40
CPU4 45.028780 171985 sgemm sgemm CUDA0 1.066834 172025 40
CPU11 44.684692 171986 sgemm sgemm CUDA0 1.063830 172026 40
CPU19 44.663582 171987 sgemm sgemm CUDA2 1.209262 172027 40
CPU15 44.835613 171988 sgemm sgemm CUDA2 0.063443 172028 40
CPU16 44.791375 171989 sgemm sgemm CUDA0 1.201309 172029 40
CPU10 45.058729 171990 sgemm sgemm CUDA0 1.198804 172030 40
CPU19 45.275002 171991 sgemm sgemm CUDA2 1.064194 172031 40
CPU12 25.029728 171992 ssyrk ssyrk CUDA3 0.679916 172032 40
CPU12 45.090689 171993 sgemm sgemm CUDA3 1.205841 172033 40
CPU11 44.855864 171994 sgemm sgemm CUDA1 1.206115 172034 40
CPU0 45.369489 171995 sgemm sgemm CUDA2 1.205442 172035 40
CPU5 45.182897 171996 sgemm sgemm CUDA1 1.190421 172036 40
CPU14 44.935442 171997 sgemm sgemm CUDA1 1.078906 172037 40
CPU12 45.558940 171998 sgemm sgemm CUDA0 1.210096 172038 40
CPU10 24.940765 171999 ssyrk ssyrk CPU -1 172039 40
CPU16 44.929336 172000 sgemm sgemm CUDA1 1.068323 172040 40
CPU7 45.397304 172001 sgemm sgemm CUDA0 1.203445 172041 40
CPU3 45.152462 172002 sgemm sgemm CPU30 232.768917 172042 40
CPU0 45.416094 172003 sgemm sgemm CUDA1 1.069948 172043 40
CPU6 45.194284 172004 sgemm sgemm CUDA0 1.211590 172044 40
CPU4 25.032756 172005 ssyrk ssyrk CPU -1 172045 40
CPU8 45.058647 172006 sgemm sgemm CUDA0 1.068924 172046 40
CPU9 45.140183 172007 sgemm sgemm CPU31 234.303845 172047 40
CPU7 44.935166 172008 sgemm sgemm CUDA1 12.093778 172048 40
CPU2 44.574250 172009 sgemm sgemm CUDA0 1.196266 172049 40
CPU18 24.669570 172010 ssyrk ssyrk CPU10 168.396644 172050 40
CPU1 45.049195 172011 sgemm sgemm CUDA2 1.066573 172051 40
CPU15 44.913088 172012 sgemm sgemm CUDA2 1.292541 172052 40
CPU8 44.935796 172013 sgemm sgemm CUDA0 1.081426 172053 40
CPU13 24.981029 172014 ssyrk ssyrk CPU33 125.494339 172054 40
CPU13 45.172634 172015 sgemm sgemm CPU34 201.694979 172055 40
CPU1 44.829727 172016 sgemm sgemm CPU35 232.949916 172056 40
CPU5 24.576203 172017 ssyrk ssyrk CPU -1 172057 40
CPU10 45.079459 172018 sgemm sgemm CUDA0 1.066997 172058 40
CPU7 24.955049 172019 ssyrk ssyrk CPU32 156.673862 172059 40
CPU2 30.430445 172022 strmm strmm CUDA2 4.490761 172062 40
CPU16 31.162803 172026 strmm strmm CUDA0 4.522071 172066 40
CPU15 29.964088 172030 strmm strmm CUDA1 4.485455 172070 40
CPU14 31.069031 172034 strmm strmm CUDA1 14.015479 172074 40
CPU5 31.064848 172038 strmm strmm CUDA1 0.030995 172078 40
CPU10 30.187960 172042 strmm strmm CUDA3 4.285358 172082 40
CPU14 30.087710 172046 strmm strmm CUDA3 13.391737 172086 40
CPU9 31.227155 172050 strmm strmm CUDA3 0.030638 172090 40
CPU4 30.912772 172054 strmm strmm CUDA0 4.281073 172094 40
CPU0 30.129801 172058 strmm strmm CUDA0 13.776204 172098 40
CPU4 30.837008 172062 strmm strmm CUDA0 0.029040 172102 40
CPU13 29.862199 172066 strmm strmm CUDA2 0.032295 172106 40
CPU16 29.900630 172070 strmm strmm CUDA0 4.635787 172110 40
CPU3 31.450420 172074 strmm strmm CUDA1 4.284622 172114 40
CPU15 31.027817 172078 strmm strmm CUDA0 4.486942 172118 40
CPU17 29.901448 172082 strmm strmm CUDA1 15.129193 172122 40
CPU9 31.408414 172086 strmm strmm CUDA0 0.029060 172126 40
CPU8 30.462021 172090 strmm strmm CUDA3 4.596002 172130 40
CPU9 31.267301 172094 strmm strmm CUDA1 0.029680 172134 40
CPU14 29.771324 172098 strmm strmm CUDA2 0.030525 172138 40
CPU5 31.393237 172102 strmm strmm CUDA3 4.488418 172142 40
CPU5 31.091899 172106 strmm strmm CUDA3 0.030178 172146 40
CPU16 29.864512 172110 strmm strmm CUDA3 15.127590 172150 40
CPU13 30.732146 172114 strmm strmm CUDA0 4.291746 172154 40
CPU2 31.490126 172118 strmm strmm CUDA2 4.530992 172158 40
CPU17 30.350935 172122 strmm strmm CUDA0 4.281774 172162 40
CPU15 31.000819 172126 strmm strmm CUDA1 4.524543 172166 40
CPU5 31.489259 172130 strmm strmm CUDA3 4.547691 172170 40
CPU1 31.356883 172134 strmm strmm CUDA2 4.292066 172174 40
CPU7 30.326226 172138 strmm strmm CUDA1 4.290757 172178 40
CPU2 30.300780 172142 strmm strmm CUDA3 4.299405 172182 40
CPU13 31.582717 172146 strmm strmm CUDA0 14.984294 172186 40
CPU19 31.185091 172150 strmm strmm CUDA2 15.075437 172190 40
CPU17 31.156257 172154 strmm strmm CUDA3 15.057205 172194 40
CPU6 30.320144 172158 strmm strmm CUDA2 4.601768 172198 40
CPU0 31.219853 172162 strmm strmm CUDA2 4.292088 172202 40
CPU9 31.366225 172166 strmm strmm CUDA2 0.032833 172206 40
CPU18 31.218316 172170 strmm strmm CUDA3 0.034016 172210 40
CPU1 29.884256 172174 strmm strmm CUDA0 12.238967 172214 40
CPU12 30.535602 172178 strmm strmm CUDA0 4.543458 172218 40
CPU12 30.786680 172182 strmm strmm CUDA1 15.090658 172222 40
CPU6 31.667658 172186 strmm strmm CUDA0 0.029970 172226 40
CPU9 31.173823 172190 strmm strmm CUDA1 4.606610 172230 40
CPU7 31.201209 172194 strmm strmm CUDA0 15.106079 172234 40
CPU8 31.334457 172198 strmm strmm CUDA1 4.286731 172238 40
CPU1 30.953723 172202 strmm strmm CUDA2 15.061109 172242 40
CPU14 31.399684 172206 strmm strmm CUDA1 0.031617 172246 40
CPU13 12.146626 172210 slauum slauum CPU -1 172250 40
CPU5 24.454902 172212 ssyrk ssyrk CUDA0 12.043600 172252 40
CPU6 44.730848 172213 sgemm sgemm CUDA0 1.299870 172253 40
CPU4 44.725177 172214 sgemm sgemm CUDA2 1.010748 172254 40
CPU7 44.650126 172215 sgemm sgemm CUDA2 1.366249 172255 40
CPU2 44.405738 172216 sgemm sgemm CUDA2 0.082581 172256 40
CPU8 44.913131 172217 sgemm sgemm CUDA2 0.088960 172257 40
CPU5 44.629047 172218 sgemm sgemm CUDA0 23.817892 172258 40
CPU3 44.668124 172219 sgemm sgemm CUDA0 0.056740 172259 40
CPU9 44.397039 172220 sgemm sgemm CUDA2 0.082120 172260 40
CPU5 44.702984 172221 sgemm sgemm CUDA3 1.145190 172261 40
CPU0 45.037685 172222 sgemm sgemm CUDA3 0.081917 172262 40
CPU3 44.800863 172223 sgemm sgemm CUDA2 0.942611 172263 40
CPU15 44.744478 172224 sgemm sgemm CUDA0 0.243809 172264 40
CPU14 44.947835 172225 sgemm sgemm CUDA0 1.238958 172265 40
CPU7 45.712629 172226 sgemm sgemm CUDA2 1.028042 172266 40
CPU7 44.924058 172227 sgemm sgemm CUDA3 15.649732 172267 40
CPU8 44.713725 172228 sgemm sgemm CUDA0 0.087230 172268 40
CPU8 45.767884 172229 sgemm sgemm CUDA2 11.885582 172269 40
CPU16 44.732827 172230 sgemm sgemm CUDA3 1.152858 172270 40
CPU14 45.050362 172231 sgemm sgemm CUDA3 0.071911 172271 40
CPU18 44.747383 172232 sgemm sgemm CUDA2 1.013424 172272 40
CPU18 44.776249 172233 sgemm sgemm CUDA2 1.145361 172273 40
CPU7 45.133900 172234 sgemm sgemm CUDA0 11.831858 172274 40
CPU15 44.745133 172235 sgemm sgemm CUDA0 1.030365 172275 40
CPU7 44.797976 172236 sgemm sgemm CUDA3 7.720360 172276 40
CPU6 44.833710 172237 sgemm sgemm CUDA0 11.929507 172277 40
CPU9 44.680150 172238 sgemm sgemm CUDA3 0.081949 172278 40
CPU9 44.833482 172239 sgemm sgemm CUDA2 1.012154 172279 40
CPU12 45.040055 172240 sgemm sgemm CUDA3 1.134790 172280 40
CPU9 44.656969 172241 sgemm sgemm CUDA1 1.018371 172281 40
CPU12 44.713341 172242 sgemm sgemm CUDA2 1.162097 172282 40
CPU3 44.914694 172243 sgemm sgemm CUDA2 1.116121 172283 40
CPU16 44.834846 172244 sgemm sgemm CUDA1 1.007803 172284 40
CPU15 44.704160 172245 sgemm sgemm CUDA3 1.140129 172285 40
CPU19 45.002321 172246 sgemm sgemm CPU14 311.730560 172286 40
CPU10 44.926284 172247 sgemm sgemm CUDA2 1.016601 172287 40
CPU5 44.632987 172248 sgemm sgemm CUDA3 1.136640 172288 40
CPU9 44.634562 172249 sgemm sgemm CUDA2 1.158714 172289 40
CPU0 45.087508 172250 sgemm sgemm CUDA2 1.156719 172290 40
CPU3 44.701221 172251 sgemm sgemm CUDA3 15.742788 172291 40
CPU8 44.543340 172252 sgemm sgemm CUDA0 1.012527 172292 40
CPU1 44.666436 172253 sgemm sgemm CUDA2 0.169483 172293 40
CPU9 44.757319 172254 sgemm sgemm CUDA3 1.020604 172294 40
CPU8 44.845160 172255 sgemm sgemm CUDA1 1.035124 172295 40
CPU4 44.825740 172256 sgemm sgemm CUDA3 1.160967 172296 40
CPU6 44.794989 172257 sgemm sgemm CUDA2 3.758903 172297 40
CPU8 44.455332 172258 sgemm sgemm CUDA2 1.144650 172298 40
CPU2 44.926572 172259 sgemm sgemm CUDA2 0.050791 172299 40
CPU1 24.642161 172260 ssyrk ssyrk CUDA0 0.629337 172300 40
CPU14 45.280308 172261 sgemm sgemm CUDA3 1.792544 172301 40
CPU7 44.663954 172262 sgemm sgemm CUDA0 11.990819 172302 40
CPU1 44.615928 172263 sgemm sgemm CUDA1 0.111889 172303 40
CPU16 44.899533 172264 sgemm sgemm CUDA0 0.088669 172304 40
CPU15 44.992824 172265 sgemm sgemm CUDA1 11.648910 172305 40
CPU16 44.863027 172266 sgemm sgemm CUDA0 1.458794 172306 40
CPU16 45.882231 172267 sgemm sgemm CUDA3 0.599632 172307 40
CPU4 44.914414 172268 sgemm sgemm CUDA3 1.020782 172308 40
CPU10 45.136014 172269 sgemm sgemm CUDA3 15.031130 172309 40
CPU0 44.772745 172270 sgemm sgemm CUDA3 24.278823 172310 40
CPU15 44.789061 172271 sgemm sgemm CUDA0 1.006119 172311 40
CPU18 44.635986 172272 sgemm sgemm CUDA0 1.005322 172312 40
CPU17 45.103208 172273 sgemm sgemm CUDA2 11.842383 172313 40
CPU7 44.700287 172274 sgemm sgemm CUDA3 0.094204 172314 40
CPU3 44.812088 172275 sgemm sgemm CUDA0 1.020965 172315 40
CPU1 44.786642 172276 sgemm sgemm CUDA1 1.472981 172316 40
CPU15 45.077418 172277 sgemm sgemm CUDA3 1.144470 172317 40
CPU14 44.907780 172278 sgemm sgemm CUDA1 0.080142 172318 40
CPU18 44.671637 172279 sgemm sgemm CUDA2 8.256689 172319 40
CPU18 44.768886 172280 sgemm sgemm CUDA2 7.735190 172320 40
CPU8 44.711065 172281 sgemm sgemm CUDA1 1.183585 172321 40
CPU18 44.617292 172282 sgemm sgemm CUDA0 1.018874 172322 40
CPU14 45.118456 172283 sgemm sgemm CUDA3 0.098973 172323 40
CPU4 44.911774 172284 sgemm sgemm CUDA0 1.004640 172324 40
CPU7 44.975300 172285 sgemm sgemm CUDA3 1.245268 172325 40
CPU5 44.460614 172286 sgemm sgemm CUDA1 1.007230 172326 40
CPU1 44.610066 172287 sgemm sgemm CUDA3 1.143329 172327 40
CPU1 44.565475 172288 sgemm sgemm CUDA1 14.850028 172328 40
CPU18 45.105675 172289 sgemm sgemm CUDA2 7.789681 172329 40
CPU6 44.827042 172290 sgemm sgemm CUDA2 0.467559 172330 40
CPU3 44.690764 172291 sgemm sgemm CUDA2 0.784749 172331 40
CPU18 44.722915 172292 sgemm sgemm CUDA3 1.131725 172332 40
CPU7 44.873456 172293 sgemm sgemm CPU15 244.228986 172333 40
CPU5 44.416856 172294 sgemm sgemm CUDA2 11.339096 172334 40
CPU10 45.246068 172295 sgemm sgemm CUDA3 1.008959 172335 40
CPU12 45.005188 172296 sgemm sgemm CUDA2 1.032732 172336 40
CPU18 44.799617 172297 sgemm sgemm CUDA2 1.153412 172337 40
CPU12 45.062061 172298 sgemm sgemm CUDA3 0.108751 172338 40
CPU16 45.179979 172299 sgemm sgemm CUDA3 1.159485 172339 40
CPU16 45.145135 172300 sgemm sgemm CUDA1 1.018663 172340 40
CPU17 45.049154 172301 sgemm sgemm CUDA3 16.144002 172341 40
CPU16 44.859385 172302 sgemm sgemm CUDA2 1.017490 172342 40
CPU17 45.078958 172303 sgemm sgemm CUDA0 1.151446 172343 40
CPU16 45.233305 172304 sgemm sgemm CUDA0 0.104651 172344 40
CPU16 45.363445 172305 sgemm sgemm CUDA2 1.158559 172345 40
CPU16 44.925057 172306 sgemm sgemm CUDA0 1.007322 172346 40
CPU14 25.005964 172307 ssyrk ssyrk CUDA2 3.910959 172347 40
CPU14 45.020402 172308 sgemm sgemm CUDA2 1.221882 172348 40
CPU14 45.016354 172309 sgemm sgemm CUDA2 0.981878 172349 40
CPU14 44.960215 172310 sgemm sgemm CUDA1 1.014739 172350 40
CPU14 44.855251 172311 sgemm sgemm CUDA1 1.152971 172351 40
CPU14 44.982304 172312 sgemm sgemm CUDA2 1.140403 172352 40
CPU14 45.093671 172313 sgemm sgemm CUDA3 4.220968 172353 40
CPU14 44.906871 172314 sgemm sgemm CUDA3 0.100424 172354 40
CPU14 44.957244 172315 sgemm sgemm CUDA3 1.220706 172355 40
CPU6 45.020170 172316 sgemm sgemm CUDA2 1.090266 172356 40
CPU15 44.656993 172317 sgemm sgemm CUDA1 1.015816 172357 40
CPU19 44.757677 172318 sgemm sgemm CUDA1 1.023809 172358 40
CPU8 44.643284 172319 sgemm sgemm CUDA2 0.836933 172359 40
CPU7 44.428779 172320 sgemm sgemm CUDA3 23.344397 172360 40
CPU5 44.723903 172321 sgemm sgemm CUDA1 35.538399 172361 40
CPU5 44.584647 172322 sgemm sgemm CUDA1 1.020735 172362 40
CPU18 44.691691 172323 sgemm sgemm CUDA3 1.148522 172363 40
CPU14 44.756121 172324 sgemm sgemm CUDA1 11.913777 172364 40
CPU18 44.599439 172325 sgemm sgemm CUDA3 0.065210 172365 40
CPU17 45.116675 172326 sgemm sgemm CUDA3 12.132337 172366 40
CPU8 44.817404 172327 sgemm sgemm CUDA1 0.149572 172367 40
CPU11 44.617330 172328 sgemm sgemm CUDA3 38.681908 172368 40
CPU15 44.850598 172329 sgemm sgemm CUDA3 13.771786 172369 40
CPU19 45.099728 172330 sgemm sgemm CUDA0 1.006145 172370 40
CPU14 45.006991 172331 sgemm sgemm CUDA3 8.542860 172371 40
CPU11 44.655772 172332 sgemm sgemm CUDA1 12.908057 172372 40
CPU4 44.977533 172333 sgemm sgemm CUDA3 12.278690 172373 40
CPU3 44.784247 172334 sgemm sgemm CUDA1 0.106358 172374 40
CPU10 44.958513 172335 sgemm sgemm CUDA2 0.083922 172375 40
CPU18 44.718330 172336 sgemm sgemm CUDA2 1.009575 172376 40
CPU16 44.779177 172337 sgemm sgemm CUDA2 1.258453 172377 40
CPU4 45.729918 172338 sgemm sgemm CUDA3 1.006758 172378 40
CPU0 44.888886 172339 sgemm sgemm CPU -1 172379 40
CPU1 44.624760 172340 sgemm sgemm CUDA2 0.056190 172380 40
CPU5 44.739266 172341 sgemm sgemm CUDA3 0.936697 172381 40
CPU14 44.842674 172342 sgemm sgemm CUDA2 1.015589 172382 40
CPU19 44.988516 172343 sgemm sgemm CUDA2 1.021907 172383 40
CPU11 44.831833 172344 sgemm sgemm CUDA3 1.335873 172384 40
CPU6 44.887961 172345 sgemm sgemm CUDA3 1.068244 172385 40
CPU8 44.953786 172346 sgemm sgemm CUDA2 4.017742 172386 40
CPU11 45.005526 172347 sgemm sgemm CUDA0 1.153130 172387 40
CPU15 44.967732 172348 sgemm sgemm CUDA2 17.751464 172388 40
CPU15 45.058470 172349 sgemm sgemm CUDA0 1.138868 172389 40
CPU15 45.038947 172350 sgemm sgemm CUDA0 1.219369 172390 40
CPU15 45.126334 172351 sgemm sgemm CUDA0 1.002669 172391 40
CPU15 44.623752 172352 sgemm sgemm CUDA1 0.129737 172392 40
CPU3 24.874980 172353 ssyrk ssyrk CUDA2 11.923260 172393 40
CPU8 44.682048 172354 sgemm sgemm CUDA3 0.193315 172394 40
CPU15 44.662688 172355 sgemm sgemm CUDA2 12.374371 172395 40
CPU15 44.648041 172356 sgemm sgemm CUDA0 1.190013 172396 40
CPU16 44.689854 172357 sgemm sgemm CUDA2 0.097451 172397 40
CPU16 44.891285 172358 sgemm sgemm CUDA3 11.705429 172398 40
CPU7 44.767428 172359 sgemm sgemm CUDA3 1.131543 172399 40
CPU9 44.731418 172360 sgemm sgemm CUDA3 11.912488 172400 40
CPU0 44.983458 172361 sgemm sgemm CUDA2 1.047767 172401 40
CPU15 44.726870 172362 sgemm sgemm CUDA0 0.096049 172402 40
CPU14 44.922829 172363 sgemm sgemm CUDA0 17.160270 172403 40
CPU11 44.897491 172364 sgemm sgemm CUDA0 0.364721 172404 40
CPU9 44.335481 172365 sgemm sgemm CUDA3 0.069311 172405 40
CPU8 44.691002 172366 sgemm sgemm CUDA0 0.182290 172406 40
CPU6 44.847327 172367 sgemm sgemm CUDA2 11.279035 172407 40
CPU14 45.133458 172368 sgemm sgemm CUDA3 0.122505 172408 40
CPU14 44.772166 172369 sgemm sgemm CUDA3 13.772691 172409 40
CPU17 44.831020 172370 sgemm sgemm CUDA3 1.157943 172410 40
CPU17 45.097385 172371 sgemm sgemm CUDA3 0.099632 172411 40
CPU7 44.979869 172372 sgemm sgemm CUDA0 12.018208 172412 40
CPU3 44.692318 172373 sgemm sgemm CUDA3 13.835791 172413 40
CPU11 44.816369 172374 sgemm sgemm CUDA3 0.578792 172414 40
CPU4 44.822483 172375 sgemm sgemm CUDA0 0.089937 172415 40
CPU3 44.698884 172376 sgemm sgemm CUDA2 1.013549 172416 40
CPU2 44.480993 172377 sgemm sgemm CUDA2 0.146406 172417 40
CPU12 44.935435 172378 sgemm sgemm CUDA3 0.111310 172418 40
CPU3 44.675706 172379 sgemm sgemm CUDA3 0.992560 172419 40
CPU15 44.703775 172380 sgemm sgemm CUDA0 1.138364 172420 40
CPU0 44.999292 172381 sgemm sgemm CUDA2 1.159445 172421 40
CPU17 45.041336 172382 sgemm sgemm CUDA2 0.892535 172422 40
CPU8 44.808649 172383 sgemm sgemm CUDA3 2.151822 172423 40
CPU5 44.415363 172384 sgemm sgemm CPU -1 172424 40
CPU6 44.810550 172385 sgemm sgemm CUDA2 1.273887 172425 40
CPU5 44.522589 172386 sgemm sgemm CUDA3 1.001977 172426 40
CPU14 45.861889 172387 sgemm sgemm CUDA2 1.158667 172427 40
CPU4 44.903776 172388 sgemm sgemm CUDA1 1.201276 172428 40
CPU0 45.036385 172389 sgemm sgemm CUDA0 11.630551 172429 40
CPU14 45.031870 172390 sgemm sgemm CUDA3 1.285538 172430 40
CPU14 44.940487 172391 sgemm sgemm CUDA2 1.951919 172431 40
CPU14 44.863515 172392 sgemm sgemm CUDA3 1.207822 172432 40
CPU14 44.838143 172393 sgemm sgemm CUDA3 1.228177 172433 40
CPU14 44.765016 172394 sgemm sgemm CUDA0 1.156799 172434 40
CPU14 45.080323 172395 sgemm sgemm CUDA0 1.137204 172435 40
CPU14 45.048079 172396 sgemm sgemm CUDA0 1.017867 172436 40
CPU14 45.029800 172397 sgemm sgemm CUDA2 1.387470 172437 40
CPU1 24.652687 172398 ssyrk ssyrk CUDA3 0.994277 172438 40
CPU15 44.682279 172399 sgemm sgemm CUDA1 27.994111 172439 40
CPU15 44.690332 172400 sgemm sgemm CUDA2 0.078328 172440 40
CPU16 44.660985 172401 sgemm sgemm CUDA3 22.580669 172441 40
CPU17 44.981091 172402 sgemm sgemm CUDA2 0.977633 172442 40
CPU6 44.642171 172403 sgemm sgemm CUDA2 1.002226 172443 40
CPU6 45.147797 172404 sgemm sgemm CUDA3 0.076336 172444 40
CPU6 45.129455 172405 sgemm sgemm CUDA1 1.012104 172445 40
CPU15 44.576371 172406 sgemm sgemm CUDA1 1.250653 172446 40
CPU6 44.810922 172407 sgemm sgemm CUDA1 1.139121 172447 40
CPU3 44.680531 172408 sgemm sgemm CUDA2 1.151448 172448 40
CPU3 44.712389 172409 sgemm sgemm CUDA3 1.248512 172449 40
CPU8 44.502260 172410 sgemm sgemm CUDA2 6.191297 172450 40
CPU2 44.721843 172411 sgemm sgemm CUDA1 1.087129 172451 40
CPU18 44.763173 172412 sgemm sgemm CUDA3 1.009798 172452 40
CPU4 45.093185 172413 sgemm sgemm CUDA3 27.787822 172453 40
CPU17 44.819987 172414 sgemm sgemm CUDA2 1.230853 172454 40
CPU15 44.666004 172415 sgemm sgemm CUDA2 0.232313 172455 40
CPU2 44.981439 172416 sgemm sgemm CUDA2 1.275736 172456 40
CPU14 44.710207 172417 sgemm sgemm CUDA3 1.065498 172457 40
CPU15 44.678614 172418 sgemm sgemm CUDA3 1.014048 172458 40
CPU10 45.156491 172419 sgemm sgemm CUDA1 1.158237 172459 40
CPU5 44.863487 172420 sgemm sgemm CUDA2 14.793954 172460 40
CPU4 45.109122 172421 sgemm sgemm CUDA1 11.706309 172461 40
CPU4 45.118745 172422 sgemm sgemm CUDA1 1.062425 172462 40
CPU7 44.721467 172423 sgemm sgemm CUDA1 11.685170 172463 40
CPU11 44.935619 172424 sgemm sgemm CUDA2 18.820068 172464 40
CPU15 44.733743 172425 sgemm sgemm CUDA1 1.141892 172465 40
CPU18 45.043145 172426 sgemm sgemm CUDA2 1.143963 172466 40
CPU17 44.867519 172427 sgemm sgemm CUDA1 1.203463 172467 40
CPU4 44.651139 172428 sgemm sgemm CPU16 212.378705 172468 40
CPU16 44.719212 172429 sgemm sgemm CUDA1 1.030194 172469 40
CPU7 44.974859 172430 sgemm sgemm CUDA3 1.146114 172470 40
CPU14 45.082233 172431 sgemm sgemm CUDA2 1.027517 172471 40
CPU15 44.765829 172432 sgemm sgemm CUDA1 0.952383 172472 40
CPU1 44.479496 172433 sgemm sgemm CUDA3 12.162578 172473 40
CPU12 44.977996 172434 sgemm sgemm CUDA3 1.297031 172474 40
CPU6 44.833146 172435 sgemm sgemm CUDA2 0.361562 172475 40
CPU11 45.073366 172436 sgemm sgemm CUDA3 1.139410 172476 40
CPU4 44.757495 172437 sgemm sgemm CUDA3 10.002880 172477 40
CPU3 44.738319 172438 sgemm sgemm CUDA3 1.160481 172478 40
CPU4 44.609341 172439 sgemm sgemm CUDA2 1.419730 172479 40
CPU7 44.579659 172440 sgemm sgemm CUDA2 1.010913 172480 40
CPU5 45.125270 172441 sgemm sgemm CUDA1 1.027518 172481 40
CPU15 24.478807 172442 ssyrk ssyrk CUDA1 11.825927 172482 40
CPU14 44.985993 172443 sgemm sgemm CUDA1 11.941341 172483 40
CPU15 44.879267 172444 sgemm sgemm CUDA2 11.747281 172484 40
CPU16 44.656707 172445 sgemm sgemm CUDA1 12.284445 172485 40
CPU14 44.767859 172446 sgemm sgemm CUDA2 1.144085 172486 40
CPU15 44.803244 172447 sgemm sgemm CUDA1 1.246493 172487 40
CPU4 45.112587 172448 sgemm sgemm CUDA1 21.408238 172488 40
CPU15 44.725970 172449 sgemm sgemm CUDA1 0.064121 172489 40
CPU2 44.783735 172450 sgemm sgemm CUDA0 0.067101 172490 40
CPU1 44.488380 172451 sgemm sgemm CUDA1 1.202243 172491 40
CPU3 44.785771 172452 sgemm sgemm CUDA1 1.143367 172492 40
CPU6 45.034254 172453 sgemm sgemm CUDA0 1.340112 172493 40
CPU4 44.961536 172454 sgemm sgemm CUDA2 0.125199 172494 40
CPU17 44.958977 172455 sgemm sgemm CUDA3 2.921994 172495 40
CPU9 44.816991 172456 sgemm sgemm CUDA1 1.140321 172496 40
CPU1 44.979529 172457 sgemm sgemm CUDA0 14.129864 172497 40
CPU15 44.784616 172458 sgemm sgemm CUDA0 1.008465 172498 40
CPU0 45.173035 172459 sgemm sgemm CUDA0 21.222238 172499 40
CPU10 44.664429 172460 sgemm sgemm CUDA0 1.012960 172500 40
CPU14 44.821679 172461 sgemm sgemm CUDA2 1.031456 172501 40
CPU19 45.083076 172462 sgemm sgemm CUDA1 0.128662 172502 40
CPU3 44.838529 172463 sgemm sgemm CUDA2 0.056954 172503 40
CPU7 44.873517 172464 sgemm sgemm CUDA1 0.083665 172504 40
CPU11 44.671300 172465 sgemm sgemm CUDA1 0.986771 172505 40
CPU0 44.750828 172466 sgemm sgemm CUDA1 0.076196 172506 40
CPU12 44.787105 172467 sgemm sgemm CUDA0 0.060333 172507 40
CPU14 44.746793 172468 sgemm sgemm CUDA1 1.029741 172508 40
CPU19 45.233904 172469 sgemm sgemm CUDA2 1.018813 172509 40
CPU2 45.069974 172470 sgemm sgemm CUDA3 1.204517 172510 40
CPU3 44.707031 172471 sgemm sgemm CPU31 322.384733 172511 40
CPU1 44.755847 172472 sgemm sgemm CUDA3 1.154814 172512 40
CPU6 45.098070 172473 sgemm sgemm CUDA3 1.149380 172513 40
CPU16 44.925014 172474 sgemm sgemm CUDA2 1.153162 172514 40
CPU14 44.739740 172475 sgemm sgemm CUDA1 1.063964 172515 40
CPU2 44.730280 172476 sgemm sgemm CUDA0 0.072885 172516 40
CPU3 44.963805 172477 sgemm sgemm CUDA0 1.069449 172517 40
CPU0 45.334502 172478 sgemm sgemm CUDA2 1.140876 172518 40
CPU1 44.813125 172479 sgemm sgemm CUDA0 1.141622 172519 40
CPU7 44.833195 172480 sgemm sgemm CUDA2 0.072612 172520 40
CPU8 44.815990 172481 sgemm sgemm CUDA3 1.146258 172521 40
CPU1 44.748018 172482 sgemm sgemm CUDA1 3.972519 172522 40
CPU8 44.639578 172483 sgemm sgemm CUDA0 1.013382 172523 40
CPU10 44.927911 172484 sgemm sgemm CUDA1 9.830964 172524 40
CPU15 24.521571 172485 ssyrk ssyrk CUDA0 1.221984 172525 40
CPU15 44.706483 172486 sgemm sgemm CUDA0 21.168179 172526 40
CPU15 44.731180 172487 sgemm sgemm CUDA0 0.150116 172527 40
CPU5 44.920655 172488 sgemm sgemm CUDA3 1.152997 172528 40
CPU15 44.730609 172489 sgemm sgemm CUDA3 1.395816 172529 40
CPU8 44.533525 172490 sgemm sgemm CUDA3 1.012152 172530 40
CPU14 44.739218 172491 sgemm sgemm CUDA1 0.084901 172531 40
CPU14 44.869326 172492 sgemm sgemm CUDA0 24.710496 172532 40
CPU2 44.399958 172493 sgemm sgemm CUDA2 1.151914 172533 40
CPU17 44.903946 172494 sgemm sgemm CUDA2 1.018448 172534 40
CPU4 44.794844 172495 sgemm sgemm CUDA2 0.112860 172535 40
CPU8 44.561269 172496 sgemm sgemm CUDA1 1.140648 172536 40
CPU18 44.784461 172497 sgemm sgemm CUDA3 12.089127 172537 40
CPU14 44.812206 172498 sgemm sgemm CUDA1 8.448244 172538 40
CPU18 44.598447 172499 sgemm sgemm CUDA3 1.017326 172539 40
CPU14 44.863700 172500 sgemm sgemm CUDA3 11.817329 172540 40
CPU8 44.859907 172501 sgemm sgemm CUDA2 0.465941 172541 40
CPU12 44.751524 172502 sgemm sgemm CUDA3 34.389141 172542 40
CPU14 45.077191 172503 sgemm sgemm CUDA2 8.219175 172543 40
CPU19 45.008636 172504 sgemm sgemm CUDA0 11.860709 172544 40
CPU5 44.695556 172505 sgemm sgemm CUDA2 1.013246 172545 40
CPU5 44.748916 172506 sgemm sgemm CUDA2 11.657135 172546 40
CPU3 44.904225 172507 sgemm sgemm CUDA3 1.229422 172547 40
CPU6 44.868047 172508 sgemm sgemm CUDA3 1.016043 172548 40
CPU19 44.936953 172509 sgemm sgemm CUDA0 1.245873 172549 40
CPU10 44.872790 172510 sgemm sgemm CUDA1 12.051005 172550 40
CPU2 45.045979 172511 sgemm sgemm CPU -1 172551 40
CPU11 44.578418 172512 sgemm sgemm CUDA3 1.024351 172552 40
CPU17 45.035583 172513 sgemm sgemm CPU32 313.248895 172553 40
CPU17 44.986329 172514 sgemm sgemm CUDA1 13.612142 172554 40
CPU15 44.875514 172515 sgemm sgemm CUDA3 1.154027 172555 40
CPU17 44.799377 172516 sgemm sgemm CUDA2 1.022963 172556 40
CPU3 44.777365 172517 sgemm sgemm CUDA3 1.156179 172557 40
CPU7 44.761487 172518 sgemm sgemm CUDA0 11.729000 172558 40
CPU18 44.687562 172519 sgemm sgemm CUDA0 1.024879 172559 40
CPU14 44.997424 172520 sgemm sgemm CUDA2 1.005347 172560 40
CPU14 45.088495 172521 sgemm sgemm CUDA0 1.017599 172561 40
CPU14 44.839366 172522 sgemm sgemm CUDA3 1.305983 172562 40
CPU14 44.975032 172523 sgemm sgemm CUDA2 1.138824 172563 40
CPU14 44.886284 172524 sgemm sgemm CUDA1 0.061919 172564 40
CPU14 45.119058 172525 sgemm sgemm CUDA0 1.014401 172565 40
CPU14 44.677319 172526 sgemm sgemm CUDA3 0.887406 172566 40
CPU16 24.584509 172527 ssyrk ssyrk CUDA2 11.764301 172567 40
CPU15 44.696630 172528 sgemm sgemm CUDA2 0.062955 172568 40
CPU8 44.749655 172529 sgemm sgemm CUDA3 1.000129 172569 40
CPU7 45.220389 172530 sgemm sgemm CUDA3 1.169131 172570 40
CPU9 44.617879 172531 sgemm sgemm CUDA0 1.151983 172571 40
CPU14 44.723393 172532 sgemm sgemm CUDA3 0.077771 172572 40
CPU14 44.750387 172533 sgemm sgemm CUDA0 6.469704 172573 40
CPU0 45.002544 172534 sgemm sgemm CUDA0 1.029473 172574 40
CPU4 44.828671 172535 sgemm sgemm CUDA2 1.018115 172575 40
CPU6 44.852323 172536 sgemm sgemm CUDA2 0.081893 172576 40
CPU7 44.990878 172537 sgemm sgemm CUDA3 1.020374 172577 40
CPU16 44.871811 172538 sgemm sgemm CUDA3 0.105523 172578 40
CPU11 45.045880 172539 sgemm sgemm CUDA3 0.437992 172579 40
CPU12 45.135423 172540 sgemm sgemm CUDA3 1.012733 172580 40
CPU17 45.043297 172541 sgemm sgemm CUDA0 1.127419 172581 40
CPU2 44.980409 172542 sgemm sgemm CUDA2 11.850991 172582 40
CPU10 44.766136 172543 sgemm sgemm CUDA3 36.557190 172583 40
CPU2 44.741322 172544 sgemm sgemm CUDA2 13.752682 172584 40
CPU2 44.773091 172545 sgemm sgemm CUDA0 0.069332 172585 40
CPU12 45.003621 172546 sgemm sgemm CUDA2 1.150272 172586 40
CPU4 44.976753 172547 sgemm sgemm CUDA3 54.962908 172587 40
CPU3 45.012452 172548 sgemm sgemm CUDA3 1.150059 172588 40
CPU4 44.820515 172549 sgemm sgemm CUDA3 1.025494 172589 40
CPU2 44.863199 172550 sgemm sgemm CUDA0 1.033874 172590 40
CPU11 44.709499 172551 sgemm sgemm CUDA0 1.250213 172591 40
CPU3 44.768932 172552 sgemm sgemm CPU14 300.322659 172592 40
CPU6 45.339052 172553 sgemm sgemm CUDA1 1.197454 172593 40
CPU3 44.714761 172554 sgemm sgemm CPU33 346.693258 172594 40
CPU1 44.613525 172555 sgemm sgemm CUDA3 1.010474 172595 40
CPU14 45.298373 172556 sgemm sgemm CUDA3 1.006194 172596 40
CPU15 44.732911 172557 sgemm sgemm CUDA0 1.035061 172597 40
CPU8 44.930840 172558 sgemm sgemm CUDA3 1.007209 172598 40
CPU5 44.664846 172559 sgemm sgemm CUDA2 11.765698 172599 40
CPU2 44.869742 172560 sgemm sgemm CUDA0 1.162071 172600 40
CPU2 45.014567 172561 sgemm sgemm CUDA2 1.140720 172601 40
CPU7 44.944238 172562 sgemm sgemm CUDA0 1.143944 172602 40
CPU8 44.665931 172563 sgemm sgemm CUDA2 1.430349 172603 40
CPU6 45.040707 172564 sgemm sgemm CUDA2 1.149391 172604 40
CPU7 44.886332 172565 sgemm sgemm CUDA2 1.015190 172605 40
CPU6 45.126148 172566 sgemm sgemm CUDA2 1.140703 172606 40
CPU9 44.880385 172567 sgemm sgemm CUDA2 22.249771 172607 40
CPU17 25.172330 172568 ssyrk ssyrk CUDA1 0.678531 172608 40
CPU15 44.835088 172569 sgemm sgemm CUDA3 1.148825 172609 40
CPU16 44.816087 172570 sgemm sgemm CUDA3 1.157155 172610 40
CPU4 44.779594 172571 sgemm sgemm CUDA0 0.137985 172611 40
CPU15 44.830328 172572 sgemm sgemm CUDA1 34.282046 172612 40
CPU14 44.814664 172573 sgemm sgemm CUDA1 48.704678 172613 40
CPU0 44.832575 172574 sgemm sgemm CUDA0 1.150995 172614 40
CPU10 45.014374 172575 sgemm sgemm CUDA2 1.013291 172615 40
CPU1 44.519064 172576 sgemm sgemm CUDA2 12.345485 172616 40
CPU0 45.100882 172577 sgemm sgemm CUDA3 1.153474 172617 40
CPU17 44.956466 172578 sgemm sgemm CUDA3 1.220655 172618 40
CPU14 44.829620 172579 sgemm sgemm CUDA3 1.201703 172619 40
CPU5 44.706003 172580 sgemm sgemm CUDA3 1.167191 172620 40
CPU14 45.165741 172581 sgemm sgemm CUDA0 12.973227 172621 40
CPU6 44.983841 172582 sgemm sgemm CUDA1 12.624612 172622 40
CPU11 44.664482 172583 sgemm sgemm CUDA0 0.556296 172623 40
CPU15 44.852562 172584 sgemm sgemm CUDA1 1.031579 172624 40
CPU19 45.125138 172585 sgemm sgemm CUDA3 1.006534 172625 40
CPU8 44.701293 172586 sgemm sgemm CUDA3 0.069628 172626 40
CPU0 45.166715 172587 sgemm sgemm CUDA3 37.200419 172627 40
CPU1 44.715510 172588 sgemm sgemm CUDA1 1.009986 172628 40
CPU8 44.446570 172589 sgemm sgemm CUDA1 1.254624 172629 40
CPU11 44.864624 172590 sgemm sgemm CUDA3 11.735483 172630 40
CPU11 44.650512 172591 sgemm sgemm CUDA0 1.002106 172631 40
CPU10 45.043177 172592 sgemm sgemm CPU15 179.794794 172632 40
CPU18 44.788527 172593 sgemm sgemm CUDA3 1.009599 172633 40
CPU19 45.117361 172594 sgemm sgemm CPU34 319.762439 172634 40
CPU15 45.315237 172595 sgemm sgemm CUDA1 0.092062 172635 40
CPU10 45.038583 172596 sgemm sgemm CUDA3 1.138373 172636 40
CPU18 44.734739 172597 sgemm sgemm CUDA0 0.062986 172637 40
CPU16 44.842581 172598 sgemm sgemm CUDA3 1.144373 172638 40
CPU15 44.825847 172599 sgemm sgemm CUDA0 0.144908 172639 40
CPU15 44.939885 172600 sgemm sgemm CUDA1 1.162802 172640 40
CPU16 44.939212 172601 sgemm sgemm CUDA1 1.179995 172641 40
CPU7 44.854195 172602 sgemm sgemm CUDA3 19.017262 172642 40
CPU12 45.072098 172603 sgemm sgemm CUDA3 1.164314 172643 40
CPU0 45.266251 172604 sgemm sgemm CUDA2 1.149707 172644 40
CPU2 44.589589 172605 sgemm sgemm CUDA0 1.150393 172645 40
CPU4 44.975674 172606 sgemm sgemm CUDA2 1.016524 172646 40
CPU8 44.853496 172607 sgemm sgemm CUDA1 27.225771 172647 40
CPU3 24.644549 172608 ssyrk ssyrk CUDA2 0.641207 172648 40
CPU11 45.395568 172609 sgemm sgemm CUDA2 1.008405 172649 40
CPU2 44.617859 172610 sgemm sgemm CUDA0 1.312560 172650 40
CPU15 44.690924 172611 sgemm sgemm CUDA0 11.532018 172651 40
CPU14 44.844820 172612 sgemm sgemm CUDA0 0.102131 172652 40
CPU9 44.811401 172613 sgemm sgemm CUDA0 1.033534 172653 40
CPU0 45.025074 172614 sgemm sgemm CUDA3 1.148635 172654 40
CPU4 44.922398 172615 sgemm sgemm CUDA0 1.286195 172655 40
CPU9 44.536149 172616 sgemm sgemm CUDA2 0.085286 172656 40
CPU16 44.924459 172617 sgemm sgemm CUDA3 1.239765 172657 40
CPU14 44.918148 172618 sgemm sgemm CUDA0 21.901295 172658 40
CPU18 44.752005 172619 sgemm sgemm CUDA2 1.143279 172659 40
CPU17 45.023490 172620 sgemm sgemm CUDA2 1.208486 172660 40
CPU7 45.114751 172621 sgemm sgemm CUDA2 1.014990 172661 40
CPU12 45.058966 172622 sgemm sgemm CUDA2 0.104715 172662 40
CPU15 44.952204 172623 sgemm sgemm CUDA1 1.150562 172663 40
CPU19 45.220167 172624 sgemm sgemm CUDA3 1.713642 172664 40
CPU5 44.579084 172625 sgemm sgemm CUDA1 0.057251 172665 40
CPU8 44.874154 172626 sgemm sgemm CUDA3 93.232976 172666 40
CPU3 45.010168 172627 sgemm sgemm CUDA1 1.156204 172667 40
CPU6 44.966010 172628 sgemm sgemm CUDA3 19.416846 172668 40
CPU14 44.694538 172629 sgemm sgemm CUDA2 1.247742 172669 40
CPU7 44.869273 172630 sgemm sgemm CUDA0 0.650579 172670 40
CPU18 45.014853 172631 sgemm sgemm CPU -1 172671 40
CPU1 45.050299 172632 sgemm sgemm CUDA1 0.111962 172672 40
CPU2 44.496795 172633 sgemm sgemm CPU35 383.447288 172673 40
CPU17 45.089344 172634 sgemm sgemm CUDA1 1.227390 172674 40
CPU3 44.677036 172635 sgemm sgemm CUDA0 0.065196 172675 40
CPU15 44.930029 172636 sgemm sgemm CUDA0 1.141117 172676 40
CPU2 45.007654 172637 sgemm sgemm CUDA1 1.085351 172677 40
CPU7 45.007877 172638 sgemm sgemm CUDA2 0.478808 172678 40
CPU4 45.001676 172639 sgemm sgemm CUDA0 1.017417 172679 40
CPU9 44.617684 172640 sgemm sgemm CUDA0 1.142365 172680 40
CPU7 44.951429 172641 sgemm sgemm CUDA0 1.137662 172681 40
CPU2 45.042179 172642 sgemm sgemm CUDA0 0.939206 172682 40
CPU6 45.087276 172643 sgemm sgemm CUDA0 9.262053 172683 40
CPU9 44.704105 172644 sgemm sgemm CUDA0 1.014685 172684 40
CPU5 44.535264 172645 sgemm sgemm CUDA2 0.605339 172685 40
CPU0 45.470890 172646 sgemm sgemm CUDA0 0.082905 172686 40
CPU3 24.764178 172647 ssyrk ssyrk CUDA3 5.082102 172687 40
CPU8 44.619460 172648 sgemm sgemm CUDA1 0.084152 172688 40
CPU14 44.626273 172649 sgemm sgemm CUDA1 0.087331 172689 40
CPU14 44.868076 172650 sgemm sgemm CUDA1 1.291331 172690 40
CPU6 45.085486 172651 sgemm sgemm CUDA1 1.251901 172691 40
CPU5 44.683414 172652 sgemm sgemm CUDA1 1.159160 172692 40
CPU12 45.284953 172653 sgemm sgemm CUDA1 1.790674 172693 40
CPU8 44.760362 172654 sgemm sgemm CUDA1 1.331301 172694 40
CPU15 44.761622 172655 sgemm sgemm CUDA0 4.577195 172695 40
CPU11 44.744398 172656 sgemm sgemm CUDA1 2.148573 172696 40
CPU10 45.229631 172657 sgemm sgemm CUDA3 1.021112 172697 40
CPU14 45.255600 172658 sgemm sgemm CUDA0 1.191644 172698 40
CPU9 45.019921 172659 sgemm sgemm CUDA1 1.153592 172699 40
CPU1 45.272968 172660 sgemm sgemm CUDA2 11.988895 172700 40
CPU18 44.862111 172661 sgemm sgemm CUDA2 0.123529 172701 40
CPU11 44.777495 172662 sgemm sgemm CUDA0 1.312961 172702 40
CPU9 44.925245 172663 sgemm sgemm CUDA1 1.224030 172703 40
CPU7 45.274775 172664 sgemm sgemm CUDA3 60.426370 172704 40
CPU1 45.369841 172665 sgemm sgemm CUDA1 1.075013 172705 40
CPU3 45.133120 172666 sgemm sgemm CUDA3 0.072519 172706 40
CPU0 45.414469 172667 sgemm sgemm CUDA0 1.158323 172707 40
CPU3 44.959193 172668 sgemm sgemm CUDA0 1.859913 172708 40
CPU6 45.161976 172669 sgemm sgemm CPU -1 172709 40
CPU5 45.065618 172670 sgemm sgemm CUDA1 1.264558 172710 40
CPU7 44.926722 172671 sgemm sgemm CUDA3 6.912041 172711 40
CPU0 45.150053 172672 sgemm sgemm CUDA2 0.909393 172712 40
CPU6 45.253162 172673 sgemm sgemm CUDA0 11.918964 172713 40
CPU17 44.904879 172674 sgemm sgemm CUDA0 1.017410 172714 40
CPU17 44.929887 172675 sgemm sgemm CUDA3 0.048772 172715 40
CPU18 44.753002 172676 sgemm sgemm CUDA3 1.270523 172716 40
CPU8 44.847206 172677 sgemm sgemm CUDA1 1.128438 172717 40
CPU1 44.872208 172678 sgemm sgemm CUDA2 1.155439 172718 40
CPU9 45.056184 172679 sgemm sgemm CUDA3 3.901223 172719 40
CPU5 44.807987 172680 sgemm sgemm CUDA0 21.522895 172720 40
CPU1 44.259083 172681 sgemm sgemm CUDA0 0.056523 172721 40
CPU1 45.047424 172682 sgemm sgemm CUDA1 1.011780 172722 40
CPU4 45.133622 172683 sgemm sgemm CUDA0 0.101524 172723 40
CPU4 45.297294 172684 sgemm sgemm CUDA0 0.046813 172724 40
CPU5 24.668048 172685 ssyrk ssyrk CPU -1 172725 40
CPU5 45.022989 172686 sgemm sgemm CUDA1 0.110198 172726 40
CPU2 45.056835 172687 sgemm sgemm CUDA1 1.659057 172727 40
CPU11 44.564044 172688 sgemm sgemm CUDA2 1.133561 172728 40
CPU2 44.640655 172689 sgemm sgemm CUDA2 0.923580 172729 40
CPU1 44.918288 172690 sgemm sgemm CUDA2 1.047009 172730 40
CPU7 44.918217 172691 sgemm sgemm CUDA1 1.010503 172731 40
CPU16 44.572993 172692 sgemm sgemm CUDA3 1.142407 172732 40
CPU10 44.599961 172693 sgemm sgemm CUDA3 1.140325 172733 40
CPU3 45.074328 172694 sgemm sgemm CUDA2 1.152749 172734 40
CPU15 44.681080 172695 sgemm sgemm CUDA0 1.151037 172735 40
CPU3 44.946822 172696 sgemm sgemm CUDA2 1.050657 172736 40
CPU11 45.007873 172697 sgemm sgemm CUDA3 1.013575 172737 40
CPU12 44.917315 172698 sgemm sgemm CUDA2 21.452096 172738 40
CPU11 44.640754 172699 sgemm sgemm CUDA1 1.562203 172739 40
CPU4 44.985088 172700 sgemm sgemm CUDA1 1.161419 172740 40
CPU1 44.981851 172701 sgemm sgemm CUDA3 1.157562 172741 40
CPU6 45.219433 172702 sgemm sgemm CUDA0 1.007729 172742 40
CPU1 44.757683 172703 sgemm sgemm CUDA2 1.049737 172743 40
CPU18 44.545382 172704 sgemm sgemm CUDA2 1.695218 172744 40
CPU16 44.859812 172705 sgemm sgemm CUDA1 1.077750 172745 40
CPU2 44.911338 172706 sgemm sgemm CUDA1 0.122084 172746 40
CPU0 45.355652 172707 sgemm sgemm CUDA3 0.077083 172747 40
CPU7 44.978475 172708 sgemm sgemm CUDA0 1.288234 172748 40
CPU9 44.895479 172709 sgemm sgemm CUDA1 14.779913 172749 40
CPU3 44.703354 172710 sgemm sgemm CUDA0 0.113450 172750 40
CPU14 45.007874 172711 sgemm sgemm CUDA2 1.031742 172751 40
CPU12 44.884254 172712 sgemm sgemm CUDA1 1.096809 172752 40
CPU1 44.780427 172713 sgemm sgemm CUDA3 1.147969 172753 40
CPU6 44.952200 172714 sgemm sgemm CUDA1 1.135947 172754 40
CPU5 44.884391 172715 sgemm sgemm CUDA0 0.998509 172755 40
CPU4 44.839210 172716 sgemm sgemm CUDA2 1.037342 172756 40
CPU8 44.959423 172717 sgemm sgemm CUDA0 0.080855 172757 40
CPU8 44.932759 172718 sgemm sgemm CUDA0 1.256937 172758 40
CPU6 44.912331 172719 sgemm sgemm CUDA0 1.652899 172759 40
CPU1 44.652686 172720 sgemm sgemm CUDA2 1.148020 172760 40
CPU13 44.950452 172721 sgemm sgemm CUDA2 1.040211 172761 40
CPU14 24.899381 172722 ssyrk ssyrk CUDA1 0.193880 172762 40
CPU14 44.896590 172723 sgemm sgemm CUDA1 11.480005 172763 40
CPU14 44.893751 172724 sgemm sgemm CUDA0 1.053262 172764 40
CPU4 44.738858 172725 sgemm sgemm CUDA0 1.135312 172765 40
CPU15 44.744833 172726 sgemm sgemm CUDA1 12.015050 172766 40
CPU14 45.008426 172727 sgemm sgemm CUDA3 23.964966 172767 40
CPU16 44.709179 172728 sgemm sgemm CUDA0 8.767253 172768 40
CPU8 44.989193 172729 sgemm sgemm CUDA1 1.339347 172769 40
CPU17 44.617008 172730 sgemm sgemm CUDA3 1.021453 172770 40
CPU15 44.899649 172731 sgemm sgemm CUDA3 0.124872 172771 40
CPU6 45.290430 172732 sgemm sgemm CUDA1 36.993457 172772 40
CPU5 45.115001 172733 sgemm sgemm CUDA3 0.092958 172773 40
CPU14 44.920066 172734 sgemm sgemm CUDA1 15.010228 172774 40
CPU19 45.216832 172735 sgemm sgemm CUDA0 1.119689 172775 40
CPU9 45.008493 172736 sgemm sgemm CUDA3 1.323867 172776 40
CPU12 44.900530 172737 sgemm sgemm CUDA3 11.459568 172777 40
CPU10 45.117082 172738 sgemm sgemm CUDA0 2.344868 172778 40
CPU18 44.719289 172739 sgemm sgemm CUDA1 0.998518 172779 40
CPU14 44.819430 172740 sgemm sgemm CUDA0 4.129397 172780 40
CPU1 44.982091 172741 sgemm sgemm CUDA1 12.396825 172781 40
CPU14 44.973216 172742 sgemm sgemm CPU16 249.862616 172782 40
CPU16 44.734574 172743 sgemm sgemm CUDA1 1.149186 172783 40
CPU3 45.004606 172744 sgemm sgemm CUDA0 1.383044 172784 40
CPU19 44.693373 172745 sgemm sgemm CUDA3 9.116160 172785 40
CPU2 44.677166 172746 sgemm sgemm CUDA3 2.502837 172786 40
CPU15 44.920477 172747 sgemm sgemm CUDA2 0.068901 172787 40
CPU5 44.814403 172748 sgemm sgemm CUDA3 1.191299 172788 40
CPU0 45.138833 172749 sgemm sgemm CUDA3 1.150396 172789 40
CPU6 45.061320 172750 sgemm sgemm CUDA3 1.025477 172790 40
CPU17 45.179791 172751 sgemm sgemm CUDA1 0.864189 172791 40
CPU16 44.934947 172752 sgemm sgemm CUDA3 0.059931 172792 40
CPU16 45.304651 172753 sgemm sgemm CUDA3 11.984583 172793 40
CPU16 45.144158 172754 sgemm sgemm CUDA0 1.007479 172794 40
CPU16 45.058931 172755 sgemm sgemm CUDA1 1.020562 172795 40
CPU16 44.970185 172756 sgemm sgemm CUDA0 8.166412 172796 40
CPU16 44.690321 172757 sgemm sgemm CUDA0 1.199222 172797 40
CPU0 25.198026 172758 ssyrk ssyrk CUDA1 0.053627 172798 40
CPU14 44.885560 172759 sgemm sgemm CUDA1 1.015973 172799 40
CPU9 44.671798 172760 sgemm sgemm CUDA3 1.140674 172800 40
CPU6 44.883980 172761 sgemm sgemm CUDA1 0.211027 172801 40
CPU3 44.619685 172762 sgemm sgemm CUDA3 0.160078 172802 40
CPU15 44.725229 172763 sgemm sgemm CUDA0 0.056109 172803 40
CPU14 44.647479 172764 sgemm sgemm CUDA1 1.085084 172804 40
CPU11 44.519024 172765 sgemm sgemm CUDA3 1.015629 172805 40
CPU15 44.677428 172766 sgemm sgemm CUDA3 1.239364 172806 40
CPU1 45.314452 172767 sgemm sgemm CUDA1 2.180141 172807 40
CPU2 44.732484 172768 sgemm sgemm CUDA0 11.769882 172808 40
CPU10 45.032989 172769 sgemm sgemm CUDA3 1.141620 172809 40
CPU0 45.261734 172770 sgemm sgemm CUDA0 1.064624 172810 40
CPU3 44.785154 172771 sgemm sgemm CUDA0 0.323783 172811 40
CPU8 44.749796 172772 sgemm sgemm CUDA1 11.736484 172812 40
CPU9 45.202389 172773 sgemm sgemm CUDA0 0.056066 172813 40
CPU8 44.795629 172774 sgemm sgemm CUDA3 1.144750 172814 40
CPU11 44.624036 172775 sgemm sgemm CUDA3 1.231932 172815 40
CPU4 44.946319 172776 sgemm sgemm CUDA0 1.195119 172816 40
CPU10 44.702734 172777 sgemm sgemm CPU17 242.826176 172817 40
CPU4 45.016878 172778 sgemm sgemm CUDA1 1.146981 172818 40
CPU12 45.157127 172779 sgemm sgemm CUDA0 14.697320 172819 40
CPU17 44.846203 172780 sgemm sgemm CUDA0 1.016453 172820 40
CPU9 45.033885 172781 sgemm sgemm CUDA3 1.199886 172821 40
CPU14 45.251743 172782 sgemm sgemm CUDA0 1.031951 172822 40
CPU10 44.951762 172783 sgemm sgemm CUDA1 1.101640 172823 40
CPU6 45.202329 172784 sgemm sgemm CUDA3 1.026353 172824 40
CPU11 44.708304 172785 sgemm sgemm CUDA1 1.139677 172825 40
CPU12 44.958948 172786 sgemm sgemm CUDA3 0.075534 172826 40
CPU10 45.062924 172787 sgemm sgemm CUDA0 17.810607 172827 40
CPU10 44.983115 172788 sgemm sgemm CUDA1 13.405472 172828 40
CPU0 45.508894 172789 sgemm sgemm CUDA3 1.006271 172829 40
CPU1 44.690695 172790 sgemm sgemm CUDA1 1.028664 172830 40
CPU3 45.034537 172791 sgemm sgemm CUDA0 0.071938 172831 40
CPU0 45.617566 172792 sgemm sgemm CUDA1 0.351897 172832 40
CPU5 24.581130 172793 ssyrk ssyrk CPU -1 172833 40
CPU7 44.828845 172794 sgemm sgemm CUDA3 1.031695 172834 40
CPU1 44.732070 172795 sgemm sgemm CUDA0 1.144706 172835 40
CPU4 44.880120 172796 sgemm sgemm CUDA3 0.105381 172836 40
CPU18 44.674714 172797 sgemm sgemm CUDA3 9.009094 172837 40
CPU14 44.714679 172798 sgemm sgemm CUDA1 1.138243 172838 40
CPU17 44.820510 172799 sgemm sgemm CUDA0 0.080287 172839 40
CPU15 44.988746 172800 sgemm sgemm CUDA2 1.613953 172840 40
CPU6 45.223183 172801 sgemm sgemm CUDA1 1.138431 172841 40
CPU4 45.329214 172802 sgemm sgemm CUDA2 0.083651 172842 40
CPU14 44.859648 172803 sgemm sgemm CUDA2 11.663957 172843 40
CPU19 45.153239 172804 sgemm sgemm CUDA0 1.159355 172844 40
CPU17 44.972860 172805 sgemm sgemm CUDA0 0.053865 172845 40
CPU12 45.086779 172806 sgemm sgemm CUDA3 9.355591 172846 40
CPU3 44.890877 172807 sgemm sgemm CUDA3 1.010999 172847 40
CPU9 44.321957 172808 sgemm sgemm CUDA3 0.094965 172848 40
CPU3 45.000256 172809 sgemm sgemm CUDA0 0.071505 172849 40
CPU8 44.940791 172810 sgemm sgemm CUDA0 3.194544 172850 40
CPU11 44.758527 172811 sgemm sgemm CPU18 215.660627 172851 40
CPU9 44.822118 172812 sgemm sgemm CUDA3 1.216062 172852 40
CPU3 44.452290 172813 sgemm sgemm CUDA0 1.208983 172853 40
CPU15 44.893729 172814 sgemm sgemm CUDA0 1.028819 172854 40
CPU7 44.832790 172815 sgemm sgemm CUDA3 1.007440 172855 40
CPU14 44.727313 172816 sgemm sgemm CUDA0 1.019180 172856 40
CPU6 45.027008 172817 sgemm sgemm CUDA2 0.071172 172857 40
CPU6 44.864491 172818 sgemm sgemm CUDA3 1.015365 172858 40
CPU17 44.952874 172819 sgemm sgemm CUDA3 1.024128 172859 40
CPU19 45.101318 172820 sgemm sgemm CUDA0 1.027992 172860 40
CPU15 45.056699 172821 sgemm sgemm CUDA2 0.077679 172861 40
CPU15 45.081278 172822 sgemm sgemm CUDA1 1.069567 172862 40
CPU15 45.668731 172823 sgemm sgemm CUDA2 1.024278 172863 40
CPU15 45.112866 172824 sgemm sgemm CUDA1 1.134206 172864 40
CPU15 45.213980 172825 sgemm sgemm CUDA1 15.987283 172865 40
CPU15 45.317018 172826 sgemm sgemm CUDA0 0.155714 172866 40
CPU6 24.734237 172827 ssyrk ssyrk CPU -1 172867 40
CPU8 44.588477 172828 sgemm sgemm CUDA2 0.096666 172868 40
CPU1 44.685992 172829 sgemm sgemm CUDA3 1.234250 172869 40
CPU12 44.901879 172830 sgemm sgemm CUDA1 1.239455 172870 40
CPU11 44.680375 172831 sgemm sgemm CUDA3 1.146679 172871 40
CPU0 45.258167 172832 sgemm sgemm CUDA2 1.012653 172872 40
CPU15 44.835465 172833 sgemm sgemm CUDA0 1.206052 172873 40
CPU9 44.958803 172834 sgemm sgemm CUDA2 5.401551 172874 40
CPU8 44.430681 172835 sgemm sgemm CUDA0 1.152215 172875 40
CPU15 44.869646 172836 sgemm sgemm CUDA2 0.098352 172876 40
CPU19 45.160841 172837 sgemm sgemm CUDA1 0.068318 172877 40
CPU6 45.022117 172838 sgemm sgemm CUDA0 1.014949 172878 40
CPU3 44.675693 172839 sgemm sgemm CUDA3 1.136381 172879 40
CPU17 44.993508 172840 sgemm sgemm CUDA0 1.147744 172880 40
CPU9 44.378023 172841 sgemm sgemm CUDA2 0.057573 172881 40
CPU14 44.833981 172842 sgemm sgemm CUDA0 1.232796 172882 40
CPU9 44.906820 172843 sgemm sgemm CUDA2 0.113420 172883 40
CPU14 44.801253 172844 sgemm sgemm CPU19 324.276704 172884 40
CPU15 44.571723 172845 sgemm sgemm CUDA1 0.956259 172885 40
CPU3 44.500644 172846 sgemm sgemm CUDA1 1.298553 172886 40
CPU7 44.624513 172847 sgemm sgemm CUDA0 1.274037 172887 40
CPU9 44.595850 172848 sgemm sgemm CUDA1 1.208256 172888 40
CPU14 44.771458 172849 sgemm sgemm CUDA2 0.891361 172889 40
CPU0 44.863088 172850 sgemm sgemm CUDA3 1.105908 172890 40
CPU4 44.932369 172851 sgemm sgemm CUDA2 11.642679 172891 40
CPU11 44.672613 172852 sgemm sgemm CUDA0 13.524674 172892 40
CPU19 44.931142 172853 sgemm sgemm CUDA3 1.156850 172893 40
CPU17 45.049317 172854 sgemm sgemm CUDA2 1.248353 172894 40
CPU14 44.840922 172855 sgemm sgemm CUDA0 23.622291 172895 40
CPU16 44.888240 172856 sgemm sgemm CUDA2 1.145399 172896 40
CPU18 44.849169 172857 sgemm sgemm CUDA2 1.162325 172897 40
CPU16 44.830647 172858 sgemm sgemm CUDA1 0.053014 172898 40
CPU17 44.832130 172859 sgemm sgemm CUDA1 1.227044 172899 40
CPU17 25.048987 172860 ssyrk ssyrk CUDA0 0.081733 172900 40
CPU5 44.227780 172861 sgemm sgemm CUDA2 1.026899 172901 40
CPU16 44.639359 172862 sgemm sgemm CUDA1 21.983441 172902 40
CPU12 44.941396 172863 sgemm sgemm CUDA1 1.077094 172903 40
CPU8 44.679552 172864 sgemm sgemm CUDA2 1.012074 172904 40
CPU16 44.654927 172865 sgemm sgemm CUDA0 1.142976 172905 40
CPU6 45.086158 172866 sgemm sgemm CUDA1 1.542641 172906 40
CPU17 44.895571 172867 sgemm sgemm CUDA0 0.063679 172907 40
CPU14 44.965260 172868 sgemm sgemm CUDA0 1.004878 172908 40
CPU12 44.771102 172869 sgemm sgemm CUDA0 0.946508 172909 40
CPU4 45.240242 172870 sgemm sgemm CUDA0 1.028351 172910 40
CPU4 44.735914 172871 sgemm sgemm CUDA2 0.062577 172911 40
CPU13 44.895293 172872 sgemm sgemm CUDA2 1.026984 172912 40
CPU5 44.787227 172873 sgemm sgemm CUDA1 1.027097 172913 40
CPU17 44.896700 172874 sgemm sgemm CUDA1 1.143402 172914 40
CPU2 45.018048 172875 sgemm sgemm CUDA1 1.145350 172915 40
CPU15 44.809263 172876 sgemm sgemm CPU20 226.706358 172916 40
CPU18 45.061472 172877 sgemm sgemm CUDA2 1.033397 172917 40
CPU17 45.487914 172878 sgemm sgemm CPU -1 172918 40
CPU14 44.785542 172879 sgemm sgemm CUDA0 0.088902 172919 40
CPU2 44.681488 172880 sgemm sgemm CUDA1 1.155419 172920 40
CPU7 45.026165 172881 sgemm sgemm CUDA2 4.455246 172921 40
CPU19 45.029178 172882 sgemm sgemm CUDA2 1.225255 172922 40
CPU18 44.853309 172883 sgemm sgemm CUDA2 1.185529 172923 40
CPU17 45.016713 172884 sgemm sgemm CUDA0 1.304083 172924 40
CPU18 44.805810 172885 sgemm sgemm CUDA1 1.022500 172925 40
CPU19 45.152680 172886 sgemm sgemm CUDA2 11.901826 172926 40
CPU8 44.727485 172887 sgemm sgemm CUDA1 0.062475 172927 40
CPU4 45.244105 172888 sgemm sgemm CUDA2 1.011891 172928 40
CPU8 44.417466 172889 sgemm sgemm CUDA2 1.025865 172929 40
CPU6 44.876515 172890 sgemm sgemm CUDA2 1.029171 172930 40
CPU9 45.108624 172891 sgemm sgemm CUDA0 7.796259 172931 40
CPU9 24.601756 172892 ssyrk ssyrk CPU10 311.723699 172932 40
CPU17 44.835970 172893 sgemm sgemm CUDA3 8.861796 172933 40
CPU14 44.734390 172894 sgemm sgemm CUDA2 1.154864 172934 40
CPU17 44.792852 172895 sgemm sgemm CUDA0 1.283537 172935 40
CPU14 45.177182 172896 sgemm sgemm CUDA2 1.145744 172936 40
CPU1 44.806666 172897 sgemm sgemm CUDA1 8.683741 172937 40
CPU19 44.745325 172898 sgemm sgemm CUDA2 1.239003 172938 40
CPU15 44.801804 172899 sgemm sgemm CUDA1 12.153158 172939 40
CPU19 45.074992 172900 sgemm sgemm CUDA1 1.306174 172940 40
CPU5 44.779019 172901 sgemm sgemm CUDA3 1.154721 172941 40
CPU6 44.754561 172902 sgemm sgemm CUDA1 1.266533 172942 40
CPU0 45.408604 172903 sgemm sgemm CUDA1 1.155926 172943 40
CPU0 44.999604 172904 sgemm sgemm CUDA1 0.048053 172944 40
CPU10 45.096018 172905 sgemm sgemm CUDA2 1.016569 172945 40
CPU9 44.854918 172906 sgemm sgemm CUDA2 1.250260 172946 40
CPU8 44.805042 172907 sgemm sgemm CPU21 211.972160 172947 40
CPU3 44.820129 172908 sgemm sgemm CUDA2 1.011773 172948 40
CPU16 45.059574 172909 sgemm sgemm CUDA3 11.724493 172949 40
CPU19 45.008691 172910 sgemm sgemm CUDA0 0.110167 172950 40
CPU4 44.706102 172911 sgemm sgemm CUDA2 1.028615 172951 40
CPU9 44.802870 172912 sgemm sgemm CUDA2 0.055506 172952 40
CPU0 45.626259 172913 sgemm sgemm CUDA3 1.151989 172953 40
CPU9 44.730877 172914 sgemm sgemm CUDA0 2.794000 172954 40
CPU1 44.827688 172915 sgemm sgemm CUDA3 1.378699 172955 40
CPU6 44.944244 172916 sgemm sgemm CUDA0 0.057194 172956 40
CPU7 44.760644 172917 sgemm sgemm CUDA0 5.123953 172957 40
CPU0 45.136839 172918 sgemm sgemm CUDA0 1.400015 172958 40
CPU1 44.827642 172919 sgemm sgemm CUDA1 1.005719 172959 40
CPU4 44.892174 172920 sgemm sgemm CUDA0 1.021055 172960 40
CPU0 45.123232 172921 sgemm sgemm CUDA1 1.240266 172961 40
CPU8 44.929860 172922 sgemm sgemm CUDA3 1.016221 172962 40
CPU17 25.000382 172923 ssyrk ssyrk CPU -1 172963 40
CPU19 45.196532 172924 sgemm sgemm CUDA1 0.076655 172964 40
CPU15 44.655981 172925 sgemm sgemm CUDA1 0.077080 172965 40
CPU17 44.974732 172926 sgemm sgemm CUDA3 1.151285 172966 40
CPU7 45.010750 172927 sgemm sgemm CUDA0 1.011242 172967 40
CPU3 44.886567 172928 sgemm sgemm CUDA3 1.151811 172968 40
CPU16 44.764680 172929 sgemm sgemm CUDA0 0.996998 172969 40
CPU19 45.032797 172930 sgemm sgemm CUDA1 1.280547 172970 40
CPU6 44.822033 172931 sgemm sgemm CUDA0 1.155485 172971 40
CPU7 44.883789 172932 sgemm sgemm CUDA0 1.019375 172972 40
CPU18 44.984665 172933 sgemm sgemm CUDA3 1.159356 172973 40
CPU5 44.804335 172934 sgemm sgemm CUDA1 1.146903 172974 40
CPU18 44.666758 172935 sgemm sgemm CUDA1 0.103105 172975 40
CPU17 44.978084 172936 sgemm sgemm CUDA1 1.207110 172976 40
CPU2 44.842845 172937 sgemm sgemm CPU22 358.400379 172977 40
CPU4 45.156012 172938 sgemm sgemm CUDA2 12.355736 172978 40
CPU9 44.751995 172939 sgemm sgemm CUDA1 1.150272 172979 40
CPU16 44.770293 172940 sgemm sgemm CUDA1 1.016333 172980 40
CPU17 44.847306 172941 sgemm sgemm CUDA1 1.006067 172981 40
CPU16 44.703597 172942 sgemm sgemm CUDA0 1.149202 172982 40
CPU0 45.169123 172943 sgemm sgemm CUDA3 1.146201 172983 40
CPU2 44.756255 172944 sgemm sgemm CUDA3 2.578796 172984 40
CPU17 44.740382 172945 sgemm sgemm CUDA3 1.011066 172985 40
CPU16 44.641100 172946 sgemm sgemm CUDA1 1.018237 172986 40
CPU10 44.897539 172947 sgemm sgemm CUDA3 1.032504 172987 40
CPU6 45.196590 172948 sgemm sgemm CUDA3 1.212758 172988 40
CPU1 44.766693 172949 sgemm sgemm CUDA1 1.017738 172989 40
CPU0 44.879065 172950 sgemm sgemm CUDA1 1.063524 172990 40
CPU8 44.780970 172951 sgemm sgemm CUDA0 0.052940 172991 40
CPU9 45.293869 172952 sgemm sgemm CUDA1 1.036117 172992 40
CPU14 24.805843 172953 ssyrk ssyrk CUDA0 11.776153 172993 40
CPU14 44.579139 172954 sgemm sgemm CUDA1 1.234442 172994 40
CPU14 45.062322 172955 sgemm sgemm CUDA3 9.238041 172995 40
CPU3 44.883051 172956 sgemm sgemm CUDA0 0.121733 172996 40
CPU12 45.015845 172957 sgemm sgemm CUDA2 1.144957 172997 40
CPU11 44.653697 172958 sgemm sgemm CUDA0 1.138040 172998 40
CPU1 44.878831 172959 sgemm sgemm CUDA0 1.155865 172999 40
CPU10 44.932778 172960 sgemm sgemm CUDA1 0.996141 173000 40
CPU18 45.118910 172961 sgemm sgemm CUDA2 1.195087 173001 40
CPU4 45.140614 172962 sgemm sgemm CUDA3 1.017385 173002 40
CPU3 44.794937 172963 sgemm sgemm CUDA3 1.563502 173003 40
CPU8 44.932596 172964 sgemm sgemm CUDA0 1.151373 173004 40
CPU0 45.377436 172965 sgemm sgemm CUDA2 21.561108 173005 40
CPU15 44.670548 172966 sgemm sgemm CPU23 326.528787 173006 40
CPU7 45.207493 172967 sgemm sgemm CUDA2 0.114610 173007 40
CPU10 44.938181 172968 sgemm sgemm CUDA3 1.307645 173008 40
CPU11 44.943371 172969 sgemm sgemm CUDA0 1.205848 173009 40
CPU12 44.869199 172970 sgemm sgemm CUDA2 0.104257 173010 40
CPU14 44.831113 172971 sgemm sgemm CUDA2 1.208457 173011 40
CPU10 44.752083 172972 sgemm sgemm CUDA3 1.013997 173012 40
CPU8 44.813160 172973 sgemm sgemm CUDA1 1.312384 173013 40
CPU1 44.990325 172974 sgemm sgemm CUDA2 1.160437 173014 40
CPU14 44.776055 172975 sgemm sgemm CUDA3 1.148482 173015 40
CPU14 44.741198 172976 sgemm sgemm CUDA2 0.093794 173016 40
CPU14 44.932104 172977 sgemm sgemm CUDA2 1.017518 173017 40
CPU14 45.099786 172978 sgemm sgemm CUDA2 1.016080 173018 40
CPU14 45.016481 172979 sgemm sgemm CUDA2 1.150210 173019 40
CPU14 44.929530 172980 sgemm sgemm CUDA2 1.018128 173020 40
CPU14 44.743539 172981 sgemm sgemm CUDA2 1.214128 173021 40
CPU7 25.036117 172982 ssyrk ssyrk CPU -1 173022 40
CPU15 44.630065 172983 sgemm sgemm CUDA3 0.109326 173023 40
CPU6 45.076473 172984 sgemm sgemm CUDA2 1.013332 173024 40
CPU9 45.022484 172985 sgemm sgemm CUDA0 0.997480 173025 40
CPU11 44.638253 172986 sgemm sgemm CUDA1 10.563512 173026 40
CPU10 44.917621 172987 sgemm sgemm CUDA0 1.149189 173027 40
CPU18 44.796762 172988 sgemm sgemm CUDA2 1.011955 173028 40
CPU10 44.846676 172989 sgemm sgemm CUDA1 1.073126 173029 40
CPU3 44.704378 172990 sgemm sgemm CUDA0 1.149820 173030 40
CPU15 44.641611 172991 sgemm sgemm CUDA3 1.165468 173031 40
CPU8 45.104295 172992 sgemm sgemm CUDA0 1.016542 173032 40
CPU8 45.049095 172993 sgemm sgemm CUDA1 12.483070 173033 40
CPU6 45.190231 172994 sgemm sgemm CPU25 358.409713 173034 40
CPU18 44.544203 172995 sgemm sgemm CUDA2 23.792700 173035 40
CPU6 44.852242 172996 sgemm sgemm CUDA3 1.001929 173036 40
CPU12 44.856760 172997 sgemm sgemm CUDA2 1.145093 173037 40
CPU3 44.806618 172998 sgemm sgemm CUDA2 1.230623 173038 40
CPU9 44.860713 172999 sgemm sgemm CUDA3 1.089606 173039 40
CPU2 44.904764 173000 sgemm sgemm CUDA3 0.953577 173040 40
CPU3 44.890865 173001 sgemm sgemm CUDA1 0.105715 173041 40
CPU4 45.020305 173002 sgemm sgemm CUDA0 1.023305 173042 40
CPU9 44.991225 173003 sgemm sgemm CUDA0 1.139499 173043 40
CPU6 44.826564 173004 sgemm sgemm CUDA1 1.382907 173044 40
CPU6 45.052889 173005 sgemm sgemm CUDA0 1.146496 173045 40
CPU4 44.990225 173006 sgemm sgemm CUDA1 1.007072 173046 40
CPU6 44.782698 173007 sgemm sgemm CUDA1 1.157929 173047 40
CPU4 44.578141 173008 sgemm sgemm CUDA0 1.008108 173048 40
CPU5 45.096704 173009 sgemm sgemm CUDA3 1.145845 173049 40
CPU14 25.277454 173010 ssyrk ssyrk CPU14 143.811979 173050 40
CPU16 44.974605 173011 sgemm sgemm CPU15 323.258453 173051 40
CPU10 45.092559 173012 sgemm sgemm CPU -1 173052 40
CPU6 44.981504 173013 sgemm sgemm CPU -1 173053 40
CPU14 45.009078 173014 sgemm sgemm CUDA0 11.513900 173054 40
CPU18 45.397002 173015 sgemm sgemm CUDA0 12.406790 173055 40
CPU14 44.861169 173016 sgemm sgemm CPU16 194.091004 173056 40
CPU19 45.122090 173017 sgemm sgemm CPU17 298.586103 173057 40
CPU4 44.737122 173018 sgemm sgemm CPU18 305.751510 173058 40
CPU14 44.907166 173019 sgemm sgemm CUDA0 0.991439 173059 40
CPU8 44.670302 173020 sgemm sgemm CUDA0 1.301279 173060 40
CPU1 44.991969 173021 sgemm sgemm CPU30 294.019252 173061 40
CPU5 44.584339 173022 sgemm sgemm CPU19 407.580636 173062 40
CPU3 44.439278 173023 sgemm sgemm CUDA3 6.035653 173063 40
CPU9 44.660941 173024 sgemm sgemm CPU20 288.348763 173064 40
CPU5 44.495746 173025 sgemm sgemm CUDA3 0.953002 173065 40
CPU15 44.914477 173026 sgemm sgemm CUDA3 1.138056 173066 40
CPU17 44.939265 173027 sgemm sgemm CUDA2 1.010751 173067 40
CPU17 44.970344 173028 sgemm sgemm CPU21 298.965874 173068 40
CPU11 44.860235 173029 sgemm sgemm CUDA3 18.669242 173069 40
CPU5 44.709609 173030 sgemm sgemm CPU22 259.443590 173070 40
CPU1 44.762507 173031 sgemm sgemm CPU24 395.940672 173071 40
CPU3 44.890844 173032 sgemm sgemm CPU25 284.116952 173072 40
CPU2 44.892902 173033 sgemm sgemm CPU26 300.377454 173073 40
CPU9 44.446821 173034 sgemm sgemm CPU27 337.130622 173074 40
CPU3 44.764744 173035 sgemm sgemm CPU28 311.154980 173075 40
CPU5 45.121819 173036 sgemm sgemm CPU29 341.536661 173076 40
CPU7 25.263974 173037 ssyrk ssyrk CUDA1 6.899073 173077 40
CPU6 44.894987 173038 sgemm sgemm CUDA2 1.147835 173078 40
CPU15 44.662593 173039 sgemm sgemm CUDA0 1.017088 173079 40
CPU4 44.933340 173040 sgemm sgemm CUDA0 1.155601 173080 40
CPU5 44.672347 173041 sgemm sgemm CUDA1 2.121829 173081 40
CPU6 44.841365 173042 sgemm sgemm CUDA1 0.131127 173082 40
CPU11 44.964662 173043 sgemm sgemm CUDA3 1.032840 173083 40
CPU2 44.309904 173044 sgemm sgemm CUDA3 0.895354 173084 40
CPU14 44.706257 173045 sgemm sgemm CUDA3 1.015836 173085 40
CPU12 44.659411 173046 sgemm sgemm CUDA1 1.237143 173086 40
CPU12 44.799138 173047 sgemm sgemm CPU32 242.707844 173087 40
CPU11 44.733681 173048 sgemm sgemm CUDA1 1.156156 173088 40
CPU17 44.923973 173049 sgemm sgemm CUDA1 1.010139 173089 40
CPU19 45.091044 173050 sgemm sgemm CUDA0 5.946310 173090 40
CPU17 44.745108 173051 sgemm sgemm CUDA2 1.143292 173091 40
CPU11 44.656363 173052 sgemm sgemm CUDA1 1.035558 173092 40
CPU10 44.926922 173053 sgemm sgemm CUDA2 1.033231 173093 40
CPU0 45.181378 173054 sgemm sgemm CUDA0 11.763188 173094 40
CPU18 44.661511 173055 sgemm sgemm CUDA2 14.011512 173095 40
CPU17 45.259624 173056 sgemm sgemm CUDA3 1.247089 173096 40
CPU15 45.166740 173057 sgemm sgemm CUDA2 7.447214 173097 40
CPU16 44.838023 173058 sgemm sgemm CUDA0 0.070343 173098 40
CPU15 45.061775 173059 sgemm sgemm CUDA2 1.138214 173099 40
CPU15 45.116918 173060 sgemm sgemm CUDA2 1.147610 173100 40
CPU16 45.096698 173061 sgemm sgemm CUDA2 1.081264 173101 40
CPU15 44.453820 173062 sgemm sgemm CUDA0 0.090024 173102 40
CPU4 25.236719 173063 ssyrk ssyrk CUDA3 23.512352 173103 40
CPU14 44.892217 173064 sgemm sgemm CUDA3 1.014163 173104 40
CPU0 45.276909 173065 sgemm sgemm CUDA0 1.015168 173105 40
CPU10 44.625117 173066 sgemm sgemm CUDA0 1.025642 173106 40
CPU11 45.013841 173067 sgemm sgemm CUDA3 0.122773 173107 40
CPU14 44.586770 173068 sgemm sgemm CUDA3 1.145215 173108 40
CPU19 45.082096 173069 sgemm sgemm CUDA3 0.795502 173109 40
CPU7 45.089444 173070 sgemm sgemm CUDA0 1.017097 173110 40
CPU3 44.891618 173071 sgemm sgemm CUDA3 1.083235 173111 40
CPU15 44.675443 173072 sgemm sgemm CUDA2 1.016528 173112 40
CPU16 44.825261 173073 sgemm sgemm CUDA0 1.015946 173113 40
CPU14 44.748844 173074 sgemm sgemm CUDA0 1.018294 173114 40
CPU17 44.740750 173075 sgemm sgemm CUDA0 0.053514 173115 40
CPU5 44.768437 173076 sgemm sgemm CUDA3 1.010178 173116 40
CPU15 44.645823 173077 sgemm sgemm CUDA3 0.951717 173117 40
CPU17 44.947151 173078 sgemm sgemm CUDA3 1.140132 173118 40
CPU4 45.032823 173079 sgemm sgemm CUDA3 12.095232 173119 40
CPU2 45.119589 173080 sgemm sgemm CUDA3 1.249768 173120 40
CPU10 44.937618 173081 sgemm sgemm CUDA3 1.024633 173121 40
CPU12 44.938574 173082 sgemm sgemm CUDA2 0.126359 173122 40
CPU18 44.869850 173083 sgemm sgemm CUDA2 0.057758 173123 40
CPU9 44.962358 173084 sgemm sgemm CUDA0 1.207723 173124 40
CPU5 44.916782 173085 sgemm sgemm CUDA0 1.148824 173125 40
CPU3 44.611490 173086 sgemm sgemm CUDA2 0.048357 173126 40
CPU13 45.013154 173087 sgemm sgemm CUDA0 0.219263 173127 40
CPU3 24.859008 173088 ssyrk ssyrk CPU -1 173128 40
CPU15 44.920830 173089 sgemm sgemm CUDA1 27.175630 173129 40
CPU17 45.054492 173090 sgemm sgemm CUDA0 1.136862 173130 40
CPU1 44.818810 173091 sgemm sgemm CUDA0 1.030337 173131 40
CPU9 44.863047 173092 sgemm sgemm CUDA0 1.137163 173132 40
CPU2 44.724033 173093 sgemm sgemm CUDA0 1.153886 173133 40
CPU7 44.750364 173094 sgemm sgemm CUDA3 1.017210 173134 40
CPU0 45.023823 173095 sgemm sgemm CUDA2 1.164843 173135 40
CPU0 45.055035 173096 sgemm sgemm CUDA0 1.510006 173136 40
CPU1 45.117368 173097 sgemm sgemm CUDA0 1.012690 173137 40
CPU0 44.909969 173098 sgemm sgemm CUDA1 1.007666 173138 40
CPU9 44.606750 173099 sgemm sgemm CUDA0 1.158150 173139 40
CPU4 45.082676 173100 sgemm sgemm CUDA1 1.078991 173140 40
CPU15 44.615769 173101 sgemm sgemm CUDA1 1.104436 173141 40
CPU4 45.043870 173102 sgemm sgemm CUDA0 1.148375 173142 40
CPU6 44.878737 173103 sgemm sgemm CUDA1 1.133010 173143 40
CPU18 44.669855 173104 sgemm sgemm CUDA1 0.971433 173144 40
CPU7 44.797340 173105 sgemm sgemm CUDA1 20.120249 173145 40
CPU4 44.676932 173106 sgemm sgemm CUDA1 0.092576 173146 40
CPU6 44.889478 173107 sgemm sgemm CUDA0 0.089922 173147 40
CPU5 44.804239 173108 sgemm sgemm CUDA2 1.014700 173148 40
CPU4 44.741700 173109 sgemm sgemm CUDA0 11.811867 173149 40
CPU2 44.902994 173110 sgemm sgemm CUDA2 11.750125 173150 40
CPU5 45.011591 173111 sgemm sgemm CUDA2 0.148251 173151 40
CPU14 25.007028 173112 ssyrk ssyrk CUDA3 56.056837 173152 40
CPU19 44.724674 173113 sgemm sgemm CUDA1 0.198737 173153 40
CPU12 44.899750 173114 sgemm sgemm CUDA1 11.588704 173154 40
CPU12 44.992733 173115 sgemm sgemm CUDA1 1.004707 173155 40
CPU16 44.793406 173116 sgemm sgemm CUDA0 1.303106 173156 40
CPU17 44.931302 173117 sgemm sgemm CUDA0 1.154686 173157 40
CPU5 44.784495 173118 sgemm sgemm CUDA0 1.152018 173158 40
CPU14 44.966367 173119 sgemm sgemm CUDA1 1.227361 173159 40
CPU19 44.732341 173120 sgemm sgemm CUDA1 1.017695 173160 40
CPU3 44.794200 173121 sgemm sgemm CUDA1 1.007138 173161 40
CPU15 44.738927 173122 sgemm sgemm CUDA0 1.314137 173162 40
CPU0 44.595020 173123 sgemm sgemm CUDA1 0.139284 173163 40
CPU16 44.570391 173124 sgemm sgemm CUDA1 1.282148 173164 40
CPU7 44.881028 173125 sgemm sgemm CUDA0 4.527542 173165 40
CPU8 44.514931 173126 sgemm sgemm CUDA0 11.885093 173166 40
CPU1 44.872316 173127 sgemm sgemm CUDA1 12.561727 173167 40
CPU1 44.897748 173128 sgemm sgemm CUDA1 1.015166 173168 40
CPU0 45.191401 173129 sgemm sgemm CUDA1 8.811429 173169 40
CPU18 44.814070 173130 sgemm sgemm CUDA1 1.250637 173170 40
CPU18 44.828686 173131 sgemm sgemm CUDA1 1.383723 173171 40
CPU17 45.033423 173132 sgemm sgemm CUDA0 1.144097 173172 40
CPU17 45.154600 173133 sgemm sgemm CUDA0 9.095594 173173 40
CPU17 44.646428 173134 sgemm sgemm CUDA0 1.149231 173174 40
CPU7 24.893638 173135 ssyrk ssyrk CPU11 118.234042 173175 40
CPU8 44.692102 173136 sgemm sgemm CUDA3 1.036894 173176 40
CPU15 44.873365 173137 sgemm sgemm CUDA1 1.156026 173177 40
CPU18 44.847764 173138 sgemm sgemm CUDA1 11.795140 173178 40
CPU6 45.017873 173139 sgemm sgemm CUDA1 14.564243 173179 40
CPU12 44.971206 173140 sgemm sgemm CUDA1 12.174627 173180 40
CPU16 44.740604 173141 sgemm sgemm CUDA2 0.085055 173181 40
CPU10 45.437361 173142 sgemm sgemm CUDA2 0.172512 173182 40
CPU11 45.012428 173143 sgemm sgemm CUDA3 1.018536 173183 40
CPU17 45.048838 173144 sgemm sgemm CUDA3 1.031800 173184 40
CPU19 44.984743 173145 sgemm sgemm CUDA3 1.007363 173185 40
CPU19 44.997191 173146 sgemm sgemm CUDA1 0.927972 173186 40
CPU16 44.818458 173147 sgemm sgemm CUDA0 0.140573 173187 40
CPU15 45.145500 173148 sgemm sgemm CUDA2 1.011578 173188 40
CPU15 45.024953 173149 sgemm sgemm CUDA2 1.020214 173189 40
CPU14 44.839310 173150 sgemm sgemm CUDA3 1.161364 173190 40
CPU15 45.206291 173151 sgemm sgemm CUDA1 1.285971 173191 40
CPU15 45.080935 173152 sgemm sgemm CUDA2 1.157314 173192 40
CPU14 45.025611 173153 sgemm sgemm CUDA0 1.009710 173193 40
CPU14 44.767968 173154 sgemm sgemm CUDA2 1.005410 173194 40
CPU15 45.368171 173155 sgemm sgemm CUDA2 1.017523 173195 40
CPU14 44.817803 173156 sgemm sgemm CUDA1 1.147784 173196 40
CPU9 24.585421 173157 ssyrk ssyrk CUDA2 0.630843 173197 40
CPU6 44.791722 173158 sgemm sgemm CUDA3 1.037161 173198 40
CPU8 44.918862 173159 sgemm sgemm CUDA2 1.160120 173199 40
CPU4 44.965747 173160 sgemm sgemm CUDA1 1.225836 173200 40
CPU18 44.579410 173161 sgemm sgemm CUDA3 1.004099 173201 40
CPU6 45.215776 173162 sgemm sgemm CUDA1 1.077276 173202 40
CPU8 45.187616 173163 sgemm sgemm CUDA3 1.132843 173203 40
CPU4 44.601578 173164 sgemm sgemm CUDA3 1.145575 173204 40
CPU5 44.524500 173165 sgemm sgemm CUDA3 1.126359 173205 40
CPU8 45.013264 173166 sgemm sgemm CUDA1 11.933992 173206 40
CPU15 44.897300 173167 sgemm sgemm CUDA3 0.954508 173207 40
CPU9 44.877500 173168 sgemm sgemm CUDA3 1.137776 173208 40
CPU2 44.745601 173169 sgemm sgemm CUDA3 1.149226 173209 40
CPU0 44.912527 173170 sgemm sgemm CUDA2 4.331447 173210 40
CPU16 44.961922 173171 sgemm sgemm CUDA1 1.013896 173211 40
CPU18 45.044907 173172 sgemm sgemm CUDA1 1.283294 173212 40
CPU6 45.112617 173173 sgemm sgemm CUDA0 23.621888 173213 40
CPU9 44.907888 173174 sgemm sgemm CUDA2 3.308556 173214 40
CPU2 44.705545 173175 sgemm sgemm CUDA2 1.153717 173215 40
CPU3 44.821955 173176 sgemm sgemm CUDA0 0.077792 173216 40
CPU5 45.243686 173177 sgemm sgemm CUDA3 0.094006 173217 40
CPU10 25.065119 173178 ssyrk ssyrk CPU12 287.544723 173218 40
CPU11 44.906974 173179 sgemm sgemm CUDA3 1.162633 173219 40
CPU5 44.767557 173180 sgemm sgemm CUDA3 0.981578 173220 40
CPU7 45.111988 173181 sgemm sgemm CUDA2 1.029760 173221 40
CPU0 45.098715 173182 sgemm sgemm CPU -1 173222 40
CPU2 45.114302 173183 sgemm sgemm CUDA3 1.139862 173223 40
CPU6 44.662402 173184 sgemm sgemm CUDA2 0.141693 173224 40
CPU11 44.925606 173185 sgemm sgemm CUDA3 13.184382 173225 40
CPU17 45.054844 173186 sgemm sgemm CUDA2 6.510125 173226 40
CPU1 44.788587 173187 sgemm sgemm CUDA3 1.134246 173227 40
CPU8 44.673681 173188 sgemm sgemm CUDA0 11.731837 173228 40
CPU8 45.036124 173189 sgemm sgemm CUDA1 1.130164 173229 40
CPU11 44.874328 173190 sgemm sgemm CUDA2 0.435370 173230 40
CPU12 45.024395 173191 sgemm sgemm CUDA1 0.957306 173231 40
CPU10 45.253206 173192 sgemm sgemm CUDA3 1.252951 173232 40
CPU7 45.152952 173193 sgemm sgemm CUDA2 0.076997 173233 40
CPU3 45.103794 173194 sgemm sgemm CUDA0 0.774565 173234 40
CPU7 44.940348 173195 sgemm sgemm CUDA0 11.877081 173235 40
CPU9 44.842931 173196 sgemm sgemm CUDA1 1.149944 173236 40
CPU1 45.316542 173197 sgemm sgemm CUDA2 1.148828 173237 40
CPU8 24.819542 173198 ssyrk ssyrk CPU -1 173238 40
CPU14 45.156743 173199 sgemm sgemm CUDA2 1.162156 173239 40
CPU2 44.670810 173200 sgemm sgemm CUDA3 1.139499 173240 40
CPU3 44.754629 173201 sgemm sgemm CUDA0 14.006747 173241 40
CPU1 45.094362 173202 sgemm sgemm CUDA1 1.031515 173242 40
CPU2 44.720233 173203 sgemm sgemm CUDA1 1.150488 173243 40
CPU4 44.809713 173204 sgemm sgemm CUDA1 0.584608 173244 40
CPU4 44.684769 173205 sgemm sgemm CUDA3 1.009905 173245 40
CPU14 44.896635 173206 sgemm sgemm CUDA1 11.871855 173246 40
CPU10 44.785397 173207 sgemm sgemm CUDA3 1.065317 173247 40
CPU9 44.656581 173208 sgemm sgemm CUDA2 1.027561 173248 40
CPU18 44.810557 173209 sgemm sgemm CUDA2 7.192709 173249 40
CPU5 44.833159 173210 sgemm sgemm CUDA1 7.276628 173250 40
CPU3 44.887235 173211 sgemm sgemm CUDA1 0.100718 173251 40
CPU4 44.783404 173212 sgemm sgemm CUDA0 0.057608 173252 40
CPU8 44.778642 173213 sgemm sgemm CUDA2 0.165662 173253 40
CPU6 44.886197 173214 sgemm sgemm CUDA0 11.743894 173254 40
CPU4 44.965608 173215 sgemm sgemm CUDA0 1.221623 173255 40
CPU7 45.188886 173216 sgemm sgemm CUDA1 11.410505 173256 40
CPU16 24.559954 173217 ssyrk ssyrk CPU -1 173257 40
CPU18 44.755759 173218 sgemm sgemm CUDA1 1.194211 173258 40
CPU5 44.842401 173219 sgemm sgemm CUDA1 0.180256 173259 40
CPU4 45.057559 173220 sgemm sgemm CUDA1 1.297657 173260 40
CPU3 44.939634 173221 sgemm sgemm CUDA1 1.007442 173261 40
CPU0 44.907269 173222 sgemm sgemm CUDA3 1.160825 173262 40
CPU1 45.099212 173223 sgemm sgemm CUDA2 0.089576 173263 40
CPU15 44.788595 173224 sgemm sgemm CUDA1 0.082381 173264 40
CPU11 44.561264 173225 sgemm sgemm CUDA3 1.198084 173265 40
CPU7 44.934709 173226 sgemm sgemm CUDA0 1.031270 173266 40
CPU19 45.091437 173227 sgemm sgemm CUDA3 1.016308 173267 40
CPU8 44.875520 173228 sgemm sgemm CUDA0 1.148078 173268 40
CPU15 44.574572 173229 sgemm sgemm CUDA1 1.148833 173269 40
CPU10 44.962378 173230 sgemm sgemm CUDA3 1.199731 173270 40
CPU0 45.435106 173231 sgemm sgemm CUDA3 1.003617 173271 40
CPU3 44.770939 173232 sgemm sgemm CUDA2 1.015423 173272 40
CPU8 44.802171 173233 sgemm sgemm CUDA2 34.330947 173273 40
CPU2 45.029320 173234 sgemm sgemm CUDA3 1.017659 173274 40
CPU19 25.081202 173235 ssyrk ssyrk CPU11 144.111396 173275 40
CPU4 44.872330 173236 sgemm sgemm CUDA0 1.202124 173276 40
CPU19 44.722126 173237 sgemm sgemm CUDA0 1.153364 173277 40
CPU3 44.679367 173238 sgemm sgemm CUDA3 1.148165 173278 40
CPU12 45.275326 173239 sgemm sgemm CUDA0 1.018847 173279 40
CPU3 44.949414 173240 sgemm sgemm CUDA1 0.083701 173280 40
CPU10 44.984739 173241 sgemm sgemm CUDA2 1.017017 173281 40
CPU11 44.886441 173242 sgemm sgemm CUDA0 0.066089 173282 40
CPU5 44.675286 173243 sgemm sgemm CUDA1 1.241296 173283 40
CPU1 44.770486 173244 sgemm sgemm CUDA1 1.151390 173284 40
CPU6 45.007169 173245 sgemm sgemm CUDA3 1.157392 173285 40
CPU7 44.903574 173246 sgemm sgemm CUDA1 1.014870 173286 40
CPU11 44.847599 173247 sgemm sgemm CUDA2 1.014376 173287 40
CPU9 44.761690 173248 sgemm sgemm CUDA2 1.139635 173288 40
CPU0 45.026993 173249 sgemm sgemm CUDA0 14.628401 173289 40
CPU10 44.848052 173250 sgemm sgemm CUDA0 11.319950 173290 40
CPU13 44.976856 173251 sgemm sgemm CUDA0 1.210577 173291 40
CPU11 24.594975 173252 ssyrk ssyrk CPU11 288.006902 173292 40
CPU17 44.903335 173253 sgemm sgemm CUDA2 0.069118 173293 40
CPU19 44.931335 173254 sgemm sgemm CUDA2 1.298483 173294 40
CPU15 45.033235 173255 sgemm sgemm CUDA1 1.014443 173295 40
CPU12 44.919378 173256 sgemm sgemm CUDA1 10.269339 173296 40
CPU12 45.076668 173257 sgemm sgemm CUDA1 1.309899 173297 40
CPU16 44.672729 173258 sgemm sgemm CUDA3 1.090709 173298 40
CPU11 44.896110 173259 sgemm sgemm CUDA3 0.105559 173299 40
CPU11 44.748033 173260 sgemm sgemm CUDA2 16.092028 173300 40
CPU4 45.110603 173261 sgemm sgemm CUDA3 0.117615 173301 40
CPU9 44.915397 173262 sgemm sgemm CUDA2 1.153384 173302 40
CPU12 45.285522 173263 sgemm sgemm CUDA1 1.033954 173303 40
CPU10 45.059698 173264 sgemm sgemm CUDA1 1.146649 173304 40
CPU17 45.063716 173265 sgemm sgemm CUDA2 0.474344 173305 40
CPU19 45.093237 173266 sgemm sgemm CUDA1 1.204690 173306 40
CPU19 44.987593 173267 sgemm sgemm CUDA2 1.016462 173307 40
CPU19 24.950948 173268 ssyrk ssyrk CPU13 200.832586 173308 40
CPU7 45.087787 173269 sgemm sgemm CUDA2 1.539026 173309 40
CPU0 44.986983 173270 sgemm sgemm CUDA2 23.316333 173310 40
CPU11 44.642569 173271 sgemm sgemm CUDA0 1.017077 173311 40
CPU19 44.858701 173272 sgemm sgemm CUDA2 1.153743 173312 40
CPU5 45.109854 173273 sgemm sgemm CUDA1 12.111762 173313 40
CPU4 45.031664 173274 sgemm sgemm CUDA1 1.021526 173314 40
CPU16 44.834208 173275 sgemm sgemm CUDA0 1.167664 173315 40
CPU15 44.725123 173276 sgemm sgemm CUDA0 1.013707 173316 40
CPU8 44.924450 173277 sgemm sgemm CUDA2 0.485859 173317 40
CPU10 45.412683 173278 sgemm sgemm CUDA1 1.152084 173318 40
CPU1 45.092105 173279 sgemm sgemm CPU -1 173319 40
CPU9 45.012678 173280 sgemm sgemm CUDA1 1.019545 173320 40
CPU10 45.230190 173281 sgemm sgemm CUDA0 1.020442 173321 40
CPU17 45.019765 173282 sgemm sgemm CUDA3 1.162538 173322 40
CPU9 24.644254 173283 ssyrk ssyrk CPU -1 173323 40
CPU4 44.624467 173284 sgemm sgemm CUDA1 1.005278 173324 40
CPU5 44.813253 173285 sgemm sgemm CUDA2 1.254664 173325 40
CPU2 44.514483 173286 sgemm sgemm CUDA0 14.259947 173326 40
CPU7 45.015263 173287 sgemm sgemm CUDA3 1.155117 173327 40
CPU2 44.861991 173288 sgemm sgemm CUDA2 4.515815 173328 40
CPU8 44.774146 173289 sgemm sgemm CUDA3 1.010096 173329 40
CPU3 44.955603 173290 sgemm sgemm CUDA3 1.135365 173330 40
CPU1 44.845681 173291 sgemm sgemm CUDA3 1.010429 173331 40
CPU0 45.336739 173292 sgemm sgemm CUDA3 1.161920 173332 40
CPU8 44.918707 173293 sgemm sgemm CUDA0 47.329719 173333 40
CPU7 44.785684 173294 sgemm sgemm CUDA2 0.071244 173334 40
CPU2 44.436406 173295 sgemm sgemm CUDA0 0.072776 173335 40
CPU6 45.077639 173296 sgemm sgemm CUDA2 11.878842 173336 40
CPU19 24.966384 173297 ssyrk ssyrk CPU -1 173337 40
CPU7 44.889516 173298 sgemm sgemm CUDA3 1.131833 173338 40
CPU4 44.994004 173299 sgemm sgemm CUDA3 0.949471 173339 40
CPU1 44.779541 173300 sgemm sgemm CPU27 470.434198 173340 40
CPU2 44.734595 173301 sgemm sgemm CUDA1 1.251702 173341 40
CPU0 45.053989 173302 sgemm sgemm CUDA1 1.119828 173342 40
CPU1 44.714372 173303 sgemm sgemm CUDA3 1.023634 173343 40
CPU2 44.678968 173304 sgemm sgemm CUDA0 1.352312 173344 40
CPU3 44.667483 173305 sgemm sgemm CUDA1 1.159633 173345 40
CPU4 45.064975 173306 sgemm sgemm CUDA2 14.275232 173346 40
CPU1 44.730057 173307 sgemm sgemm CUDA2 1.167733 173347 40
CPU2 44.859281 173308 sgemm sgemm CUDA2 1.154941 173348 40
CPU0 45.401725 173309 sgemm sgemm CUDA2 1.151168 173349 40
CPU7 25.154349 173310 ssyrk ssyrk CPU -1 173350 40
CPU8 45.117398 173311 sgemm sgemm CUDA1 1.154632 173351 40
CPU1 44.875302 173312 sgemm sgemm CUDA0 1.239410 173352 40
CPU0 45.233330 173313 sgemm sgemm CUDA1 1.021461 173353 40
CPU8 44.703503 173314 sgemm sgemm CUDA2 0.373240 173354 40
CPU9 44.968667 173315 sgemm sgemm CUDA0 1.031728 173355 40
CPU8 44.818438 173316 sgemm sgemm CUDA1 0.986339 173356 40
CPU7 45.208131 173317 sgemm sgemm CUDA3 1.134503 173357 40
CPU7 45.138027 173318 sgemm sgemm CUDA2 1.142954 173358 40
CPU8 44.823280 173319 sgemm sgemm CUDA0 0.056880 173359 40
CPU5 44.823812 173320 sgemm sgemm CUDA0 0.089110 173360 40
CPU9 45.155947 173321 sgemm sgemm CUDA2 1.155165 173361 40
CPU19 25.111167 173322 ssyrk ssyrk CPU -1 173362 40
CPU17 44.990186 173323 sgemm sgemm CUDA1 0.033038 173363 40
CPU10 45.106519 173324 sgemm sgemm CUDA2 1.187759 173364 40
CPU18 44.654552 173325 sgemm sgemm CUDA3 0.955974 173365 40
CPU18 44.804446 173326 sgemm sgemm CUDA0 1.082927 173366 40
CPU18 44.740408 173327 sgemm sgemm CUDA3 1.153041 173367 40
CPU18 45.180863 173328 sgemm sgemm CUDA3 0.954758 173368 40
CPU18 44.748467 173329 sgemm sgemm CUDA3 1.154291 173369 40
CPU19 45.099875 173330 sgemm sgemm CUDA2 10.219089 173370 40
CPU19 45.158082 173331 sgemm sgemm CUDA0 1.016337 173371 40
CPU18 44.810681 173332 sgemm sgemm CUDA3 1.141851 173372 40
CPU0 25.008550 173333 ssyrk ssyrk CPU28 237.322079 173373 40
CPU6 44.853858 173334 sgemm sgemm CUDA0 1.151789 173374 40
CPU2 44.856225 173335 sgemm sgemm CUDA3 0.970375 173375 40
CPU3 44.915091 173336 sgemm sgemm CUDA0 1.156769 173376 40
CPU9 44.762153 173337 sgemm sgemm CUDA2 1.061487 173377 40
CPU5 44.749001 173338 sgemm sgemm CUDA3 1.368489 173378 40
CPU0 45.191577 173339 sgemm sgemm CUDA2 1.001084 173379 40
CPU3 44.651007 173340 sgemm sgemm CUDA2 1.164273 173380 40
CPU1 44.662416 173341 sgemm sgemm CUDA2 1.156550 173381 40
CPU2 44.915470 173342 sgemm sgemm CUDA0 1.025095 173382 40
CPU9 24.526667 173343 ssyrk ssyrk CPU10 153.958798 173383 40
CPU4 44.740670 173344 sgemm sgemm CUDA0 1.012852 173384 40
CPU11 44.791054 173345 sgemm sgemm CUDA0 0.478669 173385 40
CPU4 44.996791 173346 sgemm sgemm CUDA2 1.125084 173386 40
CPU15 45.170707 173347 sgemm sgemm CUDA1 7.349946 173387 40
CPU16 44.873670 173348 sgemm sgemm CUDA0 1.141334 173388 40
CPU10 45.012078 173349 sgemm sgemm CUDA0 11.236288 173389 40
CPU19 45.492131 173350 sgemm sgemm CUDA1 2.494370 173390 40
CPU17 44.930071 173351 sgemm sgemm CUDA0 11.899148 173391 40
CPU12 24.999068 173352 ssyrk ssyrk CPU10 215.843250 173392 40
CPU12 45.273194 173353 sgemm sgemm CUDA3 1.155860 173393 40
CPU11 45.076725 173354 sgemm sgemm CUDA1 1.036221 173394 40
CPU0 45.261950 173355 sgemm sgemm CUDA2 12.013418 173395 40
CPU5 44.848942 173356 sgemm sgemm CUDA1 1.148260 173396 40
CPU14 45.151442 173357 sgemm sgemm CUDA1 1.030474 173397 40
CPU11 45.190479 173358 sgemm sgemm CUDA0 1.016717 173398 40
CPU12 45.180142 173359 sgemm sgemm CUDA1 1.017268 173399 40
CPU10 24.745834 173360 ssyrk ssyrk CPU -1 173400 40
CPU16 44.963350 173361 sgemm sgemm CUDA1 0.056097 173401 40
CPU7 45.088114 173362 sgemm sgemm CUDA0 1.260256 173402 40
CPU3 44.708715 173363 sgemm sgemm CUDA1 1.021238 173403 40
CPU0 45.134049 173364 sgemm sgemm CUDA1 1.006493 173404 40
CPU14 45.047429 173365 sgemm sgemm CUDA0 0.104249 173405 40
CPU11 44.624866 173366 sgemm sgemm CUDA0 1.151367 173406 40
CPU4 25.147240 173367 ssyrk ssyrk CPU -1 173407 40
CPU8 44.953459 173368 sgemm sgemm CUDA0 1.147405 173408 40
CPU9 44.904115 173369 sgemm sgemm CUDA1 1.142248 173409 40
CPU6 44.827621 173370 sgemm sgemm CUDA1 1.026509 173410 40
CPU2 44.638774 173371 sgemm sgemm CUDA0 1.009134 173411 40
CPU9 44.868923 173372 sgemm sgemm CUDA1 1.310080 173412 40
CPU18 24.624617 173373 ssyrk ssyrk CPU -1 173413 40
CPU14 44.831397 173374 sgemm sgemm CUDA2 12.002220 173414 40
CPU15 44.872107 173375 sgemm sgemm CUDA2 11.953847 173415 40
CPU12 45.078349 173376 sgemm sgemm CUDA0 1.077056 173416 40
CPU19 44.577306 173377 sgemm sgemm CUDA0 1.029169 173417 40
CPU13 24.947532 173378 ssyrk ssyrk CPU12 228.128355 173418 40
CPU13 45.032711 173379 sgemm sgemm CUDA2 1.456857 173419 40
CPU0 44.996624 173380 sgemm sgemm CUDA2 1.190138 173420 40
CPU1 44.372092 173381 sgemm sgemm CUDA1 1.142575 173421 40
CPU5 24.466946 173382 ssyrk ssyrk CPU -1 173422 40
CPU3 44.665847 173383 sgemm sgemm CUDA0 1.144165 173423 40
CPU9 44.486812 173384 sgemm sgemm CUDA2 1.147616 173424 40
CPU2 24.582495 173385 ssyrk ssyrk CPU -1 173425 40
CPU10 44.538490 173386 sgemm sgemm CUDA1 7.763863 173426 40
CPU12 24.416234 173387 ssyrk ssyrk CUDA0 0.632771 173427 40
CPU2 29.930799 173390 strmm strmm CUDA0 4.292621 173430 40
CPU16 30.776727 173394 strmm strmm CUDA2 4.297296 173434 40
CPU15 31.115080 173398 strmm strmm CUDA0 4.287969 173438 40
CPU14 30.425035 173402 strmm strmm CUDA0 12.362098 173442 40
CPU5 30.525859 173406 strmm strmm CUDA3 4.714571 173446 40
CPU10 30.647881 173410 strmm strmm CUDA0 4.291037 173450 40
CPU14 30.796241 173414 strmm strmm CUDA3 4.593478 173454 40
CPU6 30.898047 173418 strmm strmm CUDA2 4.228003 173458 40
CPU8 29.861943 173422 strmm strmm CUDA2 12.709685 173462 40
CPU0 30.988033 173426 strmm strmm CUDA3 4.234530 173466 40
CPU4 31.351437 173430 strmm strmm CUDA0 14.721140 173470 40
CPU13 30.214839 173434 strmm strmm CUDA1 4.292415 173474 40
CPU16 29.998088 173438 strmm strmm CUDA0 4.469974 173478 40
CPU0 31.328232 173442 strmm strmm CUDA1 0.076081 173482 40
CPU15 30.433004 173446 strmm strmm CUDA2 0.041839 173486 40
CPU17 30.792094 173450 strmm strmm CUDA0 4.540317 173490 40
CPU11 30.496082 173454 strmm strmm CUDA2 13.977528 173494 40
CPU8 30.435721 173458 strmm strmm CUDA0 13.792507 173498 40
CPU9 30.796355 173462 strmm strmm CUDA2 4.335112 173502 40
CPU14 29.782324 173466 strmm strmm CUDA0 4.611403 173506 40
CPU5 31.060095 173470 strmm strmm CUDA3 4.558578 173510 40
CPU5 30.234914 173474 strmm strmm CUDA2 4.236159 173514 40
CPU15 30.008426 173478 strmm strmm CUDA0 5.025972 173518 40
CPU13 30.347183 173482 strmm strmm CUDA0 0.120652 173522 40
CPU5 30.475697 173486 strmm strmm CUDA2 6.250053 173526 40
CPU17 30.703328 173490 strmm strmm CUDA2 4.601863 173530 40
CPU14 30.898935 173494 strmm strmm CUDA2 4.228168 173534 40
CPU5 30.634149 173498 strmm strmm CUDA1 4.288174 173538 40
CPU13 30.468129 173502 strmm strmm CUDA3 4.302097 173542 40
CPU7 31.243558 173506 strmm strmm CUDA2 4.295183 173546 40
CPU2 31.150274 173510 strmm strmm CUDA3 4.180739 173550 40
CPU13 30.976218 173514 strmm strmm CUDA2 4.251570 173554 40
CPU19 30.734238 173518 strmm strmm CUDA1 0.039920 173558 40
CPU17 30.348110 173522 strmm strmm CUDA0 12.555645 173562 40
CPU6 30.291268 173526 strmm strmm CUDA3 4.233529 173566 40
CPU0 30.458920 173530 strmm strmm CUDA3 15.819094 173570 40
CPU9 30.836761 173534 strmm strmm CUDA0 4.268242 173574 40
CPU18 30.314380 173538 strmm strmm CUDA2 12.127736 173578 40
CPU2 30.926637 173542 strmm strmm CUDA1 0.710561 173582 40
CPU10 30.885049 173546 strmm strmm CUDA2 14.755863 173586 40
CPU12 31.342723 173550 strmm strmm CUDA0 4.294247 173590 40
CPU12 30.819413 173554 strmm strmm CUDA2 4.230372 173594 40
CPU2 30.386007 173558 strmm strmm CUDA3 4.344322 173598 40
CPU0 30.319028 173562 strmm strmm CUDA3 0.040854 173602 40
CPU9 30.107885 173566 strmm strmm CUDA3 4.187442 173606 40
CPU2 29.982634 173570 strmm strmm CUDA2 15.374140 173610 40
CPU19 30.367150 173574 strmm strmm CUDA2 4.361357 173614 40
CPU1 30.529662 173578 strmm strmm CUDA2 13.717465 173618 40
CPU19 12.042522 173582 slauum slauum CPU -1 173622 40
CPU4 24.767494 173584 ssyrk ssyrk CPU13 84.242475 173624 40
CPU6 44.970732 173585 sgemm sgemm CUDA2 1.206958 173625 40
CPU4 44.844007 173586 sgemm sgemm CUDA2 1.076364 173626 40
CPU7 44.874553 173587 sgemm sgemm CUDA2 0.448178 173627 40
CPU2 44.762593 173588 sgemm sgemm CUDA2 1.082604 173628 40
CPU8 44.599967 173589 sgemm sgemm CPU35 228.012511 173629 40
CPU6 45.167910 173590 sgemm sgemm CUDA0 0.304517 173630 40
CPU3 44.586034 173591 sgemm sgemm CUDA0 23.560126 173631 40
CPU9 44.475651 173592 sgemm sgemm CUDA2 1.205958 173632 40
CPU5 44.484517 173593 sgemm sgemm CUDA0 8.456404 173633 40
CPU0 45.036205 173594 sgemm sgemm CUDA2 0.091318 173634 40
CPU3 44.821974 173595 sgemm sgemm CUDA2 1.212179 173635 40
CPU15 44.642347 173596 sgemm sgemm CUDA0 1.028885 173636 40
CPU14 44.975680 173597 sgemm sgemm CPU15 269.312401 173637 40
CPU7 44.615989 173598 sgemm sgemm CUDA2 1.193827 173638 40
CPU8 44.773231 173599 sgemm sgemm CUDA1 0.050515 173639 40
CPU5 45.034697 173600 sgemm sgemm CUDA0 1.146702 173640 40
CPU4 44.834336 173601 sgemm sgemm CPU29 192.434004 173641 40
CPU16 44.875337 173602 sgemm sgemm CUDA0 1.064526 173642 40
CPU14 44.941045 173603 sgemm sgemm CPU31 283.404975 173643 40
CPU18 44.923515 173604 sgemm sgemm CUDA2 1.058304 173644 40
CPU18 44.730527 173605 sgemm sgemm CUDA2 1.199409 173645 40
CPU7 44.670851 173606 sgemm sgemm CUDA0 0.204161 173646 40
CPU15 44.704231 173607 sgemm sgemm CPU23 283.644325 173647 40
CPU7 44.805217 173608 sgemm sgemm CUDA3 1.299596 173648 40
CPU6 44.786783 173609 sgemm sgemm CPU24 391.809162 173649 40
CPU9 44.610520 173610 sgemm sgemm CUDA0 1.080105 173650 40
CPU9 44.579350 173611 sgemm sgemm CUDA2 0.159555 173651 40
CPU12 45.170765 173612 sgemm sgemm CUDA3 1.190468 173652 40
CPU9 44.186406 173613 sgemm sgemm CPU28 243.658258 173653 40
CPU12 44.712479 173614 sgemm sgemm CUDA2 1.205546 173654 40
CPU3 45.063910 173615 sgemm sgemm CUDA2 1.064413 173655 40
CPU16 44.832334 173616 sgemm sgemm CUDA1 0.679832 173656 40
CPU15 44.635180 173617 sgemm sgemm CUDA2 1.201852 173657 40
CPU19 44.986542 173618 sgemm sgemm CUDA0 1.068509 173658 40
CPU10 44.867057 173619 sgemm sgemm CUDA2 0.063223 173659 40
CPU2 44.532210 173620 sgemm sgemm CUDA0 1.304520 173660 40
CPU9 44.623172 173621 sgemm sgemm CUDA2 1.301812 173661 40
CPU0 45.024988 173622 sgemm sgemm CUDA2 1.408192 173662 40
CPU3 44.661533 173623 sgemm sgemm CUDA3 1.063605 173663 40
CPU8 44.685481 173624 sgemm sgemm CUDA0 1.084717 173664 40
CPU1 44.702751 173625 sgemm sgemm CUDA2 1.063324 173665 40
CPU9 44.808129 173626 sgemm sgemm CUDA2 1.371423 173666 40
CPU8 44.722478 173627 sgemm sgemm CUDA1 1.065654 173667 40
CPU4 44.732400 173628 sgemm sgemm CUDA3 0.045513 173668 40
CPU6 44.827713 173629 sgemm sgemm CUDA2 12.253521 173669 40
CPU8 44.581784 173630 sgemm sgemm CUDA2 1.201021 173670 40
CPU2 45.008924 173631 sgemm sgemm CUDA0 16.880313 173671 40
CPU8 44.727907 173632 sgemm sgemm CUDA2 1.010402 173672 40
CPU1 24.695584 173633 ssyrk ssyrk CPU -1 173673 40
CPU14 45.047486 173634 sgemm sgemm CUDA1 1.078746 173674 40
CPU7 44.968065 173635 sgemm sgemm CUDA0 1.189961 173675 40
CPU1 44.627631 173636 sgemm sgemm CUDA1 0.130649 173676 40
CPU16 44.899044 173637 sgemm sgemm CUDA0 1.197818 173677 40
CPU15 44.940576 173638 sgemm sgemm CUDA1 1.343769 173678 40
CPU16 44.919002 173639 sgemm sgemm CUDA0 1.065562 173679 40
CPU16 44.769521 173640 sgemm sgemm CUDA1 1.208058 173680 40
CPU4 44.509338 173641 sgemm sgemm CUDA3 1.205841 173681 40
CPU10 45.231229 173642 sgemm sgemm CUDA3 1.209538 173682 40
CPU0 44.821817 173643 sgemm sgemm CPU -1 173683 40
CPU15 44.783726 173644 sgemm sgemm CUDA0 0.057815 173684 40
CPU18 44.940024 173645 sgemm sgemm CUDA0 1.352778 173685 40
CPU17 45.343923 173646 sgemm sgemm CUDA2 1.210899 173686 40
CPU7 44.488924 173647 sgemm sgemm CUDA3 1.198648 173687 40
CPU3 45.761026 173648 sgemm sgemm CUDA0 1.209125 173688 40
CPU1 44.617193 173649 sgemm sgemm CUDA0 1.065616 173689 40
CPU15 45.160691 173650 sgemm sgemm CUDA0 1.206234 173690 40
CPU14 44.917304 173651 sgemm sgemm CUDA1 1.065398 173691 40
CPU18 44.959417 173652 sgemm sgemm CUDA2 1.079355 173692 40
CPU17 45.060574 173653 sgemm sgemm CUDA2 1.201350 173693 40
CPU8 44.403808 173654 sgemm sgemm CUDA1 1.202677 173694 40
CPU18 44.664346 173655 sgemm sgemm CUDA0 1.193067 173695 40
CPU14 45.246881 173656 sgemm sgemm CUDA3 1.193139 173696 40
CPU4 44.531091 173657 sgemm sgemm CUDA0 1.201314 173697 40
CPU7 44.678611 173658 sgemm sgemm CUDA3 1.193545 173698 40
CPU5 44.387211 173659 sgemm sgemm CPU18 260.928396 173699 40
CPU1 44.463888 173660 sgemm sgemm CUDA3 1.064089 173700 40
CPU1 44.352019 173661 sgemm sgemm CPU30 152.036106 173701 40
CPU18 45.044218 173662 sgemm sgemm CUDA2 12.422347 173702 40
CPU6 45.015912 173663 sgemm sgemm CUDA2 1.200667 173703 40
CPU3 44.396069 173664 sgemm sgemm CUDA2 1.083801 173704 40
CPU18 44.772072 173665 sgemm sgemm CUDA0 1.065150 173705 40
CPU7 44.738710 173666 sgemm sgemm CPU -1 173706 40
CPU5 44.474154 173667 sgemm sgemm CUDA2 1.349420 173707 40
CPU10 45.486281 173668 sgemm sgemm CUDA0 1.061797 173708 40
CPU12 45.150839 173669 sgemm sgemm CUDA2 1.208324 173709 40
CPU18 45.013753 173670 sgemm sgemm CUDA2 0.041158 173710 40
CPU12 45.094186 173671 sgemm sgemm CUDA3 1.067132 173711 40
CPU16 44.934227 173672 sgemm sgemm CUDA0 1.066389 173712 40
CPU16 45.198801 173673 sgemm sgemm CUDA1 1.065959 173713 40
CPU17 45.116142 173674 sgemm sgemm CUDA0 1.216203 173714 40
CPU16 44.960816 173675 sgemm sgemm CUDA2 1.064041 173715 40
CPU17 45.312539 173676 sgemm sgemm CUDA1 1.201699 173716 40
CPU16 45.371521 173677 sgemm sgemm CUDA0 1.185401 173717 40
CPU16 45.414703 173678 sgemm sgemm CUDA2 1.194210 173718 40
CPU16 45.151635 173679 sgemm sgemm CUDA0 1.207552 173719 40
CPU16 44.901352 173680 sgemm sgemm CUDA2 1.230342 173720 40
CPU14 24.905607 173681 ssyrk ssyrk CPU -1 173721 40
CPU14 44.756888 173682 sgemm sgemm CUDA2 1.191446 173722 40
CPU14 44.989327 173683 sgemm sgemm CUDA2 1.077146 173723 40
CPU14 44.970838 173684 sgemm sgemm CUDA1 1.202588 173724 40
CPU14 44.987358 173685 sgemm sgemm CUDA1 1.081260 173725 40
CPU14 45.056379 173686 sgemm sgemm CUDA2 12.802556 173726 40
CPU14 45.149565 173687 sgemm sgemm CUDA3 1.210361 173727 40
CPU14 44.921781 173688 sgemm sgemm CUDA3 1.076631 173728 40
CPU14 44.947391 173689 sgemm sgemm CUDA3 12.489801 173729 40
CPU6 45.061222 173690 sgemm sgemm CUDA2 1.061655 173730 40
CPU15 44.645155 173691 sgemm sgemm CUDA1 1.065800 173731 40
CPU19 44.877412 173692 sgemm sgemm CUDA1 0.128663 173732 40
CPU8 44.410285 173693 sgemm sgemm CUDA2 1.210164 173733 40
CPU9 44.785684 173694 sgemm sgemm CUDA3 1.204521 173734 40
CPU5 44.912776 173695 sgemm sgemm CPU13 164.264636 173735 40
CPU5 44.441486 173696 sgemm sgemm CUDA1 1.090522 173736 40
CPU18 44.780935 173697 sgemm sgemm CUDA3 1.195893 173737 40
CPU14 44.876503 173698 sgemm sgemm CPU23 203.648319 173738 40
CPU18 44.777770 173699 sgemm sgemm CUDA2 1.212437 173739 40
CPU17 45.037761 173700 sgemm sgemm CPU -1 173740 40
CPU8 44.468810 173701 sgemm sgemm CPU -1 173741 40
CPU11 44.652645 173702 sgemm sgemm CUDA1 1.200212 173742 40
CPU15 44.885049 173703 sgemm sgemm CPU -1 173743 40
CPU19 44.971771 173704 sgemm sgemm CUDA2 1.072076 173744 40
CPU14 44.977397 173705 sgemm sgemm CUDA3 1.201067 173745 40
CPU11 44.894823 173706 sgemm sgemm CUDA1 1.077249 173746 40
CPU4 44.874433 173707 sgemm sgemm CPU26 144.376935 173747 40
CPU3 44.514188 173708 sgemm sgemm CUDA1 1.198017 173748 40
CPU10 44.860665 173709 sgemm sgemm CUDA2 1.202651 173749 40
CPU18 44.544204 173710 sgemm sgemm CUDA2 1.066741 173750 40
CPU16 44.822243 173711 sgemm sgemm CUDA2 1.080145 173751 40
CPU9 44.896417 173712 sgemm sgemm CUDA1 1.079066 173752 40
CPU0 44.944601 173713 sgemm sgemm CPU30 175.322409 173753 40
CPU1 44.682064 173714 sgemm sgemm CUDA2 1.207630 173754 40
CPU3 44.690240 173715 sgemm sgemm CUDA0 1.063529 173755 40
CPU14 44.804768 173716 sgemm sgemm CUDA2 1.070637 173756 40
CPU19 44.762892 173717 sgemm sgemm CUDA2 1.360507 173757 40
CPU11 44.971589 173718 sgemm sgemm CUDA3 12.155426 173758 40
CPU6 45.207647 173719 sgemm sgemm CUDA3 1.161120 173759 40
CPU8 44.771937 173720 sgemm sgemm CUDA2 1.206957 173760 40
CPU11 45.076492 173721 sgemm sgemm CUDA0 0.057155 173761 40
CPU15 45.160187 173722 sgemm sgemm CUDA2 1.203880 173762 40
CPU15 45.105402 173723 sgemm sgemm CUDA1 1.081632 173763 40
CPU15 45.070773 173724 sgemm sgemm CUDA0 1.200479 173764 40
CPU15 44.816335 173725 sgemm sgemm CUDA0 1.206447 173765 40
CPU15 44.851167 173726 sgemm sgemm CUDA1 1.206130 173766 40
CPU15 44.744121 173727 sgemm sgemm CUDA0 1.062548 173767 40
CPU3 24.826533 173728 ssyrk ssyrk CPU24 134.046627 173768 40
CPU8 44.657111 173729 sgemm sgemm CUDA3 1.141607 173769 40
CPU14 44.989509 173730 sgemm sgemm CUDA2 1.081319 173770 40
CPU15 44.713114 173731 sgemm sgemm CUDA0 1.019072 173771 40
CPU16 44.787040 173732 sgemm sgemm CUDA2 1.506929 173772 40
CPU16 44.840699 173733 sgemm sgemm CUDA0 1.287812 173773 40
CPU7 44.740222 173734 sgemm sgemm CUDA3 1.201183 173774 40
CPU9 44.578114 173735 sgemm sgemm CPU24 184.911877 173775 40
CPU0 45.093518 173736 sgemm sgemm CUDA2 1.194543 173776 40
CPU15 44.555558 173737 sgemm sgemm CUDA0 0.141570 173777 40
CPU14 45.092484 173738 sgemm sgemm CUDA0 1.014919 173778 40
CPU11 45.056541 173739 sgemm sgemm CUDA0 1.064237 173779 40
CPU9 44.544516 173740 sgemm sgemm CUDA3 1.202721 173780 40
CPU8 44.949709 173741 sgemm sgemm CUDA0 5.213648 173781 40
CPU6 44.731098 173742 sgemm sgemm CUDA2 1.080534 173782 40
CPU14 45.051520 173743 sgemm sgemm CUDA3 1.077049 173783 40
CPU14 44.947436 173744 sgemm sgemm CUDA3 1.212843 173784 40
CPU17 44.991271 173745 sgemm sgemm CUDA2 1.196306 173785 40
CPU17 44.986620 173746 sgemm sgemm CPU -1 173786 40
CPU7 44.732270 173747 sgemm sgemm CUDA0 1.416685 173787 40
CPU3 45.030062 173748 sgemm sgemm CUDA3 1.194368 173788 40
CPU11 44.835596 173749 sgemm sgemm CUDA3 1.209571 173789 40
CPU4 44.606553 173750 sgemm sgemm CPU33 319.755313 173790 40
CPU3 44.598351 173751 sgemm sgemm CUDA2 0.046411 173791 40
CPU2 44.446765 173752 sgemm sgemm CUDA2 1.295100 173792 40
CPU12 45.077798 173753 sgemm sgemm CUDA3 1.206355 173793 40
CPU3 44.727574 173754 sgemm sgemm CUDA3 1.194118 173794 40
CPU15 44.724972 173755 sgemm sgemm CUDA0 1.191956 173795 40
CPU0 45.310850 173756 sgemm sgemm CUDA2 16.078186 173796 40
CPU17 45.030475 173757 sgemm sgemm CUDA2 1.078321 173797 40
CPU8 44.999644 173758 sgemm sgemm CUDA2 1.193451 173798 40
CPU5 44.462730 173759 sgemm sgemm CUDA2 1.081802 173799 40
CPU6 44.859320 173760 sgemm sgemm CUDA2 1.064401 173800 40
CPU0 44.807890 173761 sgemm sgemm CUDA0 1.064150 173801 40
CPU14 45.097866 173762 sgemm sgemm CUDA2 1.199338 173802 40
CPU4 44.828483 173763 sgemm sgemm CUDA0 0.063046 173803 40
CPU0 45.091956 173764 sgemm sgemm CPU21 208.544541 173804 40
CPU14 44.923232 173765 sgemm sgemm CUDA3 12.765805 173805 40
CPU14 44.844159 173766 sgemm sgemm CUDA2 12.510674 173806 40
CPU14 45.132287 173767 sgemm sgemm CUDA2 1.065990 173807 40
CPU14 44.854683 173768 sgemm sgemm CUDA0 1.193102 173808 40
CPU14 44.998792 173769 sgemm sgemm CUDA0 1.193076 173809 40
CPU14 45.056015 173770 sgemm sgemm CUDA0 0.072589 173810 40
CPU14 45.210833 173771 sgemm sgemm CUDA0 1.209762 173811 40
CPU14 44.967056 173772 sgemm sgemm CUDA2 1.083722 173812 40
CPU14 44.923975 173773 sgemm sgemm CUDA0 1.351175 173813 40
CPU8 24.649883 173774 ssyrk ssyrk CPU11 215.838428 173814 40
CPU15 44.929589 173775 sgemm sgemm CUDA1 1.299775 173815 40
CPU15 44.867288 173776 sgemm sgemm CUDA3 1.009586 173816 40
CPU16 44.915041 173777 sgemm sgemm CUDA3 1.063576 173817 40
CPU17 44.810490 173778 sgemm sgemm CUDA2 7.227587 173818 40
CPU6 44.740105 173779 sgemm sgemm CUDA2 1.209652 173819 40
CPU6 44.939924 173780 sgemm sgemm CPU -1 173820 40
CPU6 44.964414 173781 sgemm sgemm CUDA1 1.284214 173821 40
CPU15 44.733222 173782 sgemm sgemm CUDA1 1.196138 173822 40
CPU6 44.689840 173783 sgemm sgemm CUDA1 1.077720 173823 40
CPU3 44.296830 173784 sgemm sgemm CUDA2 12.437735 173824 40
CPU3 44.991904 173785 sgemm sgemm CUDA3 1.212297 173825 40
CPU5 44.641972 173786 sgemm sgemm CUDA2 1.376440 173826 40
CPU2 44.472049 173787 sgemm sgemm CUDA1 1.145351 173827 40
CPU18 44.911023 173788 sgemm sgemm CUDA1 0.951301 173828 40
CPU4 44.994642 173789 sgemm sgemm CUDA3 1.076168 173829 40
CPU17 45.005407 173790 sgemm sgemm CUDA2 1.066358 173830 40
CPU15 44.769745 173791 sgemm sgemm CUDA2 1.063873 173831 40
CPU2 44.545666 173792 sgemm sgemm CUDA2 1.143694 173832 40
CPU14 44.729328 173793 sgemm sgemm CUDA2 0.093804 173833 40
CPU15 44.781460 173794 sgemm sgemm CUDA3 1.205616 173834 40
CPU10 45.116205 173795 sgemm sgemm CUDA1 1.294084 173835 40
CPU5 44.526390 173796 sgemm sgemm CUDA2 1.299391 173836 40
CPU4 44.723287 173797 sgemm sgemm CPU -1 173837 40
CPU4 44.946616 173798 sgemm sgemm CUDA2 1.009372 173838 40
CPU7 44.471382 173799 sgemm sgemm CUDA1 1.067663 173839 40
CPU11 44.906232 173800 sgemm sgemm CUDA2 1.080737 173840 40
CPU15 44.684252 173801 sgemm sgemm CUDA2 1.064004 173841 40
CPU18 45.185123 173802 sgemm sgemm CUDA2 1.086255 173842 40
CPU17 44.992262 173803 sgemm sgemm CPU28 222.464104 173843 40
CPU4 44.529926 173804 sgemm sgemm CUDA1 1.064941 173844 40
CPU16 44.868113 173805 sgemm sgemm CUDA1 1.204341 173845 40
CPU7 44.635155 173806 sgemm sgemm CUDA1 0.042981 173846 40
CPU14 45.347599 173807 sgemm sgemm CUDA2 1.060086 173847 40
CPU15 44.984836 173808 sgemm sgemm CUDA1 1.210622 173848 40
CPU1 44.308679 173809 sgemm sgemm CUDA2 1.320525 173849 40
CPU12 44.966405 173810 sgemm sgemm CUDA3 0.681536 173850 40
CPU6 44.635985 173811 sgemm sgemm CUDA2 0.088595 173851 40
CPU11 45.143564 173812 sgemm sgemm CUDA2 1.207681 173852 40
CPU4 44.580925 173813 sgemm sgemm CUDA1 1.163209 173853 40
CPU3 44.396851 173814 sgemm sgemm CUDA3 1.075959 173854 40
CPU4 44.508102 173815 sgemm sgemm CUDA2 1.289909 173855 40
CPU7 44.560933 173816 sgemm sgemm CUDA2 1.196104 173856 40
CPU8 45.071136 173817 sgemm sgemm CUDA1 1.076006 173857 40
CPU5 45.088773 173818 sgemm sgemm CUDA3 12.460697 173858 40
CPU14 25.049447 173819 ssyrk ssyrk CPU10 215.892680 173859 40
CPU14 44.923013 173820 sgemm sgemm CUDA1 1.063010 173860 40
CPU14 45.234259 173821 sgemm sgemm CUDA2 1.081304 173861 40
CPU14 44.993436 173822 sgemm sgemm CUDA1 1.342662 173862 40
CPU14 44.945918 173823 sgemm sgemm CUDA2 1.073766 173863 40
CPU15 44.779428 173824 sgemm sgemm CUDA1 1.250653 173864 40
CPU4 44.819685 173825 sgemm sgemm CUDA1 1.188059 173865 40
CPU15 44.698142 173826 sgemm sgemm CUDA1 0.093257 173866 40
CPU2 44.671632 173827 sgemm sgemm CUDA0 1.196635 173867 40
CPU1 44.354245 173828 sgemm sgemm CUDA2 1.206426 173868 40
CPU3 44.966250 173829 sgemm sgemm CUDA2 1.196192 173869 40
CPU6 44.977219 173830 sgemm sgemm CUDA0 16.171831 173870 40
CPU4 44.675115 173831 sgemm sgemm CUDA2 1.198511 173871 40
CPU17 45.095605 173832 sgemm sgemm CUDA0 1.066907 173872 40
CPU9 44.840706 173833 sgemm sgemm CUDA1 1.203893 173873 40
CPU1 44.693927 173834 sgemm sgemm CUDA0 1.083913 173874 40
CPU15 44.980993 173835 sgemm sgemm CUDA1 1.331918 173875 40
CPU0 44.721070 173836 sgemm sgemm CUDA0 0.061452 173876 40
CPU10 44.593526 173837 sgemm sgemm CUDA1 1.072745 173877 40
CPU14 45.038768 173838 sgemm sgemm CUDA2 1.209907 173878 40
CPU19 45.004853 173839 sgemm sgemm CPU21 215.415285 173879 40
CPU3 44.559581 173840 sgemm sgemm CUDA2 1.065391 173880 40
CPU7 44.628421 173841 sgemm sgemm CPU27 180.232508 173881 40
CPU11 44.779831 173842 sgemm sgemm CUDA0 1.078633 173882 40
CPU0 44.568206 173843 sgemm sgemm CUDA1 1.078401 173883 40
CPU12 44.774254 173844 sgemm sgemm CUDA0 1.065580 173884 40
CPU14 44.652326 173845 sgemm sgemm CUDA0 1.076840 173885 40
CPU19 45.354868 173846 sgemm sgemm CUDA2 1.070021 173886 40
CPU2 44.961676 173847 sgemm sgemm CUDA2 1.082698 173887 40
CPU3 44.884103 173848 sgemm sgemm CUDA1 1.065777 173888 40
CPU1 44.558302 173849 sgemm sgemm CUDA1 1.204603 173889 40
CPU6 44.314766 173850 sgemm sgemm CUDA0 1.064454 173890 40
CPU14 45.045054 173851 sgemm sgemm CUDA2 1.197074 173891 40
CPU14 45.016695 173852 sgemm sgemm CUDA1 1.071680 173892 40
CPU2 44.625647 173853 sgemm sgemm CPU33 228.329375 173893 40
CPU3 44.937675 173854 sgemm sgemm CUDA0 1.206208 173894 40
CPU0 44.922551 173855 sgemm sgemm CUDA2 1.255081 173895 40
CPU1 44.622420 173856 sgemm sgemm CUDA0 1.068002 173896 40
CPU7 44.487232 173857 sgemm sgemm CUDA2 1.206126 173897 40
CPU8 44.560542 173858 sgemm sgemm CUDA0 1.200129 173898 40
CPU1 44.737047 173859 sgemm sgemm CUDA1 1.077700 173899 40
CPU8 44.348995 173860 sgemm sgemm CUDA0 12.478990 173900 40
CPU2 45.055326 173861 sgemm sgemm CUDA1 1.065027 173901 40
CPU10 45.054604 173862 sgemm sgemm CUDA0 1.206817 173902 40
CPU15 24.563882 173863 ssyrk ssyrk CPU -1 173903 40
CPU15 44.709113 173864 sgemm sgemm CUDA0 1.016524 173904 40
CPU15 44.715559 173865 sgemm sgemm CUDA0 1.080297 173905 40
CPU5 44.901196 173866 sgemm sgemm CUDA3 1.194286 173906 40
CPU15 44.709592 173867 sgemm sgemm CUDA3 1.193882 173907 40
CPU8 44.669674 173868 sgemm sgemm CPU15 164.091979 173908 40
CPU14 45.001132 173869 sgemm sgemm CUDA1 0.084722 173909 40
CPU14 45.253606 173870 sgemm sgemm CUDA0 1.025622 173910 40
CPU2 44.391519 173871 sgemm sgemm CUDA2 0.102484 173911 40
CPU17 44.932871 173872 sgemm sgemm CUDA2 1.208945 173912 40
CPU4 44.950498 173873 sgemm sgemm CUDA2 1.064926 173913 40
CPU5 44.170541 173874 sgemm sgemm CUDA1 9.635566 173914 40
CPU18 44.927159 173875 sgemm sgemm CUDA3 12.285962 173915 40
CPU14 44.833135 173876 sgemm sgemm CUDA1 1.190965 173916 40
CPU18 44.733026 173877 sgemm sgemm CUDA0 1.063592 173917 40
CPU14 44.569732 173878 sgemm sgemm CPU -1 173918 40
CPU7 44.722159 173879 sgemm sgemm CUDA2 1.069883 173919 40
CPU12 44.748966 173880 sgemm sgemm CPU34 191.091197 173920 40
CPU14 45.000939 173881 sgemm sgemm CUDA2 1.081529 173921 40
CPU19 44.948652 173882 sgemm sgemm CPU34 270.308047 173922 40
CPU5 44.445644 173883 sgemm sgemm CUDA2 1.209135 173923 40
CPU5 44.552632 173884 sgemm sgemm CUDA2 2.993763 173924 40
CPU4 45.184926 173885 sgemm sgemm CUDA3 1.065453 173925 40
CPU6 44.662153 173886 sgemm sgemm CUDA3 12.991206 173926 40
CPU19 44.897790 173887 sgemm sgemm CUDA0 1.076360 173927 40
CPU10 45.509405 173888 sgemm sgemm CUDA1 1.212187 173928 40
CPU2 44.735313 173889 sgemm sgemm CUDA0 1.069287 173929 40
CPU11 44.661101 173890 sgemm sgemm CUDA0 1.064869 173930 40
CPU17 44.967420 173891 sgemm sgemm CUDA0 1.082158 173931 40
CPU17 44.692003 173892 sgemm sgemm CUDA1 13.212569 173932 40
CPU15 45.002287 173893 sgemm sgemm CUDA2 1.205836 173933 40
CPU17 44.858214 173894 sgemm sgemm CUDA2 1.207974 173934 40
CPU3 44.816203 173895 sgemm sgemm CUDA3 1.190418 173935 40
CPU7 44.875376 173896 sgemm sgemm CPU31 156.030002 173936 40
CPU18 44.659853 173897 sgemm sgemm CUDA0 1.070905 173937 40
CPU14 45.130322 173898 sgemm sgemm CUDA2 1.197547 173938 40
CPU14 45.109062 173899 sgemm sgemm CUDA0 1.218724 173939 40
CPU14 45.036331 173900 sgemm sgemm CUDA0 1.066743 173940 40
CPU14 45.058129 173901 sgemm sgemm CUDA2 1.203285 173941 40
CPU14 45.151942 173902 sgemm sgemm CUDA1 1.070489 173942 40
CPU14 44.837041 173903 sgemm sgemm CUDA0 1.336957 173943 40
CPU14 44.743856 173904 sgemm sgemm CUDA3 1.188207 173944 40
CPU14 44.581960 173905 sgemm sgemm CUDA0 0.087224 173945 40
CPU16 24.550892 173906 ssyrk ssyrk CPU -1 173946 40
CPU15 44.898818 173907 sgemm sgemm CUDA2 11.699700 173947 40
CPU8 44.513571 173908 sgemm sgemm CUDA3 1.205160 173948 40
CPU7 44.821921 173909 sgemm sgemm CUDA3 1.081805 173949 40
CPU9 44.473500 173910 sgemm sgemm CUDA2 1.195556 173950 40
CPU14 44.995407 173911 sgemm sgemm CUDA0 20.013852 173951 40
CPU14 45.179642 173912 sgemm sgemm CPU30 264.046712 173952 40
CPU0 44.586689 173913 sgemm sgemm CUDA0 1.079352 173953 40
CPU4 44.867836 173914 sgemm sgemm CUDA2 1.066793 173954 40
CPU6 44.816909 173915 sgemm sgemm CUDA2 1.164687 173955 40
CPU7 44.774218 173916 sgemm sgemm CUDA0 1.203285 173956 40
CPU16 45.058897 173917 sgemm sgemm CUDA3 0.046462 173957 40
CPU11 45.260726 173918 sgemm sgemm CUDA3 1.211088 173958 40
CPU12 45.138837 173919 sgemm sgemm CUDA0 1.064602 173959 40
CPU17 45.105912 173920 sgemm sgemm CUDA0 1.065272 173960 40
CPU2 44.556397 173921 sgemm sgemm CUDA2 1.063152 173961 40
CPU10 45.507537 173922 sgemm sgemm CUDA0 1.078866 173962 40
CPU2 44.359964 173923 sgemm sgemm CUDA2 12.068961 173963 40
CPU2 44.493985 173924 sgemm sgemm CUDA0 1.209801 173964 40
CPU12 45.281071 173925 sgemm sgemm CUDA2 1.190528 173965 40
CPU4 44.638258 173926 sgemm sgemm CUDA3 1.065468 173966 40
CPU3 45.050497 173927 sgemm sgemm CUDA3 1.209577 173967 40
CPU4 44.461006 173928 sgemm sgemm CPU -1 173968 40
CPU2 44.608666 173929 sgemm sgemm CUDA0 1.191570 173969 40
CPU11 44.701436 173930 sgemm sgemm CUDA2 1.361311 173970 40
CPU3 44.470571 173931 sgemm sgemm CUDA0 0.111231 173971 40
CPU6 45.187089 173932 sgemm sgemm CUDA0 1.204033 173972 40
CPU3 44.602145 173933 sgemm sgemm CUDA0 1.064525 173973 40
CPU1 44.545465 173934 sgemm sgemm CUDA2 1.206182 173974 40
CPU14 45.199133 173935 sgemm sgemm CUDA0 1.191113 173975 40
CPU15 44.855506 173936 sgemm sgemm CUDA0 1.193568 173976 40
CPU8 44.586407 173937 sgemm sgemm CUDA3 1.203774 173977 40
CPU5 44.409457 173938 sgemm sgemm CPU -1 173978 40
CPU2 44.873886 173939 sgemm sgemm CUDA0 1.069509 173979 40
CPU2 44.836869 173940 sgemm sgemm CUDA2 1.201488 173980 40
CPU7 44.688593 173941 sgemm sgemm CUDA0 1.068167 173981 40
CPU8 44.475686 173942 sgemm sgemm CUDA2 1.065720 173982 40
CPU6 44.747185 173943 sgemm sgemm CUDA2 12.167670 173983 40
CPU7 44.706169 173944 sgemm sgemm CUDA2 1.081569 173984 40
CPU2 44.649965 173945 sgemm sgemm CUDA2 1.197809 173985 40
CPU9 44.988599 173946 sgemm sgemm CUDA2 1.601258 173986 40
CPU6 45.191518 173947 sgemm sgemm CUDA2 1.020547 173987 40
CPU16 24.929606 173948 ssyrk ssyrk CUDA2 0.689580 173988 40
CPU15 44.829784 173949 sgemm sgemm CUDA3 1.071113 173989 40
CPU16 44.944474 173950 sgemm sgemm CUDA3 1.077739 173990 40
CPU4 44.785878 173951 sgemm sgemm CUDA2 0.112114 173991 40
CPU14 44.952079 173952 sgemm sgemm CUDA1 1.301138 173992 40
CPU14 45.169066 173953 sgemm sgemm CPU20 215.959976 173993 40
CPU0 44.626960 173954 sgemm sgemm CUDA0 1.078838 173994 40
CPU10 44.818650 173955 sgemm sgemm CUDA2 1.210410 173995 40
CPU1 44.660894 173956 sgemm sgemm CUDA2 1.065268 173996 40
CPU0 44.948120 173957 sgemm sgemm CUDA3 1.349223 173997 40
CPU17 45.082564 173958 sgemm sgemm CUDA3 1.297743 173998 40
CPU14 45.094319 173959 sgemm sgemm CUDA3 1.064374 173999 40
CPU5 44.377893 173960 sgemm sgemm CUDA0 1.063289 174000 40
CPU14 45.267837 173961 sgemm sgemm CUDA0 1.065967 174001 40
CPU6 44.488930 173962 sgemm sgemm CUDA2 1.080751 174002 40
CPU11 44.593625 173963 sgemm sgemm CUDA0 1.161671 174003 40
CPU15 44.905372 173964 sgemm sgemm CUDA3 1.062148 174004 40
CPU19 45.008966 173965 sgemm sgemm CUDA3 11.982886 174005 40
CPU8 44.592807 173966 sgemm sgemm CUDA3 1.065894 174006 40
CPU0 44.876839 173967 sgemm sgemm CUDA3 1.201302 174007 40
CPU1 44.474755 173968 sgemm sgemm CUDA1 12.151124 174008 40
CPU8 44.230104 173969 sgemm sgemm CUDA1 1.066998 174009 40
CPU11 44.773234 173970 sgemm sgemm CPU18 159.495353 174010 40
CPU11 44.620317 173971 sgemm sgemm CUDA0 1.191508 174011 40
CPU10 45.204861 173972 sgemm sgemm CUDA3 1.080967 174012 40
CPU18 44.706485 173973 sgemm sgemm CUDA0 1.083658 174013 40
CPU19 45.064105 173974 sgemm sgemm CUDA0 1.076198 174014 40
CPU15 45.378324 173975 sgemm sgemm CUDA1 0.104471 174015 40
CPU10 45.157694 173976 sgemm sgemm CUDA0 1.207564 174016 40
CPU18 44.888962 173977 sgemm sgemm CUDA0 1.078466 174017 40
CPU16 44.982422 173978 sgemm sgemm CUDA3 1.210352 174018 40
CPU15 44.939434 173979 sgemm sgemm CPU -1 174019 40
CPU15 44.821467 173980 sgemm sgemm CUDA0 1.066383 174020 40
CPU16 44.913580 173981 sgemm sgemm CUDA1 1.082269 174021 40
CPU7 44.577118 173982 sgemm sgemm CUDA3 0.050777 174022 40
CPU12 45.397959 173983 sgemm sgemm CUDA3 12.167981 174023 40
CPU0 45.109303 173984 sgemm sgemm CUDA2 0.046306 174024 40
CPU2 44.625101 173985 sgemm sgemm CUDA0 1.307065 174025 40
CPU4 44.882053 173986 sgemm sgemm CUDA2 1.208606 174026 40
CPU9 44.813370 173987 sgemm sgemm CUDA1 1.195892 174027 40
CPU8 44.966152 173988 sgemm sgemm CUDA2 1.064766 174028 40
CPU3 24.618694 173989 ssyrk ssyrk CPU -1 174029 40
CPU11 45.056754 173990 sgemm sgemm CUDA2 1.198802 174030 40
CPU2 45.209735 173991 sgemm sgemm CUDA2 1.082791 174031 40
CPU15 44.691396 173992 sgemm sgemm CUDA0 0.124575 174032 40
CPU14 45.007762 173993 sgemm sgemm CUDA2 1.067634 174033 40
CPU9 44.369655 173994 sgemm sgemm CUDA0 1.077679 174034 40
CPU0 44.779432 173995 sgemm sgemm CUDA3 1.079195 174035 40
CPU4 44.914323 173996 sgemm sgemm CUDA0 1.272164 174036 40
CPU9 44.137723 173997 sgemm sgemm CUDA2 1.208205 174037 40
CPU16 45.225172 173998 sgemm sgemm CUDA3 1.200222 174038 40
CPU14 45.194316 173999 sgemm sgemm CUDA0 1.192397 174039 40
CPU18 44.840531 174000 sgemm sgemm CUDA2 1.209600 174040 40
CPU17 45.090889 174001 sgemm sgemm CUDA2 1.064654 174041 40
CPU7 44.590144 174002 sgemm sgemm CUDA2 1.076876 174042 40
CPU12 45.235199 174003 sgemm sgemm CUDA2 0.075604 174043 40
CPU15 44.955046 174004 sgemm sgemm CUDA3 1.201278 174044 40
CPU17 45.093747 174005 sgemm sgemm CUDA3 1.347525 174045 40
CPU5 44.282794 174006 sgemm sgemm CUDA2 1.190672 174046 40
CPU8 44.375163 174007 sgemm sgemm CPU14 243.706996 174047 40
CPU3 44.761147 174008 sgemm sgemm CUDA1 1.300909 174048 40
CPU6 44.588491 174009 sgemm sgemm CUDA3 0.046957 174049 40
CPU14 44.592550 174010 sgemm sgemm CUDA2 1.068013 174050 40
CPU7 44.767691 174011 sgemm sgemm CUDA0 1.215081 174051 40
CPU18 45.027924 174012 sgemm sgemm CUDA0 1.066862 174052 40
CPU1 44.865632 174013 sgemm sgemm CUDA1 12.193976 174053 40
CPU2 44.493611 174014 sgemm sgemm CUDA0 1.065747 174054 40
CPU17 45.039976 174015 sgemm sgemm CUDA2 1.068007 174055 40
CPU3 44.507532 174016 sgemm sgemm CUDA0 1.209315 174056 40
CPU15 45.044381 174017 sgemm sgemm CUDA0 8.595843 174057 40
CPU2 44.568403 174018 sgemm sgemm CUDA1 1.079101 174058 40
CPU7 44.781467 174019 sgemm sgemm CUDA2 1.445597 174059 40
CPU4 45.035798 174020 sgemm sgemm CUDA0 1.208417 174060 40
CPU9 44.381497 174021 sgemm sgemm CUDA0 1.064700 174061 40
CPU7 44.783184 174022 sgemm sgemm CUDA0 12.078311 174062 40
CPU2 44.686082 174023 sgemm sgemm CUDA0 1.063580 174063 40
CPU6 44.612633 174024 sgemm sgemm CUDA0 1.069610 174064 40
CPU9 44.749404 174025 sgemm sgemm CUDA0 1.195396 174065 40
CPU5 44.479042 174026 sgemm sgemm CUDA2 1.079437 174066 40
CPU5 44.667661 174027 sgemm sgemm CUDA0 1.188958 174067 40
CPU0 45.358994 174028 sgemm sgemm CUDA3 0.087738 174068 40
CPU3 24.764897 174029 ssyrk ssyrk CPU29 150.772609 174069 40
CPU8 44.430494 174030 sgemm sgemm CUDA1 1.083392 174070 40
CPU14 44.807554 174031 sgemm sgemm CUDA1 1.069715 174071 40
CPU14 45.143943 174032 sgemm sgemm CUDA1 1.080227 174072 40
CPU4 44.637387 174033 sgemm sgemm CUDA1 1.190400 174073 40
CPU5 44.685158 174034 sgemm sgemm CPU -1 174074 40
CPU12 45.428747 174035 sgemm sgemm CUDA1 1.005198 174075 40
CPU8 44.513805 174036 sgemm sgemm CUDA1 1.023956 174076 40
CPU15 44.890415 174037 sgemm sgemm CUDA0 1.065074 174077 40
CPU11 44.671154 174038 sgemm sgemm CUDA1 1.079152 174078 40
CPU10 45.394216 174039 sgemm sgemm CUDA0 1.067918 174079 40
CPU14 45.170511 174040 sgemm sgemm CUDA0 1.064294 174080 40
CPU9 44.802220 174041 sgemm sgemm CUDA1 1.191099 174081 40
CPU1 45.252599 174042 sgemm sgemm CUDA2 1.260884 174082 40
CPU18 44.864328 174043 sgemm sgemm CUDA2 0.048536 174083 40
CPU11 44.837011 174044 sgemm sgemm CUDA0 6.687310 174084 40
CPU9 44.772281 174045 sgemm sgemm CUDA0 1.196970 174085 40
CPU7 45.095514 174046 sgemm sgemm CPU12 145.663617 174086 40
CPU1 44.907640 174047 sgemm sgemm CUDA1 1.024092 174087 40
CPU3 44.845766 174048 sgemm sgemm CUDA3 1.191303 174088 40
CPU0 45.526465 174049 sgemm sgemm CPU -1 174089 40
CPU3 45.006115 174050 sgemm sgemm CUDA0 1.205248 174090 40
CPU6 44.934825 174051 sgemm sgemm CPU35 179.973806 174091 40
CPU5 45.229428 174052 sgemm sgemm CUDA1 0.054694 174092 40
CPU7 44.903012 174053 sgemm sgemm CUDA0 1.192646 174093 40
CPU0 45.152447 174054 sgemm sgemm CUDA2 1.071858 174094 40
CPU6 45.058313 174055 sgemm sgemm CUDA0 1.065222 174095 40
CPU17 45.025214 174056 sgemm sgemm CUDA0 0.099785 174096 40
CPU17 44.988016 174057 sgemm sgemm CUDA3 1.195592 174097 40
CPU18 44.850266 174058 sgemm sgemm CUDA0 0.040349 174098 40
CPU8 44.952096 174059 sgemm sgemm CUDA2 5.899428 174099 40
CPU1 44.799496 174060 sgemm sgemm CUDA2 1.065961 174100 40
CPU9 44.973512 174061 sgemm sgemm CUDA3 1.203909 174101 40
CPU5 44.665426 174062 sgemm sgemm CUDA0 1.076809 174102 40
CPU1 44.645889 174063 sgemm sgemm CUDA0 1.063733 174103 40
CPU1 44.774377 174064 sgemm sgemm CUDA1 12.965750 174104 40
CPU5 44.842825 174065 sgemm sgemm CUDA0 0.118695 174105 40
CPU8 45.187725 174066 sgemm sgemm CUDA0 6.266033 174106 40
CPU4 45.296921 174067 sgemm sgemm CUDA0 1.010270 174107 40
CPU0 25.140986 174068 ssyrk ssyrk CPU -1 174108 40
CPU5 44.922735 174069 sgemm sgemm CUDA1 1.063450 174109 40
CPU2 44.699773 174070 sgemm sgemm CUDA1 1.189039 174110 40
CPU11 44.774327 174071 sgemm sgemm CUDA2 1.292731 174111 40
CPU2 44.689960 174072 sgemm sgemm CUDA2 1.067387 174112 40
CPU1 44.778896 174073 sgemm sgemm CUDA2 1.066748 174113 40
CPU7 44.778901 174074 sgemm sgemm CUDA1 1.066564 174114 40
CPU16 44.781385 174075 sgemm sgemm CUDA3 1.201871 174115 40
CPU10 44.696634 174076 sgemm sgemm CUDA3 1.080759 174116 40
CPU3 44.692447 174077 sgemm sgemm CUDA2 1.073894 174117 40
CPU15 45.011000 174078 sgemm sgemm CUDA0 1.064545 174118 40
CPU3 44.839716 174079 sgemm sgemm CUDA2 1.208833 174119 40
CPU11 44.766411 174080 sgemm sgemm CUDA3 1.067514 174120 40
CPU12 45.739493 174081 sgemm sgemm CPU17 164.806387 174121 40
CPU11 44.724263 174082 sgemm sgemm CUDA1 1.065052 174122 40
CPU4 44.771822 174083 sgemm sgemm CUDA1 1.066636 174123 40
CPU1 44.797483 174084 sgemm sgemm CUDA3 1.077146 174124 40
CPU6 44.928354 174085 sgemm sgemm CUDA0 12.077536 174125 40
CPU1 44.567361 174086 sgemm sgemm CUDA2 1.078821 174126 40
CPU18 44.630297 174087 sgemm sgemm CUDA2 1.082209 174127 40
CPU16 44.778952 174088 sgemm sgemm CUDA1 0.042258 174128 40
CPU2 44.679084 174089 sgemm sgemm CUDA1 1.191579 174129 40
CPU0 45.285962 174090 sgemm sgemm CUDA2 1.205436 174130 40
CPU7 45.013498 174091 sgemm sgemm CUDA0 0.045907 174131 40
CPU9 44.834050 174092 sgemm sgemm CUDA1 12.218775 174132 40
CPU3 44.617886 174093 sgemm sgemm CUDA0 10.453435 174133 40
CPU14 45.048127 174094 sgemm sgemm CUDA2 1.066170 174134 40
CPU12 45.148589 174095 sgemm sgemm CUDA1 12.416335 174135 40
CPU1 44.745235 174096 sgemm sgemm CUDA0 1.206020 174136 40
CPU6 44.875460 174097 sgemm sgemm CUDA0 1.076704 174137 40
CPU5 44.704224 174098 sgemm sgemm CUDA2 1.077003 174138 40
CPU4 44.668797 174099 sgemm sgemm CUDA2 1.209880 174139 40
CPU8 44.845003 174100 sgemm sgemm CUDA0 1.203399 174140 40
CPU8 44.712291 174101 sgemm sgemm CUDA0 1.064808 174141 40
CPU6 44.841534 174102 sgemm sgemm CUDA0 1.068007 174142 40
CPU1 44.717025 174103 sgemm sgemm CUDA2 1.065545 174143 40
CPU8 45.236118 174104 sgemm sgemm CUDA2 1.204730 174144 40
CPU7 45.375087 174105 sgemm sgemm CUDA3 1.096001 174145 40
CPU14 25.024213 174106 ssyrk ssyrk CPU10 96.253066 174146 40
CPU14 45.076807 174107 sgemm sgemm CUDA1 0.112608 174147 40
CPU14 44.958908 174108 sgemm sgemm CUDA0 1.084287 174148 40
CPU4 44.936772 174109 sgemm sgemm CUDA0 1.275979 174149 40
CPU14 44.767680 174110 sgemm sgemm CUDA1 1.020330 174150 40
CPU14 45.008070 174111 sgemm sgemm CPU31 166.179339 174151 40
CPU16 44.964600 174112 sgemm sgemm CUDA0 1.205850 174152 40
CPU8 44.950330 174113 sgemm sgemm CUDA1 1.063934 174153 40
CPU17 44.976557 174114 sgemm sgemm CUDA0 1.065525 174154 40
CPU15 44.901556 174115 sgemm sgemm CPU -1 174155 40
CPU8 44.471520 174116 sgemm sgemm CUDA1 1.159881 174156 40
CPU5 45.071792 174117 sgemm sgemm CPU20 178.858095 174157 40
CPU14 44.931403 174118 sgemm sgemm CUDA0 0.091474 174158 40
CPU18 44.723189 174119 sgemm sgemm CUDA0 1.295876 174159 40
CPU9 44.739497 174120 sgemm sgemm CUDA3 1.067680 174160 40
CPU12 45.103663 174121 sgemm sgemm CUDA0 1.064072 174161 40
CPU10 45.763881 174122 sgemm sgemm CUDA0 0.039733 174162 40
CPU18 44.769924 174123 sgemm sgemm CUDA1 12.959916 174163 40
CPU14 44.652033 174124 sgemm sgemm CUDA0 1.209244 174164 40
CPU1 45.114417 174125 sgemm sgemm CUDA1 1.318735 174165 40
CPU14 45.048119 174126 sgemm sgemm CPU -1 174166 40
CPU16 44.849335 174127 sgemm sgemm CUDA1 1.291572 174167 40
CPU3 44.913343 174128 sgemm sgemm CUDA0 1.064032 174168 40
CPU19 44.687033 174129 sgemm sgemm CUDA1 1.200300 174169 40
CPU2 44.547531 174130 sgemm sgemm CUDA0 1.062604 174170 40
CPU15 44.954214 174131 sgemm sgemm CPU22 250.750091 174171 40
CPU5 44.772977 174132 sgemm sgemm CUDA3 1.194800 174172 40
CPU0 44.941328 174133 sgemm sgemm CUDA0 1.193507 174173 40
CPU6 45.047669 174134 sgemm sgemm CUDA0 12.343775 174174 40
CPU17 45.259812 174135 sgemm sgemm CUDA1 1.199235 174175 40
CPU16 45.246385 174136 sgemm sgemm CUDA1 1.074532 174176 40
CPU16 45.297142 174137 sgemm sgemm CUDA3 0.046480 174177 40
CPU16 45.038631 174138 sgemm sgemm CUDA0 1.188195 174178 40
CPU16 44.944307 174139 sgemm sgemm CUDA1 12.280171 174179 40
CPU16 45.048324 174140 sgemm sgemm CUDA0 1.289080 174180 40
CPU16 44.804013 174141 sgemm sgemm CUDA0 1.149103 174181 40
CPU16 44.577145 174142 sgemm sgemm CUDA0 1.205208 174182 40
CPU0 24.922248 174143 ssyrk ssyrk CPU12 143.965104 174183 40
CPU14 44.992833 174144 sgemm sgemm CUDA1 1.200512 174184 40
CPU9 44.725288 174145 sgemm sgemm CUDA3 1.064278 174185 40
CPU6 44.854521 174146 sgemm sgemm CUDA1 6.360120 174186 40
CPU3 44.247446 174147 sgemm sgemm CPU27 171.755872 174187 40
CPU15 44.831238 174148 sgemm sgemm CUDA0 1.068203 174188 40
CPU14 44.963074 174149 sgemm sgemm CUDA1 1.064143 174189 40
CPU11 44.779420 174150 sgemm sgemm CUDA0 1.210281 174190 40
CPU15 44.717716 174151 sgemm sgemm CPU -1 174191 40
CPU1 44.639567 174152 sgemm sgemm CUDA1 1.358189 174192 40
CPU2 44.681164 174153 sgemm sgemm CUDA0 1.208455 174193 40
CPU10 45.021976 174154 sgemm sgemm CUDA0 12.274934 174194 40
CPU0 44.925247 174155 sgemm sgemm CUDA0 8.876515 174195 40
CPU3 44.435338 174156 sgemm sgemm CUDA0 1.085681 174196 40
CPU8 44.506397 174157 sgemm sgemm CPU29 244.652043 174197 40
CPU9 44.849985 174158 sgemm sgemm CUDA0 1.316833 174198 40
CPU8 44.278164 174159 sgemm sgemm CUDA0 1.086627 174199 40
CPU11 44.679085 174160 sgemm sgemm CUDA2 1.203911 174200 40
CPU4 44.908663 174161 sgemm sgemm CUDA0 1.198854 174201 40
CPU10 44.945234 174162 sgemm sgemm CUDA0 1.193093 174202 40
CPU2 44.796722 174163 sgemm sgemm CUDA1 1.083721 174203 40
CPU12 45.296181 174164 sgemm sgemm CUDA0 1.204684 174204 40
CPU17 45.052858 174165 sgemm sgemm CUDA0 1.080090 174205 40
CPU9 44.649414 174166 sgemm sgemm CUDA0 1.209396 174206 40
CPU14 45.335689 174167 sgemm sgemm CUDA0 1.082587 174207 40
CPU10 44.998607 174168 sgemm sgemm CUDA1 1.206082 174208 40
CPU6 44.891386 174169 sgemm sgemm CUDA3 0.046826 174209 40
CPU11 44.770039 174170 sgemm sgemm CUDA1 1.203985 174210 40
CPU12 45.106060 174171 sgemm sgemm CUDA2 0.042857 174211 40
CPU10 45.246345 174172 sgemm sgemm CUDA0 1.316078 174212 40
CPU10 45.187099 174173 sgemm sgemm CUDA1 1.066557 174213 40
CPU0 45.184865 174174 sgemm sgemm CUDA0 1.070051 174214 40
CPU1 44.490036 174175 sgemm sgemm CUDA1 3.731241 174215 40
CPU3 44.656239 174176 sgemm sgemm CUDA0 1.081923 174216 40
CPU9 44.971337 174177 sgemm sgemm CUDA1 1.018400 174217 40
CPU0 45.398651 174178 sgemm sgemm CUDA0 1.078800 174218 40
CPU5 24.487000 174179 ssyrk ssyrk CPU -1 174219 40
CPU3 44.936002 174180 sgemm sgemm CUDA3 1.083936 174220 40
CPU1 44.808049 174181 sgemm sgemm CUDA0 1.061083 174221 40
CPU4 44.492548 174182 sgemm sgemm CUDA3 1.083628 174222 40
CPU18 44.820102 174183 sgemm sgemm CPU32 176.234107 174223 40
CPU14 44.926196 174184 sgemm sgemm CUDA2 1.063276 174224 40
CPU17 45.188824 174185 sgemm sgemm CUDA0 12.422197 174225 40
CPU15 45.057773 174186 sgemm sgemm CUDA2 1.259556 174226 40
CPU6 44.714465 174187 sgemm sgemm CUDA1 1.008013 174227 40
CPU4 45.301545 174188 sgemm sgemm CPU25 203.584395 174228 40
CPU14 45.032141 174189 sgemm sgemm CPU21 223.504866 174229 40
CPU19 44.823650 174190 sgemm sgemm CUDA0 1.066928 174230 40
CPU17 45.170333 174191 sgemm sgemm CUDA0 1.194732 174231 40
CPU12 45.157734 174192 sgemm sgemm CUDA2 0.044646 174232 40
CPU3 44.427614 174193 sgemm sgemm CUDA3 1.202261 174233 40
CPU9 44.312615 174194 sgemm sgemm CUDA3 1.071061 174234 40
CPU3 44.765404 174195 sgemm sgemm CUDA0 12.143321 174235 40
CPU8 44.846593 174196 sgemm sgemm CUDA0 1.194474 174236 40
CPU11 44.974567 174197 sgemm sgemm CPU -1 174237 40
CPU9 44.749861 174198 sgemm sgemm CUDA0 1.075330 174238 40
CPU3 44.392589 174199 sgemm sgemm CUDA0 1.192862 174239 40
CPU15 44.935240 174200 sgemm sgemm CUDA0 1.069313 174240 40
CPU7 44.600578 174201 sgemm sgemm CUDA0 12.445369 174241 40
CPU14 44.957261 174202 sgemm sgemm CUDA0 1.083585 174242 40
CPU6 44.624054 174203 sgemm sgemm CUDA2 1.067698 174243 40
CPU6 44.765275 174204 sgemm sgemm CUDA2 1.083353 174244 40
CPU17 44.960468 174205 sgemm sgemm CUDA2 1.080791 174245 40
CPU19 45.224354 174206 sgemm sgemm CPU11 311.390646 174246 40
CPU15 45.144449 174207 sgemm sgemm CPU22 168.311244 174247 40
CPU15 45.436319 174208 sgemm sgemm CUDA1 1.201049 174248 40
CPU15 45.040553 174209 sgemm sgemm CUDA2 1.372338 174249 40
CPU15 45.546696 174210 sgemm sgemm CUDA1 0.687578 174250 40
CPU15 45.016505 174211 sgemm sgemm CUDA1 1.064640 174251 40
CPU15 45.146743 174212 sgemm sgemm CUDA0 1.207297 174252 40
CPU15 44.822531 174213 sgemm sgemm CUDA2 1.305058 174253 40
CPU6 25.029556 174214 ssyrk ssyrk CPU16 302.229607 174254 40
CPU8 44.955526 174215 sgemm sgemm CUDA2 1.078106 174255 40
CPU1 44.553969 174216 sgemm sgemm CUDA3 1.065299 174256 40
CPU12 44.929775 174217 sgemm sgemm CUDA1 1.208222 174257 40
CPU11 44.578352 174218 sgemm sgemm CUDA3 1.195245 174258 40
CPU0 45.205279 174219 sgemm sgemm CUDA2 1.200474 174259 40
CPU15 44.872419 174220 sgemm sgemm CUDA0 1.064374 174260 40
CPU9 44.718746 174221 sgemm sgemm CUDA2 1.079536 174261 40
CPU8 44.694052 174222 sgemm sgemm CUDA0 1.059922 174262 40
CPU15 44.980441 174223 sgemm sgemm CPU34 198.000644 174263 40
CPU17 44.977800 174224 sgemm sgemm CUDA1 1.072727 174264 40
CPU6 44.888287 174225 sgemm sgemm CUDA0 0.041267 174265 40
CPU3 44.559843 174226 sgemm sgemm CUDA3 1.066905 174266 40
CPU17 45.060104 174227 sgemm sgemm CUDA0 1.205312 174267 40
CPU7 44.805898 174228 sgemm sgemm CUDA2 12.674667 174268 40
CPU14 44.479907 174229 sgemm sgemm CUDA0 0.043454 174269 40
CPU9 45.282274 174230 sgemm sgemm CUDA2 1.067082 174270 40
CPU14 44.762751 174231 sgemm sgemm CUDA0 1.191385 174271 40
CPU15 44.555405 174232 sgemm sgemm CUDA1 12.389506 174272 40
CPU3 44.727234 174233 sgemm sgemm CUDA1 1.009030 174273 40
CPU7 44.633904 174234 sgemm sgemm CUDA0 1.204716 174274 40
CPU9 44.477837 174235 sgemm sgemm CUDA2 1.023632 174275 40
CPU14 44.929270 174236 sgemm sgemm CUDA2 1.065486 174276 40
CPU0 44.835415 174237 sgemm sgemm CUDA3 0.031395 174277 40
CPU4 44.984731 174238 sgemm sgemm CUDA2 1.081109 174278 40
CPU11 44.547728 174239 sgemm sgemm CUDA0 1.063670 174279 40
CPU19 45.050052 174240 sgemm sgemm CUDA2 1.201152 174280 40
CPU17 45.082675 174241 sgemm sgemm CUDA2 0.295012 174281 40
CPU14 44.854268 174242 sgemm sgemm CUDA0 1.194943 174282 40
CPU16 44.868931 174243 sgemm sgemm CUDA2 1.206567 174283 40
CPU18 44.640626 174244 sgemm sgemm CUDA2 23.776271 174284 40
CPU16 44.731229 174245 sgemm sgemm CUDA1 1.080336 174285 40
CPU16 44.414784 174246 sgemm sgemm CUDA1 1.080707 174286 40
CPU17 44.783832 174247 sgemm sgemm CUDA0 1.017097 174287 40
CPU17 24.935553 174248 ssyrk ssyrk CPU -1 174288 40
CPU5 44.433083 174249 sgemm sgemm CUDA2 1.082219 174289 40
CPU16 44.738617 174250 sgemm sgemm CPU17 193.817593 174290 40
CPU12 44.839314 174251 sgemm sgemm CUDA1 1.064904 174291 40
CPU8 44.596598 174252 sgemm sgemm CUDA2 12.406799 174292 40
CPU15 44.863089 174253 sgemm sgemm CUDA0 1.198201 174293 40
CPU7 44.495426 174254 sgemm sgemm CUDA1 11.537236 174294 40
CPU17 44.776149 174255 sgemm sgemm CUDA0 1.078266 174295 40
CPU14 45.070053 174256 sgemm sgemm CUDA2 1.080241 174296 40
CPU12 44.897937 174257 sgemm sgemm CUDA0 0.065188 174297 40
CPU4 44.993245 174258 sgemm sgemm CUDA0 1.190428 174298 40
CPU4 44.570269 174259 sgemm sgemm CUDA2 1.077897 174299 40
CPU18 44.754122 174260 sgemm sgemm CUDA2 1.189022 174300 40
CPU5 44.658169 174261 sgemm sgemm CUDA1 0.263488 174301 40
CPU17 44.715259 174262 sgemm sgemm CPU20 252.622826 174302 40
CPU2 45.260841 174263 sgemm sgemm CUDA1 1.063941 174303 40
CPU15 44.906554 174264 sgemm sgemm CPU35 216.014295 174304 40
CPU18 44.601421 174265 sgemm sgemm CUDA0 1.191557 174305 40
CPU17 44.959228 174266 sgemm sgemm CPU19 197.450069 174306 40
CPU14 44.827089 174267 sgemm sgemm CUDA0 1.207085 174307 40
CPU2 44.617985 174268 sgemm sgemm CUDA1 1.065972 174308 40
CPU7 44.925995 174269 sgemm sgemm CUDA2 1.067200 174309 40
CPU19 45.118117 174270 sgemm sgemm CUDA2 0.067956 174310 40
CPU18 44.806852 174271 sgemm sgemm CUDA2 1.211278 174311 40
CPU17 44.799858 174272 sgemm sgemm CUDA0 1.195352 174312 40
CPU18 44.924505 174273 sgemm sgemm CUDA1 1.078406 174313 40
CPU19 45.199700 174274 sgemm sgemm CUDA2 1.083093 174314 40
CPU8 44.773429 174275 sgemm sgemm CUDA1 1.201445 174315 40
CPU4 44.884472 174276 sgemm sgemm CUDA2 1.065062 174316 40
CPU8 44.535965 174277 sgemm sgemm CUDA2 0.119973 174317 40
CPU6 44.984241 174278 sgemm sgemm CUDA2 1.067614 174318 40
CPU9 45.121987 174279 sgemm sgemm CUDA0 17.254573 174319 40
CPU11 44.911669 174280 sgemm sgemm CUDA2 1.204152 174320 40
CPU9 24.453471 174281 ssyrk ssyrk CPU29 247.212997 174321 40
CPU17 45.113957 174282 sgemm sgemm CUDA3 1.191034 174322 40
CPU14 44.971784 174283 sgemm sgemm CUDA2 1.081794 174323 40
CPU17 45.108990 174284 sgemm sgemm CUDA0 0.041383 174324 40
CPU14 45.334420 174285 sgemm sgemm CUDA2 1.192714 174325 40
CPU1 44.370519 174286 sgemm sgemm CUDA1 1.198060 174326 40
CPU19 44.908859 174287 sgemm sgemm CUDA2 1.083833 174327 40
CPU15 45.020698 174288 sgemm sgemm CUDA1 1.194564 174328 40
CPU18 44.837049 174289 sgemm sgemm CUDA1 5.982129 174329 40
CPU5 44.426135 174290 sgemm sgemm CUDA3 1.066605 174330 40
CPU6 44.532209 174291 sgemm sgemm CUDA1 1.130441 174331 40
CPU0 45.147697 174292 sgemm sgemm CUDA1 1.209517 174332 40
CPU0 44.676314 174293 sgemm sgemm CUDA1 1.077103 174333 40
CPU10 45.102471 174294 sgemm sgemm CUDA2 1.066601 174334 40
CPU9 44.934615 174295 sgemm sgemm CUDA2 1.066081 174335 40
CPU8 44.616247 174296 sgemm sgemm CUDA0 0.044309 174336 40
CPU3 44.712190 174297 sgemm sgemm CUDA2 1.207210 174337 40
CPU16 44.987349 174298 sgemm sgemm CPU -1 174338 40
CPU19 45.104802 174299 sgemm sgemm CUDA0 1.064497 174339 40
CPU4 44.583101 174300 sgemm sgemm CUDA2 1.065482 174340 40
CPU9 44.653520 174301 sgemm sgemm CUDA2 1.083074 174341 40
CPU0 45.017403 174302 sgemm sgemm CUDA0 0.036002 174342 40
CPU9 44.494474 174303 sgemm sgemm CUDA0 1.064492 174343 40
CPU1 44.821624 174304 sgemm sgemm CUDA3 12.607693 174344 40
CPU6 44.785870 174305 sgemm sgemm CUDA0 1.081245 174345 40
CPU7 44.510401 174306 sgemm sgemm CUDA0 1.206330 174346 40
CPU0 44.853883 174307 sgemm sgemm CUDA0 12.405862 174347 40
CPU1 44.640622 174308 sgemm sgemm CUDA0 1.341127 174348 40
CPU4 44.853935 174309 sgemm sgemm CUDA0 1.320054 174349 40
CPU0 44.927451 174310 sgemm sgemm CUDA1 1.063856 174350 40
CPU4 44.985306 174311 sgemm sgemm CUDA3 1.080241 174351 40
CPU8 44.898838 174312 sgemm sgemm CUDA0 1.376985 174352 40
CPU17 24.927217 174313 ssyrk ssyrk CPU -1 174353 40
CPU19 45.894239 174314 sgemm sgemm CUDA1 0.056461 174354 40
CPU15 44.928325 174315 sgemm sgemm CUDA0 0.050600 174355 40
CPU17 45.109404 174316 sgemm sgemm CPU11 176.296386 174356 40
CPU7 44.193827 174317 sgemm sgemm CUDA0 1.081547 174357 40
CPU3 44.651849 174318 sgemm sgemm CUDA3 1.078561 174358 40
CPU16 44.921929 174319 sgemm sgemm CUDA0 0.056850 174359 40
CPU19 44.796427 174320 sgemm sgemm CUDA1 1.334157 174360 40
CPU6 44.540924 174321 sgemm sgemm CUDA0 1.190827 174361 40
CPU7 44.503837 174322 sgemm sgemm CUDA0 1.068334 174362 40
CPU18 45.084470 174323 sgemm sgemm CUDA3 1.082270 174363 40
CPU5 44.382432 174324 sgemm sgemm CUDA1 1.204886 174364 40
CPU18 44.799876 174325 sgemm sgemm CUDA1 1.318318 174365 40
CPU17 44.854936 174326 sgemm sgemm CUDA1 0.957850 174366 40
CPU2 44.456744 174327 sgemm sgemm CUDA0 12.790427 174367 40
CPU4 44.991890 174328 sgemm sgemm CPU26 156.000958 174368 40
CPU9 44.510102 174329 sgemm sgemm CUDA1 13.040748 174369 40
CPU16 45.072264 174330 sgemm sgemm CUDA1 1.209049 174370 40
CPU17 45.007769 174331 sgemm sgemm CUDA1 1.079205 174371 40
CPU15 44.928728 174332 sgemm sgemm CUDA0 7.254567 174372 40
CPU0 44.733733 174333 sgemm sgemm CUDA3 1.211897 174373 40
CPU2 44.547687 174334 sgemm sgemm CPU23 179.038682 174374 40
CPU17 44.825401 174335 sgemm sgemm CUDA1 1.065563 174375 40
CPU16 44.836197 174336 sgemm sgemm CUDA1 1.189792 174376 40
CPU10 45.155356 174337 sgemm sgemm CUDA3 1.192598 174377 40
CPU6 44.873809 174338 sgemm sgemm CUDA3 1.210460 174378 40
CPU1 44.701850 174339 sgemm sgemm CUDA1 12.541391 174379 40
CPU0 44.790635 174340 sgemm sgemm CUDA1 1.129308 174380 40
CPU8 44.487702 174341 sgemm sgemm CUDA0 1.204550 174381 40
CPU8 45.056600 174342 sgemm sgemm CUDA1 1.063859 174382 40
CPU9 45.061497 174343 sgemm sgemm CUDA0 1.151679 174383 40
CPU14 24.890564 174344 ssyrk ssyrk CPU -1 174384 40
CPU14 44.948238 174345 sgemm sgemm CUDA1 1.075655 174385 40
CPU14 45.113460 174346 sgemm sgemm CPU13 143.203105 174386 40
CPU3 44.528956 174347 sgemm sgemm CUDA0 0.077833 174387 40
CPU12 44.850252 174348 sgemm sgemm CUDA2 1.063789 174388 40
CPU11 44.840243 174349 sgemm sgemm CUDA0 1.314259 174389 40
CPU1 44.768731 174350 sgemm sgemm CUDA0 1.847276 174390 40
CPU10 45.011928 174351 sgemm sgemm CUDA2 1.207972 174391 40
CPU18 45.011087 174352 sgemm sgemm CUDA2 1.207292 174392 40
CPU4 44.977724 174353 sgemm sgemm CUDA3 12.153438 174393 40
CPU3 44.616226 174354 sgemm sgemm CUDA3 1.080014 174394 40
CPU8 45.108219 174355 sgemm sgemm CUDA0 1.315860 174395 40
CPU0 45.403640 174356 sgemm sgemm CUDA2 1.204123 174396 40
CPU15 44.743782 174357 sgemm sgemm CUDA0 0.055625 174397 40
CPU7 45.247279 174358 sgemm sgemm CUDA2 1.079258 174398 40
CPU10 45.514482 174359 sgemm sgemm CUDA0 12.277806 174399 40
CPU11 44.901393 174360 sgemm sgemm CUDA0 1.312341 174400 40
CPU12 45.005596 174361 sgemm sgemm CUDA2 1.195947 174401 40
CPU14 44.979219 174362 sgemm sgemm CUDA2 9.808870 174402 40
CPU10 44.904351 174363 sgemm sgemm CUDA3 1.209048 174403 40
CPU8 44.680123 174364 sgemm sgemm CUDA1 1.203648 174404 40
CPU1 45.035628 174365 sgemm sgemm CUDA0 1.077840 174405 40
CPU14 44.776653 174366 sgemm sgemm CUDA0 1.331953 174406 40
CPU14 45.071000 174367 sgemm sgemm CUDA2 1.066343 174407 40
CPU14 45.066804 174368 sgemm sgemm CUDA2 1.192815 174408 40
CPU14 45.003265 174369 sgemm sgemm CUDA2 1.197488 174409 40
CPU14 44.920163 174370 sgemm sgemm CUDA2 1.292686 174410 40
CPU14 44.926937 174371 sgemm sgemm CUDA2 1.066338 174411 40
CPU14 44.580306 174372 sgemm sgemm CUDA2 1.070303 174412 40
CPU14 44.693464 174373 sgemm sgemm CUDA2 1.198396 174413 40
CPU7 25.032626 174374 ssyrk ssyrk CPU -1 174414 40
CPU15 44.823967 174375 sgemm sgemm CPU14 152.971460 174415 40
CPU8 44.396485 174376 sgemm sgemm CUDA2 0.040796 174416 40
CPU9 44.892678 174377 sgemm sgemm CUDA0 1.474698 174417 40
CPU11 44.754110 174378 sgemm sgemm CUDA1 1.201003 174418 40
CPU10 45.137567 174379 sgemm sgemm CUDA0 1.064168 174419 40
CPU18 44.969502 174380 sgemm sgemm CUDA2 1.321630 174420 40
CPU10 45.105609 174381 sgemm sgemm CUDA1 1.010260 174421 40
CPU3 44.304076 174382 sgemm sgemm CUDA0 1.207308 174422 40
CPU15 44.815058 174383 sgemm sgemm CUDA0 1.083899 174423 40
CPU8 44.869714 174384 sgemm sgemm CUDA0 0.043298 174424 40
CPU8 44.936477 174385 sgemm sgemm CUDA1 0.900940 174425 40
CPU6 44.714312 174386 sgemm sgemm CUDA0 1.064255 174426 40
CPU18 44.628555 174387 sgemm sgemm CUDA2 1.192682 174427 40
CPU6 44.843829 174388 sgemm sgemm CUDA2 14.510850 174428 40
CPU12 45.031859 174389 sgemm sgemm CUDA2 1.205858 174429 40
CPU3 44.449358 174390 sgemm sgemm CUDA2 1.075954 174430 40
CPU9 44.494998 174391 sgemm sgemm CUDA1 1.064219 174431 40
CPU2 44.436911 174392 sgemm sgemm CUDA0 1.004143 174432 40
CPU3 44.562187 174393 sgemm sgemm CUDA1 1.079802 174433 40
CPU4 44.791779 174394 sgemm sgemm CUDA0 1.288618 174434 40
CPU9 44.658359 174395 sgemm sgemm CUDA0 1.202181 174435 40
CPU6 44.474949 174396 sgemm sgemm CUDA1 1.082309 174436 40
CPU6 44.631251 174397 sgemm sgemm CUDA0 1.206151 174437 40
CPU4 44.740795 174398 sgemm sgemm CUDA0 1.066610 174438 40
CPU6 44.576568 174399 sgemm sgemm CUDA1 1.197930 174439 40
CPU4 44.455651 174400 sgemm sgemm CUDA0 1.201603 174440 40
CPU6 45.192214 174401 sgemm sgemm CPU19 116.392663 174441 40
CPU5 44.892033 174402 sgemm sgemm CUDA0 1.133857 174442 40
CPU14 25.097017 174403 ssyrk ssyrk CPU -1 174443 40
CPU16 45.022615 174404 sgemm sgemm CPU32 239.400554 174444 40
CPU10 44.946592 174405 sgemm sgemm CPU23 156.020436 174445 40
CPU6 44.755820 174406 sgemm sgemm CUDA3 1.208286 174446 40
CPU14 45.075981 174407 sgemm sgemm CUDA0 1.060939 174447 40
CPU18 44.916654 174408 sgemm sgemm CUDA0 1.065525 174448 40
CPU14 44.927578 174409 sgemm sgemm CUDA2 1.204880 174449 40
CPU19 45.285410 174410 sgemm sgemm CUDA3 1.062189 174450 40
CPU4 44.281487 174411 sgemm sgemm CUDA3 1.279249 174451 40
CPU14 44.907633 174412 sgemm sgemm CUDA0 1.299771 174452 40
CPU8 44.763607 174413 sgemm sgemm CUDA0 0.045892 174453 40
CPU1 44.523689 174414 sgemm sgemm CUDA1 1.075741 174454 40
CPU5 44.273917 174415 sgemm sgemm CUDA0 12.569764 174455 40
CPU3 44.472375 174416 sgemm sgemm CUDA2 0.044316 174456 40
CPU9 44.566257 174417 sgemm sgemm CUDA3 1.203824 174457 40
CPU5 44.351185 174418 sgemm sgemm CUDA3 1.007039 174458 40
CPU15 45.075058 174419 sgemm sgemm CUDA3 0.040937 174459 40
CPU17 45.023926 174420 sgemm sgemm CUDA2 1.372887 174460 40
CPU17 45.037325 174421 sgemm sgemm CUDA1 1.065965 174461 40
CPU11 44.826543 174422 sgemm sgemm CUDA1 1.069547 174462 40
CPU5 44.687807 174423 sgemm sgemm CUDA1 1.205169 174463 40
CPU1 44.569077 174424 sgemm sgemm CUDA1 0.079801 174464 40
CPU3 44.803252 174425 sgemm sgemm CUDA1 1.067591 174465 40
CPU2 44.634157 174426 sgemm sgemm CUDA3 1.092184 174466 40
CPU9 44.397919 174427 sgemm sgemm CUDA1 12.333952 174467 40
CPU3 44.470686 174428 sgemm sgemm CUDA1 1.202267 174468 40
CPU9 45.045766 174429 sgemm sgemm CUDA1 1.062525 174469 40
CPU5 44.895494 174430 sgemm sgemm CUDA2 1.006093 174470 40
CPU7 25.157124 174431 ssyrk ssyrk CPU26 251.743467 174471 40
CPU6 44.623870 174432 sgemm sgemm CUDA2 1.082253 174472 40
CPU15 44.953077 174433 sgemm sgemm CUDA0 1.197334 174473 40
CPU4 44.561766 174434 sgemm sgemm CUDA0 0.621952 174474 40
CPU5 44.213558 174435 sgemm sgemm CUDA1 1.077386 174475 40
CPU6 44.375067 174436 sgemm sgemm CUDA0 1.211759 174476 40
CPU11 45.157617 174437 sgemm sgemm CUDA2 1.061911 174477 40
CPU2 44.245403 174438 sgemm sgemm CUDA1 1.067794 174478 40
CPU14 44.632325 174439 sgemm sgemm CUDA2 12.061518 174479 40
CPU12 44.762280 174440 sgemm sgemm CUDA1 1.187805 174480 40
CPU12 44.886003 174441 sgemm sgemm CUDA0 1.081179 174481 40
CPU11 45.110724 174442 sgemm sgemm CUDA1 1.057471 174482 40
CPU17 45.082384 174443 sgemm sgemm CUDA1 0.044523 174483 40
CPU19 45.159301 174444 sgemm sgemm CUDA0 1.193957 174484 40
CPU17 45.017863 174445 sgemm sgemm CUDA2 1.201282 174485 40
CPU11 45.004210 174446 sgemm sgemm CUDA2 0.044876 174486 40
CPU10 45.178707 174447 sgemm sgemm CUDA2 1.194920 174487 40
CPU0 45.057125 174448 sgemm sgemm CPU -1 174488 40
CPU18 44.592854 174449 sgemm sgemm CPU -1 174489 40
CPU17 45.210203 174450 sgemm sgemm CPU22 174.810440 174490 40
CPU15 45.365610 174451 sgemm sgemm CUDA2 1.065686 174491 40
CPU16 45.171484 174452 sgemm sgemm CUDA0 1.208325 174492 40
CPU15 45.117846 174453 sgemm sgemm CUDA2 1.192472 174493 40
CPU15 45.182262 174454 sgemm sgemm CUDA2 0.129358 174494 40
CPU16 45.054387 174455 sgemm sgemm CUDA2 1.077808 174495 40
CPU15 44.676432 174456 sgemm sgemm CUDA0 1.011691 174496 40
CPU15 44.776024 174457 sgemm sgemm CUDA0 1.208573 174497 40
CPU4 25.471780 174458 ssyrk ssyrk CPU17 107.067030 174498 40
CPU14 44.873844 174459 sgemm sgemm CUDA3 1.192519 174499 40
CPU0 45.017624 174460 sgemm sgemm CUDA0 1.066016 174500 40
CPU10 44.688602 174461 sgemm sgemm CUDA0 1.195150 174501 40
CPU11 44.990471 174462 sgemm sgemm CUDA0 1.078620 174502 40
CPU14 44.886412 174463 sgemm sgemm CUDA3 0.049364 174503 40
CPU19 45.164229 174464 sgemm sgemm CUDA3 1.192034 174504 40
CPU7 45.344577 174465 sgemm sgemm CUDA0 1.198838 174505 40
CPU3 44.994696 174466 sgemm sgemm CUDA0 0.044002 174506 40
CPU15 44.789733 174467 sgemm sgemm CUDA2 1.082366 174507 40
CPU16 44.797111 174468 sgemm sgemm CUDA0 12.143662 174508 40
CPU14 44.708183 174469 sgemm sgemm CUDA0 1.207088 174509 40
CPU17 44.823682 174470 sgemm sgemm CUDA0 12.163322 174510 40
CPU8 44.707203 174471 sgemm sgemm CUDA3 1.075072 174511 40
CPU15 44.863860 174472 sgemm sgemm CUDA3 1.320922 174512 40
CPU17 45.264753 174473 sgemm sgemm CUDA3 1.214109 174513 40
CPU4 45.005054 174474 sgemm sgemm CPU10 187.144682 174514 40
CPU2 45.164412 174475 sgemm sgemm CUDA1 1.197578 174515 40
CPU10 45.132920 174476 sgemm sgemm CUDA0 1.066160 174516 40
CPU12 45.179196 174477 sgemm sgemm CUDA2 1.081045 174517 40
CPU18 44.826801 174478 sgemm sgemm CUDA2 1.205120 174518 40
CPU9 44.787905 174479 sgemm sgemm CUDA0 1.062734 174519 40
CPU5 44.841802 174480 sgemm sgemm CUDA0 1.214689 174520 40
CPU3 44.639011 174481 sgemm sgemm CUDA2 1.074364 174521 40
CPU3 45.221118 174482 sgemm sgemm CUDA0 1.208400 174522 40
CPU13 44.962204 174483 sgemm sgemm CUDA0 1.065783 174523 40
CPU3 24.737134 174484 ssyrk ssyrk CPU18 144.627815 174524 40
CPU15 44.966334 174485 sgemm sgemm CPU33 144.232228 174525 40
CPU17 45.071110 174486 sgemm sgemm CUDA0 1.210981 174526 40
CPU1 44.747892 174487 sgemm sgemm CUDA0 1.204670 174527 40
CPU9 44.488507 174488 sgemm sgemm CUDA0 1.066501 174528 40
CPU2 44.479533 174489 sgemm sgemm CUDA0 1.195660 174529 40
CPU7 44.683284 174490 sgemm sgemm CUDA2 0.040377 174530 40
CPU0 45.062088 174491 sgemm sgemm CUDA2 1.082138 174531 40
CPU0 44.833705 174492 sgemm sgemm CUDA0 1.350512 174532 40
CPU1 44.946666 174493 sgemm sgemm CUDA0 0.040288 174533 40
CPU0 44.838885 174494 sgemm sgemm CUDA1 1.414543 174534 40
CPU9 44.633878 174495 sgemm sgemm CUDA0 1.080725 174535 40
CPU4 44.738607 174496 sgemm sgemm CUDA1 1.294840 174536 40
CPU15 44.789134 174497 sgemm sgemm CUDA1 1.204080 174537 40
CPU4 44.592054 174498 sgemm sgemm CPU -1 174538 40
CPU6 44.641370 174499 sgemm sgemm CUDA1 1.205698 174539 40
CPU18 44.704950 174500 sgemm sgemm CUDA1 1.210218 174540 40
CPU7 44.668766 174501 sgemm sgemm CPU18 182.355935 174541 40
CPU4 44.489791 174502 sgemm sgemm CUDA3 1.318237 174542 40
CPU6 44.661438 174503 sgemm sgemm CPU32 225.469632 174543 40
CPU5 44.626040 174504 sgemm sgemm CUDA2 1.208305 174544 40
CPU4 44.697438 174505 sgemm sgemm CPU13 291.563718 174545 40
CPU2 44.569182 174506 sgemm sgemm CPU31 203.915604 174546 40
CPU5 45.002428 174507 sgemm sgemm CPU -1 174547 40
CPU2 44.951793 174508 sgemm sgemm CUDA2 1.401394 174548 40
CPU14 25.131120 174509 ssyrk ssyrk CPU -1 174549 40
CPU19 44.959004 174510 sgemm sgemm CUDA1 12.172005 174550 40
CPU12 45.072064 174511 sgemm sgemm CUDA2 1.075318 174551 40
CPU12 45.157066 174512 sgemm sgemm CUDA1 1.206327 174552 40
CPU16 44.949502 174513 sgemm sgemm CUDA0 0.130801 174553 40
CPU17 45.022328 174514 sgemm sgemm CUDA0 1.059429 174554 40
CPU5 44.855591 174515 sgemm sgemm CUDA0 1.320308 174555 40
CPU14 45.340030 174516 sgemm sgemm CUDA1 1.207468 174556 40
CPU19 44.869953 174517 sgemm sgemm CUDA1 1.202629 174557 40
CPU3 44.613773 174518 sgemm sgemm CUDA1 1.203533 174558 40
CPU15 44.906991 174519 sgemm sgemm CUDA0 1.311472 174559 40
CPU0 44.448422 174520 sgemm sgemm CPU35 192.229177 174560 40
CPU16 45.067572 174521 sgemm sgemm CUDA1 1.008136 174561 40
CPU7 44.624182 174522 sgemm sgemm CUDA0 1.194435 174562 40
CPU8 44.244559 174523 sgemm sgemm CPU29 150.645538 174563 40
CPU1 44.940494 174524 sgemm sgemm CUDA2 1.930232 174564 40
CPU1 44.897195 174525 sgemm sgemm CUDA1 1.073999 174565 40
CPU0 45.021661 174526 sgemm sgemm CUDA1 1.067109 174566 40
CPU18 45.144804 174527 sgemm sgemm CUDA1 1.203639 174567 40
CPU18 45.150174 174528 sgemm sgemm CUDA1 0.963896 174568 40
CPU17 44.959409 174529 sgemm sgemm CUDA0 1.192584 174569 40
CPU17 44.940447 174530 sgemm sgemm CUDA0 1.066697 174570 40
CPU17 45.018971 174531 sgemm sgemm CUDA0 1.067745 174571 40
CPU17 44.982781 174532 sgemm sgemm CUDA2 0.033034 174572 40
CPU7 24.778872 174533 ssyrk ssyrk CPU -1 174573 40
CPU8 44.437426 174534 sgemm sgemm CUDA3 12.388535 174574 40
CPU15 45.187276 174535 sgemm sgemm CUDA1 1.063132 174575 40
CPU18 44.938577 174536 sgemm sgemm CUDA1 0.052937 174576 40
CPU6 44.940645 174537 sgemm sgemm CUDA1 1.060802 174577 40
CPU12 44.864206 174538 sgemm sgemm CPU31 166.582672 174578 40
CPU16 45.136889 174539 sgemm sgemm CUDA2 1.318093 174579 40
CPU10 45.388398 174540 sgemm sgemm CUDA2 12.163863 174580 40
CPU11 45.216640 174541 sgemm sgemm CUDA2 1.064161 174581 40
CPU17 45.067232 174542 sgemm sgemm CUDA3 1.299710 174582 40
CPU19 45.333954 174543 sgemm sgemm CUDA3 12.699786 174583 40
CPU19 45.238162 174544 sgemm sgemm CUDA1 1.058232 174584 40
CPU16 45.137059 174545 sgemm sgemm CUDA0 1.068844 174585 40
CPU15 45.303575 174546 sgemm sgemm CUDA2 1.193099 174586 40
CPU15 45.099549 174547 sgemm sgemm CPU34 228.235349 174587 40
CPU14 45.120132 174548 sgemm sgemm CUDA3 1.208178 174588 40
CPU14 45.219391 174549 sgemm sgemm CUDA1 1.362089 174589 40
CPU14 45.270372 174550 sgemm sgemm CUDA2 1.197429 174590 40
CPU14 45.147790 174551 sgemm sgemm CUDA0 1.064925 174591 40
CPU14 45.035051 174552 sgemm sgemm CUDA2 1.062796 174592 40
CPU15 45.580678 174553 sgemm sgemm CUDA2 1.078858 174593 40
CPU14 44.855884 174554 sgemm sgemm CUDA1 1.080101 174594 40
CPU14 44.664565 174555 sgemm sgemm CUDA2 1.209217 174595 40
CPU9 24.330225 174556 ssyrk ssyrk CPU -1 174596 40
CPU6 44.475200 174557 sgemm sgemm CPU24 171.779523 174597 40
CPU6 44.712122 174558 sgemm sgemm CUDA2 1.082937 174598 40
CPU4 44.837244 174559 sgemm sgemm CUDA1 1.206311 174599 40
CPU18 44.592839 174560 sgemm sgemm CUDA0 1.296795 174600 40
CPU6 44.903307 174561 sgemm sgemm CUDA1 1.009082 174601 40
CPU8 45.133260 174562 sgemm sgemm CUDA2 1.068158 174602 40
CPU4 44.438221 174563 sgemm sgemm CUDA1 1.081571 174603 40
CPU5 44.382964 174564 sgemm sgemm CUDA3 1.195396 174604 40
CPU8 44.511116 174565 sgemm sgemm CUDA1 1.202884 174605 40
CPU15 45.099652 174566 sgemm sgemm CUDA3 1.210322 174606 40
CPU9 44.628422 174567 sgemm sgemm CUDA3 1.268080 174607 40
CPU2 44.560857 174568 sgemm sgemm CPU12 176.762837 174608 40
CPU0 44.890354 174569 sgemm sgemm CUDA0 1.070183 174609 40
CPU16 45.037362 174570 sgemm sgemm CUDA1 1.195604 174610 40
CPU18 45.215296 174571 sgemm sgemm CUDA1 1.202620 174611 40
CPU6 44.777879 174572 sgemm sgemm CUDA0 1.207235 174612 40
CPU9 44.532453 174573 sgemm sgemm CUDA2 1.197044 174613 40
CPU2 44.666143 174574 sgemm sgemm CUDA2 1.353820 174614 40
CPU3 44.732193 174575 sgemm sgemm CUDA0 1.066649 174615 40
CPU2 44.946601 174576 sgemm sgemm CUDA3 1.318051 174616 40
CPU5 44.971010 174577 sgemm sgemm CUDA3 12.210552 174617 40
CPU10 25.175957 174578 ssyrk ssyrk CPU28 146.264591 174618 40
CPU11 45.056625 174579 sgemm sgemm CUDA3 1.400267 174619 40
CPU5 44.709866 174580 sgemm sgemm CUDA2 1.316898 174620 40
CPU7 45.145137 174581 sgemm sgemm CPU14 151.945072 174621 40
CPU0 45.149758 174582 sgemm sgemm CUDA3 1.281534 174622 40
CPU2 45.180649 174583 sgemm sgemm CUDA0 1.192632 174623 40
CPU6 44.432346 174584 sgemm sgemm CPU -1 174624 40
CPU11 44.955779 174585 sgemm sgemm CUDA2 1.209585 174625 40
CPU17 45.341800 174586 sgemm sgemm CPU16 170.881974 174626 40
CPU1 44.689711 174587 sgemm sgemm CUDA3 1.152513 174627 40
CPU8 44.337287 174588 sgemm sgemm CUDA0 1.208844 174628 40
CPU8 44.630160 174589 sgemm sgemm CUDA1 1.079726 174629 40
CPU11 44.880996 174590 sgemm sgemm CUDA2 1.066862 174630 40
CPU12 45.168096 174591 sgemm sgemm CUDA1 1.079672 174631 40
CPU10 45.298153 174592 sgemm sgemm CUDA2 1.193903 174632 40
CPU7 44.900286 174593 sgemm sgemm CUDA2 1.062541 174633 40
CPU3 44.863545 174594 sgemm sgemm CUDA0 1.209414 174634 40
CPU7 44.785935 174595 sgemm sgemm CUDA0 1.196157 174635 40
CPU9 44.641027 174596 sgemm sgemm CUDA1 1.068122 174636 40
CPU1 44.992145 174597 sgemm sgemm CUDA2 1.210639 174637 40
CPU13 44.984638 174598 sgemm sgemm CUDA2 1.156606 174638 40
CPU8 24.707099 174599 ssyrk ssyrk CPU13 233.624038 174639 40
CPU14 45.340148 174600 sgemm sgemm CUDA2 14.414733 174640 40
CPU2 44.661289 174601 sgemm sgemm CUDA0 1.189467 174641 40
CPU3 44.415366 174602 sgemm sgemm CUDA0 1.064956 174642 40
CPU1 44.882891 174603 sgemm sgemm CUDA1 1.202030 174643 40
CPU2 44.623680 174604 sgemm sgemm CUDA1 1.076889 174644 40
CPU4 44.628324 174605 sgemm sgemm CUDA1 1.078368 174645 40
CPU4 44.542161 174606 sgemm sgemm CUDA3 0.041613 174646 40
CPU14 44.977033 174607 sgemm sgemm CUDA1 1.075645 174647 40
CPU10 45.040617 174608 sgemm sgemm CUDA3 1.152687 174648 40
CPU9 44.577233 174609 sgemm sgemm CUDA2 1.065894 174649 40
CPU18 44.772126 174610 sgemm sgemm CPU23 169.357128 174650 40
CPU5 44.765711 174611 sgemm sgemm CUDA1 1.075063 174651 40
CPU3 44.665470 174612 sgemm sgemm CUDA1 1.081320 174652 40
CPU4 44.588091 174613 sgemm sgemm CUDA0 1.065799 174653 40
CPU8 44.591556 174614 sgemm sgemm CUDA2 12.951407 174654 40
CPU6 44.714926 174615 sgemm sgemm CUDA0 1.206009 174655 40
CPU4 44.846935 174616 sgemm sgemm CUDA0 1.206458 174656 40
CPU2 44.918827 174617 sgemm sgemm CUDA1 1.207470 174657 40
CPU7 45.163966 174618 sgemm sgemm CUDA2 1.365846 174658 40
CPU16 24.765391 174619 ssyrk ssyrk CPU26 215.622213 174659 40
CPU18 44.700712 174620 sgemm sgemm CPU33 181.380930 174660 40
CPU5 44.576611 174621 sgemm sgemm CUDA1 1.207187 174661 40
CPU4 45.063350 174622 sgemm sgemm CUDA1 1.201221 174662 40
CPU3 45.095912 174623 sgemm sgemm CUDA1 1.080436 174663 40
CPU0 45.108094 174624 sgemm sgemm CUDA2 1.209499 174664 40
CPU1 44.889844 174625 sgemm sgemm CUDA2 1.067274 174665 40
CPU15 44.688663 174626 sgemm sgemm CUDA1 1.192858 174666 40
CPU11 44.539335 174627 sgemm sgemm CUDA1 1.270807 174667 40
CPU7 44.929187 174628 sgemm sgemm CUDA0 1.209614 174668 40
CPU19 45.022059 174629 sgemm sgemm CUDA1 1.199577 174669 40
CPU8 44.746070 174630 sgemm sgemm CUDA0 1.085909 174670 40
CPU15 44.762399 174631 sgemm sgemm CUDA1 1.065866 174671 40
CPU10 45.220369 174632 sgemm sgemm CUDA0 0.048080 174672 40
CPU0 45.124267 174633 sgemm sgemm CUDA2 1.299141 174673 40
CPU3 45.015403 174634 sgemm sgemm CPU25 168.362275 174674 40
CPU8 44.852977 174635 sgemm sgemm CUDA2 0.095862 174675 40
CPU2 45.099368 174636 sgemm sgemm CUDA2 1.195106 174676 40
CPU8 44.956280 174637 sgemm sgemm CUDA3 1.306321 174677 40
CPU19 25.087650 174638 ssyrk ssyrk CPU -1 174678 40
CPU4 44.713663 174639 sgemm sgemm CUDA0 1.065540 174679 40
CPU19 44.646573 174640 sgemm sgemm CUDA0 9.550309 174680 40
CPU3 44.723437 174641 sgemm sgemm CUDA2 1.224007 174681 40
CPU12 45.336841 174642 sgemm sgemm CUDA0 12.157495 174682 40
CPU3 44.809949 174643 sgemm sgemm CUDA1 12.289117 174683 40
CPU10 45.214809 174644 sgemm sgemm CUDA2 0.044527 174684 40
CPU11 44.822892 174645 sgemm sgemm CUDA0 12.198535 174685 40
CPU5 44.627852 174646 sgemm sgemm CUDA1 0.044373 174686 40
CPU1 44.912299 174647 sgemm sgemm CUDA2 1.259466 174687 40
CPU6 44.927127 174648 sgemm sgemm CUDA3 1.011346 174688 40
CPU7 44.886711 174649 sgemm sgemm CUDA1 1.065311 174689 40
CPU11 44.883030 174650 sgemm sgemm CUDA2 0.041032 174690 40
CPU9 44.711208 174651 sgemm sgemm CUDA2 1.064736 174691 40
CPU0 45.156362 174652 sgemm sgemm CUDA0 1.293477 174692 40
CPU10 44.811368 174653 sgemm sgemm CPU16 179.584121 174693 40
CPU12 44.913772 174654 sgemm sgemm CUDA0 1.224584 174694 40
CPU10 44.803583 174655 sgemm sgemm CUDA2 0.101485 174695 40
CPU11 24.617024 174656 ssyrk ssyrk CPU -1 174696 40
CPU17 44.974284 174657 sgemm sgemm CUDA2 1.070342 174697 40
CPU19 45.012810 174658 sgemm sgemm CUDA1 1.302317 174698 40
CPU15 45.018885 174659 sgemm sgemm CUDA1 12.262997 174699 40
CPU12 45.042726 174660 sgemm sgemm CUDA0 1.221899 174700 40
CPU12 45.226126 174661 sgemm sgemm CUDA1 1.063184 174701 40
CPU16 44.903693 174662 sgemm sgemm CUDA3 0.046757 174702 40
CPU11 45.085391 174663 sgemm sgemm CPU15 177.714431 174703 40
CPU11 44.728683 174664 sgemm sgemm CPU31 171.433186 174704 40
CPU4 44.945199 174665 sgemm sgemm CUDA2 1.194971 174705 40
CPU9 44.679910 174666 sgemm sgemm CUDA2 1.199923 174706 40
CPU12 45.484356 174667 sgemm sgemm CUDA1 0.046413 174707 40
CPU10 45.292788 174668 sgemm sgemm CUDA1 1.211111 174708 40
CPU17 45.115319 174669 sgemm sgemm CUDA2 1.077601 174709 40
CPU17 45.071283 174670 sgemm sgemm CUDA1 1.205708 174710 40
CPU17 45.165564 174671 sgemm sgemm CUDA2 1.065582 174711 40
CPU19 45.085789 174672 sgemm sgemm CUDA0 1.018051 174712 40
CPU19 24.794730 174673 ssyrk ssyrk CPU26 108.131772 174713 40
CPU7 45.088273 174674 sgemm sgemm CUDA0 1.200548 174714 40
CPU0 45.074809 174675 sgemm sgemm CPU17 211.933515 174715 40
CPU11 44.757224 174676 sgemm sgemm CUDA0 0.045702 174716 40
CPU19 45.504772 174677 sgemm sgemm CUDA2 1.323118 174717 40
CPU5 44.938807 174678 sgemm sgemm CUDA0 0.063389 174718 40
CPU4 44.952901 174679 sgemm sgemm CUDA1 1.079554 174719 40
CPU16 44.811720 174680 sgemm sgemm CUDA0 1.261659 174720 40
CPU15 44.782387 174681 sgemm sgemm CUDA0 1.319437 174721 40
CPU8 44.794331 174682 sgemm sgemm CUDA2 0.040326 174722 40
CPU10 45.681821 174683 sgemm sgemm CUDA1 1.075446 174723 40
CPU1 45.041128 174684 sgemm sgemm CUDA3 1.243501 174724 40
CPU9 44.831693 174685 sgemm sgemm CUDA1 1.074171 174725 40
CPU10 45.228148 174686 sgemm sgemm CUDA0 1.084290 174726 40
CPU15 44.921085 174687 sgemm sgemm CUDA2 1.064804 174727 40
CPU17 44.878598 174688 sgemm sgemm CUDA0 0.052045 174728 40
CPU9 24.491719 174689 ssyrk ssyrk CPU12 227.607216 174729 40
CPU4 44.622258 174690 sgemm sgemm CUDA1 1.074710 174730 40
CPU5 44.505689 174691 sgemm sgemm CUDA2 12.345890 174731 40
CPU2 44.521165 174692 sgemm sgemm CUDA0 0.043918 174732 40
CPU7 44.757875 174693 sgemm sgemm CUDA1 1.192758 174733 40
CPU2 44.759325 174694 sgemm sgemm CUDA1 1.060705 174734 40
CPU8 44.937712 174695 sgemm sgemm CUDA1 1.212092 174735 40
CPU3 44.912805 174696 sgemm sgemm CUDA2 1.076613 174736 40
CPU1 44.621126 174697 sgemm sgemm CUDA1 1.211142 174737 40
CPU0 45.115221 174698 sgemm sgemm CUDA2 1.085727 174738 40
CPU8 44.578766 174699 sgemm sgemm CUDA0 1.366449 174739 40
CPU7 44.773197 174700 sgemm sgemm CUDA2 0.047084 174740 40
CPU2 44.462478 174701 sgemm sgemm CUDA0 1.206003 174741 40
CPU2 44.780261 174702 sgemm sgemm CUDA2 1.324892 174742 40
CPU6 44.981212 174703 sgemm sgemm CUDA3 12.998751 174743 40
CPU19 25.149045 174704 ssyrk ssyrk CPU26 132.289365 174744 40
CPU7 44.733580 174705 sgemm sgemm CUDA3 1.302170 174745 40
CPU4 44.875250 174706 sgemm sgemm CUDA1 1.213082 174746 40
CPU1 44.547016 174707 sgemm sgemm CPU11 168.529684 174747 40
CPU2 44.686532 174708 sgemm sgemm CUDA1 1.186058 174748 40
CPU0 45.174780 174709 sgemm sgemm CUDA1 1.065923 174749 40
CPU1 44.553488 174710 sgemm sgemm CUDA3 1.196650 174750 40
CPU2 44.517089 174711 sgemm sgemm CUDA0 1.067401 174751 40
CPU3 44.507656 174712 sgemm sgemm CUDA1 12.115883 174752 40
CPU4 45.031182 174713 sgemm sgemm CPU30 243.265122 174753 40
CPU1 44.798272 174714 sgemm sgemm CUDA2 1.208947 174754 40
CPU4 44.833378 174715 sgemm sgemm CUDA2 1.080904 174755 40
CPU4 45.086747 174716 sgemm sgemm CUDA2 1.066955 174756 40
CPU0 45.290425 174717 sgemm sgemm CUDA0 12.718882 174757 40
CPU7 25.099655 174718 ssyrk ssyrk CPU19 191.884020 174758 40
CPU8 44.612087 174719 sgemm sgemm CUDA1 1.065574 174759 40
CPU1 44.573628 174720 sgemm sgemm CUDA0 0.174801 174760 40
CPU0 45.041100 174721 sgemm sgemm CUDA1 1.293671 174761 40
CPU8 44.660756 174722 sgemm sgemm CPU25 190.194491 174762 40
CPU8 44.512041 174723 sgemm sgemm CPU -1 174763 40
CPU8 44.542907 174724 sgemm sgemm CUDA1 1.067300 174764 40
CPU7 44.839393 174725 sgemm sgemm CUDA3 1.196608 174765 40
CPU7 44.820437 174726 sgemm sgemm CUDA2 1.064872 174766 40
CPU8 44.517059 174727 sgemm sgemm CUDA0 1.065263 174767 40
CPU5 44.598783 174728 sgemm sgemm CUDA0 1.086461 174768 40
CPU9 45.010505 174729 sgemm sgemm CUDA2 0.068464 174769 40
CPU5 44.834291 174730 sgemm sgemm CUDA2 1.068573 174770 40
CPU19 25.406643 174731 ssyrk ssyrk CPU30 137.822062 174771 40
CPU17 45.258997 174732 sgemm sgemm CUDA3 1.102255 174772 40
CPU10 45.356628 174733 sgemm sgemm CPU33 178.864981 174773 40
CPU18 44.748150 174734 sgemm sgemm CUDA1 1.204355 174774 40
CPU18 45.061828 174735 sgemm sgemm CUDA0 0.047661 174775 40
CPU18 44.853930 174736 sgemm sgemm CUDA3 24.488281 174776 40
CPU18 45.186722 174737 sgemm sgemm CUDA3 0.034548 174777 40
CPU18 44.917487 174738 sgemm sgemm CUDA3 12.470602 174778 40
CPU17 45.319044 174739 sgemm sgemm CUDA0 1.074149 174779 40
CPU19 45.513529 174740 sgemm sgemm CUDA0 1.364086 174780 40
CPU18 44.973159 174741 sgemm sgemm CUDA3 0.034018 174781 40
CPU17 45.137096 174742 sgemm sgemm CUDA2 1.147672 174782 40
CPU0 24.788795 174743 ssyrk ssyrk CPU -1 174783 40
CPU6 44.724882 174744 sgemm sgemm CUDA2 1.070668 174784 40
CPU2 44.757242 174745 sgemm sgemm CUDA3 1.290467 174785 40
CPU3 44.662668 174746 sgemm sgemm CUDA0 1.391880 174786 40
CPU9 44.604587 174747 sgemm sgemm CUDA2 1.082448 174787 40
CPU5 44.518427 174748 sgemm sgemm CUDA3 1.261142 174788 40
CPU0 45.138676 174749 sgemm sgemm CUDA2 1.210506 174789 40
CPU3 44.452101 174750 sgemm sgemm CUDA2 1.064825 174790 40
CPU1 44.708535 174751 sgemm sgemm CUDA2 1.064950 174791 40
CPU9 44.818402 174752 sgemm sgemm CUDA0 1.212668 174792 40
CPU2 45.015151 174753 sgemm sgemm CUDA1 0.906749 174793 40
CPU9 24.620164 174754 ssyrk ssyrk CPU -1 174794 40
CPU4 44.875605 174755 sgemm sgemm CUDA0 1.202180 174795 40
CPU11 44.920904 174756 sgemm sgemm CUDA0 1.067361 174796 40
CPU4 44.821709 174757 sgemm sgemm CUDA2 12.217648 174797 40
CPU15 45.163055 174758 sgemm sgemm CUDA1 1.126892 174798 40
CPU16 44.999182 174759 sgemm sgemm CUDA0 1.065975 174799 40
CPU0 44.784453 174760 sgemm sgemm CUDA0 12.332626 174800 40
CPU19 45.231675 174761 sgemm sgemm CUDA1 1.195060 174801 40
CPU4 45.348534 174762 sgemm sgemm CUDA0 1.311892 174802 40
CPU8 44.755479 174763 sgemm sgemm CUDA2 0.092512 174803 40
CPU12 24.993362 174764 ssyrk ssyrk CPU10 147.553372 174804 40
CPU12 45.536710 174765 sgemm sgemm CUDA0 0.167508 174805 40
CPU11 45.021201 174766 sgemm sgemm CUDA1 12.456919 174806 40
CPU0 44.936052 174767 sgemm sgemm CUDA2 1.208845 174807 40
CPU5 44.741987 174768 sgemm sgemm CUDA1 0.048857 174808 40
CPU14 44.981723 174769 sgemm sgemm CUDA1 1.303933 174809 40
CPU11 45.125263 174770 sgemm sgemm CUDA0 6.020820 174810 40
CPU18 44.923690 174771 sgemm sgemm CUDA1 1.066915 174811 40
CPU4 45.310164 174772 sgemm sgemm CUDA3 1.312900 174812 40
CPU10 25.017795 174773 ssyrk ssyrk CPU12 96.734848 174813 40
CPU16 45.176519 174774 sgemm sgemm CUDA1 1.064794 174814 40
CPU7 44.908824 174775 sgemm sgemm CUDA0 1.082118 174815 40
CPU3 44.601338 174776 sgemm sgemm CUDA1 1.205963 174816 40
CPU0 44.959385 174777 sgemm sgemm CUDA1 0.077532 174817 40
CPU3 44.921020 174778 sgemm sgemm CUDA0 1.082605 174818 40
CPU11 44.633336 174779 sgemm sgemm CUDA0 1.077786 174819 40
CPU18 44.801618 174780 sgemm sgemm CUDA2 1.148298 174820 40
CPU4 24.838665 174781 ssyrk ssyrk CPU -1 174821 40
CPU8 44.648264 174782 sgemm sgemm CUDA0 21.352898 174822 40
CPU18 45.295627 174783 sgemm sgemm CUDA1 1.078704 174823 40
CPU6 44.735392 174784 sgemm sgemm CUDA1 1.275427 174824 40
CPU5 44.609225 174785 sgemm sgemm CUDA0 1.193467 174825 40
CPU15 44.838804 174786 sgemm sgemm CUDA1 1.072918 174826 40
CPU3 44.611433 174787 sgemm sgemm CUDA2 1.064545 174827 40
CPU18 24.824894 174788 ssyrk ssyrk CPU30 72.778312 174828 40
CPU16 44.807627 174789 sgemm sgemm CUDA2 0.051541 174829 40
CPU11 44.747709 174790 sgemm sgemm CPU -1 174830 40
CPU7 44.678519 174791 sgemm sgemm CUDA0 1.209975 174831 40
CPU4 44.815825 174792 sgemm sgemm CUDA0 1.206817 174832 40
CPU8 43.890570 174793 sgemm sgemm CUDA3 1.064716 174833 40
CPU13 25.001638 174794 ssyrk ssyrk CPU10 100.302443 174834 40
CPU17 44.730413 174795 sgemm sgemm CUDA2 1.309116 174835 40
CPU13 44.480731 174796 sgemm sgemm CUDA2 1.067464 174836 40
CPU17 44.355454 174797 sgemm sgemm CUDA1 1.193460 174837 40
CPU2 43.349868 174798 sgemm sgemm CUDA0 1.138107 174838 40
CPU5 24.385809 174799 ssyrk ssyrk CPU13 155.997070 174839 40
CPU16 44.618605 174800 sgemm sgemm CUDA0 1.214505 174840 40
CPU11 44.401755 174801 sgemm sgemm CUDA2 1.210992 174841 40
CPU3 43.542724 174802 sgemm sgemm CUDA2 0.045252 174842 40
CPU6 24.884552 174803 ssyrk ssyrk CPU -1 174843 40
CPU12 44.371510 174804 sgemm sgemm CUDA1 1.204483 174844 40
CPU16 43.809324 174805 sgemm sgemm CUDA2 1.140930 174845 40
CPU14 24.319698 174806 ssyrk ssyrk CPU -1 174846 40
CPU10 43.553961 174807 sgemm sgemm CUDA2 1.205947 174847 40
CPU13 23.982051 174808 ssyrk ssyrk CUDA0 0.966831 174848 40
CPU2 30.327452 174811 strmm strmm CUDA1 14.783117 174851 40
CPU16 31.059925 174815 strmm strmm CUDA0 4.226747 174855 40
CPU15 30.717647 174819 strmm strmm CUDA2 4.287080 174859 40
CPU14 29.900097 174823 strmm strmm CUDA2 15.049031 174863 40
CPU5 29.678469 174827 strmm strmm CUDA1 4.292109 174867 40
CPU10 31.372965 174831 strmm strmm CUDA1 0.032062 174871 40
CPU14 30.691645 174835 strmm strmm CUDA0 0.029617 174875 40
CPU6 29.999332 174839 strmm strmm CUDA2 13.016583 174879 40
CPU8 29.771949 174843 strmm strmm CUDA2 0.030544 174883 40
CPU0 30.073424 174847 strmm strmm CUDA0 15.802171 174887 40
CPU4 31.245046 174851 strmm strmm CUDA1 0.040097 174891 40
CPU7 31.046511 174855 strmm strmm CUDA1 13.994467 174895 40
CPU16 30.424998 174859 strmm strmm CUDA0 4.222762 174899 40
CPU0 29.982899 174863 strmm strmm CUDA0 4.542229 174903 40
CPU15 31.196857 174867 strmm strmm CUDA1 4.294517 174907 40
CPU17 30.482551 174871 strmm strmm CUDA2 0.038363 174911 40
CPU18 30.266227 174875 strmm strmm CUDA1 4.290114 174915 40
CPU8 29.507883 174879 strmm strmm CUDA1 4.641645 174919 40
CPU9 29.564039 174883 strmm strmm CUDA2 13.807881 174923 40
CPU14 30.157871 174887 strmm strmm CUDA1 4.410442 174927 40
CPU5 29.724271 174891 strmm strmm CUDA2 0.029558 174931 40
CPU5 29.688567 174895 strmm strmm CUDA1 4.294086 174935 40
CPU15 31.086666 174899 strmm strmm CUDA2 4.505710 174939 40
CPU13 30.839300 174903 strmm strmm CUDA3 0.011556 174943 40
CPU2 29.664154 174907 strmm strmm CUDA0 4.566753 174947 40
CPU17 31.615292 174911 strmm strmm CUDA0 4.522126 174951 40
CPU14 31.299213 174915 strmm strmm CUDA2 4.230508 174955 40
CPU5 29.468479 174919 strmm strmm CUDA2 4.283203 174959 40
CPU12 32.060766 174923 strmm strmm CUDA0 11.960064 174963 40
CPU7 29.809445 174927 strmm strmm CUDA3 4.294483 174967 40
CPU8 30.589806 174931 strmm strmm CUDA1 4.191211 174971 40
CPU10 30.958637 174935 strmm strmm CUDA1 4.234227 174975 40
CPU19 31.590868 174939 strmm strmm CUDA2 4.485117 174979 40
CPU17 30.548929 174943 strmm strmm CUDA1 15.361361 174983 40
CPU6 30.160228 174947 strmm strmm CUDA0 13.936700 174987 40
CPU0 30.388215 174951 strmm strmm CUDA2 4.290878 174991 40
CPU5 29.802876 174955 strmm strmm CUDA0 4.361738 174995 40
CPU17 31.461209 174959 strmm strmm CUDA1 4.598725 174999 40
CPU2 29.689871 174963 strmm strmm CUDA3 4.177383 175003 40
CPU5 29.982414 174967 strmm strmm CUDA0 4.231099 175007 40
CPU4 30.943367 174971 strmm strmm CUDA3 4.179942 175011 40
CPU5 29.124243 174975 strmm strmm CUDA0 3.494033 175015 40
CPU14 29.028220 174979 strmm strmm CUDA2 4.536429 175019 40
CPU4 27.716833 174983 strmm strmm CUDA1 4.292977 175023 40
CPU6 28.296672 174987 strmm strmm CUDA3 12.930305 175027 40
CPU5 27.862034 174991 strmm strmm CUDA1 4.232554 175031 40
CPU15 27.295069 174995 strmm strmm CUDA2 4.532839 175035 40
CPU2 28.392976 174999 strmm strmm CUDA2 15.085605 175039 40
CPU12 27.436742 175003 strmm strmm CUDA1 4.569030 175043 40
CPU3 11.826283 175007 slauum slauum CPU -1 175047 40
